[GPU 4][JOB 101] 'python cli.py bsgd --n 1024 --lengthscale 0.5 --sigma-f2-true 4.0 --sigma-eps2-true 1.0 --n-epochs 200 --device auto --theta-min 1e-4 --theta-max 20.0 --print-every 1 --seed 0 --batch-size 512 --sigma-f2-init 5.0 --sigma-eps2-init 3.0 --alpha1 9.0 '

=== BSGD (biased SGD on exact kernel) ===
iter	epoch	σ_f²	σ_ε²	real_nlml	real_nlml_true	real_nlml_abs_err	mini_nlml	||grad||	duration_s	wall_time_s
   1	 1	 4.4250	 2.1440	   1.6216	        1.5195	          0.1021	   1.6923	1.153e-01	   0.251	     0.393
   2	 1	 4.1202	 1.5959	   1.5593	        1.5195	          0.0398	   1.5751	1.057e-01	   0.069	     1.215
   3	 2	 3.9610	 1.2210	   1.5259	        1.5195	          0.0064	   1.5238	6.135e-02	   0.080	     1.989
   4	 2	 3.9055	 1.1558	   1.5224	        1.5195	          0.0029	   1.6162	4.534e-02	   0.078	     2.816
   5	 3	 3.8918	 1.0482	   1.5193	        1.5195	          0.0002	   1.5521	8.807e-03	   0.087	     3.694
   6	 3	 3.8351	 1.0702	   1.5195	        1.5195	          0.0000	   1.5948	1.750e-02	   0.078	     4.538
   7	 4	 3.7851	 1.0199	   1.5191	        1.5195	          0.0004	   1.5452	3.696e-03	   0.076	     5.366
   8	 4	 3.7980	 1.0526	   1.5193	        1.5195	          0.0002	   1.5976	1.058e-02	   0.076	     6.229
   9	 5	 3.8006	 1.0543	   1.5193	        1.5195	          0.0002	   1.5848	1.125e-02	   0.081	     7.111
  10	 5	 3.7744	 1.0218	   1.5191	        1.5195	          0.0004	   1.5418	2.868e-03	   0.071	     7.966
  11	 6	 3.8061	 1.0083	   1.5192	        1.5195	          0.0003	   1.5525	9.128e-03	   0.067	     8.834
  12	 6	 3.7600	 1.0260	   1.5191	        1.5195	          0.0004	   1.5844	1.124e-03	   0.076	     9.693
  13	 7	 3.7506	 1.0195	   1.5191	        1.5195	          0.0004	   1.5604	3.867e-03	   0.071	    10.565
  14	 7	 3.7331	 1.0344	   1.5191	        1.5195	          0.0004	   1.5863	2.957e-03	   0.072	    11.424
  15	 8	 3.7519	 1.0371	   1.5191	        1.5195	          0.0004	   1.5813	4.120e-03	   0.076	    12.278
  16	 8	 3.7225	 1.0321	   1.5191	        1.5195	          0.0004	   1.5643	1.973e-03	   0.079	    13.140
  17	 9	 3.7163	 1.0356	   1.5191	        1.5195	          0.0004	   1.5773	3.467e-03	   0.081	    13.997
  18	 9	 3.7264	 1.0152	   1.5191	        1.5195	          0.0004	   1.5380	5.888e-03	   0.080	    14.846
  19	10	 3.7334	 1.0293	   1.5191	        1.5195	          0.0004	   1.5990	9.351e-04	   0.073	    15.700
  20	10	 3.7219	 1.0143	   1.5191	        1.5195	          0.0004	   1.5327	6.283e-03	   0.082	    16.572
  21	11	 3.7052	 1.0300	   1.5191	        1.5195	          0.0004	   1.5986	1.115e-03	   0.073	    17.447
  22	11	 3.7089	 1.0197	   1.5191	        1.5195	          0.0004	   1.5457	3.797e-03	   0.081	    18.325
  23	12	 3.7007	 1.0216	   1.5191	        1.5195	          0.0004	   1.5741	2.943e-03	   0.079	    19.181
  24	12	 3.6946	 1.0262	   1.5191	        1.5195	          0.0004	   1.5775	1.002e-03	   0.086	    20.072
  25	13	 3.6806	 1.0302	   1.5191	        1.5195	          0.0004	   1.5790	1.184e-03	   0.077	    21.000
  26	13	 3.6791	 1.0293	   1.5191	        1.5195	          0.0004	   1.5691	8.588e-04	   0.082	    21.891
  27	14	 3.6822	 1.0284	   1.5191	        1.5195	          0.0004	   1.5695	6.418e-04	   0.070	    22.781
  28	14	 3.6717	 1.0302	   1.5191	        1.5195	          0.0004	   1.5754	1.168e-03	   0.077	    23.642
  29	15	 3.6775	 1.0352	   1.5191	        1.5195	          0.0004	   1.5930	3.273e-03	   0.080	    24.497
  30	15	 3.6674	 1.0313	   1.5191	        1.5195	          0.0004	   1.5572	1.615e-03	   0.073	    25.348
  31	16	 3.6693	 1.0408	   1.5191	        1.5195	          0.0004	   1.6052	5.650e-03	   0.078	    26.215
  32	16	 3.6584	 1.0306	   1.5190	        1.5195	          0.0005	   1.5360	1.301e-03	   0.077	    27.067
  33	17	 3.6557	 1.0321	   1.5190	        1.5195	          0.0005	   1.5795	1.938e-03	   0.088	    27.939
  34	17	 3.6658	 1.0267	   1.5190	        1.5195	          0.0005	   1.5554	8.310e-04	   0.079	    28.796
  35	18	 3.6683	 1.0286	   1.5190	        1.5195	          0.0004	   1.5830	6.548e-04	   0.077	    29.649
  36	18	 3.6605	 1.0232	   1.5190	        1.5195	          0.0004	   1.5425	2.208e-03	   0.076	    30.506
  37	19	 3.6629	 1.0170	   1.5191	        1.5195	          0.0004	   1.5454	5.038e-03	   0.081	    31.390
  38	19	 3.6588	 1.0232	   1.5190	        1.5195	          0.0004	   1.5915	2.247e-03	   0.073	    32.266
  39	20	 3.6574	 1.0268	   1.5190	        1.5195	          0.0005	   1.5874	7.759e-04	   0.068	    33.119
  40	20	 3.6554	 1.0248	   1.5190	        1.5195	          0.0005	   1.5590	1.556e-03	   0.073	    33.971
  41	21	 3.6654	 1.0297	   1.5190	        1.5195	          0.0005	   1.5961	9.865e-04	   0.078	    34.826
  42	21	 3.6552	 1.0223	   1.5190	        1.5195	          0.0004	   1.5331	2.620e-03	   0.074	    35.684
  43	22	 3.6561	 1.0211	   1.5191	        1.5195	          0.0004	   1.5613	3.165e-03	   0.077	    36.541
  44	22	 3.6498	 1.0236	   1.5190	        1.5195	          0.0005	   1.5796	2.041e-03	   0.078	    37.402
  45	23	 3.6529	 1.0232	   1.5190	        1.5195	          0.0005	   1.5674	2.241e-03	   0.083	    38.281
  46	23	 3.6505	 1.0245	   1.5190	        1.5195	          0.0005	   1.5769	1.679e-03	   0.081	    39.154
  47	24	 3.6555	 1.0211	   1.5191	        1.5195	          0.0004	   1.5566	3.165e-03	   0.076	    40.010
  48	24	 3.6516	 1.0240	   1.5190	        1.5195	          0.0005	   1.5808	1.875e-03	   0.091	    40.907
  49	25	 3.6502	 1.0261	   1.5190	        1.5195	          0.0005	   1.5822	1.010e-03	   0.077	    41.819
  50	25	 3.6537	 1.0223	   1.5190	        1.5195	          0.0005	   1.5493	2.620e-03	   0.088	    42.799
  51	26	 3.6476	 1.0141	   1.5191	        1.5195	          0.0004	   1.5231	6.382e-03	   0.078	    43.725
  52	26	 3.6534	 1.0206	   1.5191	        1.5195	          0.0004	   1.6009	3.388e-03	   0.080	    44.607
  53	27	 3.6535	 1.0226	   1.5190	        1.5195	          0.0005	   1.5788	2.474e-03	   0.065	    45.465
  54	27	 3.6505	 1.0218	   1.5190	        1.5195	          0.0005	   1.5632	2.831e-03	   0.073	    46.319
  55	28	 3.6494	 1.0198	   1.5191	        1.5195	          0.0004	   1.5552	3.741e-03	   0.073	    47.180
  56	28	 3.6516	 1.0229	   1.5190	        1.5195	          0.0005	   1.5902	2.371e-03	   0.074	    48.037
  57	29	 3.6501	 1.0195	   1.5191	        1.5195	          0.0004	   1.5459	3.917e-03	   0.079	    48.893
  58	29	 3.6484	 1.0226	   1.5190	        1.5195	          0.0005	   1.5880	2.476e-03	   0.075	    49.766
  59	30	 3.6444	 1.0239	   1.5190	        1.5195	          0.0005	   1.5704	1.937e-03	   0.077	    50.630
  60	30	 3.6468	 1.0226	   1.5190	        1.5195	          0.0005	   1.5655	2.494e-03	   0.073	    51.477
  61	31	 3.6390	 1.0218	   1.5190	        1.5195	          0.0005	   1.5583	2.847e-03	   0.088	    52.350
  62	31	 3.6435	 1.0234	   1.5190	        1.5195	          0.0005	   1.5824	2.134e-03	   0.088	    53.220
  63	32	 3.6406	 1.0229	   1.5190	        1.5195	          0.0005	   1.5625	2.378e-03	   0.079	    54.090
  64	32	 3.6394	 1.0253	   1.5190	        1.5195	          0.0005	   1.5862	1.326e-03	   0.074	    54.944
  65	33	 3.6362	 1.0237	   1.5190	        1.5195	          0.0005	   1.5549	1.992e-03	   0.081	    55.807
  66	33	 3.6380	 1.0265	   1.5190	        1.5195	          0.0005	   1.5938	8.732e-04	   0.070	    56.658
  67	34	 3.6390	 1.0256	   1.5190	        1.5195	          0.0005	   1.5648	1.202e-03	   0.067	    57.508
  68	34	 3.6399	 1.0265	   1.5190	        1.5195	          0.0005	   1.5776	8.711e-04	   0.078	    58.364
  69	35	 3.6387	 1.0336	   1.5190	        1.5195	          0.0005	   1.6294	2.543e-03	   0.081	    59.223
  70	35	 3.6371	 1.0276	   1.5190	        1.5195	          0.0005	   1.5205	5.697e-04	   0.074	    60.118
  71	36	 3.6389	 1.0273	   1.5190	        1.5195	          0.0005	   1.5713	6.165e-04	   0.074	    60.987
  72	36	 3.6373	 1.0274	   1.5190	        1.5195	          0.0005	   1.5702	5.957e-04	   0.081	    61.856
  73	37	 3.6363	 1.0255	   1.5190	        1.5195	          0.0005	   1.5498	1.259e-03	   0.078	    62.763
  74	37	 3.6346	 1.0287	   1.5190	        1.5195	          0.0005	   1.5988	6.347e-04	   0.080	    63.653
  75	38	 3.6342	 1.0310	   1.5190	        1.5195	          0.0005	   1.5913	1.449e-03	   0.085	    64.570
  76	38	 3.6330	 1.0297	   1.5190	        1.5195	          0.0005	   1.5601	9.198e-04	   0.081	    65.457
  77	39	 3.6299	 1.0272	   1.5190	        1.5195	          0.0005	   1.5443	6.461e-04	   0.072	    66.306
  78	39	 3.6328	 1.0293	   1.5190	        1.5195	          0.0005	   1.5962	7.870e-04	   0.079	    67.166
  79	40	 3.6335	 1.0300	   1.5190	        1.5195	          0.0005	   1.5809	1.047e-03	   0.075	    68.019
  80	40	 3.6325	 1.0297	   1.5190	        1.5195	          0.0005	   1.5673	9.372e-04	   0.075	    68.868
  81	41	 3.6347	 1.0309	   1.5190	        1.5195	          0.0005	   1.5851	1.394e-03	   0.070	    69.722
  82	41	 3.6327	 1.0283	   1.5190	        1.5195	          0.0005	   1.5448	5.534e-04	   0.081	    70.590
  83	42	 3.6322	 1.0279	   1.5190	        1.5195	          0.0005	   1.5686	5.355e-04	   0.073	    71.463
  84	42	 3.6309	 1.0279	   1.5190	        1.5195	          0.0005	   1.5700	5.334e-04	   0.077	    72.320
  85	43	 3.6341	 1.0263	   1.5190	        1.5195	          0.0005	   1.5583	9.200e-04	   0.082	    73.175
  86	43	 3.6314	 1.0271	   1.5190	        1.5195	          0.0005	   1.5768	6.595e-04	   0.072	    74.044
  87	44	 3.6322	 1.0278	   1.5190	        1.5195	          0.0005	   1.5774	5.432e-04	   0.078	    74.926
  88	44	 3.6308	 1.0269	   1.5190	        1.5195	          0.0005	   1.5609	7.075e-04	   0.077	    75.779
  89	45	 3.6346	 1.0302	   1.5190	        1.5195	          0.0005	   1.6119	1.110e-03	   0.087	    76.642
  90	45	 3.6298	 1.0259	   1.5190	        1.5195	          0.0005	   1.5194	1.059e-03	   0.079	    77.495
  91	46	 3.6310	 1.0275	   1.5190	        1.5195	          0.0005	   1.5894	5.829e-04	   0.076	    78.344
  92	46	 3.6282	 1.0266	   1.5190	        1.5195	          0.0005	   1.5574	8.292e-04	   0.073	    79.201
  93	47	 3.6279	 1.0274	   1.5190	        1.5195	          0.0005	   1.5759	5.840e-04	   0.075	    80.057
  94	47	 3.6281	 1.0253	   1.5190	        1.5195	          0.0005	   1.5518	1.320e-03	   0.074	    80.929
  95	48	 3.6321	 1.0219	   1.5190	        1.5195	          0.0005	   1.5344	2.828e-03	   0.073	    81.810
  96	48	 3.6288	 1.0238	   1.5190	        1.5195	          0.0005	   1.5890	1.944e-03	   0.083	    82.723
  97	49	 3.6268	 1.0247	   1.5190	        1.5195	          0.0005	   1.5743	1.556e-03	   0.089	    83.612
  98	49	 3.6290	 1.0240	   1.5190	        1.5195	          0.0005	   1.5662	1.883e-03	   0.086	    84.575
  99	50	 3.6331	 1.0231	   1.5190	        1.5195	          0.0005	   1.5611	2.279e-03	   0.086	    85.542
 100	50	 3.6284	 1.0230	   1.5190	        1.5195	          0.0005	   1.5643	2.318e-03	   0.076	    86.452
 101	51	 3.6280	 1.0255	   1.5190	        1.5195	          0.0005	   1.5981	1.248e-03	   0.082	    87.307
 102	51	 3.6272	 1.0233	   1.5190	        1.5195	          0.0005	   1.5430	2.199e-03	   0.079	    88.159
 103	52	 3.6256	 1.0225	   1.5190	        1.5195	          0.0005	   1.5572	2.559e-03	   0.082	    89.057
 104	52	 3.6253	 1.0233	   1.5190	        1.5195	          0.0005	   1.5789	2.175e-03	   0.085	    89.965
 105	53	 3.6230	 1.0206	   1.5190	        1.5195	          0.0005	   1.5329	3.406e-03	   0.072	    90.858
 106	53	 3.6249	 1.0237	   1.5190	        1.5195	          0.0005	   1.6102	2.012e-03	   0.074	    91.722
 107	54	 3.6259	 1.0269	   1.5190	        1.5195	          0.0005	   1.6066	7.298e-04	   0.073	    92.593
 108	54	 3.6250	 1.0236	   1.5190	        1.5195	          0.0005	   1.5320	2.043e-03	   0.080	    93.448
 109	55	 3.6257	 1.0241	   1.5190	        1.5195	          0.0005	   1.5744	1.817e-03	   0.070	    94.305
 110	55	 3.6228	 1.0236	   1.5190	        1.5195	          0.0005	   1.5620	2.030e-03	   0.080	    95.173
 111	56	 3.6196	 1.0235	   1.5190	        1.5195	          0.0005	   1.5626	2.110e-03	   0.075	    96.048
 112	56	 3.6217	 1.0232	   1.5190	        1.5195	          0.0005	   1.5680	2.210e-03	   0.078	    96.926
 113	57	 3.6210	 1.0293	   1.5190	        1.5195	          0.0005	   1.6490	7.701e-04	   0.075	    97.774
 114	57	 3.6208	 1.0244	   1.5190	        1.5195	          0.0005	   1.5048	1.685e-03	   0.073	    98.622
 115	58	 3.6208	 1.0224	   1.5190	        1.5195	          0.0005	   1.5440	2.571e-03	   0.082	    99.488
 116	58	 3.6191	 1.0257	   1.5190	        1.5195	          0.0005	   1.6091	1.145e-03	   0.078	   100.344
 117	59	 3.6193	 1.0261	   1.5190	        1.5195	          0.0005	   1.5745	9.926e-04	   0.083	   101.204
 118	59	 3.6191	 1.0255	   1.5190	        1.5195	          0.0005	   1.5634	1.233e-03	   0.081	   102.056
 119	60	 3.6187	 1.0285	   1.5190	        1.5195	          0.0005	   1.6052	5.588e-04	   0.075	   102.942
 120	60	 3.6187	 1.0263	   1.5190	        1.5195	          0.0005	   1.5452	9.169e-04	   0.074	   103.848
 121	61	 3.6195	 1.0256	   1.5190	        1.5195	          0.0005	   1.5590	1.194e-03	   0.075	   104.708
 122	61	 3.6171	 1.0263	   1.5190	        1.5195	          0.0005	   1.5784	9.194e-04	   0.082	   105.598
 123	62	 3.6163	 1.0267	   1.5190	        1.5195	          0.0005	   1.5682	7.814e-04	   0.076	   106.524
 124	62	 3.6175	 1.0261	   1.5190	        1.5195	          0.0005	   1.5700	9.940e-04	   0.077	   107.411
 125	63	 3.6173	 1.0258	   1.5190	        1.5195	          0.0005	   1.5654	1.110e-03	   0.080	   108.283
 126	63	 3.6171	 1.0258	   1.5190	        1.5195	          0.0005	   1.5703	1.129e-03	   0.072	   109.137
 127	64	 3.6134	 1.0252	   1.5190	        1.5195	          0.0005	   1.5553	1.354e-03	   0.077	   109.989
 128	64	 3.6157	 1.0258	   1.5190	        1.5195	          0.0005	   1.5844	1.104e-03	   0.080	   110.849
 129	65	 3.6137	 1.0253	   1.5190	        1.5195	          0.0005	   1.5552	1.326e-03	   0.085	   111.708
 130	65	 3.6140	 1.0254	   1.5190	        1.5195	          0.0005	   1.5770	1.284e-03	   0.077	   112.559
 131	66	 3.6175	 1.0264	   1.5190	        1.5195	          0.0005	   1.5906	8.984e-04	   0.080	   113.418
 132	66	 3.6140	 1.0239	   1.5190	        1.5195	          0.0005	   1.5285	1.907e-03	   0.080	   114.296
 133	67	 3.6139	 1.0257	   1.5190	        1.5195	          0.0005	   1.5913	1.155e-03	   0.065	   115.142
 134	67	 3.6139	 1.0244	   1.5190	        1.5195	          0.0005	   1.5537	1.710e-03	   0.073	   115.999
 135	68	 3.6133	 1.0232	   1.5190	        1.5195	          0.0005	   1.5478	2.224e-03	   0.076	   116.876
 136	68	 3.6155	 1.0239	   1.5190	        1.5195	          0.0005	   1.5869	1.902e-03	   0.081	   117.757
 137	69	 3.6153	 1.0219	   1.5190	        1.5195	          0.0005	   1.5403	2.789e-03	   0.069	   118.611
 138	69	 3.6146	 1.0238	   1.5190	        1.5195	          0.0005	   1.5934	1.979e-03	   0.078	   119.469
 139	70	 3.6136	 1.0219	   1.5190	        1.5195	          0.0005	   1.5400	2.795e-03	   0.074	   120.330
 140	70	 3.6150	 1.0240	   1.5190	        1.5195	          0.0005	   1.6018	1.870e-03	   0.076	   121.181
 141	71	 3.6148	 1.0234	   1.5190	        1.5195	          0.0005	   1.5603	2.124e-03	   0.079	   122.031
 142	71	 3.6133	 1.0230	   1.5190	        1.5195	          0.0005	   1.5605	2.301e-03	   0.076	   122.885
 143	72	 3.6132	 1.0218	   1.5190	        1.5195	          0.0005	   1.5460	2.861e-03	   0.088	   123.801
 144	72	 3.6133	 1.0233	   1.5190	        1.5195	          0.0005	   1.5940	2.188e-03	   0.075	   124.701
 145	73	 3.6140	 1.0232	   1.5190	        1.5195	          0.0005	   1.5709	2.227e-03	   0.093	   125.628
 146	73	 3.6149	 1.0229	   1.5190	        1.5195	          0.0005	   1.5635	2.340e-03	   0.079	   126.556
 147	74	 3.6155	 1.0230	   1.5190	        1.5195	          0.0005	   1.5694	2.329e-03	   0.078	   127.466
 148	74	 3.6153	 1.0226	   1.5190	        1.5195	          0.0005	   1.5647	2.495e-03	   0.082	   128.374
 149	75	 3.6155	 1.0218	   1.5190	        1.5195	          0.0005	   1.5538	2.851e-03	   0.078	   129.255
 150	75	 3.6156	 1.0232	   1.5190	        1.5195	          0.0005	   1.5951	2.216e-03	   0.073	   130.113
 151	76	 3.6138	 1.0236	   1.5190	        1.5195	          0.0005	   1.5692	2.067e-03	   0.070	   130.967
 152	76	 3.6140	 1.0233	   1.5190	        1.5195	          0.0005	   1.5658	2.174e-03	   0.077	   131.824
 153	77	 3.6120	 1.0232	   1.5190	        1.5195	          0.0005	   1.5618	2.247e-03	   0.076	   132.677
 154	77	 3.6135	 1.0235	   1.5190	        1.5195	          0.0005	   1.5787	2.073e-03	   0.071	   133.527
 155	78	 3.6129	 1.0212	   1.5190	        1.5195	          0.0005	   1.5297	3.102e-03	   0.080	   134.385
 156	78	 3.6127	 1.0241	   1.5190	        1.5195	          0.0005	   1.6169	1.842e-03	   0.083	   135.274
 157	79	 3.6125	 1.0242	   1.5190	        1.5195	          0.0005	   1.5681	1.790e-03	   0.087	   136.131
 158	79	 3.6123	 1.0250	   1.5190	        1.5195	          0.0005	   1.5839	1.459e-03	   0.077	   136.976
 159	80	 3.6119	 1.0248	   1.5190	        1.5195	          0.0005	   1.5611	1.544e-03	   0.079	   137.839
 160	80	 3.6112	 1.0250	   1.5190	        1.5195	          0.0005	   1.5772	1.442e-03	   0.078	   138.710
 161	81	 3.6115	 1.0271	   1.5190	        1.5195	          0.0005	   1.6082	6.411e-04	   0.068	   139.581
 162	81	 3.6113	 1.0246	   1.5190	        1.5195	          0.0005	   1.5227	1.607e-03	   0.080	   140.446
 163	82	 3.6127	 1.0267	   1.5190	        1.5195	          0.0005	   1.6048	7.761e-04	   0.076	   141.298
 164	82	 3.6119	 1.0248	   1.5190	        1.5195	          0.0005	   1.5387	1.531e-03	   0.079	   142.152
 165	83	 3.6126	 1.0259	   1.5190	        1.5195	          0.0005	   1.5888	1.068e-03	   0.071	   143.008
 166	83	 3.6107	 1.0254	   1.5190	        1.5195	          0.0005	   1.5592	1.287e-03	   0.074	   143.863
 167	84	 3.6092	 1.0241	   1.5190	        1.5195	          0.0005	   1.5455	1.818e-03	   0.080	   144.739
 168	84	 3.6100	 1.0258	   1.5190	        1.5195	          0.0005	   1.6015	1.119e-03	   0.080	   145.646
 169	85	 3.6102	 1.0250	   1.5190	        1.5195	          0.0005	   1.5572	1.428e-03	   0.081	   146.523
 170	85	 3.6113	 1.0248	   1.5190	        1.5195	          0.0005	   1.5678	1.537e-03	   0.075	   147.410
 171	86	 3.6111	 1.0244	   1.5190	        1.5195	          0.0005	   1.5629	1.720e-03	   0.085	   148.300
 172	86	 3.6105	 1.0250	   1.5190	        1.5195	          0.0005	   1.5779	1.425e-03	   0.080	   149.190
 173	87	 3.6106	 1.0249	   1.5190	        1.5195	          0.0005	   1.5682	1.473e-03	   0.078	   150.082
 174	87	 3.6111	 1.0247	   1.5190	        1.5195	          0.0005	   1.5677	1.582e-03	   0.079	   150.948
 175	88	 3.6084	 1.0246	   1.5190	        1.5195	          0.0005	   1.5637	1.620e-03	   0.075	   151.798
 176	88	 3.6090	 1.0252	   1.5190	        1.5195	          0.0005	   1.5809	1.364e-03	   0.075	   152.657
 177	89	 3.6101	 1.0265	   1.5190	        1.5195	          0.0005	   1.5990	8.407e-04	   0.078	   153.519
 178	89	 3.6082	 1.0253	   1.5190	        1.5195	          0.0005	   1.5401	1.334e-03	   0.074	   154.374
 179	90	 3.6075	 1.0281	   1.5190	        1.5195	          0.0005	   1.6271	4.987e-04	   0.068	   155.226
 180	90	 3.6083	 1.0248	   1.5190	        1.5195	          0.0005	   1.5057	1.508e-03	   0.078	   156.081
 181	91	 3.6077	 1.0253	   1.5190	        1.5195	          0.0005	   1.5746	1.297e-03	   0.076	   156.953
 182	91	 3.6074	 1.0250	   1.5190	        1.5195	          0.0005	   1.5670	1.434e-03	   0.076	   157.813
 183	92	 3.6058	 1.0258	   1.5190	        1.5195	          0.0005	   1.5852	1.123e-03	   0.080	   158.670
 184	92	 3.6072	 1.0250	   1.5190	        1.5195	          0.0005	   1.5538	1.453e-03	   0.079	   159.552
 185	93	 3.6068	 1.0226	   1.5190	        1.5195	          0.0005	   1.5176	2.476e-03	   0.089	   160.432
 186	93	 3.6063	 1.0249	   1.5190	        1.5195	          0.0005	   1.6163	1.481e-03	   0.074	   161.278
 187	94	 3.6065	 1.0264	   1.5190	        1.5195	          0.0005	   1.6022	8.662e-04	   0.075	   162.130
 188	94	 3.6056	 1.0250	   1.5190	        1.5195	          0.0005	   1.5375	1.442e-03	   0.082	   162.990
 189	95	 3.6052	 1.0246	   1.5190	        1.5195	          0.0005	   1.5605	1.614e-03	   0.071	   163.843
 190	95	 3.6060	 1.0248	   1.5190	        1.5195	          0.0005	   1.5763	1.518e-03	   0.080	   164.717
 191	96	 3.6066	 1.0239	   1.5190	        1.5195	          0.0005	   1.5540	1.904e-03	   0.081	   165.639
 192	96	 3.6056	 1.0245	   1.5190	        1.5195	          0.0005	   1.5765	1.655e-03	   0.082	   166.575
 193	97	 3.6037	 1.0227	   1.5190	        1.5195	          0.0005	   1.5270	2.450e-03	   0.074	   167.506
 194	97	 3.6050	 1.0247	   1.5190	        1.5195	          0.0005	   1.6138	1.589e-03	   0.077	   168.405
 195	98	 3.6068	 1.0248	   1.5190	        1.5195	          0.0005	   1.5780	1.533e-03	   0.078	   169.295
 196	98	 3.6057	 1.0247	   1.5190	        1.5195	          0.0005	   1.5640	1.567e-03	   0.088	   170.238
 197	99	 3.6055	 1.0250	   1.5190	        1.5195	          0.0005	   1.5737	1.445e-03	   0.090	   171.188
 198	99	 3.6049	 1.0243	   1.5190	        1.5195	          0.0005	   1.5569	1.722e-03	   0.078	   172.095
 199	100	 3.6042	 1.0240	   1.5190	        1.5195	          0.0005	   1.5639	1.875e-03	   0.084	   172.987
 200	100	 3.6047	 1.0245	   1.5190	        1.5195	          0.0005	   1.5784	1.666e-03	   0.070	   173.830
 201	101	 3.6044	 1.0243	   1.5190	        1.5195	          0.0005	   1.5642	1.762e-03	   0.082	   174.691
 202	101	 3.6038	 1.0251	   1.5190	        1.5195	          0.0005	   1.5879	1.390e-03	   0.083	   175.549
 203	102	 3.6035	 1.0261	   1.5190	        1.5195	          0.0005	   1.5920	9.831e-04	   0.072	   176.398
 204	102	 3.6042	 1.0244	   1.5190	        1.5195	          0.0005	   1.5304	1.708e-03	   0.073	   177.254
 205	103	 3.6043	 1.0246	   1.5190	        1.5195	          0.0005	   1.5733	1.631e-03	   0.080	   178.137
 206	103	 3.6045	 1.0246	   1.5190	        1.5195	          0.0005	   1.5725	1.624e-03	   0.071	   178.991
 207	104	 3.6043	 1.0245	   1.5190	        1.5195	          0.0005	   1.5687	1.636e-03	   0.068	   179.841
 208	104	 3.6039	 1.0245	   1.5190	        1.5195	          0.0005	   1.5666	1.664e-03	   0.083	   180.702
 209	105	 3.6042	 1.0242	   1.5190	        1.5195	          0.0005	   1.5598	1.790e-03	   0.079	   181.576
 210	105	 3.6040	 1.0242	   1.5190	        1.5195	          0.0005	   1.5711	1.797e-03	   0.073	   182.458
 211	106	 3.6047	 1.0249	   1.5190	        1.5195	          0.0005	   1.5925	1.467e-03	   0.081	   183.315
 212	106	 3.6040	 1.0242	   1.5190	        1.5195	          0.0005	   1.5491	1.765e-03	   0.078	   184.174
 213	107	 3.6041	 1.0230	   1.5190	        1.5195	          0.0005	   1.5427	2.304e-03	   0.079	   185.026
 214	107	 3.6039	 1.0238	   1.5190	        1.5195	          0.0005	   1.5848	1.952e-03	   0.073	   185.873
 215	108	 3.6034	 1.0240	   1.5190	        1.5195	          0.0005	   1.5756	1.855e-03	   0.080	   186.768
 216	108	 3.6033	 1.0243	   1.5190	        1.5195	          0.0005	   1.5748	1.732e-03	   0.083	   187.634
 217	109	 3.6026	 1.0259	   1.5190	        1.5195	          0.0005	   1.6094	1.060e-03	   0.073	   188.529
 218	109	 3.6043	 1.0241	   1.5190	        1.5195	          0.0005	   1.5290	1.820e-03	   0.077	   189.435
 219	110	 3.6037	 1.0253	   1.5190	        1.5195	          0.0005	   1.5950	1.303e-03	   0.074	   190.287
 220	110	 3.6040	 1.0244	   1.5190	        1.5195	          0.0005	   1.5503	1.704e-03	   0.078	   191.156
 221	111	 3.6028	 1.0245	   1.5190	        1.5195	          0.0005	   1.5677	1.633e-03	   0.076	   192.048
 222	111	 3.6043	 1.0242	   1.5190	        1.5195	          0.0005	   1.5689	1.772e-03	   0.079	   192.945
 223	112	 3.6059	 1.0240	   1.5190	        1.5195	          0.0005	   1.5721	1.869e-03	   0.074	   193.822
 224	112	 3.6041	 1.0245	   1.5190	        1.5195	          0.0005	   1.5738	1.648e-03	   0.077	   194.676
 225	113	 3.6043	 1.0261	   1.5190	        1.5195	          0.0005	   1.6056	1.002e-03	   0.082	   195.531
 226	113	 3.6035	 1.0250	   1.5190	        1.5195	          0.0005	   1.5428	1.455e-03	   0.073	   196.380
 227	114	 3.6048	 1.0248	   1.5190	        1.5195	          0.0005	   1.5701	1.528e-03	   0.079	   197.240
 228	114	 3.6033	 1.0252	   1.5190	        1.5195	          0.0005	   1.5767	1.340e-03	   0.074	   198.089
 229	115	 3.6033	 1.0256	   1.5190	        1.5195	          0.0005	   1.5796	1.192e-03	   0.086	   198.956
 230	115	 3.6034	 1.0251	   1.5190	        1.5195	          0.0005	   1.5554	1.397e-03	   0.079	   199.830
 231	116	 3.6037	 1.0255	   1.5190	        1.5195	          0.0005	   1.5856	1.213e-03	   0.072	   200.679
 232	116	 3.6032	 1.0251	   1.5190	        1.5195	          0.0005	   1.5535	1.378e-03	   0.072	   201.537
 233	117	 3.6032	 1.0251	   1.5190	        1.5195	          0.0005	   1.5662	1.388e-03	   0.074	   202.415
 234	117	 3.6029	 1.0255	   1.5190	        1.5195	          0.0005	   1.5824	1.224e-03	   0.073	   203.287
 235	118	 3.6032	 1.0266	   1.5190	        1.5195	          0.0005	   1.5952	8.133e-04	   0.071	   204.145
 236	118	 3.6022	 1.0256	   1.5190	        1.5195	          0.0005	   1.5445	1.172e-03	   0.079	   205.004
 237	119	 3.6022	 1.0247	   1.5190	        1.5195	          0.0005	   1.5475	1.583e-03	   0.078	   205.860
 238	119	 3.6023	 1.0255	   1.5190	        1.5195	          0.0005	   1.5890	1.213e-03	   0.079	   206.748
 239	120	 3.6026	 1.0252	   1.5190	        1.5195	          0.0005	   1.5654	1.334e-03	   0.119	   207.679
 240	120	 3.6025	 1.0254	   1.5190	        1.5195	          0.0005	   1.5731	1.268e-03	   0.077	   208.519
 241	121	 3.6025	 1.0250	   1.5190	        1.5195	          0.0005	   1.5645	1.421e-03	   0.081	   209.388
 242	121	 3.6018	 1.0261	   1.5190	        1.5195	          0.0005	   1.5916	9.860e-04	   0.079	   210.252
 243	122	 3.6020	 1.0263	   1.5190	        1.5195	          0.0005	   1.5792	9.216e-04	   0.066	   211.071
 244	122	 3.6022	 1.0260	   1.5190	        1.5195	          0.0005	   1.5607	1.021e-03	   0.076	   211.884
 245	123	 3.6017	 1.0257	   1.5190	        1.5195	          0.0005	   1.5588	1.147e-03	   0.057	   212.619
 246	123	 3.6009	 1.0267	   1.5190	        1.5195	          0.0005	   1.5971	7.472e-04	   0.059	   213.402
 247	124	 3.6008	 1.0268	   1.5190	        1.5195	          0.0005	   1.5674	7.205e-04	   0.055	   214.227
 248	124	 3.6020	 1.0261	   1.5190	        1.5195	          0.0005	   1.5595	9.735e-04	   0.065	   214.960
 249	125	 3.6003	 1.0248	   1.5190	        1.5195	          0.0005	   1.5271	1.513e-03	   0.053	   215.608
 250	125	 3.6013	 1.0262	   1.5190	        1.5195	          0.0005	   1.6138	9.405e-04	   0.063	   216.268
 251	126	 3.6015	 1.0253	   1.5190	        1.5195	          0.0005	   1.5460	1.306e-03	   0.060	   216.926
 252	126	 3.6006	 1.0263	   1.5190	        1.5195	          0.0005	   1.5948	8.994e-04	   0.055	   217.578
 253	127	 3.6013	 1.0269	   1.5190	        1.5195	          0.0005	   1.5870	6.860e-04	   0.071	   218.248
 254	127	 3.6011	 1.0265	   1.5190	        1.5195	          0.0005	   1.5600	8.257e-04	   0.059	   218.917
 255	128	 3.6016	 1.0259	   1.5190	        1.5195	          0.0005	   1.5545	1.064e-03	   0.065	   219.578
 256	128	 3.6014	 1.0263	   1.5190	        1.5195	          0.0005	   1.5819	9.053e-04	   0.059	   220.227
 257	129	 3.6019	 1.0273	   1.5190	        1.5195	          0.0005	   1.6013	5.830e-04	   0.050	   220.899
 258	129	 3.6012	 1.0263	   1.5190	        1.5195	          0.0005	   1.5371	9.102e-04	   0.061	   221.586
 259	130	 3.6002	 1.0259	   1.5190	        1.5195	          0.0005	   1.5548	1.081e-03	   0.051	   222.242
 260	130	 3.6020	 1.0255	   1.5190	        1.5195	          0.0005	   1.5635	1.238e-03	   0.062	   222.903
 261	131	 3.6009	 1.0258	   1.5190	        1.5195	          0.0005	   1.5800	1.093e-03	   0.061	   223.558
 262	131	 3.6015	 1.0256	   1.5190	        1.5195	          0.0005	   1.5632	1.177e-03	   0.054	   224.245
 263	132	 3.6012	 1.0256	   1.5190	        1.5195	          0.0005	   1.5668	1.206e-03	   0.069	   224.915
 264	132	 3.6009	 1.0258	   1.5190	        1.5195	          0.0005	   1.5756	1.124e-03	   0.064	   225.572
 265	133	 3.6013	 1.0259	   1.5190	        1.5195	          0.0005	   1.5760	1.069e-03	   0.070	   226.284
 266	133	 3.6008	 1.0259	   1.5190	        1.5195	          0.0005	   1.5692	1.061e-03	   0.068	   226.960
 267	134	 3.6014	 1.0264	   1.5190	        1.5195	          0.0005	   1.5856	8.835e-04	   0.060	   227.628
 268	134	 3.6007	 1.0264	   1.5190	        1.5195	          0.0005	   1.5689	8.584e-04	   0.068	   228.293
 269	135	 3.6001	 1.0268	   1.5190	        1.5195	          0.0005	   1.5801	7.196e-04	   0.053	   228.961
 270	135	 3.5999	 1.0265	   1.5190	        1.5195	          0.0005	   1.5614	8.205e-04	   0.067	   229.677
 271	136	 3.5996	 1.0264	   1.5190	        1.5195	          0.0005	   1.5644	8.749e-04	   0.058	   230.363
 272	136	 3.5998	 1.0261	   1.5190	        1.5195	          0.0005	   1.5625	9.786e-04	   0.053	   231.017
 273	137	 3.6001	 1.0254	   1.5190	        1.5195	          0.0005	   1.5482	1.255e-03	   0.059	   231.678
 274	137	 3.5996	 1.0259	   1.5190	        1.5195	          0.0005	   1.5817	1.076e-03	   0.056	   232.336
 275	138	 3.6001	 1.0263	   1.5190	        1.5195	          0.0005	   1.5830	9.188e-04	   0.061	   232.999
 276	138	 3.5987	 1.0258	   1.5190	        1.5195	          0.0005	   1.5518	1.107e-03	   0.058	   233.649
 277	139	 3.5996	 1.0249	   1.5190	        1.5195	          0.0005	   1.5422	1.473e-03	   0.057	   234.306
 278	139	 3.5990	 1.0260	   1.5190	        1.5195	          0.0005	   1.6036	1.027e-03	   0.066	   234.987
 279	140	 3.5977	 1.0246	   1.5190	        1.5195	          0.0005	   1.5185	1.600e-03	   0.054	   235.641
 280	140	 3.5984	 1.0260	   1.5190	        1.5195	          0.0005	   1.6162	1.041e-03	   0.066	   236.303
 281	141	 3.5989	 1.0259	   1.5190	        1.5195	          0.0005	   1.5753	1.053e-03	   0.064	   236.960
 282	141	 3.5987	 1.0259	   1.5190	        1.5195	          0.0005	   1.5630	1.081e-03	   0.059	   237.635
 283	142	 3.5985	 1.0254	   1.5190	        1.5195	          0.0005	   1.5555	1.289e-03	   0.069	   238.317
 284	142	 3.5979	 1.0261	   1.5190	        1.5195	          0.0005	   1.5904	9.773e-04	   0.064	   238.984
 285	143	 3.5980	 1.0268	   1.5190	        1.5195	          0.0005	   1.5938	7.250e-04	   0.071	   239.723
 286	143	 3.5976	 1.0262	   1.5190	        1.5195	          0.0005	   1.5465	9.582e-04	   0.058	   240.426
 287	144	 3.5967	 1.0273	   1.5190	        1.5195	          0.0005	   1.6010	5.862e-04	   0.056	   241.115
 288	144	 3.5976	 1.0262	   1.5190	        1.5195	          0.0005	   1.5399	9.612e-04	   0.064	   241.813
 289	145	 3.5960	 1.0269	   1.5190	        1.5195	          0.0005	   1.5926	6.922e-04	   0.064	   242.533
 290	145	 3.5971	 1.0261	   1.5190	        1.5195	          0.0005	   1.5459	9.709e-04	   0.066	   243.277
 291	146	 3.5970	 1.0261	   1.5190	        1.5195	          0.0005	   1.5674	9.891e-04	   0.067	   244.002
 292	146	 3.5973	 1.0263	   1.5190	        1.5195	          0.0005	   1.5800	9.124e-04	   0.057	   244.659
 293	147	 3.5975	 1.0259	   1.5190	        1.5195	          0.0005	   1.5535	1.064e-03	   0.073	   245.323
 294	147	 3.5969	 1.0265	   1.5190	        1.5195	          0.0005	   1.5919	8.283e-04	   0.069	   246.023
 295	148	 3.5963	 1.0255	   1.5190	        1.5195	          0.0005	   1.5321	1.231e-03	   0.065	   246.727
 296	148	 3.5962	 1.0268	   1.5190	        1.5195	          0.0005	   1.6130	7.079e-04	   0.064	   247.399
 297	149	 3.5952	 1.0263	   1.5190	        1.5195	          0.0005	   1.5443	9.186e-04	   0.056	   248.052
 298	149	 3.5957	 1.0268	   1.5190	        1.5195	          0.0005	   1.5925	7.394e-04	   0.063	   248.711
 299	150	 3.5952	 1.0270	   1.5190	        1.5195	          0.0005	   1.5755	6.535e-04	   0.053	   249.359
 300	150	 3.5958	 1.0265	   1.5190	        1.5195	          0.0005	   1.5559	8.456e-04	   0.064	   250.022
 301	151	 3.5972	 1.0265	   1.5190	        1.5195	          0.0005	   1.5743	8.449e-04	   0.055	   250.677
 302	151	 3.5963	 1.0266	   1.5190	        1.5195	          0.0005	   1.5697	7.931e-04	   0.056	   251.337
 303	152	 3.5961	 1.0260	   1.5190	        1.5195	          0.0005	   1.5435	1.026e-03	   0.066	   252.022
 304	152	 3.5970	 1.0261	   1.5190	        1.5195	          0.0005	   1.5841	9.653e-04	   0.058	   252.673
 305	153	 3.5965	 1.0265	   1.5190	        1.5195	          0.0005	   1.5793	8.336e-04	   0.064	   253.331
 306	153	 3.5972	 1.0258	   1.5190	        1.5195	          0.0005	   1.5504	1.103e-03	   0.066	   253.987
 307	154	 3.5967	 1.0262	   1.5190	        1.5195	          0.0005	   1.5796	9.536e-04	   0.062	   254.682
 308	154	 3.5970	 1.0260	   1.5190	        1.5195	          0.0005	   1.5673	1.003e-03	   0.066	   255.347
 309	155	 3.5970	 1.0266	   1.5190	        1.5195	          0.0005	   1.5925	7.980e-04	   0.061	   256.013
 310	155	 3.5969	 1.0261	   1.5190	        1.5195	          0.0005	   1.5518	9.674e-04	   0.066	   256.696
 311	156	 3.5976	 1.0259	   1.5190	        1.5195	          0.0005	   1.5627	1.080e-03	   0.063	   257.350
 312	156	 3.5978	 1.0257	   1.5190	        1.5195	          0.0005	   1.5668	1.148e-03	   0.060	   258.032
 313	157	 3.5971	 1.0260	   1.5190	        1.5195	          0.0005	   1.5752	1.008e-03	   0.064	   258.705
 314	157	 3.5979	 1.0255	   1.5190	        1.5195	          0.0005	   1.5578	1.243e-03	   0.054	   259.374
 315	158	 3.5984	 1.0261	   1.5190	        1.5195	          0.0005	   1.5914	9.848e-04	   0.058	   260.059
 316	158	 3.5985	 1.0254	   1.5190	        1.5195	          0.0005	   1.5506	1.257e-03	   0.055	   260.723
 317	159	 3.5988	 1.0247	   1.5190	        1.5195	          0.0005	   1.5447	1.550e-03	   0.057	   261.381
 318	159	 3.5983	 1.0254	   1.5190	        1.5195	          0.0005	   1.5941	1.273e-03	   0.059	   262.058
 319	160	 3.5978	 1.0257	   1.5190	        1.5195	          0.0005	   1.5791	1.124e-03	   0.066	   262.768
 320	160	 3.5974	 1.0258	   1.5190	        1.5195	          0.0005	   1.5709	1.095e-03	   0.072	   263.470
 321	161	 3.5980	 1.0261	   1.5190	        1.5195	          0.0005	   1.5786	9.941e-04	   0.067	   264.125
 322	161	 3.5978	 1.0255	   1.5190	        1.5195	          0.0005	   1.5492	1.236e-03	   0.061	   264.778
 323	162	 3.5973	 1.0254	   1.5190	        1.5195	          0.0005	   1.5674	1.265e-03	   0.067	   265.433
 324	162	 3.5971	 1.0259	   1.5190	        1.5195	          0.0005	   1.5838	1.078e-03	   0.061	   266.092
 325	163	 3.5970	 1.0259	   1.5190	        1.5195	          0.0005	   1.5716	1.075e-03	   0.059	   266.748
 326	163	 3.5967	 1.0260	   1.5190	        1.5195	          0.0005	   1.5728	1.011e-03	   0.062	   267.402
 327	164	 3.5965	 1.0260	   1.5190	        1.5195	          0.0005	   1.5701	1.025e-03	   0.061	   268.080
 328	164	 3.5966	 1.0261	   1.5190	        1.5195	          0.0005	   1.5735	9.706e-04	   0.064	   268.740
 329	165	 3.5968	 1.0260	   1.5190	        1.5195	          0.0005	   1.5640	1.021e-03	   0.048	   269.389
 330	165	 3.5965	 1.0262	   1.5190	        1.5195	          0.0005	   1.5763	9.582e-04	   0.063	   270.054
 331	166	 3.5969	 1.0265	   1.5190	        1.5195	          0.0005	   1.5805	8.250e-04	   0.062	   270.737
 332	166	 3.5965	 1.0262	   1.5190	        1.5195	          0.0005	   1.5602	9.552e-04	   0.062	   271.469
 333	167	 3.5971	 1.0257	   1.5190	        1.5195	          0.0005	   1.5500	1.150e-03	   0.068	   272.187
 334	167	 3.5964	 1.0264	   1.5190	        1.5195	          0.0005	   1.5970	8.688e-04	   0.056	   272.863
 335	168	 3.5964	 1.0266	   1.5190	        1.5195	          0.0005	   1.5800	7.847e-04	   0.066	   273.554
 336	168	 3.5963	 1.0265	   1.5190	        1.5195	          0.0005	   1.5641	8.419e-04	   0.060	   274.233
 337	169	 3.5960	 1.0265	   1.5190	        1.5195	          0.0005	   1.5690	8.307e-04	   0.061	   274.908
 338	169	 3.5959	 1.0263	   1.5190	        1.5195	          0.0005	   1.5657	8.916e-04	   0.066	   275.565
 339	170	 3.5961	 1.0266	   1.5190	        1.5195	          0.0005	   1.5837	7.840e-04	   0.062	   276.248
 340	170	 3.5957	 1.0262	   1.5190	        1.5195	          0.0005	   1.5511	9.452e-04	   0.067	   276.932
 341	171	 3.5952	 1.0262	   1.5190	        1.5195	          0.0005	   1.5678	9.397e-04	   0.060	   277.590
 342	171	 3.5953	 1.0260	   1.5190	        1.5195	          0.0005	   1.5647	1.014e-03	   0.052	   278.243
 343	172	 3.5946	 1.0257	   1.5190	        1.5195	          0.0005	   1.5541	1.143e-03	   0.069	   278.946
 344	172	 3.5954	 1.0261	   1.5190	        1.5195	          0.0005	   1.5874	9.986e-04	   0.055	   279.648
 345	173	 3.5956	 1.0258	   1.5190	        1.5195	          0.0005	   1.5610	1.108e-03	   0.063	   280.322
 346	173	 3.5953	 1.0261	   1.5190	        1.5195	          0.0005	   1.5807	9.804e-04	   0.056	   280.974
 347	174	 3.5953	 1.0266	   1.5190	        1.5195	          0.0005	   1.5872	8.038e-04	   0.063	   281.639
 348	174	 3.5949	 1.0263	   1.5190	        1.5195	          0.0005	   1.5593	8.975e-04	   0.068	   282.300
 349	175	 3.5959	 1.0265	   1.5190	        1.5195	          0.0005	   1.5806	8.320e-04	   0.063	   282.953
 350	175	 3.5945	 1.0263	   1.5190	        1.5195	          0.0005	   1.5576	9.170e-04	   0.067	   283.609
 351	176	 3.5951	 1.0262	   1.5190	        1.5195	          0.0005	   1.5751	9.297e-04	   0.060	   284.260
 352	176	 3.5945	 1.0262	   1.5190	        1.5195	          0.0005	   1.5614	9.463e-04	   0.058	   284.942
 353	177	 3.5948	 1.0257	   1.5190	        1.5195	          0.0005	   1.5480	1.158e-03	   0.061	   285.599
 354	177	 3.5944	 1.0262	   1.5190	        1.5195	          0.0005	   1.5937	9.314e-04	   0.056	   286.255
 355	178	 3.5953	 1.0271	   1.5190	        1.5195	          0.0005	   1.6157	6.200e-04	   0.062	   286.915
 356	178	 3.5943	 1.0261	   1.5190	        1.5195	          0.0005	   1.5190	9.933e-04	   0.062	   287.603
 357	179	 3.5949	 1.0251	   1.5190	        1.5195	          0.0005	   1.5329	1.409e-03	   0.054	   288.305
 358	179	 3.5939	 1.0261	   1.5190	        1.5195	          0.0005	   1.6081	9.763e-04	   0.063	   288.967
 359	180	 3.5935	 1.0257	   1.5190	        1.5195	          0.0005	   1.5480	1.161e-03	   0.059	   289.633
 360	180	 3.5937	 1.0263	   1.5190	        1.5195	          0.0005	   1.6008	8.917e-04	   0.065	   290.320
 361	181	 3.5934	 1.0255	   1.5190	        1.5195	          0.0005	   1.5363	1.221e-03	   0.060	   290.974
 362	181	 3.5937	 1.0258	   1.5190	        1.5195	          0.0005	   1.5827	1.090e-03	   0.056	   291.628
 363	182	 3.5949	 1.0264	   1.5190	        1.5195	          0.0005	   1.6001	8.529e-04	   0.070	   292.307
 364	182	 3.5935	 1.0259	   1.5190	        1.5195	          0.0005	   1.5416	1.076e-03	   0.059	   292.983
 365	183	 3.5935	 1.0260	   1.5190	        1.5195	          0.0005	   1.5735	1.031e-03	   0.066	   293.660
 366	183	 3.5937	 1.0256	   1.5190	        1.5195	          0.0005	   1.5580	1.177e-03	   0.065	   294.310
 367	184	 3.5946	 1.0254	   1.5190	        1.5195	          0.0005	   1.5668	1.249e-03	   0.065	   294.985
 368	184	 3.5936	 1.0254	   1.5190	        1.5195	          0.0005	   1.5667	1.247e-03	   0.071	   295.695
 369	185	 3.5938	 1.0254	   1.5190	        1.5195	          0.0005	   1.5694	1.271e-03	   0.057	   296.388
 370	185	 3.5932	 1.0255	   1.5190	        1.5195	          0.0005	   1.5701	1.224e-03	   0.061	   297.050
 371	186	 3.5926	 1.0253	   1.5190	        1.5195	          0.0005	   1.5608	1.303e-03	   0.057	   297.705
 372	186	 3.5934	 1.0254	   1.5190	        1.5195	          0.0005	   1.5754	1.280e-03	   0.051	   298.355
 373	187	 3.5937	 1.0243	   1.5190	        1.5195	          0.0005	   1.5251	1.729e-03	   0.064	   299.016
 374	187	 3.5933	 1.0252	   1.5190	        1.5195	          0.0005	   1.6047	1.356e-03	   0.052	   299.672
 375	188	 3.5935	 1.0244	   1.5190	        1.5195	          0.0005	   1.5359	1.717e-03	   0.066	   300.336
 376	188	 3.5938	 1.0251	   1.5190	        1.5195	          0.0005	   1.6010	1.394e-03	   0.066	   301.010
 377	189	 3.5936	 1.0253	   1.5190	        1.5195	          0.0005	   1.5806	1.311e-03	   0.066	   301.672
 378	189	 3.5935	 1.0252	   1.5190	        1.5195	          0.0005	   1.5614	1.346e-03	   0.072	   302.376
 379	190	 3.5933	 1.0255	   1.5190	        1.5195	          0.0005	   1.5823	1.220e-03	   0.060	   303.061
 380	190	 3.5932	 1.0253	   1.5190	        1.5195	          0.0005	   1.5606	1.289e-03	   0.074	   303.802
 381	191	 3.5930	 1.0258	   1.5190	        1.5195	          0.0005	   1.5843	1.111e-03	   0.065	   304.543
 382	191	 3.5928	 1.0253	   1.5190	        1.5195	          0.0005	   1.5485	1.319e-03	   0.064	   305.265
 383	192	 3.5930	 1.0258	   1.5190	        1.5195	          0.0005	   1.5907	1.120e-03	   0.070	   306.005
 384	192	 3.5926	 1.0254	   1.5190	        1.5195	          0.0005	   1.5529	1.273e-03	   0.061	   306.706
 385	193	 3.5927	 1.0258	   1.5190	        1.5195	          0.0005	   1.5870	1.100e-03	   0.058	   307.376
 386	193	 3.5928	 1.0254	   1.5190	        1.5195	          0.0005	   1.5577	1.246e-03	   0.062	   308.032
 387	194	 3.5924	 1.0262	   1.5190	        1.5195	          0.0005	   1.6017	9.251e-04	   0.059	   308.693
 388	194	 3.5929	 1.0257	   1.5190	        1.5195	          0.0005	   1.5492	1.136e-03	   0.067	   309.381
 389	195	 3.5927	 1.0262	   1.5190	        1.5195	          0.0005	   1.5881	9.371e-04	   0.053	   310.055
 390	195	 3.5924	 1.0259	   1.5190	        1.5195	          0.0005	   1.5566	1.054e-03	   0.063	   310.715
 391	196	 3.5918	 1.0265	   1.5190	        1.5195	          0.0005	   1.5902	8.393e-04	   0.060	   311.373
 392	196	 3.5924	 1.0255	   1.5190	        1.5195	          0.0005	   1.5320	1.224e-03	   0.064	   312.065
 393	197	 3.5920	 1.0252	   1.5190	        1.5195	          0.0005	   1.5578	1.331e-03	   0.069	   312.784
 394	197	 3.5919	 1.0257	   1.5190	        1.5195	          0.0005	   1.5900	1.126e-03	   0.059	   313.451
 395	198	 3.5920	 1.0253	   1.5190	        1.5195	          0.0005	   1.5471	1.314e-03	   0.065	   314.112
 396	198	 3.5918	 1.0257	   1.5190	        1.5195	          0.0005	   1.5887	1.155e-03	   0.060	   314.761
 397	199	 3.5915	 1.0253	   1.5190	        1.5195	          0.0005	   1.5528	1.320e-03	   0.057	   315.422
 398	199	 3.5918	 1.0255	   1.5190	        1.5195	          0.0005	   1.5805	1.213e-03	   0.059	   316.079
 399	200	 3.5919	 1.0258	   1.5190	        1.5195	          0.0005	   1.5870	1.092e-03	   0.051	   316.732
 400	200	 3.5916	 1.0254	   1.5190	        1.5195	          0.0005	   1.5456	1.278e-03	   0.053	   317.350

[BSGD] Finished on device cuda -> σ_f² ≈ 3.5916, σ_ε² ≈ 1.0254
