[GPU 0][JOB 105] 'python cli.py bsgd --n 1024 --lengthscale 0.5 --sigma-f2-true 4.0 --sigma-eps2-true 1.0 --n-epochs 200 --device auto --theta-min 1e-4 --theta-max 20.0 --print-every 1 --seed 4 --batch-size 512 --sigma-f2-init 5.0 --sigma-eps2-init 3.0 --alpha1 9.0 '

=== BSGD (biased SGD on exact kernel) ===
iter	epoch	σ_f²	σ_ε²	real_nlml	real_nlml_true	real_nlml_abs_err	mini_nlml	||grad||	duration_s	wall_time_s
   1	 1	 4.4707	 2.0734	   1.6178	        1.5215	          0.0963	   1.6550	1.165e-01	   0.082	     0.160
   2	 1	 4.5000	 1.6029	   1.5640	        1.5215	          0.0425	   1.6384	1.084e-01	   0.037	     0.576
   3	 2	 4.4453	 1.2715	   1.5325	        1.5215	          0.0110	   1.5688	7.555e-02	   0.055	     1.102
   4	 2	 4.4826	 1.1238	   1.5236	        1.5215	          0.0021	   1.5942	4.165e-02	   0.075	     1.772
   5	 3	 4.4692	 1.0941	   1.5225	        1.5215	          0.0010	   1.6041	3.227e-02	   0.060	     2.551
   6	 3	 4.5186	 1.0122	   1.5210	        1.5215	          0.0005	   1.5501	4.533e-04	   0.073	     3.372
   7	 4	 4.5397	 1.0141	   1.5210	        1.5215	          0.0005	   1.5790	1.098e-03	   0.072	     4.187
   8	 4	 4.5393	 1.0019	   1.5211	        1.5215	          0.0004	   1.5658	4.661e-03	   0.068	     5.002
   9	 5	 4.5661	 1.0215	   1.5210	        1.5215	          0.0005	   1.5977	4.394e-03	   0.074	     5.825
  10	 5	 4.5731	 1.0110	   1.5210	        1.5215	          0.0005	   1.5671	4.983e-04	   0.072	     6.637
  11	 6	 4.5986	 0.9935	   1.5211	        1.5215	          0.0004	   1.5613	8.685e-03	   0.076	     7.464
  12	 6	 4.5884	 1.0130	   1.5210	        1.5215	          0.0005	   1.5909	6.413e-04	   0.073	     8.274
  13	 7	 4.5928	 1.0296	   1.5211	        1.5215	          0.0004	   1.6043	7.919e-03	   0.069	     9.094
  14	 7	 4.6031	 1.0089	   1.5210	        1.5215	          0.0005	   1.5504	1.353e-03	   0.070	     9.911
  15	 8	 4.6065	 1.0019	   1.5210	        1.5215	          0.0005	   1.5639	4.596e-03	   0.076	    10.740
  16	 8	 4.6164	 1.0123	   1.5210	        1.5215	          0.0005	   1.5933	3.889e-04	   0.070	    11.588
  17	 9	 4.6321	 1.0399	   1.5212	        1.5215	          0.0003	   1.6358	1.228e-02	   0.072	    12.456
  18	 9	 4.6359	 1.0030	   1.5210	        1.5215	          0.0005	   1.5083	4.087e-03	   0.061	    13.268
  19	10	 4.6280	 1.0160	   1.5210	        1.5215	          0.0005	   1.5958	1.977e-03	   0.072	    14.092
  20	10	 4.6420	 1.0045	   1.5210	        1.5215	          0.0005	   1.5587	3.367e-03	   0.068	    14.908
  21	11	 4.6494	 1.0210	   1.5210	        1.5215	          0.0005	   1.6162	4.203e-03	   0.073	    15.724
  22	11	 4.6427	 1.0085	   1.5210	        1.5215	          0.0005	   1.5453	1.493e-03	   0.072	    16.550
  23	12	 4.6453	 1.0138	   1.5210	        1.5215	          0.0005	   1.5868	1.031e-03	   0.076	    17.365
  24	12	 4.6527	 1.0055	   1.5210	        1.5215	          0.0005	   1.5610	2.898e-03	   0.074	    18.187
  25	13	 4.6465	 0.9986	   1.5210	        1.5215	          0.0005	   1.5495	6.172e-03	   0.071	    19.006
  26	13	 4.6502	 0.9984	   1.5210	        1.5215	          0.0005	   1.5726	6.262e-03	   0.077	    19.822
  27	14	 4.6474	 1.0002	   1.5210	        1.5215	          0.0005	   1.5716	5.418e-03	   0.070	    20.638
  28	14	 4.6612	 0.9966	   1.5210	        1.5215	          0.0005	   1.5690	7.149e-03	   0.079	    21.548
  29	15	 4.6651	 1.0006	   1.5210	        1.5215	          0.0005	   1.5874	5.194e-03	   0.074	    22.453
  30	15	 4.6681	 0.9963	   1.5210	        1.5215	          0.0005	   1.5586	7.284e-03	   0.072	    23.333
  31	16	 4.6692	 1.0044	   1.5210	        1.5215	          0.0005	   1.5993	3.360e-03	   0.073	    24.180
  32	16	 4.6686	 1.0019	   1.5210	        1.5215	          0.0005	   1.5644	4.579e-03	   0.066	    24.990
  33	17	 4.6810	 0.9966	   1.5210	        1.5215	          0.0005	   1.5620	7.089e-03	   0.061	    25.809
  34	17	 4.6704	 0.9976	   1.5210	        1.5215	          0.0005	   1.5661	6.628e-03	   0.070	    26.628
  35	18	 4.6703	 0.9929	   1.5211	        1.5215	          0.0004	   1.5515	8.928e-03	   0.071	    27.449
  36	18	 4.6704	 1.0032	   1.5210	        1.5215	          0.0005	   1.6089	3.943e-03	   0.071	    28.272
  37	19	 4.6719	 0.9978	   1.5210	        1.5215	          0.0005	   1.5498	6.532e-03	   0.071	    29.091
  38	19	 4.6737	 1.0017	   1.5210	        1.5215	          0.0005	   1.5913	4.654e-03	   0.076	    29.909
  39	20	 4.6739	 0.9996	   1.5210	        1.5215	          0.0005	   1.5603	5.676e-03	   0.077	    30.733
  40	20	 4.6747	 1.0062	   1.5210	        1.5215	          0.0005	   1.6032	2.510e-03	   0.079	    31.545
  41	21	 4.6752	 1.0142	   1.5210	        1.5215	          0.0005	   1.6119	1.180e-03	   0.075	    32.397
  42	21	 4.6721	 1.0075	   1.5210	        1.5215	          0.0005	   1.5421	1.938e-03	   0.077	    33.276
  43	22	 4.6687	 1.0051	   1.5210	        1.5215	          0.0005	   1.5637	3.057e-03	   0.074	    34.094
  44	22	 4.6714	 1.0087	   1.5210	        1.5215	          0.0005	   1.5906	1.365e-03	   0.065	    34.907
  45	23	 4.6701	 1.0078	   1.5210	        1.5215	          0.0005	   1.5709	1.801e-03	   0.075	    35.733
  46	23	 4.6724	 1.0119	   1.5210	        1.5215	          0.0005	   1.5990	2.712e-04	   0.061	    36.542
  47	24	 4.6729	 1.0077	   1.5210	        1.5215	          0.0005	   1.5568	1.850e-03	   0.068	    37.366
  48	24	 4.6760	 1.0121	   1.5210	        1.5215	          0.0005	   1.5995	3.098e-04	   0.076	    38.190
  49	25	 4.6834	 1.0171	   1.5210	        1.5215	          0.0005	   1.6152	2.487e-03	   0.078	    39.047
  50	25	 4.6760	 1.0103	   1.5210	        1.5215	          0.0005	   1.5300	6.585e-04	   0.067	    39.897
  51	26	 4.6816	 1.0093	   1.5210	        1.5215	          0.0005	   1.5779	1.091e-03	   0.081	    40.730
  52	26	 4.6770	 1.0120	   1.5210	        1.5215	          0.0005	   1.5863	2.954e-04	   0.074	    41.599
  53	27	 4.6813	 1.0155	   1.5210	        1.5215	          0.0005	   1.6049	1.774e-03	   0.071	    42.487
  54	27	 4.6762	 1.0126	   1.5210	        1.5215	          0.0005	   1.5525	4.937e-04	   0.084	    43.409
  55	28	 4.6727	 1.0149	   1.5210	        1.5215	          0.0005	   1.5848	1.523e-03	   0.069	    44.270
  56	28	 4.6773	 1.0096	   1.5210	        1.5215	          0.0005	   1.5538	9.733e-04	   0.081	    45.105
  57	29	 4.6727	 1.0123	   1.5210	        1.5215	          0.0005	   1.5926	4.006e-04	   0.059	    45.907
  58	29	 4.6782	 1.0092	   1.5210	        1.5215	          0.0005	   1.5589	1.124e-03	   0.073	    46.737
  59	30	 4.6839	 1.0133	   1.5210	        1.5215	          0.0005	   1.6113	8.155e-04	   0.074	    47.556
  60	30	 4.6798	 1.0097	   1.5210	        1.5215	          0.0005	   1.5472	9.351e-04	   0.067	    48.369
  61	31	 4.6809	 1.0099	   1.5210	        1.5215	          0.0005	   1.5817	8.209e-04	   0.066	    49.188
  62	31	 4.6810	 1.0087	   1.5210	        1.5215	          0.0005	   1.5679	1.358e-03	   0.073	    50.009
  63	32	 4.6817	 1.0101	   1.5210	        1.5215	          0.0005	   1.5878	7.347e-04	   0.076	    50.836
  64	32	 4.6804	 1.0099	   1.5210	        1.5215	          0.0005	   1.5698	8.367e-04	   0.072	    51.652
  65	33	 4.6824	 1.0120	   1.5210	        1.5215	          0.0005	   1.5929	2.790e-04	   0.073	    52.489
  66	33	 4.6797	 1.0112	   1.5210	        1.5215	          0.0005	   1.5698	3.018e-04	   0.081	    53.336
  67	34	 4.6780	 1.0109	   1.5210	        1.5215	          0.0005	   1.5730	4.046e-04	   0.071	    54.197
  68	34	 4.6810	 1.0106	   1.5210	        1.5215	          0.0005	   1.5790	5.143e-04	   0.079	    55.012
  69	35	 4.6843	 1.0123	   1.5210	        1.5215	          0.0005	   1.5942	3.978e-04	   0.073	    55.834
  70	35	 4.6816	 1.0098	   1.5210	        1.5215	          0.0005	   1.5557	8.770e-04	   0.070	    56.657
  71	36	 4.6821	 1.0137	   1.5210	        1.5215	          0.0005	   1.6096	9.852e-04	   0.075	    57.473
  72	36	 4.6819	 1.0102	   1.5210	        1.5215	          0.0005	   1.5477	6.906e-04	   0.062	    58.285
  73	37	 4.6827	 1.0125	   1.5210	        1.5215	          0.0005	   1.5969	4.534e-04	   0.073	    59.111
  74	37	 4.6821	 1.0099	   1.5210	        1.5215	          0.0005	   1.5546	8.305e-04	   0.059	    59.916
  75	38	 4.6865	 1.0074	   1.5210	        1.5215	          0.0005	   1.5610	1.982e-03	   0.069	    60.743
  76	38	 4.6816	 1.0106	   1.5210	        1.5215	          0.0005	   1.5954	5.100e-04	   0.083	    61.596
  77	39	 4.6773	 1.0075	   1.5210	        1.5215	          0.0005	   1.5442	1.909e-03	   0.078	    62.457
  78	39	 4.6821	 1.0117	   1.5210	        1.5215	          0.0005	   1.6182	2.328e-04	   0.077	    63.372
  79	40	 4.6825	 1.0095	   1.5210	        1.5215	          0.0005	   1.5580	9.921e-04	   0.078	    64.249
  80	40	 4.6849	 1.0108	   1.5210	        1.5215	          0.0005	   1.5923	4.471e-04	   0.069	    65.098
  81	41	 4.6876	 1.0087	   1.5210	        1.5215	          0.0005	   1.5620	1.379e-03	   0.073	    65.918
  82	41	 4.6857	 1.0109	   1.5210	        1.5215	          0.0005	   1.5946	3.753e-04	   0.078	    66.737
  83	42	 4.6871	 1.0124	   1.5210	        1.5215	          0.0005	   1.5949	4.403e-04	   0.069	    67.555
  84	42	 4.6856	 1.0119	   1.5210	        1.5215	          0.0005	   1.5681	2.518e-04	   0.076	    68.380
  85	43	 4.6876	 1.0108	   1.5210	        1.5215	          0.0005	   1.5719	4.298e-04	   0.061	    69.185
  86	43	 4.6863	 1.0118	   1.5210	        1.5215	          0.0005	   1.5831	2.399e-04	   0.073	    70.014
  87	44	 4.6830	 1.0135	   1.5210	        1.5215	          0.0005	   1.5838	8.719e-04	   0.066	    70.831
  88	44	 4.6880	 1.0097	   1.5210	        1.5215	          0.0005	   1.5531	8.907e-04	   0.067	    71.642
  89	45	 4.6894	 1.0107	   1.5210	        1.5215	          0.0005	   1.5898	4.577e-04	   0.065	    72.466
  90	45	 4.6876	 1.0104	   1.5210	        1.5215	          0.0005	   1.5696	5.894e-04	   0.072	    73.320
  91	46	 4.6848	 1.0120	   1.5210	        1.5215	          0.0005	   1.5855	2.923e-04	   0.080	    74.196
  92	46	 4.6882	 1.0096	   1.5210	        1.5215	          0.0005	   1.5615	9.342e-04	   0.066	    75.013
  93	47	 4.6876	 1.0087	   1.5210	        1.5215	          0.0005	   1.5645	1.350e-03	   0.076	    75.838
  94	47	 4.6876	 1.0108	   1.5210	        1.5215	          0.0005	   1.5990	4.458e-04	   0.073	    76.648
  95	48	 4.6842	 1.0112	   1.5210	        1.5215	          0.0005	   1.5719	2.941e-04	   0.084	    77.506
  96	48	 4.6866	 1.0111	   1.5210	        1.5215	          0.0005	   1.5834	3.336e-04	   0.091	    78.419
  97	49	 4.6877	 1.0121	   1.5210	        1.5215	          0.0005	   1.5914	3.113e-04	   0.077	    79.356
  98	49	 4.6872	 1.0088	   1.5210	        1.5215	          0.0005	   1.5406	1.292e-03	   0.079	    80.263
  99	50	 4.6874	 1.0101	   1.5210	        1.5215	          0.0005	   1.5915	7.367e-04	   0.078	    81.135
 100	50	 4.6876	 1.0079	   1.5210	        1.5215	          0.0005	   1.5522	1.730e-03	   0.064	    81.991
 101	51	 4.6870	 1.0068	   1.5210	        1.5215	          0.0005	   1.5639	2.246e-03	   0.079	    82.847
 102	51	 4.6859	 1.0091	   1.5210	        1.5215	          0.0005	   1.5956	1.164e-03	   0.067	    83.704
 103	52	 4.6856	 1.0071	   1.5210	        1.5215	          0.0005	   1.5501	2.124e-03	   0.089	    84.645
 104	52	 4.6860	 1.0091	   1.5210	        1.5215	          0.0005	   1.5994	1.175e-03	   0.071	    85.510
 105	53	 4.6842	 1.0100	   1.5210	        1.5215	          0.0005	   1.5821	7.916e-04	   0.068	    86.324
 106	53	 4.6867	 1.0099	   1.5210	        1.5215	          0.0005	   1.5821	8.044e-04	   0.069	    87.149
 107	54	 4.6871	 1.0129	   1.5210	        1.5215	          0.0005	   1.6151	6.503e-04	   0.070	    87.960
 108	54	 4.6881	 1.0100	   1.5210	        1.5215	          0.0005	   1.5434	7.748e-04	   0.072	    88.783
 109	55	 4.6830	 1.0077	   1.5210	        1.5215	          0.0005	   1.5389	1.805e-03	   0.072	    89.607
 110	55	 4.6869	 1.0102	   1.5210	        1.5215	          0.0005	   1.6152	6.646e-04	   0.073	    90.427
 111	56	 4.6831	 1.0117	   1.5210	        1.5215	          0.0005	   1.5839	2.268e-04	   0.072	    91.240
 112	56	 4.6852	 1.0110	   1.5210	        1.5215	          0.0005	   1.5754	3.702e-04	   0.074	    92.065
 113	57	 4.6841	 1.0106	   1.5210	        1.5215	          0.0005	   1.5682	5.316e-04	   0.065	    92.874
 114	57	 4.6851	 1.0109	   1.5210	        1.5215	          0.0005	   1.5847	3.926e-04	   0.071	    93.717
 115	58	 4.6877	 1.0099	   1.5210	        1.5215	          0.0005	   1.5711	8.366e-04	   0.071	    94.562
 116	58	 4.6846	 1.0107	   1.5210	        1.5215	          0.0005	   1.5780	4.824e-04	   0.071	    95.426
 117	59	 4.6871	 1.0116	   1.5210	        1.5215	          0.0005	   1.5944	2.200e-04	   0.057	    96.242
 118	59	 4.6833	 1.0110	   1.5210	        1.5215	          0.0005	   1.5581	3.771e-04	   0.073	    97.066
 119	60	 4.6835	 1.0112	   1.5210	        1.5215	          0.0005	   1.5798	3.063e-04	   0.072	    97.883
 120	60	 4.6839	 1.0112	   1.5210	        1.5215	          0.0005	   1.5763	3.009e-04	   0.067	    98.704
 121	61	 4.6860	 1.0144	   1.5210	        1.5215	          0.0005	   1.6250	1.282e-03	   0.074	    99.523
 122	61	 4.6857	 1.0103	   1.5210	        1.5215	          0.0005	   1.5192	6.450e-04	   0.077	   100.338
 123	62	 4.6840	 1.0086	   1.5210	        1.5215	          0.0005	   1.5492	1.424e-03	   0.085	   101.174
 124	62	 4.6865	 1.0104	   1.5210	        1.5215	          0.0005	   1.6069	5.777e-04	   0.075	   102.017
 125	63	 4.6867	 1.0092	   1.5210	        1.5215	          0.0005	   1.5597	1.128e-03	   0.065	   102.835
 126	63	 4.6858	 1.0101	   1.5210	        1.5215	          0.0005	   1.5848	7.500e-04	   0.076	   103.690
 127	64	 4.6874	 1.0097	   1.5210	        1.5215	          0.0005	   1.5800	9.119e-04	   0.082	   104.597
 128	64	 4.6852	 1.0096	   1.5210	        1.5215	          0.0005	   1.5667	9.411e-04	   0.065	   105.475
 129	65	 4.6853	 1.0091	   1.5210	        1.5215	          0.0005	   1.5701	1.175e-03	   0.076	   106.332
 130	65	 4.6847	 1.0107	   1.5210	        1.5215	          0.0005	   1.5977	4.767e-04	   0.059	   107.143
 131	66	 4.6845	 1.0110	   1.5210	        1.5215	          0.0005	   1.5763	3.646e-04	   0.076	   107.974
 132	66	 4.6844	 1.0107	   1.5210	        1.5215	          0.0005	   1.5748	4.890e-04	   0.067	   108.789
 133	67	 4.6860	 1.0108	   1.5210	        1.5215	          0.0005	   1.5850	4.494e-04	   0.072	   109.606
 134	67	 4.6842	 1.0108	   1.5210	        1.5215	          0.0005	   1.5723	4.369e-04	   0.062	   110.423
 135	68	 4.6845	 1.0081	   1.5210	        1.5215	          0.0005	   1.5376	1.662e-03	   0.073	   111.241
 136	68	 4.6846	 1.0109	   1.5210	        1.5215	          0.0005	   1.6163	4.126e-04	   0.076	   112.069
 137	69	 4.6843	 1.0112	   1.5210	        1.5215	          0.0005	   1.5822	3.029e-04	   0.064	   112.882
 138	69	 4.6849	 1.0111	   1.5210	        1.5215	          0.0005	   1.5765	3.170e-04	   0.077	   113.705
 139	70	 4.6855	 1.0109	   1.5210	        1.5215	          0.0005	   1.5770	3.861e-04	   0.077	   114.550
 140	70	 4.6845	 1.0118	   1.5210	        1.5215	          0.0005	   1.5861	2.385e-04	   0.082	   115.429
 141	71	 4.6839	 1.0099	   1.5210	        1.5215	          0.0005	   1.5437	8.087e-04	   0.067	   116.239
 142	71	 4.6856	 1.0116	   1.5210	        1.5215	          0.0005	   1.6090	2.212e-04	   0.075	   117.070
 143	72	 4.6856	 1.0104	   1.5210	        1.5215	          0.0005	   1.5556	5.950e-04	   0.079	   117.926
 144	72	 4.6858	 1.0109	   1.5210	        1.5215	          0.0005	   1.5871	3.763e-04	   0.067	   118.773
 145	73	 4.6870	 1.0107	   1.5210	        1.5215	          0.0005	   1.5771	4.556e-04	   0.058	   119.592
 146	73	 4.6853	 1.0114	   1.5210	        1.5215	          0.0005	   1.5830	2.490e-04	   0.072	   120.415
 147	74	 4.6840	 1.0117	   1.5210	        1.5215	          0.0005	   1.5768	2.238e-04	   0.068	   121.272
 148	74	 4.6848	 1.0101	   1.5210	        1.5215	          0.0005	   1.5557	7.236e-04	   0.074	   122.120
 149	75	 4.6871	 1.0092	   1.5210	        1.5215	          0.0005	   1.5714	1.118e-03	   0.077	   122.946
 150	75	 4.6844	 1.0107	   1.5210	        1.5215	          0.0005	   1.5904	4.728e-04	   0.076	   123.776
 151	76	 4.6831	 1.0112	   1.5210	        1.5215	          0.0005	   1.5839	2.873e-04	   0.087	   124.654
 152	76	 4.6848	 1.0108	   1.5210	        1.5215	          0.0005	   1.5745	4.474e-04	   0.084	   125.559
 153	77	 4.6866	 1.0102	   1.5210	        1.5215	          0.0005	   1.5711	6.822e-04	   0.071	   126.440
 154	77	 4.6858	 1.0107	   1.5210	        1.5215	          0.0005	   1.5839	4.846e-04	   0.069	   127.256
 155	78	 4.6868	 1.0116	   1.5210	        1.5215	          0.0005	   1.5986	2.201e-04	   0.071	   128.073
 156	78	 4.6874	 1.0107	   1.5210	        1.5215	          0.0005	   1.5609	4.735e-04	   0.069	   128.894
 157	79	 4.6856	 1.0113	   1.5210	        1.5215	          0.0005	   1.5803	2.639e-04	   0.067	   129.713
 158	79	 4.6877	 1.0110	   1.5210	        1.5215	          0.0005	   1.5787	3.653e-04	   0.064	   130.528
 159	80	 4.6878	 1.0096	   1.5210	        1.5215	          0.0005	   1.5558	9.305e-04	   0.075	   131.355
 160	80	 4.6882	 1.0107	   1.5210	        1.5215	          0.0005	   1.5948	4.593e-04	   0.067	   132.171
 161	81	 4.6866	 1.0096	   1.5210	        1.5215	          0.0005	   1.5502	9.512e-04	   0.073	   132.986
 162	81	 4.6871	 1.0110	   1.5210	        1.5215	          0.0005	   1.6054	3.371e-04	   0.069	   133.809
 163	82	 4.6844	 1.0101	   1.5210	        1.5215	          0.0005	   1.5508	7.179e-04	   0.079	   134.649
 164	82	 4.6866	 1.0109	   1.5210	        1.5215	          0.0005	   1.5990	3.991e-04	   0.071	   135.493
 165	83	 4.6855	 1.0117	   1.5210	        1.5215	          0.0005	   1.5867	2.256e-04	   0.063	   136.354
 166	83	 4.6870	 1.0112	   1.5210	        1.5215	          0.0005	   1.5734	2.872e-04	   0.077	   137.176
 167	84	 4.6877	 1.0096	   1.5210	        1.5215	          0.0005	   1.5496	9.405e-04	   0.063	   137.985
 168	84	 4.6878	 1.0114	   1.5210	        1.5215	          0.0005	   1.6074	2.456e-04	   0.077	   138.815
 169	85	 4.6877	 1.0117	   1.5210	        1.5215	          0.0005	   1.5827	2.278e-04	   0.071	   139.628
 170	85	 4.6886	 1.0116	   1.5210	        1.5215	          0.0005	   1.5792	2.187e-04	   0.070	   140.454
 171	86	 4.6867	 1.0120	   1.5210	        1.5215	          0.0005	   1.5763	2.899e-04	   0.078	   141.306
 172	86	 4.6875	 1.0120	   1.5210	        1.5215	          0.0005	   1.5825	2.930e-04	   0.065	   142.122
 173	87	 4.6879	 1.0104	   1.5210	        1.5215	          0.0005	   1.5471	6.148e-04	   0.062	   142.945
 174	87	 4.6889	 1.0110	   1.5210	        1.5215	          0.0005	   1.5904	3.691e-04	   0.069	   143.763
 175	88	 4.6870	 1.0135	   1.5210	        1.5215	          0.0005	   1.6224	8.985e-04	   0.073	   144.611
 176	88	 4.6887	 1.0113	   1.5210	        1.5215	          0.0005	   1.5368	2.649e-04	   0.086	   145.526
 177	89	 4.6878	 1.0126	   1.5210	        1.5215	          0.0005	   1.5990	4.971e-04	   0.070	   146.414
 178	89	 4.6886	 1.0118	   1.5210	        1.5215	          0.0005	   1.5661	2.362e-04	   0.076	   147.261
 179	90	 4.6908	 1.0128	   1.5210	        1.5215	          0.0005	   1.6048	5.928e-04	   0.080	   148.088
 180	90	 4.6883	 1.0123	   1.5210	        1.5215	          0.0005	   1.5598	3.905e-04	   0.079	   148.900
 181	91	 4.6869	 1.0114	   1.5210	        1.5215	          0.0005	   1.5514	2.358e-04	   0.071	   149.718
 182	91	 4.6874	 1.0128	   1.5210	        1.5215	          0.0005	   1.6103	5.867e-04	   0.073	   150.539
 183	92	 4.6867	 1.0114	   1.5210	        1.5215	          0.0005	   1.5462	2.443e-04	   0.074	   151.360
 184	92	 4.6881	 1.0134	   1.5210	        1.5215	          0.0005	   1.6221	8.310e-04	   0.064	   152.171
 185	93	 4.6893	 1.0146	   1.5210	        1.5215	          0.0005	   1.6093	1.404e-03	   0.069	   152.993
 186	93	 4.6879	 1.0136	   1.5210	        1.5215	          0.0005	   1.5522	9.537e-04	   0.061	   153.806
 187	94	 4.6881	 1.0157	   1.5210	        1.5215	          0.0005	   1.6263	1.893e-03	   0.066	   154.629
 188	94	 4.6877	 1.0138	   1.5210	        1.5215	          0.0005	   1.5311	1.026e-03	   0.080	   155.524
 189	95	 4.6877	 1.0132	   1.5210	        1.5215	          0.0005	   1.5685	7.821e-04	   0.093	   156.489
 190	95	 4.6876	 1.0129	   1.5210	        1.5215	          0.0005	   1.5688	6.496e-04	   0.071	   157.443
 191	96	 4.6881	 1.0127	   1.5210	        1.5215	          0.0005	   1.5753	5.417e-04	   0.090	   158.357
 192	96	 4.6884	 1.0127	   1.5210	        1.5215	          0.0005	   1.5776	5.389e-04	   0.072	   159.230
 193	97	 4.6904	 1.0114	   1.5210	        1.5215	          0.0005	   1.5557	2.342e-04	   0.072	   160.069
 194	97	 4.6901	 1.0119	   1.5210	        1.5215	          0.0005	   1.5884	2.623e-04	   0.078	   160.920
 195	98	 4.6883	 1.0129	   1.5210	        1.5215	          0.0005	   1.5912	6.130e-04	   0.069	   161.762
 196	98	 4.6901	 1.0118	   1.5210	        1.5215	          0.0005	   1.5614	2.426e-04	   0.081	   162.612
 197	99	 4.6881	 1.0118	   1.5210	        1.5215	          0.0005	   1.5670	2.322e-04	   0.058	   163.414
 198	99	 4.6901	 1.0119	   1.5210	        1.5215	          0.0005	   1.5875	2.465e-04	   0.073	   164.244
 199	100	 4.6902	 1.0111	   1.5210	        1.5215	          0.0005	   1.5636	3.265e-04	   0.078	   165.075
 200	100	 4.6907	 1.0115	   1.5210	        1.5215	          0.0005	   1.5862	2.197e-04	   0.068	   165.932
 201	101	 4.6888	 1.0127	   1.5210	        1.5215	          0.0005	   1.5947	5.623e-04	   0.071	   166.848
 202	101	 4.6904	 1.0111	   1.5210	        1.5215	          0.0005	   1.5506	3.032e-04	   0.073	   167.735
 203	102	 4.6890	 1.0123	   1.5210	        1.5215	          0.0005	   1.5918	3.760e-04	   0.076	   168.562
 204	102	 4.6903	 1.0113	   1.5210	        1.5215	          0.0005	   1.5643	2.562e-04	   0.069	   169.375
 205	103	 4.6890	 1.0116	   1.5210	        1.5215	          0.0005	   1.5785	2.174e-04	   0.069	   170.193
 206	103	 4.6894	 1.0111	   1.5210	        1.5215	          0.0005	   1.5666	3.194e-04	   0.076	   171.013
 207	104	 4.6901	 1.0112	   1.5210	        1.5215	          0.0005	   1.5826	2.722e-04	   0.071	   171.834
 208	104	 4.6896	 1.0110	   1.5210	        1.5215	          0.0005	   1.5709	3.604e-04	   0.079	   172.647
 209	105	 4.6896	 1.0118	   1.5210	        1.5215	          0.0005	   1.5979	2.438e-04	   0.076	   173.474
 210	105	 4.6894	 1.0113	   1.5210	        1.5215	          0.0005	   1.5637	2.465e-04	   0.070	   174.294
 211	106	 4.6889	 1.0139	   1.5210	        1.5215	          0.0005	   1.6354	1.091e-03	   0.077	   175.111
 212	106	 4.6888	 1.0117	   1.5210	        1.5215	          0.0005	   1.5239	2.218e-04	   0.066	   175.940
 213	107	 4.6874	 1.0118	   1.5210	        1.5215	          0.0005	   1.5713	2.327e-04	   0.072	   176.793
 214	107	 4.6882	 1.0119	   1.5210	        1.5215	          0.0005	   1.5840	2.588e-04	   0.057	   177.643
 215	108	 4.6883	 1.0113	   1.5210	        1.5215	          0.0005	   1.5653	2.507e-04	   0.071	   178.472
 216	108	 4.6870	 1.0120	   1.5210	        1.5215	          0.0005	   1.5861	2.814e-04	   0.076	   179.297
 217	109	 4.6853	 1.0132	   1.5210	        1.5215	          0.0005	   1.5985	7.521e-04	   0.067	   180.108
 218	109	 4.6868	 1.0123	   1.5210	        1.5215	          0.0005	   1.5623	3.750e-04	   0.073	   180.948
 219	110	 4.6852	 1.0120	   1.5210	        1.5215	          0.0005	   1.5638	2.798e-04	   0.078	   181.787
 220	110	 4.6871	 1.0117	   1.5210	        1.5215	          0.0005	   1.5788	2.278e-04	   0.069	   182.607
 221	111	 4.6871	 1.0122	   1.5210	        1.5215	          0.0005	   1.5885	3.568e-04	   0.074	   183.427
 222	111	 4.6877	 1.0107	   1.5210	        1.5215	          0.0005	   1.5446	4.629e-04	   0.078	   184.245
 223	112	 4.6877	 1.0095	   1.5210	        1.5215	          0.0005	   1.5466	9.844e-04	   0.073	   185.065
 224	112	 4.6876	 1.0108	   1.5210	        1.5215	          0.0005	   1.6090	4.329e-04	   0.082	   185.919
 225	113	 4.6871	 1.0112	   1.5210	        1.5215	          0.0005	   1.5848	2.816e-04	   0.073	   186.807
 226	113	 4.6878	 1.0114	   1.5210	        1.5215	          0.0005	   1.5861	2.368e-04	   0.074	   187.713
 227	114	 4.6869	 1.0109	   1.5210	        1.5215	          0.0005	   1.5613	4.022e-04	   0.065	   188.557
 228	114	 4.6883	 1.0107	   1.5210	        1.5215	          0.0005	   1.5783	4.644e-04	   0.068	   189.371
 229	115	 4.6880	 1.0109	   1.5210	        1.5215	          0.0005	   1.5797	4.033e-04	   0.065	   190.196
 230	115	 4.6880	 1.0111	   1.5210	        1.5215	          0.0005	   1.5823	3.116e-04	   0.069	   191.051
 231	116	 4.6870	 1.0114	   1.5210	        1.5215	          0.0005	   1.5804	2.395e-04	   0.065	   191.865
 232	116	 4.6872	 1.0116	   1.5210	        1.5215	          0.0005	   1.5826	2.195e-04	   0.076	   192.695
 233	117	 4.6874	 1.0118	   1.5210	        1.5215	          0.0005	   1.5833	2.372e-04	   0.071	   193.508
 234	117	 4.6879	 1.0114	   1.5210	        1.5215	          0.0005	   1.5693	2.437e-04	   0.077	   194.323
 235	118	 4.6879	 1.0109	   1.5210	        1.5215	          0.0005	   1.5664	3.932e-04	   0.071	   195.147
 236	118	 4.6880	 1.0115	   1.5210	        1.5215	          0.0005	   1.5933	2.215e-04	   0.085	   195.988
 237	119	 4.6876	 1.0113	   1.5210	        1.5215	          0.0005	   1.5719	2.504e-04	   0.080	   196.882
 238	119	 4.6886	 1.0114	   1.5210	        1.5215	          0.0005	   1.5810	2.447e-04	   0.072	   197.755
 239	120	 4.6878	 1.0120	   1.5210	        1.5215	          0.0005	   1.5890	2.949e-04	   0.079	   198.584
 240	120	 4.6888	 1.0115	   1.5210	        1.5215	          0.0005	   1.5697	2.213e-04	   0.065	   199.393
 241	121	 4.6894	 1.0122	   1.5210	        1.5215	          0.0005	   1.6008	3.339e-04	   0.083	   200.235
 242	121	 4.6886	 1.0117	   1.5210	        1.5215	          0.0005	   1.5596	2.278e-04	   0.073	   201.085
 243	122	 4.6880	 1.0120	   1.5210	        1.5215	          0.0005	   1.5840	2.708e-04	   0.070	   201.931
 244	122	 4.6891	 1.0120	   1.5210	        1.5215	          0.0005	   1.5762	2.756e-04	   0.076	   202.754
 245	123	 4.6901	 1.0112	   1.5210	        1.5215	          0.0005	   1.5639	2.750e-04	   0.068	   203.565
 246	123	 4.6893	 1.0122	   1.5210	        1.5215	          0.0005	   1.5974	3.375e-04	   0.061	   204.357
 247	124	 4.6897	 1.0123	   1.5210	        1.5215	          0.0005	   1.5881	3.937e-04	   0.059	   205.062
 248	124	 4.6892	 1.0118	   1.5210	        1.5215	          0.0005	   1.5565	2.361e-04	   0.060	   205.734
 249	125	 4.6892	 1.0125	   1.5210	        1.5215	          0.0005	   1.5981	4.849e-04	   0.067	   206.464
 250	125	 4.6898	 1.0119	   1.5210	        1.5215	          0.0005	   1.5616	2.467e-04	   0.055	   207.205
 251	126	 4.6903	 1.0129	   1.5210	        1.5215	          0.0005	   1.6102	6.543e-04	   0.062	   207.921
 252	126	 4.6905	 1.0115	   1.5210	        1.5215	          0.0005	   1.5392	2.188e-04	   0.052	   208.613
 253	127	 4.6901	 1.0124	   1.5210	        1.5215	          0.0005	   1.6048	4.429e-04	   0.064	   209.284
 254	127	 4.6910	 1.0115	   1.5210	        1.5215	          0.0005	   1.5512	2.166e-04	   0.059	   209.943
 255	128	 4.6905	 1.0116	   1.5210	        1.5215	          0.0005	   1.5759	2.167e-04	   0.057	   210.604
 256	128	 4.6908	 1.0116	   1.5210	        1.5215	          0.0005	   1.5798	2.159e-04	   0.058	   211.268
 257	129	 4.6892	 1.0113	   1.5210	        1.5215	          0.0005	   1.5601	2.472e-04	   0.054	   211.926
 258	129	 4.6904	 1.0121	   1.5210	        1.5215	          0.0005	   1.6068	3.271e-04	   0.053	   212.583
 259	130	 4.6905	 1.0114	   1.5210	        1.5215	          0.0005	   1.5586	2.430e-04	   0.057	   213.243
 260	130	 4.6897	 1.0120	   1.5210	        1.5215	          0.0005	   1.5887	2.946e-04	   0.055	   213.907
 261	131	 4.6905	 1.0142	   1.5210	        1.5215	          0.0005	   1.6436	1.188e-03	   0.064	   214.592
 262	131	 4.6899	 1.0116	   1.5210	        1.5215	          0.0005	   1.4995	2.164e-04	   0.059	   215.278
 263	132	 4.6892	 1.0113	   1.5210	        1.5215	          0.0005	   1.5657	2.550e-04	   0.052	   215.984
 264	132	 4.6900	 1.0114	   1.5210	        1.5215	          0.0005	   1.5830	2.441e-04	   0.050	   216.643
 265	133	 4.6895	 1.0116	   1.5210	        1.5215	          0.0005	   1.5811	2.168e-04	   0.054	   217.299
 266	133	 4.6902	 1.0116	   1.5210	        1.5215	          0.0005	   1.5810	2.165e-04	   0.065	   218.004
 267	134	 4.6897	 1.0102	   1.5210	        1.5215	          0.0005	   1.5339	6.719e-04	   0.060	   218.665
 268	134	 4.6902	 1.0116	   1.5210	        1.5215	          0.0005	   1.6231	2.168e-04	   0.058	   219.325
 269	135	 4.6886	 1.0102	   1.5210	        1.5215	          0.0005	   1.5238	6.695e-04	   0.062	   219.993
 270	135	 4.6900	 1.0112	   1.5210	        1.5215	          0.0005	   1.6156	2.879e-04	   0.059	   220.654
 271	136	 4.6903	 1.0112	   1.5210	        1.5215	          0.0005	   1.5779	2.858e-04	   0.048	   221.306
 272	136	 4.6905	 1.0111	   1.5210	        1.5215	          0.0005	   1.5753	3.118e-04	   0.050	   221.961
 273	137	 4.6896	 1.0113	   1.5210	        1.5215	          0.0005	   1.5759	2.641e-04	   0.062	   222.672
 274	137	 4.6901	 1.0110	   1.5210	        1.5215	          0.0005	   1.5753	3.388e-04	   0.066	   223.399
 275	138	 4.6911	 1.0124	   1.5210	        1.5215	          0.0005	   1.6263	4.088e-04	   0.054	   224.139
 276	138	 4.6901	 1.0110	   1.5210	        1.5215	          0.0005	   1.5270	3.544e-04	   0.057	   224.837
 277	139	 4.6904	 1.0117	   1.5210	        1.5215	          0.0005	   1.6001	2.213e-04	   0.057	   225.500
 278	139	 4.6895	 1.0115	   1.5210	        1.5215	          0.0005	   1.5658	2.268e-04	   0.056	   226.153
 279	140	 4.6895	 1.0118	   1.5210	        1.5215	          0.0005	   1.5871	2.295e-04	   0.064	   226.816
 280	140	 4.6890	 1.0114	   1.5210	        1.5215	          0.0005	   1.5612	2.427e-04	   0.060	   227.479
 281	141	 4.6899	 1.0116	   1.5210	        1.5215	          0.0005	   1.5882	2.171e-04	   0.068	   228.175
 282	141	 4.6885	 1.0115	   1.5210	        1.5215	          0.0005	   1.5682	2.232e-04	   0.070	   228.902
 283	142	 4.6881	 1.0114	   1.5210	        1.5215	          0.0005	   1.5708	2.423e-04	   0.068	   229.691
 284	142	 4.6884	 1.0112	   1.5210	        1.5215	          0.0005	   1.5734	2.769e-04	   0.055	   230.429
 285	143	 4.6873	 1.0125	   1.5210	        1.5215	          0.0005	   1.6114	4.716e-04	   0.053	   231.143
 286	143	 4.6884	 1.0107	   1.5210	        1.5215	          0.0005	   1.5257	4.841e-04	   0.058	   231.860
 287	144	 4.6889	 1.0100	   1.5210	        1.5215	          0.0005	   1.5599	7.538e-04	   0.060	   232.546
 288	144	 4.6889	 1.0101	   1.5210	        1.5215	          0.0005	   1.5788	7.223e-04	   0.052	   233.230
 289	145	 4.6900	 1.0100	   1.5210	        1.5215	          0.0005	   1.5837	7.467e-04	   0.062	   233.933
 290	145	 4.6884	 1.0104	   1.5210	        1.5215	          0.0005	   1.5769	5.966e-04	   0.058	   234.617
 291	146	 4.6872	 1.0098	   1.5210	        1.5215	          0.0005	   1.5449	8.760e-04	   0.049	   235.284
 292	146	 4.6881	 1.0104	   1.5210	        1.5215	          0.0005	   1.6084	5.830e-04	   0.051	   235.941
 293	147	 4.6887	 1.0095	   1.5210	        1.5215	          0.0005	   1.5506	9.939e-04	   0.062	   236.608
 294	147	 4.6883	 1.0103	   1.5210	        1.5215	          0.0005	   1.5970	6.531e-04	   0.062	   237.272
 295	148	 4.6893	 1.0104	   1.5210	        1.5215	          0.0005	   1.5913	5.860e-04	   0.060	   237.932
 296	148	 4.6881	 1.0100	   1.5210	        1.5215	          0.0005	   1.5535	7.523e-04	   0.060	   238.595
 297	149	 4.6886	 1.0101	   1.5210	        1.5215	          0.0005	   1.5828	7.074e-04	   0.060	   239.262
 298	149	 4.6880	 1.0102	   1.5210	        1.5215	          0.0005	   1.5751	6.948e-04	   0.064	   239.989
 299	150	 4.6876	 1.0101	   1.5210	        1.5215	          0.0005	   1.5653	7.352e-04	   0.060	   240.725
 300	150	 4.6876	 1.0109	   1.5210	        1.5215	          0.0005	   1.6074	3.949e-04	   0.065	   241.443
 301	151	 4.6876	 1.0107	   1.5210	        1.5215	          0.0005	   1.5677	4.645e-04	   0.055	   242.115
 302	151	 4.6880	 1.0108	   1.5210	        1.5215	          0.0005	   1.5846	4.342e-04	   0.056	   242.777
 303	152	 4.6882	 1.0107	   1.5210	        1.5215	          0.0005	   1.5781	4.523e-04	   0.050	   243.442
 304	152	 4.6880	 1.0107	   1.5210	        1.5215	          0.0005	   1.5713	4.841e-04	   0.049	   244.096
 305	153	 4.6880	 1.0109	   1.5210	        1.5215	          0.0005	   1.5814	3.751e-04	   0.053	   244.756
 306	153	 4.6884	 1.0105	   1.5210	        1.5215	          0.0005	   1.5684	5.483e-04	   0.061	   245.418
 307	154	 4.6883	 1.0108	   1.5210	        1.5215	          0.0005	   1.5858	4.472e-04	   0.060	   246.082
 308	154	 4.6882	 1.0104	   1.5210	        1.5215	          0.0005	   1.5607	6.117e-04	   0.056	   246.744
 309	155	 4.6885	 1.0109	   1.5210	        1.5215	          0.0005	   1.5968	4.062e-04	   0.065	   247.415
 310	155	 4.6886	 1.0097	   1.5210	        1.5215	          0.0005	   1.5381	8.864e-04	   0.064	   248.089
 311	156	 4.6883	 1.0106	   1.5210	        1.5215	          0.0005	   1.6047	5.008e-04	   0.054	   248.770
 312	156	 4.6882	 1.0098	   1.5210	        1.5215	          0.0005	   1.5472	8.600e-04	   0.052	   249.470
 313	157	 4.6874	 1.0106	   1.5210	        1.5215	          0.0005	   1.5966	5.166e-04	   0.062	   250.159
 314	157	 4.6881	 1.0098	   1.5210	        1.5215	          0.0005	   1.5547	8.814e-04	   0.055	   250.839
 315	158	 4.6885	 1.0106	   1.5210	        1.5215	          0.0005	   1.6101	5.222e-04	   0.053	   251.500
 316	158	 4.6882	 1.0099	   1.5210	        1.5215	          0.0005	   1.5496	8.167e-04	   0.055	   252.165
 317	159	 4.6890	 1.0106	   1.5210	        1.5215	          0.0005	   1.6074	5.153e-04	   0.052	   252.823
 318	159	 4.6883	 1.0099	   1.5210	        1.5215	          0.0005	   1.5476	7.941e-04	   0.055	   253.480
 319	160	 4.6867	 1.0101	   1.5210	        1.5215	          0.0005	   1.5706	7.381e-04	   0.056	   254.138
 320	160	 4.6878	 1.0104	   1.5210	        1.5215	          0.0005	   1.5939	6.070e-04	   0.057	   254.806
 321	161	 4.6874	 1.0117	   1.5210	        1.5215	          0.0005	   1.6202	2.209e-04	   0.061	   255.469
 322	161	 4.6882	 1.0103	   1.5210	        1.5215	          0.0005	   1.5309	6.354e-04	   0.066	   256.174
 323	162	 4.6884	 1.0095	   1.5210	        1.5215	          0.0005	   1.5463	9.919e-04	   0.071	   256.898
 324	162	 4.6889	 1.0105	   1.5210	        1.5215	          0.0005	   1.6159	5.664e-04	   0.055	   257.630
 325	163	 4.6885	 1.0097	   1.5210	        1.5215	          0.0005	   1.5455	9.241e-04	   0.052	   258.324
 326	163	 4.6888	 1.0103	   1.5210	        1.5215	          0.0005	   1.6031	6.205e-04	   0.065	   258.991
 327	164	 4.6886	 1.0106	   1.5210	        1.5215	          0.0005	   1.5844	5.108e-04	   0.052	   259.649
 328	164	 4.6890	 1.0104	   1.5210	        1.5215	          0.0005	   1.5724	6.007e-04	   0.055	   260.312
 329	165	 4.6890	 1.0104	   1.5210	        1.5215	          0.0005	   1.5750	5.874e-04	   0.062	   260.983
 330	165	 4.6889	 1.0107	   1.5210	        1.5215	          0.0005	   1.5891	4.800e-04	   0.056	   261.690
 331	166	 4.6892	 1.0106	   1.5210	        1.5215	          0.0005	   1.5766	5.151e-04	   0.048	   262.367
 332	166	 4.6891	 1.0108	   1.5210	        1.5215	          0.0005	   1.5822	4.322e-04	   0.052	   263.022
 333	167	 4.6895	 1.0117	   1.5210	        1.5215	          0.0005	   1.6168	2.256e-04	   0.059	   263.690
 334	167	 4.6895	 1.0108	   1.5210	        1.5215	          0.0005	   1.5408	4.246e-04	   0.058	   264.350
 335	168	 4.6882	 1.0106	   1.5210	        1.5215	          0.0005	   1.5637	5.129e-04	   0.060	   265.057
 336	168	 4.6890	 1.0103	   1.5210	        1.5215	          0.0005	   1.5671	6.232e-04	   0.068	   265.763
 337	169	 4.6891	 1.0099	   1.5210	        1.5215	          0.0005	   1.5667	7.934e-04	   0.061	   266.486
 338	169	 4.6883	 1.0105	   1.5210	        1.5215	          0.0005	   1.5895	5.427e-04	   0.056	   267.154
 339	170	 4.6878	 1.0102	   1.5210	        1.5215	          0.0005	   1.5601	6.955e-04	   0.061	   267.813
 340	170	 4.6885	 1.0107	   1.5210	        1.5215	          0.0005	   1.6040	4.600e-04	   0.058	   268.476
 341	171	 4.6882	 1.0099	   1.5210	        1.5215	          0.0005	   1.5424	8.283e-04	   0.057	   269.137
 342	171	 4.6882	 1.0107	   1.5210	        1.5215	          0.0005	   1.6091	4.710e-04	   0.056	   269.802
 343	172	 4.6880	 1.0119	   1.5210	        1.5215	          0.0005	   1.6249	2.524e-04	   0.053	   270.464
 344	172	 4.6883	 1.0111	   1.5210	        1.5215	          0.0005	   1.5465	3.152e-04	   0.048	   271.120
 345	173	 4.6871	 1.0112	   1.5210	        1.5215	          0.0005	   1.5723	2.856e-04	   0.048	   271.775
 346	173	 4.6873	 1.0114	   1.5210	        1.5215	          0.0005	   1.5851	2.350e-04	   0.065	   272.445
 347	174	 4.6878	 1.0113	   1.5210	        1.5215	          0.0005	   1.5755	2.702e-04	   0.059	   273.176
 348	174	 4.6875	 1.0114	   1.5210	        1.5215	          0.0005	   1.5789	2.437e-04	   0.059	   273.922
 349	175	 4.6881	 1.0114	   1.5210	        1.5215	          0.0005	   1.5828	2.396e-04	   0.070	   274.641
 350	175	 4.6878	 1.0112	   1.5210	        1.5215	          0.0005	   1.5681	2.740e-04	   0.059	   275.315
 351	176	 4.6867	 1.0117	   1.5210	        1.5215	          0.0005	   1.5896	2.297e-04	   0.056	   275.969
 352	176	 4.6874	 1.0112	   1.5210	        1.5215	          0.0005	   1.5608	2.787e-04	   0.053	   276.622
 353	177	 4.6877	 1.0112	   1.5210	        1.5215	          0.0005	   1.5758	2.995e-04	   0.060	   277.291
 354	177	 4.6878	 1.0111	   1.5210	        1.5215	          0.0005	   1.5779	3.118e-04	   0.062	   277.956
 355	178	 4.6875	 1.0109	   1.5210	        1.5215	          0.0005	   1.5642	3.803e-04	   0.050	   278.614
 356	178	 4.6883	 1.0106	   1.5210	        1.5215	          0.0005	   1.5738	4.920e-04	   0.057	   279.278
 357	179	 4.6891	 1.0105	   1.5210	        1.5215	          0.0005	   1.5731	5.472e-04	   0.051	   279.936
 358	179	 4.6879	 1.0108	   1.5210	        1.5215	          0.0005	   1.5839	4.159e-04	   0.052	   280.592
 359	180	 4.6880	 1.0101	   1.5210	        1.5215	          0.0005	   1.5513	7.263e-04	   0.062	   281.268
 360	180	 4.6873	 1.0113	   1.5210	        1.5215	          0.0005	   1.6174	2.591e-04	   0.060	   281.967
 361	181	 4.6865	 1.0120	   1.5210	        1.5215	          0.0005	   1.6000	2.847e-04	   0.062	   282.712
 362	181	 4.6870	 1.0113	   1.5210	        1.5215	          0.0005	   1.5520	2.599e-04	   0.059	   283.371
 363	182	 4.6868	 1.0106	   1.5210	        1.5215	          0.0005	   1.5470	4.939e-04	   0.058	   284.035
 364	182	 4.6870	 1.0116	   1.5210	        1.5215	          0.0005	   1.6161	2.209e-04	   0.052	   284.690
 365	183	 4.6861	 1.0119	   1.5210	        1.5215	          0.0005	   1.5823	2.486e-04	   0.056	   285.350
 366	183	 4.6865	 1.0119	   1.5210	        1.5215	          0.0005	   1.5827	2.556e-04	   0.061	   286.011
 367	184	 4.6869	 1.0117	   1.5210	        1.5215	          0.0005	   1.5757	2.275e-04	   0.058	   286.674
 368	184	 4.6867	 1.0115	   1.5210	        1.5215	          0.0005	   1.5635	2.302e-04	   0.056	   287.335
 369	185	 4.6870	 1.0119	   1.5210	        1.5215	          0.0005	   1.6004	2.582e-04	   0.059	   287.999
 370	185	 4.6864	 1.0118	   1.5210	        1.5215	          0.0005	   1.5682	2.392e-04	   0.052	   288.661
 371	186	 4.6865	 1.0120	   1.5210	        1.5215	          0.0005	   1.5863	2.972e-04	   0.053	   289.355
 372	186	 4.6868	 1.0118	   1.5210	        1.5215	          0.0005	   1.5699	2.320e-04	   0.058	   290.070
 373	187	 4.6876	 1.0126	   1.5210	        1.5215	          0.0005	   1.6155	4.872e-04	   0.064	   290.850
 374	187	 4.6874	 1.0117	   1.5210	        1.5215	          0.0005	   1.5382	2.213e-04	   0.062	   291.597
 375	188	 4.6886	 1.0110	   1.5210	        1.5215	          0.0005	   1.5572	3.376e-04	   0.066	   292.336
 376	188	 4.6874	 1.0116	   1.5210	        1.5215	          0.0005	   1.5955	2.195e-04	   0.067	   293.130
 377	189	 4.6884	 1.0112	   1.5210	        1.5215	          0.0005	   1.5658	2.776e-04	   0.065	   293.886
 378	189	 4.6878	 1.0115	   1.5210	        1.5215	          0.0005	   1.5858	2.242e-04	   0.060	   294.591
 379	190	 4.6879	 1.0117	   1.5210	        1.5215	          0.0005	   1.5845	2.207e-04	   0.063	   295.264
 380	190	 4.6878	 1.0116	   1.5210	        1.5215	          0.0005	   1.5746	2.187e-04	   0.060	   295.925
 381	191	 4.6877	 1.0114	   1.5210	        1.5215	          0.0005	   1.5665	2.326e-04	   0.059	   296.591
 382	191	 4.6880	 1.0115	   1.5210	        1.5215	          0.0005	   1.5855	2.212e-04	   0.063	   297.255
 383	192	 4.6882	 1.0121	   1.5210	        1.5215	          0.0005	   1.6053	3.233e-04	   0.053	   297.915
 384	192	 4.6879	 1.0115	   1.5210	        1.5215	          0.0005	   1.5486	2.215e-04	   0.055	   298.658
 385	193	 4.6881	 1.0114	   1.5210	        1.5215	          0.0005	   1.5721	2.473e-04	   0.060	   299.359
 386	193	 4.6881	 1.0117	   1.5210	        1.5215	          0.0005	   1.5896	2.197e-04	   0.057	   300.049
 387	194	 4.6878	 1.0110	   1.5210	        1.5215	          0.0005	   1.5437	3.608e-04	   0.052	   300.715
 388	194	 4.6880	 1.0118	   1.5210	        1.5215	          0.0005	   1.6136	2.376e-04	   0.054	   301.376
 389	195	 4.6882	 1.0119	   1.5210	        1.5215	          0.0005	   1.5826	2.465e-04	   0.063	   302.046
 390	195	 4.6880	 1.0118	   1.5210	        1.5215	          0.0005	   1.5728	2.422e-04	   0.054	   302.702
 391	196	 4.6877	 1.0123	   1.5210	        1.5215	          0.0005	   1.5967	3.946e-04	   0.055	   303.359
 392	196	 4.6873	 1.0117	   1.5210	        1.5215	          0.0005	   1.5453	2.221e-04	   0.052	   304.014
 393	197	 4.6873	 1.0116	   1.5210	        1.5215	          0.0005	   1.5747	2.194e-04	   0.064	   304.686
 394	197	 4.6870	 1.0115	   1.5210	        1.5215	          0.0005	   1.5685	2.307e-04	   0.059	   305.345
 395	198	 4.6860	 1.0109	   1.5210	        1.5215	          0.0005	   1.5420	3.819e-04	   0.059	   306.008
 396	198	 4.6870	 1.0110	   1.5210	        1.5215	          0.0005	   1.5902	3.662e-04	   0.066	   306.741
 397	199	 4.6872	 1.0111	   1.5210	        1.5215	          0.0005	   1.5856	3.059e-04	   0.058	   307.477
 398	199	 4.6870	 1.0109	   1.5210	        1.5215	          0.0005	   1.5677	3.844e-04	   0.057	   308.187
 399	200	 4.6870	 1.0107	   1.5210	        1.5215	          0.0005	   1.5691	4.579e-04	   0.056	   308.864
 400	200	 4.6873	 1.0110	   1.5210	        1.5215	          0.0005	   1.5934	3.396e-04	   0.055	   309.528

[BSGD] Finished on device cuda -> σ_f² ≈ 4.6873, σ_ε² ≈ 1.0110
