[GPU 1][JOB 114] 'python cli.py bsgd --n 1024 --lengthscale 0.5 --sigma-f2-true 4.0 --sigma-eps2-true 1.0 --n-epochs 200 --device auto --theta-min 1e-4 --theta-max 20.0 --print-every 1 --seed 3 --batch-size 1024 --sigma-f2-init 5.0 --sigma-eps2-init 3.0 --alpha1 9.0 '

=== BSGD (biased SGD on exact kernel) ===
iter	epoch	σ_f²	σ_ε²	real_nlml	real_nlml_true	real_nlml_abs_err	mini_nlml	||grad||	duration_s	wall_time_s
   1	 1	 4.4956	 2.0718	   1.6204	        1.5308	          0.0897	   1.6204	1.135e-01	   0.532	     0.719
   2	 2	 4.3383	 1.5611	   1.5643	        1.5308	          0.0335	   1.5643	1.007e-01	   0.104	     1.670
   3	 3	 4.2763	 1.2591	   1.5383	        1.5308	          0.0076	   1.5383	6.480e-02	   0.118	     2.671
   4	 4	 4.2525	 1.1133	   1.5314	        1.5308	          0.0006	   1.5314	2.744e-02	   0.114	     3.663
   5	 5	 4.2438	 1.0639	   1.5304	        1.5308	          0.0003	   1.5304	9.502e-03	   0.115	     4.655
   6	 6	 4.2399	 1.0497	   1.5303	        1.5308	          0.0004	   1.5303	3.671e-03	   0.098	     5.648
   7	 7	 4.2374	 1.0450	   1.5303	        1.5308	          0.0004	   1.5303	1.669e-03	   0.113	     6.654
   8	 8	 4.2357	 1.0431	   1.5303	        1.5308	          0.0004	   1.5303	8.620e-04	   0.122	     7.675
   9	 9	 4.2343	 1.0422	   1.5303	        1.5308	          0.0004	   1.5303	4.894e-04	   0.113	     8.661
  10	10	 4.2332	 1.0418	   1.5303	        1.5308	          0.0004	   1.5303	2.985e-04	   0.114	     9.715
  11	11	 4.2323	 1.0415	   1.5303	        1.5308	          0.0004	   1.5303	1.927e-04	   0.101	    10.716
  12	12	 4.2314	 1.0414	   1.5303	        1.5308	          0.0004	   1.5303	1.303e-04	   0.113	    11.718
  13	13	 4.2307	 1.0413	   1.5303	        1.5308	          0.0004	   1.5303	9.167e-05	   0.115	    12.717
  14	14	 4.2301	 1.0412	   1.5303	        1.5308	          0.0004	   1.5303	6.686e-05	   0.121	    13.713
  15	15	 4.2295	 1.0412	   1.5303	        1.5308	          0.0004	   1.5303	5.046e-05	   0.109	    14.704
  16	16	 4.2290	 1.0412	   1.5303	        1.5308	          0.0004	   1.5303	3.938e-05	   0.097	    15.697
  17	17	 4.2285	 1.0412	   1.5303	        1.5308	          0.0004	   1.5303	3.178e-05	   0.114	    16.707
  18	18	 4.2281	 1.0411	   1.5303	        1.5308	          0.0004	   1.5303	2.652e-05	   0.124	    17.728
  19	19	 4.2277	 1.0411	   1.5303	        1.5308	          0.0004	   1.5303	2.283e-05	   0.133	    18.791
  20	20	 4.2273	 1.0411	   1.5303	        1.5308	          0.0004	   1.5303	2.021e-05	   0.111	    19.852
  21	21	 4.2270	 1.0411	   1.5303	        1.5308	          0.0004	   1.5303	1.834e-05	   0.111	    20.933
  22	22	 4.2267	 1.0411	   1.5303	        1.5308	          0.0004	   1.5303	1.697e-05	   0.113	    21.948
  23	23	 4.2264	 1.0411	   1.5303	        1.5308	          0.0004	   1.5303	1.595e-05	   0.115	    22.942
  24	24	 4.2261	 1.0411	   1.5303	        1.5308	          0.0004	   1.5303	1.516e-05	   0.121	    23.944
  25	25	 4.2259	 1.0411	   1.5303	        1.5308	          0.0004	   1.5303	1.454e-05	   0.110	    24.932
  26	26	 4.2256	 1.0411	   1.5303	        1.5308	          0.0004	   1.5303	1.403e-05	   0.102	    25.927
  27	27	 4.2254	 1.0411	   1.5303	        1.5308	          0.0004	   1.5303	1.361e-05	   0.110	    26.932
  28	28	 4.2252	 1.0411	   1.5303	        1.5308	          0.0004	   1.5303	1.324e-05	   0.120	    27.931
  29	29	 4.2250	 1.0411	   1.5303	        1.5308	          0.0004	   1.5303	1.293e-05	   0.119	    28.950
  30	30	 4.2248	 1.0411	   1.5303	        1.5308	          0.0004	   1.5303	1.264e-05	   0.111	    29.941
  31	31	 4.2246	 1.0411	   1.5303	        1.5308	          0.0004	   1.5303	1.238e-05	   0.103	    31.007
  32	32	 4.2245	 1.0411	   1.5303	        1.5308	          0.0004	   1.5303	1.215e-05	   0.110	    32.005
  33	33	 4.2243	 1.0411	   1.5303	        1.5308	          0.0004	   1.5303	1.193e-05	   0.120	    33.006
  34	34	 4.2242	 1.0411	   1.5303	        1.5308	          0.0004	   1.5303	1.172e-05	   0.118	    34.002
  35	35	 4.2240	 1.0411	   1.5303	        1.5308	          0.0004	   1.5303	1.153e-05	   0.111	    34.992
  36	36	 4.2239	 1.0411	   1.5303	        1.5308	          0.0004	   1.5303	1.134e-05	   0.099	    35.988
  37	37	 4.2237	 1.0411	   1.5303	        1.5308	          0.0004	   1.5303	1.117e-05	   0.113	    36.991
  38	38	 4.2236	 1.0411	   1.5303	        1.5308	          0.0004	   1.5303	1.100e-05	   0.134	    38.097
  39	39	 4.2235	 1.0411	   1.5303	        1.5308	          0.0004	   1.5303	1.085e-05	   0.128	    39.166
  40	40	 4.2234	 1.0411	   1.5303	        1.5308	          0.0004	   1.5303	1.069e-05	   0.126	    40.224
  41	41	 4.2232	 1.0411	   1.5303	        1.5308	          0.0004	   1.5303	1.055e-05	   0.109	    41.315
  42	42	 4.2231	 1.0411	   1.5303	        1.5308	          0.0004	   1.5303	1.041e-05	   0.116	    42.341
  43	43	 4.2230	 1.0411	   1.5303	        1.5308	          0.0004	   1.5303	1.027e-05	   0.112	    43.333
  44	44	 4.2229	 1.0411	   1.5303	        1.5308	          0.0004	   1.5303	1.014e-05	   0.120	    44.332
  45	45	 4.2228	 1.0411	   1.5303	        1.5308	          0.0004	   1.5303	1.002e-05	   0.111	    45.323
  46	46	 4.2227	 1.0411	   1.5303	        1.5308	          0.0004	   1.5303	9.897e-06	   0.100	    46.315
  47	47	 4.2226	 1.0411	   1.5303	        1.5308	          0.0004	   1.5303	9.780e-06	   0.114	    47.325
  48	48	 4.2225	 1.0411	   1.5303	        1.5308	          0.0004	   1.5303	9.666e-06	   0.115	    48.319
  49	49	 4.2224	 1.0411	   1.5303	        1.5308	          0.0004	   1.5303	9.556e-06	   0.118	    49.339
  50	50	 4.2224	 1.0411	   1.5303	        1.5308	          0.0004	   1.5303	9.450e-06	   0.106	    50.330
  51	51	 4.2223	 1.0411	   1.5303	        1.5308	          0.0004	   1.5303	9.347e-06	   0.103	    51.394
  52	52	 4.2222	 1.0411	   1.5303	        1.5308	          0.0004	   1.5303	9.246e-06	   0.112	    52.398
  53	53	 4.2221	 1.0411	   1.5303	        1.5308	          0.0004	   1.5303	9.149e-06	   0.115	    53.396
  54	54	 4.2220	 1.0411	   1.5303	        1.5308	          0.0004	   1.5303	9.054e-06	   0.121	    54.394
  55	55	 4.2220	 1.0411	   1.5303	        1.5308	          0.0004	   1.5303	8.962e-06	   0.108	    55.382
  56	56	 4.2219	 1.0411	   1.5303	        1.5308	          0.0004	   1.5303	8.873e-06	   0.104	    56.379
  57	57	 4.2218	 1.0411	   1.5303	        1.5308	          0.0004	   1.5303	8.786e-06	   0.112	    57.384
  58	58	 4.2218	 1.0411	   1.5303	        1.5308	          0.0004	   1.5303	8.701e-06	   0.128	    58.418
  59	59	 4.2217	 1.0411	   1.5303	        1.5308	          0.0004	   1.5303	8.618e-06	   0.116	    59.455
  60	60	 4.2216	 1.0411	   1.5303	        1.5308	          0.0004	   1.5303	8.538e-06	   0.123	    60.483
  61	61	 4.2216	 1.0411	   1.5303	        1.5308	          0.0004	   1.5303	8.459e-06	   0.112	    61.585
  62	62	 4.2215	 1.0411	   1.5303	        1.5308	          0.0004	   1.5303	8.383e-06	   0.102	    62.622
  63	63	 4.2215	 1.0411	   1.5303	        1.5308	          0.0004	   1.5303	8.308e-06	   0.119	    63.626
  64	64	 4.2214	 1.0411	   1.5303	        1.5308	          0.0004	   1.5303	8.235e-06	   0.114	    64.615
  65	65	 4.2213	 1.0411	   1.5303	        1.5308	          0.0004	   1.5303	8.164e-06	   0.114	    65.611
  66	66	 4.2213	 1.0411	   1.5303	        1.5308	          0.0004	   1.5303	8.094e-06	   0.097	    66.604
  67	67	 4.2212	 1.0411	   1.5303	        1.5308	          0.0004	   1.5303	8.027e-06	   0.116	    67.611
  68	68	 4.2212	 1.0411	   1.5303	        1.5308	          0.0004	   1.5303	7.960e-06	   0.118	    68.610
  69	69	 4.2211	 1.0411	   1.5303	        1.5308	          0.0004	   1.5303	7.895e-06	   0.117	    69.624
  70	70	 4.2211	 1.0411	   1.5303	        1.5308	          0.0004	   1.5303	7.832e-06	   0.113	    70.620
  71	71	 4.2210	 1.0411	   1.5303	        1.5308	          0.0004	   1.5303	7.770e-06	   0.103	    71.675
  72	72	 4.2210	 1.0411	   1.5303	        1.5308	          0.0004	   1.5303	7.709e-06	   0.112	    72.685
  73	73	 4.2209	 1.0411	   1.5303	        1.5308	          0.0004	   1.5303	7.650e-06	   0.115	    73.683
  74	74	 4.2209	 1.0411	   1.5303	        1.5308	          0.0004	   1.5303	7.591e-06	   0.120	    74.679
  75	75	 4.2209	 1.0411	   1.5303	        1.5308	          0.0004	   1.5303	7.534e-06	   0.111	    75.669
  76	76	 4.2208	 1.0411	   1.5303	        1.5308	          0.0004	   1.5303	7.479e-06	   0.116	    76.729
  77	77	 4.2208	 1.0411	   1.5303	        1.5308	          0.0004	   1.5303	7.424e-06	   0.134	    77.926
  78	78	 4.2207	 1.0411	   1.5303	        1.5308	          0.0004	   1.5303	7.370e-06	   0.131	    79.088
  79	79	 4.2207	 1.0411	   1.5303	        1.5308	          0.0004	   1.5303	7.318e-06	   0.124	    80.150
  80	80	 4.2206	 1.0411	   1.5303	        1.5308	          0.0004	   1.5303	7.266e-06	   0.114	    81.162
  81	81	 4.2206	 1.0411	   1.5303	        1.5308	          0.0004	   1.5303	7.215e-06	   0.109	    82.267
  82	82	 4.2206	 1.0411	   1.5303	        1.5308	          0.0004	   1.5303	7.166e-06	   0.106	    83.322
  83	83	 4.2205	 1.0411	   1.5303	        1.5308	          0.0004	   1.5303	7.117e-06	   0.119	    84.319
  84	84	 4.2205	 1.0411	   1.5303	        1.5308	          0.0004	   1.5303	7.069e-06	   0.121	    85.320
  85	85	 4.2205	 1.0411	   1.5303	        1.5308	          0.0004	   1.5303	7.022e-06	   0.111	    86.307
  86	86	 4.2204	 1.0411	   1.5303	        1.5308	          0.0004	   1.5303	6.976e-06	   0.103	    87.306
  87	87	 4.2204	 1.0411	   1.5303	        1.5308	          0.0004	   1.5303	6.931e-06	   0.108	    88.305
  88	88	 4.2203	 1.0411	   1.5303	        1.5308	          0.0004	   1.5303	6.886e-06	   0.121	    89.307
  89	89	 4.2203	 1.0411	   1.5303	        1.5308	          0.0004	   1.5303	6.843e-06	   0.115	    90.319
  90	90	 4.2203	 1.0411	   1.5303	        1.5308	          0.0004	   1.5303	6.800e-06	   0.114	    91.317
  91	91	 4.2202	 1.0411	   1.5303	        1.5308	          0.0004	   1.5303	6.758e-06	   0.114	    92.369
  92	92	 4.2202	 1.0411	   1.5303	        1.5308	          0.0004	   1.5303	6.716e-06	   0.110	    93.382
  93	93	 4.2202	 1.0411	   1.5303	        1.5308	          0.0004	   1.5303	6.675e-06	   0.120	    94.384
  94	94	 4.2202	 1.0411	   1.5303	        1.5308	          0.0004	   1.5303	6.635e-06	   0.115	    95.374
  95	95	 4.2201	 1.0411	   1.5303	        1.5308	          0.0004	   1.5303	6.596e-06	   0.109	    96.369
  96	96	 4.2201	 1.0411	   1.5303	        1.5308	          0.0004	   1.5303	6.557e-06	   0.102	    97.366
  97	97	 4.2201	 1.0411	   1.5303	        1.5308	          0.0004	   1.5303	6.519e-06	   0.118	    98.406
  98	98	 4.2200	 1.0411	   1.5303	        1.5308	          0.0004	   1.5303	6.481e-06	   0.115	    99.406
  99	99	 4.2200	 1.0411	   1.5303	        1.5308	          0.0004	   1.5303	6.444e-06	   0.122	   100.435
 100	100	 4.2200	 1.0411	   1.5303	        1.5308	          0.0004	   1.5303	6.408e-06	   0.114	   101.452
 101	101	 4.2199	 1.0411	   1.5303	        1.5308	          0.0004	   1.5303	6.372e-06	   0.108	   102.546
 102	102	 4.2199	 1.0411	   1.5303	        1.5308	          0.0004	   1.5303	6.336e-06	   0.113	   103.613
 103	103	 4.2199	 1.0411	   1.5303	        1.5308	          0.0004	   1.5303	6.302e-06	   0.116	   104.611
 104	104	 4.2199	 1.0411	   1.5303	        1.5308	          0.0004	   1.5303	6.267e-06	   0.120	   105.605
 105	105	 4.2198	 1.0411	   1.5303	        1.5308	          0.0004	   1.5303	6.234e-06	   0.108	   106.598
 106	106	 4.2198	 1.0411	   1.5303	        1.5308	          0.0004	   1.5303	6.200e-06	   0.103	   107.590
 107	107	 4.2198	 1.0411	   1.5303	        1.5308	          0.0004	   1.5303	6.168e-06	   0.111	   108.598
 108	108	 4.2198	 1.0411	   1.5303	        1.5308	          0.0004	   1.5303	6.135e-06	   0.117	   109.593
 109	109	 4.2197	 1.0411	   1.5303	        1.5308	          0.0004	   1.5303	6.103e-06	   0.124	   110.607
 110	110	 4.2197	 1.0411	   1.5303	        1.5308	          0.0004	   1.5303	6.072e-06	   0.106	   111.601
 111	111	 4.2197	 1.0411	   1.5303	        1.5308	          0.0004	   1.5303	6.041e-06	   0.122	   112.640
 112	112	 4.2197	 1.0411	   1.5303	        1.5308	          0.0004	   1.5303	6.011e-06	   0.107	   113.670
 113	113	 4.2196	 1.0411	   1.5303	        1.5308	          0.0004	   1.5303	5.980e-06	   0.121	   114.674
 114	114	 4.2196	 1.0411	   1.5303	        1.5308	          0.0004	   1.5303	5.951e-06	   0.121	   115.670
 115	115	 4.2196	 1.0411	   1.5303	        1.5308	          0.0004	   1.5303	5.922e-06	   0.114	   116.692
 116	116	 4.2196	 1.0411	   1.5303	        1.5308	          0.0004	   1.5303	5.893e-06	   0.109	   117.763
 117	117	 4.2195	 1.0411	   1.5303	        1.5308	          0.0004	   1.5303	5.864e-06	   0.113	   118.796
 118	118	 4.2195	 1.0411	   1.5303	        1.5308	          0.0004	   1.5303	5.836e-06	   0.118	   119.798
 119	119	 4.2195	 1.0411	   1.5303	        1.5308	          0.0004	   1.5303	5.808e-06	   0.120	   120.821
 120	120	 4.2195	 1.0411	   1.5303	        1.5308	          0.0004	   1.5303	5.781e-06	   0.113	   121.841
 121	121	 4.2195	 1.0411	   1.5303	        1.5308	          0.0004	   1.5303	5.754e-06	   0.114	   122.926
 122	122	 4.2194	 1.0411	   1.5303	        1.5308	          0.0004	   1.5303	5.727e-06	   0.114	   124.008
 123	123	 4.2194	 1.0411	   1.5303	        1.5308	          0.0004	   1.5303	5.701e-06	   0.121	   125.007
 124	124	 4.2194	 1.0411	   1.5303	        1.5308	          0.0004	   1.5303	5.675e-06	   0.116	   125.997
 125	125	 4.2194	 1.0411	   1.5303	        1.5308	          0.0004	   1.5303	5.649e-06	   0.113	   126.991
 126	126	 4.2194	 1.0411	   1.5303	        1.5308	          0.0004	   1.5303	5.624e-06	   0.102	   127.986
 127	127	 4.2193	 1.0411	   1.5303	        1.5308	          0.0004	   1.5303	5.599e-06	   0.115	   128.993
 128	128	 4.2193	 1.0411	   1.5303	        1.5308	          0.0004	   1.5303	5.574e-06	   0.115	   129.990
 129	129	 4.2193	 1.0411	   1.5303	        1.5308	          0.0004	   1.5303	5.549e-06	   0.127	   130.990
 130	130	 4.2193	 1.0411	   1.5303	        1.5308	          0.0004	   1.5303	5.525e-06	   0.109	   132.002
 131	131	 4.2193	 1.0411	   1.5303	        1.5308	          0.0004	   1.5303	5.501e-06	   0.114	   133.010
 132	132	 4.2192	 1.0411	   1.5303	        1.5308	          0.0004	   1.5303	5.478e-06	   0.114	   134.069
 133	133	 4.2192	 1.0411	   1.5303	        1.5308	          0.0004	   1.5303	5.454e-06	   0.113	   135.061
 134	134	 4.2192	 1.0411	   1.5303	        1.5308	          0.0004	   1.5303	5.431e-06	   0.122	   136.061
 135	135	 4.2192	 1.0411	   1.5303	        1.5308	          0.0004	   1.5303	5.408e-06	   0.106	   137.049
 136	136	 4.2192	 1.0411	   1.5303	        1.5308	          0.0004	   1.5303	5.386e-06	   0.110	   138.086
 137	137	 4.2192	 1.0411	   1.5303	        1.5308	          0.0004	   1.5303	5.364e-06	   0.113	   139.091
 138	138	 4.2191	 1.0411	   1.5303	        1.5308	          0.0004	   1.5303	5.342e-06	   0.115	   140.085
 139	139	 4.2191	 1.0411	   1.5303	        1.5308	          0.0004	   1.5303	5.320e-06	   0.124	   141.109
 140	140	 4.2191	 1.0411	   1.5303	        1.5308	          0.0004	   1.5303	5.298e-06	   0.106	   142.128
 141	141	 4.2191	 1.0411	   1.5303	        1.5308	          0.0004	   1.5303	5.277e-06	   0.115	   143.200
 142	142	 4.2191	 1.0411	   1.5303	        1.5308	          0.0004	   1.5303	5.256e-06	   0.118	   144.296
 143	143	 4.2191	 1.0411	   1.5303	        1.5308	          0.0004	   1.5303	5.235e-06	   0.117	   145.294
 144	144	 4.2190	 1.0411	   1.5303	        1.5308	          0.0004	   1.5303	5.215e-06	   0.118	   146.290
 145	145	 4.2190	 1.0411	   1.5303	        1.5308	          0.0004	   1.5303	5.194e-06	   0.110	   147.281
 146	146	 4.2190	 1.0411	   1.5303	        1.5308	          0.0004	   1.5303	5.174e-06	   0.105	   148.279
 147	147	 4.2190	 1.0411	   1.5303	        1.5308	          0.0004	   1.5303	5.154e-06	   0.110	   149.280
 148	148	 4.2190	 1.0411	   1.5303	        1.5308	          0.0004	   1.5303	5.134e-06	   0.120	   150.280
 149	149	 4.2190	 1.0411	   1.5303	        1.5308	          0.0004	   1.5303	5.115e-06	   0.117	   151.276
 150	150	 4.2190	 1.0411	   1.5303	        1.5308	          0.0004	   1.5303	5.096e-06	   0.112	   152.289
 151	151	 4.2189	 1.0411	   1.5303	        1.5308	          0.0004	   1.5303	5.076e-06	   0.106	   153.291
 152	152	 4.2189	 1.0411	   1.5303	        1.5308	          0.0004	   1.5303	5.057e-06	   0.121	   154.375
 153	153	 4.2189	 1.0411	   1.5303	        1.5308	          0.0004	   1.5303	5.039e-06	   0.139	   155.527
 154	154	 4.2189	 1.0411	   1.5303	        1.5308	          0.0004	   1.5303	5.020e-06	   0.127	   156.671
 155	155	 4.2189	 1.0411	   1.5303	        1.5308	          0.0004	   1.5303	5.002e-06	   0.124	   157.791
 156	156	 4.2189	 1.0411	   1.5303	        1.5308	          0.0004	   1.5303	4.984e-06	   0.099	   158.847
 157	157	 4.2188	 1.0411	   1.5303	        1.5308	          0.0004	   1.5303	4.966e-06	   0.118	   159.860
 158	158	 4.2188	 1.0411	   1.5303	        1.5308	          0.0004	   1.5303	4.948e-06	   0.112	   160.852
 159	159	 4.2188	 1.0411	   1.5303	        1.5308	          0.0004	   1.5303	4.930e-06	   0.124	   161.867
 160	160	 4.2188	 1.0411	   1.5303	        1.5308	          0.0004	   1.5303	4.913e-06	   0.119	   162.896
 161	161	 4.2188	 1.0411	   1.5303	        1.5308	          0.0004	   1.5303	4.895e-06	   0.110	   163.944
 162	162	 4.2188	 1.0411	   1.5303	        1.5308	          0.0004	   1.5303	4.878e-06	   0.127	   165.056
 163	163	 4.2188	 1.0411	   1.5303	        1.5308	          0.0004	   1.5303	4.861e-06	   0.115	   166.057
 164	164	 4.2188	 1.0411	   1.5303	        1.5308	          0.0004	   1.5303	4.845e-06	   0.120	   167.057
 165	165	 4.2187	 1.0411	   1.5303	        1.5308	          0.0004	   1.5303	4.828e-06	   0.108	   168.045
 166	166	 4.2187	 1.0411	   1.5303	        1.5308	          0.0004	   1.5303	4.811e-06	   0.103	   169.043
 167	167	 4.2187	 1.0411	   1.5303	        1.5308	          0.0004	   1.5303	4.795e-06	   0.112	   170.046
 168	168	 4.2187	 1.0411	   1.5303	        1.5308	          0.0004	   1.5303	4.779e-06	   0.117	   171.045
 169	169	 4.2187	 1.0411	   1.5303	        1.5308	          0.0004	   1.5303	4.763e-06	   0.121	   172.042
 170	170	 4.2187	 1.0411	   1.5303	        1.5308	          0.0004	   1.5303	4.747e-06	   0.109	   173.053
 171	171	 4.2187	 1.0411	   1.5303	        1.5308	          0.0004	   1.5303	4.731e-06	   0.103	   174.051
 172	172	 4.2187	 1.0411	   1.5303	        1.5308	          0.0004	   1.5303	4.716e-06	   0.110	   175.122
 173	173	 4.2186	 1.0411	   1.5303	        1.5308	          0.0004	   1.5303	4.700e-06	   0.119	   176.118
 174	174	 4.2186	 1.0411	   1.5303	        1.5308	          0.0004	   1.5303	4.685e-06	   0.116	   177.115
 175	175	 4.2186	 1.0411	   1.5303	        1.5308	          0.0004	   1.5303	4.670e-06	   0.114	   178.145
 176	176	 4.2186	 1.0411	   1.5303	        1.5308	          0.0004	   1.5303	4.655e-06	   0.104	   179.144
 177	177	 4.2186	 1.0411	   1.5303	        1.5308	          0.0004	   1.5303	4.640e-06	   0.110	   180.143
 178	178	 4.2186	 1.0411	   1.5303	        1.5308	          0.0004	   1.5303	4.625e-06	   0.120	   181.147
 179	179	 4.2186	 1.0411	   1.5303	        1.5308	          0.0004	   1.5303	4.610e-06	   0.118	   182.149
 180	180	 4.2186	 1.0411	   1.5303	        1.5308	          0.0004	   1.5303	4.596e-06	   0.119	   183.176
 181	181	 4.2186	 1.0411	   1.5303	        1.5308	          0.0004	   1.5303	4.581e-06	   0.111	   184.218
 182	182	 4.2185	 1.0411	   1.5303	        1.5308	          0.0004	   1.5303	4.567e-06	   0.129	   185.327
 183	183	 4.2185	 1.0411	   1.5303	        1.5308	          0.0004	   1.5303	4.553e-06	   0.120	   186.352
 184	184	 4.2185	 1.0411	   1.5303	        1.5308	          0.0004	   1.5303	4.539e-06	   0.119	   187.345
 185	185	 4.2185	 1.0411	   1.5303	        1.5308	          0.0004	   1.5303	4.525e-06	   0.113	   188.339
 186	186	 4.2185	 1.0411	   1.5303	        1.5308	          0.0004	   1.5303	4.511e-06	   0.098	   189.328
 187	187	 4.2185	 1.0411	   1.5303	        1.5308	          0.0004	   1.5303	4.498e-06	   0.112	   190.336
 188	188	 4.2185	 1.0411	   1.5303	        1.5308	          0.0004	   1.5303	4.484e-06	   0.113	   191.334
 189	189	 4.2185	 1.0411	   1.5303	        1.5308	          0.0004	   1.5303	4.471e-06	   0.121	   192.330
 190	190	 4.2185	 1.0411	   1.5303	        1.5308	          0.0004	   1.5303	4.457e-06	   0.112	   193.346
 191	191	 4.2184	 1.0411	   1.5303	        1.5308	          0.0004	   1.5303	4.444e-06	   0.102	   194.339
 192	192	 4.2184	 1.0411	   1.5303	        1.5308	          0.0004	   1.5303	4.431e-06	   0.121	   195.473
 193	193	 4.2184	 1.0411	   1.5303	        1.5308	          0.0004	   1.5303	4.418e-06	   0.116	   196.479
 194	194	 4.2184	 1.0411	   1.5303	        1.5308	          0.0004	   1.5303	4.405e-06	   0.125	   197.519
 195	195	 4.2184	 1.0411	   1.5303	        1.5308	          0.0004	   1.5303	4.392e-06	   0.110	   198.539
 196	196	 4.2184	 1.0411	   1.5303	        1.5308	          0.0004	   1.5303	4.379e-06	   0.103	   199.533
 197	197	 4.2184	 1.0411	   1.5303	        1.5308	          0.0004	   1.5303	4.367e-06	   0.107	   200.538
 198	198	 4.2184	 1.0411	   1.5303	        1.5308	          0.0004	   1.5303	4.354e-06	   0.121	   201.538
 199	199	 4.2184	 1.0411	   1.5303	        1.5308	          0.0004	   1.5303	4.342e-06	   0.116	   202.478
 200	200	 4.2184	 1.0411	   1.5303	        1.5308	          0.0004	   1.5303	4.330e-06	   0.091	   203.459

[BSGD] Finished on device cuda -> σ_f² ≈ 4.2184, σ_ε² ≈ 1.0411
