[GPU 7][JOB 120] 'python cli.py bsgd --n 1024 --lengthscale 0.5 --sigma-f2-true 4.0 --sigma-eps2-true 1.0 --n-epochs 200 --device auto --theta-min 1e-4 --theta-max 20.0 --print-every 1 --seed 9 --batch-size 1024 --sigma-f2-init 5.0 --sigma-eps2-init 3.0 --alpha1 9.0 '

=== BSGD (biased SGD on exact kernel) ===
iter	epoch	σ_f²	σ_ε²	real_nlml	real_nlml_true	real_nlml_abs_err	mini_nlml	||grad||	duration_s	wall_time_s
   1	 1	 4.5930	 2.0725	   1.6201	        1.5319	          0.0883	   1.6201	1.131e-01	   0.487	     0.551
   2	 2	 4.4723	 1.5636	   1.5645	        1.5319	          0.0327	   1.5645	9.986e-02	   0.090	     1.278
   3	 3	 4.4279	 1.2640	   1.5390	        1.5319	          0.0072	   1.5390	6.401e-02	   0.091	     2.150
   4	 4	 4.4135	 1.1200	   1.5322	        1.5319	          0.0004	   1.5322	2.725e-02	   0.103	     3.067
   5	 5	 4.4104	 1.0710	   1.5313	        1.5319	          0.0005	   1.5313	9.600e-03	   0.091	     3.970
   6	 6	 4.4102	 1.0566	   1.5312	        1.5319	          0.0006	   1.5312	3.772e-03	   0.094	     4.922
   7	 7	 4.4107	 1.0517	   1.5312	        1.5319	          0.0006	   1.5312	1.737e-03	   0.105	     5.882
   8	 8	 4.4112	 1.0498	   1.5312	        1.5319	          0.0006	   1.5312	9.063e-04	   0.105	     6.848
   9	 9	 4.4118	 1.0488	   1.5312	        1.5319	          0.0006	   1.5312	5.193e-04	   0.110	     7.838
  10	10	 4.4123	 1.0484	   1.5312	        1.5319	          0.0006	   1.5312	3.194e-04	   0.102	     8.842
  11	11	 4.4127	 1.0481	   1.5312	        1.5319	          0.0006	   1.5312	2.076e-04	   0.106	     9.867
  12	12	 4.4131	 1.0480	   1.5312	        1.5319	          0.0006	   1.5312	1.412e-04	   0.113	    10.884
  13	13	 4.4134	 1.0479	   1.5312	        1.5319	          0.0006	   1.5312	9.961e-05	   0.106	    11.895
  14	14	 4.4137	 1.0478	   1.5312	        1.5319	          0.0006	   1.5312	7.255e-05	   0.102	    12.888
  15	15	 4.4140	 1.0478	   1.5312	        1.5319	          0.0006	   1.5312	5.433e-05	   0.109	    13.890
  16	16	 4.4142	 1.0477	   1.5312	        1.5319	          0.0006	   1.5312	4.171e-05	   0.104	    14.897
  17	17	 4.4145	 1.0477	   1.5312	        1.5319	          0.0006	   1.5312	3.277e-05	   0.110	    15.900
  18	18	 4.4147	 1.0477	   1.5312	        1.5319	          0.0006	   1.5312	2.632e-05	   0.108	    16.900
  19	19	 4.4149	 1.0477	   1.5312	        1.5319	          0.0006	   1.5312	2.159e-05	   0.108	    17.909
  20	20	 4.4150	 1.0477	   1.5312	        1.5319	          0.0006	   1.5312	1.808e-05	   0.115	    18.971
  21	21	 4.4152	 1.0477	   1.5312	        1.5319	          0.0006	   1.5312	1.545e-05	   0.108	    20.083
  22	22	 4.4154	 1.0477	   1.5312	        1.5319	          0.0006	   1.5312	1.345e-05	   0.116	    21.129
  23	23	 4.4155	 1.0477	   1.5312	        1.5319	          0.0006	   1.5312	1.192e-05	   0.106	    22.156
  24	24	 4.4157	 1.0477	   1.5312	        1.5319	          0.0006	   1.5312	1.074e-05	   0.106	    23.165
  25	25	 4.4158	 1.0476	   1.5312	        1.5319	          0.0006	   1.5312	9.827e-06	   0.107	    24.175
  26	26	 4.4159	 1.0476	   1.5312	        1.5319	          0.0006	   1.5312	9.106e-06	   0.102	    25.177
  27	27	 4.4160	 1.0476	   1.5312	        1.5319	          0.0006	   1.5312	8.533e-06	   0.111	    26.183
  28	28	 4.4161	 1.0476	   1.5312	        1.5319	          0.0006	   1.5312	8.071e-06	   0.103	    27.178
  29	29	 4.4162	 1.0476	   1.5312	        1.5319	          0.0006	   1.5312	7.694e-06	   0.109	    28.183
  30	30	 4.4163	 1.0476	   1.5312	        1.5319	          0.0006	   1.5312	7.382e-06	   0.103	    29.209
  31	31	 4.4164	 1.0476	   1.5312	        1.5319	          0.0006	   1.5312	7.120e-06	   0.103	    30.234
  32	32	 4.4165	 1.0476	   1.5312	        1.5319	          0.0006	   1.5312	6.896e-06	   0.110	    31.260
  33	33	 4.4166	 1.0476	   1.5312	        1.5319	          0.0006	   1.5312	6.703e-06	   0.105	    32.279
  34	34	 4.4167	 1.0476	   1.5312	        1.5319	          0.0006	   1.5312	6.535e-06	   0.114	    33.288
  35	35	 4.4168	 1.0476	   1.5312	        1.5319	          0.0006	   1.5312	6.385e-06	   0.098	    34.286
  36	36	 4.4168	 1.0476	   1.5312	        1.5319	          0.0006	   1.5312	6.251e-06	   0.104	    35.293
  37	37	 4.4169	 1.0476	   1.5312	        1.5319	          0.0006	   1.5312	6.130e-06	   0.114	    36.307
  38	38	 4.4170	 1.0476	   1.5312	        1.5319	          0.0006	   1.5312	6.020e-06	   0.109	    37.360
  39	39	 4.4170	 1.0476	   1.5312	        1.5319	          0.0006	   1.5312	5.918e-06	   0.110	    38.369
  40	40	 4.4171	 1.0476	   1.5312	        1.5319	          0.0006	   1.5312	5.824e-06	   0.120	    39.496
  41	41	 4.4172	 1.0476	   1.5312	        1.5319	          0.0006	   1.5312	5.736e-06	   0.115	    40.621
  42	42	 4.4172	 1.0476	   1.5312	        1.5319	          0.0006	   1.5312	5.654e-06	   0.112	    41.673
  43	43	 4.4173	 1.0476	   1.5312	        1.5319	          0.0006	   1.5312	5.577e-06	   0.114	    42.720
  44	44	 4.4173	 1.0476	   1.5312	        1.5319	          0.0006	   1.5312	5.503e-06	   0.107	    43.734
  45	45	 4.4174	 1.0476	   1.5312	        1.5319	          0.0006	   1.5312	5.434e-06	   0.103	    44.735
  46	46	 4.4174	 1.0476	   1.5312	        1.5319	          0.0006	   1.5312	5.368e-06	   0.102	    45.739
  47	47	 4.4175	 1.0476	   1.5312	        1.5319	          0.0006	   1.5312	5.305e-06	   0.112	    46.739
  48	48	 4.4175	 1.0476	   1.5312	        1.5319	          0.0006	   1.5312	5.245e-06	   0.112	    47.749
  49	49	 4.4176	 1.0476	   1.5312	        1.5319	          0.0006	   1.5312	5.187e-06	   0.107	    48.746
  50	50	 4.4176	 1.0476	   1.5312	        1.5319	          0.0006	   1.5312	5.131e-06	   0.108	    49.770
  51	51	 4.4177	 1.0476	   1.5312	        1.5319	          0.0006	   1.5312	5.078e-06	   0.100	    50.794
  52	52	 4.4177	 1.0476	   1.5312	        1.5319	          0.0006	   1.5312	5.026e-06	   0.113	    51.823
  53	53	 4.4177	 1.0476	   1.5312	        1.5319	          0.0006	   1.5312	4.976e-06	   0.111	    52.848
  54	54	 4.4178	 1.0476	   1.5312	        1.5319	          0.0006	   1.5312	4.928e-06	   0.108	    53.847
  55	55	 4.4178	 1.0476	   1.5312	        1.5319	          0.0006	   1.5312	4.881e-06	   0.100	    54.845
  56	56	 4.4179	 1.0476	   1.5312	        1.5319	          0.0006	   1.5312	4.836e-06	   0.099	    55.845
  57	57	 4.4179	 1.0476	   1.5312	        1.5319	          0.0006	   1.5312	4.793e-06	   0.114	    56.857
  58	58	 4.4179	 1.0476	   1.5312	        1.5319	          0.0006	   1.5312	4.750e-06	   0.099	    57.854
  59	59	 4.4180	 1.0476	   1.5312	        1.5319	          0.0006	   1.5312	4.709e-06	   0.105	    58.858
  60	60	 4.4180	 1.0476	   1.5312	        1.5319	          0.0006	   1.5312	4.669e-06	   0.109	    59.904
  61	61	 4.4180	 1.0476	   1.5312	        1.5319	          0.0006	   1.5312	4.630e-06	   0.112	    61.012
  62	62	 4.4181	 1.0476	   1.5312	        1.5319	          0.0006	   1.5312	4.592e-06	   0.118	    62.065
  63	63	 4.4181	 1.0476	   1.5312	        1.5319	          0.0006	   1.5312	4.555e-06	   0.105	    63.106
  64	64	 4.4181	 1.0476	   1.5312	        1.5319	          0.0006	   1.5312	4.519e-06	   0.108	    64.127
  65	65	 4.4182	 1.0476	   1.5312	        1.5319	          0.0006	   1.5312	4.484e-06	   0.098	    65.123
  66	66	 4.4182	 1.0476	   1.5312	        1.5319	          0.0006	   1.5312	4.449e-06	   0.103	    66.131
  67	67	 4.4182	 1.0476	   1.5312	        1.5319	          0.0006	   1.5312	4.416e-06	   0.113	    67.141
  68	68	 4.4183	 1.0476	   1.5312	        1.5319	          0.0006	   1.5312	4.383e-06	   0.103	    68.136
  69	69	 4.4183	 1.0476	   1.5312	        1.5319	          0.0006	   1.5312	4.351e-06	   0.104	    69.136
  70	70	 4.4183	 1.0476	   1.5312	        1.5319	          0.0006	   1.5312	4.320e-06	   0.109	    70.150
  71	71	 4.4183	 1.0476	   1.5312	        1.5319	          0.0006	   1.5312	4.289e-06	   0.102	    71.188
  72	72	 4.4184	 1.0476	   1.5312	        1.5319	          0.0006	   1.5312	4.259e-06	   0.110	    72.215
  73	73	 4.4184	 1.0476	   1.5312	        1.5319	          0.0006	   1.5312	4.230e-06	   0.111	    73.230
  74	74	 4.4184	 1.0476	   1.5312	        1.5319	          0.0006	   1.5312	4.202e-06	   0.103	    74.235
  75	75	 4.4184	 1.0476	   1.5312	        1.5319	          0.0006	   1.5312	4.174e-06	   0.106	    75.239
  76	76	 4.4185	 1.0476	   1.5312	        1.5319	          0.0006	   1.5312	4.146e-06	   0.104	    76.264
  77	77	 4.4185	 1.0476	   1.5312	        1.5319	          0.0006	   1.5312	4.119e-06	   0.117	    77.321
  78	78	 4.4185	 1.0476	   1.5312	        1.5319	          0.0006	   1.5312	4.093e-06	   0.115	    78.385
  79	79	 4.4185	 1.0476	   1.5312	        1.5319	          0.0006	   1.5312	4.067e-06	   0.110	    79.449
  80	80	 4.4186	 1.0476	   1.5312	        1.5319	          0.0006	   1.5312	4.042e-06	   0.123	    80.623
  81	81	 4.4186	 1.0476	   1.5312	        1.5319	          0.0006	   1.5312	4.017e-06	   0.103	    81.765
  82	82	 4.4186	 1.0476	   1.5312	        1.5319	          0.0006	   1.5312	3.992e-06	   0.110	    82.825
  83	83	 4.4186	 1.0476	   1.5312	        1.5319	          0.0006	   1.5312	3.968e-06	   0.103	    83.864
  84	84	 4.4186	 1.0476	   1.5312	        1.5319	          0.0006	   1.5312	3.945e-06	   0.105	    84.889
  85	85	 4.4187	 1.0476	   1.5312	        1.5319	          0.0006	   1.5312	3.922e-06	   0.104	    85.898
  86	86	 4.4187	 1.0476	   1.5312	        1.5319	          0.0006	   1.5312	3.899e-06	   0.097	    86.899
  87	87	 4.4187	 1.0476	   1.5312	        1.5319	          0.0006	   1.5312	3.877e-06	   0.109	    87.904
  88	88	 4.4187	 1.0476	   1.5312	        1.5319	          0.0006	   1.5312	3.855e-06	   0.097	    88.901
  89	89	 4.4187	 1.0476	   1.5312	        1.5319	          0.0006	   1.5312	3.833e-06	   0.108	    89.904
  90	90	 4.4188	 1.0476	   1.5312	        1.5319	          0.0006	   1.5312	3.812e-06	   0.108	    90.916
  91	91	 4.4188	 1.0476	   1.5312	        1.5319	          0.0006	   1.5312	3.791e-06	   0.094	    91.954
  92	92	 4.4188	 1.0476	   1.5312	        1.5319	          0.0006	   1.5312	3.771e-06	   0.108	    92.983
  93	93	 4.4188	 1.0476	   1.5312	        1.5319	          0.0006	   1.5312	3.751e-06	   0.110	    93.985
  94	94	 4.4188	 1.0476	   1.5312	        1.5319	          0.0006	   1.5312	3.731e-06	   0.108	    95.009
  95	95	 4.4189	 1.0476	   1.5312	        1.5319	          0.0006	   1.5312	3.712e-06	   0.101	    96.010
  96	96	 4.4189	 1.0476	   1.5312	        1.5319	          0.0006	   1.5312	3.692e-06	   0.098	    97.013
  97	97	 4.4189	 1.0476	   1.5312	        1.5319	          0.0006	   1.5312	3.674e-06	   0.107	    98.016
  98	98	 4.4189	 1.0476	   1.5312	        1.5319	          0.0006	   1.5312	3.655e-06	   0.106	    99.016
  99	99	 4.4189	 1.0476	   1.5312	        1.5319	          0.0006	   1.5312	3.637e-06	   0.105	   100.022
 100	100	 4.4189	 1.0476	   1.5312	        1.5319	          0.0006	   1.5312	3.619e-06	   0.107	   101.085
 101	101	 4.4190	 1.0476	   1.5312	        1.5319	          0.0006	   1.5312	3.601e-06	   0.101	   102.156
 102	102	 4.4190	 1.0476	   1.5312	        1.5319	          0.0006	   1.5312	3.583e-06	   0.108	   103.213
 103	103	 4.4190	 1.0476	   1.5312	        1.5319	          0.0006	   1.5312	3.566e-06	   0.112	   104.260
 104	104	 4.4190	 1.0476	   1.5312	        1.5319	          0.0006	   1.5312	3.549e-06	   0.099	   105.286
 105	105	 4.4190	 1.0476	   1.5312	        1.5319	          0.0006	   1.5312	3.532e-06	   0.101	   106.292
 106	106	 4.4190	 1.0476	   1.5312	        1.5319	          0.0006	   1.5312	3.516e-06	   0.094	   107.291
 107	107	 4.4190	 1.0476	   1.5312	        1.5319	          0.0006	   1.5312	3.500e-06	   0.110	   108.297
 108	108	 4.4191	 1.0476	   1.5312	        1.5319	          0.0006	   1.5312	3.484e-06	   0.106	   109.303
 109	109	 4.4191	 1.0476	   1.5312	        1.5319	          0.0006	   1.5312	3.468e-06	   0.102	   110.301
 110	110	 4.4191	 1.0476	   1.5312	        1.5319	          0.0006	   1.5312	3.452e-06	   0.102	   111.304
 111	111	 4.4191	 1.0476	   1.5312	        1.5319	          0.0006	   1.5312	3.437e-06	   0.098	   112.343
 112	112	 4.4191	 1.0476	   1.5312	        1.5319	          0.0006	   1.5312	3.422e-06	   0.118	   113.379
 113	113	 4.4191	 1.0476	   1.5312	        1.5319	          0.0006	   1.5312	3.407e-06	   0.104	   114.382
 114	114	 4.4191	 1.0476	   1.5312	        1.5319	          0.0006	   1.5312	3.392e-06	   0.103	   115.400
 115	115	 4.4192	 1.0476	   1.5312	        1.5319	          0.0006	   1.5312	3.377e-06	   0.108	   116.427
 116	116	 4.4192	 1.0476	   1.5312	        1.5319	          0.0006	   1.5312	3.363e-06	   0.102	   117.476
 117	117	 4.4192	 1.0476	   1.5312	        1.5319	          0.0006	   1.5312	3.349e-06	   0.119	   118.522
 118	118	 4.4192	 1.0476	   1.5312	        1.5319	          0.0006	   1.5312	3.335e-06	   0.110	   119.561
 119	119	 4.4192	 1.0476	   1.5312	        1.5319	          0.0006	   1.5312	3.321e-06	   0.108	   120.607
 120	120	 4.4192	 1.0476	   1.5312	        1.5319	          0.0006	   1.5312	3.307e-06	   0.098	   121.644
 121	121	 4.4192	 1.0476	   1.5312	        1.5319	          0.0006	   1.5312	3.294e-06	   0.112	   122.719
 122	122	 4.4192	 1.0476	   1.5312	        1.5319	          0.0006	   1.5312	3.280e-06	   0.112	   123.786
 123	123	 4.4192	 1.0476	   1.5312	        1.5319	          0.0006	   1.5312	3.267e-06	   0.109	   124.823
 124	124	 4.4193	 1.0476	   1.5312	        1.5319	          0.0006	   1.5312	3.254e-06	   0.109	   125.856
 125	125	 4.4193	 1.0476	   1.5312	        1.5319	          0.0006	   1.5312	3.241e-06	   0.101	   126.857
 126	126	 4.4193	 1.0476	   1.5312	        1.5319	          0.0006	   1.5312	3.228e-06	   0.104	   127.867
 127	127	 4.4193	 1.0476	   1.5312	        1.5319	          0.0006	   1.5312	3.216e-06	   0.105	   128.869
 128	128	 4.4193	 1.0476	   1.5312	        1.5319	          0.0006	   1.5312	3.203e-06	   0.104	   129.872
 129	129	 4.4193	 1.0476	   1.5312	        1.5319	          0.0006	   1.5312	3.191e-06	   0.101	   130.868
 130	130	 4.4193	 1.0476	   1.5312	        1.5319	          0.0006	   1.5312	3.179e-06	   0.104	   131.872
 131	131	 4.4193	 1.0476	   1.5312	        1.5319	          0.0006	   1.5312	3.167e-06	   0.108	   132.915
 132	132	 4.4193	 1.0476	   1.5312	        1.5319	          0.0006	   1.5312	3.155e-06	   0.117	   133.947
 133	133	 4.4194	 1.0476	   1.5312	        1.5319	          0.0006	   1.5312	3.143e-06	   0.106	   134.951
 134	134	 4.4194	 1.0476	   1.5312	        1.5319	          0.0006	   1.5312	3.132e-06	   0.099	   135.967
 135	135	 4.4194	 1.0476	   1.5312	        1.5319	          0.0006	   1.5312	3.120e-06	   0.107	   136.976
 136	136	 4.4194	 1.0476	   1.5312	        1.5319	          0.0006	   1.5312	3.109e-06	   0.100	   137.980
 137	137	 4.4194	 1.0476	   1.5312	        1.5319	          0.0006	   1.5312	3.098e-06	   0.108	   138.983
 138	138	 4.4194	 1.0476	   1.5312	        1.5319	          0.0006	   1.5312	3.087e-06	   0.110	   139.990
 139	139	 4.4194	 1.0476	   1.5312	        1.5319	          0.0006	   1.5312	3.076e-06	   0.103	   141.017
 140	140	 4.4194	 1.0476	   1.5312	        1.5319	          0.0006	   1.5312	3.065e-06	   0.110	   142.042
 141	141	 4.4194	 1.0476	   1.5312	        1.5319	          0.0006	   1.5312	3.054e-06	   0.109	   143.103
 142	142	 4.4194	 1.0476	   1.5312	        1.5319	          0.0006	   1.5312	3.044e-06	   0.114	   144.176
 143	143	 4.4195	 1.0476	   1.5312	        1.5319	          0.0006	   1.5312	3.033e-06	   0.107	   145.208
 144	144	 4.4195	 1.0476	   1.5312	        1.5319	          0.0006	   1.5312	3.023e-06	   0.113	   146.242
 145	145	 4.4195	 1.0476	   1.5312	        1.5319	          0.0006	   1.5312	3.012e-06	   0.100	   147.257
 146	146	 4.4195	 1.0476	   1.5312	        1.5319	          0.0006	   1.5312	3.002e-06	   0.102	   148.261
 147	147	 4.4195	 1.0476	   1.5312	        1.5319	          0.0006	   1.5312	2.992e-06	   0.108	   149.265
 148	148	 4.4195	 1.0476	   1.5312	        1.5319	          0.0006	   1.5312	2.982e-06	   0.106	   150.264
 149	149	 4.4195	 1.0476	   1.5312	        1.5319	          0.0006	   1.5312	2.972e-06	   0.111	   151.270
 150	150	 4.4195	 1.0476	   1.5312	        1.5319	          0.0006	   1.5312	2.962e-06	   0.098	   152.268
 151	151	 4.4195	 1.0476	   1.5312	        1.5319	          0.0006	   1.5312	2.953e-06	   0.103	   153.299
 152	152	 4.4195	 1.0476	   1.5312	        1.5319	          0.0006	   1.5312	2.943e-06	   0.112	   154.328
 153	153	 4.4195	 1.0476	   1.5312	        1.5319	          0.0006	   1.5312	2.934e-06	   0.116	   155.378
 154	154	 4.4196	 1.0476	   1.5312	        1.5319	          0.0006	   1.5312	2.924e-06	   0.112	   156.452
 155	155	 4.4196	 1.0476	   1.5312	        1.5319	          0.0006	   1.5312	2.915e-06	   0.113	   157.544
 156	156	 4.4196	 1.0476	   1.5312	        1.5319	          0.0006	   1.5312	2.906e-06	   0.109	   158.646
 157	157	 4.4196	 1.0476	   1.5312	        1.5319	          0.0006	   1.5312	2.897e-06	   0.113	   159.721
 158	158	 4.4196	 1.0476	   1.5312	        1.5319	          0.0006	   1.5312	2.888e-06	   0.122	   160.805
 159	159	 4.4196	 1.0476	   1.5312	        1.5319	          0.0006	   1.5312	2.879e-06	   0.103	   161.828
 160	160	 4.4196	 1.0476	   1.5312	        1.5319	          0.0006	   1.5312	2.870e-06	   0.106	   162.835
 161	161	 4.4196	 1.0476	   1.5312	        1.5319	          0.0006	   1.5312	2.861e-06	   0.104	   163.895
 162	162	 4.4196	 1.0476	   1.5312	        1.5319	          0.0006	   1.5312	2.852e-06	   0.115	   164.969
 163	163	 4.4196	 1.0476	   1.5312	        1.5319	          0.0006	   1.5312	2.844e-06	   0.115	   166.011
 164	164	 4.4196	 1.0476	   1.5312	        1.5319	          0.0006	   1.5312	2.835e-06	   0.104	   167.044
 165	165	 4.4196	 1.0476	   1.5312	        1.5319	          0.0006	   1.5312	2.826e-06	   0.102	   168.062
 166	166	 4.4196	 1.0476	   1.5312	        1.5319	          0.0006	   1.5312	2.818e-06	   0.094	   169.059
 167	167	 4.4197	 1.0476	   1.5312	        1.5319	          0.0006	   1.5312	2.810e-06	   0.112	   170.067
 168	168	 4.4197	 1.0476	   1.5312	        1.5319	          0.0006	   1.5312	2.801e-06	   0.100	   171.070
 169	169	 4.4197	 1.0476	   1.5312	        1.5319	          0.0006	   1.5312	2.793e-06	   0.107	   172.070
 170	170	 4.4197	 1.0476	   1.5312	        1.5319	          0.0006	   1.5312	2.785e-06	   0.101	   173.075
 171	171	 4.4197	 1.0476	   1.5312	        1.5319	          0.0006	   1.5312	2.777e-06	   0.101	   174.097
 172	172	 4.4197	 1.0476	   1.5312	        1.5319	          0.0006	   1.5312	2.769e-06	   0.114	   175.128
 173	173	 4.4197	 1.0476	   1.5312	        1.5319	          0.0006	   1.5312	2.761e-06	   0.098	   176.148
 174	174	 4.4197	 1.0476	   1.5312	        1.5319	          0.0006	   1.5312	2.753e-06	   0.103	   177.172
 175	175	 4.4197	 1.0476	   1.5312	        1.5319	          0.0006	   1.5312	2.746e-06	   0.101	   178.174
 176	176	 4.4197	 1.0476	   1.5312	        1.5319	          0.0006	   1.5312	2.738e-06	   0.103	   179.176
 177	177	 4.4197	 1.0476	   1.5312	        1.5319	          0.0006	   1.5312	2.730e-06	   0.121	   180.196
 178	178	 4.4197	 1.0476	   1.5312	        1.5319	          0.0006	   1.5312	2.723e-06	   0.103	   181.223
 179	179	 4.4197	 1.0476	   1.5312	        1.5319	          0.0006	   1.5312	2.715e-06	   0.103	   182.222
 180	180	 4.4197	 1.0476	   1.5312	        1.5319	          0.0006	   1.5312	2.708e-06	   0.101	   183.224
 181	181	 4.4198	 1.0476	   1.5312	        1.5319	          0.0006	   1.5312	2.700e-06	   0.112	   184.288
 182	182	 4.4198	 1.0476	   1.5312	        1.5319	          0.0006	   1.5312	2.693e-06	   0.118	   185.362
 183	183	 4.4198	 1.0476	   1.5312	        1.5319	          0.0006	   1.5312	2.686e-06	   0.108	   186.397
 184	184	 4.4198	 1.0476	   1.5312	        1.5319	          0.0006	   1.5312	2.679e-06	   0.106	   187.438
 185	185	 4.4198	 1.0476	   1.5312	        1.5319	          0.0006	   1.5312	2.672e-06	   0.103	   188.453
 186	186	 4.4198	 1.0476	   1.5312	        1.5319	          0.0006	   1.5312	2.664e-06	   0.103	   189.460
 187	187	 4.4198	 1.0476	   1.5312	        1.5319	          0.0006	   1.5312	2.657e-06	   0.110	   190.465
 188	188	 4.4198	 1.0476	   1.5312	        1.5319	          0.0006	   1.5312	2.650e-06	   0.102	   191.466
 189	189	 4.4198	 1.0476	   1.5312	        1.5319	          0.0006	   1.5312	2.644e-06	   0.100	   192.460
 190	190	 4.4198	 1.0476	   1.5312	        1.5319	          0.0006	   1.5312	2.637e-06	   0.106	   193.467
 191	191	 4.4198	 1.0476	   1.5312	        1.5319	          0.0006	   1.5312	2.630e-06	   0.101	   194.493
 192	192	 4.4198	 1.0476	   1.5312	        1.5319	          0.0006	   1.5312	2.623e-06	   0.116	   195.566
 193	193	 4.4198	 1.0476	   1.5312	        1.5319	          0.0006	   1.5312	2.616e-06	   0.103	   196.615
 194	194	 4.4198	 1.0476	   1.5312	        1.5319	          0.0006	   1.5312	2.610e-06	   0.113	   197.688
 195	195	 4.4198	 1.0476	   1.5312	        1.5319	          0.0006	   1.5312	2.603e-06	   0.106	   198.716
 196	196	 4.4198	 1.0476	   1.5312	        1.5319	          0.0006	   1.5312	2.597e-06	   0.101	   199.724
 197	197	 4.4199	 1.0476	   1.5312	        1.5319	          0.0006	   1.5312	2.590e-06	   0.113	   200.776
 198	198	 4.4199	 1.0476	   1.5312	        1.5319	          0.0006	   1.5312	2.584e-06	   0.101	   201.789
 199	199	 4.4199	 1.0476	   1.5312	        1.5319	          0.0006	   1.5312	2.577e-06	   0.104	   202.789
 200	200	 4.4199	 1.0476	   1.5312	        1.5319	          0.0006	   1.5312	2.571e-06	   0.100	   203.788

[BSGD] Finished on device cuda -> σ_f² ≈ 4.4199, σ_ε² ≈ 1.0476
