[GPU 3][JOB 124] 'python cli.py bsgd --n 1024 --lengthscale 0.5 --sigma-f2-true 4.0 --sigma-eps2-true 1.0 --n-epochs 200 --device auto --theta-min 1e-4 --theta-max 20.0 --print-every 1 --seed 3 --batch-size 256 --sigma-f2-init 5.0 --sigma-eps2-init 3.0 --alpha1 9.0 '

=== BSGD (biased SGD on exact kernel) ===
iter	epoch	σ_f²	σ_ε²	real_nlml	real_nlml_true	real_nlml_abs_err	mini_nlml	||grad||	duration_s	wall_time_s
   1	 1	 4.3432	 2.2119	   1.6362	        1.5308	          0.1054	   1.7616	1.131e-01	   0.434	     0.600
   2	 1	 4.1547	 1.7643	   1.5857	        1.5308	          0.0550	   1.7137	1.096e-01	   0.031	     1.568
   3	 1	 4.0803	 1.4804	   1.5563	        1.5308	          0.0256	   1.6777	9.442e-02	   0.036	     2.201
   4	 1	 3.9846	 1.3105	   1.5419	        1.5308	          0.0111	   1.6759	7.375e-02	   0.034	     2.845
   5	 2	 3.9785	 1.1773	   1.5338	        1.5308	          0.0030	   1.6421	4.609e-02	   0.031	     3.506
   6	 2	 3.9856	 1.1487	   1.5326	        1.5308	          0.0018	   1.6922	3.821e-02	   0.041	     4.196
   7	 2	 4.0285	 1.1068	   1.5312	        1.5308	          0.0005	   1.6642	2.510e-02	   0.041	     4.877
   8	 2	 3.9748	 1.0924	   1.5309	        1.5308	          0.0001	   1.6519	2.005e-02	   0.036	     5.586
   9	 3	 3.9468	 1.0696	   1.5305	        1.5308	          0.0002	   1.6482	1.150e-02	   0.030	     6.325
  10	 3	 3.9847	 1.0440	   1.5304	        1.5308	          0.0004	   1.6452	1.121e-03	   0.040	     7.057
  11	 3	 3.9682	 1.0474	   1.5304	        1.5308	          0.0004	   1.6526	2.532e-03	   0.039	     7.797
  12	 3	 3.9719	 1.0665	   1.5305	        1.5308	          0.0003	   1.6836	1.030e-02	   0.035	     8.523
  13	 4	 4.0028	 1.0866	   1.5308	        1.5308	          0.0000	   1.7030	1.797e-02	   0.038	     9.288
  14	 4	 4.0030	 1.0626	   1.5305	        1.5308	          0.0003	   1.6335	8.783e-03	   0.043	    10.087
  15	 4	 3.9790	 1.0586	   1.5304	        1.5308	          0.0003	   1.6504	7.141e-03	   0.037	    10.845
  16	 4	 3.9795	 1.0487	   1.5304	        1.5308	          0.0004	   1.6473	3.084e-03	   0.034	    11.583
  17	 5	 3.9735	 1.0656	   1.5305	        1.5308	          0.0003	   1.6985	9.958e-03	   0.043	    12.331
  18	 5	 3.9721	 1.0951	   1.5310	        1.5308	          0.0002	   1.7261	2.100e-02	   0.037	    13.073
  19	 5	 3.9639	 1.0515	   1.5304	        1.5308	          0.0004	   1.5599	4.224e-03	   0.039	    13.816
  20	 5	 3.9634	 1.0389	   1.5304	        1.5308	          0.0004	   1.6301	1.240e-03	   0.042	    14.566
  21	 6	 3.9658	 1.0726	   1.5306	        1.5308	          0.0002	   1.7364	1.270e-02	   0.041	    15.305
  22	 6	 3.9684	 1.0759	   1.5306	        1.5308	          0.0001	   1.6866	1.395e-02	   0.037	    16.050
  23	 6	 3.9657	 1.0499	   1.5304	        1.5308	          0.0004	   1.5942	3.564e-03	   0.036	    16.823
  24	 6	 3.9728	 1.0310	   1.5304	        1.5308	          0.0004	   1.6009	4.679e-03	   0.043	    17.575
  25	 7	 3.9682	 1.0432	   1.5304	        1.5308	          0.0004	   1.6818	7.958e-04	   0.040	    18.321
  26	 7	 3.9602	 1.0298	   1.5304	        1.5308	          0.0004	   1.6091	5.268e-03	   0.038	    19.057
  27	 7	 3.9691	 1.0507	   1.5304	        1.5308	          0.0004	   1.7181	3.914e-03	   0.042	    19.862
  28	 7	 3.9651	 1.0350	   1.5304	        1.5308	          0.0004	   1.6053	2.929e-03	   0.042	    20.689
  29	 8	 3.9629	 1.0253	   1.5304	        1.5308	          0.0003	   1.6229	7.293e-03	   0.042	    21.512
  30	 8	 3.9786	 1.0275	   1.5304	        1.5308	          0.0003	   1.6741	6.288e-03	   0.037	    22.292
  31	 8	 3.9647	 1.0352	   1.5304	        1.5308	          0.0004	   1.6593	2.837e-03	   0.044	    23.042
  32	 8	 3.9746	 1.0483	   1.5304	        1.5308	          0.0004	   1.7083	2.902e-03	   0.041	    23.786
  33	 9	 3.9735	 1.0643	   1.5305	        1.5308	          0.0003	   1.7110	9.446e-03	   0.039	    24.526
  34	 9	 3.9579	 1.0581	   1.5304	        1.5308	          0.0003	   1.6324	6.930e-03	   0.042	    25.280
  35	 9	 3.9628	 1.0485	   1.5304	        1.5308	          0.0004	   1.6279	2.986e-03	   0.037	    26.013
  36	 9	 3.9733	 1.0548	   1.5304	        1.5308	          0.0003	   1.6947	5.618e-03	   0.036	    26.758
  37	10	 3.9601	 1.0446	   1.5304	        1.5308	          0.0004	   1.6055	1.338e-03	   0.032	    27.499
  38	10	 3.9712	 1.0461	   1.5304	        1.5308	          0.0004	   1.6811	1.991e-03	   0.044	    28.252
  39	10	 3.9699	 1.0459	   1.5304	        1.5308	          0.0004	   1.6580	1.893e-03	   0.042	    28.994
  40	10	 3.9760	 1.0489	   1.5304	        1.5308	          0.0004	   1.6709	3.133e-03	   0.035	    29.731
  41	11	 3.9948	 1.0550	   1.5304	        1.5308	          0.0004	   1.7126	5.689e-03	   0.046	    30.492
  42	11	 3.9905	 1.0507	   1.5304	        1.5308	          0.0004	   1.6290	3.928e-03	   0.041	    31.241
  43	11	 3.9804	 1.0539	   1.5304	        1.5308	          0.0004	   1.6615	5.248e-03	   0.039	    32.051
  44	11	 3.9850	 1.0442	   1.5304	        1.5308	          0.0004	   1.6156	1.205e-03	   0.036	    32.801
  45	12	 3.9941	 1.0413	   1.5304	        1.5308	          0.0004	   1.6506	3.257e-04	   0.043	    33.551
  46	12	 3.9865	 1.0466	   1.5304	        1.5308	          0.0004	   1.6790	2.193e-03	   0.040	    34.291
  47	12	 3.9945	 1.0441	   1.5304	        1.5308	          0.0004	   1.6510	1.146e-03	   0.035	    35.027
  48	12	 3.9880	 1.0413	   1.5304	        1.5308	          0.0004	   1.6340	3.369e-04	   0.043	    35.789
  49	13	 3.9854	 1.0442	   1.5304	        1.5308	          0.0004	   1.6614	1.177e-03	   0.038	    36.521
  50	13	 3.9863	 1.0381	   1.5304	        1.5308	          0.0004	   1.6237	1.559e-03	   0.040	    37.269
  51	13	 3.9917	 1.0347	   1.5304	        1.5308	          0.0004	   1.6479	3.031e-03	   0.036	    38.008
  52	13	 3.9893	 1.0486	   1.5304	        1.5308	          0.0004	   1.7238	3.052e-03	   0.047	    38.761
  53	14	 3.9926	 1.0479	   1.5304	        1.5308	          0.0004	   1.6595	2.725e-03	   0.045	    39.521
  54	14	 3.9903	 1.0414	   1.5304	        1.5308	          0.0004	   1.6214	3.238e-04	   0.044	    40.318
  55	14	 3.9873	 1.0444	   1.5304	        1.5308	          0.0004	   1.6647	1.259e-03	   0.047	    41.115
  56	14	 3.9919	 1.0536	   1.5304	        1.5308	          0.0004	   1.7238	5.139e-03	   0.043	    41.936
  57	15	 3.9930	 1.0446	   1.5304	        1.5308	          0.0004	   1.5973	1.373e-03	   0.040	    42.785
  58	15	 3.9982	 1.0429	   1.5304	        1.5308	          0.0004	   1.6494	6.753e-04	   0.035	    43.576
  59	15	 3.9948	 1.0369	   1.5304	        1.5308	          0.0004	   1.6095	2.045e-03	   0.043	    44.330
  60	15	 4.0016	 1.0479	   1.5304	        1.5308	          0.0004	   1.7492	2.736e-03	   0.036	    45.067
  61	16	 4.0028	 1.0398	   1.5304	        1.5308	          0.0004	   1.6035	7.905e-04	   0.037	    45.805
  62	16	 4.0029	 1.0445	   1.5304	        1.5308	          0.0004	   1.6952	1.303e-03	   0.040	    46.561
  63	16	 4.0083	 1.0418	   1.5304	        1.5308	          0.0004	   1.6502	3.117e-04	   0.038	    47.299
  64	16	 4.0042	 1.0478	   1.5304	        1.5308	          0.0004	   1.6900	2.711e-03	   0.038	    48.044
  65	17	 3.9992	 1.0524	   1.5304	        1.5308	          0.0004	   1.6881	4.639e-03	   0.035	    48.784
  66	17	 3.9975	 1.0486	   1.5304	        1.5308	          0.0004	   1.6321	3.045e-03	   0.047	    49.539
  67	17	 4.0048	 1.0474	   1.5304	        1.5308	          0.0004	   1.6611	2.542e-03	   0.038	    50.279
  68	17	 4.0047	 1.0447	   1.5304	        1.5308	          0.0004	   1.6355	1.405e-03	   0.037	    51.017
  69	18	 4.0071	 1.0446	   1.5304	        1.5308	          0.0004	   1.6634	1.383e-03	   0.041	    51.772
  70	18	 4.0077	 1.0470	   1.5304	        1.5308	          0.0004	   1.6763	2.358e-03	   0.040	    52.516
  71	18	 4.0093	 1.0424	   1.5304	        1.5308	          0.0004	   1.6234	4.829e-04	   0.042	    53.329
  72	18	 4.0093	 1.0440	   1.5304	        1.5308	          0.0004	   1.6753	1.135e-03	   0.034	    54.083
  73	19	 4.0109	 1.0471	   1.5304	        1.5308	          0.0004	   1.6836	2.400e-03	   0.044	    54.836
  74	19	 4.0158	 1.0525	   1.5304	        1.5308	          0.0004	   1.7143	4.677e-03	   0.036	    55.576
  75	19	 4.0106	 1.0499	   1.5304	        1.5308	          0.0004	   1.6275	3.596e-03	   0.040	    56.316
  76	19	 4.0060	 1.0451	   1.5304	        1.5308	          0.0004	   1.6047	1.570e-03	   0.044	    57.072
  77	20	 4.0020	 1.0441	   1.5304	        1.5308	          0.0004	   1.6389	1.143e-03	   0.040	    57.802
  78	20	 4.0036	 1.0389	   1.5304	        1.5308	          0.0004	   1.6066	1.188e-03	   0.035	    58.547
  79	20	 4.0084	 1.0413	   1.5304	        1.5308	          0.0004	   1.6969	3.043e-04	   0.034	    59.289
  80	20	 4.0091	 1.0480	   1.5304	        1.5308	          0.0004	   1.7175	2.783e-03	   0.046	    60.043
  81	21	 4.0056	 1.0467	   1.5304	        1.5308	          0.0004	   1.6333	2.262e-03	   0.038	    60.783
  82	21	 4.0087	 1.0450	   1.5304	        1.5308	          0.0004	   1.6475	1.546e-03	   0.040	    61.534
  83	21	 4.0079	 1.0454	   1.5304	        1.5308	          0.0004	   1.6635	1.721e-03	   0.037	    62.315
  84	21	 4.0110	 1.0499	   1.5304	        1.5308	          0.0004	   1.7094	3.601e-03	   0.047	    63.098
  85	22	 4.0075	 1.0483	   1.5304	        1.5308	          0.0004	   1.6371	2.916e-03	   0.043	    63.945
  86	22	 4.0055	 1.0510	   1.5304	        1.5308	          0.0004	   1.6742	4.034e-03	   0.037	    64.750
  87	22	 4.0136	 1.0460	   1.5304	        1.5308	          0.0004	   1.6384	1.976e-03	   0.048	    65.513
  88	22	 4.0152	 1.0481	   1.5304	        1.5308	          0.0004	   1.6768	2.841e-03	   0.038	    66.249
  89	23	 4.0108	 1.0473	   1.5304	        1.5308	          0.0004	   1.6423	2.495e-03	   0.039	    66.990
  90	23	 4.0106	 1.0535	   1.5304	        1.5308	          0.0004	   1.7147	5.113e-03	   0.044	    67.750
  91	23	 4.0145	 1.0546	   1.5304	        1.5308	          0.0004	   1.6904	5.538e-03	   0.038	    68.480
  92	23	 4.0174	 1.0472	   1.5304	        1.5308	          0.0004	   1.5864	2.486e-03	   0.037	    69.222
  93	24	 4.0151	 1.0560	   1.5304	        1.5308	          0.0004	   1.7390	6.110e-03	   0.036	    69.966
  94	24	 4.0176	 1.0538	   1.5304	        1.5308	          0.0004	   1.6406	5.223e-03	   0.049	    70.722
  95	24	 4.0168	 1.0499	   1.5304	        1.5308	          0.0004	   1.6246	3.611e-03	   0.036	    71.458
  96	24	 4.0164	 1.0510	   1.5304	        1.5308	          0.0004	   1.6675	4.054e-03	   0.037	    72.196
  97	25	 4.0138	 1.0570	   1.5304	        1.5308	          0.0003	   1.7246	6.520e-03	   0.039	    72.952
  98	25	 4.0153	 1.0539	   1.5304	        1.5308	          0.0004	   1.6350	5.263e-03	   0.043	    73.691
  99	25	 4.0166	 1.0499	   1.5304	        1.5308	          0.0004	   1.6119	3.583e-03	   0.041	    74.489
 100	25	 4.0157	 1.0513	   1.5304	        1.5308	          0.0004	   1.6637	4.179e-03	   0.037	    75.262
 101	26	 4.0176	 1.0477	   1.5304	        1.5308	          0.0004	   1.6216	2.674e-03	   0.041	    76.017
 102	26	 4.0161	 1.0512	   1.5304	        1.5308	          0.0004	   1.7059	4.136e-03	   0.038	    76.755
 103	26	 4.0134	 1.0512	   1.5304	        1.5308	          0.0004	   1.6486	4.154e-03	   0.039	    77.494
 104	26	 4.0145	 1.0476	   1.5304	        1.5308	          0.0004	   1.6155	2.642e-03	   0.042	    78.261
 105	27	 4.0124	 1.0443	   1.5304	        1.5308	          0.0004	   1.6063	1.238e-03	   0.041	    79.037
 106	27	 4.0139	 1.0442	   1.5304	        1.5308	          0.0004	   1.6574	1.199e-03	   0.036	    79.822
 107	27	 4.0103	 1.0438	   1.5304	        1.5308	          0.0004	   1.6464	1.017e-03	   0.036	    80.635
 108	27	 4.0167	 1.0449	   1.5304	        1.5308	          0.0004	   1.7009	1.506e-03	   0.044	    81.428
 109	28	 4.0177	 1.0446	   1.5304	        1.5308	          0.0004	   1.6538	1.377e-03	   0.040	    82.220
 110	28	 4.0151	 1.0409	   1.5304	        1.5308	          0.0004	   1.6120	3.701e-04	   0.042	    82.994
 111	28	 4.0168	 1.0404	   1.5304	        1.5308	          0.0004	   1.6517	5.492e-04	   0.042	    83.770
 112	28	 4.0195	 1.0407	   1.5304	        1.5308	          0.0004	   1.6664	4.230e-04	   0.044	    84.529
 113	29	 4.0182	 1.0413	   1.5304	        1.5308	          0.0004	   1.6538	2.892e-04	   0.043	    85.378
 114	29	 4.0179	 1.0450	   1.5304	        1.5308	          0.0004	   1.7066	1.555e-03	   0.035	    86.196
 115	29	 4.0165	 1.0410	   1.5304	        1.5308	          0.0004	   1.6029	3.448e-04	   0.042	    86.962
 116	29	 4.0163	 1.0394	   1.5304	        1.5308	          0.0004	   1.6360	9.639e-04	   0.038	    87.701
 117	30	 4.0168	 1.0413	   1.5304	        1.5308	          0.0004	   1.6707	2.897e-04	   0.039	    88.446
 118	30	 4.0146	 1.0416	   1.5304	        1.5308	          0.0004	   1.6527	2.878e-04	   0.039	    89.198
 119	30	 4.0203	 1.0405	   1.5304	        1.5308	          0.0004	   1.6702	4.994e-04	   0.039	    89.933
 120	30	 4.0184	 1.0410	   1.5304	        1.5308	          0.0004	   1.6594	3.572e-04	   0.036	    90.678
 121	31	 4.0216	 1.0410	   1.5304	        1.5308	          0.0004	   1.6731	3.306e-04	   0.038	    91.420
 122	31	 4.0194	 1.0415	   1.5304	        1.5308	          0.0004	   1.6535	2.739e-04	   0.048	    92.176
 123	31	 4.0186	 1.0351	   1.5304	        1.5308	          0.0004	   1.5595	2.828e-03	   0.041	    92.911
 124	31	 4.0214	 1.0415	   1.5304	        1.5308	          0.0004	   1.7529	2.713e-04	   0.036	    93.650
 125	32	 4.0251	 1.0433	   1.5304	        1.5308	          0.0004	   1.6930	8.132e-04	   0.042	    94.409
 126	32	 4.0244	 1.0416	   1.5304	        1.5308	          0.0004	   1.6258	2.716e-04	   0.040	    95.143
 127	32	 4.0237	 1.0421	   1.5304	        1.5308	          0.0004	   1.6630	3.920e-04	   0.040	    95.928
 128	32	 4.0213	 1.0416	   1.5304	        1.5308	          0.0004	   1.6433	2.795e-04	   0.037	    96.722
 129	33	 4.0204	 1.0395	   1.5304	        1.5308	          0.0004	   1.6179	9.054e-04	   0.042	    97.469
 130	33	 4.0239	 1.0403	   1.5304	        1.5308	          0.0004	   1.6890	5.847e-04	   0.039	    98.210
 131	33	 4.0255	 1.0403	   1.5304	        1.5308	          0.0004	   1.6608	5.903e-04	   0.036	    98.947
 132	33	 4.0222	 1.0418	   1.5304	        1.5308	          0.0004	   1.6613	2.964e-04	   0.041	    99.708
 133	34	 4.0237	 1.0448	   1.5304	        1.5308	          0.0004	   1.7088	1.465e-03	   0.041	   100.442
 134	34	 4.0233	 1.0457	   1.5304	        1.5308	          0.0004	   1.6668	1.838e-03	   0.036	   101.185
 135	34	 4.0262	 1.0400	   1.5304	        1.5308	          0.0004	   1.5753	7.068e-04	   0.038	   101.928
 136	34	 4.0237	 1.0426	   1.5304	        1.5308	          0.0004	   1.6876	5.561e-04	   0.044	   102.680
 137	35	 4.0216	 1.0433	   1.5304	        1.5308	          0.0004	   1.6651	8.481e-04	   0.041	   103.452
 138	35	 4.0240	 1.0473	   1.5304	        1.5308	          0.0004	   1.7267	2.499e-03	   0.037	   104.196
 139	35	 4.0246	 1.0448	   1.5304	        1.5308	          0.0004	   1.6148	1.471e-03	   0.041	   104.952
 140	35	 4.0266	 1.0444	   1.5304	        1.5308	          0.0004	   1.6607	1.310e-03	   0.042	   105.708
 141	36	 4.0268	 1.0446	   1.5304	        1.5308	          0.0004	   1.6571	1.360e-03	   0.036	   106.544
 142	36	 4.0261	 1.0441	   1.5304	        1.5308	          0.0004	   1.6541	1.175e-03	   0.037	   107.368
 143	36	 4.0260	 1.0444	   1.5304	        1.5308	          0.0004	   1.6591	1.279e-03	   0.043	   108.148
 144	36	 4.0244	 1.0451	   1.5304	        1.5308	          0.0004	   1.6654	1.585e-03	   0.042	   108.889
 145	37	 4.0266	 1.0501	   1.5304	        1.5308	          0.0004	   1.7535	3.694e-03	   0.039	   109.626
 146	37	 4.0292	 1.0488	   1.5304	        1.5308	          0.0004	   1.6497	3.135e-03	   0.043	   110.381
 147	37	 4.0274	 1.0475	   1.5304	        1.5308	          0.0004	   1.6240	2.604e-03	   0.037	   111.115
 148	37	 4.0247	 1.0440	   1.5304	        1.5308	          0.0004	   1.5909	1.106e-03	   0.036	   111.861
 149	38	 4.0238	 1.0432	   1.5304	        1.5308	          0.0004	   1.6407	7.851e-04	   0.037	   112.604
 150	38	 4.0240	 1.0420	   1.5304	        1.5308	          0.0004	   1.6396	3.424e-04	   0.042	   113.356
 151	38	 4.0239	 1.0443	   1.5304	        1.5308	          0.0004	   1.6971	1.232e-03	   0.040	   114.097
 152	38	 4.0240	 1.0448	   1.5304	        1.5308	          0.0004	   1.6656	1.472e-03	   0.036	   114.835
 153	39	 4.0239	 1.0430	   1.5304	        1.5308	          0.0004	   1.6227	6.927e-04	   0.042	   115.592
 154	39	 4.0248	 1.0401	   1.5304	        1.5308	          0.0004	   1.6070	6.341e-04	   0.036	   116.324
 155	39	 4.0246	 1.0411	   1.5304	        1.5308	          0.0004	   1.6712	3.027e-04	   0.041	   117.098
 156	39	 4.0256	 1.0444	   1.5304	        1.5308	          0.0004	   1.7197	1.283e-03	   0.040	   117.903
 157	40	 4.0244	 1.0406	   1.5304	        1.5308	          0.0004	   1.5787	4.769e-04	   0.044	   118.653
 158	40	 4.0243	 1.0409	   1.5304	        1.5308	          0.0004	   1.6570	3.578e-04	   0.042	   119.396
 159	40	 4.0238	 1.0457	   1.5304	        1.5308	          0.0004	   1.7420	1.843e-03	   0.036	   120.133
 160	40	 4.0258	 1.0439	   1.5304	        1.5308	          0.0004	   1.6422	1.099e-03	   0.041	   120.889
 161	41	 4.0250	 1.0460	   1.5304	        1.5308	          0.0004	   1.6958	1.953e-03	   0.036	   121.621
 162	41	 4.0265	 1.0488	   1.5304	        1.5308	          0.0004	   1.7108	3.155e-03	   0.036	   122.393
 163	41	 4.0280	 1.0463	   1.5304	        1.5308	          0.0004	   1.6180	2.086e-03	   0.038	   123.183
 164	41	 4.0276	 1.0427	   1.5304	        1.5308	          0.0004	   1.5887	5.841e-04	   0.042	   123.974
 165	42	 4.0275	 1.0443	   1.5304	        1.5308	          0.0004	   1.6829	1.269e-03	   0.040	   124.738
 166	42	 4.0268	 1.0452	   1.5304	        1.5308	          0.0004	   1.6790	1.615e-03	   0.032	   125.481
 167	42	 4.0247	 1.0439	   1.5304	        1.5308	          0.0004	   1.6172	1.089e-03	   0.043	   126.240
 168	42	 4.0276	 1.0448	   1.5304	        1.5308	          0.0004	   1.6948	1.470e-03	   0.044	   126.985
 169	43	 4.0290	 1.0449	   1.5304	        1.5308	          0.0004	   1.6688	1.521e-03	   0.042	   127.810
 170	43	 4.0288	 1.0432	   1.5304	        1.5308	          0.0004	   1.6140	7.864e-04	   0.037	   128.635
 171	43	 4.0272	 1.0442	   1.5304	        1.5308	          0.0004	   1.6680	1.193e-03	   0.043	   129.432
 172	43	 4.0292	 1.0463	   1.5304	        1.5308	          0.0004	   1.7096	2.090e-03	   0.042	   130.176
 173	44	 4.0266	 1.0458	   1.5304	        1.5308	          0.0004	   1.6350	1.882e-03	   0.033	   130.911
 174	44	 4.0273	 1.0416	   1.5304	        1.5308	          0.0004	   1.5774	2.690e-04	   0.038	   131.668
 175	44	 4.0293	 1.0421	   1.5304	        1.5308	          0.0004	   1.6864	3.842e-04	   0.037	   132.401
 176	44	 4.0312	 1.0448	   1.5304	        1.5308	          0.0004	   1.7128	1.467e-03	   0.035	   133.144
 177	45	 4.0307	 1.0436	   1.5304	        1.5308	          0.0004	   1.6299	9.577e-04	   0.032	   133.884
 178	45	 4.0313	 1.0455	   1.5304	        1.5308	          0.0004	   1.7038	1.754e-03	   0.044	   134.641
 179	45	 4.0325	 1.0458	   1.5304	        1.5308	          0.0004	   1.6739	1.888e-03	   0.040	   135.383
 180	45	 4.0308	 1.0444	   1.5304	        1.5308	          0.0004	   1.6151	1.293e-03	   0.035	   136.118
 181	46	 4.0327	 1.0463	   1.5304	        1.5308	          0.0004	   1.7003	2.116e-03	   0.042	   136.877
 182	46	 4.0339	 1.0457	   1.5304	        1.5308	          0.0004	   1.6561	1.842e-03	   0.039	   137.611
 183	46	 4.0320	 1.0442	   1.5304	        1.5308	          0.0004	   1.6213	1.190e-03	   0.032	   138.372
 184	46	 4.0312	 1.0439	   1.5304	        1.5308	          0.0004	   1.6446	1.077e-03	   0.036	   139.178
 185	47	 4.0306	 1.0425	   1.5304	        1.5308	          0.0004	   1.6285	5.254e-04	   0.043	   139.937
 186	47	 4.0315	 1.0411	   1.5304	        1.5308	          0.0004	   1.6307	3.114e-04	   0.039	   140.682
 187	47	 4.0305	 1.0435	   1.5304	        1.5308	          0.0004	   1.7031	9.059e-04	   0.034	   141.416
 188	47	 4.0317	 1.0413	   1.5304	        1.5308	          0.0004	   1.6171	2.611e-04	   0.040	   142.173
 189	48	 4.0297	 1.0397	   1.5304	        1.5308	          0.0004	   1.6094	7.977e-04	   0.037	   142.907
 190	48	 4.0300	 1.0388	   1.5304	        1.5308	          0.0004	   1.6401	1.188e-03	   0.037	   143.654
 191	48	 4.0304	 1.0384	   1.5304	        1.5308	          0.0004	   1.6511	1.342e-03	   0.041	   144.406
 192	48	 4.0299	 1.0410	   1.5304	        1.5308	          0.0004	   1.7023	3.264e-04	   0.049	   145.187
 193	49	 4.0302	 1.0415	   1.5304	        1.5308	          0.0004	   1.6756	2.575e-04	   0.036	   145.927
 194	49	 4.0285	 1.0414	   1.5304	        1.5308	          0.0004	   1.6423	2.611e-04	   0.035	   146.665
 195	49	 4.0296	 1.0406	   1.5304	        1.5308	          0.0004	   1.6367	4.439e-04	   0.042	   147.422
 196	49	 4.0302	 1.0406	   1.5304	        1.5308	          0.0004	   1.6546	4.583e-04	   0.041	   148.159
 197	50	 4.0314	 1.0407	   1.5304	        1.5308	          0.0004	   1.6593	4.139e-04	   0.037	   148.968
 198	50	 4.0315	 1.0380	   1.5304	        1.5308	          0.0004	   1.5972	1.521e-03	   0.034	   149.808
 199	50	 4.0312	 1.0420	   1.5304	        1.5308	          0.0004	   1.7454	3.411e-04	   0.045	   150.612
 200	50	 4.0297	 1.0433	   1.5304	        1.5308	          0.0004	   1.6776	8.277e-04	   0.038	   151.353
 201	51	 4.0310	 1.0427	   1.5304	        1.5308	          0.0004	   1.6444	5.829e-04	   0.035	   152.094
 202	51	 4.0305	 1.0423	   1.5304	        1.5308	          0.0004	   1.6481	4.487e-04	   0.042	   152.850
 203	51	 4.0293	 1.0425	   1.5304	        1.5308	          0.0004	   1.6496	5.083e-04	   0.039	   153.584
 204	51	 4.0295	 1.0428	   1.5304	        1.5308	          0.0004	   1.6755	6.525e-04	   0.037	   154.330
 205	52	 4.0276	 1.0430	   1.5304	        1.5308	          0.0004	   1.6444	6.992e-04	   0.034	   155.071
 206	52	 4.0290	 1.0419	   1.5304	        1.5308	          0.0004	   1.6369	3.161e-04	   0.044	   155.824
 207	52	 4.0310	 1.0436	   1.5304	        1.5308	          0.0004	   1.7197	9.619e-04	   0.039	   156.564
 208	52	 4.0309	 1.0436	   1.5304	        1.5308	          0.0004	   1.6520	9.564e-04	   0.035	   157.300
 209	53	 4.0306	 1.0437	   1.5304	        1.5308	          0.0004	   1.6592	1.020e-03	   0.045	   158.063
 210	53	 4.0304	 1.0461	   1.5304	        1.5308	          0.0004	   1.7133	1.994e-03	   0.038	   158.793
 211	53	 4.0284	 1.0440	   1.5304	        1.5308	          0.0004	   1.5984	1.117e-03	   0.039	   159.578
 212	53	 4.0302	 1.0441	   1.5304	        1.5308	          0.0004	   1.6733	1.179e-03	   0.037	   160.424
 213	54	 4.0292	 1.0442	   1.5304	        1.5308	          0.0004	   1.6581	1.224e-03	   0.049	   161.235
 214	54	 4.0289	 1.0459	   1.5304	        1.5308	          0.0004	   1.6996	1.943e-03	   0.043	   162.006
 215	54	 4.0298	 1.0423	   1.5304	        1.5308	          0.0004	   1.5594	4.284e-04	   0.040	   162.786
 216	54	 4.0299	 1.0438	   1.5304	        1.5308	          0.0004	   1.6926	1.024e-03	   0.035	   163.591
 217	55	 4.0291	 1.0440	   1.5304	        1.5308	          0.0004	   1.6571	1.113e-03	   0.040	   164.352
 218	55	 4.0288	 1.0444	   1.5304	        1.5308	          0.0004	   1.6590	1.303e-03	   0.040	   165.139
 219	55	 4.0300	 1.0424	   1.5304	        1.5308	          0.0004	   1.6169	4.775e-04	   0.034	   165.907
 220	55	 4.0301	 1.0444	   1.5304	        1.5308	          0.0004	   1.7110	1.310e-03	   0.045	   166.676
 221	56	 4.0333	 1.0457	   1.5304	        1.5308	          0.0004	   1.7099	1.850e-03	   0.036	   167.415
 222	56	 4.0326	 1.0441	   1.5304	        1.5308	          0.0004	   1.6165	1.174e-03	   0.036	   168.152
 223	56	 4.0311	 1.0418	   1.5304	        1.5308	          0.0004	   1.5872	3.040e-04	   0.039	   168.907
 224	56	 4.0318	 1.0442	   1.5304	        1.5308	          0.0004	   1.7195	1.219e-03	   0.039	   169.646
 225	57	 4.0336	 1.0437	   1.5304	        1.5308	          0.0004	   1.6555	9.915e-04	   0.041	   170.436
 226	57	 4.0315	 1.0442	   1.5304	        1.5308	          0.0004	   1.6638	1.212e-03	   0.040	   171.283
 227	57	 4.0323	 1.0420	   1.5304	        1.5308	          0.0004	   1.6012	3.583e-04	   0.049	   172.097
 228	57	 4.0331	 1.0427	   1.5304	        1.5308	          0.0004	   1.6787	6.029e-04	   0.039	   172.846
 229	58	 4.0314	 1.0418	   1.5304	        1.5308	          0.0004	   1.6160	3.041e-04	   0.035	   173.582
 230	58	 4.0316	 1.0414	   1.5304	        1.5308	          0.0004	   1.6443	2.560e-04	   0.040	   174.336
 231	58	 4.0320	 1.0435	   1.5304	        1.5308	          0.0004	   1.7188	9.332e-04	   0.038	   175.072
 232	58	 4.0331	 1.0433	   1.5304	        1.5308	          0.0004	   1.6629	8.321e-04	   0.036	   175.818
 233	59	 4.0311	 1.0412	   1.5304	        1.5308	          0.0004	   1.5921	2.755e-04	   0.031	   176.558
 234	59	 4.0315	 1.0429	   1.5304	        1.5308	          0.0004	   1.7022	6.742e-04	   0.044	   177.312
 235	59	 4.0321	 1.0421	   1.5304	        1.5308	          0.0004	   1.6468	3.762e-04	   0.036	   178.052
 236	59	 4.0331	 1.0429	   1.5304	        1.5308	          0.0004	   1.6819	6.901e-04	   0.038	   178.791
 237	60	 4.0331	 1.0428	   1.5304	        1.5308	          0.0004	   1.6499	6.174e-04	   0.044	   179.549
 238	60	 4.0318	 1.0425	   1.5304	        1.5308	          0.0004	   1.6467	5.331e-04	   0.041	   180.281
 239	60	 4.0341	 1.0419	   1.5304	        1.5308	          0.0004	   1.6548	3.060e-04	   0.032	   181.026
 240	60	 4.0339	 1.0430	   1.5304	        1.5308	          0.0004	   1.6832	7.189e-04	   0.035	   181.822
 241	61	 4.0354	 1.0458	   1.5304	        1.5308	          0.0004	   1.7405	1.892e-03	   0.046	   182.611
 242	61	 4.0344	 1.0457	   1.5304	        1.5308	          0.0004	   1.6511	1.826e-03	   0.038	   183.351
 243	61	 4.0354	 1.0450	   1.5304	        1.5308	          0.0004	   1.6558	1.538e-03	   0.036	   184.089
 244	61	 4.0336	 1.0437	   1.5304	        1.5308	          0.0004	   1.6033	1.006e-03	   0.037	   184.843
 245	62	 4.0340	 1.0459	   1.5304	        1.5308	          0.0004	   1.7184	1.925e-03	   0.039	   185.579
 246	62	 4.0327	 1.0469	   1.5304	        1.5308	          0.0004	   1.6771	2.346e-03	   0.036	   186.350
 247	62	 4.0334	 1.0437	   1.5304	        1.5308	          0.0004	   1.5817	1.016e-03	   0.033	   187.105
 248	62	 4.0337	 1.0444	   1.5304	        1.5308	          0.0004	   1.6785	1.313e-03	   0.046	   187.858
 249	63	 4.0334	 1.0459	   1.5304	        1.5308	          0.0004	   1.6974	1.911e-03	   0.038	   188.598
 250	63	 4.0342	 1.0453	   1.5304	        1.5308	          0.0004	   1.6505	1.692e-03	   0.038	   189.337
 251	63	 4.0339	 1.0450	   1.5304	        1.5308	          0.0004	   1.6378	1.540e-03	   0.039	   190.093
 252	63	 4.0342	 1.0448	   1.5304	        1.5308	          0.0004	   1.6661	1.458e-03	   0.040	   190.829
 253	64	 4.0341	 1.0458	   1.5304	        1.5308	          0.0004	   1.6882	1.876e-03	   0.037	   191.594
 254	64	 4.0357	 1.0472	   1.5304	        1.5308	          0.0004	   1.7221	2.494e-03	   0.038	   192.440
 255	64	 4.0354	 1.0450	   1.5304	        1.5308	          0.0004	   1.5925	1.539e-03	   0.047	   193.272
 256	64	 4.0342	 1.0444	   1.5304	        1.5308	          0.0004	   1.6156	1.293e-03	   0.040	   194.029
 257	65	 4.0341	 1.0442	   1.5304	        1.5308	          0.0004	   1.6522	1.214e-03	   0.035	   194.764
 258	65	 4.0337	 1.0441	   1.5304	        1.5308	          0.0004	   1.6567	1.168e-03	   0.037	   195.520
 259	65	 4.0346	 1.0433	   1.5304	        1.5308	          0.0004	   1.6391	8.378e-04	   0.042	   196.257
 260	65	 4.0345	 1.0423	   1.5304	        1.5308	          0.0004	   1.6264	4.394e-04	   0.037	   197.000
 261	66	 4.0357	 1.0432	   1.5304	        1.5308	          0.0004	   1.6951	8.058e-04	   0.035	   197.740
 262	66	 4.0358	 1.0442	   1.5304	        1.5308	          0.0004	   1.6898	1.192e-03	   0.043	   198.493
 263	66	 4.0360	 1.0436	   1.5304	        1.5308	          0.0004	   1.6379	9.612e-04	   0.038	   199.236
 264	66	 4.0347	 1.0431	   1.5304	        1.5308	          0.0004	   1.6313	7.357e-04	   0.037	   199.974
 265	67	 4.0360	 1.0437	   1.5304	        1.5308	          0.0004	   1.6935	1.010e-03	   0.039	   200.730
 266	67	 4.0370	 1.0437	   1.5304	        1.5308	          0.0004	   1.6641	1.009e-03	   0.040	   201.466
 267	67	 4.0357	 1.0436	   1.5304	        1.5308	          0.0004	   1.6461	9.557e-04	   0.035	   202.209
 268	67	 4.0350	 1.0431	   1.5304	        1.5308	          0.0004	   1.6276	7.385e-04	   0.038	   202.989
 269	68	 4.0361	 1.0423	   1.5304	        1.5308	          0.0004	   1.6420	4.281e-04	   0.048	   203.803
 270	68	 4.0369	 1.0420	   1.5304	        1.5308	          0.0004	   1.6575	3.363e-04	   0.040	   204.587
 271	68	 4.0374	 1.0413	   1.5304	        1.5308	          0.0004	   1.6395	2.541e-04	   0.037	   205.343
 272	68	 4.0365	 1.0405	   1.5304	        1.5308	          0.0004	   1.6143	4.783e-04	   0.041	   206.104
 273	69	 4.0369	 1.0411	   1.5304	        1.5308	          0.0004	   1.6795	2.955e-04	   0.044	   206.878
 274	69	 4.0369	 1.0409	   1.5304	        1.5308	          0.0004	   1.6446	3.578e-04	   0.036	   207.642
 275	69	 4.0378	 1.0414	   1.5304	        1.5308	          0.0004	   1.6901	2.460e-04	   0.034	   208.392
 276	69	 4.0364	 1.0418	   1.5304	        1.5308	          0.0004	   1.6572	2.898e-04	   0.042	   209.134
 277	70	 4.0359	 1.0412	   1.5304	        1.5308	          0.0004	   1.6333	2.661e-04	   0.036	   209.841
 278	70	 4.0361	 1.0424	   1.5304	        1.5308	          0.0004	   1.7039	4.887e-04	   0.036	   210.545
 279	70	 4.0363	 1.0442	   1.5304	        1.5308	          0.0004	   1.7080	1.214e-03	   0.032	   211.219
 280	70	 4.0362	 1.0433	   1.5304	        1.5308	          0.0004	   1.6297	8.391e-04	   0.030	   211.847
 281	71	 4.0386	 1.0421	   1.5304	        1.5308	          0.0004	   1.6367	3.741e-04	   0.060	   212.530
 282	71	 4.0380	 1.0414	   1.5304	        1.5308	          0.0004	   1.6326	2.458e-04	   0.029	   213.246
 283	71	 4.0368	 1.0424	   1.5304	        1.5308	          0.0004	   1.6738	4.663e-04	   0.026	   213.905
 284	71	 4.0361	 1.0422	   1.5304	        1.5308	          0.0004	   1.6532	4.168e-04	   0.027	   214.522
 285	72	 4.0362	 1.0429	   1.5304	        1.5308	          0.0004	   1.6807	6.791e-04	   0.029	   215.122
 286	72	 4.0356	 1.0425	   1.5304	        1.5308	          0.0004	   1.6386	5.282e-04	   0.030	   215.727
 287	72	 4.0349	 1.0429	   1.5304	        1.5308	          0.0004	   1.6612	6.833e-04	   0.023	   216.328
 288	72	 4.0353	 1.0430	   1.5304	        1.5308	          0.0004	   1.6596	7.127e-04	   0.024	   216.918
 289	73	 4.0376	 1.0441	   1.5304	        1.5308	          0.0004	   1.7015	1.167e-03	   0.042	   217.552
 290	73	 4.0378	 1.0439	   1.5304	        1.5308	          0.0004	   1.6563	1.087e-03	   0.031	   218.122
 291	73	 4.0357	 1.0445	   1.5304	        1.5308	          0.0004	   1.6661	1.332e-03	   0.036	   218.704
 292	73	 4.0360	 1.0427	   1.5304	        1.5308	          0.0004	   1.6050	6.113e-04	   0.033	   219.273
 293	74	 4.0366	 1.0442	   1.5304	        1.5308	          0.0004	   1.7118	1.230e-03	   0.030	   219.837
 294	74	 4.0360	 1.0443	   1.5304	        1.5308	          0.0004	   1.6590	1.259e-03	   0.033	   220.412
 295	74	 4.0358	 1.0443	   1.5304	        1.5308	          0.0004	   1.6561	1.260e-03	   0.036	   221.019
 296	74	 4.0354	 1.0432	   1.5304	        1.5308	          0.0004	   1.6189	8.140e-04	   0.032	   221.625
 297	75	 4.0356	 1.0434	   1.5304	        1.5308	          0.0004	   1.6568	8.874e-04	   0.028	   222.213
 298	75	 4.0347	 1.0431	   1.5304	        1.5308	          0.0004	   1.6364	7.407e-04	   0.032	   222.792
 299	75	 4.0371	 1.0424	   1.5304	        1.5308	          0.0004	   1.6561	4.825e-04	   0.031	   223.364
 300	75	 4.0359	 1.0432	   1.5304	        1.5308	          0.0004	   1.6809	7.988e-04	   0.032	   223.938
 301	76	 4.0351	 1.0425	   1.5304	        1.5308	          0.0004	   1.6240	5.281e-04	   0.030	   224.541
 302	76	 4.0354	 1.0426	   1.5304	        1.5308	          0.0004	   1.6664	5.735e-04	   0.031	   225.113
 303	76	 4.0341	 1.0426	   1.5304	        1.5308	          0.0004	   1.6417	5.699e-04	   0.030	   225.686
 304	76	 4.0355	 1.0438	   1.5304	        1.5308	          0.0004	   1.7146	1.042e-03	   0.030	   226.257
 305	77	 4.0363	 1.0442	   1.5304	        1.5308	          0.0004	   1.6840	1.232e-03	   0.035	   226.836
 306	77	 4.0358	 1.0439	   1.5304	        1.5308	          0.0004	   1.6418	1.098e-03	   0.031	   227.406
 307	77	 4.0344	 1.0431	   1.5304	        1.5308	          0.0004	   1.6139	7.529e-04	   0.027	   227.972
 308	77	 4.0344	 1.0437	   1.5304	        1.5308	          0.0004	   1.6784	9.997e-04	   0.035	   228.558
 309	78	 4.0329	 1.0446	   1.5304	        1.5308	          0.0004	   1.6775	1.366e-03	   0.034	   229.203
 310	78	 4.0336	 1.0448	   1.5304	        1.5308	          0.0004	   1.6710	1.461e-03	   0.033	   229.858
 311	78	 4.0347	 1.0443	   1.5304	        1.5308	          0.0004	   1.6503	1.270e-03	   0.030	   230.465
 312	78	 4.0343	 1.0435	   1.5304	        1.5308	          0.0004	   1.6243	9.295e-04	   0.035	   231.055
 313	79	 4.0331	 1.0429	   1.5304	        1.5308	          0.0004	   1.6275	6.836e-04	   0.032	   231.625
 314	79	 4.0316	 1.0428	   1.5304	        1.5308	          0.0004	   1.6464	6.302e-04	   0.030	   232.194
 315	79	 4.0320	 1.0421	   1.5304	        1.5308	          0.0004	   1.6386	3.886e-04	   0.033	   232.768
 316	79	 4.0336	 1.0430	   1.5304	        1.5308	          0.0004	   1.6951	6.953e-04	   0.034	   233.335
 317	80	 4.0340	 1.0432	   1.5304	        1.5308	          0.0004	   1.6711	7.984e-04	   0.032	   233.910
 318	80	 4.0342	 1.0431	   1.5304	        1.5308	          0.0004	   1.6481	7.387e-04	   0.033	   234.498
 319	80	 4.0332	 1.0429	   1.5304	        1.5308	          0.0004	   1.6450	6.862e-04	   0.037	   235.117
 320	80	 4.0335	 1.0434	   1.5304	        1.5308	          0.0004	   1.6805	8.712e-04	   0.031	   235.726
 321	81	 4.0335	 1.0427	   1.5304	        1.5308	          0.0004	   1.6276	5.893e-04	   0.027	   236.332
 322	81	 4.0333	 1.0436	   1.5304	        1.5308	          0.0004	   1.6911	9.792e-04	   0.034	   236.913
 323	81	 4.0335	 1.0432	   1.5304	        1.5308	          0.0004	   1.6331	7.942e-04	   0.043	   237.550
 324	81	 4.0336	 1.0434	   1.5304	        1.5308	          0.0004	   1.6727	8.617e-04	   0.032	   238.195
 325	82	 4.0334	 1.0434	   1.5304	        1.5308	          0.0004	   1.6560	8.832e-04	   0.028	   238.811
 326	82	 4.0332	 1.0409	   1.5304	        1.5308	          0.0004	   1.5608	3.377e-04	   0.036	   239.390
 327	82	 4.0345	 1.0436	   1.5304	        1.5308	          0.0004	   1.7716	9.625e-04	   0.035	   239.986
 328	82	 4.0344	 1.0433	   1.5304	        1.5308	          0.0004	   1.6441	8.466e-04	   0.031	   240.584
 329	83	 4.0350	 1.0445	   1.5304	        1.5308	          0.0004	   1.7008	1.327e-03	   0.032	   241.173
 330	83	 4.0347	 1.0442	   1.5304	        1.5308	          0.0004	   1.6522	1.209e-03	   0.032	   241.742
 331	83	 4.0350	 1.0435	   1.5304	        1.5308	          0.0004	   1.6355	9.048e-04	   0.033	   242.316
 332	83	 4.0351	 1.0434	   1.5304	        1.5308	          0.0004	   1.6559	8.745e-04	   0.028	   242.885
 333	84	 4.0345	 1.0424	   1.5304	        1.5308	          0.0004	   1.6235	4.829e-04	   0.035	   243.465
 334	84	 4.0352	 1.0424	   1.5304	        1.5308	          0.0004	   1.6670	4.688e-04	   0.030	   244.034
 335	84	 4.0355	 1.0424	   1.5304	        1.5308	          0.0004	   1.6612	4.841e-04	   0.030	   244.602
 336	84	 4.0363	 1.0431	   1.5304	        1.5308	          0.0004	   1.6786	7.611e-04	   0.035	   245.180
 337	85	 4.0366	 1.0437	   1.5304	        1.5308	          0.0004	   1.6786	1.002e-03	   0.038	   245.820
 338	85	 4.0371	 1.0445	   1.5304	        1.5308	          0.0004	   1.6958	1.354e-03	   0.035	   246.476
 339	85	 4.0371	 1.0433	   1.5304	        1.5308	          0.0004	   1.6037	8.452e-04	   0.032	   247.093
 340	85	 4.0360	 1.0432	   1.5304	        1.5308	          0.0004	   1.6481	7.776e-04	   0.036	   247.687
 341	86	 4.0361	 1.0434	   1.5304	        1.5308	          0.0004	   1.6665	8.640e-04	   0.029	   248.259
 342	86	 4.0362	 1.0425	   1.5304	        1.5308	          0.0004	   1.6255	5.344e-04	   0.029	   248.826
 343	86	 4.0359	 1.0432	   1.5304	        1.5308	          0.0004	   1.6791	7.808e-04	   0.029	   249.397
 344	86	 4.0367	 1.0429	   1.5304	        1.5308	          0.0004	   1.6582	6.755e-04	   0.032	   249.968
 345	87	 4.0352	 1.0438	   1.5304	        1.5308	          0.0004	   1.6812	1.045e-03	   0.032	   250.541
 346	87	 4.0363	 1.0445	   1.5304	        1.5308	          0.0004	   1.7031	1.354e-03	   0.028	   251.112
 347	87	 4.0360	 1.0441	   1.5304	        1.5308	          0.0004	   1.6298	1.164e-03	   0.033	   251.688
 348	87	 4.0362	 1.0437	   1.5304	        1.5308	          0.0004	   1.6446	9.909e-04	   0.029	   252.259
 349	88	 4.0368	 1.0437	   1.5304	        1.5308	          0.0004	   1.6621	9.907e-04	   0.030	   252.828
 350	88	 4.0371	 1.0422	   1.5304	        1.5308	          0.0004	   1.5980	3.983e-04	   0.033	   253.401
 351	88	 4.0375	 1.0418	   1.5304	        1.5308	          0.0004	   1.6459	2.969e-04	   0.037	   253.984
 352	88	 4.0368	 1.0424	   1.5304	        1.5308	          0.0004	   1.6765	4.638e-04	   0.033	   254.612
 353	89	 4.0372	 1.0417	   1.5304	        1.5308	          0.0004	   1.6345	2.673e-04	   0.028	   255.203
 354	89	 4.0375	 1.0434	   1.5304	        1.5308	          0.0004	   1.7310	8.634e-04	   0.036	   255.781
 355	89	 4.0368	 1.0432	   1.5304	        1.5308	          0.0004	   1.6323	7.871e-04	   0.031	   256.376
 356	89	 4.0366	 1.0426	   1.5304	        1.5308	          0.0004	   1.6399	5.670e-04	   0.030	   256.960
 357	90	 4.0362	 1.0434	   1.5304	        1.5308	          0.0004	   1.6907	8.835e-04	   0.030	   257.531
 358	90	 4.0363	 1.0433	   1.5304	        1.5308	          0.0004	   1.6462	8.465e-04	   0.035	   258.101
 359	90	 4.0362	 1.0442	   1.5304	        1.5308	          0.0004	   1.6968	1.223e-03	   0.032	   258.675
 360	90	 4.0367	 1.0432	   1.5304	        1.5308	          0.0004	   1.6198	8.150e-04	   0.031	   259.246
 361	91	 4.0364	 1.0413	   1.5304	        1.5308	          0.0004	   1.5704	2.582e-04	   0.036	   259.824
 362	91	 4.0367	 1.0410	   1.5304	        1.5308	          0.0004	   1.6498	3.255e-04	   0.032	   260.391
 363	91	 4.0367	 1.0409	   1.5304	        1.5308	          0.0004	   1.6553	3.305e-04	   0.030	   260.961
 364	91	 4.0366	 1.0432	   1.5304	        1.5308	          0.0004	   1.7470	8.078e-04	   0.032	   261.535
 365	92	 4.0378	 1.0437	   1.5304	        1.5308	          0.0004	   1.6936	1.013e-03	   0.037	   262.158
 366	92	 4.0380	 1.0432	   1.5304	        1.5308	          0.0004	   1.6328	7.916e-04	   0.035	   262.816
 367	92	 4.0374	 1.0432	   1.5304	        1.5308	          0.0004	   1.6436	8.068e-04	   0.029	   263.450
 368	92	 4.0373	 1.0428	   1.5304	        1.5308	          0.0004	   1.6452	6.468e-04	   0.035	   264.044
 369	93	 4.0379	 1.0426	   1.5304	        1.5308	          0.0004	   1.6629	5.537e-04	   0.031	   264.614
 370	93	 4.0370	 1.0432	   1.5304	        1.5308	          0.0004	   1.6705	8.055e-04	   0.029	   265.180
 371	93	 4.0360	 1.0437	   1.5304	        1.5308	          0.0004	   1.6595	9.932e-04	   0.029	   265.754
 372	93	 4.0373	 1.0432	   1.5304	        1.5308	          0.0004	   1.6563	7.829e-04	   0.035	   266.326
 373	94	 4.0373	 1.0416	   1.5304	        1.5308	          0.0004	   1.5931	2.538e-04	   0.032	   266.899
 374	94	 4.0373	 1.0419	   1.5304	        1.5308	          0.0004	   1.6676	3.208e-04	   0.031	   267.470
 375	94	 4.0375	 1.0437	   1.5304	        1.5308	          0.0004	   1.7328	9.869e-04	   0.035	   268.048
 376	94	 4.0376	 1.0436	   1.5304	        1.5308	          0.0004	   1.6602	9.622e-04	   0.029	   268.616
 377	95	 4.0371	 1.0429	   1.5304	        1.5308	          0.0004	   1.6238	6.583e-04	   0.032	   269.220
 378	95	 4.0375	 1.0431	   1.5304	        1.5308	          0.0004	   1.6605	7.493e-04	   0.029	   269.826
 379	95	 4.0361	 1.0419	   1.5304	        1.5308	          0.0004	   1.5943	3.176e-04	   0.036	   270.405
 380	95	 4.0366	 1.0433	   1.5304	        1.5308	          0.0004	   1.7252	8.299e-04	   0.031	   271.033
 381	96	 4.0363	 1.0430	   1.5304	        1.5308	          0.0004	   1.6429	7.041e-04	   0.033	   271.630
 382	96	 4.0364	 1.0433	   1.5304	        1.5308	          0.0004	   1.6687	8.241e-04	   0.038	   272.244
 383	96	 4.0363	 1.0432	   1.5304	        1.5308	          0.0004	   1.6576	8.088e-04	   0.032	   272.837
 384	96	 4.0358	 1.0434	   1.5304	        1.5308	          0.0004	   1.6615	8.679e-04	   0.030	   273.420
 385	97	 4.0367	 1.0441	   1.5304	        1.5308	          0.0004	   1.6977	1.169e-03	   0.032	   273.990
 386	97	 4.0362	 1.0446	   1.5304	        1.5308	          0.0004	   1.6600	1.360e-03	   0.037	   274.564
 387	97	 4.0362	 1.0435	   1.5304	        1.5308	          0.0004	   1.6160	9.081e-04	   0.031	   275.136
 388	97	 4.0347	 1.0436	   1.5304	        1.5308	          0.0004	   1.6507	9.721e-04	   0.030	   275.707
 389	98	 4.0360	 1.0444	   1.5304	        1.5308	          0.0004	   1.6964	1.286e-03	   0.032	   276.282
 390	98	 4.0361	 1.0428	   1.5304	        1.5308	          0.0004	   1.5893	6.192e-04	   0.029	   276.852
 391	98	 4.0352	 1.0436	   1.5304	        1.5308	          0.0004	   1.6807	9.615e-04	   0.030	   277.421
 392	98	 4.0347	 1.0445	   1.5304	        1.5308	          0.0004	   1.7009	1.337e-03	   0.032	   277.994
 393	99	 4.0341	 1.0450	   1.5304	        1.5308	          0.0004	   1.6722	1.537e-03	   0.036	   278.597
 394	99	 4.0336	 1.0440	   1.5304	        1.5308	          0.0004	   1.6138	1.127e-03	   0.035	   279.254
 395	99	 4.0337	 1.0441	   1.5304	        1.5308	          0.0004	   1.6585	1.176e-03	   0.033	   279.906
 396	99	 4.0342	 1.0446	   1.5304	        1.5308	          0.0004	   1.6878	1.377e-03	   0.036	   280.506
 397	100	 4.0346	 1.0451	   1.5304	        1.5308	          0.0004	   1.6813	1.595e-03	   0.032	   281.076
 398	100	 4.0351	 1.0446	   1.5304	        1.5308	          0.0004	   1.6421	1.389e-03	   0.029	   281.644
 399	100	 4.0349	 1.0447	   1.5304	        1.5308	          0.0004	   1.6613	1.436e-03	   0.029	   282.215
 400	100	 4.0349	 1.0431	   1.5304	        1.5308	          0.0004	   1.5861	7.599e-04	   0.036	   282.787
 401	101	 4.0360	 1.0449	   1.5304	        1.5308	          0.0004	   1.7544	1.494e-03	   0.028	   283.357
 402	101	 4.0354	 1.0448	   1.5304	        1.5308	          0.0004	   1.6467	1.448e-03	   0.030	   283.932
 403	101	 4.0360	 1.0435	   1.5304	        1.5308	          0.0004	   1.6077	9.296e-04	   0.033	   284.507
 404	101	 4.0353	 1.0433	   1.5304	        1.5308	          0.0004	   1.6386	8.377e-04	   0.032	   285.078
 405	102	 4.0346	 1.0426	   1.5304	        1.5308	          0.0004	   1.6147	5.604e-04	   0.030	   285.646
 406	102	 4.0342	 1.0427	   1.5304	        1.5308	          0.0004	   1.6551	5.925e-04	   0.032	   286.219
 407	102	 4.0349	 1.0428	   1.5304	        1.5308	          0.0004	   1.6687	6.197e-04	   0.035	   286.791
 408	102	 4.0352	 1.0427	   1.5304	        1.5308	          0.0004	   1.6597	5.956e-04	   0.036	   287.410
 409	103	 4.0354	 1.0413	   1.5304	        1.5308	          0.0004	   1.5911	2.543e-04	   0.034	   288.011
 410	103	 4.0359	 1.0419	   1.5304	        1.5308	          0.0004	   1.6841	3.029e-04	   0.037	   288.639
 411	103	 4.0356	 1.0423	   1.5304	        1.5308	          0.0004	   1.6772	4.378e-04	   0.032	   289.210
 412	103	 4.0355	 1.0430	   1.5304	        1.5308	          0.0004	   1.6967	7.258e-04	   0.027	   289.775
 413	104	 4.0367	 1.0427	   1.5304	        1.5308	          0.0004	   1.6506	6.065e-04	   0.030	   290.348
 414	104	 4.0370	 1.0417	   1.5304	        1.5308	          0.0004	   1.6133	2.624e-04	   0.034	   290.918
 415	104	 4.0361	 1.0425	   1.5304	        1.5308	          0.0004	   1.6986	5.202e-04	   0.032	   291.491
 416	104	 4.0362	 1.0425	   1.5304	        1.5308	          0.0004	   1.6552	5.185e-04	   0.030	   292.061
 417	105	 4.0366	 1.0442	   1.5304	        1.5308	          0.0004	   1.7505	1.215e-03	   0.033	   292.639
 418	105	 4.0362	 1.0428	   1.5304	        1.5308	          0.0004	   1.5816	6.296e-04	   0.031	   293.210
 419	105	 4.0358	 1.0426	   1.5304	        1.5308	          0.0004	   1.6422	5.504e-04	   0.030	   293.778
 420	105	 4.0357	 1.0426	   1.5304	        1.5308	          0.0004	   1.6569	5.574e-04	   0.031	   294.351
 421	106	 4.0349	 1.0422	   1.5304	        1.5308	          0.0004	   1.6355	4.113e-04	   0.037	   294.944
 422	106	 4.0357	 1.0432	   1.5304	        1.5308	          0.0004	   1.7073	7.754e-04	   0.031	   295.593
 423	106	 4.0360	 1.0424	   1.5304	        1.5308	          0.0004	   1.6290	4.969e-04	   0.035	   296.249
 424	106	 4.0364	 1.0425	   1.5304	        1.5308	          0.0004	   1.6575	5.015e-04	   0.038	   296.879
 425	107	 4.0366	 1.0422	   1.5304	        1.5308	          0.0004	   1.6468	4.122e-04	   0.034	   297.498
 426	107	 4.0361	 1.0413	   1.5304	        1.5308	          0.0004	   1.6135	2.625e-04	   0.030	   298.107
 427	107	 4.0372	 1.0422	   1.5304	        1.5308	          0.0004	   1.7176	4.089e-04	   0.032	   298.713
 428	107	 4.0370	 1.0424	   1.5304	        1.5308	          0.0004	   1.6551	4.651e-04	   0.038	   299.308
 429	108	 4.0362	 1.0421	   1.5304	        1.5308	          0.0004	   1.6383	3.797e-04	   0.032	   299.885
 430	108	 4.0366	 1.0416	   1.5304	        1.5308	          0.0004	   1.6373	2.614e-04	   0.033	   300.494
 431	108	 4.0366	 1.0416	   1.5304	        1.5308	          0.0004	   1.6411	2.522e-04	   0.036	   301.104
 432	108	 4.0371	 1.0430	   1.5304	        1.5308	          0.0004	   1.7397	7.187e-04	   0.032	   301.697
 433	109	 4.0364	 1.0436	   1.5304	        1.5308	          0.0004	   1.6724	9.577e-04	   0.029	   302.275
 434	109	 4.0371	 1.0433	   1.5304	        1.5308	          0.0004	   1.6610	8.392e-04	   0.033	   302.849
 435	109	 4.0367	 1.0432	   1.5304	        1.5308	          0.0004	   1.6459	7.950e-04	   0.033	   303.418
 436	109	 4.0375	 1.0431	   1.5304	        1.5308	          0.0004	   1.6665	7.735e-04	   0.032	   304.040
 437	110	 4.0385	 1.0440	   1.5304	        1.5308	          0.0004	   1.7132	1.132e-03	   0.034	   304.680
 438	110	 4.0379	 1.0441	   1.5304	        1.5308	          0.0004	   1.6563	1.152e-03	   0.036	   305.300
 439	110	 4.0380	 1.0429	   1.5304	        1.5308	          0.0004	   1.5930	6.767e-04	   0.031	   305.868
 440	110	 4.0375	 1.0429	   1.5304	        1.5308	          0.0004	   1.6539	6.707e-04	   0.027	   306.437
 441	111	 4.0369	 1.0427	   1.5304	        1.5308	          0.0004	   1.6399	5.894e-04	   0.031	   307.010
 442	111	 4.0380	 1.0425	   1.5304	        1.5308	          0.0004	   1.6550	5.143e-04	   0.035	   307.581
 443	111	 4.0377	 1.0426	   1.5304	        1.5308	          0.0004	   1.6659	5.722e-04	   0.030	   308.154
 444	111	 4.0376	 1.0430	   1.5304	        1.5308	          0.0004	   1.6784	7.147e-04	   0.032	   308.727
 445	112	 4.0377	 1.0429	   1.5304	        1.5308	          0.0004	   1.6580	6.934e-04	   0.032	   309.301
 446	112	 4.0374	 1.0428	   1.5304	        1.5308	          0.0004	   1.6585	6.426e-04	   0.033	   309.872
 447	112	 4.0371	 1.0429	   1.5304	        1.5308	          0.0004	   1.6511	6.806e-04	   0.028	   310.439
 448	112	 4.0378	 1.0424	   1.5304	        1.5308	          0.0004	   1.6275	4.699e-04	   0.033	   311.015
 449	113	 4.0377	 1.0426	   1.5304	        1.5308	          0.0004	   1.6684	5.525e-04	   0.035	   311.597
 450	113	 4.0375	 1.0435	   1.5304	        1.5308	          0.0004	   1.7048	9.249e-04	   0.033	   312.244
 451	113	 4.0375	 1.0428	   1.5304	        1.5308	          0.0004	   1.6164	6.497e-04	   0.036	   312.897
 452	113	 4.0372	 1.0431	   1.5304	        1.5308	          0.0004	   1.6689	7.391e-04	   0.038	   313.511
 453	114	 4.0365	 1.0434	   1.5304	        1.5308	          0.0004	   1.6622	8.699e-04	   0.032	   314.095
 454	114	 4.0362	 1.0431	   1.5304	        1.5308	          0.0004	   1.6409	7.547e-04	   0.028	   314.660
 455	114	 4.0365	 1.0422	   1.5304	        1.5308	          0.0004	   1.6093	4.080e-04	   0.032	   315.234
 456	114	 4.0368	 1.0431	   1.5304	        1.5308	          0.0004	   1.7164	7.731e-04	   0.035	   315.806
 457	115	 4.0370	 1.0434	   1.5304	        1.5308	          0.0004	   1.6635	8.731e-04	   0.030	   316.378
 458	115	 4.0377	 1.0433	   1.5304	        1.5308	          0.0004	   1.6612	8.455e-04	   0.024	   316.879
 459	115	 4.0369	 1.0435	   1.5304	        1.5308	          0.0004	   1.6623	9.340e-04	   0.028	   317.330
 460	115	 4.0369	 1.0431	   1.5304	        1.5308	          0.0004	   1.6376	7.578e-04	   0.025	   317.774
 461	116	 4.0370	 1.0417	   1.5304	        1.5308	          0.0004	   1.5817	2.654e-04	   0.051	   318.261
 462	116	 4.0369	 1.0434	   1.5304	        1.5308	          0.0004	   1.7409	8.823e-04	   0.026	   318.773
 463	116	 4.0367	 1.0431	   1.5304	        1.5308	          0.0004	   1.6382	7.470e-04	   0.029	   319.253
 464	116	 4.0369	 1.0421	   1.5304	        1.5308	          0.0004	   1.6195	3.742e-04	   0.029	   319.726
 465	117	 4.0364	 1.0431	   1.5304	        1.5308	          0.0004	   1.7044	7.714e-04	   0.027	   320.221
 466	117	 4.0373	 1.0422	   1.5304	        1.5308	          0.0004	   1.6167	4.030e-04	   0.027	   320.684
 467	117	 4.0371	 1.0416	   1.5304	        1.5308	          0.0004	   1.6317	2.601e-04	   0.023	   321.127
 468	117	 4.0374	 1.0419	   1.5304	        1.5308	          0.0004	   1.6713	3.091e-04	   0.024	   321.571
 469	118	 4.0366	 1.0415	   1.5304	        1.5308	          0.0004	   1.6289	2.478e-04	   0.026	   322.022
 470	118	 4.0372	 1.0421	   1.5304	        1.5308	          0.0004	   1.6929	3.669e-04	   0.027	   322.464
 471	118	 4.0381	 1.0421	   1.5304	        1.5308	          0.0004	   1.6713	3.904e-04	   0.027	   322.913
 472	118	 4.0377	 1.0422	   1.5304	        1.5308	          0.0004	   1.6551	4.077e-04	   0.025	   323.360
 473	119	 4.0381	 1.0429	   1.5304	        1.5308	          0.0004	   1.7054	6.834e-04	   0.027	   323.804
 474	119	 4.0386	 1.0428	   1.5304	        1.5308	          0.0004	   1.6500	6.391e-04	   0.023	   324.248
 475	119	 4.0383	 1.0424	   1.5304	        1.5308	          0.0004	   1.6386	4.920e-04	   0.024	   324.691
 476	119	 4.0380	 1.0423	   1.5304	        1.5308	          0.0004	   1.6479	4.502e-04	   0.028	   325.160
 477	120	 4.0380	 1.0426	   1.5304	        1.5308	          0.0004	   1.6720	5.495e-04	   0.028	   325.654
 478	120	 4.0377	 1.0428	   1.5304	        1.5308	          0.0004	   1.6559	6.364e-04	   0.029	   326.158
 479	120	 4.0380	 1.0429	   1.5304	        1.5308	          0.0004	   1.6556	6.550e-04	   0.025	   326.652
 480	120	 4.0379	 1.0427	   1.5304	        1.5308	          0.0004	   1.6557	5.777e-04	   0.029	   327.133
 481	121	 4.0376	 1.0423	   1.5304	        1.5308	          0.0004	   1.6269	4.288e-04	   0.023	   327.587
 482	121	 4.0371	 1.0427	   1.5304	        1.5308	          0.0004	   1.6760	5.834e-04	   0.024	   328.031
 483	121	 4.0371	 1.0440	   1.5304	        1.5308	          0.0004	   1.7296	1.109e-03	   0.026	   328.481
 484	121	 4.0379	 1.0425	   1.5304	        1.5308	          0.0004	   1.5960	5.310e-04	   0.029	   328.942
 485	122	 4.0378	 1.0427	   1.5304	        1.5308	          0.0004	   1.6742	5.961e-04	   0.029	   329.432
 486	122	 4.0380	 1.0419	   1.5304	        1.5308	          0.0004	   1.6163	3.261e-04	   0.025	   329.890
 487	122	 4.0383	 1.0413	   1.5304	        1.5308	          0.0004	   1.6215	2.505e-04	   0.027	   330.334
 488	122	 4.0381	 1.0430	   1.5304	        1.5308	          0.0004	   1.7514	7.152e-04	   0.023	   330.778
 489	123	 4.0379	 1.0435	   1.5304	        1.5308	          0.0004	   1.6897	9.360e-04	   0.024	   331.222
 490	123	 4.0377	 1.0428	   1.5304	        1.5308	          0.0004	   1.6047	6.162e-04	   0.026	   331.672
 491	123	 4.0381	 1.0424	   1.5304	        1.5308	          0.0004	   1.6468	4.634e-04	   0.029	   332.176
 492	123	 4.0384	 1.0423	   1.5304	        1.5308	          0.0004	   1.6560	4.406e-04	   0.026	   332.665
 493	124	 4.0384	 1.0428	   1.5304	        1.5308	          0.0004	   1.6911	6.512e-04	   0.025	   333.148
 494	124	 4.0388	 1.0429	   1.5304	        1.5308	          0.0004	   1.6690	6.648e-04	   0.027	   333.615
 495	124	 4.0387	 1.0422	   1.5304	        1.5308	          0.0004	   1.6140	4.007e-04	   0.023	   334.059
 496	124	 4.0389	 1.0420	   1.5304	        1.5308	          0.0004	   1.6457	3.442e-04	   0.024	   334.503
 497	125	 4.0391	 1.0416	   1.5304	        1.5308	          0.0004	   1.6504	2.577e-04	   0.026	   334.953
 498	125	 4.0389	 1.0413	   1.5304	        1.5308	          0.0004	   1.6353	2.496e-04	   0.027	   335.396
 499	125	 4.0402	 1.0414	   1.5304	        1.5308	          0.0004	   1.6710	2.448e-04	   0.026	   335.844
 500	125	 4.0397	 1.0415	   1.5304	        1.5308	          0.0004	   1.6574	2.470e-04	   0.025	   336.291
 501	126	 4.0394	 1.0410	   1.5304	        1.5308	          0.0004	   1.6208	3.031e-04	   0.027	   336.735
 502	126	 4.0390	 1.0410	   1.5304	        1.5308	          0.0004	   1.6465	2.997e-04	   0.023	   337.179
 503	126	 4.0392	 1.0419	   1.5304	        1.5308	          0.0004	   1.7122	3.228e-04	   0.024	   337.623
 504	126	 4.0397	 1.0416	   1.5304	        1.5308	          0.0004	   1.6449	2.544e-04	   0.028	   338.088
 505	127	 4.0404	 1.0421	   1.5304	        1.5308	          0.0004	   1.6936	3.766e-04	   0.029	   338.581
 506	127	 4.0404	 1.0419	   1.5304	        1.5308	          0.0004	   1.6546	3.154e-04	   0.030	   339.077
 507	127	 4.0400	 1.0410	   1.5304	        1.5308	          0.0004	   1.6012	3.057e-04	   0.025	   339.577
 508	127	 4.0396	 1.0412	   1.5304	        1.5308	          0.0004	   1.6533	2.716e-04	   0.027	   340.060
 509	128	 4.0387	 1.0404	   1.5304	        1.5308	          0.0004	   1.6015	5.193e-04	   0.023	   340.519
 510	128	 4.0388	 1.0410	   1.5304	        1.5308	          0.0004	   1.6864	3.184e-04	   0.024	   340.963
 511	128	 4.0380	 1.0413	   1.5304	        1.5308	          0.0004	   1.6709	2.498e-04	   0.026	   341.413
 512	128	 4.0390	 1.0418	   1.5304	        1.5308	          0.0004	   1.6965	2.853e-04	   0.027	   341.856
 513	129	 4.0387	 1.0421	   1.5304	        1.5308	          0.0004	   1.6678	3.757e-04	   0.026	   342.304
 514	129	 4.0385	 1.0414	   1.5304	        1.5308	          0.0004	   1.6168	2.453e-04	   0.025	   342.751
 515	129	 4.0385	 1.0415	   1.5304	        1.5308	          0.0004	   1.6642	2.474e-04	   0.027	   343.195
 516	129	 4.0395	 1.0421	   1.5304	        1.5308	          0.0004	   1.7064	3.725e-04	   0.023	   343.639
 517	130	 4.0395	 1.0432	   1.5304	        1.5308	          0.0004	   1.7207	7.886e-04	   0.024	   344.083
 518	130	 4.0399	 1.0429	   1.5304	        1.5308	          0.0004	   1.6504	6.605e-04	   0.026	   344.534
 519	130	 4.0398	 1.0423	   1.5304	        1.5308	          0.0004	   1.6274	4.601e-04	   0.031	   345.032
 520	130	 4.0403	 1.0418	   1.5304	        1.5308	          0.0004	   1.6321	2.913e-04	   0.027	   345.508
 521	131	 4.0406	 1.0415	   1.5304	        1.5308	          0.0004	   1.6405	2.441e-04	   0.027	   345.974
 522	131	 4.0404	 1.0414	   1.5304	        1.5308	          0.0004	   1.6449	2.437e-04	   0.027	   346.444
 523	131	 4.0401	 1.0416	   1.5304	        1.5308	          0.0004	   1.6675	2.507e-04	   0.023	   346.888
 524	131	 4.0409	 1.0414	   1.5304	        1.5308	          0.0004	   1.6561	2.425e-04	   0.024	   347.332
 525	132	 4.0408	 1.0419	   1.5304	        1.5308	          0.0004	   1.6776	3.103e-04	   0.026	   347.782
 526	132	 4.0405	 1.0422	   1.5304	        1.5308	          0.0004	   1.6740	4.066e-04	   0.026	   348.225
 527	132	 4.0408	 1.0415	   1.5304	        1.5308	          0.0004	   1.6121	2.429e-04	   0.026	   348.673
 528	132	 4.0408	 1.0413	   1.5304	        1.5308	          0.0004	   1.6455	2.540e-04	   0.025	   349.120
 529	133	 4.0409	 1.0409	   1.5304	        1.5308	          0.0004	   1.6300	3.494e-04	   0.027	   349.565
 530	133	 4.0406	 1.0409	   1.5304	        1.5308	          0.0004	   1.6542	3.307e-04	   0.023	   350.008
 531	133	 4.0415	 1.0413	   1.5304	        1.5308	          0.0004	   1.7030	2.536e-04	   0.027	   350.468
 532	133	 4.0411	 1.0413	   1.5304	        1.5308	          0.0004	   1.6508	2.543e-04	   0.030	   350.966
 533	134	 4.0411	 1.0412	   1.5304	        1.5308	          0.0004	   1.6556	2.595e-04	   0.033	   351.498
 534	134	 4.0414	 1.0405	   1.5304	        1.5308	          0.0004	   1.6225	4.904e-04	   0.029	   352.029
 535	134	 4.0408	 1.0411	   1.5304	        1.5308	          0.0004	   1.6785	2.778e-04	   0.027	   352.533
 536	134	 4.0413	 1.0413	   1.5304	        1.5308	          0.0004	   1.6753	2.528e-04	   0.027	   353.025
 537	135	 4.0412	 1.0408	   1.5304	        1.5308	          0.0004	   1.6248	3.757e-04	   0.025	   353.504
 538	135	 4.0420	 1.0408	   1.5304	        1.5308	          0.0004	   1.6642	3.836e-04	   0.027	   353.989
 539	135	 4.0417	 1.0407	   1.5304	        1.5308	          0.0004	   1.6526	3.884e-04	   0.026	   354.467
 540	135	 4.0413	 1.0408	   1.5304	        1.5308	          0.0004	   1.6573	3.760e-04	   0.027	   354.925
 541	136	 4.0418	 1.0420	   1.5304	        1.5308	          0.0004	   1.7320	3.264e-04	   0.026	   355.373
 542	136	 4.0411	 1.0408	   1.5304	        1.5308	          0.0004	   1.5709	3.835e-04	   0.025	   355.820
 543	136	 4.0413	 1.0407	   1.5304	        1.5308	          0.0004	   1.6504	4.032e-04	   0.027	   356.264
 544	136	 4.0417	 1.0412	   1.5304	        1.5308	          0.0004	   1.6967	2.669e-04	   0.023	   356.708
 545	137	 4.0417	 1.0409	   1.5304	        1.5308	          0.0004	   1.6410	3.341e-04	   0.027	   357.164
 546	137	 4.0416	 1.0409	   1.5304	        1.5308	          0.0004	   1.6652	3.295e-04	   0.028	   357.648
 547	137	 4.0422	 1.0413	   1.5304	        1.5308	          0.0004	   1.6941	2.436e-04	   0.031	   358.129
 548	137	 4.0419	 1.0413	   1.5304	        1.5308	          0.0004	   1.6399	2.508e-04	   0.027	   358.609
 549	138	 4.0414	 1.0403	   1.5304	        1.5308	          0.0004	   1.5939	5.532e-04	   0.027	   359.068
 550	138	 4.0415	 1.0408	   1.5304	        1.5308	          0.0004	   1.6871	3.716e-04	   0.029	   359.541
 551	138	 4.0422	 1.0416	   1.5304	        1.5308	          0.0004	   1.7155	2.522e-04	   0.023	   359.989
 552	138	 4.0418	 1.0419	   1.5304	        1.5308	          0.0004	   1.6655	3.257e-04	   0.025	   360.433
 553	139	 4.0415	 1.0422	   1.5304	        1.5308	          0.0004	   1.6625	4.205e-04	   0.026	   360.883
 554	139	 4.0420	 1.0424	   1.5304	        1.5308	          0.0004	   1.6785	4.937e-04	   0.027	   361.326
 555	139	 4.0424	 1.0428	   1.5304	        1.5308	          0.0004	   1.6876	6.385e-04	   0.027	   361.774
 556	139	 4.0417	 1.0426	   1.5304	        1.5308	          0.0004	   1.6415	5.425e-04	   0.025	   362.221
 557	140	 4.0412	 1.0435	   1.5304	        1.5308	          0.0004	   1.7069	9.275e-04	   0.027	   362.665
 558	140	 4.0417	 1.0431	   1.5304	        1.5308	          0.0004	   1.6475	7.554e-04	   0.022	   363.082
 559	140	 4.0416	 1.0422	   1.5304	        1.5308	          0.0004	   1.5894	3.910e-04	   0.023	   363.510
 560	140	 4.0414	 1.0422	   1.5304	        1.5308	          0.0004	   1.6540	4.125e-04	   0.027	   363.944
 561	141	 4.0408	 1.0416	   1.5304	        1.5308	          0.0004	   1.6074	2.532e-04	   0.029	   364.404
 562	141	 4.0414	 1.0423	   1.5304	        1.5308	          0.0004	   1.7110	4.419e-04	   0.026	   364.855
 563	141	 4.0410	 1.0421	   1.5304	        1.5308	          0.0004	   1.6407	3.773e-04	   0.026	   365.318
 564	141	 4.0413	 1.0422	   1.5304	        1.5308	          0.0004	   1.6595	4.023e-04	   0.028	   365.784
 565	142	 4.0415	 1.0430	   1.5304	        1.5308	          0.0004	   1.7209	7.326e-04	   0.023	   366.224
 566	142	 4.0414	 1.0426	   1.5304	        1.5308	          0.0004	   1.6259	5.640e-04	   0.023	   366.636
 567	142	 4.0420	 1.0425	   1.5304	        1.5308	          0.0004	   1.6602	5.186e-04	   0.025	   367.056
 568	142	 4.0416	 1.0424	   1.5304	        1.5308	          0.0004	   1.6412	4.953e-04	   0.026	   367.470
 569	143	 4.0414	 1.0422	   1.5304	        1.5308	          0.0004	   1.6371	3.915e-04	   0.025	   367.886
 570	143	 4.0417	 1.0425	   1.5304	        1.5308	          0.0004	   1.6794	4.989e-04	   0.024	   368.303
 571	143	 4.0421	 1.0432	   1.5304	        1.5308	          0.0004	   1.7095	8.073e-04	   0.026	   368.714
 572	143	 4.0417	 1.0428	   1.5304	        1.5308	          0.0004	   1.6266	6.535e-04	   0.023	   369.130
 573	144	 4.0414	 1.0439	   1.5304	        1.5308	          0.0004	   1.7216	1.088e-03	   0.025	   369.557
 574	144	 4.0415	 1.0445	   1.5304	        1.5308	          0.0004	   1.6946	1.334e-03	   0.025	   370.001
 575	144	 4.0415	 1.0438	   1.5304	        1.5308	          0.0004	   1.6127	1.027e-03	   0.028	   370.435
 576	144	 4.0417	 1.0434	   1.5304	        1.5308	          0.0004	   1.6375	8.612e-04	   0.025	   370.876
 577	145	 4.0421	 1.0432	   1.5304	        1.5308	          0.0004	   1.6569	8.100e-04	   0.026	   371.296
 578	145	 4.0419	 1.0431	   1.5304	        1.5308	          0.0004	   1.6526	7.624e-04	   0.028	   371.739
 579	145	 4.0419	 1.0439	   1.5304	        1.5308	          0.0004	   1.7123	1.094e-03	   0.023	   372.165
 580	145	 4.0420	 1.0433	   1.5304	        1.5308	          0.0004	   1.6149	8.557e-04	   0.023	   372.577
 581	146	 4.0419	 1.0431	   1.5304	        1.5308	          0.0004	   1.6437	7.496e-04	   0.025	   372.997
 582	146	 4.0428	 1.0428	   1.5304	        1.5308	          0.0004	   1.6488	6.228e-04	   0.026	   373.410
 583	146	 4.0426	 1.0429	   1.5304	        1.5308	          0.0004	   1.6618	6.783e-04	   0.025	   373.827
 584	146	 4.0424	 1.0433	   1.5304	        1.5308	          0.0004	   1.6821	8.316e-04	   0.024	   374.243
 585	147	 4.0425	 1.0433	   1.5304	        1.5308	          0.0004	   1.6649	8.355e-04	   0.026	   374.655
 586	147	 4.0424	 1.0432	   1.5304	        1.5308	          0.0004	   1.6489	8.014e-04	   0.023	   375.071
 587	147	 4.0426	 1.0428	   1.5304	        1.5308	          0.0004	   1.6345	6.549e-04	   0.023	   375.483
 588	147	 4.0428	 1.0428	   1.5304	        1.5308	          0.0004	   1.6632	6.538e-04	   0.027	   375.909
 589	148	 4.0431	 1.0428	   1.5304	        1.5308	          0.0004	   1.6539	6.190e-04	   0.030	   376.368
 590	148	 4.0428	 1.0422	   1.5304	        1.5308	          0.0004	   1.6073	3.943e-04	   0.025	   376.827
 591	148	 4.0429	 1.0430	   1.5304	        1.5308	          0.0004	   1.7154	7.111e-04	   0.026	   377.287
 592	148	 4.0427	 1.0425	   1.5304	        1.5308	          0.0004	   1.6274	5.270e-04	   0.030	   377.791
 593	149	 4.0428	 1.0416	   1.5304	        1.5308	          0.0004	   1.5939	2.512e-04	   0.025	   378.265
 594	149	 4.0420	 1.0422	   1.5304	        1.5308	          0.0004	   1.6843	3.941e-04	   0.023	   378.680
 595	149	 4.0425	 1.0420	   1.5304	        1.5308	          0.0004	   1.6609	3.525e-04	   0.025	   379.100
 596	149	 4.0428	 1.0421	   1.5304	        1.5308	          0.0004	   1.6675	3.765e-04	   0.026	   379.513
 597	150	 4.0429	 1.0428	   1.5304	        1.5308	          0.0004	   1.7156	6.351e-04	   0.025	   379.929
 598	150	 4.0429	 1.0420	   1.5304	        1.5308	          0.0004	   1.5948	3.429e-04	   0.024	   380.345
 599	150	 4.0437	 1.0416	   1.5304	        1.5308	          0.0004	   1.6511	2.520e-04	   0.026	   380.758
 600	150	 4.0430	 1.0420	   1.5304	        1.5308	          0.0004	   1.6623	3.285e-04	   0.025	   381.206
 601	151	 4.0424	 1.0419	   1.5304	        1.5308	          0.0004	   1.6391	3.181e-04	   0.023	   381.642
 602	151	 4.0424	 1.0420	   1.5304	        1.5308	          0.0004	   1.6591	3.338e-04	   0.025	   382.077
 603	151	 4.0429	 1.0424	   1.5304	        1.5308	          0.0004	   1.6950	4.756e-04	   0.028	   382.505
 604	151	 4.0436	 1.0422	   1.5304	        1.5308	          0.0004	   1.6679	4.224e-04	   0.027	   382.951
 605	152	 4.0440	 1.0412	   1.5304	        1.5308	          0.0004	   1.5907	2.606e-04	   0.023	   383.367
 606	152	 4.0438	 1.0402	   1.5304	        1.5308	          0.0004	   1.5956	5.827e-04	   0.028	   383.806
 607	152	 4.0438	 1.0405	   1.5304	        1.5308	          0.0004	   1.6790	4.611e-04	   0.023	   384.240
 608	152	 4.0440	 1.0415	   1.5304	        1.5308	          0.0004	   1.7228	2.380e-04	   0.023	   384.652
 609	153	 4.0450	 1.0421	   1.5304	        1.5308	          0.0004	   1.7169	3.664e-04	   0.025	   385.072
 610	153	 4.0451	 1.0422	   1.5304	        1.5308	          0.0004	   1.6737	3.920e-04	   0.026	   385.485
 611	153	 4.0444	 1.0415	   1.5304	        1.5308	          0.0004	   1.5965	2.410e-04	   0.025	   385.902
 612	153	 4.0442	 1.0425	   1.5304	        1.5308	          0.0004	   1.7197	5.312e-04	   0.024	   386.318
 613	154	 4.0437	 1.0423	   1.5304	        1.5308	          0.0004	   1.6334	4.526e-04	   0.026	   386.731
 614	154	 4.0442	 1.0427	   1.5304	        1.5308	          0.0004	   1.6952	5.817e-04	   0.023	   387.147
 615	154	 4.0446	 1.0434	   1.5304	        1.5308	          0.0004	   1.7088	8.755e-04	   0.023	   387.559
 616	154	 4.0440	 1.0428	   1.5304	        1.5308	          0.0004	   1.6063	6.437e-04	   0.025	   387.978
 617	155	 4.0443	 1.0434	   1.5304	        1.5308	          0.0004	   1.7122	8.817e-04	   0.030	   388.430
 618	155	 4.0433	 1.0424	   1.5304	        1.5308	          0.0004	   1.5655	4.963e-04	   0.029	   388.900
 619	155	 4.0430	 1.0428	   1.5304	        1.5308	          0.0004	   1.6781	6.541e-04	   0.024	   389.351
 620	155	 4.0433	 1.0429	   1.5304	        1.5308	          0.0004	   1.6678	6.716e-04	   0.026	   389.809
 621	156	 4.0436	 1.0428	   1.5304	        1.5308	          0.0004	   1.6466	6.213e-04	   0.025	   390.262
 622	156	 4.0439	 1.0429	   1.5304	        1.5308	          0.0004	   1.6753	6.566e-04	   0.023	   390.684
 623	156	 4.0438	 1.0434	   1.5304	        1.5308	          0.0004	   1.6892	8.788e-04	   0.025	   391.104
 624	156	 4.0443	 1.0426	   1.5304	        1.5308	          0.0004	   1.6090	5.545e-04	   0.026	   391.517
 625	157	 4.0449	 1.0430	   1.5304	        1.5308	          0.0004	   1.7072	7.008e-04	   0.025	   391.934
 626	157	 4.0441	 1.0427	   1.5304	        1.5308	          0.0004	   1.6259	6.132e-04	   0.024	   392.350
 627	157	 4.0437	 1.0429	   1.5304	        1.5308	          0.0004	   1.6558	6.830e-04	   0.026	   392.762
 628	157	 4.0437	 1.0422	   1.5304	        1.5308	          0.0004	   1.5980	4.074e-04	   0.025	   393.213
 629	158	 4.0438	 1.0421	   1.5304	        1.5308	          0.0004	   1.6509	3.719e-04	   0.023	   393.629
 630	158	 4.0436	 1.0408	   1.5304	        1.5308	          0.0004	   1.5523	3.711e-04	   0.025	   394.049
 631	158	 4.0441	 1.0409	   1.5304	        1.5308	          0.0004	   1.6834	3.257e-04	   0.028	   394.468
 632	158	 4.0440	 1.0417	   1.5304	        1.5308	          0.0004	   1.7129	2.649e-04	   0.027	   394.917
 633	159	 4.0443	 1.0429	   1.5304	        1.5308	          0.0004	   1.7454	6.799e-04	   0.023	   395.340
 634	159	 4.0431	 1.0421	   1.5304	        1.5308	          0.0004	   1.5796	3.701e-04	   0.026	   395.774
 635	159	 4.0434	 1.0423	   1.5304	        1.5308	          0.0004	   1.6870	4.547e-04	   0.023	   396.213
 636	159	 4.0437	 1.0420	   1.5304	        1.5308	          0.0004	   1.6406	3.499e-04	   0.023	   396.625
 637	160	 4.0434	 1.0416	   1.5304	        1.5308	          0.0004	   1.6246	2.507e-04	   0.026	   397.070
 638	160	 4.0441	 1.0420	   1.5304	        1.5308	          0.0004	   1.6979	3.417e-04	   0.028	   397.524
 639	160	 4.0440	 1.0426	   1.5304	        1.5308	          0.0004	   1.6922	5.433e-04	   0.027	   397.982
 640	160	 4.0437	 1.0420	   1.5304	        1.5308	          0.0004	   1.6086	3.399e-04	   0.025	   398.434
 641	161	 4.0442	 1.0423	   1.5304	        1.5308	          0.0004	   1.6919	4.508e-04	   0.028	   398.868
 642	161	 4.0443	 1.0418	   1.5304	        1.5308	          0.0004	   1.6234	2.934e-04	   0.023	   399.289
 643	161	 4.0448	 1.0424	   1.5304	        1.5308	          0.0004	   1.7073	4.679e-04	   0.023	   399.701
 644	161	 4.0439	 1.0417	   1.5304	        1.5308	          0.0004	   1.5890	2.677e-04	   0.027	   400.129
 645	162	 4.0440	 1.0420	   1.5304	        1.5308	          0.0004	   1.6786	3.525e-04	   0.030	   400.608
 646	162	 4.0431	 1.0410	   1.5304	        1.5308	          0.0004	   1.5756	2.990e-04	   0.030	   401.110
 647	162	 4.0435	 1.0423	   1.5304	        1.5308	          0.0004	   1.7527	4.390e-04	   0.027	   401.592
 648	162	 4.0436	 1.0424	   1.5304	        1.5308	          0.0004	   1.6666	4.619e-04	   0.026	   402.048
 649	163	 4.0441	 1.0423	   1.5304	        1.5308	          0.0004	   1.6625	4.604e-04	   0.023	   402.503
 650	163	 4.0439	 1.0422	   1.5304	        1.5308	          0.0004	   1.6482	4.035e-04	   0.023	   402.930
 651	163	 4.0439	 1.0422	   1.5304	        1.5308	          0.0004	   1.6464	3.909e-04	   0.025	   403.350
 652	163	 4.0439	 1.0426	   1.5304	        1.5308	          0.0004	   1.6950	5.380e-04	   0.026	   403.763
 653	164	 4.0441	 1.0422	   1.5304	        1.5308	          0.0004	   1.6413	4.082e-04	   0.025	   404.179
 654	164	 4.0441	 1.0428	   1.5304	        1.5308	          0.0004	   1.7049	6.383e-04	   0.026	   404.608
 655	164	 4.0444	 1.0435	   1.5304	        1.5308	          0.0004	   1.7037	9.090e-04	   0.028	   405.054
 656	164	 4.0442	 1.0429	   1.5304	        1.5308	          0.0004	   1.6062	6.603e-04	   0.025	   405.494
 657	165	 4.0452	 1.0424	   1.5304	        1.5308	          0.0004	   1.6330	4.755e-04	   0.023	   405.907
 658	165	 4.0447	 1.0419	   1.5304	        1.5308	          0.0004	   1.6186	3.208e-04	   0.025	   406.327
 659	165	 4.0446	 1.0426	   1.5304	        1.5308	          0.0004	   1.7145	5.468e-04	   0.026	   406.740
 660	165	 4.0445	 1.0427	   1.5304	        1.5308	          0.0004	   1.6564	5.794e-04	   0.027	   407.187
 661	166	 4.0446	 1.0438	   1.5304	        1.5308	          0.0004	   1.7415	1.027e-03	   0.024	   407.617
 662	166	 4.0441	 1.0435	   1.5304	        1.5308	          0.0004	   1.6224	9.339e-04	   0.028	   408.048
 663	166	 4.0446	 1.0430	   1.5304	        1.5308	          0.0004	   1.6390	7.193e-04	   0.023	   408.490
 664	166	 4.0447	 1.0430	   1.5304	        1.5308	          0.0004	   1.6598	7.315e-04	   0.023	   408.902
 665	167	 4.0447	 1.0436	   1.5304	        1.5308	          0.0004	   1.6897	9.507e-04	   0.025	   409.322
 666	167	 4.0443	 1.0442	   1.5304	        1.5308	          0.0004	   1.6848	1.196e-03	   0.026	   409.736
 667	167	 4.0445	 1.0436	   1.5304	        1.5308	          0.0004	   1.6245	9.523e-04	   0.025	   410.152
 668	167	 4.0443	 1.0429	   1.5304	        1.5308	          0.0004	   1.6093	6.863e-04	   0.024	   410.568
 669	168	 4.0438	 1.0428	   1.5304	        1.5308	          0.0004	   1.6402	6.343e-04	   0.026	   410.981
 670	168	 4.0438	 1.0429	   1.5304	        1.5308	          0.0004	   1.6641	6.597e-04	   0.023	   411.396
 671	168	 4.0442	 1.0433	   1.5304	        1.5308	          0.0004	   1.6994	8.305e-04	   0.023	   411.808
 672	168	 4.0441	 1.0427	   1.5304	        1.5308	          0.0004	   1.6042	5.885e-04	   0.025	   412.228
 673	169	 4.0443	 1.0424	   1.5304	        1.5308	          0.0004	   1.6440	4.853e-04	   0.028	   412.660
 674	169	 4.0445	 1.0422	   1.5304	        1.5308	          0.0004	   1.6266	4.016e-04	   0.027	   413.125
 675	169	 4.0445	 1.0420	   1.5304	        1.5308	          0.0004	   1.6515	3.460e-04	   0.028	   413.581
 676	169	 4.0443	 1.0428	   1.5304	        1.5308	          0.0004	   1.7196	6.458e-04	   0.028	   414.042
 677	170	 4.0442	 1.0421	   1.5304	        1.5308	          0.0004	   1.5964	3.658e-04	   0.024	   414.506
 678	170	 4.0441	 1.0428	   1.5304	        1.5308	          0.0004	   1.7152	6.545e-04	   0.023	   414.934
 679	170	 4.0441	 1.0419	   1.5304	        1.5308	          0.0004	   1.5839	3.042e-04	   0.025	   415.354
 680	170	 4.0440	 1.0427	   1.5304	        1.5308	          0.0004	   1.7153	5.887e-04	   0.026	   415.767
 681	171	 4.0438	 1.0426	   1.5304	        1.5308	          0.0004	   1.6505	5.703e-04	   0.025	   416.184
 682	171	 4.0443	 1.0423	   1.5304	        1.5308	          0.0004	   1.6459	4.578e-04	   0.026	   416.614
 683	171	 4.0437	 1.0422	   1.5304	        1.5308	          0.0004	   1.6390	4.158e-04	   0.026	   417.051
 684	171	 4.0436	 1.0432	   1.5304	        1.5308	          0.0004	   1.7310	7.887e-04	   0.023	   417.467
 685	172	 4.0434	 1.0432	   1.5304	        1.5308	          0.0004	   1.6622	8.129e-04	   0.023	   417.879
 686	172	 4.0434	 1.0436	   1.5304	        1.5308	          0.0004	   1.6744	9.553e-04	   0.025	   418.299
 687	172	 4.0434	 1.0426	   1.5304	        1.5308	          0.0004	   1.5792	5.524e-04	   0.026	   418.712
 688	172	 4.0435	 1.0426	   1.5304	        1.5308	          0.0004	   1.6695	5.662e-04	   0.025	   419.151
 689	173	 4.0438	 1.0420	   1.5304	        1.5308	          0.0004	   1.6216	3.484e-04	   0.024	   419.590
 690	173	 4.0441	 1.0427	   1.5304	        1.5308	          0.0004	   1.7152	6.063e-04	   0.028	   420.014
 691	173	 4.0440	 1.0424	   1.5304	        1.5308	          0.0004	   1.6317	4.771e-04	   0.025	   420.459
 692	173	 4.0440	 1.0420	   1.5304	        1.5308	          0.0004	   1.6182	3.393e-04	   0.023	   420.874
 693	174	 4.0437	 1.0425	   1.5304	        1.5308	          0.0004	   1.6976	5.329e-04	   0.024	   421.294
 694	174	 4.0439	 1.0424	   1.5304	        1.5308	          0.0004	   1.6510	4.694e-04	   0.026	   421.708
 695	174	 4.0440	 1.0423	   1.5304	        1.5308	          0.0004	   1.6549	4.549e-04	   0.025	   422.124
 696	174	 4.0438	 1.0419	   1.5304	        1.5308	          0.0004	   1.6134	3.020e-04	   0.024	   422.541
 697	175	 4.0442	 1.0419	   1.5304	        1.5308	          0.0004	   1.6717	3.151e-04	   0.025	   422.953
 698	175	 4.0442	 1.0431	   1.5304	        1.5308	          0.0004	   1.7624	7.553e-04	   0.023	   423.369
 699	175	 4.0445	 1.0425	   1.5304	        1.5308	          0.0004	   1.6113	5.369e-04	   0.025	   423.816
 700	175	 4.0441	 1.0418	   1.5304	        1.5308	          0.0004	   1.5802	2.740e-04	   0.025	   424.272
 701	176	 4.0443	 1.0417	   1.5304	        1.5308	          0.0004	   1.6623	2.665e-04	   0.028	   424.699
 702	176	 4.0440	 1.0417	   1.5304	        1.5308	          0.0004	   1.6457	2.619e-04	   0.028	   425.162
 703	176	 4.0440	 1.0421	   1.5304	        1.5308	          0.0004	   1.6934	3.790e-04	   0.024	   425.613
 704	176	 4.0434	 1.0415	   1.5304	        1.5308	          0.0004	   1.5922	2.425e-04	   0.028	   426.072
 705	177	 4.0434	 1.0415	   1.5304	        1.5308	          0.0004	   1.6572	2.390e-04	   0.026	   426.541
 706	177	 4.0429	 1.0422	   1.5304	        1.5308	          0.0004	   1.7006	4.028e-04	   0.023	   426.978
 707	177	 4.0433	 1.0423	   1.5304	        1.5308	          0.0004	   1.6699	4.345e-04	   0.025	   427.398
 708	177	 4.0433	 1.0418	   1.5304	        1.5308	          0.0004	   1.6119	2.781e-04	   0.026	   427.811
 709	178	 4.0437	 1.0411	   1.5304	        1.5308	          0.0004	   1.6115	2.759e-04	   0.027	   428.260
 710	178	 4.0432	 1.0415	   1.5304	        1.5308	          0.0004	   1.6690	2.388e-04	   0.024	   428.700
 711	178	 4.0435	 1.0411	   1.5304	        1.5308	          0.0004	   1.6384	2.694e-04	   0.026	   429.127
 712	178	 4.0435	 1.0411	   1.5304	        1.5308	          0.0004	   1.6594	2.694e-04	   0.023	   429.543
 713	179	 4.0442	 1.0412	   1.5304	        1.5308	          0.0004	   1.6780	2.607e-04	   0.023	   429.955
 714	179	 4.0442	 1.0413	   1.5304	        1.5308	          0.0004	   1.6738	2.394e-04	   0.025	   430.375
 715	179	 4.0442	 1.0417	   1.5304	        1.5308	          0.0004	   1.6832	2.630e-04	   0.026	   430.788
 716	179	 4.0444	 1.0413	   1.5304	        1.5308	          0.0004	   1.6169	2.461e-04	   0.027	   431.226
 717	180	 4.0443	 1.0414	   1.5304	        1.5308	          0.0004	   1.6653	2.363e-04	   0.024	   431.666
 718	180	 4.0443	 1.0417	   1.5304	        1.5308	          0.0004	   1.6783	2.553e-04	   0.028	   432.082
 719	180	 4.0446	 1.0417	   1.5304	        1.5308	          0.0004	   1.6660	2.608e-04	   0.025	   432.529
 720	180	 4.0443	 1.0416	   1.5304	        1.5308	          0.0004	   1.6415	2.432e-04	   0.023	   432.951
 721	181	 4.0439	 1.0420	   1.5304	        1.5308	          0.0004	   1.6924	3.458e-04	   0.024	   433.371
 722	181	 4.0439	 1.0423	   1.5304	        1.5308	          0.0004	   1.6751	4.357e-04	   0.026	   433.784
 723	181	 4.0440	 1.0418	   1.5304	        1.5308	          0.0004	   1.6163	2.782e-04	   0.025	   434.201
 724	181	 4.0440	 1.0416	   1.5304	        1.5308	          0.0004	   1.6436	2.430e-04	   0.024	   434.617
 725	182	 4.0444	 1.0414	   1.5304	        1.5308	          0.0004	   1.6405	2.383e-04	   0.026	   435.029
 726	182	 4.0448	 1.0413	   1.5304	        1.5308	          0.0004	   1.6754	2.423e-04	   0.023	   435.445
 727	182	 4.0448	 1.0420	   1.5304	        1.5308	          0.0004	   1.7068	3.322e-04	   0.023	   435.857
 728	182	 4.0443	 1.0418	   1.5304	        1.5308	          0.0004	   1.6307	2.741e-04	   0.025	   436.277
 729	183	 4.0444	 1.0424	   1.5304	        1.5308	          0.0004	   1.7163	4.630e-04	   0.028	   436.697
 730	183	 4.0445	 1.0423	   1.5304	        1.5308	          0.0004	   1.6599	4.599e-04	   0.029	   437.160
 731	183	 4.0443	 1.0422	   1.5304	        1.5308	          0.0004	   1.6377	4.116e-04	   0.024	   437.618
 732	183	 4.0443	 1.0421	   1.5304	        1.5308	          0.0004	   1.6402	3.603e-04	   0.026	   438.068
 733	184	 4.0439	 1.0416	   1.5304	        1.5308	          0.0004	   1.6177	2.467e-04	   0.026	   438.534
 734	184	 4.0444	 1.0417	   1.5304	        1.5308	          0.0004	   1.6724	2.636e-04	   0.025	   438.980
 735	184	 4.0445	 1.0415	   1.5304	        1.5308	          0.0004	   1.6418	2.386e-04	   0.025	   439.403
 736	184	 4.0443	 1.0423	   1.5304	        1.5308	          0.0004	   1.7147	4.451e-04	   0.026	   439.817
 737	185	 4.0439	 1.0416	   1.5304	        1.5308	          0.0004	   1.5976	2.541e-04	   0.027	   440.268
 738	185	 4.0442	 1.0420	   1.5304	        1.5308	          0.0004	   1.6881	3.309e-04	   0.024	   440.688
 739	185	 4.0444	 1.0423	   1.5304	        1.5308	          0.0004	   1.6837	4.399e-04	   0.026	   441.100
 740	185	 4.0447	 1.0422	   1.5304	        1.5308	          0.0004	   1.6573	4.109e-04	   0.023	   441.516
 741	186	 4.0446	 1.0421	   1.5304	        1.5308	          0.0004	   1.6518	3.684e-04	   0.023	   441.928
 742	186	 4.0443	 1.0419	   1.5304	        1.5308	          0.0004	   1.6317	3.226e-04	   0.025	   442.349
 743	186	 4.0447	 1.0412	   1.5304	        1.5308	          0.0004	   1.6060	2.499e-04	   0.026	   442.762
 744	186	 4.0444	 1.0425	   1.5304	        1.5308	          0.0004	   1.7597	5.138e-04	   0.029	   443.209
 745	187	 4.0444	 1.0429	   1.5304	        1.5308	          0.0004	   1.6909	6.799e-04	   0.027	   443.696
 746	187	 4.0447	 1.0433	   1.5304	        1.5308	          0.0004	   1.6952	8.351e-04	   0.028	   444.150
 747	187	 4.0445	 1.0427	   1.5304	        1.5308	          0.0004	   1.6139	5.987e-04	   0.026	   444.631
 748	187	 4.0446	 1.0427	   1.5304	        1.5308	          0.0004	   1.6535	6.040e-04	   0.023	   445.061
 749	188	 4.0451	 1.0421	   1.5304	        1.5308	          0.0004	   1.6097	3.705e-04	   0.024	   445.481
 750	188	 4.0450	 1.0426	   1.5304	        1.5308	          0.0004	   1.7047	5.664e-04	   0.026	   445.894
 751	188	 4.0450	 1.0421	   1.5304	        1.5308	          0.0004	   1.6171	3.832e-04	   0.025	   446.310
 752	188	 4.0447	 1.0422	   1.5304	        1.5308	          0.0004	   1.6587	4.182e-04	   0.026	   446.764
 753	189	 4.0444	 1.0427	   1.5304	        1.5308	          0.0004	   1.6984	5.830e-04	   0.028	   447.212
 754	189	 4.0440	 1.0429	   1.5304	        1.5308	          0.0004	   1.6702	6.924e-04	   0.024	   447.649
 755	189	 4.0441	 1.0431	   1.5304	        1.5308	          0.0004	   1.6719	7.625e-04	   0.023	   448.070
 756	189	 4.0445	 1.0425	   1.5304	        1.5308	          0.0004	   1.6054	5.273e-04	   0.025	   448.490
 757	190	 4.0447	 1.0426	   1.5304	        1.5308	          0.0004	   1.6634	5.725e-04	   0.026	   448.904
 758	190	 4.0447	 1.0426	   1.5304	        1.5308	          0.0004	   1.6502	5.406e-04	   0.029	   449.358
 759	190	 4.0450	 1.0426	   1.5304	        1.5308	          0.0004	   1.6695	5.668e-04	   0.028	   449.828
 760	190	 4.0448	 1.0424	   1.5304	        1.5308	          0.0004	   1.6378	4.725e-04	   0.026	   450.275
 761	191	 4.0449	 1.0424	   1.5304	        1.5308	          0.0004	   1.6633	4.879e-04	   0.024	   450.737
 762	191	 4.0449	 1.0423	   1.5304	        1.5308	          0.0004	   1.6416	4.421e-04	   0.025	   451.185
 763	191	 4.0447	 1.0421	   1.5304	        1.5308	          0.0004	   1.6427	3.879e-04	   0.027	   451.628
 764	191	 4.0451	 1.0417	   1.5304	        1.5308	          0.0004	   1.6298	2.684e-04	   0.028	   452.075
 765	192	 4.0450	 1.0419	   1.5304	        1.5308	          0.0004	   1.6653	2.999e-04	   0.027	   452.515
 766	192	 4.0450	 1.0414	   1.5304	        1.5308	          0.0004	   1.6070	2.375e-04	   0.024	   452.933
 767	192	 4.0455	 1.0412	   1.5304	        1.5308	          0.0004	   1.6536	2.587e-04	   0.026	   453.345
 768	192	 4.0452	 1.0418	   1.5304	        1.5308	          0.0004	   1.6964	2.760e-04	   0.023	   453.761
 769	193	 4.0446	 1.0419	   1.5304	        1.5308	          0.0004	   1.6548	2.971e-04	   0.023	   454.173
 770	193	 4.0448	 1.0420	   1.5304	        1.5308	          0.0004	   1.6748	3.405e-04	   0.025	   454.593
 771	193	 4.0449	 1.0416	   1.5304	        1.5308	          0.0004	   1.6172	2.408e-04	   0.026	   455.006
 772	193	 4.0451	 1.0419	   1.5304	        1.5308	          0.0004	   1.6875	3.026e-04	   0.027	   455.429
 773	194	 4.0454	 1.0413	   1.5304	        1.5308	          0.0004	   1.6122	2.429e-04	   0.026	   455.878
 774	194	 4.0449	 1.0416	   1.5304	        1.5308	          0.0004	   1.6642	2.470e-04	   0.026	   456.296
 775	194	 4.0453	 1.0417	   1.5304	        1.5308	          0.0004	   1.6780	2.647e-04	   0.023	   456.734
 776	194	 4.0448	 1.0420	   1.5304	        1.5308	          0.0004	   1.6780	3.377e-04	   0.023	   457.169
 777	195	 4.0444	 1.0425	   1.5304	        1.5308	          0.0004	   1.6971	5.166e-04	   0.025	   457.589
 778	195	 4.0439	 1.0417	   1.5304	        1.5308	          0.0004	   1.5804	2.716e-04	   0.026	   458.002
 779	195	 4.0447	 1.0419	   1.5304	        1.5308	          0.0004	   1.6791	3.032e-04	   0.025	   458.419
 780	195	 4.0451	 1.0418	   1.5304	        1.5308	          0.0004	   1.6703	2.892e-04	   0.024	   458.835
 781	196	 4.0453	 1.0414	   1.5304	        1.5308	          0.0004	   1.6199	2.374e-04	   0.026	   459.247
 782	196	 4.0451	 1.0415	   1.5304	        1.5308	          0.0004	   1.6665	2.366e-04	   0.023	   459.664
 783	196	 4.0451	 1.0425	   1.5304	        1.5308	          0.0004	   1.7489	5.335e-04	   0.023	   460.076
 784	196	 4.0450	 1.0424	   1.5304	        1.5308	          0.0004	   1.6450	4.781e-04	   0.025	   460.496
 785	197	 4.0455	 1.0418	   1.5304	        1.5308	          0.0004	   1.6245	2.821e-04	   0.026	   460.909
 786	197	 4.0455	 1.0422	   1.5304	        1.5308	          0.0004	   1.6886	4.199e-04	   0.027	   461.351
 787	197	 4.0456	 1.0420	   1.5304	        1.5308	          0.0004	   1.6399	3.511e-04	   0.027	   461.820
 788	197	 4.0456	 1.0423	   1.5304	        1.5308	          0.0004	   1.6753	4.280e-04	   0.029	   462.276
 789	198	 4.0454	 1.0424	   1.5304	        1.5308	          0.0004	   1.6614	4.860e-04	   0.024	   462.736
 790	198	 4.0457	 1.0419	   1.5304	        1.5308	          0.0004	   1.6283	3.205e-04	   0.023	   463.187
 791	198	 4.0460	 1.0419	   1.5304	        1.5308	          0.0004	   1.6701	3.169e-04	   0.027	   463.636
 792	198	 4.0457	 1.0425	   1.5304	        1.5308	          0.0004	   1.7021	5.352e-04	   0.024	   464.067
 793	199	 4.0458	 1.0430	   1.5304	        1.5308	          0.0004	   1.6954	7.260e-04	   0.023	   464.452
 794	199	 4.0456	 1.0429	   1.5304	        1.5308	          0.0004	   1.6531	6.884e-04	   0.020	   464.842
 795	199	 4.0458	 1.0425	   1.5304	        1.5308	          0.0004	   1.6169	5.244e-04	   0.021	   465.222
 796	199	 4.0455	 1.0426	   1.5304	        1.5308	          0.0004	   1.6568	5.571e-04	   0.019	   465.607
 797	200	 4.0448	 1.0420	   1.5304	        1.5308	          0.0004	   1.5853	3.545e-04	   0.017	   465.986
 798	200	 4.0447	 1.0425	   1.5304	        1.5308	          0.0004	   1.7054	5.328e-04	   0.020	   466.376
 799	200	 4.0451	 1.0429	   1.5304	        1.5308	          0.0004	   1.6998	6.778e-04	   0.020	   466.756
 800	200	 4.0462	 1.0426	   1.5304	        1.5308	          0.0004	   1.6601	5.741e-04	   0.022	   467.152

[BSGD] Finished on device cuda -> σ_f² ≈ 4.0462, σ_ε² ≈ 1.0426
