[GPU 5][JOB 142] 'python cli.py bsgd --n 1024 --lengthscale 0.5 --sigma-f2-true 4.0 --sigma-eps2-true 1.0 --n-epochs 200 --device auto --theta-min 1e-4 --theta-max 20.0 --print-every 1 --seed 1 --batch-size 1024 --sigma-f2-init 5.0 --sigma-eps2-init 3.0 --alpha1 9.0 '

=== BSGD (biased SGD on exact kernel) ===
iter	epoch	σ_f²	σ_ε²	real_nlml	real_nlml_true	real_nlml_abs_err	mini_nlml	||grad||	duration_s	wall_time_s
   1	 1	 3.8998	 2.0697	   1.6113	        1.5202	          0.0911	   1.6113	1.140e-01	   0.817	     0.924
   2	 2	 3.4003	 1.5566	   1.5537	        1.5202	          0.0335	   1.5537	1.014e-01	   0.100	     1.744
   3	 3	 3.1461	 1.2525	   1.5271	        1.5202	          0.0068	   1.5271	6.520e-02	   0.099	     2.640
   4	 4	 3.0218	 1.1059	   1.5199	        1.5202	          0.0003	   1.5199	2.727e-02	   0.099	     3.629
   5	 5	 2.9607	 1.0568	   1.5190	        1.5202	          0.0013	   1.5190	9.204e-03	   0.097	     4.619
   6	 6	 2.9253	 1.0430	   1.5189	        1.5202	          0.0014	   1.5189	3.459e-03	   0.107	     5.566
   7	 7	 2.9013	 1.0386	   1.5189	        1.5202	          0.0014	   1.5189	1.532e-03	   0.103	     6.518
   8	 8	 2.8835	 1.0369	   1.5188	        1.5202	          0.0014	   1.5188	7.815e-04	   0.111	     7.508
   9	 9	 2.8697	 1.0362	   1.5188	        1.5202	          0.0014	   1.5188	4.549e-04	   0.098	     8.464
  10	10	 2.8586	 1.0358	   1.5188	        1.5202	          0.0014	   1.5188	3.044e-04	   0.114	     9.509
  11	11	 2.8495	 1.0357	   1.5188	        1.5202	          0.0014	   1.5188	2.327e-04	   0.112	    10.582
  12	12	 2.8420	 1.0356	   1.5188	        1.5202	          0.0014	   1.5188	1.962e-04	   0.114	    11.622
  13	13	 2.8355	 1.0355	   1.5188	        1.5202	          0.0014	   1.5188	1.754e-04	   0.113	    12.642
  14	14	 2.8300	 1.0355	   1.5188	        1.5202	          0.0014	   1.5188	1.616e-04	   0.107	    13.674
  15	15	 2.8253	 1.0355	   1.5188	        1.5202	          0.0014	   1.5188	1.511e-04	   0.109	    14.723
  16	16	 2.8211	 1.0355	   1.5188	        1.5202	          0.0014	   1.5188	1.425e-04	   0.112	    15.761
  17	17	 2.8174	 1.0355	   1.5188	        1.5202	          0.0014	   1.5188	1.350e-04	   0.117	    16.804
  18	18	 2.8141	 1.0356	   1.5188	        1.5202	          0.0014	   1.5188	1.283e-04	   0.113	    17.849
  19	19	 2.8112	 1.0356	   1.5188	        1.5202	          0.0014	   1.5188	1.222e-04	   0.113	    18.906
  20	20	 2.8086	 1.0356	   1.5188	        1.5202	          0.0014	   1.5188	1.166e-04	   0.116	    19.994
  21	21	 2.8062	 1.0356	   1.5188	        1.5202	          0.0014	   1.5188	1.115e-04	   0.125	    21.148
  22	22	 2.8040	 1.0356	   1.5188	        1.5202	          0.0014	   1.5188	1.068e-04	   0.118	    22.253
  23	23	 2.8020	 1.0356	   1.5188	        1.5202	          0.0014	   1.5188	1.024e-04	   0.112	    23.291
  24	24	 2.8002	 1.0356	   1.5188	        1.5202	          0.0014	   1.5188	9.831e-05	   0.108	    24.326
  25	25	 2.7986	 1.0356	   1.5188	        1.5202	          0.0014	   1.5188	9.453e-05	   0.109	    25.374
  26	26	 2.7970	 1.0356	   1.5188	        1.5202	          0.0014	   1.5188	9.100e-05	   0.115	    26.413
  27	27	 2.7956	 1.0357	   1.5188	        1.5202	          0.0014	   1.5188	8.771e-05	   0.112	    27.455
  28	28	 2.7943	 1.0357	   1.5188	        1.5202	          0.0014	   1.5188	8.463e-05	   0.112	    28.497
  29	29	 2.7931	 1.0357	   1.5188	        1.5202	          0.0014	   1.5188	8.175e-05	   0.109	    29.531
  30	30	 2.7919	 1.0357	   1.5188	        1.5202	          0.0014	   1.5188	7.904e-05	   0.108	    30.576
  31	31	 2.7909	 1.0357	   1.5188	        1.5202	          0.0014	   1.5188	7.650e-05	   0.129	    31.675
  32	32	 2.7899	 1.0357	   1.5188	        1.5202	          0.0014	   1.5188	7.411e-05	   0.114	    32.727
  33	33	 2.7889	 1.0357	   1.5188	        1.5202	          0.0014	   1.5188	7.185e-05	   0.115	    33.769
  34	34	 2.7880	 1.0357	   1.5188	        1.5202	          0.0014	   1.5188	6.972e-05	   0.107	    34.802
  35	35	 2.7872	 1.0357	   1.5188	        1.5202	          0.0014	   1.5188	6.771e-05	   0.110	    35.848
  36	36	 2.7864	 1.0357	   1.5188	        1.5202	          0.0014	   1.5188	6.580e-05	   0.115	    36.891
  37	37	 2.7857	 1.0357	   1.5188	        1.5202	          0.0014	   1.5188	6.399e-05	   0.112	    37.929
  38	38	 2.7850	 1.0357	   1.5188	        1.5202	          0.0014	   1.5188	6.228e-05	   0.115	    38.973
  39	39	 2.7843	 1.0357	   1.5188	        1.5202	          0.0014	   1.5188	6.065e-05	   0.115	    40.104
  40	40	 2.7837	 1.0357	   1.5188	        1.5202	          0.0014	   1.5188	5.910e-05	   0.117	    41.210
  41	41	 2.7831	 1.0357	   1.5188	        1.5202	          0.0014	   1.5188	5.762e-05	   0.128	    42.392
  42	42	 2.7825	 1.0358	   1.5188	        1.5202	          0.0014	   1.5188	5.621e-05	   0.115	    43.499
  43	43	 2.7820	 1.0358	   1.5188	        1.5202	          0.0014	   1.5188	5.487e-05	   0.114	    44.551
  44	44	 2.7815	 1.0358	   1.5188	        1.5202	          0.0014	   1.5188	5.359e-05	   0.102	    45.581
  45	45	 2.7810	 1.0358	   1.5188	        1.5202	          0.0014	   1.5188	5.236e-05	   0.114	    46.634
  46	46	 2.7805	 1.0358	   1.5188	        1.5202	          0.0014	   1.5188	5.119e-05	   0.113	    47.671
  47	47	 2.7800	 1.0358	   1.5188	        1.5202	          0.0014	   1.5188	5.006e-05	   0.113	    48.712
  48	48	 2.7796	 1.0358	   1.5188	        1.5202	          0.0014	   1.5188	4.898e-05	   0.112	    49.755
  49	49	 2.7792	 1.0358	   1.5188	        1.5202	          0.0014	   1.5188	4.795e-05	   0.109	    50.787
  50	50	 2.7788	 1.0358	   1.5188	        1.5202	          0.0014	   1.5188	4.695e-05	   0.108	    51.836
  51	51	 2.7784	 1.0358	   1.5188	        1.5202	          0.0014	   1.5188	4.600e-05	   0.126	    52.922
  52	52	 2.7781	 1.0358	   1.5188	        1.5202	          0.0014	   1.5188	4.508e-05	   0.115	    53.984
  53	53	 2.7777	 1.0358	   1.5188	        1.5202	          0.0014	   1.5188	4.420e-05	   0.110	    55.023
  54	54	 2.7774	 1.0358	   1.5188	        1.5202	          0.0014	   1.5188	4.334e-05	   0.110	    56.061
  55	55	 2.7770	 1.0358	   1.5188	        1.5202	          0.0014	   1.5188	4.252e-05	   0.109	    57.108
  56	56	 2.7767	 1.0358	   1.5188	        1.5202	          0.0014	   1.5188	4.173e-05	   0.112	    58.148
  57	57	 2.7764	 1.0358	   1.5188	        1.5202	          0.0014	   1.5188	4.097e-05	   0.112	    59.182
  58	58	 2.7761	 1.0358	   1.5188	        1.5202	          0.0014	   1.5188	4.023e-05	   0.110	    60.216
  59	59	 2.7758	 1.0358	   1.5188	        1.5202	          0.0014	   1.5188	3.952e-05	   0.115	    61.290
  60	60	 2.7756	 1.0358	   1.5188	        1.5202	          0.0014	   1.5188	3.883e-05	   0.118	    62.351
  61	61	 2.7753	 1.0358	   1.5188	        1.5202	          0.0014	   1.5188	3.817e-05	   0.138	    63.515
  62	62	 2.7751	 1.0358	   1.5188	        1.5202	          0.0014	   1.5188	3.753e-05	   0.111	    64.618
  63	63	 2.7748	 1.0358	   1.5188	        1.5202	          0.0014	   1.5188	3.690e-05	   0.113	    65.661
  64	64	 2.7746	 1.0358	   1.5188	        1.5202	          0.0014	   1.5188	3.630e-05	   0.108	    66.698
  65	65	 2.7743	 1.0358	   1.5188	        1.5202	          0.0014	   1.5188	3.571e-05	   0.109	    67.744
  66	66	 2.7741	 1.0358	   1.5188	        1.5202	          0.0014	   1.5188	3.515e-05	   0.116	    68.785
  67	67	 2.7739	 1.0358	   1.5188	        1.5202	          0.0014	   1.5188	3.460e-05	   0.110	    69.822
  68	68	 2.7737	 1.0358	   1.5188	        1.5202	          0.0014	   1.5188	3.406e-05	   0.117	    70.868
  69	69	 2.7735	 1.0358	   1.5188	        1.5202	          0.0014	   1.5188	3.355e-05	   0.107	    71.897
  70	70	 2.7733	 1.0358	   1.5188	        1.5202	          0.0014	   1.5188	3.304e-05	   0.109	    72.945
  71	71	 2.7731	 1.0358	   1.5188	        1.5202	          0.0014	   1.5188	3.256e-05	   0.124	    74.024
  72	72	 2.7729	 1.0358	   1.5188	        1.5202	          0.0014	   1.5188	3.208e-05	   0.116	    75.094
  73	73	 2.7727	 1.0358	   1.5188	        1.5202	          0.0014	   1.5188	3.162e-05	   0.110	    76.136
  74	74	 2.7726	 1.0358	   1.5188	        1.5202	          0.0014	   1.5188	3.117e-05	   0.108	    77.168
  75	75	 2.7724	 1.0358	   1.5188	        1.5202	          0.0014	   1.5188	3.073e-05	   0.111	    78.216
  76	76	 2.7722	 1.0358	   1.5188	        1.5202	          0.0014	   1.5188	3.031e-05	   0.113	    79.255
  77	77	 2.7721	 1.0358	   1.5188	        1.5202	          0.0014	   1.5188	2.990e-05	   0.122	    80.327
  78	78	 2.7719	 1.0358	   1.5188	        1.5202	          0.0014	   1.5188	2.949e-05	   0.127	    81.475
  79	79	 2.7717	 1.0358	   1.5188	        1.5202	          0.0014	   1.5188	2.910e-05	   0.121	    82.631
  80	80	 2.7716	 1.0358	   1.5188	        1.5202	          0.0014	   1.5188	2.872e-05	   0.120	    83.754
  81	81	 2.7714	 1.0358	   1.5188	        1.5202	          0.0014	   1.5188	2.834e-05	   0.130	    84.927
  82	82	 2.7713	 1.0358	   1.5188	        1.5202	          0.0014	   1.5188	2.798e-05	   0.115	    86.042
  83	83	 2.7712	 1.0358	   1.5188	        1.5202	          0.0014	   1.5188	2.762e-05	   0.111	    87.083
  84	84	 2.7710	 1.0358	   1.5188	        1.5202	          0.0014	   1.5188	2.728e-05	   0.109	    88.121
  85	85	 2.7709	 1.0358	   1.5188	        1.5202	          0.0014	   1.5188	2.694e-05	   0.108	    89.164
  86	86	 2.7708	 1.0358	   1.5188	        1.5202	          0.0014	   1.5188	2.661e-05	   0.115	    90.206
  87	87	 2.7706	 1.0358	   1.5188	        1.5202	          0.0014	   1.5188	2.629e-05	   0.112	    91.246
  88	88	 2.7705	 1.0358	   1.5188	        1.5202	          0.0014	   1.5188	2.597e-05	   0.114	    92.288
  89	89	 2.7704	 1.0358	   1.5188	        1.5202	          0.0014	   1.5188	2.566e-05	   0.108	    93.322
  90	90	 2.7703	 1.0358	   1.5188	        1.5202	          0.0014	   1.5188	2.536e-05	   0.108	    94.368
  91	91	 2.7702	 1.0359	   1.5188	        1.5202	          0.0014	   1.5188	2.507e-05	   0.126	    95.442
  92	92	 2.7701	 1.0359	   1.5188	        1.5202	          0.0014	   1.5188	2.478e-05	   0.115	    96.519
  93	93	 2.7699	 1.0359	   1.5188	        1.5202	          0.0014	   1.5188	2.450e-05	   0.114	    97.562
  94	94	 2.7698	 1.0359	   1.5188	        1.5202	          0.0014	   1.5188	2.423e-05	   0.104	    98.593
  95	95	 2.7697	 1.0359	   1.5188	        1.5202	          0.0014	   1.5188	2.396e-05	   0.111	    99.640
  96	96	 2.7696	 1.0359	   1.5188	        1.5202	          0.0014	   1.5188	2.369e-05	   0.110	   100.680
  97	97	 2.7695	 1.0359	   1.5188	        1.5202	          0.0014	   1.5188	2.343e-05	   0.112	   101.720
  98	98	 2.7694	 1.0359	   1.5188	        1.5202	          0.0014	   1.5188	2.318e-05	   0.116	   102.801
  99	99	 2.7693	 1.0359	   1.5188	        1.5202	          0.0014	   1.5188	2.293e-05	   0.102	   103.831
 100	100	 2.7692	 1.0359	   1.5188	        1.5202	          0.0014	   1.5188	2.269e-05	   0.117	   104.915
 101	101	 2.7691	 1.0359	   1.5188	        1.5202	          0.0014	   1.5188	2.245e-05	   0.128	   106.053
 102	102	 2.7691	 1.0359	   1.5188	        1.5202	          0.0014	   1.5188	2.222e-05	   0.114	   107.164
 103	103	 2.7690	 1.0359	   1.5188	        1.5202	          0.0014	   1.5188	2.199e-05	   0.110	   108.207
 104	104	 2.7689	 1.0359	   1.5188	        1.5202	          0.0014	   1.5188	2.177e-05	   0.106	   109.238
 105	105	 2.7688	 1.0359	   1.5188	        1.5202	          0.0014	   1.5188	2.155e-05	   0.110	   110.289
 106	106	 2.7687	 1.0359	   1.5188	        1.5202	          0.0014	   1.5188	2.134e-05	   0.109	   111.329
 107	107	 2.7686	 1.0359	   1.5188	        1.5202	          0.0014	   1.5188	2.112e-05	   0.114	   112.370
 108	108	 2.7685	 1.0359	   1.5188	        1.5202	          0.0014	   1.5188	2.092e-05	   0.110	   113.413
 109	109	 2.7685	 1.0359	   1.5188	        1.5202	          0.0014	   1.5188	2.071e-05	   0.108	   114.445
 110	110	 2.7684	 1.0359	   1.5188	        1.5202	          0.0014	   1.5188	2.052e-05	   0.107	   115.494
 111	111	 2.7683	 1.0359	   1.5188	        1.5202	          0.0014	   1.5188	2.032e-05	   0.120	   116.555
 112	112	 2.7682	 1.0359	   1.5188	        1.5202	          0.0014	   1.5188	2.013e-05	   0.114	   117.640
 113	113	 2.7682	 1.0359	   1.5188	        1.5202	          0.0014	   1.5188	1.994e-05	   0.107	   118.679
 114	114	 2.7681	 1.0359	   1.5188	        1.5202	          0.0014	   1.5188	1.975e-05	   0.109	   119.718
 115	115	 2.7680	 1.0359	   1.5188	        1.5202	          0.0014	   1.5188	1.957e-05	   0.108	   120.762
 116	116	 2.7680	 1.0359	   1.5188	        1.5202	          0.0014	   1.5188	1.939e-05	   0.118	   121.835
 117	117	 2.7679	 1.0359	   1.5188	        1.5202	          0.0014	   1.5188	1.922e-05	   0.117	   122.954
 118	118	 2.7678	 1.0359	   1.5188	        1.5202	          0.0014	   1.5188	1.904e-05	   0.110	   124.025
 119	119	 2.7678	 1.0359	   1.5188	        1.5202	          0.0014	   1.5188	1.888e-05	   0.107	   125.091
 120	120	 2.7677	 1.0359	   1.5188	        1.5202	          0.0014	   1.5188	1.871e-05	   0.116	   126.177
 121	121	 2.7676	 1.0359	   1.5188	        1.5202	          0.0014	   1.5188	1.854e-05	   0.125	   127.301
 122	122	 2.7676	 1.0359	   1.5188	        1.5202	          0.0014	   1.5188	1.838e-05	   0.119	   128.424
 123	123	 2.7675	 1.0359	   1.5188	        1.5202	          0.0014	   1.5188	1.823e-05	   0.108	   129.464
 124	124	 2.7674	 1.0359	   1.5188	        1.5202	          0.0014	   1.5188	1.807e-05	   0.107	   130.500
 125	125	 2.7674	 1.0359	   1.5188	        1.5202	          0.0014	   1.5188	1.792e-05	   0.108	   131.546
 126	126	 2.7673	 1.0359	   1.5188	        1.5202	          0.0014	   1.5188	1.777e-05	   0.110	   132.588
 127	127	 2.7673	 1.0359	   1.5188	        1.5202	          0.0014	   1.5188	1.762e-05	   0.112	   133.624
 128	128	 2.7672	 1.0359	   1.5188	        1.5202	          0.0014	   1.5188	1.747e-05	   0.113	   134.669
 129	129	 2.7671	 1.0359	   1.5188	        1.5202	          0.0014	   1.5188	1.733e-05	   0.102	   135.698
 130	130	 2.7671	 1.0359	   1.5188	        1.5202	          0.0014	   1.5188	1.719e-05	   0.110	   136.750
 131	131	 2.7670	 1.0359	   1.5188	        1.5202	          0.0014	   1.5188	1.705e-05	   0.114	   137.801
 132	132	 2.7670	 1.0359	   1.5188	        1.5202	          0.0014	   1.5188	1.691e-05	   0.114	   138.894
 133	133	 2.7669	 1.0359	   1.5188	        1.5202	          0.0014	   1.5188	1.678e-05	   0.107	   139.937
 134	134	 2.7669	 1.0359	   1.5188	        1.5202	          0.0014	   1.5188	1.664e-05	   0.105	   140.969
 135	135	 2.7668	 1.0359	   1.5188	        1.5202	          0.0014	   1.5188	1.651e-05	   0.109	   142.019
 136	136	 2.7668	 1.0359	   1.5188	        1.5202	          0.0014	   1.5188	1.638e-05	   0.106	   143.056
 137	137	 2.7667	 1.0359	   1.5188	        1.5202	          0.0014	   1.5188	1.626e-05	   0.116	   144.139
 138	138	 2.7667	 1.0359	   1.5188	        1.5202	          0.0014	   1.5188	1.613e-05	   0.108	   145.177
 139	139	 2.7666	 1.0359	   1.5188	        1.5202	          0.0014	   1.5188	1.601e-05	   0.109	   146.249
 140	140	 2.7666	 1.0359	   1.5188	        1.5202	          0.0014	   1.5188	1.589e-05	   0.108	   147.299
 141	141	 2.7665	 1.0359	   1.5188	        1.5202	          0.0014	   1.5188	1.577e-05	   0.122	   148.406
 142	142	 2.7665	 1.0359	   1.5188	        1.5202	          0.0014	   1.5188	1.565e-05	   0.119	   149.539
 143	143	 2.7665	 1.0359	   1.5188	        1.5202	          0.0014	   1.5188	1.553e-05	   0.110	   150.589
 144	144	 2.7664	 1.0359	   1.5188	        1.5202	          0.0014	   1.5188	1.542e-05	   0.105	   151.620
 145	145	 2.7664	 1.0359	   1.5188	        1.5202	          0.0014	   1.5188	1.531e-05	   0.103	   152.665
 146	146	 2.7663	 1.0359	   1.5188	        1.5202	          0.0014	   1.5188	1.519e-05	   0.115	   153.712
 147	147	 2.7663	 1.0359	   1.5188	        1.5202	          0.0014	   1.5188	1.508e-05	   0.112	   154.749
 148	148	 2.7662	 1.0359	   1.5188	        1.5202	          0.0014	   1.5188	1.498e-05	   0.110	   155.790
 149	149	 2.7662	 1.0359	   1.5188	        1.5202	          0.0014	   1.5188	1.487e-05	   0.103	   156.823
 150	150	 2.7662	 1.0359	   1.5188	        1.5202	          0.0014	   1.5188	1.476e-05	   0.108	   157.871
 151	151	 2.7661	 1.0359	   1.5188	        1.5202	          0.0014	   1.5188	1.466e-05	   0.117	   158.920
 152	152	 2.7661	 1.0359	   1.5188	        1.5202	          0.0014	   1.5188	1.456e-05	   0.109	   160.018
 153	153	 2.7660	 1.0359	   1.5188	        1.5202	          0.0014	   1.5188	1.446e-05	   0.110	   161.063
 154	154	 2.7660	 1.0359	   1.5188	        1.5202	          0.0014	   1.5188	1.436e-05	   0.114	   162.149
 155	155	 2.7660	 1.0359	   1.5188	        1.5202	          0.0014	   1.5188	1.426e-05	   0.125	   163.305
 156	156	 2.7659	 1.0359	   1.5188	        1.5202	          0.0014	   1.5188	1.416e-05	   0.121	   164.460
 157	157	 2.7659	 1.0359	   1.5188	        1.5202	          0.0014	   1.5188	1.407e-05	   0.116	   165.552
 158	158	 2.7658	 1.0359	   1.5188	        1.5202	          0.0014	   1.5188	1.397e-05	   0.115	   166.643
 159	159	 2.7658	 1.0359	   1.5188	        1.5202	          0.0014	   1.5188	1.388e-05	   0.105	   167.706
 160	160	 2.7658	 1.0359	   1.5188	        1.5202	          0.0014	   1.5188	1.379e-05	   0.112	   168.761
 161	161	 2.7657	 1.0359	   1.5188	        1.5202	          0.0014	   1.5188	1.369e-05	   0.124	   169.856
 162	162	 2.7657	 1.0359	   1.5188	        1.5202	          0.0014	   1.5188	1.360e-05	   0.122	   170.992
 163	163	 2.7657	 1.0359	   1.5188	        1.5202	          0.0014	   1.5188	1.352e-05	   0.109	   172.046
 164	164	 2.7656	 1.0359	   1.5188	        1.5202	          0.0014	   1.5188	1.343e-05	   0.105	   173.077
 165	165	 2.7656	 1.0359	   1.5188	        1.5202	          0.0014	   1.5188	1.334e-05	   0.106	   174.127
 166	166	 2.7656	 1.0359	   1.5188	        1.5202	          0.0014	   1.5188	1.326e-05	   0.111	   175.168
 167	167	 2.7655	 1.0359	   1.5188	        1.5202	          0.0014	   1.5188	1.317e-05	   0.113	   176.210
 168	168	 2.7655	 1.0359	   1.5188	        1.5202	          0.0014	   1.5188	1.309e-05	   0.108	   177.248
 169	169	 2.7655	 1.0359	   1.5188	        1.5202	          0.0014	   1.5188	1.301e-05	   0.104	   178.285
 170	170	 2.7654	 1.0359	   1.5188	        1.5202	          0.0014	   1.5188	1.292e-05	   0.105	   179.332
 171	171	 2.7654	 1.0359	   1.5188	        1.5202	          0.0014	   1.5188	1.284e-05	   0.112	   180.374
 172	172	 2.7654	 1.0359	   1.5188	        1.5202	          0.0014	   1.5188	1.276e-05	   0.110	   181.478
 173	173	 2.7653	 1.0359	   1.5188	        1.5202	          0.0014	   1.5188	1.269e-05	   0.110	   182.520
 174	174	 2.7653	 1.0359	   1.5188	        1.5202	          0.0014	   1.5188	1.261e-05	   0.104	   183.555
 175	175	 2.7653	 1.0359	   1.5188	        1.5202	          0.0014	   1.5188	1.253e-05	   0.107	   184.603
 176	176	 2.7653	 1.0359	   1.5188	        1.5202	          0.0014	   1.5188	1.246e-05	   0.111	   185.683
 177	177	 2.7652	 1.0359	   1.5188	        1.5202	          0.0014	   1.5188	1.238e-05	   0.109	   186.719
 178	178	 2.7652	 1.0359	   1.5188	        1.5202	          0.0014	   1.5188	1.231e-05	   0.118	   187.804
 179	179	 2.7652	 1.0359	   1.5188	        1.5202	          0.0014	   1.5188	1.223e-05	   0.108	   188.842
 180	180	 2.7651	 1.0359	   1.5188	        1.5202	          0.0014	   1.5188	1.216e-05	   0.109	   189.883
 181	181	 2.7651	 1.0359	   1.5188	        1.5202	          0.0014	   1.5188	1.209e-05	   0.127	   190.968
 182	182	 2.7651	 1.0359	   1.5188	        1.5202	          0.0014	   1.5188	1.202e-05	   0.124	   192.108
 183	183	 2.7651	 1.0359	   1.5188	        1.5202	          0.0014	   1.5188	1.195e-05	   0.114	   193.172
 184	184	 2.7650	 1.0359	   1.5188	        1.5202	          0.0014	   1.5188	1.188e-05	   0.104	   194.201
 185	185	 2.7650	 1.0359	   1.5188	        1.5202	          0.0014	   1.5188	1.181e-05	   0.107	   195.249
 186	186	 2.7650	 1.0359	   1.5188	        1.5202	          0.0014	   1.5188	1.174e-05	   0.112	   196.293
 187	187	 2.7650	 1.0359	   1.5188	        1.5202	          0.0014	   1.5188	1.168e-05	   0.112	   197.328
 188	188	 2.7649	 1.0359	   1.5188	        1.5202	          0.0014	   1.5188	1.161e-05	   0.108	   198.372
 189	189	 2.7649	 1.0359	   1.5188	        1.5202	          0.0014	   1.5188	1.155e-05	   0.104	   199.406
 190	190	 2.7649	 1.0359	   1.5188	        1.5202	          0.0014	   1.5188	1.148e-05	   0.108	   200.456
 191	191	 2.7649	 1.0359	   1.5188	        1.5202	          0.0014	   1.5188	1.142e-05	   0.109	   201.493
 192	192	 2.7648	 1.0359	   1.5188	        1.5202	          0.0014	   1.5188	1.135e-05	   0.114	   202.605
 193	193	 2.7648	 1.0359	   1.5188	        1.5202	          0.0014	   1.5188	1.129e-05	   0.116	   203.697
 194	194	 2.7648	 1.0359	   1.5188	        1.5202	          0.0014	   1.5188	1.123e-05	   0.109	   204.752
 195	195	 2.7648	 1.0359	   1.5188	        1.5202	          0.0014	   1.5188	1.117e-05	   0.108	   205.839
 196	196	 2.7647	 1.0359	   1.5188	        1.5202	          0.0014	   1.5188	1.111e-05	   0.112	   206.908
 197	197	 2.7647	 1.0359	   1.5188	        1.5202	          0.0014	   1.5188	1.105e-05	   0.117	   207.986
 198	198	 2.7647	 1.0359	   1.5188	        1.5202	          0.0014	   1.5188	1.099e-05	   0.107	   209.033
 199	199	 2.7647	 1.0359	   1.5188	        1.5202	          0.0014	   1.5188	1.093e-05	   0.111	   210.053
 200	200	 2.7646	 1.0359	   1.5188	        1.5202	          0.0014	   1.5188	1.087e-05	   0.097	   211.005

[BSGD] Finished on device cuda -> σ_f² ≈ 2.7646, σ_ε² ≈ 1.0359
