[GPU 6][JOB 143] 'python cli.py bsgd --n 1024 --lengthscale 0.5 --sigma-f2-true 4.0 --sigma-eps2-true 1.0 --n-epochs 200 --device auto --theta-min 1e-4 --theta-max 20.0 --print-every 1 --seed 2 --batch-size 1024 --sigma-f2-init 5.0 --sigma-eps2-init 3.0 --alpha1 9.0 '

=== BSGD (biased SGD on exact kernel) ===
iter	epoch	σ_f²	σ_ε²	real_nlml	real_nlml_true	real_nlml_abs_err	mini_nlml	||grad||	duration_s	wall_time_s
   1	 1	 4.2766	 2.0350	   1.5957	        1.4915	          0.1041	   1.5957	1.222e-01	   0.398	     0.474
   2	 2	 4.0059	 1.4852	   1.5295	        1.4915	          0.0380	   1.5295	1.113e-01	   0.085	     1.161
   3	 3	 3.8821	 1.1511	   1.4981	        1.4915	          0.0066	   1.4981	6.638e-02	   0.094	     1.992
   4	 4	 3.8256	 1.0018	   1.4915	        1.4915	          0.0000	   1.4915	1.760e-02	   0.089	     2.840
   5	 5	 3.7984	 0.9701	   1.4911	        1.4915	          0.0004	   1.4911	2.934e-03	   0.104	     3.743
   6	 6	 3.7810	 0.9657	   1.4911	        1.4915	          0.0004	   1.4911	7.521e-04	   0.093	     4.694
   7	 7	 3.7680	 0.9648	   1.4911	        1.4915	          0.0004	   1.4911	3.045e-04	   0.105	     5.624
   8	 8	 3.7577	 0.9645	   1.4911	        1.4915	          0.0004	   1.4911	1.940e-04	   0.121	     6.592
   9	 9	 3.7493	 0.9644	   1.4911	        1.4915	          0.0004	   1.4911	1.618e-04	   0.104	     7.592
  10	10	 3.7423	 0.9644	   1.4911	        1.4915	          0.0004	   1.4911	1.475e-04	   0.110	     8.608
  11	11	 3.7364	 0.9644	   1.4911	        1.4915	          0.0004	   1.4911	1.380e-04	   0.105	     9.624
  12	12	 3.7313	 0.9644	   1.4911	        1.4915	          0.0004	   1.4911	1.303e-04	   0.115	    10.644
  13	13	 3.7268	 0.9644	   1.4911	        1.4915	          0.0004	   1.4911	1.237e-04	   0.120	    11.683
  14	14	 3.7229	 0.9644	   1.4911	        1.4915	          0.0004	   1.4911	1.178e-04	   0.105	    12.682
  15	15	 3.7195	 0.9644	   1.4911	        1.4915	          0.0004	   1.4911	1.125e-04	   0.107	    13.684
  16	16	 3.7164	 0.9644	   1.4911	        1.4915	          0.0004	   1.4911	1.078e-04	   0.102	    14.689
  17	17	 3.7136	 0.9644	   1.4911	        1.4915	          0.0004	   1.4911	1.035e-04	   0.111	    15.693
  18	18	 3.7110	 0.9644	   1.4911	        1.4915	          0.0004	   1.4911	9.957e-05	   0.112	    16.699
  19	19	 3.7087	 0.9644	   1.4911	        1.4915	          0.0004	   1.4911	9.597e-05	   0.103	    17.693
  20	20	 3.7066	 0.9644	   1.4911	        1.4915	          0.0004	   1.4911	9.267e-05	   0.105	    18.699
  21	21	 3.7047	 0.9645	   1.4911	        1.4915	          0.0004	   1.4911	8.962e-05	   0.109	    19.737
  22	22	 3.7029	 0.9645	   1.4911	        1.4915	          0.0004	   1.4911	8.680e-05	   0.128	    20.837
  23	23	 3.7012	 0.9645	   1.4911	        1.4915	          0.0004	   1.4911	8.418e-05	   0.120	    21.916
  24	24	 3.6997	 0.9645	   1.4911	        1.4915	          0.0004	   1.4911	8.174e-05	   0.108	    22.950
  25	25	 3.6982	 0.9645	   1.4911	        1.4915	          0.0004	   1.4911	7.946e-05	   0.104	    23.970
  26	26	 3.6969	 0.9645	   1.4911	        1.4915	          0.0004	   1.4911	7.732e-05	   0.102	    24.972
  27	27	 3.6956	 0.9645	   1.4911	        1.4915	          0.0004	   1.4911	7.532e-05	   0.108	    25.976
  28	28	 3.6945	 0.9645	   1.4911	        1.4915	          0.0004	   1.4911	7.344e-05	   0.113	    26.982
  29	29	 3.6933	 0.9645	   1.4911	        1.4915	          0.0004	   1.4911	7.166e-05	   0.108	    27.980
  30	30	 3.6923	 0.9645	   1.4911	        1.4915	          0.0004	   1.4911	6.998e-05	   0.105	    28.983
  31	31	 3.6913	 0.9645	   1.4911	        1.4915	          0.0004	   1.4911	6.839e-05	   0.105	    29.989
  32	32	 3.6904	 0.9645	   1.4911	        1.4915	          0.0004	   1.4911	6.689e-05	   0.110	    31.014
  33	33	 3.6895	 0.9645	   1.4911	        1.4915	          0.0004	   1.4911	6.546e-05	   0.121	    32.062
  34	34	 3.6886	 0.9645	   1.4911	        1.4915	          0.0004	   1.4911	6.410e-05	   0.108	    33.082
  35	35	 3.6878	 0.9645	   1.4911	        1.4915	          0.0004	   1.4911	6.281e-05	   0.106	    34.084
  36	36	 3.6871	 0.9645	   1.4911	        1.4915	          0.0004	   1.4911	6.157e-05	   0.103	    35.090
  37	37	 3.6863	 0.9645	   1.4911	        1.4915	          0.0004	   1.4911	6.040e-05	   0.109	    36.090
  38	38	 3.6856	 0.9645	   1.4911	        1.4915	          0.0004	   1.4911	5.927e-05	   0.114	    37.099
  39	39	 3.6850	 0.9645	   1.4911	        1.4915	          0.0004	   1.4911	5.819e-05	   0.105	    38.093
  40	40	 3.6843	 0.9645	   1.4911	        1.4915	          0.0004	   1.4911	5.716e-05	   0.110	    39.098
  41	41	 3.6837	 0.9645	   1.4911	        1.4915	          0.0004	   1.4911	5.617e-05	   0.108	    40.142
  42	42	 3.6831	 0.9645	   1.4911	        1.4915	          0.0004	   1.4911	5.522e-05	   0.112	    41.235
  43	43	 3.6826	 0.9645	   1.4911	        1.4915	          0.0004	   1.4911	5.431e-05	   0.122	    42.328
  44	44	 3.6820	 0.9645	   1.4911	        1.4915	          0.0004	   1.4911	5.343e-05	   0.103	    43.375
  45	45	 3.6815	 0.9645	   1.4911	        1.4915	          0.0004	   1.4911	5.259e-05	   0.108	    44.392
  46	46	 3.6810	 0.9645	   1.4911	        1.4915	          0.0004	   1.4911	5.177e-05	   0.103	    45.396
  47	47	 3.6805	 0.9645	   1.4911	        1.4915	          0.0004	   1.4911	5.099e-05	   0.112	    46.401
  48	48	 3.6800	 0.9645	   1.4911	        1.4915	          0.0004	   1.4911	5.023e-05	   0.120	    47.441
  49	49	 3.6796	 0.9645	   1.4911	        1.4915	          0.0004	   1.4911	4.950e-05	   0.111	    48.525
  50	50	 3.6792	 0.9645	   1.4911	        1.4915	          0.0004	   1.4911	4.880e-05	   0.105	    49.547
  51	51	 3.6787	 0.9645	   1.4911	        1.4915	          0.0004	   1.4911	4.811e-05	   0.101	    50.550
  52	52	 3.6783	 0.9645	   1.4911	        1.4915	          0.0004	   1.4911	4.745e-05	   0.113	    51.580
  53	53	 3.6779	 0.9645	   1.4911	        1.4915	          0.0004	   1.4911	4.682e-05	   0.120	    52.623
  54	54	 3.6776	 0.9645	   1.4911	        1.4915	          0.0004	   1.4911	4.620e-05	   0.108	    53.646
  55	55	 3.6772	 0.9645	   1.4911	        1.4915	          0.0004	   1.4911	4.560e-05	   0.105	    54.648
  56	56	 3.6768	 0.9645	   1.4911	        1.4915	          0.0004	   1.4911	4.501e-05	   0.103	    55.653
  57	57	 3.6765	 0.9645	   1.4911	        1.4915	          0.0004	   1.4911	4.445e-05	   0.112	    56.659
  58	58	 3.6761	 0.9645	   1.4911	        1.4915	          0.0004	   1.4911	4.390e-05	   0.114	    57.664
  59	59	 3.6758	 0.9645	   1.4911	        1.4915	          0.0004	   1.4911	4.337e-05	   0.106	    58.660
  60	60	 3.6755	 0.9645	   1.4911	        1.4915	          0.0004	   1.4911	4.285e-05	   0.105	    59.661
  61	61	 3.6752	 0.9645	   1.4911	        1.4915	          0.0004	   1.4911	4.235e-05	   0.111	    60.697
  62	62	 3.6749	 0.9645	   1.4911	        1.4915	          0.0004	   1.4911	4.186e-05	   0.116	    61.769
  63	63	 3.6746	 0.9645	   1.4911	        1.4915	          0.0004	   1.4911	4.138e-05	   0.123	    62.857
  64	64	 3.6743	 0.9645	   1.4911	        1.4915	          0.0004	   1.4911	4.092e-05	   0.105	    63.911
  65	65	 3.6740	 0.9645	   1.4911	        1.4915	          0.0004	   1.4911	4.047e-05	   0.106	    64.929
  66	66	 3.6738	 0.9645	   1.4911	        1.4915	          0.0004	   1.4911	4.003e-05	   0.103	    65.935
  67	67	 3.6735	 0.9645	   1.4911	        1.4915	          0.0004	   1.4911	3.960e-05	   0.112	    66.942
  68	68	 3.6733	 0.9645	   1.4911	        1.4915	          0.0004	   1.4911	3.918e-05	   0.117	    67.947
  69	69	 3.6730	 0.9645	   1.4911	        1.4915	          0.0004	   1.4911	3.878e-05	   0.105	    68.939
  70	70	 3.6728	 0.9645	   1.4911	        1.4915	          0.0004	   1.4911	3.838e-05	   0.108	    69.947
  71	71	 3.6725	 0.9645	   1.4911	        1.4915	          0.0004	   1.4911	3.799e-05	   0.102	    70.949
  72	72	 3.6723	 0.9645	   1.4911	        1.4915	          0.0004	   1.4911	3.761e-05	   0.111	    71.975
  73	73	 3.6721	 0.9645	   1.4911	        1.4915	          0.0004	   1.4911	3.724e-05	   0.122	    73.018
  74	74	 3.6718	 0.9645	   1.4911	        1.4915	          0.0004	   1.4911	3.688e-05	   0.107	    74.040
  75	75	 3.6716	 0.9645	   1.4911	        1.4915	          0.0004	   1.4911	3.653e-05	   0.107	    75.045
  76	76	 3.6714	 0.9645	   1.4911	        1.4915	          0.0004	   1.4911	3.618e-05	   0.106	    76.057
  77	77	 3.6712	 0.9645	   1.4911	        1.4915	          0.0004	   1.4911	3.584e-05	   0.118	    77.122
  78	78	 3.6710	 0.9645	   1.4911	        1.4915	          0.0004	   1.4911	3.551e-05	   0.119	    78.185
  79	79	 3.6708	 0.9645	   1.4911	        1.4915	          0.0004	   1.4911	3.519e-05	   0.106	    79.190
  80	80	 3.6706	 0.9645	   1.4911	        1.4915	          0.0004	   1.4911	3.487e-05	   0.112	    80.227
  81	81	 3.6704	 0.9645	   1.4911	        1.4915	          0.0004	   1.4911	3.456e-05	   0.106	    81.263
  82	82	 3.6702	 0.9645	   1.4911	        1.4915	          0.0004	   1.4911	3.426e-05	   0.112	    82.332
  83	83	 3.6701	 0.9645	   1.4911	        1.4915	          0.0004	   1.4911	3.396e-05	   0.124	    83.419
  84	84	 3.6699	 0.9645	   1.4911	        1.4915	          0.0004	   1.4911	3.367e-05	   0.109	    84.476
  85	85	 3.6697	 0.9645	   1.4911	        1.4915	          0.0004	   1.4911	3.339e-05	   0.104	    85.496
  86	86	 3.6695	 0.9645	   1.4911	        1.4915	          0.0004	   1.4911	3.311e-05	   0.111	    86.517
  87	87	 3.6694	 0.9645	   1.4911	        1.4915	          0.0004	   1.4911	3.283e-05	   0.117	    87.610
  88	88	 3.6692	 0.9645	   1.4911	        1.4915	          0.0004	   1.4911	3.256e-05	   0.123	    88.686
  89	89	 3.6690	 0.9645	   1.4911	        1.4915	          0.0004	   1.4911	3.230e-05	   0.108	    89.715
  90	90	 3.6689	 0.9645	   1.4911	        1.4915	          0.0004	   1.4911	3.204e-05	   0.103	    90.715
  91	91	 3.6687	 0.9645	   1.4911	        1.4915	          0.0004	   1.4911	3.179e-05	   0.103	    91.723
  92	92	 3.6686	 0.9645	   1.4911	        1.4915	          0.0004	   1.4911	3.154e-05	   0.116	    92.749
  93	93	 3.6684	 0.9645	   1.4911	        1.4915	          0.0004	   1.4911	3.129e-05	   0.121	    93.784
  94	94	 3.6683	 0.9645	   1.4911	        1.4915	          0.0004	   1.4911	3.105e-05	   0.113	    94.816
  95	95	 3.6681	 0.9645	   1.4911	        1.4915	          0.0004	   1.4911	3.082e-05	   0.104	    95.816
  96	96	 3.6680	 0.9646	   1.4911	        1.4915	          0.0004	   1.4911	3.059e-05	   0.099	    96.821
  97	97	 3.6679	 0.9646	   1.4911	        1.4915	          0.0004	   1.4911	3.036e-05	   0.109	    97.826
  98	98	 3.6677	 0.9646	   1.4911	        1.4915	          0.0004	   1.4911	3.014e-05	   0.115	    98.838
  99	99	 3.6676	 0.9646	   1.4911	        1.4915	          0.0004	   1.4911	2.992e-05	   0.103	    99.828
 100	100	 3.6675	 0.9646	   1.4911	        1.4915	          0.0004	   1.4911	2.970e-05	   0.112	   100.869
 101	101	 3.6673	 0.9646	   1.4911	        1.4915	          0.0004	   1.4911	2.949e-05	   0.101	   101.875
 102	102	 3.6672	 0.9646	   1.4911	        1.4915	          0.0004	   1.4911	2.928e-05	   0.122	   102.936
 103	103	 3.6671	 0.9646	   1.4911	        1.4915	          0.0004	   1.4911	2.907e-05	   0.126	   104.020
 104	104	 3.6670	 0.9646	   1.4911	        1.4915	          0.0004	   1.4911	2.887e-05	   0.109	   105.080
 105	105	 3.6668	 0.9646	   1.4911	        1.4915	          0.0004	   1.4911	2.867e-05	   0.106	   106.103
 106	106	 3.6667	 0.9646	   1.4911	        1.4915	          0.0004	   1.4911	2.848e-05	   0.099	   107.104
 107	107	 3.6666	 0.9646	   1.4911	        1.4915	          0.0004	   1.4911	2.829e-05	   0.110	   108.110
 108	108	 3.6665	 0.9646	   1.4911	        1.4915	          0.0004	   1.4911	2.810e-05	   0.113	   109.118
 109	109	 3.6664	 0.9646	   1.4911	        1.4915	          0.0004	   1.4911	2.791e-05	   0.109	   110.114
 110	110	 3.6663	 0.9646	   1.4911	        1.4915	          0.0004	   1.4911	2.773e-05	   0.102	   111.114
 111	111	 3.6662	 0.9646	   1.4911	        1.4915	          0.0004	   1.4911	2.755e-05	   0.099	   112.118
 112	112	 3.6660	 0.9646	   1.4911	        1.4915	          0.0004	   1.4911	2.737e-05	   0.116	   113.145
 113	113	 3.6659	 0.9646	   1.4911	        1.4915	          0.0004	   1.4911	2.719e-05	   0.115	   114.178
 114	114	 3.6658	 0.9646	   1.4911	        1.4915	          0.0004	   1.4911	2.702e-05	   0.112	   115.207
 115	115	 3.6657	 0.9646	   1.4911	        1.4915	          0.0004	   1.4911	2.685e-05	   0.105	   116.216
 116	116	 3.6656	 0.9646	   1.4911	        1.4915	          0.0004	   1.4911	2.668e-05	   0.102	   117.221
 117	117	 3.6655	 0.9646	   1.4911	        1.4915	          0.0004	   1.4911	2.652e-05	   0.109	   118.227
 118	118	 3.6654	 0.9646	   1.4911	        1.4915	          0.0004	   1.4911	2.636e-05	   0.112	   119.231
 119	119	 3.6653	 0.9646	   1.4911	        1.4915	          0.0004	   1.4911	2.620e-05	   0.108	   120.262
 120	120	 3.6652	 0.9646	   1.4911	        1.4915	          0.0004	   1.4911	2.604e-05	   0.114	   121.302
 121	121	 3.6651	 0.9646	   1.4911	        1.4915	          0.0004	   1.4911	2.588e-05	   0.106	   122.309
 122	122	 3.6650	 0.9646	   1.4911	        1.4915	          0.0004	   1.4911	2.573e-05	   0.122	   123.363
 123	123	 3.6650	 0.9646	   1.4911	        1.4915	          0.0004	   1.4911	2.558e-05	   0.125	   124.444
 124	124	 3.6649	 0.9646	   1.4911	        1.4915	          0.0004	   1.4911	2.543e-05	   0.106	   125.506
 125	125	 3.6648	 0.9646	   1.4911	        1.4915	          0.0004	   1.4911	2.528e-05	   0.114	   126.551
 126	126	 3.6647	 0.9646	   1.4911	        1.4915	          0.0004	   1.4911	2.514e-05	   0.110	   127.645
 127	127	 3.6646	 0.9646	   1.4911	        1.4915	          0.0004	   1.4911	2.499e-05	   0.109	   128.681
 128	128	 3.6645	 0.9646	   1.4911	        1.4915	          0.0004	   1.4911	2.485e-05	   0.115	   129.690
 129	129	 3.6644	 0.9646	   1.4911	        1.4915	          0.0004	   1.4911	2.471e-05	   0.103	   130.680
 130	130	 3.6643	 0.9646	   1.4911	        1.4915	          0.0004	   1.4911	2.457e-05	   0.108	   131.688
 131	131	 3.6643	 0.9646	   1.4911	        1.4915	          0.0004	   1.4911	2.444e-05	   0.100	   132.690
 132	132	 3.6642	 0.9646	   1.4911	        1.4915	          0.0004	   1.4911	2.431e-05	   0.116	   133.712
 133	133	 3.6641	 0.9646	   1.4911	        1.4915	          0.0004	   1.4911	2.417e-05	   0.115	   134.748
 134	134	 3.6640	 0.9646	   1.4911	        1.4915	          0.0004	   1.4911	2.404e-05	   0.110	   135.773
 135	135	 3.6639	 0.9646	   1.4911	        1.4915	          0.0004	   1.4911	2.391e-05	   0.104	   136.789
 136	136	 3.6639	 0.9646	   1.4911	        1.4915	          0.0004	   1.4911	2.379e-05	   0.100	   137.793
 137	137	 3.6638	 0.9646	   1.4911	        1.4915	          0.0004	   1.4911	2.366e-05	   0.115	   138.801
 138	138	 3.6637	 0.9646	   1.4911	        1.4915	          0.0004	   1.4911	2.354e-05	   0.114	   139.806
 139	139	 3.6636	 0.9646	   1.4911	        1.4915	          0.0004	   1.4911	2.341e-05	   0.111	   140.835
 140	140	 3.6636	 0.9646	   1.4911	        1.4915	          0.0004	   1.4911	2.329e-05	   0.105	   141.840
 141	141	 3.6635	 0.9646	   1.4911	        1.4915	          0.0004	   1.4911	2.317e-05	   0.102	   142.845
 142	142	 3.6634	 0.9646	   1.4911	        1.4915	          0.0004	   1.4911	2.305e-05	   0.118	   143.890
 143	143	 3.6634	 0.9646	   1.4911	        1.4915	          0.0004	   1.4911	2.294e-05	   0.119	   144.972
 144	144	 3.6633	 0.9646	   1.4911	        1.4915	          0.0004	   1.4911	2.282e-05	   0.114	   146.048
 145	145	 3.6632	 0.9646	   1.4911	        1.4915	          0.0004	   1.4911	2.271e-05	   0.103	   147.072
 146	146	 3.6631	 0.9646	   1.4911	        1.4915	          0.0004	   1.4911	2.259e-05	   0.103	   148.076
 147	147	 3.6631	 0.9646	   1.4911	        1.4915	          0.0004	   1.4911	2.248e-05	   0.108	   149.079
 148	148	 3.6630	 0.9646	   1.4911	        1.4915	          0.0004	   1.4911	2.237e-05	   0.115	   150.087
 149	149	 3.6629	 0.9646	   1.4911	        1.4915	          0.0004	   1.4911	2.226e-05	   0.106	   151.081
 150	150	 3.6629	 0.9646	   1.4911	        1.4915	          0.0004	   1.4911	2.216e-05	   0.105	   152.084
 151	151	 3.6628	 0.9646	   1.4911	        1.4915	          0.0004	   1.4911	2.205e-05	   0.101	   153.090
 152	152	 3.6628	 0.9646	   1.4911	        1.4915	          0.0004	   1.4911	2.195e-05	   0.120	   154.110
 153	153	 3.6627	 0.9646	   1.4911	        1.4915	          0.0004	   1.4911	2.184e-05	   0.120	   155.207
 154	154	 3.6626	 0.9646	   1.4911	        1.4915	          0.0004	   1.4911	2.174e-05	   0.115	   156.289
 155	155	 3.6626	 0.9646	   1.4911	        1.4915	          0.0004	   1.4911	2.164e-05	   0.110	   157.339
 156	156	 3.6625	 0.9646	   1.4911	        1.4915	          0.0004	   1.4911	2.154e-05	   0.100	   158.357
 157	157	 3.6624	 0.9646	   1.4911	        1.4915	          0.0004	   1.4911	2.144e-05	   0.109	   159.361
 158	158	 3.6624	 0.9646	   1.4911	        1.4915	          0.0004	   1.4911	2.134e-05	   0.118	   160.406
 159	159	 3.6623	 0.9646	   1.4911	        1.4915	          0.0004	   1.4911	2.124e-05	   0.109	   161.466
 160	160	 3.6623	 0.9646	   1.4911	        1.4915	          0.0004	   1.4911	2.114e-05	   0.107	   162.471
 161	161	 3.6622	 0.9646	   1.4911	        1.4915	          0.0004	   1.4911	2.105e-05	   0.101	   163.471
 162	162	 3.6622	 0.9646	   1.4911	        1.4915	          0.0004	   1.4911	2.095e-05	   0.116	   164.514
 163	163	 3.6621	 0.9646	   1.4911	        1.4915	          0.0004	   1.4911	2.086e-05	   0.124	   165.628
 164	164	 3.6620	 0.9646	   1.4911	        1.4915	          0.0004	   1.4911	2.077e-05	   0.124	   166.803
 165	165	 3.6620	 0.9646	   1.4911	        1.4915	          0.0004	   1.4911	2.068e-05	   0.106	   167.891
 166	166	 3.6619	 0.9646	   1.4911	        1.4915	          0.0004	   1.4911	2.059e-05	   0.102	   168.908
 167	167	 3.6619	 0.9646	   1.4911	        1.4915	          0.0004	   1.4911	2.050e-05	   0.106	   169.913
 168	168	 3.6618	 0.9646	   1.4911	        1.4915	          0.0004	   1.4911	2.041e-05	   0.113	   170.919
 169	169	 3.6618	 0.9646	   1.4911	        1.4915	          0.0004	   1.4911	2.032e-05	   0.108	   171.915
 170	170	 3.6617	 0.9646	   1.4911	        1.4915	          0.0004	   1.4911	2.024e-05	   0.106	   172.916
 171	171	 3.6617	 0.9646	   1.4911	        1.4915	          0.0004	   1.4911	2.015e-05	   0.103	   173.920
 172	172	 3.6616	 0.9646	   1.4911	        1.4915	          0.0004	   1.4911	2.006e-05	   0.111	   174.937
 173	173	 3.6616	 0.9646	   1.4911	        1.4915	          0.0004	   1.4911	1.998e-05	   0.114	   175.976
 174	174	 3.6615	 0.9646	   1.4911	        1.4915	          0.0004	   1.4911	1.990e-05	   0.110	   177.000
 175	175	 3.6615	 0.9646	   1.4911	        1.4915	          0.0004	   1.4911	1.981e-05	   0.106	   178.018
 176	176	 3.6614	 0.9646	   1.4911	        1.4915	          0.0004	   1.4911	1.973e-05	   0.103	   179.023
 177	177	 3.6614	 0.9646	   1.4911	        1.4915	          0.0004	   1.4911	1.965e-05	   0.104	   180.027
 178	178	 3.6613	 0.9646	   1.4911	        1.4915	          0.0004	   1.4911	1.957e-05	   0.117	   181.074
 179	179	 3.6613	 0.9646	   1.4911	        1.4915	          0.0004	   1.4911	1.949e-05	   0.104	   182.066
 180	180	 3.6612	 0.9646	   1.4911	        1.4915	          0.0004	   1.4911	1.941e-05	   0.108	   183.070
 181	181	 3.6612	 0.9646	   1.4911	        1.4915	          0.0004	   1.4911	1.934e-05	   0.103	   184.074
 182	182	 3.6611	 0.9646	   1.4911	        1.4915	          0.0004	   1.4911	1.926e-05	   0.110	   185.109
 183	183	 3.6611	 0.9646	   1.4911	        1.4915	          0.0004	   1.4911	1.918e-05	   0.120	   186.200
 184	184	 3.6610	 0.9646	   1.4911	        1.4915	          0.0004	   1.4911	1.911e-05	   0.116	   187.269
 185	185	 3.6610	 0.9646	   1.4911	        1.4915	          0.0004	   1.4911	1.903e-05	   0.107	   188.301
 186	186	 3.6609	 0.9646	   1.4911	        1.4915	          0.0004	   1.4911	1.896e-05	   0.101	   189.304
 187	187	 3.6609	 0.9646	   1.4911	        1.4915	          0.0004	   1.4911	1.888e-05	   0.107	   190.310
 188	188	 3.6609	 0.9646	   1.4911	        1.4915	          0.0004	   1.4911	1.881e-05	   0.114	   191.317
 189	189	 3.6608	 0.9646	   1.4911	        1.4915	          0.0004	   1.4911	1.874e-05	   0.105	   192.311
 190	190	 3.6608	 0.9646	   1.4911	        1.4915	          0.0004	   1.4911	1.867e-05	   0.110	   193.319
 191	191	 3.6607	 0.9646	   1.4911	        1.4915	          0.0004	   1.4911	1.859e-05	   0.099	   194.317
 192	192	 3.6607	 0.9646	   1.4911	        1.4915	          0.0004	   1.4911	1.852e-05	   0.113	   195.330
 193	193	 3.6606	 0.9646	   1.4911	        1.4915	          0.0004	   1.4911	1.845e-05	   0.115	   196.374
 194	194	 3.6606	 0.9646	   1.4911	        1.4915	          0.0004	   1.4911	1.839e-05	   0.108	   197.394
 195	195	 3.6606	 0.9646	   1.4911	        1.4915	          0.0004	   1.4911	1.832e-05	   0.106	   198.418
 196	196	 3.6605	 0.9646	   1.4911	        1.4915	          0.0004	   1.4911	1.825e-05	   0.101	   199.419
 197	197	 3.6605	 0.9646	   1.4911	        1.4915	          0.0004	   1.4911	1.818e-05	   0.107	   200.464
 198	198	 3.6604	 0.9646	   1.4911	        1.4915	          0.0004	   1.4911	1.812e-05	   0.115	   201.502
 199	199	 3.6604	 0.9646	   1.4911	        1.4915	          0.0004	   1.4911	1.805e-05	   0.107	   202.499
 200	200	 3.6604	 0.9646	   1.4911	        1.4915	          0.0004	   1.4911	1.798e-05	   0.096	   203.466

[BSGD] Finished on device cuda -> σ_f² ≈ 3.6604, σ_ε² ≈ 0.9646
