[GPU 7][JOB 152] 'python cli.py bsgd --n 1024 --lengthscale 0.5 --sigma-f2-true 4.0 --sigma-eps2-true 1.0 --n-epochs 200 --device auto --theta-min 1e-4 --theta-max 20.0 --print-every 1 --seed 1 --batch-size 256 --sigma-f2-init 5.0 --sigma-eps2-init 3.0 --alpha1 6.0 '

=== BSGD (biased SGD on exact kernel) ===
iter	epoch	σ_f²	σ_ε²	real_nlml	real_nlml_true	real_nlml_abs_err	mini_nlml	||grad||	duration_s	wall_time_s
   1	 1	 4.2869	 2.4701	   1.6575	        1.5202	          0.1373	   1.7781	1.112e-01	   0.484	     0.632
   2	 1	 4.0062	 2.1675	   1.6227	        1.5202	          0.1025	   1.7134	1.139e-01	   0.005	     1.508
   3	 1	 3.7131	 1.9417	   1.5964	        1.5202	          0.0761	   1.6594	1.134e-01	   0.031	     2.169
   4	 1	 3.5323	 1.8007	   1.5801	        1.5202	          0.0599	   1.6845	1.113e-01	   0.034	     2.831
   5	 2	 3.3925	 1.6750	   1.5661	        1.5202	          0.0459	   1.6504	1.074e-01	   0.030	     3.505
   6	 2	 3.2779	 1.5692	   1.5548	        1.5202	          0.0346	   1.6294	1.020e-01	   0.037	     4.189
   7	 2	 3.1811	 1.4966	   1.5474	        1.5202	          0.0272	   1.6546	9.684e-02	   0.033	     4.871
   8	 2	 3.1154	 1.4481	   1.5428	        1.5202	          0.0225	   1.6793	9.250e-02	   0.035	     5.545
   9	 3	 3.0448	 1.3982	   1.5382	        1.5202	          0.0179	   1.6417	8.713e-02	   0.036	     6.239
  10	 3	 2.9979	 1.3701	   1.5357	        1.5202	          0.0155	   1.6858	8.366e-02	   0.036	     6.939
  11	 3	 2.9404	 1.3003	   1.5302	        1.5202	          0.0099	   1.5483	7.343e-02	   0.035	     7.661
  12	 3	 2.9229	 1.2669	   1.5278	        1.5202	          0.0075	   1.6292	6.756e-02	   0.029	     8.364
  13	 4	 2.8996	 1.2480	   1.5265	        1.5202	          0.0063	   1.6581	6.390e-02	   0.037	     9.104
  14	 4	 2.8662	 1.2080	   1.5241	        1.5202	          0.0039	   1.5788	5.531e-02	   0.036	     9.824
  15	 4	 2.8244	 1.1868	   1.5230	        1.5202	          0.0027	   1.6110	5.018e-02	   0.040	    10.555
  16	 4	 2.7839	 1.1826	   1.5228	        1.5202	          0.0025	   1.6466	4.906e-02	   0.040	    11.281
  17	 5	 2.7477	 1.1588	   1.5217	        1.5202	          0.0014	   1.5863	4.272e-02	   0.036	    11.995
  18	 5	 2.7288	 1.1454	   1.5211	        1.5202	          0.0009	   1.6097	3.890e-02	   0.035	    12.706
  19	 5	 2.7232	 1.1349	   1.5207	        1.5202	          0.0005	   1.6289	3.582e-02	   0.031	    13.406
  20	 5	 2.6985	 1.1434	   1.5210	        1.5202	          0.0008	   1.6782	3.826e-02	   0.037	    14.134
  21	 6	 2.6780	 1.1328	   1.5206	        1.5202	          0.0004	   1.6079	3.508e-02	   0.040	    14.856
  22	 6	 2.6611	 1.1151	   1.5201	        1.5202	          0.0002	   1.5784	2.951e-02	   0.037	    15.565
  23	 6	 2.6583	 1.1057	   1.5198	        1.5202	          0.0005	   1.6130	2.641e-02	   0.039	    16.286
  24	 6	 2.6520	 1.1119	   1.5200	        1.5202	          0.0003	   1.6758	2.845e-02	   0.034	    17.002
  25	 7	 2.6279	 1.1035	   1.5197	        1.5202	          0.0005	   1.5899	2.560e-02	   0.038	    17.739
  26	 7	 2.6325	 1.0986	   1.5196	        1.5202	          0.0006	   1.6382	2.393e-02	   0.034	    18.483
  27	 7	 2.6120	 1.0927	   1.5195	        1.5202	          0.0008	   1.5983	2.184e-02	   0.041	    19.274
  28	 7	 2.6039	 1.0878	   1.5194	        1.5202	          0.0009	   1.6173	2.006e-02	   0.036	    20.052
  29	 8	 2.6016	 1.0778	   1.5192	        1.5202	          0.0010	   1.5832	1.641e-02	   0.042	    20.801
  30	 8	 2.5826	 1.0776	   1.5192	        1.5202	          0.0010	   1.6253	1.631e-02	   0.041	    21.542
  31	 8	 2.5756	 1.0708	   1.5191	        1.5202	          0.0011	   1.5963	1.373e-02	   0.037	    22.275
  32	 8	 2.5703	 1.0704	   1.5191	        1.5202	          0.0011	   1.6274	1.356e-02	   0.035	    22.991
  33	 9	 2.5662	 1.0767	   1.5192	        1.5202	          0.0010	   1.6643	1.590e-02	   0.036	    23.697
  34	 9	 2.5692	 1.0747	   1.5192	        1.5202	          0.0011	   1.6302	1.517e-02	   0.040	    24.414
  35	 9	 2.5472	 1.0683	   1.5191	        1.5202	          0.0012	   1.5743	1.270e-02	   0.035	    25.132
  36	 9	 2.5292	 1.0658	   1.5191	        1.5202	          0.0012	   1.6036	1.166e-02	   0.037	    25.849
  37	10	 2.5177	 1.0616	   1.5190	        1.5202	          0.0012	   1.5862	9.999e-03	   0.038	    26.568
  38	10	 2.5125	 1.0597	   1.5190	        1.5202	          0.0012	   1.6155	9.223e-03	   0.037	    27.286
  39	10	 2.4948	 1.0522	   1.5190	        1.5202	          0.0013	   1.5607	6.161e-03	   0.034	    28.002
  40	10	 2.5049	 1.0643	   1.5191	        1.5202	          0.0012	   1.7198	1.102e-02	   0.034	    28.731
  41	11	 2.5089	 1.0589	   1.5190	        1.5202	          0.0012	   1.6002	8.921e-03	   0.040	    29.475
  42	11	 2.4937	 1.0681	   1.5191	        1.5202	          0.0011	   1.6766	1.246e-02	   0.037	    30.203
  43	11	 2.4927	 1.0670	   1.5191	        1.5202	          0.0011	   1.6270	1.202e-02	   0.042	    30.931
  44	11	 2.4818	 1.0573	   1.5190	        1.5202	          0.0012	   1.5309	8.179e-03	   0.042	    31.665
  45	12	 2.4779	 1.0610	   1.5191	        1.5202	          0.0012	   1.6523	9.635e-03	   0.035	    32.385
  46	12	 2.4749	 1.0580	   1.5190	        1.5202	          0.0012	   1.6059	8.464e-03	   0.032	    33.102
  47	12	 2.4650	 1.0605	   1.5191	        1.5202	          0.0012	   1.6369	9.428e-03	   0.030	    33.809
  48	12	 2.4614	 1.0555	   1.5190	        1.5202	          0.0012	   1.5788	7.407e-03	   0.041	    34.533
  49	13	 2.4550	 1.0544	   1.5190	        1.5202	          0.0012	   1.6125	6.954e-03	   0.037	    35.245
  50	13	 2.4534	 1.0620	   1.5191	        1.5202	          0.0012	   1.6884	9.963e-03	   0.039	    35.975
  51	13	 2.4487	 1.0615	   1.5191	        1.5202	          0.0012	   1.6163	9.782e-03	   0.040	    36.742
  52	13	 2.4392	 1.0532	   1.5190	        1.5202	          0.0012	   1.5351	6.416e-03	   0.036	    37.466
  53	14	 2.4267	 1.0460	   1.5190	        1.5202	          0.0012	   1.5453	3.502e-03	   0.039	    38.199
  54	14	 2.4244	 1.0471	   1.5190	        1.5202	          0.0012	   1.6243	3.916e-03	   0.039	    39.001
  55	14	 2.4304	 1.0522	   1.5190	        1.5202	          0.0012	   1.6717	6.015e-03	   0.041	    39.821
  56	14	 2.4269	 1.0507	   1.5190	        1.5202	          0.0012	   1.6090	5.404e-03	   0.042	    40.595
  57	15	 2.4200	 1.0440	   1.5190	        1.5202	          0.0012	   1.5501	2.663e-03	   0.040	    41.340
  58	15	 2.4122	 1.0482	   1.5190	        1.5202	          0.0012	   1.6495	4.332e-03	   0.039	    42.092
  59	15	 2.4165	 1.0503	   1.5190	        1.5202	          0.0012	   1.6474	5.192e-03	   0.035	    42.832
  60	15	 2.4133	 1.0503	   1.5190	        1.5202	          0.0012	   1.6218	5.201e-03	   0.033	    43.550
  61	16	 2.4101	 1.0502	   1.5190	        1.5202	          0.0012	   1.6158	5.138e-03	   0.032	    44.256
  62	16	 2.4089	 1.0509	   1.5190	        1.5202	          0.0012	   1.6336	5.412e-03	   0.039	    44.979
  63	16	 2.4045	 1.0501	   1.5190	        1.5202	          0.0012	   1.6058	5.084e-03	   0.037	    45.697
  64	16	 2.4028	 1.0517	   1.5190	        1.5202	          0.0012	   1.6341	5.744e-03	   0.038	    46.408
  65	17	 2.3979	 1.0529	   1.5191	        1.5202	          0.0012	   1.6326	6.218e-03	   0.039	    47.124
  66	17	 2.3948	 1.0516	   1.5191	        1.5202	          0.0012	   1.6031	5.661e-03	   0.034	    47.843
  67	17	 2.3905	 1.0517	   1.5191	        1.5202	          0.0012	   1.6143	5.695e-03	   0.035	    48.564
  68	17	 2.3953	 1.0522	   1.5191	        1.5202	          0.0012	   1.6322	5.916e-03	   0.034	    49.286
  69	18	 2.3960	 1.0541	   1.5191	        1.5202	          0.0012	   1.6441	6.681e-03	   0.040	    50.035
  70	18	 2.3960	 1.0502	   1.5190	        1.5202	          0.0012	   1.5774	5.125e-03	   0.037	    50.764
  71	18	 2.3889	 1.0543	   1.5191	        1.5202	          0.0012	   1.6573	6.756e-03	   0.041	    51.491
  72	18	 2.3829	 1.0536	   1.5191	        1.5202	          0.0012	   1.6073	6.446e-03	   0.042	    52.214
  73	19	 2.3738	 1.0551	   1.5191	        1.5202	          0.0011	   1.6215	7.003e-03	   0.034	    52.941
  74	19	 2.3656	 1.0597	   1.5191	        1.5202	          0.0011	   1.6662	8.816e-03	   0.033	    53.664
  75	19	 2.3709	 1.0568	   1.5191	        1.5202	          0.0011	   1.6039	7.705e-03	   0.033	    54.370
  76	19	 2.3702	 1.0561	   1.5191	        1.5202	          0.0011	   1.6136	7.395e-03	   0.038	    55.089
  77	20	 2.3656	 1.0523	   1.5191	        1.5202	          0.0012	   1.5587	5.883e-03	   0.036	    55.807
  78	20	 2.3659	 1.0553	   1.5191	        1.5202	          0.0011	   1.6703	7.093e-03	   0.041	    56.525
  79	20	 2.3576	 1.0518	   1.5191	        1.5202	          0.0011	   1.5592	5.667e-03	   0.041	    57.239
  80	20	 2.3603	 1.0565	   1.5191	        1.5202	          0.0011	   1.6886	7.533e-03	   0.038	    57.952
  81	21	 2.3607	 1.0594	   1.5192	        1.5202	          0.0011	   1.6683	8.704e-03	   0.031	    58.671
  82	21	 2.3568	 1.0557	   1.5191	        1.5202	          0.0011	   1.5609	7.209e-03	   0.036	    59.421
  83	21	 2.3537	 1.0560	   1.5191	        1.5202	          0.0011	   1.6190	7.320e-03	   0.041	    60.226
  84	21	 2.3539	 1.0554	   1.5191	        1.5202	          0.0011	   1.6183	7.077e-03	   0.042	    60.997
  85	22	 2.3571	 1.0557	   1.5191	        1.5202	          0.0011	   1.6374	7.208e-03	   0.043	    61.733
  86	22	 2.3563	 1.0572	   1.5191	        1.5202	          0.0011	   1.6335	7.804e-03	   0.041	    62.482
  87	22	 2.3481	 1.0527	   1.5191	        1.5202	          0.0011	   1.5385	5.983e-03	   0.040	    63.216
  88	22	 2.3468	 1.0550	   1.5191	        1.5202	          0.0011	   1.6576	6.931e-03	   0.036	    63.938
  89	23	 2.3492	 1.0546	   1.5191	        1.5202	          0.0011	   1.6204	6.744e-03	   0.030	    64.650
  90	23	 2.3476	 1.0537	   1.5191	        1.5202	          0.0011	   1.6023	6.380e-03	   0.033	    65.370
  91	23	 2.3451	 1.0554	   1.5191	        1.5202	          0.0011	   1.6485	7.072e-03	   0.036	    66.089
  92	23	 2.3414	 1.0550	   1.5191	        1.5202	          0.0011	   1.6079	6.889e-03	   0.040	    66.804
  93	24	 2.3426	 1.0580	   1.5192	        1.5202	          0.0011	   1.6785	8.100e-03	   0.037	    67.522
  94	24	 2.3382	 1.0554	   1.5191	        1.5202	          0.0011	   1.5696	7.045e-03	   0.039	    68.239
  95	24	 2.3326	 1.0531	   1.5191	        1.5202	          0.0011	   1.5671	6.107e-03	   0.036	    68.953
  96	24	 2.3326	 1.0550	   1.5192	        1.5202	          0.0011	   1.6559	6.866e-03	   0.034	    69.666
  97	25	 2.3267	 1.0522	   1.5191	        1.5202	          0.0011	   1.5593	5.753e-03	   0.037	    70.419
  98	25	 2.3255	 1.0519	   1.5191	        1.5202	          0.0011	   1.6207	5.627e-03	   0.038	    71.147
  99	25	 2.3209	 1.0537	   1.5192	        1.5202	          0.0011	   1.6382	6.338e-03	   0.038	    71.883
 100	25	 2.3279	 1.0542	   1.5192	        1.5202	          0.0011	   1.6478	6.565e-03	   0.036	    72.599
 101	26	 2.3227	 1.0526	   1.5192	        1.5202	          0.0011	   1.5710	5.895e-03	   0.038	    73.343
 102	26	 2.3193	 1.0526	   1.5192	        1.5202	          0.0011	   1.6164	5.870e-03	   0.038	    74.057
 103	26	 2.3195	 1.0533	   1.5192	        1.5202	          0.0011	   1.6346	6.156e-03	   0.031	    74.759
 104	26	 2.3253	 1.0533	   1.5192	        1.5202	          0.0011	   1.6363	6.171e-03	   0.037	    75.479
 105	27	 2.3228	 1.0546	   1.5192	        1.5202	          0.0011	   1.6294	6.713e-03	   0.039	    76.243
 106	27	 2.3191	 1.0518	   1.5192	        1.5202	          0.0011	   1.5606	5.552e-03	   0.040	    76.986
 107	27	 2.3238	 1.0490	   1.5191	        1.5202	          0.0011	   1.5966	4.490e-03	   0.041	    77.743
 108	27	 2.3221	 1.0529	   1.5192	        1.5202	          0.0011	   1.6848	6.012e-03	   0.040	    78.515
 109	28	 2.3206	 1.0531	   1.5192	        1.5202	          0.0011	   1.6233	6.089e-03	   0.042	    79.303
 110	28	 2.3279	 1.0535	   1.5191	        1.5202	          0.0011	   1.6448	6.267e-03	   0.041	    80.125
 111	28	 2.3267	 1.0528	   1.5191	        1.5202	          0.0011	   1.6093	5.976e-03	   0.047	    80.962
 112	28	 2.3211	 1.0525	   1.5192	        1.5202	          0.0011	   1.5956	5.842e-03	   0.038	    81.753
 113	29	 2.3193	 1.0522	   1.5192	        1.5202	          0.0011	   1.6146	5.737e-03	   0.043	    82.492
 114	29	 2.3163	 1.0496	   1.5191	        1.5202	          0.0011	   1.5613	4.694e-03	   0.040	    83.242
 115	29	 2.3159	 1.0517	   1.5192	        1.5202	          0.0011	   1.6549	5.537e-03	   0.038	    83.979
 116	29	 2.3174	 1.0523	   1.5192	        1.5202	          0.0011	   1.6402	5.784e-03	   0.035	    84.713
 117	30	 2.3145	 1.0561	   1.5192	        1.5202	          0.0011	   1.6889	7.272e-03	   0.036	    85.421
 118	30	 2.3131	 1.0547	   1.5192	        1.5202	          0.0011	   1.5913	6.706e-03	   0.039	    86.136
 119	30	 2.3101	 1.0534	   1.5192	        1.5202	          0.0011	   1.5801	6.201e-03	   0.038	    86.852
 120	30	 2.3117	 1.0522	   1.5192	        1.5202	          0.0011	   1.6046	5.713e-03	   0.040	    87.571
 121	31	 2.3111	 1.0527	   1.5192	        1.5202	          0.0011	   1.6258	5.915e-03	   0.038	    88.288
 122	31	 2.3087	 1.0512	   1.5192	        1.5202	          0.0011	   1.5807	5.309e-03	   0.038	    89.007
 123	31	 2.3064	 1.0504	   1.5192	        1.5202	          0.0011	   1.5992	4.981e-03	   0.034	    89.724
 124	31	 2.3118	 1.0509	   1.5192	        1.5202	          0.0011	   1.6476	5.179e-03	   0.034	    90.434
 125	32	 2.3095	 1.0506	   1.5192	        1.5202	          0.0011	   1.6082	5.076e-03	   0.041	    91.181
 126	32	 2.3064	 1.0493	   1.5192	        1.5202	          0.0011	   1.5854	4.566e-03	   0.039	    91.909
 127	32	 2.3074	 1.0483	   1.5192	        1.5202	          0.0011	   1.5924	4.158e-03	   0.037	    92.647
 128	32	 2.3077	 1.0499	   1.5192	        1.5202	          0.0011	   1.6582	4.806e-03	   0.037	    93.367
 129	33	 2.3042	 1.0491	   1.5192	        1.5202	          0.0011	   1.5992	4.475e-03	   0.036	    94.107
 130	33	 2.3057	 1.0476	   1.5192	        1.5202	          0.0011	   1.5866	3.882e-03	   0.036	    94.825
 131	33	 2.3041	 1.0494	   1.5192	        1.5202	          0.0011	   1.6513	4.581e-03	   0.033	    95.535
 132	33	 2.3058	 1.0479	   1.5192	        1.5202	          0.0011	   1.5846	4.005e-03	   0.038	    96.254
 133	34	 2.3024	 1.0480	   1.5192	        1.5202	          0.0011	   1.6107	4.059e-03	   0.039	    96.968
 134	34	 2.3019	 1.0490	   1.5192	        1.5202	          0.0011	   1.6428	4.434e-03	   0.041	    97.680
 135	34	 2.3049	 1.0489	   1.5192	        1.5202	          0.0011	   1.6235	4.398e-03	   0.037	    98.400
 136	34	 2.3039	 1.0486	   1.5192	        1.5202	          0.0011	   1.6094	4.289e-03	   0.038	    99.121
 137	35	 2.3060	 1.0482	   1.5192	        1.5202	          0.0011	   1.6109	4.115e-03	   0.037	    99.853
 138	35	 2.3023	 1.0494	   1.5192	        1.5202	          0.0011	   1.6353	4.576e-03	   0.036	   100.605
 139	35	 2.3040	 1.0508	   1.5192	        1.5202	          0.0011	   1.6674	5.159e-03	   0.039	   101.372
 140	35	 2.3013	 1.0485	   1.5192	        1.5202	          0.0011	   1.5544	4.251e-03	   0.042	   102.142
 141	36	 2.2963	 1.0471	   1.5192	        1.5202	          0.0011	   1.5685	3.699e-03	   0.042	   102.882
 142	36	 2.2962	 1.0483	   1.5192	        1.5202	          0.0011	   1.6409	4.142e-03	   0.038	   103.628
 143	36	 2.2959	 1.0485	   1.5192	        1.5202	          0.0011	   1.6204	4.234e-03	   0.037	   104.374
 144	36	 2.2955	 1.0492	   1.5192	        1.5202	          0.0011	   1.6379	4.488e-03	   0.037	   105.108
 145	37	 2.2900	 1.0477	   1.5192	        1.5202	          0.0011	   1.5629	3.897e-03	   0.035	   105.817
 146	37	 2.2904	 1.0480	   1.5192	        1.5202	          0.0011	   1.6333	4.036e-03	   0.033	   106.535
 147	37	 2.2914	 1.0477	   1.5192	        1.5202	          0.0011	   1.6146	3.919e-03	   0.038	   107.255
 148	37	 2.2889	 1.0491	   1.5192	        1.5202	          0.0011	   1.6407	4.453e-03	   0.042	   107.967
 149	38	 2.2892	 1.0471	   1.5192	        1.5202	          0.0011	   1.5685	3.681e-03	   0.040	   108.682
 150	38	 2.2877	 1.0488	   1.5192	        1.5202	          0.0011	   1.6511	4.318e-03	   0.036	   109.398
 151	38	 2.2842	 1.0487	   1.5192	        1.5202	          0.0011	   1.6048	4.280e-03	   0.036	   110.122
 152	38	 2.2883	 1.0499	   1.5192	        1.5202	          0.0011	   1.6648	4.757e-03	   0.030	   110.827
 153	39	 2.2867	 1.0503	   1.5192	        1.5202	          0.0011	   1.6279	4.916e-03	   0.043	   111.575
 154	39	 2.2862	 1.0503	   1.5192	        1.5202	          0.0011	   1.6142	4.890e-03	   0.037	   112.311
 155	39	 2.2867	 1.0501	   1.5192	        1.5202	          0.0011	   1.6172	4.851e-03	   0.041	   113.049
 156	39	 2.2865	 1.0478	   1.5192	        1.5202	          0.0011	   1.5544	3.954e-03	   0.039	   113.761
 157	40	 2.2855	 1.0491	   1.5192	        1.5202	          0.0011	   1.6482	4.428e-03	   0.037	   114.496
 158	40	 2.2829	 1.0510	   1.5192	        1.5202	          0.0010	   1.6549	5.173e-03	   0.033	   115.217
 159	40	 2.2852	 1.0493	   1.5192	        1.5202	          0.0011	   1.5847	4.504e-03	   0.036	   115.948
 160	40	 2.2866	 1.0473	   1.5192	        1.5202	          0.0011	   1.5726	3.734e-03	   0.038	   116.708
 161	41	 2.2871	 1.0496	   1.5192	        1.5202	          0.0011	   1.6852	4.650e-03	   0.036	   117.435
 162	41	 2.2865	 1.0473	   1.5192	        1.5202	          0.0011	   1.5511	3.753e-03	   0.040	   118.190
 163	41	 2.2866	 1.0458	   1.5192	        1.5202	          0.0011	   1.5738	3.182e-03	   0.043	   118.942
 164	41	 2.2839	 1.0464	   1.5192	        1.5202	          0.0011	   1.6289	3.402e-03	   0.038	   119.684
 165	42	 2.2860	 1.0477	   1.5192	        1.5202	          0.0011	   1.6707	3.900e-03	   0.033	   120.425
 166	42	 2.2845	 1.0506	   1.5192	        1.5202	          0.0011	   1.6997	5.035e-03	   0.035	   121.169
 167	42	 2.2827	 1.0487	   1.5192	        1.5202	          0.0011	   1.5589	4.282e-03	   0.039	   121.934
 168	42	 2.2805	 1.0473	   1.5192	        1.5202	          0.0011	   1.5567	3.727e-03	   0.039	   122.696
 169	43	 2.2804	 1.0489	   1.5192	        1.5202	          0.0011	   1.6655	4.340e-03	   0.038	   123.453
 170	43	 2.2800	 1.0508	   1.5192	        1.5202	          0.0010	   1.6737	5.099e-03	   0.041	   124.197
 171	43	 2.2806	 1.0480	   1.5192	        1.5202	          0.0011	   1.5437	3.997e-03	   0.039	   124.941
 172	43	 2.2781	 1.0478	   1.5192	        1.5202	          0.0011	   1.5971	3.943e-03	   0.035	   125.672
 173	44	 2.2755	 1.0483	   1.5192	        1.5202	          0.0010	   1.6198	4.098e-03	   0.032	   126.381
 174	44	 2.2746	 1.0497	   1.5192	        1.5202	          0.0010	   1.6571	4.644e-03	   0.037	   127.107
 175	44	 2.2740	 1.0487	   1.5192	        1.5202	          0.0010	   1.5771	4.249e-03	   0.035	   127.822
 176	44	 2.2756	 1.0472	   1.5192	        1.5202	          0.0011	   1.5820	3.698e-03	   0.037	   128.537
 177	45	 2.2752	 1.0467	   1.5192	        1.5202	          0.0011	   1.5999	3.521e-03	   0.039	   129.256
 178	45	 2.2741	 1.0449	   1.5192	        1.5202	          0.0011	   1.5579	2.860e-03	   0.041	   129.978
 179	45	 2.2755	 1.0448	   1.5192	        1.5202	          0.0011	   1.6159	2.838e-03	   0.036	   130.687
 180	45	 2.2738	 1.0467	   1.5192	        1.5202	          0.0010	   1.6669	3.497e-03	   0.033	   131.392
 181	46	 2.2746	 1.0466	   1.5192	        1.5202	          0.0011	   1.6117	3.458e-03	   0.036	   132.138
 182	46	 2.2742	 1.0481	   1.5192	        1.5202	          0.0010	   1.6534	4.053e-03	   0.037	   132.879
 183	46	 2.2750	 1.0488	   1.5192	        1.5202	          0.0010	   1.6530	4.297e-03	   0.041	   133.612
 184	46	 2.2726	 1.0468	   1.5192	        1.5202	          0.0010	   1.5470	3.563e-03	   0.038	   134.334
 185	47	 2.2719	 1.0458	   1.5192	        1.5202	          0.0010	   1.5846	3.178e-03	   0.036	   135.067
 186	47	 2.2742	 1.0452	   1.5192	        1.5202	          0.0011	   1.6146	2.972e-03	   0.036	   135.792
 187	47	 2.2731	 1.0464	   1.5192	        1.5202	          0.0010	   1.6417	3.400e-03	   0.034	   136.495
 188	47	 2.2711	 1.0475	   1.5192	        1.5202	          0.0010	   1.6450	3.795e-03	   0.035	   137.213
 189	48	 2.2707	 1.0478	   1.5192	        1.5202	          0.0010	   1.6228	3.935e-03	   0.035	   137.934
 190	48	 2.2709	 1.0466	   1.5192	        1.5202	          0.0010	   1.5849	3.474e-03	   0.039	   138.649
 191	48	 2.2687	 1.0472	   1.5192	        1.5202	          0.0010	   1.6262	3.673e-03	   0.040	   139.368
 192	48	 2.2693	 1.0473	   1.5192	        1.5202	          0.0010	   1.6238	3.742e-03	   0.036	   140.116
 193	49	 2.2649	 1.0480	   1.5192	        1.5202	          0.0010	   1.6180	3.969e-03	   0.032	   140.843
 194	49	 2.2660	 1.0465	   1.5192	        1.5202	          0.0010	   1.5687	3.427e-03	   0.041	   141.559
 195	49	 2.2696	 1.0472	   1.5192	        1.5202	          0.0010	   1.6643	3.704e-03	   0.042	   142.319
 196	49	 2.2669	 1.0481	   1.5192	        1.5202	          0.0010	   1.6388	4.042e-03	   0.037	   143.078
 197	50	 2.2647	 1.0490	   1.5192	        1.5202	          0.0010	   1.6281	4.350e-03	   0.038	   143.843
 198	50	 2.2648	 1.0484	   1.5192	        1.5202	          0.0010	   1.5941	4.129e-03	   0.037	   144.582
 199	50	 2.2662	 1.0491	   1.5192	        1.5202	          0.0010	   1.6583	4.391e-03	   0.038	   145.331
 200	50	 2.2666	 1.0476	   1.5192	        1.5202	          0.0010	   1.5730	3.852e-03	   0.035	   146.073
 201	51	 2.2661	 1.0464	   1.5192	        1.5202	          0.0010	   1.5741	3.404e-03	   0.032	   146.782
 202	51	 2.2642	 1.0466	   1.5192	        1.5202	          0.0010	   1.6129	3.479e-03	   0.038	   147.498
 203	51	 2.2625	 1.0462	   1.5192	        1.5202	          0.0010	   1.5967	3.326e-03	   0.037	   148.212
 204	51	 2.2639	 1.0472	   1.5192	        1.5202	          0.0010	   1.6566	3.669e-03	   0.040	   148.932
 205	52	 2.2641	 1.0465	   1.5192	        1.5202	          0.0010	   1.6005	3.426e-03	   0.041	   149.651
 206	52	 2.2646	 1.0450	   1.5192	        1.5202	          0.0010	   1.5606	2.885e-03	   0.035	   150.366
 207	52	 2.2641	 1.0454	   1.5192	        1.5202	          0.0010	   1.6283	3.018e-03	   0.035	   151.085
 208	52	 2.2628	 1.0461	   1.5192	        1.5202	          0.0010	   1.6313	3.267e-03	   0.034	   151.795
 209	53	 2.2616	 1.0473	   1.5192	        1.5202	          0.0010	   1.6566	3.721e-03	   0.041	   152.531
 210	53	 2.2611	 1.0468	   1.5192	        1.5202	          0.0010	   1.5911	3.538e-03	   0.038	   153.270
 211	53	 2.2607	 1.0466	   1.5192	        1.5202	          0.0010	   1.6146	3.459e-03	   0.039	   153.993
 212	53	 2.2613	 1.0468	   1.5192	        1.5202	          0.0010	   1.6246	3.548e-03	   0.040	   154.748
 213	54	 2.2605	 1.0465	   1.5192	        1.5202	          0.0010	   1.6000	3.423e-03	   0.039	   155.515
 214	54	 2.2605	 1.0459	   1.5192	        1.5202	          0.0010	   1.5933	3.220e-03	   0.037	   156.276
 215	54	 2.2604	 1.0459	   1.5192	        1.5202	          0.0010	   1.6174	3.220e-03	   0.039	   157.057
 216	54	 2.2614	 1.0474	   1.5192	        1.5202	          0.0010	   1.6805	3.761e-03	   0.043	   157.854
 217	55	 2.2602	 1.0465	   1.5192	        1.5202	          0.0010	   1.5808	3.438e-03	   0.042	   158.628
 218	55	 2.2597	 1.0452	   1.5192	        1.5202	          0.0010	   1.5670	2.962e-03	   0.044	   159.392
 219	55	 2.2588	 1.0465	   1.5192	        1.5202	          0.0010	   1.6626	3.437e-03	   0.038	   160.164
 220	55	 2.2606	 1.0476	   1.5192	        1.5202	          0.0010	   1.6658	3.843e-03	   0.037	   160.923
 221	56	 2.2594	 1.0485	   1.5192	        1.5202	          0.0010	   1.6442	4.168e-03	   0.035	   161.645
 222	56	 2.2605	 1.0476	   1.5192	        1.5202	          0.0010	   1.5899	3.846e-03	   0.034	   162.352
 223	56	 2.2616	 1.0481	   1.5192	        1.5202	          0.0010	   1.6382	4.024e-03	   0.041	   163.115
 224	56	 2.2588	 1.0475	   1.5192	        1.5202	          0.0010	   1.5842	3.786e-03	   0.040	   163.883
 225	57	 2.2603	 1.0476	   1.5192	        1.5202	          0.0010	   1.6363	3.815e-03	   0.041	   164.638
 226	57	 2.2584	 1.0474	   1.5192	        1.5202	          0.0010	   1.5936	3.746e-03	   0.041	   165.375
 227	57	 2.2587	 1.0469	   1.5192	        1.5202	          0.0010	   1.5926	3.574e-03	   0.036	   166.127
 228	57	 2.2581	 1.0472	   1.5192	        1.5202	          0.0010	   1.6258	3.684e-03	   0.037	   166.869
 229	58	 2.2590	 1.0473	   1.5192	        1.5202	          0.0010	   1.6278	3.720e-03	   0.033	   167.584
 230	58	 2.2588	 1.0472	   1.5192	        1.5202	          0.0010	   1.6142	3.692e-03	   0.037	   168.304
 231	58	 2.2576	 1.0464	   1.5192	        1.5202	          0.0010	   1.5766	3.369e-03	   0.035	   169.022
 232	58	 2.2572	 1.0477	   1.5192	        1.5202	          0.0010	   1.6628	3.846e-03	   0.041	   169.736
 233	59	 2.2580	 1.0472	   1.5192	        1.5202	          0.0010	   1.6017	3.682e-03	   0.040	   170.449
 234	59	 2.2559	 1.0467	   1.5192	        1.5202	          0.0010	   1.5863	3.509e-03	   0.033	   171.164
 235	59	 2.2567	 1.0468	   1.5192	        1.5202	          0.0010	   1.6314	3.527e-03	   0.033	   171.887
 236	59	 2.2553	 1.0481	   1.5192	        1.5202	          0.0010	   1.6548	4.019e-03	   0.034	   172.596
 237	60	 2.2543	 1.0460	   1.5192	        1.5202	          0.0010	   1.5204	3.236e-03	   0.040	   173.326
 238	60	 2.2538	 1.0469	   1.5192	        1.5202	          0.0010	   1.6445	3.567e-03	   0.039	   174.073
 239	60	 2.2552	 1.0485	   1.5192	        1.5202	          0.0010	   1.6996	4.162e-03	   0.044	   174.799
 240	60	 2.2557	 1.0483	   1.5192	        1.5202	          0.0010	   1.6106	4.092e-03	   0.038	   175.532
 241	61	 2.2567	 1.0471	   1.5192	        1.5202	          0.0010	   1.5735	3.626e-03	   0.035	   176.246
 242	61	 2.2565	 1.0472	   1.5192	        1.5202	          0.0010	   1.6210	3.684e-03	   0.035	   176.988
 243	61	 2.2570	 1.0468	   1.5192	        1.5202	          0.0010	   1.6068	3.519e-03	   0.032	   177.698
 244	61	 2.2568	 1.0478	   1.5192	        1.5202	          0.0010	   1.6520	3.910e-03	   0.036	   178.418
 245	62	 2.2569	 1.0483	   1.5192	        1.5202	          0.0010	   1.6429	4.072e-03	   0.038	   179.139
 246	62	 2.2559	 1.0472	   1.5192	        1.5202	          0.0010	   1.5687	3.660e-03	   0.043	   179.863
 247	62	 2.2570	 1.0472	   1.5192	        1.5202	          0.0010	   1.6243	3.687e-03	   0.037	   180.607
 248	62	 2.2565	 1.0476	   1.5192	        1.5202	          0.0010	   1.6195	3.814e-03	   0.037	   181.319
 249	63	 2.2564	 1.0481	   1.5192	        1.5202	          0.0010	   1.6341	4.020e-03	   0.034	   182.034
 250	63	 2.2544	 1.0479	   1.5192	        1.5202	          0.0010	   1.6044	3.948e-03	   0.035	   182.748
 251	63	 2.2549	 1.0491	   1.5192	        1.5202	          0.0010	   1.6704	4.394e-03	   0.042	   183.499
 252	63	 2.2559	 1.0483	   1.5192	        1.5202	          0.0010	   1.5817	4.090e-03	   0.041	   184.265
 253	64	 2.2575	 1.0492	   1.5192	        1.5202	          0.0010	   1.6637	4.428e-03	   0.042	   185.031
 254	64	 2.2557	 1.0500	   1.5192	        1.5202	          0.0010	   1.6447	4.739e-03	   0.042	   185.772
 255	64	 2.2569	 1.0496	   1.5192	        1.5202	          0.0010	   1.6042	4.598e-03	   0.038	   186.520
 256	64	 2.2550	 1.0485	   1.5192	        1.5202	          0.0010	   1.5622	4.175e-03	   0.035	   187.253
 257	65	 2.2529	 1.0489	   1.5192	        1.5202	          0.0010	   1.6222	4.308e-03	   0.032	   187.974
 258	65	 2.2530	 1.0493	   1.5192	        1.5202	          0.0010	   1.6337	4.450e-03	   0.036	   188.699
 259	65	 2.2533	 1.0497	   1.5192	        1.5202	          0.0010	   1.6409	4.636e-03	   0.036	   189.416
 260	65	 2.2529	 1.0485	   1.5192	        1.5202	          0.0010	   1.5604	4.152e-03	   0.042	   190.133
 261	66	 2.2538	 1.0493	   1.5192	        1.5202	          0.0010	   1.6552	4.453e-03	   0.037	   190.848
 262	66	 2.2522	 1.0486	   1.5192	        1.5202	          0.0010	   1.5725	4.184e-03	   0.037	   191.570
 263	66	 2.2523	 1.0494	   1.5192	        1.5202	          0.0010	   1.6556	4.512e-03	   0.036	   192.283
 264	66	 2.2527	 1.0486	   1.5192	        1.5202	          0.0010	   1.5889	4.208e-03	   0.035	   192.991
 265	67	 2.2528	 1.0503	   1.5192	        1.5202	          0.0010	   1.6862	4.833e-03	   0.035	   193.709
 266	67	 2.2538	 1.0503	   1.5192	        1.5202	          0.0010	   1.6261	4.840e-03	   0.037	   194.465
 267	67	 2.2532	 1.0492	   1.5192	        1.5202	          0.0010	   1.5651	4.428e-03	   0.041	   195.236
 268	67	 2.2516	 1.0485	   1.5192	        1.5202	          0.0010	   1.5764	4.146e-03	   0.040	   196.000
 269	68	 2.2535	 1.0475	   1.5192	        1.5202	          0.0010	   1.5865	3.771e-03	   0.036	   196.742
 270	68	 2.2510	 1.0464	   1.5192	        1.5202	          0.0010	   1.5443	3.388e-03	   0.036	   197.524
 271	68	 2.2501	 1.0488	   1.5192	        1.5202	          0.0010	   1.7211	4.274e-03	   0.035	   198.233
 272	68	 2.2490	 1.0490	   1.5192	        1.5202	          0.0010	   1.6228	4.324e-03	   0.039	   198.952
 273	69	 2.2504	 1.0483	   1.5192	        1.5202	          0.0010	   1.5945	4.092e-03	   0.037	   199.699
 274	69	 2.2511	 1.0482	   1.5192	        1.5202	          0.0010	   1.6126	4.027e-03	   0.043	   200.446
 275	69	 2.2505	 1.0483	   1.5192	        1.5202	          0.0010	   1.6301	4.082e-03	   0.040	   201.178
 276	69	 2.2498	 1.0487	   1.5192	        1.5202	          0.0010	   1.6196	4.222e-03	   0.036	   201.894
 277	70	 2.2493	 1.0499	   1.5193	        1.5202	          0.0010	   1.6615	4.680e-03	   0.033	   202.611
 278	70	 2.2490	 1.0495	   1.5192	        1.5202	          0.0010	   1.5995	4.543e-03	   0.034	   203.315
 279	70	 2.2484	 1.0485	   1.5192	        1.5202	          0.0010	   1.5679	4.155e-03	   0.033	   203.980
 280	70	 2.2496	 1.0485	   1.5192	        1.5202	          0.0010	   1.6256	4.148e-03	   0.029	   204.697
 281	71	 2.2483	 1.0481	   1.5192	        1.5202	          0.0010	   1.5902	3.987e-03	   0.027	   205.290
 282	71	 2.2492	 1.0494	   1.5192	        1.5202	          0.0010	   1.6798	4.480e-03	   0.027	   205.900
 283	71	 2.2482	 1.0502	   1.5193	        1.5202	          0.0010	   1.6550	4.787e-03	   0.027	   206.517
 284	71	 2.2472	 1.0490	   1.5193	        1.5202	          0.0010	   1.5531	4.338e-03	   0.024	   207.105
 285	72	 2.2461	 1.0496	   1.5193	        1.5202	          0.0010	   1.6381	4.558e-03	   0.028	   207.672
 286	72	 2.2463	 1.0496	   1.5193	        1.5202	          0.0010	   1.6212	4.551e-03	   0.029	   208.317
 287	72	 2.2445	 1.0480	   1.5193	        1.5202	          0.0010	   1.5261	3.974e-03	   0.018	   208.821
 288	72	 2.2450	 1.0491	   1.5193	        1.5202	          0.0010	   1.6767	4.391e-03	   0.027	   209.366
 289	73	 2.2443	 1.0487	   1.5193	        1.5202	          0.0010	   1.5918	4.219e-03	   0.027	   209.876
 290	73	 2.2454	 1.0486	   1.5193	        1.5202	          0.0010	   1.6228	4.196e-03	   0.025	   210.386
 291	73	 2.2456	 1.0495	   1.5193	        1.5202	          0.0010	   1.6629	4.517e-03	   0.018	   210.899
 292	73	 2.2454	 1.0489	   1.5193	        1.5202	          0.0010	   1.5830	4.281e-03	   0.021	   211.436
 293	74	 2.2434	 1.0483	   1.5193	        1.5202	          0.0010	   1.5773	4.057e-03	   0.032	   211.955
 294	74	 2.2439	 1.0484	   1.5193	        1.5202	          0.0010	   1.6223	4.102e-03	   0.024	   212.481
 295	74	 2.2457	 1.0488	   1.5193	        1.5202	          0.0010	   1.6608	4.274e-03	   0.025	   213.023
 296	74	 2.2449	 1.0494	   1.5193	        1.5202	          0.0010	   1.6337	4.487e-03	   0.024	   213.532
 297	75	 2.2443	 1.0495	   1.5193	        1.5202	          0.0010	   1.6176	4.542e-03	   0.029	   214.067
 298	75	 2.2433	 1.0477	   1.5193	        1.5202	          0.0010	   1.5148	3.859e-03	   0.025	   214.581
 299	75	 2.2447	 1.0475	   1.5192	        1.5202	          0.0010	   1.6218	3.777e-03	   0.024	   215.094
 300	75	 2.2451	 1.0491	   1.5193	        1.5202	          0.0010	   1.7052	4.385e-03	   0.028	   215.613
 301	76	 2.2445	 1.0480	   1.5193	        1.5202	          0.0010	   1.5486	3.943e-03	   0.023	   216.147
 302	76	 2.2464	 1.0488	   1.5193	        1.5202	          0.0010	   1.6755	4.271e-03	   0.030	   216.678
 303	76	 2.2462	 1.0492	   1.5193	        1.5202	          0.0010	   1.6348	4.428e-03	   0.024	   217.185
 304	76	 2.2455	 1.0491	   1.5193	        1.5202	          0.0010	   1.6086	4.362e-03	   0.026	   217.698
 305	77	 2.2441	 1.0490	   1.5193	        1.5202	          0.0010	   1.5994	4.351e-03	   0.024	   218.220
 306	77	 2.2441	 1.0493	   1.5193	        1.5202	          0.0010	   1.6347	4.451e-03	   0.025	   218.760
 307	77	 2.2456	 1.0504	   1.5193	        1.5202	          0.0010	   1.6881	4.886e-03	   0.032	   219.298
 308	77	 2.2446	 1.0492	   1.5193	        1.5202	          0.0010	   1.5455	4.399e-03	   0.026	   219.861
 309	78	 2.2445	 1.0497	   1.5193	        1.5202	          0.0010	   1.6469	4.615e-03	   0.028	   220.419
 310	78	 2.2448	 1.0495	   1.5193	        1.5202	          0.0010	   1.6159	4.538e-03	   0.026	   220.957
 311	78	 2.2443	 1.0484	   1.5193	        1.5202	          0.0010	   1.5492	4.090e-03	   0.029	   221.494
 312	78	 2.2435	 1.0489	   1.5193	        1.5202	          0.0010	   1.6423	4.313e-03	   0.025	   222.021
 313	79	 2.2444	 1.0488	   1.5193	        1.5202	          0.0010	   1.6079	4.255e-03	   0.023	   222.531
 314	79	 2.2447	 1.0495	   1.5193	        1.5202	          0.0010	   1.6643	4.538e-03	   0.027	   223.049
 315	79	 2.2444	 1.0494	   1.5193	        1.5202	          0.0010	   1.6101	4.482e-03	   0.021	   223.559
 316	79	 2.2426	 1.0489	   1.5193	        1.5202	          0.0010	   1.5823	4.308e-03	   0.025	   224.076
 317	80	 2.2427	 1.0482	   1.5193	        1.5202	          0.0010	   1.5777	4.040e-03	   0.024	   224.585
 318	80	 2.2427	 1.0483	   1.5193	        1.5202	          0.0010	   1.6200	4.068e-03	   0.027	   225.098
 319	80	 2.2423	 1.0472	   1.5193	        1.5202	          0.0010	   1.5590	3.679e-03	   0.024	   225.652
 320	80	 2.2417	 1.0477	   1.5193	        1.5202	          0.0010	   1.6297	3.828e-03	   0.031	   226.233
 321	81	 2.2414	 1.0460	   1.5193	        1.5202	          0.0010	   1.5230	3.233e-03	   0.038	   226.823
 322	81	 2.2410	 1.0459	   1.5193	        1.5202	          0.0010	   1.6102	3.205e-03	   0.026	   227.418
 323	81	 2.2405	 1.0472	   1.5193	        1.5202	          0.0010	   1.6870	3.642e-03	   0.028	   228.029
 324	81	 2.2414	 1.0483	   1.5193	        1.5202	          0.0010	   1.6774	4.050e-03	   0.026	   228.576
 325	82	 2.2398	 1.0480	   1.5193	        1.5202	          0.0010	   1.5853	3.952e-03	   0.029	   229.121
 326	82	 2.2403	 1.0482	   1.5193	        1.5202	          0.0010	   1.6371	4.018e-03	   0.022	   229.633
 327	82	 2.2409	 1.0476	   1.5193	        1.5202	          0.0010	   1.5887	3.816e-03	   0.026	   230.152
 328	82	 2.2411	 1.0484	   1.5193	        1.5202	          0.0010	   1.6671	4.118e-03	   0.030	   230.701
 329	83	 2.2413	 1.0499	   1.5193	        1.5202	          0.0010	   1.7020	4.684e-03	   0.024	   231.231
 330	83	 2.2401	 1.0497	   1.5193	        1.5202	          0.0010	   1.5878	4.589e-03	   0.025	   231.759
 331	83	 2.2392	 1.0492	   1.5193	        1.5202	          0.0010	   1.5877	4.407e-03	   0.027	   232.272
 332	83	 2.2396	 1.0489	   1.5193	        1.5202	          0.0010	   1.6104	4.307e-03	   0.028	   232.783
 333	84	 2.2387	 1.0492	   1.5193	        1.5202	          0.0010	   1.6178	4.401e-03	   0.024	   233.298
 334	84	 2.2390	 1.0495	   1.5193	        1.5202	          0.0010	   1.6386	4.512e-03	   0.026	   233.842
 335	84	 2.2389	 1.0489	   1.5193	        1.5202	          0.0010	   1.5785	4.299e-03	   0.032	   234.381
 336	84	 2.2391	 1.0488	   1.5193	        1.5202	          0.0010	   1.6210	4.254e-03	   0.022	   234.930
 337	85	 2.2385	 1.0478	   1.5193	        1.5202	          0.0010	   1.5475	3.890e-03	   0.024	   235.492
 338	85	 2.2381	 1.0486	   1.5193	        1.5202	          0.0010	   1.6619	4.171e-03	   0.026	   236.039
 339	85	 2.2382	 1.0485	   1.5193	        1.5202	          0.0010	   1.6147	4.130e-03	   0.030	   236.578
 340	85	 2.2391	 1.0483	   1.5193	        1.5202	          0.0010	   1.6137	4.069e-03	   0.023	   237.105
 341	86	 2.2385	 1.0475	   1.5193	        1.5202	          0.0010	   1.5744	3.785e-03	   0.024	   237.617
 342	86	 2.2404	 1.0475	   1.5193	        1.5202	          0.0010	   1.6297	3.757e-03	   0.029	   238.135
 343	86	 2.2392	 1.0469	   1.5193	        1.5202	          0.0010	   1.5680	3.533e-03	   0.028	   238.645
 344	86	 2.2386	 1.0478	   1.5193	        1.5202	          0.0010	   1.6636	3.865e-03	   0.027	   239.159
 345	87	 2.2379	 1.0479	   1.5193	        1.5202	          0.0010	   1.6249	3.905e-03	   0.026	   239.671
 346	87	 2.2380	 1.0481	   1.5193	        1.5202	          0.0010	   1.6265	3.989e-03	   0.026	   240.185
 347	87	 2.2380	 1.0473	   1.5193	        1.5202	          0.0010	   1.5655	3.702e-03	   0.022	   240.695
 348	87	 2.2382	 1.0471	   1.5193	        1.5202	          0.0010	   1.6061	3.633e-03	   0.028	   241.221
 349	88	 2.2384	 1.0477	   1.5193	        1.5202	          0.0010	   1.6576	3.846e-03	   0.028	   241.749
 350	88	 2.2376	 1.0487	   1.5193	        1.5202	          0.0010	   1.6682	4.197e-03	   0.022	   242.257
 351	88	 2.2371	 1.0471	   1.5193	        1.5202	          0.0010	   1.5252	3.635e-03	   0.023	   242.814
 352	88	 2.2378	 1.0471	   1.5193	        1.5202	          0.0010	   1.6086	3.607e-03	   0.028	   243.328
 353	89	 2.2386	 1.0471	   1.5193	        1.5202	          0.0010	   1.6271	3.622e-03	   0.029	   243.862
 354	89	 2.2393	 1.0482	   1.5193	        1.5202	          0.0010	   1.6907	4.046e-03	   0.025	   244.379
 355	89	 2.2394	 1.0483	   1.5193	        1.5202	          0.0010	   1.6167	4.062e-03	   0.027	   244.895
 356	89	 2.2381	 1.0477	   1.5193	        1.5202	          0.0010	   1.5712	3.834e-03	   0.028	   245.444
 357	90	 2.2377	 1.0475	   1.5193	        1.5202	          0.0010	   1.6033	3.765e-03	   0.024	   245.954
 358	90	 2.2372	 1.0470	   1.5193	        1.5202	          0.0010	   1.5802	3.586e-03	   0.027	   246.469
 359	90	 2.2374	 1.0481	   1.5193	        1.5202	          0.0010	   1.6861	3.989e-03	   0.024	   246.978
 360	90	 2.2370	 1.0478	   1.5193	        1.5202	          0.0010	   1.5945	3.859e-03	   0.024	   247.490
 361	91	 2.2357	 1.0477	   1.5193	        1.5202	          0.0010	   1.5903	3.835e-03	   0.021	   248.005
 362	91	 2.2358	 1.0480	   1.5193	        1.5202	          0.0010	   1.6413	3.946e-03	   0.026	   248.546
 363	91	 2.2360	 1.0479	   1.5193	        1.5202	          0.0010	   1.6160	3.914e-03	   0.031	   249.087
 364	91	 2.2363	 1.0478	   1.5193	        1.5202	          0.0010	   1.6112	3.860e-03	   0.024	   249.626
 365	92	 2.2369	 1.0479	   1.5193	        1.5202	          0.0010	   1.6299	3.909e-03	   0.024	   250.193
 366	92	 2.2351	 1.0464	   1.5193	        1.5202	          0.0010	   1.5037	3.357e-03	   0.029	   250.740
 367	92	 2.2365	 1.0474	   1.5193	        1.5202	          0.0010	   1.7021	3.733e-03	   0.031	   251.283
 368	92	 2.2363	 1.0471	   1.5193	        1.5202	          0.0010	   1.5897	3.634e-03	   0.023	   251.816
 369	93	 2.2365	 1.0478	   1.5193	        1.5202	          0.0010	   1.6642	3.893e-03	   0.022	   252.329
 370	93	 2.2349	 1.0479	   1.5193	        1.5202	          0.0010	   1.6057	3.925e-03	   0.028	   252.845
 371	93	 2.2350	 1.0470	   1.5193	        1.5202	          0.0010	   1.5551	3.572e-03	   0.024	   253.354
 372	93	 2.2354	 1.0476	   1.5193	        1.5202	          0.0010	   1.6617	3.810e-03	   0.023	   253.870
 373	94	 2.2348	 1.0480	   1.5193	        1.5202	          0.0010	   1.6302	3.942e-03	   0.027	   254.408
 374	94	 2.2356	 1.0491	   1.5193	        1.5202	          0.0010	   1.6988	4.360e-03	   0.029	   254.959
 375	94	 2.2350	 1.0490	   1.5193	        1.5202	          0.0010	   1.6057	4.327e-03	   0.025	   255.518
 376	94	 2.2355	 1.0482	   1.5193	        1.5202	          0.0010	   1.5685	4.021e-03	   0.026	   256.065
 377	95	 2.2363	 1.0488	   1.5193	        1.5202	          0.0010	   1.6571	4.242e-03	   0.031	   256.604
 378	95	 2.2352	 1.0487	   1.5193	        1.5202	          0.0010	   1.6040	4.209e-03	   0.023	   257.109
 379	95	 2.2347	 1.0489	   1.5193	        1.5202	          0.0010	   1.6228	4.293e-03	   0.027	   257.666
 380	95	 2.2345	 1.0481	   1.5193	        1.5202	          0.0010	   1.5656	3.979e-03	   0.027	   258.181
 381	96	 2.2348	 1.0475	   1.5193	        1.5202	          0.0010	   1.5826	3.751e-03	   0.031	   258.708
 382	96	 2.2344	 1.0477	   1.5193	        1.5202	          0.0010	   1.6336	3.851e-03	   0.023	   259.251
 383	96	 2.2340	 1.0479	   1.5193	        1.5202	          0.0010	   1.6226	3.924e-03	   0.022	   259.793
 384	96	 2.2337	 1.0487	   1.5193	        1.5202	          0.0010	   1.6596	4.212e-03	   0.028	   260.330
 385	97	 2.2328	 1.0492	   1.5193	        1.5202	          0.0010	   1.6378	4.391e-03	   0.024	   260.838
 386	97	 2.2321	 1.0490	   1.5193	        1.5202	          0.0010	   1.6039	4.332e-03	   0.024	   261.353
 387	97	 2.2326	 1.0488	   1.5193	        1.5202	          0.0010	   1.5990	4.246e-03	   0.025	   261.864
 388	97	 2.2331	 1.0487	   1.5193	        1.5202	          0.0010	   1.6183	4.197e-03	   0.026	   262.376
 389	98	 2.2335	 1.0497	   1.5193	        1.5202	          0.0010	   1.6940	4.594e-03	   0.026	   262.886
 390	98	 2.2332	 1.0498	   1.5193	        1.5202	          0.0010	   1.6216	4.634e-03	   0.026	   263.422
 391	98	 2.2341	 1.0491	   1.5193	        1.5202	          0.0010	   1.5844	4.348e-03	   0.030	   263.961
 392	98	 2.2327	 1.0489	   1.5193	        1.5202	          0.0010	   1.5757	4.267e-03	   0.026	   264.498
 393	99	 2.2343	 1.0483	   1.5193	        1.5202	          0.0010	   1.5915	4.051e-03	   0.026	   265.069
 394	99	 2.2341	 1.0482	   1.5193	        1.5202	          0.0010	   1.6053	4.008e-03	   0.027	   265.615
 395	99	 2.2335	 1.0484	   1.5193	        1.5202	          0.0010	   1.6333	4.105e-03	   0.029	   266.160
 396	99	 2.2328	 1.0483	   1.5193	        1.5202	          0.0010	   1.6002	4.065e-03	   0.027	   266.697
 397	100	 2.2329	 1.0486	   1.5193	        1.5202	          0.0010	   1.6377	4.180e-03	   0.022	   267.207
 398	100	 2.2317	 1.0488	   1.5193	        1.5202	          0.0010	   1.6214	4.251e-03	   0.028	   267.724
 399	100	 2.2323	 1.0488	   1.5193	        1.5202	          0.0010	   1.6234	4.259e-03	   0.024	   268.237
 400	100	 2.2324	 1.0487	   1.5193	        1.5202	          0.0010	   1.6078	4.195e-03	   0.028	   268.755
 401	101	 2.2326	 1.0487	   1.5193	        1.5202	          0.0010	   1.6241	4.224e-03	   0.026	   269.261
 402	101	 2.2331	 1.0483	   1.5193	        1.5202	          0.0010	   1.5929	4.069e-03	   0.029	   269.773
 403	101	 2.2322	 1.0481	   1.5193	        1.5202	          0.0010	   1.5862	3.971e-03	   0.027	   270.288
 404	101	 2.2323	 1.0484	   1.5193	        1.5202	          0.0010	   1.6443	4.105e-03	   0.026	   270.799
 405	102	 2.2325	 1.0492	   1.5193	        1.5202	          0.0010	   1.6678	4.380e-03	   0.027	   271.336
 406	102	 2.2320	 1.0490	   1.5193	        1.5202	          0.0010	   1.6092	4.329e-03	   0.022	   271.845
 407	102	 2.2324	 1.0486	   1.5193	        1.5202	          0.0010	   1.5933	4.183e-03	   0.031	   272.396
 408	102	 2.2323	 1.0482	   1.5193	        1.5202	          0.0010	   1.5836	4.016e-03	   0.025	   272.917
 409	103	 2.2311	 1.0476	   1.5193	        1.5202	          0.0010	   1.5669	3.805e-03	   0.031	   273.439
 410	103	 2.2328	 1.0476	   1.5193	        1.5202	          0.0010	   1.6350	3.790e-03	   0.028	   273.994
 411	103	 2.2328	 1.0484	   1.5193	        1.5202	          0.0010	   1.6745	4.077e-03	   0.022	   274.516
 412	103	 2.2319	 1.0484	   1.5193	        1.5202	          0.0010	   1.6000	4.075e-03	   0.028	   275.031
 413	104	 2.2316	 1.0483	   1.5193	        1.5202	          0.0010	   1.6063	4.043e-03	   0.024	   275.542
 414	104	 2.2314	 1.0484	   1.5193	        1.5202	          0.0010	   1.6239	4.098e-03	   0.030	   276.063
 415	104	 2.2311	 1.0485	   1.5193	        1.5202	          0.0010	   1.6154	4.116e-03	   0.025	   276.569
 416	104	 2.2323	 1.0486	   1.5193	        1.5202	          0.0010	   1.6420	4.177e-03	   0.029	   277.083
 417	105	 2.2324	 1.0486	   1.5193	        1.5202	          0.0010	   1.6193	4.165e-03	   0.025	   277.596
 418	105	 2.2321	 1.0491	   1.5193	        1.5202	          0.0010	   1.6536	4.366e-03	   0.022	   278.123
 419	105	 2.2321	 1.0489	   1.5193	        1.5202	          0.0010	   1.6012	4.272e-03	   0.030	   278.667
 420	105	 2.2320	 1.0482	   1.5193	        1.5202	          0.0010	   1.5653	4.035e-03	   0.024	   279.190
 421	106	 2.2327	 1.0486	   1.5193	        1.5202	          0.0010	   1.6550	4.181e-03	   0.028	   279.766
 422	106	 2.2325	 1.0481	   1.5193	        1.5202	          0.0010	   1.5780	3.990e-03	   0.026	   280.319
 423	106	 2.2314	 1.0478	   1.5193	        1.5202	          0.0010	   1.5809	3.862e-03	   0.033	   280.865
 424	106	 2.2312	 1.0483	   1.5193	        1.5202	          0.0010	   1.6495	4.053e-03	   0.025	   281.396
 425	107	 2.2318	 1.0485	   1.5193	        1.5202	          0.0010	   1.6501	4.147e-03	   0.024	   281.917
 426	107	 2.2317	 1.0479	   1.5193	        1.5202	          0.0010	   1.5607	3.895e-03	   0.032	   282.462
 427	107	 2.2315	 1.0481	   1.5193	        1.5202	          0.0010	   1.6317	3.974e-03	   0.030	   283.025
 428	107	 2.2317	 1.0476	   1.5193	        1.5202	          0.0010	   1.5797	3.806e-03	   0.031	   283.648
 429	108	 2.2312	 1.0474	   1.5193	        1.5202	          0.0010	   1.5977	3.718e-03	   0.028	   284.245
 430	108	 2.2313	 1.0470	   1.5193	        1.5202	          0.0010	   1.5897	3.597e-03	   0.032	   284.825
 431	108	 2.2314	 1.0466	   1.5193	        1.5202	          0.0010	   1.5837	3.441e-03	   0.025	   285.357
 432	108	 2.2318	 1.0470	   1.5193	        1.5202	          0.0010	   1.6456	3.575e-03	   0.025	   285.882
 433	109	 2.2318	 1.0473	   1.5193	        1.5202	          0.0010	   1.6521	3.704e-03	   0.026	   286.418
 434	109	 2.2317	 1.0471	   1.5193	        1.5202	          0.0010	   1.5934	3.634e-03	   0.023	   286.929
 435	109	 2.2316	 1.0469	   1.5193	        1.5202	          0.0010	   1.5935	3.541e-03	   0.031	   287.458
 436	109	 2.2318	 1.0469	   1.5193	        1.5202	          0.0010	   1.6189	3.545e-03	   0.028	   288.000
 437	110	 2.2302	 1.0465	   1.5193	        1.5202	          0.0010	   1.5731	3.416e-03	   0.031	   288.554
 438	110	 2.2297	 1.0471	   1.5193	        1.5202	          0.0010	   1.6477	3.609e-03	   0.027	   289.112
 439	110	 2.2316	 1.0472	   1.5193	        1.5202	          0.0010	   1.6435	3.648e-03	   0.025	   289.634
 440	110	 2.2310	 1.0469	   1.5193	        1.5202	          0.0010	   1.5936	3.561e-03	   0.026	   290.148
 441	111	 2.2308	 1.0464	   1.5193	        1.5202	          0.0010	   1.5688	3.376e-03	   0.024	   290.659
 442	111	 2.2308	 1.0472	   1.5193	        1.5202	          0.0010	   1.6785	3.635e-03	   0.027	   291.175
 443	111	 2.2303	 1.0469	   1.5193	        1.5202	          0.0010	   1.5867	3.527e-03	   0.024	   291.682
 444	111	 2.2306	 1.0470	   1.5193	        1.5202	          0.0010	   1.6292	3.584e-03	   0.028	   292.197
 445	112	 2.2306	 1.0473	   1.5193	        1.5202	          0.0010	   1.6377	3.682e-03	   0.019	   292.711
 446	112	 2.2302	 1.0471	   1.5193	        1.5202	          0.0010	   1.5885	3.609e-03	   0.028	   293.238
 447	112	 2.2302	 1.0463	   1.5193	        1.5202	          0.0010	   1.5548	3.328e-03	   0.028	   293.779
 448	112	 2.2306	 1.0470	   1.5193	        1.5202	          0.0010	   1.6787	3.576e-03	   0.026	   294.305
 449	113	 2.2308	 1.0476	   1.5193	        1.5202	          0.0010	   1.6677	3.807e-03	   0.027	   294.868
 450	113	 2.2303	 1.0468	   1.5193	        1.5202	          0.0010	   1.5441	3.513e-03	   0.032	   295.420
 451	113	 2.2299	 1.0464	   1.5193	        1.5202	          0.0010	   1.5813	3.378e-03	   0.033	   295.971
 452	113	 2.2305	 1.0467	   1.5193	        1.5202	          0.0010	   1.6489	3.482e-03	   0.025	   296.506
 453	114	 2.2291	 1.0458	   1.5193	        1.5202	          0.0010	   1.5245	3.145e-03	   0.022	   297.034
 454	114	 2.2290	 1.0465	   1.5193	        1.5202	          0.0010	   1.6765	3.410e-03	   0.026	   297.547
 455	114	 2.2292	 1.0466	   1.5193	        1.5202	          0.0010	   1.6283	3.445e-03	   0.026	   298.059
 456	114	 2.2300	 1.0468	   1.5193	        1.5202	          0.0010	   1.6342	3.494e-03	   0.025	   298.575
 457	115	 2.2298	 1.0476	   1.5193	        1.5202	          0.0010	   1.6867	3.800e-03	   0.025	   299.084
 458	115	 2.2293	 1.0474	   1.5193	        1.5202	          0.0010	   1.5882	3.736e-03	   0.024	   299.535
 459	115	 2.2295	 1.0479	   1.5193	        1.5202	          0.0010	   1.6539	3.904e-03	   0.020	   299.953
 460	115	 2.2294	 1.0474	   1.5193	        1.5202	          0.0010	   1.5782	3.723e-03	   0.019	   300.370
 461	116	 2.2295	 1.0475	   1.5193	        1.5202	          0.0010	   1.6227	3.751e-03	   0.025	   300.811
 462	116	 2.2294	 1.0466	   1.5193	        1.5202	          0.0010	   1.5468	3.437e-03	   0.018	   301.315
 463	116	 2.2297	 1.0472	   1.5193	        1.5202	          0.0010	   1.6621	3.636e-03	   0.024	   301.769
 464	116	 2.2294	 1.0474	   1.5193	        1.5202	          0.0010	   1.6328	3.723e-03	   0.025	   302.210
 465	117	 2.2299	 1.0474	   1.5193	        1.5202	          0.0010	   1.6213	3.711e-03	   0.024	   302.675
 466	117	 2.2291	 1.0471	   1.5193	        1.5202	          0.0010	   1.5907	3.619e-03	   0.020	   303.102
 467	117	 2.2287	 1.0468	   1.5193	        1.5202	          0.0010	   1.5830	3.496e-03	   0.023	   303.523
 468	117	 2.2298	 1.0472	   1.5193	        1.5202	          0.0010	   1.6589	3.647e-03	   0.021	   303.944
 469	118	 2.2292	 1.0469	   1.5193	        1.5202	          0.0010	   1.5809	3.533e-03	   0.018	   304.351
 470	118	 2.2292	 1.0470	   1.5193	        1.5202	          0.0010	   1.6281	3.569e-03	   0.021	   304.782
 471	118	 2.2301	 1.0468	   1.5193	        1.5202	          0.0010	   1.6132	3.493e-03	   0.023	   305.197
 472	118	 2.2298	 1.0474	   1.5193	        1.5202	          0.0010	   1.6563	3.714e-03	   0.022	   305.615
 473	119	 2.2309	 1.0475	   1.5193	        1.5202	          0.0010	   1.6344	3.768e-03	   0.021	   306.032
 474	119	 2.2313	 1.0473	   1.5193	        1.5202	          0.0010	   1.6023	3.687e-03	   0.023	   306.481
 475	119	 2.2303	 1.0468	   1.5193	        1.5202	          0.0010	   1.5626	3.499e-03	   0.024	   306.927
 476	119	 2.2303	 1.0471	   1.5193	        1.5202	          0.0010	   1.6481	3.626e-03	   0.018	   307.352
 477	120	 2.2303	 1.0468	   1.5193	        1.5202	          0.0010	   1.5891	3.523e-03	   0.024	   307.824
 478	120	 2.2298	 1.0471	   1.5193	        1.5202	          0.0010	   1.6346	3.617e-03	   0.023	   308.277
 479	120	 2.2303	 1.0473	   1.5193	        1.5202	          0.0010	   1.6465	3.701e-03	   0.022	   308.737
 480	120	 2.2306	 1.0468	   1.5193	        1.5202	          0.0010	   1.5725	3.513e-03	   0.025	   309.196
 481	121	 2.2296	 1.0463	   1.5193	        1.5202	          0.0010	   1.5549	3.317e-03	   0.027	   309.679
 482	121	 2.2295	 1.0462	   1.5193	        1.5202	          0.0010	   1.6142	3.309e-03	   0.023	   310.157
 483	121	 2.2303	 1.0458	   1.5193	        1.5202	          0.0010	   1.5938	3.160e-03	   0.018	   310.573
 484	121	 2.2304	 1.0467	   1.5193	        1.5202	          0.0010	   1.6858	3.462e-03	   0.024	   311.005
 485	122	 2.2296	 1.0473	   1.5193	        1.5202	          0.0010	   1.6690	3.704e-03	   0.023	   311.419
 486	122	 2.2293	 1.0464	   1.5193	        1.5202	          0.0010	   1.5300	3.366e-03	   0.022	   311.837
 487	122	 2.2295	 1.0471	   1.5193	        1.5202	          0.0010	   1.6737	3.604e-03	   0.021	   312.254
 488	122	 2.2297	 1.0471	   1.5193	        1.5202	          0.0010	   1.6241	3.625e-03	   0.025	   312.680
 489	123	 2.2285	 1.0471	   1.5193	        1.5202	          0.0010	   1.6055	3.604e-03	   0.021	   313.119
 490	123	 2.2278	 1.0474	   1.5193	        1.5202	          0.0010	   1.6390	3.726e-03	   0.018	   313.525
 491	123	 2.2299	 1.0473	   1.5193	        1.5202	          0.0010	   1.6272	3.686e-03	   0.027	   314.002
 492	123	 2.2298	 1.0472	   1.5193	        1.5202	          0.0010	   1.6010	3.639e-03	   0.025	   314.471
 493	124	 2.2294	 1.0471	   1.5193	        1.5202	          0.0010	   1.6064	3.618e-03	   0.024	   314.909
 494	124	 2.2302	 1.0471	   1.5193	        1.5202	          0.0010	   1.6328	3.629e-03	   0.021	   315.345
 495	124	 2.2301	 1.0469	   1.5193	        1.5202	          0.0010	   1.5949	3.549e-03	   0.023	   315.766
 496	124	 2.2297	 1.0472	   1.5193	        1.5202	          0.0010	   1.6347	3.668e-03	   0.021	   316.187
 497	125	 2.2298	 1.0465	   1.5193	        1.5202	          0.0010	   1.5472	3.389e-03	   0.017	   316.594
 498	125	 2.2305	 1.0470	   1.5193	        1.5202	          0.0010	   1.6795	3.585e-03	   0.024	   317.026
 499	125	 2.2303	 1.0469	   1.5193	        1.5202	          0.0010	   1.5930	3.539e-03	   0.023	   317.440
 500	125	 2.2302	 1.0469	   1.5193	        1.5202	          0.0010	   1.6153	3.529e-03	   0.022	   317.858
 501	126	 2.2298	 1.0460	   1.5193	        1.5202	          0.0010	   1.5371	3.210e-03	   0.020	   318.275
 502	126	 2.2300	 1.0461	   1.5193	        1.5202	          0.0010	   1.6332	3.268e-03	   0.024	   318.719
 503	126	 2.2312	 1.0463	   1.5193	        1.5202	          0.0010	   1.6440	3.322e-03	   0.023	   319.162
 504	126	 2.2310	 1.0461	   1.5193	        1.5202	          0.0010	   1.5937	3.252e-03	   0.020	   319.590
 505	127	 2.2306	 1.0461	   1.5193	        1.5202	          0.0010	   1.6076	3.276e-03	   0.027	   320.062
 506	127	 2.2304	 1.0463	   1.5193	        1.5202	          0.0010	   1.6262	3.321e-03	   0.023	   320.520
 507	127	 2.2301	 1.0465	   1.5193	        1.5202	          0.0010	   1.6321	3.393e-03	   0.022	   320.976
 508	127	 2.2297	 1.0462	   1.5193	        1.5202	          0.0010	   1.5831	3.279e-03	   0.023	   321.415
 509	128	 2.2287	 1.0463	   1.5193	        1.5202	          0.0010	   1.6197	3.331e-03	   0.023	   321.847
 510	128	 2.2293	 1.0462	   1.5193	        1.5202	          0.0010	   1.6188	3.289e-03	   0.022	   322.268
 511	128	 2.2293	 1.0451	   1.5193	        1.5202	          0.0010	   1.5073	2.921e-03	   0.018	   322.674
 512	128	 2.2306	 1.0455	   1.5193	        1.5202	          0.0010	   1.6647	3.047e-03	   0.024	   323.106
 513	129	 2.2306	 1.0453	   1.5193	        1.5202	          0.0010	   1.6006	3.004e-03	   0.022	   323.520
 514	129	 2.2301	 1.0453	   1.5193	        1.5202	          0.0010	   1.6101	2.988e-03	   0.022	   323.938
 515	129	 2.2307	 1.0460	   1.5193	        1.5202	          0.0010	   1.6829	3.236e-03	   0.021	   324.355
 516	129	 2.2299	 1.0456	   1.5193	        1.5202	          0.0010	   1.5670	3.076e-03	   0.023	   324.777
 517	130	 2.2290	 1.0451	   1.5193	        1.5202	          0.0010	   1.5674	2.939e-03	   0.021	   325.220
 518	130	 2.2284	 1.0448	   1.5193	        1.5202	          0.0010	   1.5791	2.842e-03	   0.017	   325.627
 519	130	 2.2290	 1.0457	   1.5193	        1.5202	          0.0010	   1.7021	3.117e-03	   0.026	   326.099
 520	130	 2.2292	 1.0457	   1.5193	        1.5202	          0.0010	   1.6247	3.138e-03	   0.025	   326.552
 521	131	 2.2293	 1.0460	   1.5193	        1.5202	          0.0010	   1.6438	3.230e-03	   0.022	   326.973
 522	131	 2.2283	 1.0462	   1.5193	        1.5202	          0.0010	   1.6161	3.298e-03	   0.021	   327.413
 523	131	 2.2285	 1.0462	   1.5193	        1.5202	          0.0010	   1.6237	3.303e-03	   0.023	   327.834
 524	131	 2.2293	 1.0456	   1.5193	        1.5202	          0.0010	   1.5653	3.077e-03	   0.021	   328.256
 525	132	 2.2294	 1.0460	   1.5193	        1.5202	          0.0010	   1.6546	3.232e-03	   0.017	   328.662
 526	132	 2.2292	 1.0469	   1.5193	        1.5202	          0.0010	   1.7016	3.558e-03	   0.024	   329.093
 527	132	 2.2285	 1.0465	   1.5193	        1.5202	          0.0010	   1.5686	3.409e-03	   0.023	   329.508
 528	132	 2.2282	 1.0459	   1.5193	        1.5202	          0.0010	   1.5553	3.198e-03	   0.022	   329.926
 529	133	 2.2287	 1.0455	   1.5193	        1.5202	          0.0010	   1.5827	3.058e-03	   0.020	   330.343
 530	133	 2.2286	 1.0457	   1.5193	        1.5202	          0.0010	   1.6245	3.134e-03	   0.023	   330.780
 531	133	 2.2291	 1.0457	   1.5193	        1.5202	          0.0010	   1.6290	3.130e-03	   0.021	   331.225
 532	133	 2.2287	 1.0457	   1.5193	        1.5202	          0.0010	   1.6064	3.110e-03	   0.020	   331.649
 533	134	 2.2286	 1.0453	   1.5193	        1.5202	          0.0010	   1.5851	2.988e-03	   0.029	   332.132
 534	134	 2.2284	 1.0455	   1.5193	        1.5202	          0.0010	   1.6238	3.050e-03	   0.030	   332.694
 535	134	 2.2286	 1.0457	   1.5193	        1.5202	          0.0010	   1.6337	3.119e-03	   0.027	   333.261
 536	134	 2.2290	 1.0456	   1.5193	        1.5202	          0.0010	   1.6136	3.093e-03	   0.023	   333.784
 537	135	 2.2298	 1.0457	   1.5193	        1.5202	          0.0010	   1.6344	3.120e-03	   0.023	   334.255
 538	135	 2.2295	 1.0455	   1.5193	        1.5202	          0.0010	   1.5930	3.049e-03	   0.021	   334.677
 539	135	 2.2294	 1.0455	   1.5193	        1.5202	          0.0010	   1.6238	3.069e-03	   0.018	   335.083
 540	135	 2.2291	 1.0452	   1.5193	        1.5202	          0.0010	   1.5719	2.954e-03	   0.024	   335.515
 541	136	 2.2293	 1.0452	   1.5193	        1.5202	          0.0010	   1.6220	2.969e-03	   0.023	   335.929
 542	136	 2.2297	 1.0454	   1.5193	        1.5202	          0.0010	   1.6383	3.014e-03	   0.022	   336.347
 543	136	 2.2295	 1.0455	   1.5193	        1.5202	          0.0010	   1.6294	3.070e-03	   0.020	   336.764
 544	136	 2.2289	 1.0452	   1.5193	        1.5202	          0.0010	   1.5690	2.952e-03	   0.023	   337.185
 545	137	 2.2284	 1.0453	   1.5193	        1.5202	          0.0010	   1.6207	2.979e-03	   0.023	   337.631
 546	137	 2.2283	 1.0452	   1.5193	        1.5202	          0.0010	   1.6040	2.972e-03	   0.018	   338.074
 547	137	 2.2285	 1.0455	   1.5193	        1.5202	          0.0010	   1.6392	3.045e-03	   0.028	   338.537
 548	137	 2.2284	 1.0454	   1.5193	        1.5202	          0.0010	   1.6097	3.017e-03	   0.025	   338.987
 549	138	 2.2289	 1.0459	   1.5193	        1.5202	          0.0010	   1.6802	3.200e-03	   0.022	   339.415
 550	138	 2.2283	 1.0462	   1.5193	        1.5202	          0.0010	   1.6303	3.300e-03	   0.020	   339.854
 551	138	 2.2287	 1.0460	   1.5193	        1.5202	          0.0010	   1.6092	3.236e-03	   0.023	   340.275
 552	138	 2.2278	 1.0455	   1.5193	        1.5202	          0.0010	   1.5524	3.073e-03	   0.021	   340.697
 553	139	 2.2268	 1.0453	   1.5193	        1.5202	          0.0010	   1.5759	2.990e-03	   0.017	   341.103
 554	139	 2.2271	 1.0456	   1.5193	        1.5202	          0.0010	   1.6511	3.100e-03	   0.024	   341.535
 555	139	 2.2262	 1.0459	   1.5193	        1.5202	          0.0010	   1.6344	3.194e-03	   0.020	   341.945
 556	139	 2.2269	 1.0460	   1.5193	        1.5202	          0.0010	   1.6326	3.225e-03	   0.023	   342.354
 557	140	 2.2263	 1.0456	   1.5193	        1.5202	          0.0010	   1.5668	3.088e-03	   0.022	   342.777
 558	140	 2.2261	 1.0459	   1.5193	        1.5202	          0.0010	   1.6454	3.198e-03	   0.024	   343.207
 559	140	 2.2265	 1.0463	   1.5193	        1.5202	          0.0010	   1.6641	3.341e-03	   0.022	   343.655
 560	140	 2.2268	 1.0465	   1.5193	        1.5202	          0.0010	   1.6312	3.400e-03	   0.017	   344.079
 561	141	 2.2270	 1.0471	   1.5193	        1.5202	          0.0010	   1.6831	3.620e-03	   0.024	   344.536
 562	141	 2.2268	 1.0465	   1.5193	        1.5202	          0.0010	   1.5504	3.384e-03	   0.024	   345.001
 563	141	 2.2268	 1.0471	   1.5193	        1.5202	          0.0010	   1.6819	3.609e-03	   0.027	   345.459
 564	141	 2.2264	 1.0467	   1.5193	        1.5202	          0.0010	   1.5599	3.462e-03	   0.022	   345.912
 565	142	 2.2261	 1.0467	   1.5193	        1.5202	          0.0010	   1.6080	3.466e-03	   0.022	   346.345
 566	142	 2.2256	 1.0463	   1.5193	        1.5202	          0.0010	   1.5657	3.320e-03	   0.021	   346.766
 567	142	 2.2254	 1.0468	   1.5193	        1.5202	          0.0010	   1.6697	3.509e-03	   0.017	   347.175
 568	142	 2.2259	 1.0470	   1.5193	        1.5202	          0.0010	   1.6512	3.591e-03	   0.023	   347.604
 569	143	 2.2255	 1.0470	   1.5193	        1.5202	          0.0010	   1.6072	3.563e-03	   0.021	   348.018
 570	143	 2.2250	 1.0472	   1.5193	        1.5202	          0.0010	   1.6269	3.630e-03	   0.023	   348.434
 571	143	 2.2267	 1.0466	   1.5193	        1.5202	          0.0010	   1.5765	3.423e-03	   0.022	   348.857
 572	143	 2.2264	 1.0470	   1.5193	        1.5202	          0.0010	   1.6485	3.560e-03	   0.020	   349.258
 573	144	 2.2264	 1.0467	   1.5193	        1.5202	          0.0010	   1.5943	3.482e-03	   0.024	   349.689
 574	144	 2.2263	 1.0465	   1.5193	        1.5202	          0.0010	   1.5949	3.402e-03	   0.017	   350.102
 575	144	 2.2256	 1.0474	   1.5193	        1.5202	          0.0010	   1.6974	3.723e-03	   0.025	   350.508
 576	144	 2.2261	 1.0473	   1.5193	        1.5202	          0.0010	   1.6062	3.688e-03	   0.023	   350.910
 577	145	 2.2261	 1.0469	   1.5193	        1.5202	          0.0010	   1.5802	3.552e-03	   0.023	   351.312
 578	145	 2.2258	 1.0467	   1.5193	        1.5202	          0.0010	   1.5807	3.461e-03	   0.025	   351.726
 579	145	 2.2263	 1.0469	   1.5193	        1.5202	          0.0010	   1.6529	3.540e-03	   0.022	   352.115
 580	145	 2.2264	 1.0471	   1.5193	        1.5202	          0.0010	   1.6366	3.630e-03	   0.021	   352.506
 581	146	 2.2264	 1.0475	   1.5193	        1.5202	          0.0010	   1.6519	3.764e-03	   0.017	   352.885
 582	146	 2.2259	 1.0477	   1.5193	        1.5202	          0.0010	   1.6304	3.822e-03	   0.023	   353.283
 583	146	 2.2261	 1.0476	   1.5193	        1.5202	          0.0010	   1.6097	3.789e-03	   0.021	   353.667
 584	146	 2.2261	 1.0471	   1.5193	        1.5202	          0.0010	   1.5590	3.596e-03	   0.023	   354.046
 585	147	 2.2264	 1.0473	   1.5193	        1.5202	          0.0010	   1.6360	3.685e-03	   0.024	   354.438
 586	147	 2.2270	 1.0471	   1.5193	        1.5202	          0.0010	   1.6078	3.618e-03	   0.023	   354.836
 587	147	 2.2262	 1.0477	   1.5193	        1.5202	          0.0010	   1.6616	3.813e-03	   0.021	   355.253
 588	147	 2.2260	 1.0474	   1.5193	        1.5202	          0.0010	   1.5916	3.713e-03	   0.022	   355.702
 589	148	 2.2259	 1.0474	   1.5193	        1.5202	          0.0010	   1.6227	3.737e-03	   0.028	   356.195
 590	148	 2.2266	 1.0473	   1.5193	        1.5202	          0.0010	   1.6113	3.684e-03	   0.025	   356.641
 591	148	 2.2263	 1.0474	   1.5193	        1.5202	          0.0010	   1.6077	3.710e-03	   0.027	   357.062
 592	148	 2.2264	 1.0472	   1.5193	        1.5202	          0.0010	   1.5986	3.634e-03	   0.024	   357.494
 593	149	 2.2260	 1.0468	   1.5193	        1.5202	          0.0010	   1.5748	3.502e-03	   0.021	   357.902
 594	149	 2.2267	 1.0471	   1.5193	        1.5202	          0.0010	   1.6514	3.610e-03	   0.019	   358.289
 595	149	 2.2265	 1.0468	   1.5193	        1.5202	          0.0010	   1.5728	3.490e-03	   0.018	   358.671
 596	149	 2.2260	 1.0469	   1.5193	        1.5202	          0.0010	   1.6304	3.526e-03	   0.024	   359.069
 597	150	 2.2253	 1.0469	   1.5193	        1.5202	          0.0010	   1.6149	3.538e-03	   0.022	   359.452
 598	150	 2.2270	 1.0466	   1.5193	        1.5202	          0.0010	   1.6015	3.422e-03	   0.023	   359.840
 599	150	 2.2271	 1.0466	   1.5193	        1.5202	          0.0010	   1.6170	3.424e-03	   0.024	   360.232
 600	150	 2.2265	 1.0467	   1.5193	        1.5202	          0.0010	   1.6254	3.482e-03	   0.023	   360.641
 601	151	 2.2265	 1.0468	   1.5193	        1.5202	          0.0010	   1.6248	3.523e-03	   0.023	   361.079
 602	151	 2.2267	 1.0473	   1.5193	        1.5202	          0.0010	   1.6654	3.692e-03	   0.018	   361.481
 603	151	 2.2264	 1.0472	   1.5193	        1.5202	          0.0010	   1.6024	3.661e-03	   0.023	   361.878
 604	151	 2.2270	 1.0465	   1.5193	        1.5202	          0.0010	   1.5513	3.388e-03	   0.022	   362.284
 605	152	 2.2268	 1.0467	   1.5193	        1.5202	          0.0010	   1.6318	3.459e-03	   0.022	   362.694
 606	152	 2.2270	 1.0467	   1.5193	        1.5202	          0.0010	   1.6270	3.485e-03	   0.026	   363.098
 607	152	 2.2266	 1.0467	   1.5193	        1.5202	          0.0010	   1.6022	3.467e-03	   0.021	   363.494
 608	152	 2.2266	 1.0463	   1.5193	        1.5202	          0.0010	   1.5816	3.339e-03	   0.018	   363.882
 609	153	 2.2267	 1.0470	   1.5193	        1.5202	          0.0010	   1.6889	3.579e-03	   0.018	   364.264
 610	153	 2.2262	 1.0467	   1.5193	        1.5202	          0.0010	   1.5797	3.478e-03	   0.023	   364.662
 611	153	 2.2263	 1.0464	   1.5193	        1.5202	          0.0010	   1.5737	3.354e-03	   0.022	   365.045
 612	153	 2.2262	 1.0462	   1.5193	        1.5202	          0.0010	   1.5961	3.298e-03	   0.023	   365.433
 613	154	 2.2255	 1.0460	   1.5193	        1.5202	          0.0010	   1.5812	3.239e-03	   0.023	   365.825
 614	154	 2.2263	 1.0457	   1.5193	        1.5202	          0.0010	   1.5965	3.134e-03	   0.023	   366.215
 615	154	 2.2259	 1.0454	   1.5193	        1.5202	          0.0010	   1.5793	3.024e-03	   0.019	   366.633
 616	154	 2.2259	 1.0461	   1.5193	        1.5202	          0.0010	   1.6874	3.262e-03	   0.018	   367.036
 617	155	 2.2255	 1.0460	   1.5193	        1.5202	          0.0010	   1.6026	3.235e-03	   0.025	   367.454
 618	155	 2.2262	 1.0459	   1.5193	        1.5202	          0.0010	   1.6062	3.183e-03	   0.022	   367.873
 619	155	 2.2251	 1.0459	   1.5193	        1.5202	          0.0010	   1.6052	3.186e-03	   0.023	   368.299
 620	155	 2.2253	 1.0461	   1.5193	        1.5202	          0.0010	   1.6399	3.263e-03	   0.024	   368.734
 621	156	 2.2251	 1.0462	   1.5193	        1.5202	          0.0010	   1.6215	3.296e-03	   0.023	   369.144
 622	156	 2.2248	 1.0465	   1.5193	        1.5202	          0.0010	   1.6341	3.393e-03	   0.018	   369.535
 623	156	 2.2248	 1.0469	   1.5193	        1.5202	          0.0010	   1.6718	3.546e-03	   0.018	   369.916
 624	156	 2.2250	 1.0463	   1.5193	        1.5202	          0.0010	   1.5528	3.335e-03	   0.023	   370.314
 625	157	 2.2251	 1.0458	   1.5193	        1.5202	          0.0010	   1.5586	3.152e-03	   0.022	   370.697
 626	157	 2.2249	 1.0457	   1.5193	        1.5202	          0.0010	   1.6091	3.133e-03	   0.022	   371.084
 627	157	 2.2255	 1.0460	   1.5193	        1.5202	          0.0010	   1.6450	3.209e-03	   0.023	   371.477
 628	157	 2.2253	 1.0463	   1.5193	        1.5202	          0.0010	   1.6541	3.346e-03	   0.023	   371.888
 629	158	 2.2250	 1.0461	   1.5193	        1.5202	          0.0010	   1.5776	3.246e-03	   0.021	   372.302
 630	158	 2.2244	 1.0463	   1.5193	        1.5202	          0.0010	   1.6321	3.318e-03	   0.018	   372.694
 631	158	 2.2251	 1.0460	   1.5193	        1.5202	          0.0010	   1.5974	3.239e-03	   0.024	   373.091
 632	158	 2.2252	 1.0460	   1.5193	        1.5202	          0.0010	   1.6171	3.236e-03	   0.022	   373.497
 633	159	 2.2251	 1.0464	   1.5193	        1.5202	          0.0010	   1.6469	3.348e-03	   0.023	   373.907
 634	159	 2.2245	 1.0465	   1.5193	        1.5202	          0.0010	   1.6168	3.386e-03	   0.026	   374.303
 635	159	 2.2247	 1.0463	   1.5193	        1.5202	          0.0010	   1.5979	3.334e-03	   0.021	   374.707
 636	159	 2.2249	 1.0462	   1.5193	        1.5202	          0.0010	   1.6197	3.307e-03	   0.018	   375.095
 637	160	 2.2244	 1.0459	   1.5193	        1.5202	          0.0010	   1.5723	3.207e-03	   0.018	   375.477
 638	160	 2.2247	 1.0458	   1.5193	        1.5202	          0.0010	   1.6046	3.171e-03	   0.023	   375.874
 639	160	 2.2251	 1.0459	   1.5193	        1.5202	          0.0010	   1.6400	3.198e-03	   0.024	   376.260
 640	160	 2.2246	 1.0462	   1.5193	        1.5202	          0.0010	   1.6229	3.278e-03	   0.027	   376.692
 641	161	 2.2243	 1.0461	   1.5193	        1.5202	          0.0010	   1.5974	3.246e-03	   0.030	   377.179
 642	161	 2.2243	 1.0455	   1.5193	        1.5202	          0.0010	   1.5615	3.064e-03	   0.028	   377.681
 643	161	 2.2239	 1.0460	   1.5193	        1.5202	          0.0010	   1.6593	3.208e-03	   0.022	   378.177
 644	161	 2.2244	 1.0458	   1.5193	        1.5202	          0.0010	   1.6083	3.161e-03	   0.020	   378.620
 645	162	 2.2248	 1.0460	   1.5193	        1.5202	          0.0010	   1.6511	3.240e-03	   0.026	   379.036
 646	162	 2.2250	 1.0459	   1.5193	        1.5202	          0.0010	   1.5938	3.178e-03	   0.024	   379.456
 647	162	 2.2245	 1.0458	   1.5193	        1.5202	          0.0010	   1.6100	3.172e-03	   0.023	   379.885
 648	162	 2.2243	 1.0461	   1.5193	        1.5202	          0.0010	   1.6391	3.252e-03	   0.024	   380.315
 649	163	 2.2247	 1.0461	   1.5193	        1.5202	          0.0010	   1.6224	3.258e-03	   0.023	   380.723
 650	163	 2.2246	 1.0462	   1.5193	        1.5202	          0.0010	   1.6173	3.278e-03	   0.019	   381.121
 651	163	 2.2245	 1.0462	   1.5193	        1.5202	          0.0010	   1.6245	3.303e-03	   0.018	   381.503
 652	163	 2.2244	 1.0460	   1.5193	        1.5202	          0.0010	   1.5827	3.211e-03	   0.024	   381.901
 653	164	 2.2236	 1.0460	   1.5193	        1.5202	          0.0010	   1.5997	3.216e-03	   0.022	   382.284
 654	164	 2.2242	 1.0454	   1.5193	        1.5202	          0.0010	   1.5692	3.021e-03	   0.025	   382.674
 655	164	 2.2240	 1.0457	   1.5193	        1.5202	          0.0010	   1.6465	3.133e-03	   0.024	   383.102
 656	164	 2.2244	 1.0459	   1.5193	        1.5202	          0.0010	   1.6374	3.185e-03	   0.023	   383.510
 657	165	 2.2243	 1.0458	   1.5193	        1.5202	          0.0010	   1.5998	3.143e-03	   0.021	   383.913
 658	165	 2.2249	 1.0456	   1.5193	        1.5202	          0.0010	   1.6012	3.075e-03	   0.018	   384.313
 659	165	 2.2246	 1.0457	   1.5193	        1.5202	          0.0010	   1.6223	3.107e-03	   0.024	   384.710
 660	165	 2.2241	 1.0462	   1.5193	        1.5202	          0.0010	   1.6678	3.282e-03	   0.023	   385.116
 661	166	 2.2236	 1.0462	   1.5193	        1.5202	          0.0010	   1.6169	3.306e-03	   0.025	   385.522
 662	166	 2.2239	 1.0463	   1.5193	        1.5202	          0.0010	   1.6306	3.327e-03	   0.024	   385.918
 663	166	 2.2239	 1.0463	   1.5193	        1.5202	          0.0010	   1.6098	3.324e-03	   0.021	   386.327
 664	166	 2.2239	 1.0460	   1.5193	        1.5202	          0.0010	   1.5772	3.215e-03	   0.019	   386.715
 665	167	 2.2236	 1.0460	   1.5193	        1.5202	          0.0010	   1.6095	3.223e-03	   0.018	   387.097
 666	167	 2.2235	 1.0464	   1.5193	        1.5202	          0.0010	   1.6602	3.352e-03	   0.024	   387.494
 667	167	 2.2235	 1.0467	   1.5193	        1.5202	          0.0010	   1.6616	3.482e-03	   0.022	   387.878
 668	167	 2.2233	 1.0461	   1.5193	        1.5202	          0.0010	   1.5264	3.243e-03	   0.023	   388.265
 669	168	 2.2234	 1.0461	   1.5193	        1.5202	          0.0010	   1.6328	3.259e-03	   0.023	   388.657
 670	168	 2.2235	 1.0461	   1.5193	        1.5202	          0.0010	   1.6157	3.270e-03	   0.021	   389.043
 671	168	 2.2238	 1.0461	   1.5193	        1.5202	          0.0010	   1.6105	3.250e-03	   0.019	   389.454
 672	168	 2.2233	 1.0461	   1.5193	        1.5202	          0.0010	   1.6079	3.250e-03	   0.020	   389.858
 673	169	 2.2235	 1.0466	   1.5193	        1.5202	          0.0010	   1.6806	3.440e-03	   0.026	   390.274
 674	169	 2.2238	 1.0464	   1.5193	        1.5202	          0.0010	   1.5926	3.356e-03	   0.026	   390.691
 675	169	 2.2234	 1.0458	   1.5193	        1.5202	          0.0010	   1.5476	3.167e-03	   0.023	   391.125
 676	169	 2.2232	 1.0458	   1.5193	        1.5202	          0.0010	   1.6083	3.159e-03	   0.024	   391.555
 677	170	 2.2229	 1.0453	   1.5193	        1.5202	          0.0010	   1.5443	2.979e-03	   0.021	   391.964
 678	170	 2.2224	 1.0449	   1.5193	        1.5202	          0.0010	   1.5638	2.874e-03	   0.019	   392.367
 679	170	 2.2224	 1.0455	   1.5193	        1.5202	          0.0010	   1.6891	3.057e-03	   0.018	   392.749
 680	170	 2.2230	 1.0456	   1.5193	        1.5202	          0.0010	   1.6371	3.099e-03	   0.024	   393.146
 681	171	 2.2235	 1.0457	   1.5193	        1.5202	          0.0010	   1.6364	3.129e-03	   0.022	   393.529
 682	171	 2.2237	 1.0458	   1.5193	        1.5202	          0.0010	   1.6306	3.155e-03	   0.025	   393.921
 683	171	 2.2233	 1.0458	   1.5193	        1.5202	          0.0010	   1.5967	3.152e-03	   0.024	   394.348
 684	171	 2.2230	 1.0459	   1.5193	        1.5202	          0.0010	   1.6374	3.207e-03	   0.021	   394.734
 685	172	 2.2235	 1.0462	   1.5193	        1.5202	          0.0010	   1.6553	3.281e-03	   0.019	   395.122
 686	172	 2.2234	 1.0461	   1.5193	        1.5202	          0.0010	   1.5999	3.247e-03	   0.018	   395.526
 687	172	 2.2237	 1.0466	   1.5193	        1.5202	          0.0010	   1.6847	3.432e-03	   0.024	   395.924
 688	172	 2.2229	 1.0459	   1.5193	        1.5202	          0.0010	   1.5219	3.204e-03	   0.024	   396.323
 689	173	 2.2226	 1.0454	   1.5193	        1.5202	          0.0010	   1.5433	3.019e-03	   0.025	   396.729
 690	173	 2.2226	 1.0458	   1.5193	        1.5202	          0.0010	   1.6754	3.163e-03	   0.024	   397.131
 691	173	 2.2223	 1.0460	   1.5193	        1.5202	          0.0010	   1.6404	3.240e-03	   0.021	   397.540
 692	173	 2.2232	 1.0459	   1.5193	        1.5202	          0.0010	   1.5987	3.175e-03	   0.019	   397.928
 693	174	 2.2240	 1.0464	   1.5193	        1.5202	          0.0010	   1.7062	3.368e-03	   0.018	   398.310
 694	174	 2.2234	 1.0465	   1.5193	        1.5202	          0.0010	   1.6018	3.392e-03	   0.024	   398.707
 695	174	 2.2233	 1.0463	   1.5193	        1.5202	          0.0010	   1.5952	3.329e-03	   0.024	   399.122
 696	174	 2.2225	 1.0459	   1.5193	        1.5202	          0.0010	   1.5520	3.187e-03	   0.026	   399.586
 697	175	 2.2227	 1.0456	   1.5193	        1.5202	          0.0010	   1.5898	3.100e-03	   0.023	   400.013
 698	175	 2.2230	 1.0456	   1.5193	        1.5202	          0.0010	   1.6223	3.095e-03	   0.021	   400.398
 699	175	 2.2223	 1.0457	   1.5193	        1.5202	          0.0010	   1.6071	3.115e-03	   0.019	   400.803
 700	175	 2.2228	 1.0460	   1.5193	        1.5202	          0.0010	   1.6575	3.219e-03	   0.018	   401.208
 701	176	 2.2233	 1.0457	   1.5193	        1.5202	          0.0010	   1.5913	3.122e-03	   0.024	   401.620
 702	176	 2.2226	 1.0456	   1.5193	        1.5202	          0.0010	   1.5910	3.095e-03	   0.024	   402.036
 703	176	 2.2227	 1.0457	   1.5193	        1.5202	          0.0010	   1.6330	3.137e-03	   0.024	   402.474
 704	176	 2.2228	 1.0460	   1.5193	        1.5202	          0.0010	   1.6457	3.235e-03	   0.028	   402.902
 705	177	 2.2228	 1.0456	   1.5193	        1.5202	          0.0010	   1.5716	3.095e-03	   0.021	   403.318
 706	177	 2.2227	 1.0461	   1.5193	        1.5202	          0.0010	   1.6771	3.272e-03	   0.019	   403.722
 707	177	 2.2223	 1.0460	   1.5193	        1.5202	          0.0010	   1.5926	3.226e-03	   0.018	   404.104
 708	177	 2.2225	 1.0462	   1.5193	        1.5202	          0.0010	   1.6286	3.278e-03	   0.024	   404.501
 709	178	 2.2224	 1.0466	   1.5193	        1.5202	          0.0010	   1.6639	3.431e-03	   0.024	   404.907
 710	178	 2.2217	 1.0466	   1.5193	        1.5202	          0.0010	   1.6104	3.448e-03	   0.025	   405.326
 711	178	 2.2218	 1.0463	   1.5193	        1.5202	          0.0010	   1.5659	3.318e-03	   0.024	   405.735
 712	178	 2.2220	 1.0460	   1.5193	        1.5202	          0.0010	   1.5891	3.214e-03	   0.021	   406.121
 713	179	 2.2226	 1.0459	   1.5193	        1.5202	          0.0010	   1.6202	3.199e-03	   0.019	   406.509
 714	179	 2.2227	 1.0461	   1.5193	        1.5202	          0.0010	   1.6386	3.274e-03	   0.018	   406.913
 715	179	 2.2224	 1.0460	   1.5193	        1.5202	          0.0010	   1.5903	3.216e-03	   0.024	   407.311
 716	179	 2.2221	 1.0458	   1.5193	        1.5202	          0.0010	   1.5913	3.161e-03	   0.024	   407.703
 717	180	 2.2219	 1.0457	   1.5193	        1.5202	          0.0010	   1.5964	3.133e-03	   0.025	   408.108
 718	180	 2.2217	 1.0456	   1.5193	        1.5202	          0.0010	   1.5947	3.101e-03	   0.024	   408.519
 719	180	 2.2214	 1.0460	   1.5193	        1.5202	          0.0010	   1.6637	3.231e-03	   0.023	   408.923
 720	180	 2.2218	 1.0460	   1.5193	        1.5202	          0.0010	   1.6210	3.217e-03	   0.019	   409.315
 721	181	 2.2213	 1.0456	   1.5193	        1.5202	          0.0010	   1.5576	3.088e-03	   0.018	   409.697
 722	181	 2.2215	 1.0453	   1.5193	        1.5202	          0.0010	   1.5872	2.997e-03	   0.024	   410.094
 723	181	 2.2217	 1.0456	   1.5193	        1.5202	          0.0010	   1.6487	3.088e-03	   0.022	   410.478
 724	181	 2.2211	 1.0460	   1.5193	        1.5202	          0.0010	   1.6615	3.227e-03	   0.023	   410.865
 725	182	 2.2208	 1.0459	   1.5193	        1.5202	          0.0010	   1.5940	3.178e-03	   0.023	   411.257
 726	182	 2.2211	 1.0462	   1.5193	        1.5202	          0.0010	   1.6637	3.299e-03	   0.021	   411.643
 727	182	 2.2208	 1.0462	   1.5193	        1.5202	          0.0010	   1.6179	3.308e-03	   0.021	   412.043
 728	182	 2.2212	 1.0461	   1.5193	        1.5202	          0.0010	   1.5973	3.245e-03	   0.018	   412.452
 729	183	 2.2209	 1.0461	   1.5193	        1.5202	          0.0010	   1.6076	3.244e-03	   0.023	   412.865
 730	183	 2.2214	 1.0464	   1.5193	        1.5202	          0.0010	   1.6649	3.358e-03	   0.024	   413.275
 731	183	 2.2209	 1.0460	   1.5193	        1.5202	          0.0010	   1.5514	3.221e-03	   0.025	   413.706
 732	183	 2.2209	 1.0460	   1.5193	        1.5202	          0.0010	   1.6224	3.228e-03	   0.028	   414.132
 733	184	 2.2206	 1.0459	   1.5193	        1.5202	          0.0010	   1.5952	3.192e-03	   0.022	   414.558
 734	184	 2.2205	 1.0460	   1.5193	        1.5202	          0.0010	   1.6314	3.235e-03	   0.019	   414.967
 735	184	 2.2206	 1.0463	   1.5193	        1.5202	          0.0010	   1.6481	3.324e-03	   0.018	   415.348
 736	184	 2.2205	 1.0463	   1.5193	        1.5202	          0.0010	   1.6256	3.336e-03	   0.024	   415.746
 737	185	 2.2207	 1.0465	   1.5193	        1.5202	          0.0010	   1.6415	3.405e-03	   0.024	   416.154
 738	185	 2.2206	 1.0463	   1.5193	        1.5202	          0.0010	   1.5882	3.336e-03	   0.023	   416.555
 739	185	 2.2204	 1.0460	   1.5193	        1.5202	          0.0010	   1.5711	3.236e-03	   0.024	   416.948
 740	185	 2.2205	 1.0466	   1.5193	        1.5202	          0.0010	   1.7014	3.445e-03	   0.021	   417.334
 741	186	 2.2207	 1.0471	   1.5193	        1.5202	          0.0010	   1.6919	3.606e-03	   0.019	   417.722
 742	186	 2.2205	 1.0472	   1.5193	        1.5202	          0.0010	   1.6146	3.641e-03	   0.020	   418.122
 743	186	 2.2206	 1.0469	   1.5193	        1.5202	          0.0010	   1.5777	3.547e-03	   0.024	   418.523
 744	186	 2.2204	 1.0469	   1.5193	        1.5202	          0.0010	   1.6073	3.538e-03	   0.022	   418.906
 745	187	 2.2203	 1.0467	   1.5193	        1.5202	          0.0010	   1.5872	3.480e-03	   0.023	   419.316
 746	187	 2.2203	 1.0471	   1.5193	        1.5202	          0.0010	   1.6593	3.610e-03	   0.024	   419.731
 747	187	 2.2204	 1.0470	   1.5193	        1.5202	          0.0010	   1.6049	3.557e-03	   0.025	   420.165
 748	187	 2.2199	 1.0470	   1.5193	        1.5202	          0.0010	   1.6201	3.586e-03	   0.023	   420.637
 749	188	 2.2202	 1.0476	   1.5193	        1.5202	          0.0010	   1.6947	3.789e-03	   0.023	   421.137
 750	188	 2.2199	 1.0471	   1.5193	        1.5202	          0.0010	   1.5429	3.609e-03	   0.028	   421.607
 751	188	 2.2193	 1.0473	   1.5193	        1.5202	          0.0010	   1.6290	3.670e-03	   0.024	   422.024
 752	188	 2.2194	 1.0471	   1.5193	        1.5202	          0.0010	   1.6011	3.614e-03	   0.023	   422.419
 753	189	 2.2201	 1.0474	   1.5193	        1.5202	          0.0010	   1.6683	3.713e-03	   0.024	   422.811
 754	189	 2.2198	 1.0473	   1.5193	        1.5202	          0.0010	   1.5906	3.663e-03	   0.021	   423.197
 755	189	 2.2200	 1.0474	   1.5193	        1.5202	          0.0010	   1.6319	3.699e-03	   0.021	   423.589
 756	189	 2.2196	 1.0470	   1.5193	        1.5202	          0.0010	   1.5616	3.574e-03	   0.018	   424.001
 757	190	 2.2196	 1.0476	   1.5193	        1.5202	          0.0010	   1.6926	3.782e-03	   0.024	   424.419
 758	190	 2.2198	 1.0472	   1.5193	        1.5202	          0.0010	   1.5590	3.637e-03	   0.024	   424.823
 759	190	 2.2198	 1.0472	   1.5193	        1.5202	          0.0010	   1.6193	3.633e-03	   0.023	   425.246
 760	190	 2.2194	 1.0472	   1.5193	        1.5202	          0.0010	   1.6166	3.643e-03	   0.024	   425.677
 761	191	 2.2192	 1.0471	   1.5193	        1.5202	          0.0010	   1.6009	3.601e-03	   0.022	   426.105
 762	191	 2.2199	 1.0469	   1.5193	        1.5202	          0.0010	   1.5994	3.529e-03	   0.021	   426.517
 763	191	 2.2191	 1.0472	   1.5193	        1.5202	          0.0010	   1.6340	3.632e-03	   0.020	   426.904
 764	191	 2.2196	 1.0471	   1.5193	        1.5202	          0.0010	   1.6181	3.613e-03	   0.024	   427.338
 765	192	 2.2197	 1.0473	   1.5193	        1.5202	          0.0010	   1.6378	3.676e-03	   0.024	   427.743
 766	192	 2.2195	 1.0471	   1.5193	        1.5202	          0.0010	   1.6003	3.621e-03	   0.023	   428.141
 767	192	 2.2193	 1.0476	   1.5193	        1.5202	          0.0010	   1.6669	3.786e-03	   0.024	   428.534
 768	192	 2.2193	 1.0474	   1.5193	        1.5202	          0.0010	   1.5949	3.731e-03	   0.021	   428.920
 769	193	 2.2194	 1.0474	   1.5193	        1.5202	          0.0010	   1.6109	3.715e-03	   0.018	   429.307
 770	193	 2.2199	 1.0473	   1.5193	        1.5202	          0.0010	   1.6058	3.669e-03	   0.020	   429.702
 771	193	 2.2197	 1.0475	   1.5193	        1.5202	          0.0010	   1.6452	3.761e-03	   0.023	   430.109
 772	193	 2.2191	 1.0475	   1.5193	        1.5202	          0.0010	   1.6042	3.739e-03	   0.022	   430.492
 773	194	 2.2196	 1.0478	   1.5193	        1.5202	          0.0010	   1.6667	3.858e-03	   0.023	   430.902
 774	194	 2.2191	 1.0481	   1.5193	        1.5202	          0.0009	   1.6539	3.974e-03	   0.023	   431.317
 775	194	 2.2188	 1.0477	   1.5193	        1.5202	          0.0010	   1.5521	3.824e-03	   0.023	   431.707
 776	194	 2.2188	 1.0478	   1.5193	        1.5202	          0.0010	   1.6214	3.849e-03	   0.019	   432.114
 777	195	 2.2191	 1.0480	   1.5193	        1.5202	          0.0009	   1.6595	3.934e-03	   0.018	   432.495
 778	195	 2.2189	 1.0476	   1.5193	        1.5202	          0.0010	   1.5538	3.777e-03	   0.024	   432.892
 779	195	 2.2185	 1.0477	   1.5193	        1.5202	          0.0010	   1.6152	3.805e-03	   0.022	   433.276
 780	195	 2.2187	 1.0481	   1.5193	        1.5202	          0.0009	   1.6775	3.958e-03	   0.023	   433.663
 781	196	 2.2185	 1.0478	   1.5193	        1.5202	          0.0009	   1.5768	3.852e-03	   0.023	   434.056
 782	196	 2.2192	 1.0480	   1.5193	        1.5202	          0.0010	   1.6641	3.938e-03	   0.021	   434.442
 783	196	 2.2185	 1.0479	   1.5193	        1.5202	          0.0009	   1.5796	3.895e-03	   0.019	   434.830
 784	196	 2.2185	 1.0482	   1.5193	        1.5202	          0.0009	   1.6536	3.987e-03	   0.018	   435.240
 785	197	 2.2183	 1.0487	   1.5193	        1.5202	          0.0009	   1.6856	4.179e-03	   0.026	   435.660
 786	197	 2.2187	 1.0488	   1.5193	        1.5202	          0.0009	   1.6311	4.213e-03	   0.024	   436.063
 787	197	 2.2186	 1.0483	   1.5193	        1.5202	          0.0009	   1.5578	4.050e-03	   0.025	   436.486
 788	197	 2.2180	 1.0483	   1.5193	        1.5202	          0.0009	   1.6038	4.044e-03	   0.024	   436.921
 789	198	 2.2179	 1.0484	   1.5193	        1.5202	          0.0009	   1.6243	4.086e-03	   0.022	   437.344
 790	198	 2.2184	 1.0485	   1.5193	        1.5202	          0.0009	   1.6433	4.130e-03	   0.021	   437.754
 791	198	 2.2177	 1.0481	   1.5193	        1.5202	          0.0009	   1.5470	3.979e-03	   0.020	   438.151
 792	198	 2.2185	 1.0481	   1.5193	        1.5202	          0.0009	   1.6268	3.957e-03	   0.024	   438.582
 793	199	 2.2191	 1.0481	   1.5193	        1.5202	          0.0009	   1.6265	3.972e-03	   0.022	   438.965
 794	199	 2.2189	 1.0483	   1.5193	        1.5202	          0.0009	   1.6566	4.057e-03	   0.023	   439.353
 795	199	 2.2184	 1.0485	   1.5193	        1.5202	          0.0009	   1.6277	4.114e-03	   0.024	   439.745
 796	199	 2.2186	 1.0482	   1.5193	        1.5202	          0.0009	   1.5700	4.005e-03	   0.021	   440.131
 797	200	 2.2184	 1.0484	   1.5193	        1.5202	          0.0009	   1.6316	4.061e-03	   0.018	   440.519
 798	200	 2.2185	 1.0482	   1.5193	        1.5202	          0.0009	   1.5920	4.000e-03	   0.020	   440.905
 799	200	 2.2180	 1.0483	   1.5193	        1.5202	          0.0009	   1.6336	4.057e-03	   0.021	   441.300
 800	200	 2.2184	 1.0482	   1.5193	        1.5202	          0.0009	   1.6084	4.009e-03	   0.020	   441.651

[BSGD] Finished on device cuda -> σ_f² ≈ 2.2184, σ_ε² ≈ 1.0482
