[GPU 0][JOB 161] 'python cli.py bsgd --n 1024 --lengthscale 0.5 --sigma-f2-true 4.0 --sigma-eps2-true 1.0 --n-epochs 200 --device auto --theta-min 1e-4 --theta-max 20.0 --print-every 1 --seed 0 --batch-size 512 --sigma-f2-init 5.0 --sigma-eps2-init 3.0 --alpha1 6.0 '

=== BSGD (biased SGD on exact kernel) ===
iter	epoch	σ_f²	σ_ε²	real_nlml	real_nlml_true	real_nlml_abs_err	mini_nlml	||grad||	duration_s	wall_time_s
   1	 1	 4.6167	 2.4293	   1.6545	        1.5195	          0.1350	   1.7215	1.128e-01	   0.213	     0.300
   2	 1	 4.4006	 2.0781	   1.6140	        1.5195	          0.0945	   1.6352	1.154e-01	   0.068	     1.147
   3	 2	 4.2758	 1.8281	   1.5851	        1.5195	          0.0656	   1.5970	1.136e-01	   0.072	     1.937
   4	 2	 4.2033	 1.6851	   1.5690	        1.5195	          0.0495	   1.6488	1.098e-01	   0.073	     2.742
   5	 3	 4.1613	 1.5499	   1.5545	        1.5195	          0.0350	   1.5925	1.030e-01	   0.067	     3.556
   6	 3	 4.1053	 1.4618	   1.5456	        1.5195	          0.0262	   1.6136	9.623e-02	   0.070	     4.377
   7	 4	 4.0580	 1.3724	   1.5374	        1.5195	          0.0179	   1.5694	8.666e-02	   0.077	     5.189
   8	 4	 4.0437	 1.3210	   1.5331	        1.5195	          0.0136	   1.6054	7.957e-02	   0.077	     6.013
   9	 5	 4.0291	 1.2754	   1.5296	        1.5195	          0.0101	   1.5924	7.207e-02	   0.081	     6.831
  10	 5	 4.0024	 1.2235	   1.5261	        1.5195	          0.0066	   1.5531	6.189e-02	   0.073	     7.648
  11	 6	 4.0089	 1.1839	   1.5238	        1.5195	          0.0043	   1.5595	5.273e-02	   0.073	     8.467
  12	 6	 3.9729	 1.1641	   1.5228	        1.5195	          0.0033	   1.5865	4.761e-02	   0.081	     9.284
  13	 7	 3.9588	 1.1395	   1.5217	        1.5195	          0.0022	   1.5640	4.070e-02	   0.067	    10.095
  14	 7	 3.9413	 1.1294	   1.5213	        1.5195	          0.0018	   1.5869	3.769e-02	   0.086	    10.960
  15	 8	 3.9457	 1.1174	   1.5209	        1.5195	          0.0014	   1.5821	3.395e-02	   0.072	    11.818
  16	 8	 3.9218	 1.1036	   1.5204	        1.5195	          0.0009	   1.5661	2.944e-02	   0.071	    12.648
  17	 9	 3.9125	 1.0962	   1.5202	        1.5195	          0.0007	   1.5779	2.693e-02	   0.077	    13.463
  18	 9	 3.9130	 1.0764	   1.5197	        1.5195	          0.0002	   1.5406	1.986e-02	   0.070	    14.272
  19	10	 3.9124	 1.0772	   1.5197	        1.5195	          0.0002	   1.5984	2.016e-02	   0.071	    15.100
  20	10	 3.9012	 1.0624	   1.5195	        1.5195	          0.0000	   1.5347	1.453e-02	   0.074	    15.910
  21	11	 3.8870	 1.0664	   1.5195	        1.5195	          0.0000	   1.5982	1.607e-02	   0.072	    16.737
  22	11	 3.8854	 1.0560	   1.5194	        1.5195	          0.0001	   1.5467	1.199e-02	   0.075	    17.558
  23	12	 3.8766	 1.0533	   1.5193	        1.5195	          0.0002	   1.5743	1.090e-02	   0.071	    18.373
  24	12	 3.8694	 1.0530	   1.5193	        1.5195	          0.0002	   1.5776	1.075e-02	   0.070	    19.189
  25	13	 3.8575	 1.0529	   1.5193	        1.5195	          0.0002	   1.5792	1.071e-02	   0.075	    20.016
  26	13	 3.8534	 1.0501	   1.5193	        1.5195	          0.0002	   1.5694	9.587e-03	   0.072	    20.894
  27	14	 3.8523	 1.0476	   1.5193	        1.5195	          0.0002	   1.5696	8.547e-03	   0.086	    21.816
  28	14	 3.8429	 1.0470	   1.5193	        1.5195	          0.0002	   1.5756	8.322e-03	   0.074	    22.701
  29	15	 3.8438	 1.0488	   1.5193	        1.5195	          0.0002	   1.5928	9.047e-03	   0.074	    23.547
  30	15	 3.8350	 1.0451	   1.5192	        1.5195	          0.0003	   1.5576	7.527e-03	   0.063	    24.363
  31	16	 3.8337	 1.0501	   1.5193	        1.5195	          0.0002	   1.6050	9.596e-03	   0.073	    25.187
  32	16	 3.8244	 1.0427	   1.5192	        1.5195	          0.0003	   1.5367	6.513e-03	   0.074	    26.003
  33	17	 3.8203	 1.0428	   1.5192	        1.5195	          0.0003	   1.5796	6.541e-03	   0.066	    26.818
  34	17	 3.8245	 1.0384	   1.5192	        1.5195	          0.0003	   1.5555	4.674e-03	   0.080	    27.644
  35	18	 3.8238	 1.0388	   1.5192	        1.5195	          0.0003	   1.5830	4.842e-03	   0.079	    28.460
  36	18	 3.8171	 1.0345	   1.5192	        1.5195	          0.0003	   1.5429	3.052e-03	   0.077	    29.287
  37	19	 3.8166	 1.0297	   1.5192	        1.5195	          0.0003	   1.5457	1.133e-03	   0.083	    30.099
  38	19	 3.8121	 1.0328	   1.5192	        1.5195	          0.0003	   1.5914	2.321e-03	   0.070	    30.916
  39	20	 3.8094	 1.0345	   1.5192	        1.5195	          0.0003	   1.5874	3.045e-03	   0.076	    31.761
  40	20	 3.8064	 1.0327	   1.5191	        1.5195	          0.0003	   1.5591	2.267e-03	   0.081	    32.628
  41	21	 3.8109	 1.0354	   1.5192	        1.5195	          0.0003	   1.5958	3.420e-03	   0.067	    33.456
  42	21	 3.8028	 1.0302	   1.5191	        1.5195	          0.0004	   1.5337	1.287e-03	   0.083	    34.289
  43	22	 3.8018	 1.0289	   1.5191	        1.5195	          0.0004	   1.5614	9.016e-04	   0.058	    35.092
  44	22	 3.7963	 1.0301	   1.5191	        1.5195	          0.0004	   1.5798	1.247e-03	   0.077	    35.923
  45	23	 3.7969	 1.0294	   1.5191	        1.5195	          0.0004	   1.5673	1.021e-03	   0.071	    36.739
  46	23	 3.7939	 1.0299	   1.5191	        1.5195	          0.0004	   1.5770	1.170e-03	   0.070	    37.552
  47	24	 3.7955	 1.0273	   1.5191	        1.5195	          0.0004	   1.5566	8.111e-04	   0.074	    38.410
  48	24	 3.7918	 1.0289	   1.5191	        1.5195	          0.0004	   1.5808	8.871e-04	   0.075	    39.260
  49	25	 3.7896	 1.0300	   1.5191	        1.5195	          0.0004	   1.5823	1.213e-03	   0.075	    40.097
  50	25	 3.7905	 1.0273	   1.5191	        1.5195	          0.0004	   1.5493	8.140e-04	   0.070	    40.952
  51	26	 3.7853	 1.0216	   1.5191	        1.5195	          0.0004	   1.5236	2.943e-03	   0.083	    41.847
  52	26	 3.7878	 1.0255	   1.5191	        1.5195	          0.0004	   1.6006	1.330e-03	   0.085	    42.761
  53	27	 3.7868	 1.0265	   1.5191	        1.5195	          0.0004	   1.5787	9.686e-04	   0.078	    43.649
  54	27	 3.7837	 1.0258	   1.5191	        1.5195	          0.0004	   1.5633	1.197e-03	   0.077	    44.463
  55	28	 3.7819	 1.0243	   1.5191	        1.5195	          0.0004	   1.5553	1.788e-03	   0.078	    45.288
  56	28	 3.7821	 1.0261	   1.5191	        1.5195	          0.0004	   1.5901	1.112e-03	   0.075	    46.112
  57	29	 3.7802	 1.0236	   1.5191	        1.5195	          0.0004	   1.5460	2.059e-03	   0.074	    46.922
  58	29	 3.7780	 1.0255	   1.5191	        1.5195	          0.0004	   1.5880	1.292e-03	   0.058	    47.739
  59	30	 3.7745	 1.0262	   1.5191	        1.5195	          0.0004	   1.5706	1.057e-03	   0.075	    48.564
  60	30	 3.7750	 1.0253	   1.5191	        1.5195	          0.0004	   1.5655	1.397e-03	   0.065	    49.374
  61	31	 3.7691	 1.0246	   1.5191	        1.5195	          0.0004	   1.5586	1.649e-03	   0.072	    50.198
  62	31	 3.7709	 1.0255	   1.5191	        1.5195	          0.0004	   1.5823	1.288e-03	   0.079	    51.024
  63	32	 3.7681	 1.0251	   1.5191	        1.5195	          0.0004	   1.5626	1.463e-03	   0.072	    51.851
  64	32	 3.7664	 1.0266	   1.5191	        1.5195	          0.0004	   1.5862	9.365e-04	   0.086	    52.711
  65	33	 3.7635	 1.0255	   1.5191	        1.5195	          0.0004	   1.5550	1.302e-03	   0.076	    53.563
  66	33	 3.7637	 1.0272	   1.5191	        1.5195	          0.0004	   1.5938	7.893e-04	   0.070	    54.386
  67	34	 3.7635	 1.0266	   1.5191	        1.5195	          0.0004	   1.5648	9.324e-04	   0.073	    55.206
  68	34	 3.7633	 1.0271	   1.5191	        1.5195	          0.0004	   1.5776	8.067e-04	   0.074	    56.020
  69	35	 3.7616	 1.0318	   1.5191	        1.5195	          0.0004	   1.6296	1.892e-03	   0.071	    56.843
  70	35	 3.7598	 1.0279	   1.5191	        1.5195	          0.0004	   1.5206	7.237e-04	   0.070	    57.660
  71	36	 3.7602	 1.0277	   1.5191	        1.5195	          0.0004	   1.5712	7.308e-04	   0.066	    58.476
  72	36	 3.7584	 1.0277	   1.5191	        1.5195	          0.0004	   1.5703	7.261e-04	   0.080	    59.305
  73	37	 3.7570	 1.0264	   1.5191	        1.5195	          0.0004	   1.5498	9.921e-04	   0.073	    60.118
  74	37	 3.7551	 1.0285	   1.5191	        1.5195	          0.0004	   1.5989	7.687e-04	   0.084	    60.945
  75	38	 3.7541	 1.0300	   1.5191	        1.5195	          0.0004	   1.5914	1.189e-03	   0.078	    61.821
  76	38	 3.7526	 1.0292	   1.5191	        1.5195	          0.0004	   1.5602	9.065e-04	   0.097	    62.719
  77	39	 3.7499	 1.0275	   1.5191	        1.5195	          0.0004	   1.5444	7.321e-04	   0.078	    63.624
  78	39	 3.7510	 1.0289	   1.5191	        1.5195	          0.0004	   1.5961	8.347e-04	   0.061	    64.465
  79	40	 3.7508	 1.0294	   1.5191	        1.5195	          0.0004	   1.5809	9.645e-04	   0.081	    65.290
  80	40	 3.7495	 1.0292	   1.5191	        1.5195	          0.0004	   1.5673	9.096e-04	   0.064	    66.096
  81	41	 3.7502	 1.0300	   1.5191	        1.5195	          0.0004	   1.5851	1.159e-03	   0.079	    66.931
  82	41	 3.7483	 1.0283	   1.5191	        1.5195	          0.0004	   1.5449	7.249e-04	   0.074	    67.742
  83	42	 3.7473	 1.0280	   1.5191	        1.5195	          0.0004	   1.5686	7.080e-04	   0.070	    68.567
  84	42	 3.7458	 1.0280	   1.5191	        1.5195	          0.0004	   1.5701	7.056e-04	   0.077	    69.389
  85	43	 3.7472	 1.0269	   1.5191	        1.5195	          0.0004	   1.5582	8.355e-04	   0.070	    70.199
  86	43	 3.7448	 1.0274	   1.5191	        1.5195	          0.0004	   1.5769	7.357e-04	   0.062	    71.019
  87	44	 3.7447	 1.0278	   1.5191	        1.5195	          0.0004	   1.5774	7.032e-04	   0.073	    71.835
  88	44	 3.7432	 1.0273	   1.5191	        1.5195	          0.0004	   1.5609	7.551e-04	   0.068	    72.676
  89	45	 3.7450	 1.0294	   1.5191	        1.5195	          0.0004	   1.6117	9.679e-04	   0.083	    73.557
  90	45	 3.7414	 1.0266	   1.5191	        1.5195	          0.0004	   1.5196	9.109e-04	   0.069	    74.385
  91	46	 3.7415	 1.0276	   1.5191	        1.5195	          0.0004	   1.5894	7.130e-04	   0.077	    75.203
  92	46	 3.7392	 1.0270	   1.5191	        1.5195	          0.0004	   1.5575	8.114e-04	   0.083	    76.030
  93	47	 3.7385	 1.0275	   1.5191	        1.5195	          0.0004	   1.5759	7.137e-04	   0.080	    76.852
  94	47	 3.7380	 1.0261	   1.5191	        1.5195	          0.0004	   1.5518	1.067e-03	   0.088	    77.770
  95	48	 3.7400	 1.0238	   1.5191	        1.5195	          0.0004	   1.5343	1.990e-03	   0.086	    78.702
  96	48	 3.7374	 1.0250	   1.5191	        1.5195	          0.0004	   1.5891	1.465e-03	   0.083	    79.622
  97	49	 3.7356	 1.0256	   1.5191	        1.5195	          0.0004	   1.5744	1.248e-03	   0.077	    80.490
  98	49	 3.7364	 1.0251	   1.5191	        1.5195	          0.0004	   1.5662	1.457e-03	   0.073	    81.360
  99	50	 3.7385	 1.0244	   1.5191	        1.5195	          0.0004	   1.5609	1.716e-03	   0.073	    82.204
 100	50	 3.7350	 1.0243	   1.5191	        1.5195	          0.0004	   1.5646	1.755e-03	   0.073	    83.072
 101	51	 3.7343	 1.0259	   1.5191	        1.5195	          0.0004	   1.5982	1.123e-03	   0.078	    83.986
 102	51	 3.7333	 1.0244	   1.5191	        1.5195	          0.0004	   1.5431	1.707e-03	   0.087	    84.875
 103	52	 3.7317	 1.0239	   1.5191	        1.5195	          0.0004	   1.5573	1.947e-03	   0.062	    85.699
 104	52	 3.7310	 1.0244	   1.5191	        1.5195	          0.0004	   1.5790	1.722e-03	   0.080	    86.518
 105	53	 3.7291	 1.0226	   1.5191	        1.5195	          0.0004	   1.5331	2.517e-03	   0.069	    87.336
 106	53	 3.7298	 1.0246	   1.5191	        1.5195	          0.0004	   1.6101	1.658e-03	   0.067	    88.157
 107	54	 3.7300	 1.0266	   1.5191	        1.5195	          0.0004	   1.6066	8.890e-04	   0.076	    88.972
 108	54	 3.7290	 1.0245	   1.5191	        1.5195	          0.0004	   1.5321	1.692e-03	   0.067	    89.786
 109	55	 3.7290	 1.0248	   1.5191	        1.5195	          0.0004	   1.5744	1.562e-03	   0.081	    90.623
 110	55	 3.7267	 1.0245	   1.5191	        1.5195	          0.0004	   1.5621	1.702e-03	   0.062	    91.424
 111	56	 3.7241	 1.0243	   1.5191	        1.5195	          0.0004	   1.5627	1.761e-03	   0.076	    92.254
 112	56	 3.7251	 1.0241	   1.5191	        1.5195	          0.0004	   1.5679	1.837e-03	   0.085	    93.089
 113	57	 3.7242	 1.0281	   1.5191	        1.5195	          0.0004	   1.6491	6.792e-04	   0.071	    93.926
 114	57	 3.7236	 1.0249	   1.5191	        1.5195	          0.0004	   1.5048	1.515e-03	   0.071	    94.795
 115	58	 3.7232	 1.0236	   1.5191	        1.5195	          0.0004	   1.5440	2.083e-03	   0.077	    95.617
 116	58	 3.7217	 1.0257	   1.5191	        1.5195	          0.0004	   1.6092	1.198e-03	   0.073	    96.439
 117	59	 3.7215	 1.0260	   1.5191	        1.5195	          0.0004	   1.5745	1.106e-03	   0.072	    97.257
 118	59	 3.7209	 1.0256	   1.5191	        1.5195	          0.0004	   1.5634	1.257e-03	   0.067	    98.072
 119	60	 3.7203	 1.0275	   1.5191	        1.5195	          0.0004	   1.6053	6.894e-04	   0.082	    98.894
 120	60	 3.7198	 1.0261	   1.5191	        1.5195	          0.0004	   1.5453	1.059e-03	   0.072	    99.711
 121	61	 3.7200	 1.0256	   1.5191	        1.5195	          0.0004	   1.5590	1.231e-03	   0.082	   100.529
 122	61	 3.7180	 1.0261	   1.5191	        1.5195	          0.0004	   1.5785	1.061e-03	   0.081	   101.392
 123	62	 3.7171	 1.0263	   1.5191	        1.5195	          0.0004	   1.5683	9.734e-04	   0.066	   102.208
 124	62	 3.7175	 1.0260	   1.5191	        1.5195	          0.0004	   1.5700	1.108e-03	   0.084	   103.052
 125	63	 3.7170	 1.0258	   1.5191	        1.5195	          0.0004	   1.5654	1.180e-03	   0.077	   103.932
 126	63	 3.7165	 1.0257	   1.5191	        1.5195	          0.0004	   1.5703	1.194e-03	   0.076	   104.853
 127	64	 3.7137	 1.0254	   1.5191	        1.5195	          0.0004	   1.5555	1.334e-03	   0.064	   105.691
 128	64	 3.7148	 1.0257	   1.5191	        1.5195	          0.0004	   1.5843	1.181e-03	   0.073	   106.520
 129	65	 3.7132	 1.0254	   1.5191	        1.5195	          0.0004	   1.5553	1.320e-03	   0.080	   107.348
 130	65	 3.7130	 1.0254	   1.5191	        1.5195	          0.0004	   1.5770	1.297e-03	   0.068	   108.153
 131	66	 3.7148	 1.0261	   1.5191	        1.5195	          0.0004	   1.5905	1.059e-03	   0.071	   108.981
 132	66	 3.7122	 1.0245	   1.5191	        1.5195	          0.0004	   1.5287	1.692e-03	   0.079	   109.797
 133	67	 3.7118	 1.0256	   1.5191	        1.5195	          0.0004	   1.5913	1.223e-03	   0.068	   110.614
 134	67	 3.7115	 1.0248	   1.5191	        1.5195	          0.0004	   1.5537	1.574e-03	   0.076	   111.434
 135	68	 3.7108	 1.0240	   1.5191	        1.5195	          0.0004	   1.5479	1.906e-03	   0.080	   112.255
 136	68	 3.7118	 1.0244	   1.5191	        1.5195	          0.0004	   1.5868	1.711e-03	   0.072	   113.073
 137	69	 3.7114	 1.0231	   1.5191	        1.5195	          0.0004	   1.5404	2.287e-03	   0.077	   113.920
 138	69	 3.7106	 1.0243	   1.5191	        1.5195	          0.0004	   1.5934	1.778e-03	   0.072	   114.776
 139	70	 3.7096	 1.0230	   1.5191	        1.5195	          0.0004	   1.5401	2.308e-03	   0.082	   115.625
 140	70	 3.7101	 1.0244	   1.5191	        1.5195	          0.0004	   1.6017	1.725e-03	   0.067	   116.435
 141	71	 3.7097	 1.0240	   1.5191	        1.5195	          0.0004	   1.5603	1.892e-03	   0.076	   117.275
 142	71	 3.7084	 1.0237	   1.5191	        1.5195	          0.0004	   1.5606	2.012e-03	   0.074	   118.149
 143	72	 3.7080	 1.0229	   1.5191	        1.5195	          0.0004	   1.5460	2.380e-03	   0.066	   118.965
 144	72	 3.7078	 1.0238	   1.5191	        1.5195	          0.0004	   1.5940	1.956e-03	   0.076	   119.788
 145	73	 3.7079	 1.0238	   1.5191	        1.5195	          0.0004	   1.5709	1.988e-03	   0.070	   120.639
 146	73	 3.7082	 1.0236	   1.5191	        1.5195	          0.0004	   1.5635	2.068e-03	   0.079	   121.489
 147	74	 3.7082	 1.0236	   1.5191	        1.5195	          0.0004	   1.5694	2.068e-03	   0.077	   122.310
 148	74	 3.7078	 1.0233	   1.5191	        1.5195	          0.0004	   1.5647	2.182e-03	   0.079	   123.141
 149	75	 3.7076	 1.0228	   1.5191	        1.5195	          0.0004	   1.5538	2.421e-03	   0.094	   124.012
 150	75	 3.7074	 1.0237	   1.5191	        1.5195	          0.0004	   1.5951	2.020e-03	   0.072	   124.912
 151	76	 3.7060	 1.0239	   1.5191	        1.5195	          0.0004	   1.5693	1.928e-03	   0.082	   125.806
 152	76	 3.7058	 1.0237	   1.5191	        1.5195	          0.0004	   1.5658	2.001e-03	   0.085	   126.634
 153	77	 3.7043	 1.0236	   1.5191	        1.5195	          0.0004	   1.5619	2.052e-03	   0.064	   127.443
 154	77	 3.7049	 1.0239	   1.5191	        1.5195	          0.0004	   1.5786	1.945e-03	   0.084	   128.269
 155	78	 3.7042	 1.0223	   1.5191	        1.5195	          0.0004	   1.5298	2.617e-03	   0.067	   129.078
 156	78	 3.7039	 1.0242	   1.5191	        1.5195	          0.0004	   1.6169	1.810e-03	   0.075	   129.908
 157	79	 3.7034	 1.0243	   1.5191	        1.5195	          0.0004	   1.5681	1.778e-03	   0.077	   130.725
 158	79	 3.7030	 1.0248	   1.5191	        1.5195	          0.0004	   1.5839	1.567e-03	   0.068	   131.534
 159	80	 3.7025	 1.0246	   1.5191	        1.5195	          0.0004	   1.5611	1.621e-03	   0.074	   132.365
 160	80	 3.7017	 1.0248	   1.5191	        1.5195	          0.0004	   1.5772	1.556e-03	   0.071	   133.171
 161	81	 3.7017	 1.0262	   1.5191	        1.5195	          0.0004	   1.6082	1.010e-03	   0.077	   134.007
 162	81	 3.7013	 1.0245	   1.5191	        1.5195	          0.0004	   1.5227	1.659e-03	   0.077	   134.861
 163	82	 3.7019	 1.0259	   1.5191	        1.5195	          0.0004	   1.6047	1.111e-03	   0.069	   135.725
 164	82	 3.7012	 1.0247	   1.5191	        1.5195	          0.0004	   1.5388	1.609e-03	   0.075	   136.543
 165	83	 3.7014	 1.0254	   1.5191	        1.5195	          0.0004	   1.5888	1.308e-03	   0.074	   137.367
 166	83	 3.6999	 1.0250	   1.5191	        1.5195	          0.0004	   1.5594	1.449e-03	   0.065	   138.177
 167	84	 3.6987	 1.0242	   1.5191	        1.5195	          0.0004	   1.5456	1.792e-03	   0.074	   139.001
 168	84	 3.6989	 1.0253	   1.5191	        1.5195	          0.0004	   1.6015	1.341e-03	   0.071	   139.822
 169	85	 3.6988	 1.0248	   1.5191	        1.5195	          0.0004	   1.5572	1.542e-03	   0.081	   140.666
 170	85	 3.6993	 1.0246	   1.5191	        1.5195	          0.0004	   1.5678	1.613e-03	   0.057	   141.495
 171	86	 3.6988	 1.0244	   1.5191	        1.5195	          0.0004	   1.5629	1.731e-03	   0.074	   142.319
 172	86	 3.6982	 1.0248	   1.5191	        1.5195	          0.0004	   1.5779	1.542e-03	   0.076	   143.137
 173	87	 3.6981	 1.0247	   1.5191	        1.5195	          0.0004	   1.5682	1.573e-03	   0.065	   143.973
 174	87	 3.6981	 1.0246	   1.5191	        1.5195	          0.0004	   1.5677	1.645e-03	   0.094	   144.862
 175	88	 3.6962	 1.0245	   1.5191	        1.5195	          0.0004	   1.5639	1.669e-03	   0.082	   145.779
 176	88	 3.6963	 1.0249	   1.5191	        1.5195	          0.0004	   1.5809	1.504e-03	   0.079	   146.641
 177	89	 3.6968	 1.0258	   1.5191	        1.5195	          0.0004	   1.5990	1.156e-03	   0.082	   147.451
 178	89	 3.6953	 1.0250	   1.5191	        1.5195	          0.0004	   1.5402	1.481e-03	   0.067	   148.267
 179	90	 3.6946	 1.0269	   1.5191	        1.5195	          0.0004	   1.6273	7.887e-04	   0.079	   149.094
 180	90	 3.6949	 1.0247	   1.5191	        1.5195	          0.0004	   1.5057	1.589e-03	   0.070	   149.901
 181	91	 3.6943	 1.0250	   1.5191	        1.5195	          0.0004	   1.5746	1.452e-03	   0.068	   150.720
 182	91	 3.6938	 1.0248	   1.5191	        1.5195	          0.0004	   1.5670	1.541e-03	   0.080	   151.550
 183	92	 3.6926	 1.0253	   1.5191	        1.5195	          0.0004	   1.5853	1.338e-03	   0.055	   152.356
 184	92	 3.6933	 1.0248	   1.5191	        1.5195	          0.0004	   1.5537	1.552e-03	   0.079	   153.187
 185	93	 3.6927	 1.0232	   1.5191	        1.5195	          0.0004	   1.5177	2.216e-03	   0.070	   154.002
 186	93	 3.6923	 1.0247	   1.5191	        1.5195	          0.0004	   1.6163	1.575e-03	   0.077	   154.877
 187	94	 3.6921	 1.0257	   1.5191	        1.5195	          0.0004	   1.6022	1.171e-03	   0.087	   155.813
 188	94	 3.6913	 1.0248	   1.5191	        1.5195	          0.0004	   1.5376	1.548e-03	   0.084	   156.790
 189	95	 3.6909	 1.0245	   1.5191	        1.5195	          0.0004	   1.5605	1.659e-03	   0.091	   157.710
 190	95	 3.6911	 1.0247	   1.5191	        1.5195	          0.0004	   1.5763	1.598e-03	   0.063	   158.592
 191	96	 3.6913	 1.0241	   1.5191	        1.5195	          0.0004	   1.5540	1.850e-03	   0.082	   159.438
 192	96	 3.6904	 1.0245	   1.5191	        1.5195	          0.0004	   1.5765	1.690e-03	   0.080	   160.281
 193	97	 3.6890	 1.0233	   1.5191	        1.5195	          0.0004	   1.5271	2.207e-03	   0.076	   161.141
 194	97	 3.6897	 1.0245	   1.5191	        1.5195	          0.0004	   1.6137	1.653e-03	   0.074	   161.968
 195	98	 3.6906	 1.0246	   1.5191	        1.5195	          0.0004	   1.5779	1.618e-03	   0.078	   162.795
 196	98	 3.6897	 1.0246	   1.5191	        1.5195	          0.0004	   1.5641	1.640e-03	   0.074	   163.619
 197	99	 3.6894	 1.0248	   1.5191	        1.5195	          0.0004	   1.5737	1.561e-03	   0.076	   164.431
 198	99	 3.6888	 1.0243	   1.5191	        1.5195	          0.0004	   1.5570	1.741e-03	   0.067	   165.297
 199	100	 3.6881	 1.0241	   1.5191	        1.5195	          0.0004	   1.5640	1.841e-03	   0.076	   166.211
 200	100	 3.6882	 1.0244	   1.5191	        1.5195	          0.0004	   1.5783	1.707e-03	   0.072	   167.088
 201	101	 3.6878	 1.0243	   1.5191	        1.5195	          0.0004	   1.5642	1.771e-03	   0.070	   167.922
 202	101	 3.6872	 1.0248	   1.5191	        1.5195	          0.0004	   1.5880	1.530e-03	   0.083	   168.753
 203	102	 3.6868	 1.0255	   1.5191	        1.5195	          0.0004	   1.5920	1.261e-03	   0.071	   169.564
 204	102	 3.6871	 1.0244	   1.5191	        1.5195	          0.0004	   1.5303	1.734e-03	   0.083	   170.393
 205	103	 3.6870	 1.0245	   1.5191	        1.5195	          0.0004	   1.5733	1.686e-03	   0.073	   171.200
 206	103	 3.6869	 1.0245	   1.5191	        1.5195	          0.0004	   1.5725	1.682e-03	   0.068	   172.023
 207	104	 3.6866	 1.0245	   1.5191	        1.5195	          0.0004	   1.5687	1.690e-03	   0.088	   172.855
 208	104	 3.6861	 1.0244	   1.5191	        1.5195	          0.0004	   1.5666	1.709e-03	   0.074	   173.657
 209	105	 3.6861	 1.0242	   1.5191	        1.5195	          0.0004	   1.5598	1.792e-03	   0.074	   174.482
 210	105	 3.6858	 1.0242	   1.5191	        1.5195	          0.0004	   1.5711	1.798e-03	   0.074	   175.305
 211	106	 3.6861	 1.0247	   1.5191	        1.5195	          0.0004	   1.5925	1.584e-03	   0.067	   176.151
 212	106	 3.6854	 1.0242	   1.5191	        1.5195	          0.0004	   1.5492	1.778e-03	   0.080	   177.028
 213	107	 3.6853	 1.0234	   1.5191	        1.5195	          0.0004	   1.5428	2.130e-03	   0.069	   177.843
 214	107	 3.6850	 1.0240	   1.5191	        1.5195	          0.0004	   1.5849	1.904e-03	   0.080	   178.659
 215	108	 3.6845	 1.0241	   1.5191	        1.5195	          0.0004	   1.5756	1.842e-03	   0.076	   179.487
 216	108	 3.6842	 1.0243	   1.5191	        1.5195	          0.0004	   1.5748	1.764e-03	   0.081	   180.307
 217	109	 3.6836	 1.0253	   1.5191	        1.5195	          0.0004	   1.6095	1.324e-03	   0.075	   181.161
 218	109	 3.6845	 1.0241	   1.5191	        1.5195	          0.0004	   1.5289	1.822e-03	   0.063	   181.975
 219	110	 3.6839	 1.0249	   1.5191	        1.5195	          0.0004	   1.5951	1.485e-03	   0.082	   182.801
 220	110	 3.6839	 1.0243	   1.5191	        1.5195	          0.0004	   1.5503	1.746e-03	   0.066	   183.608
 221	111	 3.6830	 1.0244	   1.5191	        1.5195	          0.0004	   1.5678	1.700e-03	   0.078	   184.437
 222	111	 3.6838	 1.0242	   1.5191	        1.5195	          0.0004	   1.5688	1.792e-03	   0.077	   185.272
 223	112	 3.6847	 1.0241	   1.5191	        1.5195	          0.0004	   1.5720	1.857e-03	   0.080	   186.152
 224	112	 3.6833	 1.0244	   1.5191	        1.5195	          0.0004	   1.5739	1.714e-03	   0.089	   187.085
 225	113	 3.6833	 1.0254	   1.5191	        1.5195	          0.0004	   1.6056	1.289e-03	   0.067	   187.925
 226	113	 3.6826	 1.0247	   1.5191	        1.5195	          0.0004	   1.5429	1.586e-03	   0.065	   188.750
 227	114	 3.6832	 1.0246	   1.5191	        1.5195	          0.0004	   1.5701	1.634e-03	   0.073	   189.565
 228	114	 3.6821	 1.0249	   1.5191	        1.5195	          0.0004	   1.5768	1.511e-03	   0.067	   190.381
 229	115	 3.6820	 1.0251	   1.5191	        1.5195	          0.0004	   1.5796	1.413e-03	   0.074	   191.209
 230	115	 3.6818	 1.0248	   1.5191	        1.5195	          0.0004	   1.5554	1.546e-03	   0.068	   192.023
 231	116	 3.6819	 1.0251	   1.5191	        1.5195	          0.0004	   1.5856	1.426e-03	   0.076	   192.842
 232	116	 3.6814	 1.0248	   1.5191	        1.5195	          0.0004	   1.5536	1.533e-03	   0.083	   193.671
 233	117	 3.6812	 1.0248	   1.5191	        1.5195	          0.0004	   1.5662	1.539e-03	   0.073	   194.477
 234	117	 3.6809	 1.0251	   1.5191	        1.5195	          0.0004	   1.5825	1.431e-03	   0.083	   195.310
 235	118	 3.6810	 1.0258	   1.5191	        1.5195	          0.0004	   1.5952	1.152e-03	   0.080	   196.201
 236	118	 3.6801	 1.0252	   1.5191	        1.5195	          0.0004	   1.5446	1.393e-03	   0.082	   197.075
 237	119	 3.6799	 1.0245	   1.5191	        1.5195	          0.0004	   1.5476	1.660e-03	   0.067	   197.912
 238	119	 3.6799	 1.0251	   1.5191	        1.5195	          0.0004	   1.5890	1.419e-03	   0.069	   198.733
 239	120	 3.6799	 1.0249	   1.5191	        1.5195	          0.0004	   1.5654	1.497e-03	   0.068	   199.549
 240	120	 3.6797	 1.0250	   1.5191	        1.5195	          0.0004	   1.5732	1.454e-03	   0.070	   200.408
 241	121	 3.6795	 1.0248	   1.5191	        1.5195	          0.0004	   1.5645	1.553e-03	   0.078	   201.259
 242	121	 3.6789	 1.0255	   1.5191	        1.5195	          0.0004	   1.5917	1.265e-03	   0.083	   202.086
 243	122	 3.6789	 1.0256	   1.5191	        1.5195	          0.0004	   1.5792	1.220e-03	   0.061	   202.902
 244	122	 3.6789	 1.0254	   1.5191	        1.5195	          0.0004	   1.5607	1.285e-03	   0.076	   203.702
 245	123	 3.6784	 1.0252	   1.5191	        1.5195	          0.0004	   1.5589	1.368e-03	   0.057	   204.420
 246	123	 3.6777	 1.0259	   1.5191	        1.5195	          0.0004	   1.5972	1.093e-03	   0.054	   205.105
 247	124	 3.6775	 1.0260	   1.5191	        1.5195	          0.0004	   1.5674	1.071e-03	   0.062	   205.811
 248	124	 3.6781	 1.0255	   1.5191	        1.5195	          0.0004	   1.5595	1.246e-03	   0.065	   206.555
 249	125	 3.6769	 1.0247	   1.5191	        1.5195	          0.0004	   1.5272	1.599e-03	   0.085	   207.297
 250	125	 3.6774	 1.0256	   1.5191	        1.5195	          0.0004	   1.6138	1.222e-03	   0.062	   208.002
 251	126	 3.6774	 1.0250	   1.5191	        1.5195	          0.0004	   1.5460	1.463e-03	   0.052	   208.653
 252	126	 3.6767	 1.0257	   1.5191	        1.5195	          0.0004	   1.5948	1.192e-03	   0.060	   209.315
 253	127	 3.6770	 1.0261	   1.5191	        1.5195	          0.0004	   1.5870	1.037e-03	   0.061	   209.977
 254	127	 3.6767	 1.0258	   1.5191	        1.5195	          0.0004	   1.5600	1.137e-03	   0.064	   210.640
 255	128	 3.6768	 1.0254	   1.5191	        1.5195	          0.0004	   1.5545	1.297e-03	   0.057	   211.303
 256	128	 3.6766	 1.0257	   1.5191	        1.5195	          0.0004	   1.5820	1.189e-03	   0.056	   211.964
 257	129	 3.6768	 1.0263	   1.5191	        1.5195	          0.0004	   1.6013	9.449e-04	   0.062	   212.627
 258	129	 3.6762	 1.0257	   1.5191	        1.5195	          0.0004	   1.5371	1.188e-03	   0.057	   213.281
 259	130	 3.6754	 1.0254	   1.5191	        1.5195	          0.0004	   1.5549	1.300e-03	   0.070	   213.944
 260	130	 3.6764	 1.0251	   1.5191	        1.5195	          0.0004	   1.5634	1.404e-03	   0.060	   214.648
 261	131	 3.6756	 1.0254	   1.5191	        1.5195	          0.0004	   1.5801	1.308e-03	   0.068	   215.356
 262	131	 3.6758	 1.0252	   1.5191	        1.5195	          0.0004	   1.5631	1.362e-03	   0.067	   216.024
 263	132	 3.6755	 1.0252	   1.5191	        1.5195	          0.0004	   1.5668	1.380e-03	   0.055	   216.682
 264	132	 3.6752	 1.0253	   1.5191	        1.5195	          0.0004	   1.5756	1.325e-03	   0.063	   217.371
 265	133	 3.6752	 1.0254	   1.5191	        1.5195	          0.0004	   1.5760	1.288e-03	   0.051	   218.029
 266	133	 3.6748	 1.0254	   1.5191	        1.5195	          0.0004	   1.5693	1.281e-03	   0.059	   218.697
 267	134	 3.6751	 1.0257	   1.5191	        1.5195	          0.0004	   1.5856	1.161e-03	   0.060	   219.361
 268	134	 3.6745	 1.0258	   1.5191	        1.5195	          0.0004	   1.5690	1.142e-03	   0.054	   220.022
 269	135	 3.6739	 1.0261	   1.5191	        1.5195	          0.0004	   1.5802	1.042e-03	   0.063	   220.691
 270	135	 3.6737	 1.0259	   1.5191	        1.5195	          0.0004	   1.5615	1.112e-03	   0.057	   221.346
 271	136	 3.6733	 1.0258	   1.5191	        1.5195	          0.0004	   1.5645	1.148e-03	   0.059	   222.032
 272	136	 3.6734	 1.0256	   1.5191	        1.5195	          0.0004	   1.5625	1.216e-03	   0.058	   222.746
 273	137	 3.6734	 1.0252	   1.5191	        1.5195	          0.0004	   1.5482	1.397e-03	   0.073	   223.506
 274	137	 3.6730	 1.0254	   1.5191	        1.5195	          0.0004	   1.5818	1.280e-03	   0.071	   224.214
 275	138	 3.6732	 1.0257	   1.5191	        1.5195	          0.0004	   1.5830	1.174e-03	   0.064	   224.874
 276	138	 3.6722	 1.0254	   1.5191	        1.5195	          0.0004	   1.5519	1.298e-03	   0.060	   225.534
 277	139	 3.6726	 1.0248	   1.5191	        1.5195	          0.0004	   1.5421	1.536e-03	   0.061	   226.196
 278	139	 3.6721	 1.0255	   1.5191	        1.5195	          0.0004	   1.6037	1.244e-03	   0.062	   226.853
 279	140	 3.6711	 1.0246	   1.5191	        1.5195	          0.0004	   1.5186	1.617e-03	   0.067	   227.529
 280	140	 3.6714	 1.0255	   1.5191	        1.5195	          0.0004	   1.6162	1.254e-03	   0.069	   228.246
 281	141	 3.6716	 1.0255	   1.5191	        1.5195	          0.0004	   1.5752	1.261e-03	   0.075	   229.030
 282	141	 3.6714	 1.0254	   1.5191	        1.5195	          0.0004	   1.5630	1.279e-03	   0.065	   229.797
 283	142	 3.6711	 1.0251	   1.5191	        1.5195	          0.0004	   1.5555	1.414e-03	   0.054	   230.519
 284	142	 3.6706	 1.0256	   1.5191	        1.5195	          0.0004	   1.5905	1.208e-03	   0.059	   231.233
 285	143	 3.6705	 1.0261	   1.5191	        1.5195	          0.0004	   1.5939	1.033e-03	   0.059	   231.903
 286	143	 3.6701	 1.0257	   1.5191	        1.5195	          0.0004	   1.5465	1.192e-03	   0.061	   232.602
 287	144	 3.6694	 1.0264	   1.5190	        1.5195	          0.0004	   1.6011	9.207e-04	   0.068	   233.293
 288	144	 3.6699	 1.0257	   1.5191	        1.5195	          0.0004	   1.5398	1.191e-03	   0.056	   233.985
 289	145	 3.6688	 1.0262	   1.5190	        1.5195	          0.0004	   1.5928	1.003e-03	   0.069	   234.672
 290	145	 3.6694	 1.0257	   1.5190	        1.5195	          0.0004	   1.5458	1.194e-03	   0.060	   235.326
 291	146	 3.6692	 1.0256	   1.5190	        1.5195	          0.0004	   1.5675	1.206e-03	   0.056	   235.982
 292	146	 3.6693	 1.0258	   1.5190	        1.5195	          0.0004	   1.5800	1.154e-03	   0.060	   236.639
 293	147	 3.6693	 1.0255	   1.5191	        1.5195	          0.0004	   1.5535	1.253e-03	   0.058	   237.300
 294	147	 3.6688	 1.0259	   1.5190	        1.5195	          0.0004	   1.5920	1.094e-03	   0.064	   237.970
 295	148	 3.6683	 1.0252	   1.5190	        1.5195	          0.0004	   1.5321	1.360e-03	   0.059	   238.629
 296	148	 3.6680	 1.0261	   1.5190	        1.5195	          0.0004	   1.6130	1.007e-03	   0.064	   239.352
 297	149	 3.6673	 1.0258	   1.5190	        1.5195	          0.0004	   1.5444	1.152e-03	   0.070	   240.093
 298	149	 3.6675	 1.0261	   1.5190	        1.5195	          0.0004	   1.5925	1.027e-03	   0.059	   240.800
 299	150	 3.6670	 1.0263	   1.5190	        1.5195	          0.0004	   1.5756	9.621e-04	   0.063	   241.488
 300	150	 3.6673	 1.0259	   1.5190	        1.5195	          0.0004	   1.5558	1.098e-03	   0.059	   242.151
 301	151	 3.6681	 1.0259	   1.5190	        1.5195	          0.0004	   1.5742	1.097e-03	   0.063	   242.816
 302	151	 3.6674	 1.0260	   1.5190	        1.5195	          0.0004	   1.5698	1.059e-03	   0.067	   243.482
 303	152	 3.6671	 1.0256	   1.5190	        1.5195	          0.0004	   1.5435	1.215e-03	   0.056	   244.138
 304	152	 3.6677	 1.0257	   1.5190	        1.5195	          0.0004	   1.5840	1.175e-03	   0.057	   244.795
 305	153	 3.6672	 1.0259	   1.5190	        1.5195	          0.0004	   1.5793	1.085e-03	   0.054	   245.450
 306	153	 3.6675	 1.0255	   1.5190	        1.5195	          0.0004	   1.5504	1.264e-03	   0.066	   246.119
 307	154	 3.6671	 1.0257	   1.5190	        1.5195	          0.0004	   1.5797	1.164e-03	   0.059	   246.779
 308	154	 3.6672	 1.0256	   1.5190	        1.5195	          0.0004	   1.5673	1.196e-03	   0.056	   247.441
 309	155	 3.6670	 1.0260	   1.5190	        1.5195	          0.0004	   1.5926	1.057e-03	   0.063	   248.153
 310	155	 3.6669	 1.0257	   1.5190	        1.5195	          0.0004	   1.5518	1.170e-03	   0.060	   248.848
 311	156	 3.6673	 1.0255	   1.5190	        1.5195	          0.0004	   1.5626	1.244e-03	   0.056	   249.526
 312	156	 3.6672	 1.0254	   1.5190	        1.5195	          0.0004	   1.5668	1.288e-03	   0.055	   250.207
 313	157	 3.6667	 1.0256	   1.5190	        1.5195	          0.0004	   1.5752	1.196e-03	   0.060	   250.874
 314	157	 3.6671	 1.0253	   1.5190	        1.5195	          0.0004	   1.5578	1.350e-03	   0.066	   251.539
 315	158	 3.6673	 1.0257	   1.5190	        1.5195	          0.0004	   1.5914	1.180e-03	   0.063	   252.200
 316	158	 3.6673	 1.0252	   1.5190	        1.5195	          0.0004	   1.5506	1.358e-03	   0.056	   252.862
 317	159	 3.6674	 1.0248	   1.5190	        1.5195	          0.0004	   1.5447	1.548e-03	   0.065	   253.527
 318	159	 3.6670	 1.0252	   1.5190	        1.5195	          0.0004	   1.5942	1.369e-03	   0.058	   254.178
 319	160	 3.6665	 1.0255	   1.5190	        1.5195	          0.0004	   1.5792	1.272e-03	   0.067	   254.840
 320	160	 3.6661	 1.0255	   1.5190	        1.5195	          0.0004	   1.5709	1.252e-03	   0.072	   255.526
 321	161	 3.6665	 1.0257	   1.5190	        1.5195	          0.0004	   1.5786	1.186e-03	   0.059	   256.241
 322	161	 3.6662	 1.0253	   1.5190	        1.5195	          0.0004	   1.5493	1.344e-03	   0.070	   257.002
 323	162	 3.6657	 1.0252	   1.5190	        1.5195	          0.0004	   1.5675	1.363e-03	   0.056	   257.706
 324	162	 3.6655	 1.0255	   1.5190	        1.5195	          0.0004	   1.5838	1.240e-03	   0.054	   258.365
 325	163	 3.6653	 1.0255	   1.5190	        1.5195	          0.0004	   1.5716	1.237e-03	   0.051	   259.018
 326	163	 3.6650	 1.0256	   1.5190	        1.5195	          0.0005	   1.5728	1.195e-03	   0.060	   259.682
 327	164	 3.6648	 1.0256	   1.5190	        1.5195	          0.0005	   1.5701	1.204e-03	   0.060	   260.348
 328	164	 3.6648	 1.0257	   1.5190	        1.5195	          0.0005	   1.5735	1.167e-03	   0.059	   261.055
 329	165	 3.6648	 1.0256	   1.5190	        1.5195	          0.0005	   1.5640	1.199e-03	   0.067	   261.751
 330	165	 3.6645	 1.0257	   1.5190	        1.5195	          0.0005	   1.5764	1.157e-03	   0.060	   262.408
 331	166	 3.6647	 1.0260	   1.5190	        1.5195	          0.0005	   1.5805	1.067e-03	   0.057	   263.064
 332	166	 3.6644	 1.0258	   1.5190	        1.5195	          0.0005	   1.5603	1.153e-03	   0.059	   263.719
 333	167	 3.6646	 1.0254	   1.5190	        1.5195	          0.0005	   1.5500	1.281e-03	   0.068	   264.422
 334	167	 3.6641	 1.0259	   1.5190	        1.5195	          0.0005	   1.5971	1.094e-03	   0.079	   265.113
 335	168	 3.6640	 1.0261	   1.5190	        1.5195	          0.0005	   1.5800	1.036e-03	   0.062	   265.848
 336	168	 3.6638	 1.0260	   1.5190	        1.5195	          0.0005	   1.5641	1.074e-03	   0.058	   266.535
 337	169	 3.6635	 1.0260	   1.5190	        1.5195	          0.0005	   1.5690	1.065e-03	   0.060	   267.193
 338	169	 3.6634	 1.0259	   1.5190	        1.5195	          0.0005	   1.5658	1.105e-03	   0.055	   267.847
 339	170	 3.6633	 1.0261	   1.5190	        1.5195	          0.0005	   1.5837	1.031e-03	   0.061	   268.512
 340	170	 3.6630	 1.0258	   1.5190	        1.5195	          0.0005	   1.5511	1.139e-03	   0.058	   269.171
 341	171	 3.6626	 1.0258	   1.5190	        1.5195	          0.0005	   1.5678	1.135e-03	   0.062	   269.839
 342	171	 3.6625	 1.0257	   1.5190	        1.5195	          0.0005	   1.5647	1.183e-03	   0.065	   270.503
 343	172	 3.6620	 1.0255	   1.5190	        1.5195	          0.0005	   1.5541	1.267e-03	   0.056	   271.160
 344	172	 3.6625	 1.0257	   1.5190	        1.5195	          0.0005	   1.5873	1.172e-03	   0.056	   271.819
 345	173	 3.6625	 1.0255	   1.5190	        1.5195	          0.0005	   1.5610	1.244e-03	   0.064	   272.534
 346	173	 3.6622	 1.0257	   1.5190	        1.5195	          0.0005	   1.5808	1.160e-03	   0.073	   273.275
 347	174	 3.6621	 1.0260	   1.5190	        1.5195	          0.0005	   1.5872	1.041e-03	   0.068	   273.997
 348	174	 3.6617	 1.0259	   1.5190	        1.5195	          0.0005	   1.5593	1.103e-03	   0.060	   274.684
 349	175	 3.6623	 1.0260	   1.5190	        1.5195	          0.0005	   1.5805	1.058e-03	   0.063	   275.349
 350	175	 3.6613	 1.0258	   1.5190	        1.5195	          0.0005	   1.5577	1.114e-03	   0.060	   276.012
 351	176	 3.6616	 1.0258	   1.5190	        1.5195	          0.0005	   1.5751	1.122e-03	   0.053	   276.665
 352	176	 3.6611	 1.0258	   1.5190	        1.5195	          0.0005	   1.5615	1.132e-03	   0.055	   277.322
 353	177	 3.6612	 1.0255	   1.5190	        1.5195	          0.0005	   1.5480	1.270e-03	   0.058	   277.986
 354	177	 3.6609	 1.0258	   1.5190	        1.5195	          0.0005	   1.5937	1.122e-03	   0.065	   278.651
 355	178	 3.6614	 1.0264	   1.5190	        1.5195	          0.0005	   1.6156	9.013e-04	   0.059	   279.312
 356	178	 3.6606	 1.0257	   1.5190	        1.5195	          0.0005	   1.5191	1.160e-03	   0.057	   279.978
 357	179	 3.6609	 1.0251	   1.5190	        1.5195	          0.0005	   1.5328	1.431e-03	   0.063	   280.638
 358	179	 3.6602	 1.0258	   1.5190	        1.5195	          0.0005	   1.6082	1.149e-03	   0.061	   281.340
 359	180	 3.6598	 1.0255	   1.5190	        1.5195	          0.0005	   1.5480	1.269e-03	   0.074	   282.074
 360	180	 3.6598	 1.0259	   1.5190	        1.5195	          0.0005	   1.6008	1.092e-03	   0.062	   282.740
 361	181	 3.6595	 1.0254	   1.5190	        1.5195	          0.0005	   1.5363	1.307e-03	   0.062	   283.408
 362	181	 3.6596	 1.0256	   1.5190	        1.5195	          0.0005	   1.5827	1.223e-03	   0.070	   284.075
 363	182	 3.6603	 1.0260	   1.5190	        1.5195	          0.0005	   1.6000	1.066e-03	   0.053	   284.731
 364	182	 3.6593	 1.0256	   1.5190	        1.5195	          0.0005	   1.5417	1.212e-03	   0.054	   285.388
 365	183	 3.6593	 1.0257	   1.5190	        1.5195	          0.0005	   1.5735	1.183e-03	   0.050	   286.040
 366	183	 3.6593	 1.0254	   1.5190	        1.5195	          0.0005	   1.5579	1.278e-03	   0.060	   286.706
 367	184	 3.6598	 1.0253	   1.5190	        1.5195	          0.0005	   1.5668	1.324e-03	   0.057	   287.372
 368	184	 3.6591	 1.0253	   1.5190	        1.5195	          0.0005	   1.5668	1.323e-03	   0.054	   288.031
 369	185	 3.6591	 1.0253	   1.5190	        1.5195	          0.0005	   1.5693	1.339e-03	   0.074	   288.726
 370	185	 3.6586	 1.0254	   1.5190	        1.5195	          0.0005	   1.5702	1.308e-03	   0.059	   289.438
 371	186	 3.6582	 1.0252	   1.5190	        1.5195	          0.0005	   1.5609	1.360e-03	   0.065	   290.198
 372	186	 3.6586	 1.0253	   1.5190	        1.5195	          0.0005	   1.5754	1.345e-03	   0.066	   290.952
 373	187	 3.6587	 1.0246	   1.5190	        1.5195	          0.0005	   1.5251	1.636e-03	   0.072	   291.685
 374	187	 3.6583	 1.0251	   1.5190	        1.5195	          0.0005	   1.6048	1.396e-03	   0.077	   292.474
 375	188	 3.6584	 1.0246	   1.5190	        1.5195	          0.0005	   1.5359	1.630e-03	   0.071	   293.242
 376	188	 3.6585	 1.0251	   1.5190	        1.5195	          0.0005	   1.6010	1.422e-03	   0.064	   293.965
 377	189	 3.6583	 1.0252	   1.5190	        1.5195	          0.0005	   1.5806	1.369e-03	   0.059	   294.642
 378	189	 3.6582	 1.0252	   1.5190	        1.5195	          0.0005	   1.5615	1.392e-03	   0.055	   295.300
 379	190	 3.6579	 1.0254	   1.5190	        1.5195	          0.0005	   1.5823	1.310e-03	   0.064	   295.961
 380	190	 3.6578	 1.0252	   1.5190	        1.5195	          0.0005	   1.5606	1.355e-03	   0.058	   296.622
 381	191	 3.6576	 1.0255	   1.5190	        1.5195	          0.0005	   1.5843	1.239e-03	   0.059	   297.286
 382	191	 3.6573	 1.0252	   1.5190	        1.5195	          0.0005	   1.5485	1.374e-03	   0.072	   298.018
 383	192	 3.6574	 1.0255	   1.5190	        1.5195	          0.0005	   1.5906	1.244e-03	   0.060	   298.719
 384	192	 3.6570	 1.0253	   1.5190	        1.5195	          0.0005	   1.5530	1.344e-03	   0.055	   299.431
 385	193	 3.6570	 1.0255	   1.5190	        1.5195	          0.0005	   1.5870	1.232e-03	   0.056	   300.085
 386	193	 3.6570	 1.0253	   1.5190	        1.5195	          0.0005	   1.5577	1.327e-03	   0.063	   300.750
 387	194	 3.6567	 1.0258	   1.5190	        1.5195	          0.0005	   1.6017	1.116e-03	   0.064	   301.414
 388	194	 3.6569	 1.0255	   1.5190	        1.5195	          0.0005	   1.5491	1.254e-03	   0.055	   302.073
 389	195	 3.6567	 1.0258	   1.5190	        1.5195	          0.0005	   1.5882	1.124e-03	   0.065	   302.744
 390	195	 3.6564	 1.0256	   1.5190	        1.5195	          0.0005	   1.5566	1.200e-03	   0.063	   303.403
 391	196	 3.6560	 1.0260	   1.5190	        1.5195	          0.0005	   1.5903	1.057e-03	   0.052	   304.055
 392	196	 3.6563	 1.0253	   1.5190	        1.5195	          0.0005	   1.5319	1.310e-03	   0.058	   304.713
 393	197	 3.6559	 1.0252	   1.5190	        1.5195	          0.0005	   1.5578	1.379e-03	   0.058	   305.376
 394	197	 3.6558	 1.0255	   1.5190	        1.5195	          0.0005	   1.5900	1.246e-03	   0.068	   306.094
 395	198	 3.6558	 1.0252	   1.5190	        1.5195	          0.0005	   1.5471	1.369e-03	   0.066	   306.834
 396	198	 3.6555	 1.0255	   1.5190	        1.5195	          0.0005	   1.5888	1.265e-03	   0.059	   307.557
 397	199	 3.6553	 1.0252	   1.5190	        1.5195	          0.0005	   1.5528	1.372e-03	   0.062	   308.249
 398	199	 3.6554	 1.0254	   1.5190	        1.5195	          0.0005	   1.5804	1.303e-03	   0.057	   308.902
 399	200	 3.6554	 1.0256	   1.5190	        1.5195	          0.0005	   1.5870	1.224e-03	   0.068	   309.563
 400	200	 3.6551	 1.0253	   1.5190	        1.5195	          0.0005	   1.5456	1.345e-03	   0.049	   310.157

[BSGD] Finished on device cuda -> σ_f² ≈ 3.6551, σ_ε² ≈ 1.0253
