[GPU 6][JOB 167] 'python cli.py bsgd --n 1024 --lengthscale 0.5 --sigma-f2-true 4.0 --sigma-eps2-true 1.0 --n-epochs 200 --device auto --theta-min 1e-4 --theta-max 20.0 --print-every 1 --seed 6 --batch-size 512 --sigma-f2-init 5.0 --sigma-eps2-init 3.0 --alpha1 6.0 '

=== BSGD (biased SGD on exact kernel) ===
iter	epoch	σ_f²	σ_ε²	real_nlml	real_nlml_true	real_nlml_abs_err	mini_nlml	||grad||	duration_s	wall_time_s
   1	 1	 4.8986	 2.3916	   1.6581	        1.5292	          0.1288	   1.7064	1.127e-01	   0.089	     0.123
   2	 1	 4.7397	 2.0845	   1.6229	        1.5292	          0.0937	   1.6862	1.147e-01	   0.023	     0.587
   3	 2	 4.7059	 1.8500	   1.5961	        1.5292	          0.0669	   1.6298	1.132e-01	   0.044	     1.033
   4	 2	 4.6691	 1.6966	   1.5790	        1.5292	          0.0498	   1.6480	1.093e-01	   0.051	     1.621
   5	 3	 4.6577	 1.5738	   1.5659	        1.5292	          0.0367	   1.6261	1.035e-01	   0.063	     2.309
   6	 3	 4.6378	 1.4694	   1.5555	        1.5292	          0.0262	   1.5999	9.590e-02	   0.063	     3.008
   7	 4	 4.6290	 1.3772	   1.5470	        1.5292	          0.0178	   1.5815	8.619e-02	   0.062	     3.725
   8	 4	 4.5996	 1.3286	   1.5430	        1.5292	          0.0137	   1.6156	7.959e-02	   0.073	     4.512
   9	 5	 4.5852	 1.2793	   1.5392	        1.5292	          0.0100	   1.5943	7.161e-02	   0.066	     5.258
  10	 5	 4.5929	 1.2386	   1.5365	        1.5292	          0.0072	   1.6007	6.386e-02	   0.066	     6.040
  11	 6	 4.5950	 1.2063	   1.5345	        1.5292	          0.0053	   1.5916	5.686e-02	   0.067	     6.819
  12	 6	 4.5961	 1.1723	   1.5327	        1.5292	          0.0035	   1.5781	4.852e-02	   0.073	     7.649
  13	 7	 4.5965	 1.1389	   1.5313	        1.5292	          0.0020	   1.5565	3.927e-02	   0.064	     8.488
  14	 7	 4.5992	 1.1313	   1.5310	        1.5292	          0.0017	   1.6132	3.700e-02	   0.065	     9.310
  15	 8	 4.6077	 1.1098	   1.5303	        1.5292	          0.0010	   1.5700	3.022e-02	   0.070	    10.141
  16	 8	 4.6055	 1.0992	   1.5300	        1.5292	          0.0007	   1.5896	2.668e-02	   0.080	    10.992
  17	 9	 4.6084	 1.0910	   1.5298	        1.5292	          0.0005	   1.5868	2.383e-02	   0.073	    11.833
  18	 9	 4.5985	 1.0837	   1.5296	        1.5292	          0.0003	   1.5894	2.122e-02	   0.076	    12.676
  19	10	 4.5959	 1.0780	   1.5295	        1.5292	          0.0002	   1.5854	1.912e-02	   0.078	    13.505
  20	10	 4.5939	 1.0728	   1.5294	        1.5292	          0.0001	   1.5895	1.717e-02	   0.071	    14.324
  21	11	 4.5900	 1.0658	   1.5293	        1.5292	          0.0000	   1.5789	1.451e-02	   0.063	    15.138
  22	11	 4.5912	 1.0629	   1.5292	        1.5292	          0.0000	   1.5895	1.339e-02	   0.071	    15.966
  23	12	 4.5967	 1.0598	   1.5292	        1.5292	          0.0001	   1.5880	1.215e-02	   0.075	    16.790
  24	12	 4.5930	 1.0531	   1.5291	        1.5292	          0.0001	   1.5712	9.473e-03	   0.069	    17.612
  25	13	 4.5961	 1.0414	   1.5290	        1.5292	          0.0002	   1.5428	4.608e-03	   0.067	    18.439
  26	13	 4.5942	 1.0486	   1.5291	        1.5292	          0.0002	   1.6260	7.622e-03	   0.077	    19.267
  27	14	 4.5869	 1.0446	   1.5290	        1.5292	          0.0002	   1.5711	5.946e-03	   0.073	    20.122
  28	14	 4.5914	 1.0463	   1.5291	        1.5292	          0.0002	   1.6046	6.657e-03	   0.078	    21.010
  29	15	 4.5923	 1.0442	   1.5290	        1.5292	          0.0002	   1.5808	5.779e-03	   0.078	    21.895
  30	15	 4.5910	 1.0453	   1.5291	        1.5292	          0.0002	   1.6010	6.252e-03	   0.074	    22.787
  31	16	 4.5955	 1.0416	   1.5290	        1.5292	          0.0002	   1.5766	4.678e-03	   0.079	    23.641
  32	16	 4.5878	 1.0423	   1.5290	        1.5292	          0.0002	   1.5906	4.989e-03	   0.073	    24.461
  33	17	 4.5879	 1.0409	   1.5290	        1.5292	          0.0002	   1.5816	4.378e-03	   0.069	    25.288
  34	17	 4.5851	 1.0408	   1.5290	        1.5292	          0.0002	   1.5896	4.346e-03	   0.070	    26.105
  35	18	 4.5857	 1.0416	   1.5290	        1.5292	          0.0002	   1.6045	4.697e-03	   0.071	    26.928
  36	18	 4.5830	 1.0372	   1.5290	        1.5292	          0.0002	   1.5511	2.809e-03	   0.073	    27.759
  37	19	 4.5833	 1.0341	   1.5290	        1.5292	          0.0002	   1.5705	1.490e-03	   0.074	    28.581
  38	19	 4.5795	 1.0351	   1.5290	        1.5292	          0.0002	   1.5897	1.889e-03	   0.069	    29.402
  39	20	 4.5826	 1.0313	   1.5290	        1.5292	          0.0002	   1.5659	4.129e-04	   0.078	    30.233
  40	20	 4.5812	 1.0310	   1.5290	        1.5292	          0.0002	   1.5838	3.555e-04	   0.070	    31.067
  41	21	 4.5811	 1.0318	   1.5290	        1.5292	          0.0002	   1.5912	5.602e-04	   0.062	    31.913
  42	21	 4.5818	 1.0293	   1.5290	        1.5292	          0.0002	   1.5706	7.775e-04	   0.073	    32.765
  43	22	 4.5847	 1.0241	   1.5290	        1.5292	          0.0002	   1.5499	3.042e-03	   0.073	    33.609
  44	22	 4.5822	 1.0301	   1.5290	        1.5292	          0.0002	   1.6254	4.937e-04	   0.069	    34.432
  45	23	 4.5782	 1.0361	   1.5290	        1.5292	          0.0002	   1.6274	2.343e-03	   0.075	    35.256
  46	23	 4.5802	 1.0301	   1.5290	        1.5292	          0.0002	   1.5429	4.962e-04	   0.074	    36.083
  47	24	 4.5757	 1.0350	   1.5290	        1.5292	          0.0002	   1.6227	1.858e-03	   0.071	    36.909
  48	24	 4.5801	 1.0292	   1.5290	        1.5292	          0.0002	   1.5429	8.225e-04	   0.073	    37.728
  49	25	 4.5798	 1.0331	   1.5290	        1.5292	          0.0002	   1.6157	1.063e-03	   0.069	    38.548
  50	25	 4.5775	 1.0305	   1.5290	        1.5292	          0.0002	   1.5635	3.734e-04	   0.070	    39.374
  51	26	 4.5775	 1.0296	   1.5290	        1.5292	          0.0002	   1.5766	6.540e-04	   0.075	    40.224
  52	26	 4.5779	 1.0309	   1.5290	        1.5292	          0.0002	   1.6012	3.455e-04	   0.075	    41.102
  53	27	 4.5776	 1.0334	   1.5290	        1.5292	          0.0002	   1.6076	1.193e-03	   0.074	    42.019
  54	27	 4.5759	 1.0302	   1.5290	        1.5292	          0.0002	   1.5586	4.483e-04	   0.074	    42.895
  55	28	 4.5749	 1.0290	   1.5290	        1.5292	          0.0002	   1.5752	9.121e-04	   0.072	    43.760
  56	28	 4.5759	 1.0304	   1.5290	        1.5292	          0.0002	   1.5994	3.951e-04	   0.078	    44.601
  57	29	 4.5735	 1.0324	   1.5290	        1.5292	          0.0002	   1.6030	7.698e-04	   0.064	    45.419
  58	29	 4.5721	 1.0317	   1.5290	        1.5292	          0.0002	   1.5759	5.005e-04	   0.070	    46.244
  59	30	 4.5719	 1.0311	   1.5290	        1.5292	          0.0002	   1.5771	3.620e-04	   0.085	    47.079
  60	30	 4.5714	 1.0315	   1.5290	        1.5292	          0.0002	   1.5940	4.361e-04	   0.073	    47.935
  61	31	 4.5722	 1.0358	   1.5290	        1.5292	          0.0002	   1.6341	2.219e-03	   0.074	    48.835
  62	31	 4.5718	 1.0305	   1.5290	        1.5292	          0.0002	   1.5286	3.803e-04	   0.078	    49.678
  63	32	 4.5712	 1.0300	   1.5290	        1.5292	          0.0002	   1.5814	4.985e-04	   0.074	    50.507
  64	32	 4.5724	 1.0294	   1.5290	        1.5292	          0.0002	   1.5802	7.346e-04	   0.069	    51.329
  65	33	 4.5740	 1.0280	   1.5290	        1.5292	          0.0002	   1.5768	1.295e-03	   0.078	    52.181
  66	33	 4.5718	 1.0293	   1.5290	        1.5292	          0.0002	   1.5934	7.880e-04	   0.078	    53.042
  67	34	 4.5699	 1.0261	   1.5290	        1.5292	          0.0002	   1.5437	2.156e-03	   0.074	    53.889
  68	34	 4.5716	 1.0290	   1.5290	        1.5292	          0.0002	   1.6239	8.788e-04	   0.067	    54.703
  69	35	 4.5711	 1.0290	   1.5290	        1.5292	          0.0002	   1.5851	8.999e-04	   0.071	    55.534
  70	35	 4.5709	 1.0279	   1.5290	        1.5292	          0.0002	   1.5709	1.363e-03	   0.071	    56.362
  71	36	 4.5675	 1.0254	   1.5290	        1.5292	          0.0002	   1.5478	2.448e-03	   0.070	    57.178
  72	36	 4.5709	 1.0280	   1.5290	        1.5292	          0.0002	   1.6228	1.306e-03	   0.073	    58.011
  73	37	 4.5702	 1.0287	   1.5290	        1.5292	          0.0002	   1.5884	1.036e-03	   0.072	    58.834
  74	37	 4.5693	 1.0285	   1.5290	        1.5292	          0.0002	   1.5852	1.114e-03	   0.068	    59.651
  75	38	 4.5687	 1.0265	   1.5290	        1.5292	          0.0002	   1.5560	1.989e-03	   0.071	    60.475
  76	38	 4.5691	 1.0267	   1.5290	        1.5292	          0.0002	   1.5920	1.882e-03	   0.081	    61.356
  77	39	 4.5691	 1.0285	   1.5290	        1.5292	          0.0002	   1.6060	1.096e-03	   0.066	    62.220
  78	39	 4.5699	 1.0269	   1.5290	        1.5292	          0.0002	   1.5664	1.811e-03	   0.079	    63.120
  79	40	 4.5704	 1.0267	   1.5290	        1.5292	          0.0002	   1.5877	1.888e-03	   0.084	    64.007
  80	40	 4.5706	 1.0268	   1.5290	        1.5292	          0.0002	   1.5829	1.850e-03	   0.068	    64.851
  81	41	 4.5680	 1.0236	   1.5290	        1.5292	          0.0002	   1.5317	3.258e-03	   0.062	    65.672
  82	41	 4.5688	 1.0269	   1.5290	        1.5292	          0.0002	   1.6336	1.821e-03	   0.074	    66.495
  83	42	 4.5699	 1.0285	   1.5290	        1.5292	          0.0002	   1.6109	1.087e-03	   0.075	    67.326
  84	42	 4.5678	 1.0262	   1.5290	        1.5292	          0.0002	   1.5483	2.106e-03	   0.074	    68.145
  85	43	 4.5667	 1.0261	   1.5290	        1.5292	          0.0002	   1.5835	2.138e-03	   0.071	    68.965
  86	43	 4.5661	 1.0265	   1.5290	        1.5292	          0.0002	   1.5873	1.956e-03	   0.075	    69.797
  87	44	 4.5669	 1.0292	   1.5290	        1.5292	          0.0002	   1.6264	7.926e-04	   0.075	    70.624
  88	44	 4.5678	 1.0270	   1.5290	        1.5292	          0.0002	   1.5559	1.736e-03	   0.071	    71.435
  89	45	 4.5665	 1.0253	   1.5290	        1.5292	          0.0002	   1.5563	2.491e-03	   0.076	    72.286
  90	45	 4.5684	 1.0270	   1.5290	        1.5292	          0.0002	   1.6131	1.741e-03	   0.074	    73.128
  91	46	 4.5673	 1.0276	   1.5290	        1.5292	          0.0002	   1.5919	1.474e-03	   0.070	    73.972
  92	46	 4.5668	 1.0258	   1.5290	        1.5292	          0.0002	   1.5546	2.270e-03	   0.074	    74.824
  93	47	 4.5676	 1.0272	   1.5290	        1.5292	          0.0002	   1.6072	1.676e-03	   0.073	    75.647
  94	47	 4.5671	 1.0259	   1.5290	        1.5292	          0.0002	   1.5635	2.250e-03	   0.069	    76.475
  95	48	 4.5683	 1.0278	   1.5290	        1.5292	          0.0002	   1.6171	1.383e-03	   0.076	    77.348
  96	48	 4.5678	 1.0258	   1.5290	        1.5292	          0.0002	   1.5524	2.305e-03	   0.078	    78.218
  97	49	 4.5670	 1.0227	   1.5290	        1.5292	          0.0002	   1.5314	3.691e-03	   0.066	    79.069
  98	49	 4.5677	 1.0256	   1.5290	        1.5292	          0.0002	   1.6325	2.399e-03	   0.072	    79.900
  99	50	 4.5670	 1.0261	   1.5290	        1.5292	          0.0002	   1.5925	2.159e-03	   0.081	    80.763
 100	50	 4.5673	 1.0259	   1.5290	        1.5292	          0.0002	   1.5815	2.264e-03	   0.072	    81.612
 101	51	 4.5658	 1.0276	   1.5290	        1.5292	          0.0002	   1.6121	1.473e-03	   0.078	    82.478
 102	51	 4.5674	 1.0257	   1.5290	        1.5292	          0.0002	   1.5564	2.317e-03	   0.075	    83.370
 103	52	 4.5665	 1.0252	   1.5290	        1.5292	          0.0002	   1.5717	2.554e-03	   0.076	    84.257
 104	52	 4.5669	 1.0260	   1.5290	        1.5292	          0.0002	   1.6005	2.194e-03	   0.077	    85.120
 105	53	 4.5654	 1.0268	   1.5290	        1.5292	          0.0002	   1.5906	1.860e-03	   0.071	    85.951
 106	53	 4.5665	 1.0258	   1.5290	        1.5292	          0.0002	   1.5734	2.275e-03	   0.082	    86.794
 107	54	 4.5656	 1.0281	   1.5290	        1.5292	          0.0002	   1.6248	1.259e-03	   0.077	    87.674
 108	54	 4.5648	 1.0254	   1.5290	        1.5292	          0.0002	   1.5310	2.483e-03	   0.079	    88.575
 109	55	 4.5660	 1.0247	   1.5290	        1.5292	          0.0002	   1.5750	2.768e-03	   0.073	    89.441
 110	55	 4.5656	 1.0256	   1.5290	        1.5292	          0.0002	   1.5995	2.388e-03	   0.073	    90.278
 111	56	 4.5663	 1.0271	   1.5290	        1.5292	          0.0002	   1.6184	1.697e-03	   0.072	    91.100
 112	56	 4.5666	 1.0257	   1.5290	        1.5292	          0.0002	   1.5562	2.316e-03	   0.078	    91.927
 113	57	 4.5661	 1.0268	   1.5290	        1.5292	          0.0002	   1.6042	1.835e-03	   0.072	    92.755
 114	57	 4.5658	 1.0258	   1.5290	        1.5292	          0.0002	   1.5649	2.268e-03	   0.068	    93.605
 115	58	 4.5663	 1.0268	   1.5290	        1.5292	          0.0002	   1.6051	1.844e-03	   0.075	    94.466
 116	58	 4.5657	 1.0256	   1.5290	        1.5292	          0.0002	   1.5594	2.376e-03	   0.075	    95.306
 117	59	 4.5645	 1.0255	   1.5290	        1.5292	          0.0002	   1.5801	2.437e-03	   0.065	    96.129
 118	59	 4.5662	 1.0261	   1.5290	        1.5292	          0.0002	   1.6028	2.132e-03	   0.073	    96.953
 119	60	 4.5669	 1.0249	   1.5290	        1.5292	          0.0002	   1.5616	2.680e-03	   0.078	    97.782
 120	60	 4.5674	 1.0259	   1.5290	        1.5292	          0.0002	   1.6058	2.243e-03	   0.066	    98.607
 121	61	 4.5670	 1.0267	   1.5290	        1.5292	          0.0002	   1.5951	1.898e-03	   0.071	    99.423
 122	61	 4.5671	 1.0261	   1.5290	        1.5292	          0.0002	   1.5769	2.142e-03	   0.070	   100.245
 123	62	 4.5666	 1.0248	   1.5290	        1.5292	          0.0002	   1.5570	2.724e-03	   0.082	   101.106
 124	62	 4.5663	 1.0263	   1.5290	        1.5292	          0.0002	   1.6118	2.079e-03	   0.067	   101.931
 125	63	 4.5655	 1.0255	   1.5290	        1.5292	          0.0002	   1.5633	2.434e-03	   0.073	   102.776
 126	63	 4.5662	 1.0267	   1.5290	        1.5292	          0.0002	   1.6145	1.899e-03	   0.085	   103.665
 127	64	 4.5665	 1.0279	   1.5290	        1.5292	          0.0002	   1.6116	1.376e-03	   0.073	   104.546
 128	64	 4.5662	 1.0259	   1.5290	        1.5292	          0.0002	   1.5422	2.235e-03	   0.069	   105.426
 129	65	 4.5667	 1.0250	   1.5290	        1.5292	          0.0002	   1.5659	2.634e-03	   0.079	   106.272
 130	65	 4.5664	 1.0264	   1.5290	        1.5292	          0.0002	   1.6139	2.030e-03	   0.066	   107.091
 131	66	 4.5666	 1.0254	   1.5290	        1.5292	          0.0002	   1.5679	2.453e-03	   0.071	   107.918
 132	66	 4.5668	 1.0255	   1.5290	        1.5292	          0.0002	   1.5820	2.425e-03	   0.073	   108.745
 133	67	 4.5672	 1.0255	   1.5290	        1.5292	          0.0002	   1.5835	2.439e-03	   0.065	   109.568
 134	67	 4.5657	 1.0259	   1.5290	        1.5292	          0.0002	   1.5896	2.264e-03	   0.067	   110.392
 135	68	 4.5673	 1.0256	   1.5290	        1.5292	          0.0002	   1.5850	2.359e-03	   0.072	   111.207
 136	68	 4.5656	 1.0259	   1.5290	        1.5292	          0.0002	   1.5857	2.237e-03	   0.076	   112.038
 137	69	 4.5643	 1.0242	   1.5290	        1.5292	          0.0002	   1.5435	2.987e-03	   0.064	   112.862
 138	69	 4.5644	 1.0266	   1.5290	        1.5292	          0.0002	   1.6348	1.953e-03	   0.075	   113.706
 139	70	 4.5648	 1.0266	   1.5290	        1.5292	          0.0002	   1.5882	1.914e-03	   0.084	   114.563
 140	70	 4.5643	 1.0267	   1.5290	        1.5292	          0.0002	   1.5844	1.873e-03	   0.080	   115.411
 141	71	 4.5638	 1.0263	   1.5290	        1.5292	          0.0002	   1.5759	2.082e-03	   0.066	   116.237
 142	71	 4.5635	 1.0269	   1.5290	        1.5292	          0.0002	   1.5958	1.786e-03	   0.069	   117.064
 143	72	 4.5634	 1.0265	   1.5290	        1.5292	          0.0002	   1.5693	1.963e-03	   0.078	   117.899
 144	72	 4.5637	 1.0267	   1.5290	        1.5292	          0.0002	   1.5961	1.886e-03	   0.070	   118.710
 145	73	 4.5645	 1.0272	   1.5290	        1.5292	          0.0002	   1.5993	1.680e-03	   0.070	   119.537
 146	73	 4.5641	 1.0260	   1.5290	        1.5292	          0.0002	   1.5547	2.181e-03	   0.083	   120.386
 147	74	 4.5634	 1.0258	   1.5290	        1.5292	          0.0002	   1.5778	2.281e-03	   0.070	   121.240
 148	74	 4.5644	 1.0264	   1.5290	        1.5292	          0.0002	   1.6022	2.009e-03	   0.070	   122.079
 149	75	 4.5645	 1.0273	   1.5290	        1.5292	          0.0002	   1.6051	1.617e-03	   0.081	   122.906
 150	75	 4.5645	 1.0267	   1.5290	        1.5292	          0.0002	   1.5746	1.874e-03	   0.072	   123.775
 151	76	 4.5647	 1.0269	   1.5290	        1.5292	          0.0002	   1.5909	1.806e-03	   0.077	   124.665
 152	76	 4.5649	 1.0269	   1.5290	        1.5292	          0.0002	   1.5857	1.783e-03	   0.079	   125.548
 153	77	 4.5653	 1.0270	   1.5290	        1.5292	          0.0002	   1.5862	1.749e-03	   0.067	   126.411
 154	77	 4.5657	 1.0263	   1.5290	        1.5292	          0.0002	   1.5702	2.060e-03	   0.072	   127.275
 155	78	 4.5655	 1.0279	   1.5290	        1.5292	          0.0002	   1.6234	1.355e-03	   0.070	   128.173
 156	78	 4.5659	 1.0265	   1.5290	        1.5292	          0.0002	   1.5518	1.990e-03	   0.072	   129.028
 157	79	 4.5667	 1.0242	   1.5290	        1.5292	          0.0002	   1.5301	3.014e-03	   0.071	   129.850
 158	79	 4.5657	 1.0261	   1.5290	        1.5292	          0.0002	   1.6275	2.174e-03	   0.066	   130.670
 159	80	 4.5650	 1.0274	   1.5290	        1.5292	          0.0002	   1.6233	1.577e-03	   0.079	   131.505
 160	80	 4.5645	 1.0265	   1.5290	        1.5292	          0.0002	   1.5557	1.966e-03	   0.070	   132.327
 161	81	 4.5635	 1.0263	   1.5290	        1.5292	          0.0002	   1.5771	2.044e-03	   0.066	   133.143
 162	81	 4.5640	 1.0263	   1.5290	        1.5292	          0.0002	   1.5835	2.074e-03	   0.080	   133.983
 163	82	 4.5630	 1.0258	   1.5290	        1.5292	          0.0002	   1.5678	2.273e-03	   0.078	   134.835
 164	82	 4.5639	 1.0262	   1.5290	        1.5292	          0.0002	   1.5975	2.095e-03	   0.072	   135.681
 165	83	 4.5636	 1.0270	   1.5290	        1.5292	          0.0002	   1.6089	1.764e-03	   0.069	   136.528
 166	83	 4.5643	 1.0260	   1.5290	        1.5292	          0.0002	   1.5539	2.220e-03	   0.079	   137.359
 167	84	 4.5627	 1.0262	   1.5290	        1.5292	          0.0002	   1.5823	2.105e-03	   0.072	   138.179
 168	84	 4.5641	 1.0260	   1.5290	        1.5292	          0.0002	   1.5834	2.202e-03	   0.075	   138.999
 169	85	 4.5642	 1.0255	   1.5290	        1.5292	          0.0002	   1.5691	2.414e-03	   0.074	   139.820
 170	85	 4.5644	 1.0253	   1.5290	        1.5292	          0.0002	   1.5809	2.491e-03	   0.071	   140.651
 171	86	 4.5643	 1.0246	   1.5290	        1.5292	          0.0002	   1.5621	2.827e-03	   0.078	   141.513
 172	86	 4.5644	 1.0258	   1.5290	        1.5292	          0.0002	   1.6198	2.283e-03	   0.074	   142.330
 173	87	 4.5643	 1.0265	   1.5290	        1.5292	          0.0002	   1.6019	1.965e-03	   0.067	   143.159
 174	87	 4.5640	 1.0258	   1.5290	        1.5292	          0.0002	   1.5662	2.275e-03	   0.074	   144.000
 175	88	 4.5638	 1.0258	   1.5290	        1.5292	          0.0002	   1.5830	2.284e-03	   0.080	   144.882
 176	88	 4.5636	 1.0260	   1.5290	        1.5292	          0.0002	   1.5899	2.179e-03	   0.082	   145.781
 177	89	 4.5638	 1.0272	   1.5290	        1.5292	          0.0002	   1.6211	1.688e-03	   0.072	   146.651
 178	89	 4.5631	 1.0268	   1.5290	        1.5292	          0.0002	   1.5680	1.864e-03	   0.069	   147.488
 179	90	 4.5623	 1.0255	   1.5290	        1.5292	          0.0002	   1.5403	2.417e-03	   0.080	   148.323
 180	90	 4.5632	 1.0268	   1.5290	        1.5292	          0.0002	   1.6294	1.864e-03	   0.067	   149.137
 181	91	 4.5637	 1.0279	   1.5290	        1.5292	          0.0002	   1.6229	1.369e-03	   0.064	   149.959
 182	91	 4.5623	 1.0266	   1.5290	        1.5292	          0.0002	   1.5386	1.913e-03	   0.073	   150.787
 183	92	 4.5619	 1.0258	   1.5290	        1.5292	          0.0002	   1.5566	2.301e-03	   0.073	   151.610
 184	92	 4.5621	 1.0267	   1.5290	        1.5292	          0.0002	   1.6131	1.906e-03	   0.068	   152.432
 185	93	 4.5617	 1.0267	   1.5290	        1.5292	          0.0002	   1.5839	1.899e-03	   0.076	   153.256
 186	93	 4.5620	 1.0272	   1.5290	        1.5292	          0.0002	   1.6038	1.680e-03	   0.073	   154.083
 187	94	 4.5622	 1.0278	   1.5290	        1.5292	          0.0002	   1.6050	1.412e-03	   0.073	   154.960
 188	94	 4.5626	 1.0270	   1.5290	        1.5292	          0.0002	   1.5654	1.744e-03	   0.081	   155.860
 189	95	 4.5631	 1.0267	   1.5290	        1.5292	          0.0002	   1.5790	1.877e-03	   0.080	   156.753
 190	95	 4.5626	 1.0268	   1.5290	        1.5292	          0.0002	   1.5847	1.840e-03	   0.073	   157.615
 191	96	 4.5621	 1.0255	   1.5290	        1.5292	          0.0002	   1.5344	2.444e-03	   0.072	   158.449
 192	96	 4.5623	 1.0261	   1.5290	        1.5292	          0.0002	   1.6106	2.143e-03	   0.074	   159.279
 193	97	 4.5633	 1.0269	   1.5290	        1.5292	          0.0002	   1.6149	1.782e-03	   0.068	   160.109
 194	97	 4.5632	 1.0262	   1.5290	        1.5292	          0.0002	   1.5597	2.128e-03	   0.075	   160.966
 195	98	 4.5634	 1.0253	   1.5290	        1.5292	          0.0002	   1.5596	2.502e-03	   0.075	   161.814
 196	98	 4.5636	 1.0263	   1.5290	        1.5292	          0.0002	   1.6159	2.081e-03	   0.079	   162.645
 197	99	 4.5636	 1.0260	   1.5290	        1.5292	          0.0002	   1.5776	2.221e-03	   0.067	   163.462
 198	99	 4.5631	 1.0261	   1.5290	        1.5292	          0.0002	   1.5805	2.161e-03	   0.074	   164.296
 199	100	 4.5632	 1.0260	   1.5290	        1.5292	          0.0002	   1.5789	2.203e-03	   0.084	   165.178
 200	100	 4.5629	 1.0261	   1.5290	        1.5292	          0.0002	   1.5869	2.175e-03	   0.076	   166.088
 201	101	 4.5629	 1.0252	   1.5290	        1.5292	          0.0002	   1.5519	2.543e-03	   0.083	   167.064
 202	101	 4.5622	 1.0258	   1.5290	        1.5292	          0.0002	   1.5990	2.305e-03	   0.086	   167.980
 203	102	 4.5620	 1.0256	   1.5290	        1.5292	          0.0002	   1.5760	2.394e-03	   0.072	   168.831
 204	102	 4.5620	 1.0261	   1.5290	        1.5292	          0.0002	   1.6026	2.146e-03	   0.069	   169.654
 205	103	 4.5616	 1.0270	   1.5290	        1.5292	          0.0002	   1.6117	1.768e-03	   0.076	   170.475
 206	103	 4.5612	 1.0263	   1.5290	        1.5292	          0.0002	   1.5605	2.045e-03	   0.076	   171.303
 207	104	 4.5612	 1.0267	   1.5290	        1.5292	          0.0002	   1.5945	1.886e-03	   0.070	   172.125
 208	104	 4.5613	 1.0265	   1.5290	        1.5292	          0.0002	   1.5797	1.985e-03	   0.070	   172.940
 209	105	 4.5600	 1.0264	   1.5290	        1.5292	          0.0002	   1.5772	2.034e-03	   0.075	   173.771
 210	105	 4.5609	 1.0263	   1.5290	        1.5292	          0.0002	   1.5809	2.074e-03	   0.071	   174.598
 211	106	 4.5597	 1.0271	   1.5290	        1.5292	          0.0002	   1.6071	1.692e-03	   0.074	   175.428
 212	106	 4.5600	 1.0262	   1.5290	        1.5292	          0.0002	   1.5543	2.095e-03	   0.071	   176.285
 213	107	 4.5599	 1.0255	   1.5290	        1.5292	          0.0002	   1.5594	2.406e-03	   0.074	   177.135
 214	107	 4.5601	 1.0265	   1.5290	        1.5292	          0.0002	   1.6179	1.984e-03	   0.064	   177.971
 215	108	 4.5604	 1.0269	   1.5290	        1.5292	          0.0002	   1.5987	1.820e-03	   0.068	   178.798
 216	108	 4.5604	 1.0259	   1.5290	        1.5292	          0.0002	   1.5514	2.231e-03	   0.079	   179.628
 217	109	 4.5611	 1.0261	   1.5290	        1.5292	          0.0002	   1.5964	2.137e-03	   0.063	   180.443
 218	109	 4.5602	 1.0263	   1.5290	        1.5292	          0.0002	   1.5843	2.074e-03	   0.076	   181.304
 219	110	 4.5607	 1.0264	   1.5290	        1.5292	          0.0002	   1.5900	2.027e-03	   0.077	   182.133
 220	110	 4.5601	 1.0265	   1.5290	        1.5292	          0.0002	   1.5854	1.993e-03	   0.068	   182.958
 221	111	 4.5598	 1.0263	   1.5290	        1.5292	          0.0002	   1.5711	2.083e-03	   0.068	   183.781
 222	111	 4.5598	 1.0266	   1.5290	        1.5292	          0.0002	   1.6012	1.927e-03	   0.074	   184.601
 223	112	 4.5603	 1.0270	   1.5290	        1.5292	          0.0002	   1.6007	1.748e-03	   0.076	   185.459
 224	112	 4.5607	 1.0262	   1.5290	        1.5292	          0.0002	   1.5553	2.111e-03	   0.080	   186.349
 225	113	 4.5607	 1.0273	   1.5290	        1.5292	          0.0002	   1.6198	1.630e-03	   0.076	   187.229
 226	113	 4.5609	 1.0261	   1.5290	        1.5292	          0.0002	   1.5437	2.156e-03	   0.079	   188.110
 227	114	 4.5605	 1.0267	   1.5290	        1.5292	          0.0002	   1.6093	1.868e-03	   0.071	   188.944
 228	114	 4.5611	 1.0260	   1.5290	        1.5292	          0.0002	   1.5586	2.198e-03	   0.071	   189.758
 229	115	 4.5611	 1.0266	   1.5290	        1.5292	          0.0002	   1.6077	1.921e-03	   0.076	   190.588
 230	115	 4.5610	 1.0262	   1.5290	        1.5292	          0.0002	   1.5687	2.130e-03	   0.073	   191.410
 231	116	 4.5619	 1.0260	   1.5290	        1.5292	          0.0002	   1.5818	2.205e-03	   0.069	   192.230
 232	116	 4.5610	 1.0264	   1.5290	        1.5292	          0.0002	   1.5992	2.004e-03	   0.073	   193.061
 233	117	 4.5611	 1.0273	   1.5290	        1.5292	          0.0002	   1.6238	1.623e-03	   0.075	   193.887
 234	117	 4.5607	 1.0263	   1.5290	        1.5292	          0.0002	   1.5398	2.068e-03	   0.065	   194.701
 235	118	 4.5603	 1.0262	   1.5290	        1.5292	          0.0002	   1.5827	2.091e-03	   0.071	   195.526
 236	118	 4.5600	 1.0262	   1.5290	        1.5292	          0.0002	   1.5797	2.100e-03	   0.078	   196.378
 237	119	 4.5594	 1.0260	   1.5290	        1.5292	          0.0002	   1.5708	2.202e-03	   0.068	   197.234
 238	119	 4.5598	 1.0263	   1.5290	        1.5292	          0.0002	   1.5950	2.085e-03	   0.077	   198.086
 239	120	 4.5591	 1.0262	   1.5290	        1.5292	          0.0002	   1.5758	2.115e-03	   0.078	   198.915
 240	120	 4.5594	 1.0264	   1.5290	        1.5292	          0.0002	   1.5941	2.029e-03	   0.066	   199.738
 241	121	 4.5592	 1.0264	   1.5290	        1.5292	          0.0002	   1.5828	2.031e-03	   0.079	   200.588
 242	121	 4.5599	 1.0264	   1.5290	        1.5292	          0.0002	   1.5913	2.025e-03	   0.069	   201.433
 243	122	 4.5600	 1.0268	   1.5290	        1.5292	          0.0002	   1.6010	1.864e-03	   0.073	   202.282
 244	122	 4.5593	 1.0267	   1.5290	        1.5292	          0.0002	   1.5770	1.882e-03	   0.071	   203.100
 245	123	 4.5596	 1.0267	   1.5290	        1.5292	          0.0002	   1.5889	1.887e-03	   0.075	   203.896
 246	123	 4.5590	 1.0265	   1.5290	        1.5292	          0.0002	   1.5714	1.972e-03	   0.062	   204.629
 247	124	 4.5590	 1.0263	   1.5290	        1.5292	          0.0002	   1.5739	2.078e-03	   0.065	   205.333
 248	124	 4.5591	 1.0264	   1.5290	        1.5292	          0.0002	   1.5937	2.018e-03	   0.066	   206.170
 249	125	 4.5599	 1.0269	   1.5290	        1.5292	          0.0002	   1.6062	1.816e-03	   0.059	   206.920
 250	125	 4.5593	 1.0267	   1.5290	        1.5292	          0.0002	   1.5773	1.893e-03	   0.054	   207.614
 251	126	 4.5591	 1.0278	   1.5290	        1.5292	          0.0002	   1.6320	1.410e-03	   0.050	   208.285
 252	126	 4.5590	 1.0269	   1.5290	        1.5292	          0.0002	   1.5424	1.822e-03	   0.050	   208.910
 253	127	 4.5590	 1.0264	   1.5290	        1.5292	          0.0002	   1.5674	2.008e-03	   0.063	   209.574
 254	127	 4.5590	 1.0267	   1.5290	        1.5292	          0.0002	   1.5978	1.885e-03	   0.054	   210.193
 255	128	 4.5582	 1.0266	   1.5290	        1.5292	          0.0002	   1.5773	1.922e-03	   0.061	   210.820
 256	128	 4.5587	 1.0268	   1.5290	        1.5292	          0.0002	   1.5931	1.848e-03	   0.045	   211.412
 257	129	 4.5588	 1.0263	   1.5290	        1.5292	          0.0002	   1.5671	2.053e-03	   0.060	   212.012
 258	129	 4.5588	 1.0264	   1.5290	        1.5292	          0.0002	   1.5838	2.025e-03	   0.052	   212.600
 259	130	 4.5589	 1.0267	   1.5290	        1.5292	          0.0002	   1.5976	1.903e-03	   0.043	   213.182
 260	130	 4.5589	 1.0264	   1.5290	        1.5292	          0.0002	   1.5729	2.028e-03	   0.055	   213.809
 261	131	 4.5590	 1.0270	   1.5290	        1.5292	          0.0002	   1.6096	1.770e-03	   0.045	   214.417
 262	131	 4.5584	 1.0266	   1.5290	        1.5292	          0.0002	   1.5648	1.945e-03	   0.052	   215.046
 263	132	 4.5582	 1.0259	   1.5290	        1.5292	          0.0002	   1.5480	2.267e-03	   0.046	   215.642
 264	132	 4.5583	 1.0266	   1.5290	        1.5292	          0.0002	   1.6192	1.941e-03	   0.044	   216.236
 265	133	 4.5579	 1.0259	   1.5290	        1.5292	          0.0002	   1.5526	2.227e-03	   0.061	   216.841
 266	133	 4.5585	 1.0264	   1.5290	        1.5292	          0.0002	   1.6124	2.016e-03	   0.047	   217.455
 267	134	 4.5586	 1.0272	   1.5290	        1.5292	          0.0002	   1.6235	1.649e-03	   0.053	   218.046
 268	134	 4.5583	 1.0264	   1.5290	        1.5292	          0.0002	   1.5467	2.006e-03	   0.050	   218.631
 269	135	 4.5587	 1.0260	   1.5290	        1.5292	          0.0002	   1.5655	2.216e-03	   0.047	   219.222
 270	135	 4.5584	 1.0265	   1.5290	        1.5292	          0.0002	   1.6081	1.989e-03	   0.056	   219.818
 271	136	 4.5582	 1.0260	   1.5290	        1.5292	          0.0002	   1.5627	2.204e-03	   0.042	   220.399
 272	136	 4.5584	 1.0267	   1.5290	        1.5292	          0.0002	   1.6193	1.880e-03	   0.061	   221.030
 273	137	 4.5585	 1.0268	   1.5290	        1.5292	          0.0002	   1.5855	1.864e-03	   0.055	   221.692
 274	137	 4.5583	 1.0268	   1.5290	        1.5292	          0.0002	   1.5896	1.825e-03	   0.047	   222.348
 275	138	 4.5575	 1.0269	   1.5290	        1.5292	          0.0002	   1.5814	1.786e-03	   0.054	   222.983
 276	138	 4.5579	 1.0270	   1.5290	        1.5292	          0.0002	   1.5920	1.758e-03	   0.049	   223.569
 277	139	 4.5580	 1.0267	   1.5290	        1.5292	          0.0002	   1.5717	1.869e-03	   0.049	   224.166
 278	139	 4.5576	 1.0272	   1.5290	        1.5292	          0.0002	   1.6049	1.675e-03	   0.050	   224.751
 279	140	 4.5576	 1.0277	   1.5290	        1.5292	          0.0002	   1.6105	1.427e-03	   0.049	   225.342
 280	140	 4.5574	 1.0273	   1.5290	        1.5292	          0.0002	   1.5610	1.643e-03	   0.055	   225.949
 281	141	 4.5568	 1.0275	   1.5290	        1.5292	          0.0002	   1.5913	1.530e-03	   0.053	   226.583
 282	141	 4.5567	 1.0273	   1.5290	        1.5292	          0.0002	   1.5749	1.606e-03	   0.052	   227.220
 283	142	 4.5570	 1.0269	   1.5290	        1.5292	          0.0002	   1.5652	1.815e-03	   0.056	   227.841
 284	142	 4.5568	 1.0273	   1.5290	        1.5292	          0.0002	   1.6032	1.629e-03	   0.046	   228.425
 285	143	 4.5572	 1.0276	   1.5290	        1.5292	          0.0002	   1.6006	1.513e-03	   0.059	   229.049
 286	143	 4.5569	 1.0271	   1.5290	        1.5292	          0.0002	   1.5607	1.707e-03	   0.047	   229.673
 287	144	 4.5574	 1.0267	   1.5290	        1.5292	          0.0002	   1.5717	1.880e-03	   0.047	   230.284
 288	144	 4.5571	 1.0274	   1.5290	        1.5292	          0.0002	   1.6120	1.597e-03	   0.048	   230.881
 289	145	 4.5569	 1.0275	   1.5290	        1.5292	          0.0002	   1.5873	1.555e-03	   0.053	   231.511
 290	145	 4.5573	 1.0271	   1.5290	        1.5292	          0.0002	   1.5748	1.696e-03	   0.051	   232.127
 291	146	 4.5567	 1.0276	   1.5290	        1.5292	          0.0002	   1.6007	1.505e-03	   0.043	   232.711
 292	146	 4.5573	 1.0271	   1.5290	        1.5292	          0.0002	   1.5672	1.709e-03	   0.053	   233.310
 293	147	 4.5573	 1.0277	   1.5290	        1.5292	          0.0002	   1.6104	1.466e-03	   0.057	   233.900
 294	147	 4.5575	 1.0270	   1.5290	        1.5292	          0.0002	   1.5523	1.771e-03	   0.055	   234.556
 295	148	 4.5570	 1.0274	   1.5290	        1.5292	          0.0002	   1.6002	1.596e-03	   0.062	   235.225
 296	148	 4.5578	 1.0268	   1.5290	        1.5292	          0.0002	   1.5650	1.823e-03	   0.058	   235.873
 297	149	 4.5578	 1.0273	   1.5290	        1.5292	          0.0002	   1.6031	1.645e-03	   0.053	   236.528
 298	149	 4.5575	 1.0270	   1.5290	        1.5292	          0.0002	   1.5718	1.756e-03	   0.066	   237.207
 299	150	 4.5572	 1.0265	   1.5290	        1.5292	          0.0002	   1.5557	1.983e-03	   0.045	   237.842
 300	150	 4.5574	 1.0270	   1.5290	        1.5292	          0.0002	   1.6106	1.773e-03	   0.059	   238.456
 301	151	 4.5577	 1.0271	   1.5290	        1.5292	          0.0002	   1.5929	1.705e-03	   0.042	   239.033
 302	151	 4.5575	 1.0269	   1.5290	        1.5292	          0.0002	   1.5771	1.780e-03	   0.050	   239.626
 303	152	 4.5584	 1.0271	   1.5290	        1.5292	          0.0002	   1.5989	1.718e-03	   0.051	   240.222
 304	152	 4.5578	 1.0270	   1.5290	        1.5292	          0.0002	   1.5752	1.771e-03	   0.042	   240.805
 305	153	 4.5571	 1.0267	   1.5290	        1.5292	          0.0002	   1.5686	1.882e-03	   0.049	   241.403
 306	153	 4.5575	 1.0268	   1.5290	        1.5292	          0.0002	   1.5899	1.827e-03	   0.045	   241.987
 307	154	 4.5577	 1.0261	   1.5290	        1.5292	          0.0002	   1.5415	2.176e-03	   0.049	   242.582
 308	154	 4.5580	 1.0265	   1.5290	        1.5292	          0.0002	   1.6136	1.970e-03	   0.044	   243.167
 309	155	 4.5579	 1.0263	   1.5290	        1.5292	          0.0002	   1.5688	2.077e-03	   0.054	   243.784
 310	155	 4.5579	 1.0267	   1.5290	        1.5292	          0.0002	   1.6116	1.872e-03	   0.057	   244.402
 311	156	 4.5580	 1.0261	   1.5290	        1.5292	          0.0002	   1.5519	2.163e-03	   0.053	   245.031
 312	156	 4.5582	 1.0269	   1.5290	        1.5292	          0.0002	   1.6283	1.808e-03	   0.053	   245.621
 313	157	 4.5578	 1.0269	   1.5290	        1.5292	          0.0002	   1.5782	1.820e-03	   0.057	   246.249
 314	157	 4.5580	 1.0269	   1.5290	        1.5292	          0.0002	   1.5902	1.803e-03	   0.045	   246.839
 315	158	 4.5582	 1.0266	   1.5290	        1.5292	          0.0002	   1.5727	1.927e-03	   0.051	   247.425
 316	158	 4.5581	 1.0270	   1.5290	        1.5292	          0.0002	   1.6031	1.766e-03	   0.048	   248.017
 317	159	 4.5581	 1.0267	   1.5290	        1.5292	          0.0002	   1.5728	1.878e-03	   0.052	   248.609
 318	159	 4.5583	 1.0266	   1.5290	        1.5292	          0.0002	   1.5758	1.954e-03	   0.048	   249.196
 319	160	 4.5582	 1.0268	   1.5290	        1.5292	          0.0002	   1.5958	1.836e-03	   0.045	   249.784
 320	160	 4.5584	 1.0265	   1.5290	        1.5292	          0.0002	   1.5729	1.965e-03	   0.056	   250.384
 321	161	 4.5588	 1.0266	   1.5290	        1.5292	          0.0002	   1.5991	1.916e-03	   0.052	   251.005
 322	161	 4.5583	 1.0266	   1.5290	        1.5292	          0.0002	   1.5741	1.917e-03	   0.056	   251.674
 323	162	 4.5586	 1.0265	   1.5290	        1.5292	          0.0002	   1.5787	1.978e-03	   0.060	   252.334
 324	162	 4.5584	 1.0266	   1.5290	        1.5292	          0.0002	   1.5884	1.945e-03	   0.047	   252.954
 325	163	 4.5585	 1.0266	   1.5290	        1.5292	          0.0002	   1.5879	1.939e-03	   0.052	   253.545
 326	163	 4.5584	 1.0265	   1.5290	        1.5292	          0.0002	   1.5778	1.981e-03	   0.050	   254.133
 327	164	 4.5579	 1.0259	   1.5290	        1.5292	          0.0002	   1.5492	2.245e-03	   0.047	   254.725
 328	164	 4.5580	 1.0265	   1.5290	        1.5292	          0.0002	   1.6177	1.969e-03	   0.053	   255.316
 329	165	 4.5579	 1.0269	   1.5290	        1.5292	          0.0002	   1.6049	1.788e-03	   0.043	   255.901
 330	165	 4.5579	 1.0266	   1.5290	        1.5292	          0.0002	   1.5662	1.948e-03	   0.054	   256.497
 331	166	 4.5577	 1.0269	   1.5290	        1.5292	          0.0002	   1.5985	1.821e-03	   0.044	   257.084
 332	166	 4.5576	 1.0268	   1.5290	        1.5292	          0.0002	   1.5816	1.848e-03	   0.049	   257.673
 333	167	 4.5573	 1.0266	   1.5290	        1.5292	          0.0002	   1.5660	1.953e-03	   0.053	   258.271
 334	167	 4.5576	 1.0270	   1.5290	        1.5292	          0.0002	   1.6142	1.757e-03	   0.050	   258.891
 335	168	 4.5572	 1.0265	   1.5290	        1.5292	          0.0002	   1.5515	1.991e-03	   0.055	   259.511
 336	168	 4.5581	 1.0269	   1.5290	        1.5292	          0.0002	   1.6181	1.790e-03	   0.046	   260.150
 337	169	 4.5581	 1.0271	   1.5290	        1.5292	          0.0002	   1.5956	1.705e-03	   0.061	   260.775
 338	169	 4.5578	 1.0268	   1.5290	        1.5292	          0.0002	   1.5634	1.847e-03	   0.047	   261.370
 339	170	 4.5575	 1.0271	   1.5290	        1.5292	          0.0002	   1.6006	1.707e-03	   0.051	   261.964
 340	170	 4.5582	 1.0268	   1.5290	        1.5292	          0.0002	   1.5676	1.861e-03	   0.058	   262.555
 341	171	 4.5584	 1.0267	   1.5290	        1.5292	          0.0002	   1.5867	1.877e-03	   0.054	   263.181
 342	171	 4.5580	 1.0267	   1.5290	        1.5292	          0.0002	   1.5801	1.870e-03	   0.055	   263.854
 343	172	 4.5581	 1.0266	   1.5290	        1.5292	          0.0002	   1.5759	1.948e-03	   0.049	   264.459
 344	172	 4.5581	 1.0266	   1.5290	        1.5292	          0.0002	   1.5852	1.942e-03	   0.042	   265.052
 345	173	 4.5584	 1.0267	   1.5290	        1.5292	          0.0002	   1.5919	1.906e-03	   0.058	   265.664
 346	173	 4.5579	 1.0266	   1.5290	        1.5292	          0.0002	   1.5769	1.942e-03	   0.049	   266.301
 347	174	 4.5577	 1.0269	   1.5290	        1.5292	          0.0002	   1.6058	1.788e-03	   0.057	   266.987
 348	174	 4.5577	 1.0265	   1.5290	        1.5292	          0.0002	   1.5610	1.961e-03	   0.050	   267.618
 349	175	 4.5575	 1.0265	   1.5290	        1.5292	          0.0002	   1.5834	1.970e-03	   0.051	   268.218
 350	175	 4.5573	 1.0266	   1.5290	        1.5292	          0.0002	   1.5842	1.927e-03	   0.056	   268.818
 351	176	 4.5572	 1.0269	   1.5290	        1.5292	          0.0002	   1.6027	1.791e-03	   0.046	   269.398
 352	176	 4.5574	 1.0267	   1.5290	        1.5292	          0.0002	   1.5722	1.909e-03	   0.055	   269.992
 353	177	 4.5576	 1.0264	   1.5290	        1.5292	          0.0002	   1.5739	2.004e-03	   0.051	   270.580
 354	177	 4.5577	 1.0264	   1.5290	        1.5292	          0.0002	   1.5814	2.035e-03	   0.052	   271.173
 355	178	 4.5580	 1.0262	   1.5290	        1.5292	          0.0002	   1.5755	2.094e-03	   0.049	   271.757
 356	178	 4.5576	 1.0264	   1.5290	        1.5292	          0.0002	   1.5894	2.032e-03	   0.053	   272.351
 357	179	 4.5580	 1.0261	   1.5290	        1.5292	          0.0002	   1.5682	2.173e-03	   0.054	   272.944
 358	179	 4.5576	 1.0262	   1.5290	        1.5292	          0.0002	   1.5917	2.096e-03	   0.048	   273.548
 359	180	 4.5576	 1.0256	   1.5290	        1.5292	          0.0002	   1.5456	2.400e-03	   0.051	   274.172
 360	180	 4.5574	 1.0262	   1.5290	        1.5292	          0.0002	   1.6170	2.127e-03	   0.058	   274.819
 361	181	 4.5572	 1.0266	   1.5290	        1.5292	          0.0002	   1.6094	1.933e-03	   0.040	   275.423
 362	181	 4.5573	 1.0262	   1.5290	        1.5292	          0.0002	   1.5603	2.105e-03	   0.052	   276.013
 363	182	 4.5574	 1.0266	   1.5290	        1.5292	          0.0002	   1.6057	1.929e-03	   0.051	   276.607
 364	182	 4.5573	 1.0263	   1.5290	        1.5292	          0.0002	   1.5677	2.063e-03	   0.041	   277.194
 365	183	 4.5572	 1.0266	   1.5290	        1.5292	          0.0002	   1.6004	1.926e-03	   0.055	   277.788
 366	183	 4.5574	 1.0266	   1.5290	        1.5292	          0.0002	   1.5840	1.951e-03	   0.045	   278.372
 367	184	 4.5576	 1.0272	   1.5290	        1.5292	          0.0002	   1.6269	1.664e-03	   0.057	   278.973
 368	184	 4.5572	 1.0265	   1.5290	        1.5292	          0.0002	   1.5345	1.986e-03	   0.046	   279.552
 369	185	 4.5568	 1.0268	   1.5290	        1.5292	          0.0002	   1.6007	1.858e-03	   0.054	   280.146
 370	185	 4.5570	 1.0266	   1.5290	        1.5292	          0.0002	   1.5723	1.928e-03	   0.062	   280.794
 371	186	 4.5570	 1.0267	   1.5290	        1.5292	          0.0002	   1.5888	1.880e-03	   0.045	   281.438
 372	186	 4.5565	 1.0264	   1.5290	        1.5292	          0.0002	   1.5620	2.014e-03	   0.063	   282.131
 373	187	 4.5557	 1.0265	   1.5290	        1.5292	          0.0002	   1.5819	1.973e-03	   0.059	   282.789
 374	187	 4.5563	 1.0263	   1.5290	        1.5292	          0.0002	   1.5788	2.051e-03	   0.051	   283.426
 375	188	 4.5561	 1.0257	   1.5290	        1.5292	          0.0002	   1.5403	2.342e-03	   0.055	   284.050
 376	188	 4.5561	 1.0263	   1.5290	        1.5292	          0.0002	   1.6273	2.058e-03	   0.052	   284.661
 377	189	 4.5561	 1.0267	   1.5290	        1.5292	          0.0002	   1.6039	1.903e-03	   0.058	   285.254
 378	189	 4.5561	 1.0266	   1.5290	        1.5292	          0.0002	   1.5813	1.942e-03	   0.050	   285.842
 379	190	 4.5565	 1.0263	   1.5290	        1.5292	          0.0002	   1.5687	2.059e-03	   0.051	   286.427
 380	190	 4.5562	 1.0267	   1.5290	        1.5292	          0.0002	   1.6117	1.878e-03	   0.059	   287.024
 381	191	 4.5564	 1.0265	   1.5290	        1.5292	          0.0002	   1.5700	1.964e-03	   0.043	   287.607
 382	191	 4.5566	 1.0266	   1.5290	        1.5292	          0.0002	   1.5945	1.927e-03	   0.063	   288.211
 383	192	 4.5569	 1.0269	   1.5290	        1.5292	          0.0002	   1.6056	1.803e-03	   0.056	   288.848
 384	192	 4.5566	 1.0264	   1.5290	        1.5292	          0.0002	   1.5508	2.012e-03	   0.060	   289.511
 385	193	 4.5563	 1.0263	   1.5290	        1.5292	          0.0002	   1.5734	2.046e-03	   0.050	   290.126
 386	193	 4.5565	 1.0265	   1.5290	        1.5292	          0.0002	   1.6045	1.958e-03	   0.046	   290.714
 387	194	 4.5566	 1.0265	   1.5290	        1.5292	          0.0002	   1.5871	1.955e-03	   0.059	   291.351
 388	194	 4.5563	 1.0268	   1.5290	        1.5292	          0.0002	   1.5940	1.858e-03	   0.049	   292.017
 389	195	 4.5562	 1.0269	   1.5290	        1.5292	          0.0002	   1.5924	1.818e-03	   0.053	   292.677
 390	195	 4.5561	 1.0270	   1.5290	        1.5292	          0.0002	   1.5895	1.765e-03	   0.056	   293.287
 391	196	 4.5560	 1.0273	   1.5290	        1.5292	          0.0002	   1.6074	1.604e-03	   0.046	   293.873
 392	196	 4.5562	 1.0269	   1.5290	        1.5292	          0.0002	   1.5574	1.811e-03	   0.051	   294.464
 393	197	 4.5564	 1.0268	   1.5290	        1.5292	          0.0002	   1.5760	1.846e-03	   0.058	   295.057
 394	197	 4.5568	 1.0268	   1.5290	        1.5292	          0.0002	   1.5892	1.865e-03	   0.054	   295.673
 395	198	 4.5565	 1.0264	   1.5290	        1.5292	          0.0002	   1.5572	2.038e-03	   0.070	   296.329
 396	198	 4.5569	 1.0266	   1.5290	        1.5292	          0.0002	   1.6039	1.915e-03	   0.055	   296.994
 397	199	 4.5565	 1.0269	   1.5290	        1.5292	          0.0002	   1.5964	1.797e-03	   0.063	   297.632
 398	199	 4.5570	 1.0264	   1.5290	        1.5292	          0.0002	   1.5586	2.007e-03	   0.049	   298.224
 399	200	 4.5568	 1.0264	   1.5290	        1.5292	          0.0002	   1.5838	2.037e-03	   0.047	   298.809
 400	200	 4.5570	 1.0265	   1.5290	        1.5292	          0.0002	   1.5890	1.993e-03	   0.052	   299.394

[BSGD] Finished on device cuda -> σ_f² ≈ 4.5570, σ_ε² ≈ 1.0265
