[GPU 6][JOB 175] 'python cli.py bsgd --n 1024 --lengthscale 0.5 --sigma-f2-true 4.0 --sigma-eps2-true 1.0 --n-epochs 200 --device auto --theta-min 1e-4 --theta-max 20.0 --print-every 1 --seed 4 --batch-size 1024 --sigma-f2-init 5.0 --sigma-eps2-init 3.0 --alpha1 6.0 '

=== BSGD (biased SGD on exact kernel) ===
iter	epoch	σ_f²	σ_ε²	real_nlml	real_nlml_true	real_nlml_abs_err	mini_nlml	||grad||	duration_s	wall_time_s
   1	 1	 4.8055	 2.3728	   1.6525	        1.5215	          0.1310	   1.6525	1.142e-01	   0.232	     0.263
   2	 2	 4.7436	 2.0302	   1.6128	        1.5215	          0.0913	   1.6128	1.166e-01	   0.033	     0.595
   3	 3	 4.7156	 1.7969	   1.5858	        1.5215	          0.0643	   1.5858	1.147e-01	   0.077	     1.183
   4	 4	 4.7017	 1.6249	   1.5664	        1.5215	          0.0449	   1.5664	1.095e-01	   0.077	     1.930
   5	 5	 4.6949	 1.4935	   1.5525	        1.5215	          0.0310	   1.5525	1.018e-01	   0.090	     2.789
   6	 6	 4.6923	 1.3917	   1.5426	        1.5215	          0.0211	   1.5426	9.243e-02	   0.095	     3.662
   7	 7	 4.6920	 1.3125	   1.5356	        1.5215	          0.0141	   1.5356	8.224e-02	   0.094	     4.601
   8	 8	 4.6932	 1.2508	   1.5309	        1.5215	          0.0094	   1.5309	7.197e-02	   0.099	     5.530
   9	 9	 4.6953	 1.2028	   1.5276	        1.5215	          0.0061	   1.5276	6.220e-02	   0.088	     6.469
  10	10	 4.6979	 1.1655	   1.5255	        1.5215	          0.0040	   1.5255	5.331e-02	   0.106	     7.464
  11	11	 4.7008	 1.1364	   1.5241	        1.5215	          0.0025	   1.5241	4.548e-02	   0.107	     8.486
  12	12	 4.7038	 1.1137	   1.5231	        1.5215	          0.0016	   1.5231	3.872e-02	   0.111	     9.493
  13	13	 4.7068	 1.0958	   1.5224	        1.5215	          0.0009	   1.5224	3.299e-02	   0.115	    10.506
  14	14	 4.7097	 1.0816	   1.5220	        1.5215	          0.0005	   1.5220	2.818e-02	   0.104	    11.533
  15	15	 4.7126	 1.0704	   1.5217	        1.5215	          0.0002	   1.5217	2.415e-02	   0.103	    12.561
  16	16	 4.7154	 1.0613	   1.5215	        1.5215	          0.0000	   1.5215	2.078e-02	   0.110	    13.568
  17	17	 4.7181	 1.0540	   1.5214	        1.5215	          0.0001	   1.5214	1.797e-02	   0.105	    14.564
  18	18	 4.7206	 1.0480	   1.5213	        1.5215	          0.0002	   1.5213	1.561e-02	   0.109	    15.568
  19	19	 4.7231	 1.0431	   1.5212	        1.5215	          0.0003	   1.5212	1.363e-02	   0.103	    16.569
  20	20	 4.7254	 1.0390	   1.5211	        1.5215	          0.0004	   1.5211	1.196e-02	   0.103	    17.572
  21	21	 4.7276	 1.0356	   1.5211	        1.5215	          0.0004	   1.5211	1.054e-02	   0.112	    18.581
  22	22	 4.7297	 1.0327	   1.5211	        1.5215	          0.0004	   1.5211	9.331e-03	   0.104	    19.577
  23	23	 4.7317	 1.0303	   1.5211	        1.5215	          0.0004	   1.5211	8.298e-03	   0.122	    20.660
  24	24	 4.7337	 1.0282	   1.5210	        1.5215	          0.0005	   1.5210	7.410e-03	   0.104	    21.738
  25	25	 4.7355	 1.0264	   1.5210	        1.5215	          0.0005	   1.5210	6.643e-03	   0.110	    22.817
  26	26	 4.7373	 1.0249	   1.5210	        1.5215	          0.0005	   1.5210	5.978e-03	   0.114	    23.855
  27	27	 4.7390	 1.0235	   1.5210	        1.5215	          0.0005	   1.5210	5.399e-03	   0.105	    24.847
  28	28	 4.7406	 1.0224	   1.5210	        1.5215	          0.0005	   1.5210	4.892e-03	   0.108	    25.852
  29	29	 4.7421	 1.0214	   1.5210	        1.5215	          0.0005	   1.5210	4.447e-03	   0.102	    26.854
  30	30	 4.7436	 1.0205	   1.5210	        1.5215	          0.0005	   1.5210	4.055e-03	   0.103	    27.857
  31	31	 4.7451	 1.0197	   1.5210	        1.5215	          0.0005	   1.5210	3.707e-03	   0.108	    28.865
  32	32	 4.7464	 1.0190	   1.5210	        1.5215	          0.0005	   1.5210	3.399e-03	   0.107	    29.863
  33	33	 4.7478	 1.0184	   1.5210	        1.5215	          0.0005	   1.5210	3.124e-03	   0.115	    30.875
  34	34	 4.7490	 1.0178	   1.5210	        1.5215	          0.0005	   1.5210	2.879e-03	   0.102	    31.912
  35	35	 4.7503	 1.0173	   1.5210	        1.5215	          0.0005	   1.5210	2.659e-03	   0.112	    32.945
  36	36	 4.7515	 1.0169	   1.5210	        1.5215	          0.0005	   1.5210	2.461e-03	   0.111	    33.967
  37	37	 4.7526	 1.0165	   1.5210	        1.5215	          0.0005	   1.5210	2.283e-03	   0.107	    34.964
  38	38	 4.7537	 1.0161	   1.5210	        1.5215	          0.0005	   1.5210	2.121e-03	   0.108	    35.968
  39	39	 4.7548	 1.0158	   1.5210	        1.5215	          0.0005	   1.5210	1.975e-03	   0.103	    36.969
  40	40	 4.7559	 1.0155	   1.5210	        1.5215	          0.0005	   1.5210	1.843e-03	   0.102	    37.972
  41	41	 4.7569	 1.0153	   1.5210	        1.5215	          0.0005	   1.5210	1.722e-03	   0.109	    38.980
  42	42	 4.7579	 1.0150	   1.5210	        1.5215	          0.0005	   1.5210	1.612e-03	   0.115	    39.996
  43	43	 4.7588	 1.0148	   1.5210	        1.5215	          0.0005	   1.5210	1.511e-03	   0.111	    41.059
  44	44	 4.7598	 1.0146	   1.5210	        1.5215	          0.0005	   1.5210	1.419e-03	   0.112	    42.160
  45	45	 4.7607	 1.0144	   1.5210	        1.5215	          0.0005	   1.5210	1.335e-03	   0.109	    43.237
  46	46	 4.7615	 1.0142	   1.5210	        1.5215	          0.0005	   1.5210	1.257e-03	   0.110	    44.276
  47	47	 4.7624	 1.0141	   1.5210	        1.5215	          0.0005	   1.5210	1.185e-03	   0.109	    45.273
  48	48	 4.7632	 1.0139	   1.5210	        1.5215	          0.0005	   1.5210	1.119e-03	   0.106	    46.274
  49	49	 4.7640	 1.0138	   1.5210	        1.5215	          0.0005	   1.5210	1.058e-03	   0.109	    47.283
  50	50	 4.7648	 1.0137	   1.5210	        1.5215	          0.0005	   1.5210	1.002e-03	   0.114	    48.365
  51	51	 4.7656	 1.0135	   1.5210	        1.5215	          0.0005	   1.5210	9.493e-04	   0.114	    49.429
  52	52	 4.7663	 1.0134	   1.5210	        1.5215	          0.0005	   1.5210	9.008e-04	   0.110	    50.430
  53	53	 4.7671	 1.0133	   1.5210	        1.5215	          0.0005	   1.5210	8.556e-04	   0.111	    51.435
  54	54	 4.7678	 1.0132	   1.5210	        1.5215	          0.0005	   1.5210	8.137e-04	   0.105	    52.477
  55	55	 4.7685	 1.0131	   1.5210	        1.5215	          0.0005	   1.5210	7.746e-04	   0.104	    53.503
  56	56	 4.7691	 1.0131	   1.5210	        1.5215	          0.0005	   1.5210	7.381e-04	   0.112	    54.533
  57	57	 4.7698	 1.0130	   1.5210	        1.5215	          0.0005	   1.5210	7.040e-04	   0.109	    55.531
  58	58	 4.7705	 1.0129	   1.5210	        1.5215	          0.0005	   1.5210	6.722e-04	   0.109	    56.534
  59	59	 4.7711	 1.0128	   1.5210	        1.5215	          0.0005	   1.5210	6.424e-04	   0.105	    57.536
  60	60	 4.7717	 1.0128	   1.5210	        1.5215	          0.0005	   1.5210	6.145e-04	   0.102	    58.537
  61	61	 4.7723	 1.0127	   1.5210	        1.5215	          0.0005	   1.5210	5.883e-04	   0.111	    59.547
  62	62	 4.7729	 1.0127	   1.5210	        1.5215	          0.0005	   1.5210	5.637e-04	   0.109	    60.542
  63	63	 4.7735	 1.0126	   1.5210	        1.5215	          0.0005	   1.5210	5.406e-04	   0.110	    61.607
  64	64	 4.7741	 1.0126	   1.5210	        1.5215	          0.0005	   1.5210	5.189e-04	   0.114	    62.690
  65	65	 4.7746	 1.0125	   1.5210	        1.5215	          0.0005	   1.5210	4.985e-04	   0.114	    63.764
  66	66	 4.7752	 1.0125	   1.5210	        1.5215	          0.0005	   1.5210	4.793e-04	   0.111	    64.813
  67	67	 4.7757	 1.0124	   1.5210	        1.5215	          0.0005	   1.5210	4.611e-04	   0.113	    65.815
  68	68	 4.7763	 1.0124	   1.5210	        1.5215	          0.0005	   1.5210	4.440e-04	   0.105	    66.813
  69	69	 4.7768	 1.0124	   1.5210	        1.5215	          0.0005	   1.5210	4.279e-04	   0.105	    67.816
  70	70	 4.7773	 1.0123	   1.5210	        1.5215	          0.0005	   1.5210	4.126e-04	   0.106	    68.822
  71	71	 4.7778	 1.0123	   1.5210	        1.5215	          0.0005	   1.5210	3.982e-04	   0.109	    69.826
  72	72	 4.7783	 1.0123	   1.5210	        1.5215	          0.0005	   1.5210	3.846e-04	   0.111	    70.828
  73	73	 4.7788	 1.0122	   1.5210	        1.5215	          0.0005	   1.5210	3.717e-04	   0.106	    71.825
  74	74	 4.7792	 1.0122	   1.5210	        1.5215	          0.0005	   1.5210	3.594e-04	   0.108	    72.871
  75	75	 4.7797	 1.0122	   1.5210	        1.5215	          0.0005	   1.5210	3.478e-04	   0.104	    73.898
  76	76	 4.7802	 1.0121	   1.5210	        1.5215	          0.0005	   1.5210	3.368e-04	   0.108	    74.927
  77	77	 4.7806	 1.0121	   1.5210	        1.5215	          0.0005	   1.5210	3.264e-04	   0.106	    75.925
  78	78	 4.7811	 1.0121	   1.5210	        1.5215	          0.0005	   1.5210	3.165e-04	   0.113	    76.966
  79	79	 4.7815	 1.0121	   1.5210	        1.5215	          0.0005	   1.5210	3.071e-04	   0.110	    78.026
  80	80	 4.7819	 1.0121	   1.5210	        1.5215	          0.0005	   1.5210	2.982e-04	   0.104	    79.066
  81	81	 4.7823	 1.0120	   1.5210	        1.5215	          0.0005	   1.5210	2.897e-04	   0.118	    80.085
  82	82	 4.7827	 1.0120	   1.5210	        1.5215	          0.0005	   1.5210	2.816e-04	   0.113	    81.125
  83	83	 4.7832	 1.0120	   1.5210	        1.5215	          0.0005	   1.5210	2.739e-04	   0.108	    82.169
  84	84	 4.7836	 1.0120	   1.5210	        1.5215	          0.0005	   1.5210	2.666e-04	   0.114	    83.251
  85	85	 4.7840	 1.0120	   1.5210	        1.5215	          0.0005	   1.5210	2.596e-04	   0.109	    84.323
  86	86	 4.7843	 1.0119	   1.5210	        1.5215	          0.0005	   1.5210	2.530e-04	   0.114	    85.378
  87	87	 4.7847	 1.0119	   1.5210	        1.5215	          0.0005	   1.5210	2.467e-04	   0.108	    86.377
  88	88	 4.7851	 1.0119	   1.5210	        1.5215	          0.0005	   1.5210	2.406e-04	   0.121	    87.432
  89	89	 4.7855	 1.0119	   1.5210	        1.5215	          0.0005	   1.5210	2.349e-04	   0.109	    88.529
  90	90	 4.7858	 1.0119	   1.5210	        1.5215	          0.0005	   1.5210	2.294e-04	   0.106	    89.578
  91	91	 4.7862	 1.0119	   1.5210	        1.5215	          0.0005	   1.5210	2.241e-04	   0.109	    90.600
  92	92	 4.7866	 1.0119	   1.5210	        1.5215	          0.0005	   1.5210	2.191e-04	   0.109	    91.597
  93	93	 4.7869	 1.0119	   1.5210	        1.5215	          0.0005	   1.5210	2.143e-04	   0.107	    92.599
  94	94	 4.7873	 1.0118	   1.5210	        1.5215	          0.0005	   1.5210	2.097e-04	   0.107	    93.638
  95	95	 4.7876	 1.0118	   1.5210	        1.5215	          0.0005	   1.5210	2.053e-04	   0.104	    94.672
  96	96	 4.7879	 1.0118	   1.5210	        1.5215	          0.0005	   1.5210	2.011e-04	   0.109	    95.699
  97	97	 4.7883	 1.0118	   1.5210	        1.5215	          0.0005	   1.5210	1.971e-04	   0.108	    96.699
  98	98	 4.7886	 1.0118	   1.5210	        1.5215	          0.0005	   1.5210	1.933e-04	   0.108	    97.702
  99	99	 4.7889	 1.0118	   1.5210	        1.5215	          0.0005	   1.5210	1.896e-04	   0.102	    98.704
 100	100	 4.7892	 1.0118	   1.5210	        1.5215	          0.0005	   1.5210	1.861e-04	   0.100	    99.705
 101	101	 4.7896	 1.0118	   1.5210	        1.5215	          0.0005	   1.5210	1.827e-04	   0.114	   100.719
 102	102	 4.7899	 1.0118	   1.5210	        1.5215	          0.0005	   1.5210	1.795e-04	   0.109	   101.751
 103	103	 4.7902	 1.0118	   1.5210	        1.5215	          0.0005	   1.5210	1.764e-04	   0.110	   102.774
 104	104	 4.7905	 1.0117	   1.5210	        1.5215	          0.0005	   1.5210	1.734e-04	   0.117	   103.848
 105	105	 4.7908	 1.0117	   1.5210	        1.5215	          0.0005	   1.5210	1.706e-04	   0.107	   104.923
 106	106	 4.7911	 1.0117	   1.5210	        1.5215	          0.0005	   1.5210	1.679e-04	   0.116	   105.981
 107	107	 4.7914	 1.0117	   1.5210	        1.5215	          0.0005	   1.5210	1.652e-04	   0.108	   106.983
 108	108	 4.7917	 1.0117	   1.5210	        1.5215	          0.0005	   1.5210	1.627e-04	   0.107	   107.984
 109	109	 4.7919	 1.0117	   1.5210	        1.5215	          0.0005	   1.5210	1.603e-04	   0.101	   108.986
 110	110	 4.7922	 1.0117	   1.5210	        1.5215	          0.0005	   1.5210	1.580e-04	   0.102	   109.989
 111	111	 4.7925	 1.0117	   1.5210	        1.5215	          0.0005	   1.5210	1.557e-04	   0.111	   110.999
 112	112	 4.7928	 1.0117	   1.5210	        1.5215	          0.0005	   1.5210	1.536e-04	   0.107	   111.996
 113	113	 4.7931	 1.0117	   1.5210	        1.5215	          0.0005	   1.5210	1.515e-04	   0.109	   112.999
 114	114	 4.7933	 1.0117	   1.5210	        1.5215	          0.0005	   1.5210	1.495e-04	   0.106	   114.034
 115	115	 4.7936	 1.0117	   1.5210	        1.5215	          0.0005	   1.5210	1.476e-04	   0.103	   115.068
 116	116	 4.7939	 1.0117	   1.5210	        1.5215	          0.0005	   1.5210	1.458e-04	   0.111	   116.101
 117	117	 4.7941	 1.0117	   1.5210	        1.5215	          0.0005	   1.5210	1.440e-04	   0.106	   117.097
 118	118	 4.7944	 1.0117	   1.5210	        1.5215	          0.0005	   1.5210	1.423e-04	   0.109	   118.102
 119	119	 4.7946	 1.0116	   1.5210	        1.5215	          0.0005	   1.5210	1.407e-04	   0.101	   119.100
 120	120	 4.7949	 1.0116	   1.5210	        1.5215	          0.0005	   1.5210	1.391e-04	   0.108	   120.111
 121	121	 4.7951	 1.0116	   1.5210	        1.5215	          0.0005	   1.5210	1.376e-04	   0.116	   121.168
 122	122	 4.7954	 1.0116	   1.5210	        1.5215	          0.0005	   1.5210	1.361e-04	   0.108	   122.183
 123	123	 4.7956	 1.0116	   1.5210	        1.5215	          0.0005	   1.5210	1.347e-04	   0.109	   123.200
 124	124	 4.7959	 1.0116	   1.5210	        1.5215	          0.0005	   1.5210	1.333e-04	   0.113	   124.270
 125	125	 4.7961	 1.0116	   1.5210	        1.5215	          0.0005	   1.5210	1.320e-04	   0.110	   125.352
 126	126	 4.7963	 1.0116	   1.5210	        1.5215	          0.0005	   1.5210	1.307e-04	   0.116	   126.409
 127	127	 4.7966	 1.0116	   1.5210	        1.5215	          0.0005	   1.5210	1.295e-04	   0.122	   127.469
 128	128	 4.7968	 1.0116	   1.5210	        1.5215	          0.0005	   1.5210	1.283e-04	   0.114	   128.552
 129	129	 4.7970	 1.0116	   1.5210	        1.5215	          0.0005	   1.5210	1.271e-04	   0.103	   129.558
 130	130	 4.7973	 1.0116	   1.5210	        1.5215	          0.0005	   1.5210	1.260e-04	   0.105	   130.564
 131	131	 4.7975	 1.0116	   1.5210	        1.5215	          0.0005	   1.5210	1.249e-04	   0.111	   131.570
 132	132	 4.7977	 1.0116	   1.5210	        1.5215	          0.0005	   1.5210	1.239e-04	   0.106	   132.567
 133	133	 4.7979	 1.0116	   1.5210	        1.5215	          0.0005	   1.5210	1.229e-04	   0.107	   133.569
 134	134	 4.7981	 1.0116	   1.5210	        1.5215	          0.0005	   1.5210	1.219e-04	   0.110	   134.603
 135	135	 4.7984	 1.0116	   1.5210	        1.5215	          0.0005	   1.5210	1.209e-04	   0.106	   135.643
 136	136	 4.7986	 1.0116	   1.5210	        1.5215	          0.0005	   1.5210	1.200e-04	   0.114	   136.675
 137	137	 4.7988	 1.0116	   1.5210	        1.5215	          0.0005	   1.5210	1.191e-04	   0.105	   137.669
 138	138	 4.7990	 1.0116	   1.5210	        1.5215	          0.0005	   1.5210	1.183e-04	   0.108	   138.671
 139	139	 4.7992	 1.0116	   1.5210	        1.5215	          0.0005	   1.5210	1.174e-04	   0.103	   139.674
 140	140	 4.7994	 1.0116	   1.5210	        1.5215	          0.0005	   1.5210	1.166e-04	   0.107	   140.683
 141	141	 4.7996	 1.0116	   1.5210	        1.5215	          0.0005	   1.5210	1.158e-04	   0.113	   141.725
 142	142	 4.7998	 1.0116	   1.5210	        1.5215	          0.0005	   1.5210	1.151e-04	   0.107	   142.719
 143	143	 4.8000	 1.0116	   1.5210	        1.5215	          0.0005	   1.5210	1.143e-04	   0.113	   143.737
 144	144	 4.8002	 1.0116	   1.5210	        1.5215	          0.0005	   1.5210	1.136e-04	   0.112	   144.801
 145	145	 4.8004	 1.0116	   1.5210	        1.5215	          0.0005	   1.5210	1.129e-04	   0.110	   145.886
 146	146	 4.8006	 1.0116	   1.5210	        1.5215	          0.0005	   1.5210	1.122e-04	   0.113	   146.943
 147	147	 4.8008	 1.0116	   1.5210	        1.5215	          0.0005	   1.5210	1.116e-04	   0.108	   147.953
 148	148	 4.8010	 1.0116	   1.5210	        1.5215	          0.0005	   1.5210	1.109e-04	   0.107	   148.954
 149	149	 4.8012	 1.0115	   1.5210	        1.5215	          0.0005	   1.5210	1.103e-04	   0.102	   149.957
 150	150	 4.8014	 1.0115	   1.5210	        1.5215	          0.0005	   1.5210	1.097e-04	   0.104	   150.961
 151	151	 4.8016	 1.0115	   1.5210	        1.5215	          0.0005	   1.5210	1.091e-04	   0.112	   151.969
 152	152	 4.8017	 1.0115	   1.5210	        1.5215	          0.0005	   1.5210	1.085e-04	   0.108	   152.966
 153	153	 4.8019	 1.0115	   1.5210	        1.5215	          0.0005	   1.5210	1.080e-04	   0.106	   153.968
 154	154	 4.8021	 1.0115	   1.5210	        1.5215	          0.0005	   1.5210	1.074e-04	   0.113	   155.031
 155	155	 4.8023	 1.0115	   1.5210	        1.5215	          0.0005	   1.5210	1.069e-04	   0.112	   156.129
 156	156	 4.8025	 1.0115	   1.5210	        1.5215	          0.0005	   1.5210	1.064e-04	   0.114	   157.204
 157	157	 4.8026	 1.0115	   1.5210	        1.5215	          0.0005	   1.5210	1.059e-04	   0.110	   158.226
 158	158	 4.8028	 1.0115	   1.5210	        1.5215	          0.0005	   1.5210	1.054e-04	   0.103	   159.236
 159	159	 4.8030	 1.0115	   1.5210	        1.5215	          0.0005	   1.5210	1.049e-04	   0.110	   160.249
 160	160	 4.8032	 1.0115	   1.5210	        1.5215	          0.0005	   1.5210	1.044e-04	   0.105	   161.296
 161	161	 4.8033	 1.0115	   1.5210	        1.5215	          0.0005	   1.5210	1.040e-04	   0.114	   162.320
 162	162	 4.8035	 1.0115	   1.5210	        1.5215	          0.0005	   1.5210	1.035e-04	   0.112	   163.321
 163	163	 4.8037	 1.0115	   1.5210	        1.5215	          0.0005	   1.5210	1.031e-04	   0.113	   164.329
 164	164	 4.8038	 1.0115	   1.5210	        1.5215	          0.0005	   1.5210	1.027e-04	   0.115	   165.395
 165	165	 4.8040	 1.0115	   1.5210	        1.5215	          0.0005	   1.5210	1.023e-04	   0.126	   166.552
 166	166	 4.8042	 1.0115	   1.5210	        1.5215	          0.0005	   1.5210	1.018e-04	   0.116	   167.697
 167	167	 4.8043	 1.0115	   1.5210	        1.5215	          0.0005	   1.5210	1.014e-04	   0.111	   168.756
 168	168	 4.8045	 1.0115	   1.5210	        1.5215	          0.0005	   1.5210	1.011e-04	   0.106	   169.755
 169	169	 4.8047	 1.0115	   1.5210	        1.5215	          0.0005	   1.5210	1.007e-04	   0.102	   170.757
 170	170	 4.8048	 1.0115	   1.5210	        1.5215	          0.0005	   1.5210	1.003e-04	   0.102	   171.759
 171	171	 4.8050	 1.0115	   1.5210	        1.5215	          0.0005	   1.5210	9.993e-05	   0.112	   172.769
 172	172	 4.8051	 1.0115	   1.5210	        1.5215	          0.0005	   1.5210	9.957e-05	   0.109	   173.767
 173	173	 4.8053	 1.0115	   1.5210	        1.5215	          0.0005	   1.5210	9.922e-05	   0.110	   174.769
 174	174	 4.8055	 1.0115	   1.5210	        1.5215	          0.0005	   1.5210	9.887e-05	   0.105	   175.793
 175	175	 4.8056	 1.0115	   1.5210	        1.5215	          0.0005	   1.5210	9.854e-05	   0.108	   176.834
 176	176	 4.8058	 1.0115	   1.5210	        1.5215	          0.0005	   1.5210	9.820e-05	   0.113	   177.871
 177	177	 4.8059	 1.0115	   1.5210	        1.5215	          0.0005	   1.5210	9.788e-05	   0.109	   178.869
 178	178	 4.8061	 1.0115	   1.5210	        1.5215	          0.0005	   1.5210	9.756e-05	   0.108	   179.871
 179	179	 4.8062	 1.0115	   1.5210	        1.5215	          0.0005	   1.5210	9.725e-05	   0.111	   180.882
 180	180	 4.8064	 1.0115	   1.5210	        1.5215	          0.0005	   1.5210	9.694e-05	   0.104	   181.913
 181	181	 4.8065	 1.0115	   1.5210	        1.5215	          0.0005	   1.5210	9.664e-05	   0.112	   182.921
 182	182	 4.8067	 1.0115	   1.5210	        1.5215	          0.0005	   1.5210	9.635e-05	   0.114	   183.924
 183	183	 4.8068	 1.0115	   1.5210	        1.5215	          0.0005	   1.5210	9.606e-05	   0.114	   184.929
 184	184	 4.8069	 1.0115	   1.5210	        1.5215	          0.0005	   1.5210	9.577e-05	   0.109	   185.984
 185	185	 4.8071	 1.0115	   1.5210	        1.5215	          0.0005	   1.5210	9.549e-05	   0.110	   187.073
 186	186	 4.8072	 1.0115	   1.5210	        1.5215	          0.0005	   1.5210	9.522e-05	   0.112	   188.137
 187	187	 4.8074	 1.0115	   1.5210	        1.5215	          0.0005	   1.5210	9.495e-05	   0.111	   189.153
 188	188	 4.8075	 1.0115	   1.5210	        1.5215	          0.0005	   1.5210	9.468e-05	   0.107	   190.150
 189	189	 4.8077	 1.0115	   1.5210	        1.5215	          0.0005	   1.5210	9.442e-05	   0.104	   191.155
 190	190	 4.8078	 1.0115	   1.5210	        1.5215	          0.0005	   1.5210	9.416e-05	   0.103	   192.158
 191	191	 4.8079	 1.0115	   1.5210	        1.5215	          0.0005	   1.5210	9.391e-05	   0.113	   193.167
 192	192	 4.8081	 1.0115	   1.5210	        1.5215	          0.0005	   1.5210	9.366e-05	   0.107	   194.164
 193	193	 4.8082	 1.0115	   1.5210	        1.5215	          0.0005	   1.5210	9.342e-05	   0.108	   195.166
 194	194	 4.8083	 1.0115	   1.5210	        1.5215	          0.0005	   1.5210	9.318e-05	   0.105	   196.191
 195	195	 4.8085	 1.0115	   1.5210	        1.5215	          0.0005	   1.5210	9.294e-05	   0.104	   197.229
 196	196	 4.8086	 1.0115	   1.5210	        1.5215	          0.0005	   1.5210	9.271e-05	   0.116	   198.271
 197	197	 4.8087	 1.0115	   1.5210	        1.5215	          0.0005	   1.5210	9.248e-05	   0.110	   199.267
 198	198	 4.8089	 1.0115	   1.5210	        1.5215	          0.0005	   1.5210	9.225e-05	   0.116	   200.282
 199	199	 4.8090	 1.0115	   1.5210	        1.5215	          0.0005	   1.5210	9.203e-05	   0.106	   201.327
 200	200	 4.8091	 1.0115	   1.5210	        1.5215	          0.0005	   1.5210	9.181e-05	   0.104	   202.345

[BSGD] Finished on device cuda -> σ_f² ≈ 4.8091, σ_ε² ≈ 1.0115
