[GPU 4][JOB 197] 'python cli.py minimax --n 1024 --lengthscale 0.5 --sigma-f2-true 4.0 --sigma-eps2-true 1.0 --n-epochs 200 --device auto --a 1e-3 --b 1e-3 --w-init-scale 0.1 --num-features 128 --print-every 1 --mu-increase-factor 1.5 --mu-increase-epochs 10 --seed 6 --batch-size 512 --mu 2.0 --lr-decay 1.0 --lr-decay-start-epoch 0 --sigma-f2-init 5.0 --sigma-eps2-init 3.0 '

=== MINIMAX + ORF (TMLR) ===
iter	epoch	σ_f²	σ_ε²	real_nlml	real_nlml_true	real_nlml_abs_err	orf_nlml	orf_nlml_true	ℓ_μ	μ	|A-F|/|A|	|B|	cosBΔ	pen/pen*	lr_scale	||grad||	duration_s	wall_time_s
   1	 1	 4.8783	 3.4652	   1.7705	        1.5292	          0.2413	   1.7749	        1.5433	 2.7006	 2.0000	3.095e+01	 0.0622	 0.9940	 0.0619	 1.00000	9.624e-02	  83.909	    84.167
   2	 1	 5.9257	 3.6209	   1.7864	        1.5292	          0.2571	   1.7888	        1.5433	 2.4020	 2.0000	3.599e+01	 0.1351	 0.9964	 0.1346	 1.00000	9.379e-02	  81.367	   165.534
   3	 2	 7.7910	 3.6745	   1.7940	        1.5292	          0.2647	   1.7939	        1.5433	 2.1946	 2.0000	4.662e+01	 0.2295	 0.9974	 0.2290	 1.00000	9.289e-02	  73.128	   238.662
   4	 2	 9.4200	 3.6533	   1.7944	        1.5292	          0.2652	   1.7926	        1.5433	 2.0799	 2.0000	5.637e+01	 0.3418	 0.9974	 0.3409	 1.00000	9.314e-02	  62.864	   301.526
   5	 3	11.2583	 3.5989	   1.7921	        1.5292	          0.2628	   1.7886	        1.5433	 2.0016	 2.0000	6.737e+01	 0.4770	 0.9985	 0.4763	 1.00000	9.390e-02	  52.583	   354.110
   6	 3	11.4033	 3.5159	   1.7844	        1.5292	          0.2552	   1.7808	        1.5433	 1.9483	 2.0000	6.823e+01	 0.6129	 0.9992	 0.6124	 1.00000	9.518e-02	  44.042	   398.152
   7	 4	12.0886	 3.4234	   1.7766	        1.5292	          0.2473	   1.7723	        1.5433	 1.9055	 2.0000	7.233e+01	 0.7580	 0.9991	 0.7573	 1.00000	9.661e-02	  42.773	   440.925
   8	 4	12.1823	 3.3156	   1.7662	        1.5292	          0.2369	   1.7619	        1.5433	 1.8686	 2.0000	7.288e+01	 0.9059	 0.9987	 0.9048	 1.00000	9.833e-02	  36.253	   477.178
   9	 5	12.0496	 3.2018	   1.7547	        1.5292	          0.2255	   1.7505	        1.5433	 1.8336	 2.0000	7.207e+01	 1.0000	 0.9989	 0.9989	 1.00000	1.002e-01	  32.836	   510.015
  10	 5	11.9794	 3.0851	   1.7428	        1.5292	          0.2136	   1.7386	        1.5433	 1.7997	 2.0000	7.164e+01	 1.0000	 0.9990	 0.9990	 1.00000	1.021e-01	  32.645	   542.659
  11	 6	11.3913	 2.9548	   1.7285	        1.5292	          0.1993	   1.7248	        1.5433	 1.7691	 2.0000	6.811e+01	 1.0000	 0.9992	 0.9992	 1.00000	1.042e-01	  30.693	   573.352
  12	 6	11.8531	 2.8399	   1.7171	        1.5292	          0.1879	   1.7129	        1.5433	 1.7356	 2.0000	7.086e+01	 1.0000	 0.9993	 0.9993	 1.00000	1.061e-01	  29.291	   602.643
  13	 7	11.9252	 2.7262	   1.7050	        1.5292	          0.1758	   1.7008	        1.5433	 1.7054	 2.0000	7.128e+01	 1.0000	 0.9993	 0.9993	 1.00000	1.078e-01	  29.322	   631.965
  14	 7	11.2306	 2.5748	   1.6875	        1.5292	          0.1583	   1.6839	        1.5433	 1.6734	 2.0000	6.710e+01	 1.0000	 0.9993	 0.9993	 1.00000	1.101e-01	  29.427	   661.392
  15	 8	11.4877	 2.4410	   1.6731	        1.5292	          0.1438	   1.6692	        1.5433	 1.6426	 2.0000	6.863e+01	 1.0000	 0.9995	 0.9995	 1.00000	1.118e-01	  27.006	   688.399
  16	 8	11.1975	 2.3105	   1.6579	        1.5292	          0.1287	   1.6544	        1.5433	 1.6141	 2.0000	6.688e+01	 1.0000	 0.9995	 0.9995	 1.00000	1.133e-01	  16.700	   705.099
  17	 9	10.8645	 2.1609	   1.6404	        1.5292	          0.1111	   1.6372	        1.5433	 1.5883	 2.0000	6.487e+01	 1.0000	 0.9995	 0.9995	 1.00000	1.143e-01	  16.656	   721.756
  18	 9	12.2109	 2.0612	   1.6310	        1.5292	          0.1018	   1.6266	        1.5433	 1.5731	 2.0000	7.292e+01	 1.0000	 0.9994	 0.9994	 1.00000	1.145e-01	  16.496	   738.252
  19	10	 9.6325	 1.9309	   1.6122	        1.5292	          0.0829	   1.6104	        1.5433	 1.5814	 2.0000	5.748e+01	 1.0000	 0.9995	 0.9995	 1.00000	1.141e-01	  16.623	   754.875
  20	10	13.1858	 1.8679	   1.6104	        1.5292	          0.0812	   1.6053	        1.5433	 1.5948	 2.0000	7.874e+01	 1.0000	 0.9995	 0.9995	 1.00000	1.132e-01	  16.636	   771.511
  21	11	 7.6345	 1.8117	   1.5955	        1.5292	          0.0662	   1.5966	        1.5433	 1.7574	 3.0000	4.550e+01	 1.0000	 0.9995	 0.9995	 1.00000	1.125e-01	  13.784	   785.295
  22	11	11.9123	 1.8255	   1.6037	        1.5292	          0.0745	   1.5998	        1.5433	 1.6719	 3.0000	7.110e+01	 1.0000	 0.9995	 0.9995	 1.00000	1.125e-01	   3.781	   789.076
  23	12	 6.4965	 1.7875	   1.5911	        1.5292	          0.0618	   1.5942	        1.5433	 1.7368	 3.0000	3.869e+01	 1.0000	 0.9995	 0.9995	 1.00000	1.120e-01	   3.980	   793.056
  24	12	10.6524	 1.7758	   1.5962	        1.5292	          0.0670	   1.5936	        1.5433	 1.5747	 3.0000	6.356e+01	 1.0000	 0.9996	 0.9996	 1.00000	1.115e-01	   3.780	   796.836
  25	13	 7.0123	 1.6645	   1.5783	        1.5292	          0.0490	   1.5807	        1.5433	 1.6293	 3.0000	4.176e+01	 1.0000	 0.9995	 0.9995	 1.00000	1.081e-01	   3.701	   800.537
  26	13	10.7078	 1.7028	   1.5883	        1.5292	          0.0590	   1.5856	        1.5433	 1.6175	 3.0000	6.388e+01	 1.0000	 0.9995	 0.9995	 1.00000	1.094e-01	   3.757	   804.294
  27	14	 5.9199	 1.6453	   1.5747	        1.5292	          0.0454	   1.5793	        1.5433	 1.6965	 3.0000	3.522e+01	 1.0000	 0.9996	 0.9996	 1.00000	1.073e-01	   3.696	   807.990
  28	14	10.2419	 1.7069	   1.5880	        1.5292	          0.0587	   1.5859	        1.5433	 1.5907	 3.0000	6.109e+01	 1.0000	 0.9996	 0.9996	 1.00000	1.096e-01	   3.760	   811.749
  29	15	 5.1388	 1.6248	   1.5716	        1.5292	          0.0424	   1.5781	        1.5433	 1.7606	 3.0000	3.055e+01	 1.0000	 0.9997	 0.9997	 1.00000	1.063e-01	   3.692	   815.441
  30	15	10.0632	 1.7915	   1.5971	        1.5292	          0.0678	   1.5950	        1.5433	 1.5974	 3.0000	6.003e+01	 1.0000	 0.9996	 0.9996	 1.00000	1.119e-01	   3.743	   819.184
  31	16	 4.8859	 1.6983	   1.5793	        1.5292	          0.0501	   1.5862	        1.5433	 1.7399	 3.0000	2.904e+01	 1.0000	 0.9995	 0.9995	 1.00000	1.094e-01	   3.704	   822.889
  32	16	 9.0236	 1.8141	   1.5980	        1.5292	          0.0687	   1.5971	        1.5433	 1.5519	 3.0000	5.381e+01	 1.0000	 0.9993	 0.9993	 1.00000	1.125e-01	   3.689	   826.578
  33	17	 5.6113	 1.7057	   1.5808	        1.5292	          0.0516	   1.5859	        1.5433	 1.5658	 3.0000	3.338e+01	 1.0000	 0.9994	 0.9994	 1.00000	1.097e-01	   3.711	   830.289
  34	17	 8.2198	 1.6589	   1.5795	        1.5292	          0.0503	   1.5801	        1.5433	 1.4797	 3.0000	4.899e+01	 1.0000	 0.9994	 0.9994	 1.00000	1.078e-01	   3.724	   834.013
  35	18	 5.5731	 1.5470	   1.5639	        1.5292	          0.0347	   1.5696	        1.5433	 1.5399	 3.0000	3.314e+01	 1.0000	 0.9993	 0.9993	 1.00000	1.019e-01	   3.738	   837.752
  36	18	 9.9858	 1.5952	   1.5756	        1.5292	          0.0463	   1.5740	        1.5433	 1.6504	 3.0000	5.955e+01	 1.0000	 0.9994	 0.9994	 1.00000	1.047e-01	   3.737	   841.490
  37	19	 3.6544	 1.5945	   1.5682	        1.5292	          0.0389	   1.5794	        1.5433	 1.9184	 3.0000	2.167e+01	 1.0000	 0.9994	 0.9994	 1.00000	1.046e-01	   3.714	   845.204
  38	19	 7.4364	 1.8163	   1.5957	        1.5292	          0.0664	   1.5971	        1.5433	 1.4747	 3.0000	4.431e+01	 1.0000	 0.9996	 0.9996	 1.00000	1.126e-01	   3.741	   848.946
  39	20	 6.0140	 1.6740	   1.5779	        1.5292	          0.0486	   1.5822	        1.5433	 1.4650	 3.0000	3.579e+01	 1.0000	 0.9997	 0.9997	 1.00000	1.085e-01	   3.690	   852.636
  40	20	 7.6092	 1.5990	   1.5722	        1.5292	          0.0429	   1.5738	        1.5433	 1.4552	 3.0000	4.533e+01	 1.0000	 0.9997	 0.9997	 1.00000	1.050e-01	   3.754	   856.390
  41	21	 5.1375	 1.4832	   1.5571	        1.5292	          0.0279	   1.5641	        1.5433	 1.5535	 4.5000	3.053e+01	 1.0000	 0.9995	 0.9995	 1.00000	9.714e-02	   3.697	   860.088
  42	21	 8.1331	 1.5269	   1.5656	        1.5292	          0.0363	   1.5666	        1.5433	 1.5673	 4.5000	4.845e+01	 1.0000	 0.9993	 0.9993	 1.00000	1.005e-01	   3.740	   863.828
  43	22	 4.0802	 1.4398	   1.5526	        1.5292	          0.0233	   1.5630	        1.5433	 1.6918	 4.5000	2.420e+01	 1.0000	 0.9994	 0.9994	 1.00000	9.304e-02	   3.697	   867.525
  44	22	 8.3192	 1.6315	   1.5767	        1.5292	          0.0475	   1.5772	        1.5433	 1.6263	 4.5000	4.957e+01	 1.0000	 0.9996	 0.9996	 1.00000	1.066e-01	   3.684	   871.210
  45	23	 3.3046	 1.6099	   1.5703	        1.5292	          0.0411	   1.5829	        1.5433	 1.8456	 4.5000	1.957e+01	 1.0000	 0.9995	 0.9995	 1.00000	1.053e-01	   3.742	   874.952
  46	23	 6.7660	 1.7763	   1.5902	        1.5292	          0.0609	   1.5928	        1.5433	 1.5155	 4.5000	4.029e+01	 1.0000	 0.9994	 0.9994	 1.00000	1.117e-01	   3.745	   878.697
  47	24	 4.9280	 1.6523	   1.5744	        1.5292	          0.0451	   1.5813	        1.5433	 1.5012	 4.5000	2.929e+01	 1.0000	 0.9995	 0.9995	 1.00000	1.076e-01	   3.714	   882.412
  48	24	 6.4944	 1.5583	   1.5663	        1.5292	          0.0370	   1.5700	        1.5433	 1.4759	 4.5000	3.865e+01	 1.0000	 0.9995	 0.9995	 1.00000	1.027e-01	   3.750	   886.162
  49	25	 4.2927	 1.4399	   1.5526	        1.5292	          0.0233	   1.5622	        1.5433	 1.5512	 4.5000	2.546e+01	 1.0000	 0.9996	 0.9996	 1.00000	9.310e-02	   3.705	   889.867
  50	25	 8.2740	 1.5567	   1.5689	        1.5292	          0.0396	   1.5695	        1.5433	 1.6898	 4.5000	4.929e+01	 1.0000	 0.9996	 0.9996	 1.00000	1.025e-01	   3.730	   893.597
  51	26	 3.0303	 1.5214	   1.5619	        1.5292	          0.0326	   1.5762	        1.5433	 1.8304	 4.5000	1.792e+01	 1.0000	 0.9996	 0.9996	 1.00000	9.972e-02	   3.691	   897.288
  52	26	 6.6049	 1.7391	   1.5858	        1.5292	          0.0566	   1.5888	        1.5433	 1.5170	 4.5000	3.932e+01	 1.0000	 0.9996	 0.9996	 1.00000	1.107e-01	   3.751	   901.039
  53	27	 3.9869	 1.6332	   1.5721	        1.5292	          0.0428	   1.5819	        1.5433	 1.5677	 4.5000	2.365e+01	 1.0000	 0.9997	 0.9997	 1.00000	1.066e-01	   3.688	   904.728
  54	27	 6.5536	 1.6192	   1.5727	        1.5292	          0.0435	   1.5761	        1.5433	 1.5141	 4.5000	3.900e+01	 1.0000	 0.9997	 0.9997	 1.00000	1.061e-01	   3.756	   908.484
  55	28	 4.3382	 1.5285	   1.5612	        1.5292	          0.0319	   1.5703	        1.5433	 1.4980	 4.5000	2.574e+01	 1.0000	 0.9997	 0.9997	 1.00000	1.006e-01	   3.691	   912.175
  56	28	 5.9519	 1.4590	   1.5557	        1.5292	          0.0265	   1.5608	        1.5433	 1.4505	 4.5000	3.539e+01	 1.0000	 0.9996	 0.9996	 1.00000	9.506e-02	   3.691	   915.867
  57	29	 3.8461	 1.4285	   1.5516	        1.5292	          0.0224	   1.5629	        1.5433	 1.5623	 4.5000	2.279e+01	 1.0000	 0.9996	 0.9996	 1.00000	9.185e-02	   3.737	   919.604
  58	29	 7.3585	 1.4909	   1.5608	        1.5292	          0.0316	   1.5631	        1.5433	 1.6376	 4.5000	4.381e+01	 1.0000	 0.9994	 0.9994	 1.00000	9.782e-02	   3.755	   923.359
  59	30	 2.7011	 1.5156	   1.5626	        1.5292	          0.0333	   1.5786	        1.5433	 1.8388	 4.5000	1.595e+01	 1.0000	 0.9993	 0.9993	 1.00000	9.915e-02	   3.703	   927.063
  60	30	 5.7945	 1.7009	   1.5805	        1.5292	          0.0513	   1.5852	        1.5433	 1.4743	 4.5000	3.447e+01	 1.0000	 0.9995	 0.9995	 1.00000	1.095e-01	   3.749	   930.812
  61	31	 3.8072	 1.5843	   1.5670	        1.5292	          0.0377	   1.5777	        1.5433	 1.5586	 6.7500	2.257e+01	 1.0000	 0.9994	 0.9994	 1.00000	1.040e-01	   3.710	   934.522
  62	31	 5.4625	 1.5306	   1.5622	        1.5292	          0.0329	   1.5682	        1.5433	 1.5185	 6.7500	3.247e+01	 1.0000	 0.9992	 0.9992	 1.00000	1.008e-01	   3.731	   938.253
  63	32	 3.9669	 1.4207	   1.5508	        1.5292	          0.0216	   1.5617	        1.5433	 1.5118	 6.7500	2.351e+01	 1.0000	 0.9991	 0.9991	 1.00000	9.107e-02	   3.695	   941.948
  64	32	 5.2680	 1.4104	   1.5504	        1.5292	          0.0212	   1.5574	        1.5433	 1.4972	 6.7500	3.129e+01	 1.0000	 0.9991	 0.9991	 1.00000	9.013e-02	   3.753	   945.702
  65	33	 3.8363	 1.3044	   1.5412	        1.5292	          0.0119	   1.5532	        1.5433	 1.5187	 6.7500	2.272e+01	 1.0000	 0.9992	 0.9992	 1.00000	7.569e-02	   3.701	   949.403
  66	33	 5.6964	 1.4068	   1.5506	        1.5292	          0.0213	   1.5565	        1.5433	 1.5538	 6.7500	3.385e+01	 1.0000	 0.9994	 0.9994	 1.00000	8.976e-02	   3.748	   953.151
  67	34	 2.8990	 1.3886	   1.5499	        1.5292	          0.0206	   1.5657	        1.5433	 1.6807	 6.7500	1.712e+01	 1.0000	 0.9994	 0.9994	 1.00000	8.708e-02	   3.694	   956.844
  68	34	 5.9743	 1.5415	   1.5639	        1.5292	          0.0346	   1.5687	        1.5433	 1.6197	 6.7500	3.552e+01	 1.0000	 0.9994	 0.9994	 1.00000	1.016e-01	   3.755	   960.600
  69	35	 2.4596	 1.4843	   1.5609	        1.5292	          0.0317	   1.5786	        1.5433	 1.7870	 6.7500	1.450e+01	 1.0000	 0.9994	 0.9994	 1.00000	9.656e-02	   3.709	   964.309
  70	35	 5.0216	 1.6816	   1.5776	        1.5292	          0.0484	   1.5842	        1.5433	 1.5253	 6.7500	2.984e+01	 1.0000	 0.9996	 0.9996	 1.00000	1.088e-01	   3.750	   968.059
  71	36	 3.1408	 1.5488	   1.5643	        1.5292	          0.0351	   1.5780	        1.5433	 1.5707	 6.7500	1.858e+01	 1.0000	 0.9997	 0.9997	 1.00000	1.017e-01	   3.705	   971.764
  72	36	 5.6145	 1.5923	   1.5687	        1.5292	          0.0394	   1.5741	        1.5433	 1.6025	 6.7500	3.337e+01	 1.0000	 0.9996	 0.9996	 1.00000	1.047e-01	   3.738	   975.502
  73	37	 2.6489	 1.5050	   1.5618	        1.5292	          0.0326	   1.5782	        1.5433	 1.6625	 6.7500	1.563e+01	 1.0000	 0.9995	 0.9995	 1.00000	9.832e-02	   3.686	   979.188
  74	37	 4.6782	 1.5716	   1.5657	        1.5292	          0.0364	   1.5736	        1.5433	 1.4925	 6.7500	2.777e+01	 1.0000	 0.9997	 0.9997	 1.00000	1.034e-01	   3.755	   982.943
  75	38	 3.1272	 1.4409	   1.5539	        1.5292	          0.0246	   1.5682	        1.5433	 1.5368	 6.7500	1.849e+01	 1.0000	 0.9996	 0.9996	 1.00000	9.287e-02	   3.697	   986.640
  76	38	 5.3362	 1.5050	   1.5595	        1.5292	          0.0302	   1.5659	        1.5433	 1.5718	 6.7500	3.170e+01	 1.0000	 0.9995	 0.9995	 1.00000	9.891e-02	   3.746	   990.387
  77	39	 2.5898	 1.4632	   1.5581	        1.5292	          0.0288	   1.5751	        1.5433	 1.6547	 6.7500	1.527e+01	 1.0000	 0.9996	 0.9996	 1.00000	9.476e-02	   3.708	   994.095
  78	39	 4.7711	 1.5256	   1.5610	        1.5292	          0.0318	   1.5689	        1.5433	 1.5028	 6.7500	2.832e+01	 1.0000	 0.9996	 0.9996	 1.00000	1.004e-01	   3.739	   997.834
  79	40	 3.0325	 1.4389	   1.5539	        1.5292	          0.0247	   1.5687	        1.5433	 1.5327	 6.7500	1.792e+01	 1.0000	 0.9995	 0.9995	 1.00000	9.264e-02	   3.719	  1001.554
  80	40	 4.8052	 1.4424	   1.5530	        1.5292	          0.0238	   1.5611	        1.5433	 1.5060	 6.7500	2.851e+01	 1.0000	 0.9995	 0.9995	 1.00000	9.341e-02	   3.686	  1005.240
  81	41	 2.5953	 1.3997	   1.5523	        1.5292	          0.0230	   1.5697	        1.5433	 1.6710	10.1250	1.530e+01	 1.0000	 0.9993	 0.9993	 1.00000	8.825e-02	   3.760	  1009.001
  82	41	 4.9865	 1.5026	   1.5589	        1.5292	          0.0297	   1.5662	        1.5433	 1.6489	10.1250	2.960e+01	 1.0000	 0.9994	 0.9994	 1.00000	9.871e-02	   3.723	  1012.725
  83	42	 2.1197	 1.4154	   1.5574	        1.5292	          0.0281	   1.5780	        1.5433	 1.7892	10.1250	1.246e+01	 1.0000	 0.9992	 0.9992	 1.00000	8.986e-02	   3.695	  1016.419
  84	42	 4.7242	 1.6905	   1.5784	        1.5292	          0.0491	   1.5857	        1.5433	 1.6426	10.1250	2.805e+01	 1.0000	 0.9991	 0.9991	 1.00000	1.091e-01	   3.752	  1020.172
  85	43	 2.4248	 1.5577	   1.5684	        1.5292	          0.0392	   1.5858	        1.5433	 1.6562	10.1250	1.429e+01	 1.0000	 0.9991	 0.9991	 1.00000	1.020e-01	   3.694	  1023.866
  86	43	 3.9038	 1.5924	   1.5678	        1.5292	          0.0385	   1.5781	        1.5433	 1.5420	10.1250	2.313e+01	 1.0000	 0.9990	 0.9990	 1.00000	1.045e-01	   3.746	  1027.613
  87	44	 2.8973	 1.4640	   1.5567	        1.5292	          0.0275	   1.5721	        1.5433	 1.5452	10.1250	1.711e+01	 1.0000	 0.9990	 0.9990	 1.00000	9.497e-02	   3.687	  1031.300
  88	44	 4.0358	 1.4521	   1.5537	        1.5292	          0.0245	   1.5642	        1.5433	 1.5469	10.1250	2.391e+01	 1.0000	 0.9993	 0.9993	 1.00000	9.422e-02	   3.750	  1035.050
  89	45	 2.7661	 1.3630	   1.5482	        1.5292	          0.0190	   1.5650	        1.5433	 1.5499	10.1250	1.631e+01	 1.0000	 0.9988	 0.9988	 1.00000	8.381e-02	   3.696	  1038.747
  90	45	 3.8105	 1.3826	   1.5475	        1.5292	          0.0183	   1.5592	        1.5433	 1.5204	10.1250	2.255e+01	 1.0000	 0.9987	 0.9987	 1.00000	8.669e-02	   3.746	  1042.493
  91	46	 2.8970	 1.3382	   1.5457	        1.5292	          0.0164	   1.5618	        1.5433	 1.5268	10.1250	1.709e+01	 1.0000	 0.9991	 0.9991	 1.00000	8.047e-02	   3.688	  1046.181
  92	46	 3.8154	 1.3298	   1.5431	        1.5292	          0.0139	   1.5551	        1.5433	 1.5212	10.1250	2.257e+01	 1.0000	 0.9992	 0.9992	 1.00000	7.959e-02	   3.751	  1049.933
  93	47	 2.6673	 1.2825	   1.5425	        1.5292	          0.0132	   1.5604	        1.5433	 1.5472	10.1250	1.571e+01	 1.0000	 0.9992	 0.9992	 1.00000	7.152e-02	   3.664	  1053.597
  94	47	 3.9585	 1.3566	   1.5452	        1.5292	          0.0160	   1.5565	        1.5433	 1.5435	10.1250	2.343e+01	 1.0000	 0.9990	 0.9990	 1.00000	8.341e-02	   3.716	  1057.314
  95	48	 2.2505	 1.3230	   1.5484	        1.5292	          0.0191	   1.5688	        1.5433	 1.6387	10.1250	1.323e+01	 1.0000	 0.9990	 0.9990	 1.00000	7.799e-02	   3.757	  1061.071
  96	48	 4.3814	 1.4766	   1.5561	        1.5292	          0.0268	   1.5653	        1.5433	 1.6370	10.1250	2.596e+01	 1.0000	 0.9989	 0.9989	 1.00000	9.650e-02	   3.755	  1064.826
  97	49	 1.6549	 1.4336	   1.5658	        1.5292	          0.0366	   1.5904	        1.5433	 1.8561	10.1250	9.680e+00	 1.0000	 0.9987	 0.9987	 1.00000	9.236e-02	   3.704	  1068.530
  98	49	 3.9894	 1.7671	   1.5867	        1.5292	          0.0574	   1.5960	        1.5433	 1.6021	10.1250	2.365e+01	 1.0000	 0.9992	 0.9992	 1.00000	1.114e-01	   3.736	  1072.266
  99	50	 2.2934	 1.6149	   1.5753	        1.5292	          0.0461	   1.5932	        1.5433	 1.5890	10.1250	1.350e+01	 1.0000	 0.9991	 0.9991	 1.00000	1.052e-01	   3.707	  1075.973
 100	50	 3.5293	 1.6024	   1.5692	        1.5292	          0.0399	   1.5808	        1.5433	 1.5291	10.1250	2.088e+01	 1.0000	 0.9993	 0.9993	 1.00000	1.050e-01	   3.491	  1079.464
 101	51	 2.2843	 1.4485	   1.5588	        1.5292	          0.0296	   1.5780	        1.5433	 1.6382	15.1875	1.343e+01	 1.0000	 0.9991	 0.9991	 1.00000	9.327e-02	   3.947	  1083.412
 102	51	 3.4679	 1.5088	   1.5597	        1.5292	          0.0304	   1.5721	        1.5433	 1.6240	15.1875	2.050e+01	 1.0000	 0.9992	 0.9992	 1.00000	9.892e-02	   3.850	  1087.261
 103	52	 2.2413	 1.4300	   1.5575	        1.5292	          0.0283	   1.5771	        1.5433	 1.6289	15.1875	1.317e+01	 1.0000	 0.9992	 0.9992	 1.00000	9.142e-02	   3.691	  1090.953
 104	52	 3.2650	 1.4261	   1.5522	        1.5292	          0.0229	   1.5659	        1.5433	 1.5997	15.1875	1.928e+01	 1.0000	 0.9992	 0.9992	 1.00000	9.142e-02	   3.750	  1094.702
 105	53	 2.0738	 1.3471	   1.5521	        1.5292	          0.0228	   1.5736	        1.5433	 1.6512	15.1875	1.217e+01	 1.0000	 0.9990	 0.9990	 1.00000	8.149e-02	   3.686	  1098.389
 106	53	 3.5686	 1.4613	   1.5549	        1.5292	          0.0257	   1.5672	        1.5433	 1.6591	15.1875	2.109e+01	 1.0000	 0.9989	 0.9989	 1.00000	9.496e-02	   3.740	  1102.129
 107	54	 1.8089	 1.3907	   1.5593	        1.5292	          0.0300	   1.5827	        1.5433	 1.7142	15.1875	1.059e+01	 1.0000	 0.9988	 0.9988	 1.00000	8.730e-02	   3.716	  1105.845
 108	54	 3.3859	 1.5342	   1.5623	        1.5292	          0.0331	   1.5749	        1.5433	 1.6381	15.1875	2.001e+01	 1.0000	 0.9991	 0.9991	 1.00000	1.008e-01	   3.761	  1109.607
 109	55	 1.9016	 1.4406	   1.5623	        1.5292	          0.0331	   1.5845	        1.5433	 1.6629	15.1875	1.114e+01	 1.0000	 0.9989	 0.9989	 1.00000	9.256e-02	   3.685	  1113.292
 110	55	 3.0134	 1.4846	   1.5583	        1.5292	          0.0291	   1.5729	        1.5433	 1.5830	15.1875	1.778e+01	 1.0000	 0.9988	 0.9988	 1.00000	9.682e-02	   3.766	  1117.058
 111	56	 2.2731	 1.3747	   1.5524	        1.5292	          0.0231	   1.5722	        1.5433	 1.5740	15.1875	1.335e+01	 1.0000	 0.9989	 0.9989	 1.00000	8.512e-02	   3.694	  1120.752
 112	56	 2.8065	 1.3830	   1.5498	        1.5292	          0.0205	   1.5661	        1.5433	 1.5579	15.1875	1.653e+01	 1.0000	 0.9991	 0.9991	 1.00000	8.636e-02	   3.755	  1124.507
 113	57	 2.4499	 1.3186	   1.5464	        1.5292	          0.0172	   1.5655	        1.5433	 1.5503	15.1875	1.440e+01	 1.0000	 0.9993	 0.9993	 1.00000	7.737e-02	   3.686	  1128.193
 114	57	 2.5389	 1.3142	   1.5455	        1.5292	          0.0163	   1.5640	        1.5433	 1.5448	15.1875	1.493e+01	 1.0000	 0.9989	 0.9989	 1.00000	7.671e-02	   3.718	  1131.911
 115	58	 2.6282	 1.2986	   1.5438	        1.5292	          0.0146	   1.5619	        1.5433	 1.5442	15.1875	1.546e+01	 1.0000	 0.9991	 0.9991	 1.00000	7.425e-02	   3.797	  1135.708
 116	58	 2.4199	 1.2807	   1.5439	        1.5292	          0.0146	   1.5635	        1.5433	 1.5445	15.1875	1.421e+01	 1.0000	 0.9993	 0.9993	 1.00000	7.111e-02	   3.729	  1139.437
 117	59	 2.4744	 1.2592	   1.5420	        1.5292	          0.0128	   1.5614	        1.5433	 1.5410	15.1875	1.454e+01	 1.0000	 0.9995	 0.9995	 1.00000	6.720e-02	   3.665	  1143.102
 118	59	 2.8263	 1.3002	   1.5430	        1.5292	          0.0138	   1.5599	        1.5433	 1.5568	15.1875	1.664e+01	 1.0000	 0.9992	 0.9992	 1.00000	7.460e-02	   3.753	  1146.855
 119	60	 1.9892	 1.2344	   1.5450	        1.5292	          0.0158	   1.5685	        1.5433	 1.5985	15.1875	1.164e+01	 1.0000	 0.9992	 0.9992	 1.00000	6.243e-02	   3.710	  1150.565
 120	60	 3.1596	 1.4006	   1.5501	        1.5292	          0.0209	   1.5645	        1.5433	 1.6215	15.1875	1.863e+01	 1.0000	 0.9994	 0.9994	 1.00000	8.860e-02	   3.763	  1154.328
 121	61	 1.2586	 1.3193	   1.5676	        1.5292	          0.0383	   1.5982	        1.5433	 1.9560	22.7812	7.296e+00	 1.0000	 0.9988	 0.9988	 1.00000	8.325e-02	   3.689	  1158.017
 122	61	 3.0412	 1.7835	   1.5898	        1.5292	          0.0606	   1.6028	        1.5433	 1.7856	22.7812	1.796e+01	 1.0000	 0.9987	 0.9987	 1.00000	1.116e-01	   3.754	  1161.771
 123	62	 1.4918	 1.6497	   1.5908	        1.5292	          0.0616	   1.6149	        1.5433	 1.7615	22.7812	8.710e+00	 1.0000	 0.9985	 0.9985	 1.00000	1.079e-01	   3.684	  1165.456
 124	62	 2.3578	 1.6590	   1.5795	        1.5292	          0.0502	   1.5967	        1.5433	 1.6625	22.7812	1.387e+01	 1.0000	 0.9984	 0.9984	 1.00000	1.073e-01	   3.756	  1169.212
 125	63	 1.9045	 1.5275	   1.5706	        1.5292	          0.0413	   1.5919	        1.5433	 1.6525	22.7812	1.115e+01	 1.0000	 0.9987	 0.9987	 1.00000	9.989e-02	   3.697	  1172.909
 126	63	 2.3337	 1.4833	   1.5617	        1.5292	          0.0325	   1.5802	        1.5433	 1.6422	22.7812	1.371e+01	 1.0000	 0.9989	 0.9989	 1.00000	9.642e-02	   3.743	  1176.652
 127	64	 1.9736	 1.3883	   1.5567	        1.5292	          0.0274	   1.5787	        1.5433	 1.6313	22.7812	1.155e+01	 1.0000	 0.9992	 0.9992	 1.00000	8.683e-02	   3.686	  1180.339
 128	64	 2.1926	 1.3737	   1.5530	        1.5292	          0.0238	   1.5734	        1.5433	 1.6239	22.7812	1.285e+01	 1.0000	 0.9989	 0.9989	 1.00000	8.499e-02	   3.757	  1184.095
 129	65	 2.1155	 1.3654	   1.5531	        1.5292	          0.0238	   1.5742	        1.5433	 1.6204	22.7812	1.239e+01	 1.0000	 0.9991	 0.9991	 1.00000	8.393e-02	   3.657	  1187.752
 130	65	 1.9278	 1.2946	   1.5499	        1.5292	          0.0206	   1.5732	        1.5433	 1.6241	22.7812	1.127e+01	 1.0000	 0.9993	 0.9993	 1.00000	7.363e-02	   3.753	  1191.505
 131	66	 2.2138	 1.3428	   1.5503	        1.5292	          0.0210	   1.5708	        1.5433	 1.6225	22.7812	1.297e+01	 1.0000	 0.9985	 0.9985	 1.00000	8.088e-02	   3.714	  1195.219
 132	66	 1.8863	 1.2832	   1.5496	        1.5292	          0.0204	   1.5735	        1.5433	 1.6221	22.7812	1.102e+01	 1.0000	 0.9984	 0.9984	 1.00000	7.178e-02	   3.770	  1198.989
 133	67	 2.1849	 1.3126	   1.5482	        1.5292	          0.0189	   1.5692	        1.5433	 1.6179	22.7812	1.280e+01	 1.0000	 0.9984	 0.9984	 1.00000	7.639e-02	   3.688	  1202.677
 134	67	 1.9010	 1.2891	   1.5498	        1.5292	          0.0206	   1.5735	        1.5433	 1.6148	22.7812	1.110e+01	 1.0000	 0.9990	 0.9990	 1.00000	7.276e-02	   3.757	  1206.434
 135	68	 2.1575	 1.4048	   1.5560	        1.5292	          0.0268	   1.5765	        1.5433	 1.6179	22.7812	1.264e+01	 1.0000	 0.9985	 0.9985	 1.00000	8.869e-02	   3.708	  1210.143
 136	68	 1.7990	 1.2604	   1.5495	        1.5292	          0.0202	   1.5744	        1.5433	 1.6203	22.7812	1.049e+01	 1.0000	 0.9987	 0.9987	 1.00000	6.792e-02	   3.757	  1213.899
 137	69	 2.3674	 1.2670	   1.5433	        1.5292	          0.0141	   1.5634	        1.5433	 1.6455	22.7812	1.387e+01	 1.0000	 0.9991	 0.9991	 1.00000	6.863e-02	   3.688	  1217.588
 138	69	 1.4155	 1.3264	   1.5628	        1.5292	          0.0335	   1.5912	        1.5433	 1.7100	22.7812	8.217e+00	 1.0000	 0.9988	 0.9988	 1.00000	8.129e-02	   3.754	  1221.342
 139	70	 2.6673	 1.4613	   1.5575	        1.5292	          0.0283	   1.5741	        1.5433	 1.7309	22.7812	1.567e+01	 1.0000	 0.9987	 0.9987	 1.00000	9.462e-02	   3.697	  1225.039
 140	70	 1.1124	 1.4322	   1.5831	        1.5292	          0.0539	   1.6143	        1.5433	 1.8433	22.7812	6.425e+00	 1.0000	 0.9984	 0.9984	 1.00000	1.004e-01	   3.747	  1228.786
 141	71	 2.0701	 1.5716	   1.5730	        1.5292	          0.0437	   1.5927	        1.5433	 1.7610	34.1719	1.213e+01	 1.0000	 0.9989	 0.9989	 1.00000	1.027e-01	   3.662	  1232.448
 142	71	 1.3952	 1.5108	   1.5794	        1.5292	          0.0502	   1.6059	        1.5433	 1.7659	34.1719	8.108e+00	 1.0000	 0.9990	 0.9990	 1.00000	1.006e-01	   3.767	  1236.215
 143	72	 1.8828	 1.4863	   1.5669	        1.5292	          0.0376	   1.5888	        1.5433	 1.7283	34.1719	1.100e+01	 1.0000	 0.9990	 0.9990	 1.00000	9.673e-02	   3.702	  1239.918
 144	72	 1.6408	 1.4269	   1.5655	        1.5292	          0.0363	   1.5903	        1.5433	 1.7151	34.1719	9.558e+00	 1.0000	 0.9990	 0.9990	 1.00000	9.173e-02	   3.753	  1243.671
 145	73	 1.9657	 1.4378	   1.5612	        1.5292	          0.0319	   1.5828	        1.5433	 1.7353	34.1719	1.149e+01	 1.0000	 0.9988	 0.9988	 1.00000	9.224e-02	   3.704	  1247.375
 146	73	 1.2342	 1.3411	   1.5702	        1.5292	          0.0409	   1.6008	        1.5433	 1.7952	34.1719	7.135e+00	 1.0000	 0.9985	 0.9985	 1.00000	8.675e-02	   3.739	  1251.114
 147	74	 2.0095	 1.4689	   1.5635	        1.5292	          0.0343	   1.5845	        1.5433	 1.7532	34.1719	1.175e+01	 1.0000	 0.9989	 0.9989	 1.00000	9.515e-02	   3.696	  1254.811
 148	74	 1.2244	 1.4002	   1.5753	        1.5292	          0.0461	   1.6053	        1.5433	 1.7785	34.1719	7.080e+00	 1.0000	 0.9989	 0.9989	 1.00000	9.374e-02	   3.757	  1258.567
 149	75	 2.0559	 1.5199	   1.5679	        1.5292	          0.0387	   1.5881	        1.5433	 1.7710	34.1719	1.203e+01	 1.0000	 0.9988	 0.9988	 1.00000	9.928e-02	   3.681	  1262.249
 150	75	 1.1256	 1.4199	   1.5814	        1.5292	          0.0522	   1.6126	        1.5433	 1.8052	34.1719	6.494e+00	 1.0000	 0.9988	 0.9988	 1.00000	9.878e-02	   3.759	  1266.008
 151	76	 1.9923	 1.5511	   1.5718	        1.5292	          0.0425	   1.5923	        1.5433	 1.7623	34.1719	1.165e+01	 1.0000	 0.9988	 0.9988	 1.00000	1.015e-01	   3.684	  1269.692
 152	76	 1.1378	 1.4491	   1.5834	        1.5292	          0.0541	   1.6140	        1.5433	 1.7846	34.1719	6.567e+00	 1.0000	 0.9987	 0.9987	 1.00000	1.009e-01	   3.755	  1273.448
 153	77	 1.9723	 1.5037	   1.5673	        1.5292	          0.0381	   1.5884	        1.5433	 1.7591	34.1719	1.152e+01	 1.0000	 0.9990	 0.9990	 1.00000	9.808e-02	   3.670	  1277.118
 154	77	 1.0466	 1.4730	   1.5902	        1.5292	          0.0610	   1.6218	        1.5433	 1.8159	34.1719	6.027e+00	 1.0000	 0.9985	 0.9985	 1.00000	1.067e-01	   3.742	  1280.860
 155	78	 1.8608	 1.5514	   1.5736	        1.5292	          0.0443	   1.5951	        1.5433	 1.7393	34.1719	1.086e+01	 1.0000	 0.9981	 0.9981	 1.00000	1.016e-01	   3.722	  1284.582
 156	78	 1.1987	 1.4820	   1.5837	        1.5292	          0.0544	   1.6130	        1.5433	 1.7396	34.1719	6.927e+00	 1.0000	 0.9983	 0.9983	 1.00000	1.017e-01	   3.764	  1288.346
 157	79	 1.7140	 1.5035	   1.5713	        1.5292	          0.0420	   1.5945	        1.5433	 1.7069	34.1719	9.984e+00	 1.0000	 0.9988	 0.9988	 1.00000	9.837e-02	   3.678	  1292.024
 158	79	 1.2844	 1.4118	   1.5740	        1.5292	          0.0448	   1.6030	        1.5433	 1.7090	34.1719	7.428e+00	 1.0000	 0.9986	 0.9986	 1.00000	9.360e-02	   3.763	  1295.788
 159	80	 1.7563	 1.4473	   1.5652	        1.5292	          0.0360	   1.5886	        1.5433	 1.7108	34.1719	1.023e+01	 1.0000	 0.9990	 0.9990	 1.00000	9.342e-02	   3.689	  1299.478
 160	80	 1.1918	 1.3638	   1.5737	        1.5292	          0.0445	   1.6047	        1.5433	 1.7297	34.1719	6.874e+00	 1.0000	 0.9991	 0.9991	 1.00000	9.071e-02	   3.750	  1303.228
 161	81	 1.6288	 1.4485	   1.5677	        1.5292	          0.0385	   1.5924	        1.5433	 1.8494	51.2578	9.469e+00	 1.0000	 0.9989	 0.9989	 1.00000	9.389e-02	   3.685	  1306.913
 162	81	 1.0991	 1.3682	   1.5785	        1.5292	          0.0492	   1.6107	        1.5433	 1.8528	51.2578	6.324e+00	 1.0000	 0.9988	 0.9988	 1.00000	9.478e-02	   3.759	  1310.672
 163	82	 1.5302	 1.5108	   1.5758	        1.5292	          0.0466	   1.6008	        1.5433	 1.8349	51.2578	8.887e+00	 1.0000	 0.9989	 0.9989	 1.00000	9.960e-02	   3.688	  1314.360
 164	82	 1.1276	 1.3805	   1.5780	        1.5292	          0.0488	   1.6097	        1.5433	 1.8289	51.2578	6.491e+00	 1.0000	 0.9982	 0.9982	 1.00000	9.484e-02	   3.754	  1318.114
 165	83	 1.4064	 1.4113	   1.5700	        1.5292	          0.0407	   1.5975	        1.5433	 1.8077	51.2578	8.143e+00	 1.0000	 0.9984	 0.9984	 1.00000	9.173e-02	   3.654	  1321.768
 166	83	 1.2597	 1.3833	   1.5725	        1.5292	          0.0433	   1.6023	        1.5433	 1.7995	51.2578	7.270e+00	 1.0000	 0.9988	 0.9988	 1.00000	9.109e-02	   3.751	  1325.520
 167	84	 1.3533	 1.3958	   1.5703	        1.5292	          0.0410	   1.5986	        1.5433	 1.7986	51.2578	7.824e+00	 1.0000	 0.9984	 0.9984	 1.00000	9.075e-02	   3.734	  1329.254
 168	84	 1.1871	 1.3538	   1.5731	        1.5292	          0.0439	   1.6043	        1.5433	 1.7983	51.2578	6.836e+00	 1.0000	 0.9987	 0.9987	 1.00000	8.970e-02	   3.755	  1333.008
 169	85	 1.3883	 1.3614	   1.5663	        1.5292	          0.0371	   1.5947	        1.5433	 1.7994	51.2578	8.026e+00	 1.0000	 0.9983	 0.9983	 1.00000	8.625e-02	   3.675	  1336.684
 170	85	 1.0907	 1.3620	   1.5784	        1.5292	          0.0492	   1.6109	        1.5433	 1.8065	51.2578	6.265e+00	 1.0000	 0.9987	 0.9987	 1.00000	9.453e-02	   3.765	  1340.449
 171	86	 1.4657	 1.4451	   1.5713	        1.5292	          0.0420	   1.5977	        1.5433	 1.8192	51.2578	8.488e+00	 1.0000	 0.9988	 0.9988	 1.00000	9.451e-02	   3.694	  1344.143
 172	86	 0.9418	 1.3660	   1.5878	        1.5292	          0.0586	   1.6228	        1.5433	 1.8470	51.2578	5.385e+00	 1.0000	 0.9988	 0.9988	 1.00000	1.053e-01	   3.749	  1347.892
 173	87	 1.4597	 1.4970	   1.5763	        1.5292	          0.0470	   1.6022	        1.5433	 1.8222	51.2578	8.455e+00	 1.0000	 0.9987	 0.9987	 1.00000	9.902e-02	   3.706	  1351.599
 174	87	 1.0034	 1.3985	   1.5863	        1.5292	          0.0571	   1.6197	        1.5433	 1.8107	51.2578	5.749e+00	 1.0000	 0.9987	 0.9987	 1.00000	1.032e-01	   3.727	  1355.326
 175	88	 1.2931	 1.4166	   1.5741	        1.5292	          0.0449	   1.6030	        1.5433	 1.7840	51.2578	7.460e+00	 1.0000	 0.9987	 0.9987	 1.00000	9.391e-02	   3.711	  1359.037
 176	88	 1.1755	 1.3945	   1.5769	        1.5292	          0.0477	   1.6077	        1.5433	 1.7760	51.2578	6.763e+00	 1.0000	 0.9990	 0.9990	 1.00000	9.455e-02	   3.729	  1362.766
 177	89	 1.0959	 1.3636	   1.5783	        1.5292	          0.0490	   1.6107	        1.5433	 1.7806	51.2578	6.290e+00	 1.0000	 0.9992	 0.9992	 1.00000	9.444e-02	   3.682	  1366.448
 178	89	 1.3865	 1.4091	   1.5704	        1.5292	          0.0411	   1.5981	        1.5433	 1.8008	51.2578	8.008e+00	 1.0000	 0.9993	 0.9993	 1.00000	9.173e-02	   3.796	  1370.244
 179	90	 1.0338	 1.3581	   1.5813	        1.5292	          0.0520	   1.6148	        1.5433	 1.7859	51.2578	5.921e+00	 1.0000	 0.9989	 0.9989	 1.00000	9.733e-02	   3.740	  1373.984
 180	90	 1.2078	 1.3911	   1.5753	        1.5292	          0.0460	   1.6056	        1.5433	 1.7702	51.2578	6.949e+00	 1.0000	 0.9992	 0.9992	 1.00000	9.324e-02	   3.739	  1377.724
 181	91	 0.9474	 1.3358	   1.5852	        1.5292	          0.0559	   1.6206	        1.5433	 1.9395	76.8867	5.408e+00	 1.0000	 0.9987	 0.9987	 1.00000	1.019e-01	   3.557	  1381.281
 182	91	 1.1305	 1.4487	   1.5837	        1.5292	          0.0545	   1.6144	        1.5433	 1.9282	76.8867	6.495e+00	 1.0000	 0.9981	 0.9981	 1.00000	1.011e-01	   3.935	  1385.216
 183	92	 0.9715	 1.4636	   1.5940	        1.5292	          0.0647	   1.6269	        1.5433	 1.9187	76.8867	5.557e+00	 1.0000	 0.9982	 0.9982	 1.00000	1.106e-01	   3.720	  1388.936
 184	92	 1.0131	 1.4016	   1.5860	        1.5292	          0.0567	   1.6192	        1.5433	 1.9121	76.8867	5.796e+00	 1.0000	 0.9983	 0.9983	 1.00000	1.028e-01	   3.695	  1392.632
 185	93	 0.9702	 1.3967	   1.5883	        1.5292	          0.0591	   1.6223	        1.5433	 1.9101	76.8867	5.542e+00	 1.0000	 0.9987	 0.9987	 1.00000	1.056e-01	   3.682	  1396.314
 186	93	 1.0677	 1.4247	   1.5848	        1.5292	          0.0555	   1.6168	        1.5433	 1.9104	76.8867	6.117e+00	 1.0000	 0.9986	 0.9986	 1.00000	1.017e-01	   3.675	  1399.989
 187	94	 0.9499	 1.3694	   1.5875	        1.5292	          0.0583	   1.6223	        1.5433	 1.9044	76.8867	5.419e+00	 1.0000	 0.9984	 0.9984	 1.00000	1.049e-01	   3.721	  1403.710
 188	94	 0.9921	 1.4305	   1.5897	        1.5292	          0.0605	   1.6228	        1.5433	 1.8996	76.8867	5.670e+00	 1.0000	 0.9981	 0.9981	 1.00000	1.067e-01	   3.764	  1407.474
 189	95	 0.9046	 1.4182	   1.5948	        1.5292	          0.0655	   1.6296	        1.5433	 1.9001	76.8867	5.153e+00	 1.0000	 0.9981	 0.9981	 1.00000	1.134e-01	   3.672	  1411.147
 190	95	 1.0489	 1.4373	   1.5869	        1.5292	          0.0577	   1.6190	        1.5433	 1.9019	76.8867	6.003e+00	 1.0000	 0.9982	 0.9982	 1.00000	1.038e-01	   3.742	  1414.889
 191	96	 0.8413	 1.4165	   1.5999	        1.5292	          0.0706	   1.6359	        1.5433	 1.9045	76.8867	4.779e+00	 1.0000	 0.9982	 0.9982	 1.00000	1.211e-01	   3.706	  1418.596
 192	96	 1.0741	 1.4523	   1.5869	        1.5292	          0.0576	   1.6183	        1.5433	 1.9063	76.8867	6.150e+00	 1.0000	 0.9990	 0.9990	 1.00000	1.037e-01	   3.766	  1422.362
 193	97	 0.9120	 1.3753	   1.5907	        1.5292	          0.0615	   1.6261	        1.5433	 1.8871	76.8867	5.190e+00	 1.0000	 0.9984	 0.9984	 1.00000	1.092e-01	   3.680	  1426.042
 194	97	 0.8559	 1.4184	   1.5988	        1.5292	          0.0695	   1.6345	        1.5433	 1.8901	76.8867	4.863e+00	 1.0000	 0.9984	 0.9984	 1.00000	1.192e-01	   3.770	  1429.812
 195	98	 0.9493	 1.4391	   1.5933	        1.5292	          0.0641	   1.6270	        1.5433	 1.8830	76.8867	5.412e+00	 1.0000	 0.9988	 0.9988	 1.00000	1.106e-01	   3.699	  1433.511
 196	98	 0.9269	 1.4172	   1.5930	        1.5292	          0.0638	   1.6275	        1.5433	 1.8798	76.8867	5.278e+00	 1.0000	 0.9982	 0.9982	 1.00000	1.110e-01	   3.751	  1437.262
 197	99	 0.9206	 1.3658	   1.5894	        1.5292	          0.0601	   1.6248	        1.5433	 1.8780	76.8867	5.236e+00	 1.0000	 0.9985	 0.9985	 1.00000	1.075e-01	   3.696	  1440.959
 198	99	 0.8963	 1.4287	   1.5963	        1.5292	          0.0671	   1.6311	        1.5433	 1.8759	76.8867	5.097e+00	 1.0000	 0.9985	 0.9985	 1.00000	1.150e-01	   3.769	  1444.728
 199	100	 0.9512	 1.4164	   1.5912	        1.5292	          0.0620	   1.6253	        1.5433	 1.8765	76.8867	5.417e+00	 1.0000	 0.9989	 0.9989	 1.00000	1.088e-01	   3.690	  1448.418
 200	100	 0.8106	 1.4036	   1.6017	        1.5292	          0.0724	   1.6385	        1.5433	 1.8813	76.8867	4.591e+00	 1.0000	 0.9985	 0.9985	 1.00000	1.251e-01	   3.751	  1452.169
 201	101	 0.8320	 1.4879	   1.6068	        1.5292	          0.0776	   1.6419	        1.5433	 2.0503	115.3301	4.721e+00	 1.0000	 0.9970	 0.9970	 1.00000	1.266e-01	   3.669	  1455.838
 202	101	 0.7177	 1.4220	   1.6132	        1.5292	          0.0839	   1.6516	        1.5433	 2.0506	115.3301	4.046e+00	 1.0000	 0.9982	 0.9982	 1.00000	1.457e-01	   3.766	  1459.604
 203	102	 0.8803	 1.5000	   1.6038	        1.5292	          0.0746	   1.6378	        1.5433	 2.0551	115.3301	5.002e+00	 1.0000	 0.9982	 0.9982	 1.00000	1.212e-01	   3.703	  1463.307
 204	102	 0.6440	 1.4531	   1.6256	        1.5292	          0.0964	   1.6651	        1.5433	 2.0579	115.3301	3.616e+00	 1.0000	 0.9978	 0.9978	 1.00000	1.698e-01	   3.756	  1467.062
 205	103	 0.8048	 1.5677	   1.6167	        1.5292	          0.0875	   1.6510	        1.5433	 2.0370	115.3301	4.562e+00	 1.0000	 0.9985	 0.9985	 1.00000	1.340e-01	   3.695	  1470.757
 206	103	 0.7104	 1.4900	   1.6198	        1.5292	          0.0905	   1.6571	        1.5433	 2.0289	115.3301	4.004e+00	 1.0000	 0.9990	 0.9990	 1.00000	1.502e-01	   3.746	  1474.504
 207	104	 0.7786	 1.4846	   1.6117	        1.5292	          0.0824	   1.6478	        1.5433	 2.0255	115.3301	4.401e+00	 1.0000	 0.9974	 0.9974	 1.00000	1.351e-01	   3.699	  1478.203
 208	104	 0.6934	 1.4923	   1.6221	        1.5292	          0.0929	   1.6598	        1.5433	 2.0229	115.3301	3.903e+00	 1.0000	 0.9975	 0.9975	 1.00000	1.548e-01	   3.753	  1481.956
 209	105	 0.7381	 1.4855	   1.6161	        1.5292	          0.0869	   1.6530	        1.5433	 2.0174	115.3301	4.162e+00	 1.0000	 0.9965	 0.9965	 1.00000	1.434e-01	   3.696	  1485.652
 210	105	 0.7297	 1.5046	   1.6188	        1.5292	          0.0895	   1.6555	        1.5433	 2.0144	115.3301	4.114e+00	 1.0000	 0.9977	 0.9977	 1.00000	1.460e-01	   3.754	  1489.406
 211	106	 0.7067	 1.4845	   1.6198	        1.5292	          0.0905	   1.6573	        1.5433	 2.0118	115.3301	3.978e+00	 1.0000	 0.9980	 0.9980	 1.00000	1.510e-01	   3.682	  1493.089
 212	106	 0.7268	 1.4979	   1.6185	        1.5292	          0.0893	   1.6554	        1.5433	 2.0092	115.3301	4.095e+00	 1.0000	 0.9983	 0.9983	 1.00000	1.464e-01	   3.760	  1496.849
 213	107	 0.7008	 1.4818	   1.6203	        1.5292	          0.0910	   1.6580	        1.5433	 2.0064	115.3301	3.941e+00	 1.0000	 0.9986	 0.9986	 1.00000	1.525e-01	   3.680	  1500.529
 214	107	 0.7061	 1.4887	   1.6202	        1.5292	          0.0909	   1.6577	        1.5433	 2.0038	115.3301	3.971e+00	 1.0000	 0.9983	 0.9983	 1.00000	1.513e-01	   3.773	  1504.303
 215	108	 0.7035	 1.5187	   1.6232	        1.5292	          0.0939	   1.6602	        1.5433	 2.0018	115.3301	3.957e+00	 1.0000	 0.9979	 0.9979	 1.00000	1.529e-01	   3.690	  1507.993
 216	108	 0.6805	 1.4677	   1.6217	        1.5292	          0.0924	   1.6601	        1.5433	 1.9996	115.3301	3.819e+00	 1.0000	 0.9983	 0.9983	 1.00000	1.579e-01	   3.754	  1511.747
 217	109	 0.6775	 1.4906	   1.6240	        1.5292	          0.0948	   1.6621	        1.5433	 1.9974	115.3301	3.802e+00	 1.0000	 0.9986	 0.9986	 1.00000	1.595e-01	   3.724	  1515.471
 218	109	 0.7204	 1.4808	   1.6178	        1.5292	          0.0885	   1.6551	        1.5433	 1.9967	115.3301	4.051e+00	 1.0000	 0.9987	 0.9987	 1.00000	1.474e-01	   3.712	  1519.184
 219	110	 0.6647	 1.4605	   1.6232	        1.5292	          0.0940	   1.6621	        1.5433	 1.9937	115.3301	3.725e+00	 1.0000	 0.9985	 0.9985	 1.00000	1.627e-01	   3.682	  1522.866
 220	110	 0.6981	 1.4816	   1.6206	        1.5292	          0.0913	   1.6583	        1.5433	 1.9914	115.3301	3.919e+00	 1.0000	 0.9980	 0.9980	 1.00000	1.532e-01	   3.761	  1526.627
 221	111	 0.4701	 1.4447	   1.6597	        1.5292	          0.1304	   1.7035	        1.5433	 2.2296	172.9951	2.597e+00	 1.0000	 0.9967	 0.9967	 1.00000	2.774e-01	   3.672	  1530.299
 222	111	 0.7071	 1.6703	   1.6371	        1.5292	          0.1078	   1.6715	        1.5433	 2.2220	172.9951	3.981e+00	 1.0000	 0.9976	 0.9976	 1.00000	1.550e-01	   3.759	  1534.058
 223	112	 0.4885	 1.5921	   1.6670	        1.5292	          0.1377	   1.7071	        1.5433	 2.1891	172.9951	2.708e+00	 1.0000	 0.9976	 0.9976	 1.00000	2.570e-01	   3.696	  1537.755
 224	112	 0.5797	 1.6503	   1.6535	        1.5292	          0.1243	   1.6907	        1.5433	 2.1727	172.9951	3.237e+00	 1.0000	 0.9986	 0.9986	 1.00000	1.984e-01	   3.748	  1541.503
 225	113	 0.4938	 1.6199	   1.6682	        1.5292	          0.1389	   1.7077	        1.5433	 2.1759	172.9951	2.738e+00	 1.0000	 0.9983	 0.9983	 1.00000	2.520e-01	   3.699	  1545.202
 226	113	 0.6190	 1.6684	   1.6488	        1.5292	          0.1196	   1.6850	        1.5433	 2.1768	172.9951	3.464e+00	 1.0000	 0.9981	 0.9981	 1.00000	1.817e-01	   3.740	  1548.943
 227	114	 0.4987	 1.6226	   1.6673	        1.5292	          0.1380	   1.7066	        1.5433	 2.1646	172.9951	2.765e+00	 1.0000	 0.9981	 0.9981	 1.00000	2.481e-01	   3.694	  1552.637
 228	114	 0.5525	 1.6351	   1.6571	        1.5292	          0.1278	   1.6951	        1.5433	 2.1570	172.9951	3.075e+00	 1.0000	 0.9983	 0.9983	 1.00000	2.126e-01	   3.758	  1556.396
 229	115	 0.5306	 1.5943	   1.6577	        1.5292	          0.1285	   1.6969	        1.5433	 2.1531	172.9951	2.946e+00	 1.0000	 0.9980	 0.9980	 1.00000	2.261e-01	   3.700	  1560.096
 230	115	 0.5364	 1.6217	   1.6590	        1.5292	          0.1298	   1.6976	        1.5433	 2.1502	172.9951	2.980e+00	 1.0000	 0.9974	 0.9974	 1.00000	2.222e-01	   3.751	  1563.847
 231	116	 0.5194	 1.5497	   1.6562	        1.5292	          0.1269	   1.6966	        1.5433	 2.1483	172.9951	2.878e+00	 1.0000	 0.9975	 0.9975	 1.00000	2.343e-01	   3.678	  1567.525
 232	116	 0.5520	 1.6426	   1.6579	        1.5292	          0.1286	   1.6958	        1.5433	 2.1467	172.9951	3.069e+00	 1.0000	 0.9976	 0.9976	 1.00000	2.128e-01	   3.758	  1571.283
 233	117	 0.5290	 1.6478	   1.6629	        1.5292	          0.1337	   1.7012	        1.5433	 2.1423	172.9951	2.936e+00	 1.0000	 0.9984	 0.9984	 1.00000	2.264e-01	   3.694	  1574.978
 234	117	 0.4942	 1.5894	   1.6654	        1.5292	          0.1361	   1.7055	        1.5433	 2.1413	172.9951	2.732e+00	 1.0000	 0.9975	 0.9975	 1.00000	2.524e-01	   3.753	  1578.731
 235	118	 0.5202	 1.6095	   1.6613	        1.5292	          0.1320	   1.7004	        1.5433	 2.1368	172.9951	2.882e+00	 1.0000	 0.9984	 0.9984	 1.00000	2.328e-01	   3.692	  1582.423
 236	118	 0.5274	 1.6001	   1.6589	        1.5292	          0.1297	   1.6981	        1.5433	 2.1345	172.9951	2.922e+00	 1.0000	 0.9984	 0.9984	 1.00000	2.282e-01	   3.768	  1586.191
 237	119	 0.5118	 1.5872	   1.6611	        1.5292	          0.1319	   1.7009	        1.5433	 2.1317	172.9951	2.831e+00	 1.0000	 0.9979	 0.9979	 1.00000	2.391e-01	   3.687	  1589.879
 238	119	 0.5098	 1.5891	   1.6617	        1.5292	          0.1325	   1.7015	        1.5433	 2.1295	172.9951	2.819e+00	 1.0000	 0.9974	 0.9974	 1.00000	2.405e-01	   3.742	  1593.621
 239	120	 0.5215	 1.6278	   1.6627	        1.5292	          0.1334	   1.7014	        1.5433	 2.1285	172.9951	2.887e+00	 1.0000	 0.9976	 0.9976	 1.00000	2.316e-01	   3.712	  1597.333
 240	120	 0.4844	 1.5671	   1.6658	        1.5292	          0.1366	   1.7066	        1.5433	 2.1271	172.9951	2.670e+00	 1.0000	 0.9986	 0.9986	 1.00000	2.610e-01	   3.753	  1601.086
 241	121	 0.4007	 1.5836	   1.6916	        1.5292	          0.1623	   1.7338	        1.5433	 2.3408	259.4927	2.193e+00	 1.0000	 0.9978	 0.9978	 1.00000	3.542e-01	   3.696	  1604.783
 242	121	 0.4371	 1.6656	   1.6871	        1.5292	          0.1578	   1.7268	        1.5433	 2.3317	259.4927	2.402e+00	 1.0000	 0.9971	 0.9971	 1.00000	3.037e-01	   3.769	  1608.552
 243	122	 0.4134	 1.6983	   1.6972	        1.5292	          0.1679	   1.7367	        1.5433	 2.3253	259.4927	2.268e+00	 1.0000	 0.9979	 0.9979	 1.00000	3.304e-01	   3.676	  1612.228
 244	122	 0.3987	 1.6921	   1.7015	        1.5292	          0.1722	   1.7413	        1.5433	 2.3212	259.4927	2.183e+00	 1.0000	 0.9978	 0.9978	 1.00000	3.506e-01	   3.748	  1615.977
 245	123	 0.4142	 1.7196	   1.6988	        1.5292	          0.1696	   1.7379	        1.5433	 2.3173	259.4927	2.271e+00	 1.0000	 0.9982	 0.9982	 1.00000	3.282e-01	   3.700	  1619.677
 246	123	 0.3883	 1.7221	   1.7077	        1.5292	          0.1784	   1.7471	        1.5433	 2.3133	259.4927	2.124e+00	 1.0000	 0.9979	 0.9979	 1.00000	3.639e-01	   3.758	  1623.434
 247	124	 0.4061	 1.7176	   1.7012	        1.5292	          0.1720	   1.7405	        1.5433	 2.3098	259.4927	2.224e+00	 1.0000	 0.9981	 0.9981	 1.00000	3.389e-01	   3.680	  1627.114
 248	124	 0.3858	 1.7481	   1.7109	        1.5292	          0.1816	   1.7498	        1.5433	 2.3060	259.4927	2.109e+00	 1.0000	 0.9989	 0.9989	 1.00000	3.661e-01	   3.753	  1630.868
 249	125	 0.4098	 1.7488	   1.7029	        1.5292	          0.1736	   1.7414	        1.5433	 2.3042	259.4927	2.244e+00	 1.0000	 0.9986	 0.9986	 1.00000	3.323e-01	   3.697	  1634.565
 250	125	 0.3628	 1.7463	   1.7193	        1.5292	          0.1901	   1.7586	        1.5433	 2.3022	259.4927	1.977e+00	 1.0000	 0.9986	 0.9986	 1.00000	4.044e-01	   3.712	  1638.277
 251	126	 0.3698	 1.7351	   1.7156	        1.5292	          0.1864	   1.7551	        1.5433	 2.2982	259.4927	2.016e+00	 1.0000	 0.9980	 0.9980	 1.00000	3.930e-01	   3.746	  1642.023
 252	126	 0.4085	 1.7924	   1.7073	        1.5292	          0.1780	   1.7450	        1.5433	 2.2977	259.4927	2.237e+00	 1.0000	 0.9977	 0.9977	 1.00000	3.316e-01	   3.738	  1645.761
 253	127	 0.3555	 1.7083	   1.7190	        1.5292	          0.1898	   1.7592	        1.5433	 2.2952	259.4927	1.933e+00	 1.0000	 0.9983	 0.9983	 1.00000	4.212e-01	   3.709	  1649.470
 254	127	 0.4049	 1.8099	   1.7100	        1.5292	          0.1808	   1.7475	        1.5433	 2.2931	259.4927	2.216e+00	 1.0000	 0.9983	 0.9983	 1.00000	3.353e-01	   3.770	  1653.240
 255	128	 0.3650	 1.7759	   1.7211	        1.5292	          0.1918	   1.7597	        1.5433	 2.2865	259.4927	1.987e+00	 1.0000	 0.9979	 0.9979	 1.00000	3.983e-01	   3.700	  1656.941
 256	128	 0.3744	 1.7758	   1.7175	        1.5292	          0.1883	   1.7560	        1.5433	 2.2838	259.4927	2.040e+00	 1.0000	 0.9980	 0.9980	 1.00000	3.823e-01	   3.741	  1660.681
 257	129	 0.3720	 1.7948	   1.7201	        1.5292	          0.1909	   1.7583	        1.5433	 2.2819	259.4927	2.026e+00	 1.0000	 0.9985	 0.9985	 1.00000	3.849e-01	   3.682	  1664.363
 258	129	 0.3671	 1.7559	   1.7185	        1.5292	          0.1893	   1.7575	        1.5433	 2.2792	259.4927	1.996e+00	 1.0000	 0.9970	 0.9970	 1.00000	3.961e-01	   3.761	  1668.125
 259	130	 0.3677	 1.7910	   1.7214	        1.5292	          0.1921	   1.7597	        1.5433	 2.2772	259.4927	2.001e+00	 1.0000	 0.9976	 0.9976	 1.00000	3.924e-01	   3.684	  1671.810
 260	130	 0.3690	 1.7462	   1.7169	        1.5292	          0.1877	   1.7561	        1.5433	 2.2748	259.4927	2.006e+00	 1.0000	 0.9973	 0.9973	 1.00000	3.935e-01	   3.761	  1675.571
 261	131	 0.2933	 1.7564	   1.7530	        1.5292	          0.2237	   1.7927	        1.5433	 2.4990	389.2390	1.582e+00	 1.0000	 0.9969	 0.9969	 1.00000	5.695e-01	   3.681	  1679.252
 262	131	 0.2841	 1.8030	   1.7620	        1.5292	          0.2328	   1.8007	        1.5433	 2.4928	389.2390	1.531e+00	 1.0000	 0.9978	 0.9978	 1.00000	5.929e-01	   3.494	  1682.746
 263	132	 0.2765	 1.8449	   1.7699	        1.5292	          0.2407	   1.8077	        1.5433	 2.4874	389.2390	1.489e+00	 1.0000	 0.9978	 0.9978	 1.00000	6.133e-01	   3.751	  1686.497
 264	132	 0.3030	 1.9212	   1.7615	        1.5292	          0.2323	   1.7977	        1.5433	 2.4834	389.2390	1.637e+00	 1.0000	 0.9983	 0.9983	 1.00000	5.212e-01	   3.718	  1690.215
 265	133	 0.2754	 1.9182	   1.7766	        1.5292	          0.2474	   1.8128	        1.5433	 2.4770	389.2390	1.483e+00	 1.0000	 0.9978	 0.9978	 1.00000	6.068e-01	   4.030	  1694.245
 266	133	 0.2799	 1.9516	   1.7767	        1.5292	          0.2475	   1.8123	        1.5433	 2.4730	389.2390	1.508e+00	 1.0000	 0.9988	 0.9988	 1.00000	5.869e-01	   3.762	  1698.007
 267	134	 0.2727	 1.9814	   1.7835	        1.5292	          0.2542	   1.8185	        1.5433	 2.4691	389.2390	1.468e+00	 1.0000	 0.9985	 0.9985	 1.00000	6.074e-01	   3.690	  1701.697
 268	134	 0.2713	 1.9763	   1.7839	        1.5292	          0.2547	   1.8190	        1.5433	 2.4664	389.2390	1.459e+00	 1.0000	 0.9981	 0.9981	 1.00000	6.131e-01	   3.706	  1705.403
 269	135	 0.2747	 1.9718	   1.7815	        1.5292	          0.2522	   1.8167	        1.5433	 2.4635	389.2390	1.477e+00	 1.0000	 0.9986	 0.9986	 1.00000	6.018e-01	   3.697	  1709.100
 270	135	 0.2643	 1.9961	   1.7899	        1.5292	          0.2607	   1.8245	        1.5433	 2.4607	389.2390	1.419e+00	 1.0000	 0.9986	 0.9986	 1.00000	6.359e-01	   3.753	  1712.853
 271	136	 0.2783	 2.0422	   1.7853	        1.5292	          0.2561	   1.8192	        1.5433	 2.4594	389.2390	1.498e+00	 1.0000	 0.9986	 0.9986	 1.00000	5.802e-01	   3.697	  1716.551
 272	136	 0.2506	 1.9938	   1.7987	        1.5292	          0.2695	   1.8332	        1.5433	 2.4571	389.2390	1.343e+00	 1.0000	 0.9981	 0.9981	 1.00000	6.911e-01	   3.738	  1720.289
 273	137	 0.2406	 1.9938	   1.8058	        1.5292	          0.2765	   1.8402	        1.5433	 2.4579	389.2390	1.288e+00	 1.0000	 0.9975	 0.9975	 1.00000	7.363e-01	   3.688	  1723.977
 274	137	 0.2870	 2.0554	   1.7816	        1.5292	          0.2524	   1.8153	        1.5433	 2.4560	389.2390	1.545e+00	 1.0000	 0.9974	 0.9974	 1.00000	5.513e-01	   3.760	  1727.738
 275	138	 0.2624	 2.0267	   1.7936	        1.5292	          0.2644	   1.8276	        1.5433	 2.4483	389.2390	1.407e+00	 1.0000	 0.9980	 0.9980	 1.00000	6.384e-01	   3.709	  1731.447
 276	138	 0.2562	 2.0209	   1.7972	        1.5292	          0.2679	   1.8312	        1.5433	 2.4461	389.2390	1.372e+00	 1.0000	 0.9979	 0.9979	 1.00000	6.637e-01	   3.751	  1735.198
 277	139	 0.2830	 2.0612	   1.7843	        1.5292	          0.2551	   1.8179	        1.5433	 2.4490	389.2390	1.521e+00	 1.0000	 0.9967	 0.9967	 1.00000	5.629e-01	   3.693	  1738.892
 278	139	 0.2335	 1.9973	   1.8114	        1.5292	          0.2822	   1.8456	        1.5433	 2.4474	389.2390	1.246e+00	 1.0000	 0.9973	 0.9973	 1.00000	7.707e-01	   3.747	  1742.639
 279	140	 0.2563	 2.0141	   1.7966	        1.5292	          0.2673	   1.8307	        1.5433	 2.4399	389.2390	1.371e+00	 1.0000	 0.9976	 0.9976	 1.00000	6.643e-01	   3.688	  1746.327
 280	140	 0.2580	 2.0321	   1.7969	        1.5292	          0.2677	   1.8308	        1.5433	 2.4378	389.2390	1.380e+00	 1.0000	 0.9980	 0.9980	 1.00000	6.547e-01	   3.747	  1750.074
 281	141	 0.1926	 2.0170	   1.8491	        1.5292	          0.3198	   1.8816	        1.5433	 2.6654	583.8585	1.026e+00	 1.0000	 0.9950	 0.9950	 1.00000	1.027e+00	   3.713	  1753.788
 282	141	 0.1966	 2.1077	   1.8514	        1.5292	          0.3222	   1.8823	        1.5433	 2.6550	583.8585	1.046e+00	 1.0000	 0.9980	 0.9980	 1.00000	9.718e-01	   3.743	  1757.531
 283	142	 0.1966	 2.1938	   1.8577	        1.5292	          0.3284	   1.8870	        1.5433	 2.6481	583.8585	1.045e+00	 1.0000	 0.9979	 0.9979	 1.00000	9.504e-01	   3.686	  1761.217
 284	142	 0.1836	 2.1964	   1.8708	        1.5292	          0.3415	   1.8995	        1.5433	 2.6443	583.8585	9.748e-01	 1.0000	 0.9979	 0.9979	 1.00000	1.050e+00	   3.754	  1764.972
 285	143	 0.1838	 2.2877	   1.8770	        1.5292	          0.3477	   1.9041	        1.5433	 2.6382	583.8585	9.746e-01	 1.0000	 0.9980	 0.9980	 1.00000	1.023e+00	   3.682	  1768.653
 286	143	 0.1810	 2.2774	   1.8792	        1.5292	          0.3499	   1.9064	        1.5433	 2.6358	583.8585	9.591e-01	 1.0000	 0.9978	 0.9978	 1.00000	1.049e+00	   3.711	  1772.364
 287	144	 0.1757	 2.3094	   1.8870	        1.5292	          0.3577	   1.9134	        1.5433	 2.6323	583.8585	9.303e-01	 1.0000	 0.9981	 0.9981	 1.00000	1.085e+00	   3.765	  1776.129
 288	144	 0.1805	 2.3428	   1.8842	        1.5292	          0.3550	   1.9103	        1.5433	 2.6295	583.8585	9.553e-01	 1.0000	 0.9978	 0.9978	 1.00000	1.035e+00	   3.752	  1779.881
 289	145	 0.1790	 2.3562	   1.8868	        1.5292	          0.3575	   1.9126	        1.5433	 2.6270	583.8585	9.465e-01	 1.0000	 0.9979	 0.9979	 1.00000	1.044e+00	   3.717	  1783.599
 290	145	 0.1722	 2.3763	   1.8953	        1.5292	          0.3661	   1.9205	        1.5433	 2.6241	583.8585	9.099e-01	 1.0000	 0.9983	 0.9983	 1.00000	1.097e+00	   3.722	  1787.320
 291	146	 0.1666	 2.3853	   1.9023	        1.5292	          0.3731	   1.9269	        1.5433	 2.6223	583.8585	8.790e-01	 1.0000	 0.9978	 0.9978	 1.00000	1.147e+00	   3.723	  1791.044
 292	146	 0.1750	 2.4219	   1.8955	        1.5292	          0.3663	   1.9201	        1.5433	 2.6198	583.8585	9.236e-01	 1.0000	 0.9972	 0.9972	 1.00000	1.060e+00	   3.722	  1794.766
 293	147	 0.1671	 2.4085	   1.9032	        1.5292	          0.3740	   1.9275	        1.5433	 2.6177	583.8585	8.810e-01	 1.0000	 0.9982	 0.9982	 1.00000	1.135e+00	   3.685	  1798.452
 294	147	 0.1720	 2.4465	   1.9004	        1.5292	          0.3712	   1.9245	        1.5433	 2.6156	583.8585	9.063e-01	 1.0000	 0.9989	 0.9989	 1.00000	1.079e+00	   3.754	  1802.206
 295	148	 0.1677	 2.4661	   1.9064	        1.5292	          0.3772	   1.9300	        1.5433	 2.6134	583.8585	8.829e-01	 1.0000	 0.9988	 0.9988	 1.00000	1.112e+00	   3.702	  1805.908
 296	148	 0.1661	 2.4547	   1.9074	        1.5292	          0.3782	   1.9310	        1.5433	 2.6117	583.8585	8.739e-01	 1.0000	 0.9989	 0.9989	 1.00000	1.130e+00	   3.744	  1809.652
 297	149	 0.1674	 2.4830	   1.9079	        1.5292	          0.3787	   1.9312	        1.5433	 2.6099	583.8585	8.801e-01	 1.0000	 0.9987	 0.9987	 1.00000	1.110e+00	   3.691	  1813.343
 298	149	 0.1630	 2.4627	   1.9115	        1.5292	          0.3823	   1.9348	        1.5433	 2.6083	583.8585	8.563e-01	 1.0000	 0.9978	 0.9978	 1.00000	1.158e+00	   3.746	  1817.089
 299	150	 0.1623	 2.4682	   1.9128	        1.5292	          0.3835	   1.9359	        1.5433	 2.6068	583.8585	8.517e-01	 1.0000	 0.9979	 0.9979	 1.00000	1.164e+00	   3.688	  1820.778
 300	150	 0.1652	 2.4787	   1.9101	        1.5292	          0.3809	   1.9333	        1.5433	 2.6050	583.8585	8.668e-01	 1.0000	 0.9984	 0.9984	 1.00000	1.132e+00	   3.759	  1824.537
 301	151	 0.1293	 2.4960	   1.9589	        1.5292	          0.4297	   1.9789	        1.5433	 2.8126	875.7878	6.777e-01	 1.0000	 0.9964	 0.9964	 1.00000	1.569e+00	   3.699	  1828.236
 302	151	 0.1190	 2.5382	   1.9781	        1.5292	          0.4489	   1.9965	        1.5433	 2.8049	875.7878	6.233e-01	 1.0000	 0.9966	 0.9966	 1.00000	1.727e+00	   3.748	  1831.984
 303	152	 0.1163	 2.6166	   1.9865	        1.5292	          0.4572	   2.0036	        1.5433	 2.7966	875.7878	6.070e-01	 1.0000	 0.9986	 0.9986	 1.00000	1.736e+00	   3.689	  1835.674
 304	152	 0.1145	 2.6788	   1.9928	        1.5292	          0.4636	   2.0090	        1.5433	 2.7904	875.7878	5.951e-01	 1.0000	 0.9984	 0.9984	 1.00000	1.740e+00	   3.766	  1839.440
 305	153	 0.1174	 2.7764	   1.9927	        1.5292	          0.4635	   2.0083	        1.5433	 2.7854	875.7878	6.078e-01	 1.0000	 0.9971	 0.9971	 1.00000	1.639e+00	   3.693	  1843.133
 306	153	 0.1060	 2.7778	   2.0127	        1.5292	          0.4835	   2.0269	        1.5433	 2.7804	875.7878	5.479e-01	 1.0000	 0.9983	 0.9983	 1.00000	1.858e+00	   3.749	  1846.882
 307	154	 0.1076	 2.8647	   2.0137	        1.5292	          0.4845	   2.0273	        1.5433	 2.7753	875.7878	5.544e-01	 1.0000	 0.9983	 0.9983	 1.00000	1.778e+00	   3.735	  1850.617
 308	154	 0.1027	 2.8707	   2.0229	        1.5292	          0.4936	   2.0359	        1.5433	 2.7727	875.7878	5.282e-01	 1.0000	 0.9987	 0.9987	 1.00000	1.877e+00	   3.600	  1854.217
 309	155	 0.1002	 2.9047	   2.0292	        1.5292	          0.5000	   2.0416	        1.5433	 2.7698	875.7878	5.138e-01	 1.0000	 0.9975	 0.9975	 1.00000	1.915e+00	   3.687	  1857.905
 310	155	 0.1015	 2.9534	   2.0288	        1.5292	          0.4995	   2.0409	        1.5433	 2.7669	875.7878	5.198e-01	 1.0000	 0.9966	 0.9966	 1.00000	1.858e+00	   3.645	  1861.550
 311	156	 0.0983	 2.9834	   2.0362	        1.5292	          0.5069	   2.0477	        1.5433	 2.7642	875.7878	5.020e-01	 1.0000	 0.9971	 0.9971	 1.00000	1.913e+00	   3.733	  1865.284
 312	156	 0.0986	 3.0112	   2.0368	        1.5292	          0.5076	   2.0481	        1.5433	 2.7624	875.7878	5.028e-01	 1.0000	 0.9959	 0.9959	 1.00000	1.891e+00	   3.741	  1869.025
 313	157	 0.0967	 3.0327	   2.0414	        1.5292	          0.5121	   2.0523	        1.5433	 2.7603	875.7878	4.920e-01	 1.0000	 0.9969	 0.9969	 1.00000	1.923e+00	   3.781	  1872.806
 314	157	 0.0956	 3.0538	   2.0443	        1.5292	          0.5150	   2.0549	        1.5433	 2.7585	875.7878	4.860e-01	 1.0000	 0.9979	 0.9979	 1.00000	1.935e+00	   3.783	  1876.589
 315	158	 0.0922	 3.0641	   2.0514	        1.5292	          0.5222	   2.0616	        1.5433	 2.7568	875.7878	4.671e-01	 1.0000	 0.9987	 0.9987	 1.00000	2.011e+00	   3.713	  1880.302
 316	158	 0.0941	 3.0921	   2.0488	        1.5292	          0.5196	   2.0590	        1.5433	 2.7554	875.7878	4.768e-01	 1.0000	 0.9977	 0.9977	 1.00000	1.949e+00	   3.769	  1884.071
 317	159	 0.0910	 3.0886	   2.0548	        1.5292	          0.5256	   2.0647	        1.5433	 2.7539	875.7878	4.596e-01	 1.0000	 0.9980	 0.9980	 1.00000	2.027e+00	   3.731	  1887.802
 318	159	 0.0927	 3.1217	   2.0529	        1.5292	          0.5236	   2.0627	        1.5433	 2.7525	875.7878	4.680e-01	 1.0000	 0.9985	 0.9985	 1.00000	1.967e+00	   3.781	  1891.584
 319	160	 0.0933	 3.1401	   2.0524	        1.5292	          0.5232	   2.0622	        1.5433	 2.7513	875.7878	4.708e-01	 1.0000	 0.9976	 0.9976	 1.00000	1.942e+00	   3.756	  1895.340
 320	160	 0.0895	 3.1340	   2.0598	        1.5292	          0.5305	   2.0691	        1.5433	 2.7497	875.7878	4.496e-01	 1.0000	 0.9982	 0.9982	 1.00000	2.039e+00	   3.779	  1899.119
 321	161	 0.0727	 3.1360	   2.0981	        1.5292	          0.5689	   2.1053	        1.5433	 2.9105	1313.6817	3.602e-01	 1.0000	 0.9964	 0.9964	 1.00000	2.552e+00	   3.726	  1902.845
 322	161	 0.0657	 3.1859	   2.1179	        1.5292	          0.5886	   2.1238	        1.5433	 2.8991	1313.6817	3.227e-01	 1.0000	 0.9972	 0.9972	 1.00000	2.785e+00	   3.737	  1906.582
 323	162	 0.0608	 3.2311	   2.1330	        1.5292	          0.6037	   2.1380	        1.5433	 2.8916	1313.6817	2.955e-01	 1.0000	 0.9980	 0.9980	 1.00000	2.966e+00	   3.724	  1910.306
 324	162	 0.0603	 3.3133	   2.1358	        1.5292	          0.6066	   2.1404	        1.5433	 2.8845	1313.6817	2.911e-01	 1.0000	 0.9986	 0.9986	 1.00000	2.908e+00	   3.766	  1914.073
 325	163	 0.0569	 3.3627	   2.1469	        1.5292	          0.6177	   2.1509	        1.5433	 2.8786	1313.6817	2.720e-01	 1.0000	 0.9985	 0.9985	 1.00000	3.027e+00	   3.719	  1917.792
 326	163	 0.0566	 3.4252	   2.1488	        1.5292	          0.6195	   2.1525	        1.5433	 2.8750	1313.6817	2.701e-01	 1.0000	 0.9965	 0.9965	 1.00000	2.979e+00	   3.760	  1921.552
 327	164	 0.0545	 3.4733	   2.1559	        1.5292	          0.6267	   2.1592	        1.5433	 2.8714	1313.6817	2.587e-01	 1.0000	 0.9958	 0.9958	 1.00000	3.038e+00	   3.719	  1925.271
 328	164	 0.0531	 3.4981	   2.1607	        1.5292	          0.6315	   2.1638	        1.5433	 2.8689	1313.6817	2.506e-01	 1.0000	 0.9961	 0.9961	 1.00000	3.087e+00	   3.756	  1929.027
 329	165	 0.0517	 3.5214	   2.1656	        1.5292	          0.6363	   2.1684	        1.5433	 2.8667	1313.6817	2.425e-01	 1.0000	 0.9963	 0.9963	 1.00000	3.141e+00	   3.717	  1932.744
 330	165	 0.0505	 3.5404	   2.1697	        1.5292	          0.6404	   2.1722	        1.5433	 2.8647	1313.6817	2.357e-01	 1.0000	 0.9962	 0.9962	 1.00000	3.188e+00	   3.754	  1936.499
 331	166	 0.0486	 3.5374	   2.1755	        1.5292	          0.6463	   2.1779	        1.5433	 2.8626	1313.6817	2.247e-01	 1.0000	 0.9971	 0.9971	 1.00000	3.295e+00	   3.723	  1940.222
 332	166	 0.0489	 3.5655	   2.1749	        1.5292	          0.6457	   2.1773	        1.5433	 2.8615	1313.6817	2.264e-01	 1.0000	 0.9964	 0.9964	 1.00000	3.249e+00	   3.761	  1943.983
 333	167	 0.0487	 3.5781	   2.1757	        1.5292	          0.6464	   2.1780	        1.5433	 2.8602	1313.6817	2.252e-01	 1.0000	 0.9970	 0.9970	 1.00000	3.245e+00	   3.720	  1947.703
 334	167	 0.0473	 3.5677	   2.1804	        1.5292	          0.6511	   2.1825	        1.5433	 2.8582	1313.6817	2.159e-01	 1.0000	 0.9987	 0.9987	 1.00000	3.343e+00	   3.781	  1951.485
 335	168	 0.0464	 3.5548	   2.1834	        1.5292	          0.6541	   2.1854	        1.5433	 2.8568	1313.6817	2.096e-01	 1.0000	 0.9986	 0.9986	 1.00000	3.414e+00	   3.725	  1955.210
 336	168	 0.0467	 3.5701	   2.1823	        1.5292	          0.6531	   2.1844	        1.5433	 2.8555	1313.6817	2.112e-01	 1.0000	 0.9984	 0.9984	 1.00000	3.375e+00	   3.759	  1958.969
 337	169	 0.0476	 3.5836	   2.1794	        1.5292	          0.6501	   2.1815	        1.5433	 2.8545	1313.6817	2.162e-01	 1.0000	 0.9982	 0.9982	 1.00000	3.305e+00	   3.714	  1962.683
 338	169	 0.0458	 3.5616	   2.1854	        1.5292	          0.6562	   2.1874	        1.5433	 2.8527	1313.6817	2.043e-01	 1.0000	 0.9979	 0.9979	 1.00000	3.443e+00	   3.758	  1966.441
 339	170	 0.0459	 3.5674	   2.1851	        1.5292	          0.6559	   2.1871	        1.5433	 2.8515	1313.6817	2.043e-01	 1.0000	 0.9980	 0.9980	 1.00000	3.430e+00	   3.720	  1970.161
 340	170	 0.0457	 3.5582	   2.1857	        1.5292	          0.6565	   2.1877	        1.5433	 2.8501	1313.6817	2.021e-01	 1.0000	 0.9984	 0.9984	 1.00000	3.453e+00	   3.758	  1973.919
 341	171	 0.0386	 3.5432	   2.2120	        1.5292	          0.6828	   2.2132	        1.5433	 2.9568	1970.5225	1.620e-01	 1.0000	 0.9947	 0.9947	 1.00000	3.983e+00	   3.716	  1977.635
 342	171	 0.0351	 3.5458	   2.2263	        1.5292	          0.6971	   2.2270	        1.5433	 2.9478	1970.5225	1.425e-01	 1.0000	 0.9940	 0.9940	 1.00000	4.277e+00	   3.758	  1981.393
 343	172	 0.0325	 3.5649	   2.2374	        1.5292	          0.7082	   2.2378	        1.5433	 2.9408	1970.5225	1.277e-01	 1.0000	 0.9954	 0.9954	 1.00000	4.492e+00	   3.718	  1985.112
 344	172	 0.0315	 3.6217	   2.2416	        1.5292	          0.7123	   2.2418	        1.5433	 2.9339	1970.5225	1.214e-01	 1.0000	 0.9982	 0.9982	 1.00000	4.503e+00	   3.465	  1988.577
 345	173	 0.0311	 3.6902	   2.2425	        1.5292	          0.7133	   2.2427	        1.5433	 2.9315	1970.5225	1.209e-01	 1.0000	 0.9899	 0.9899	 1.00000	4.428e+00	   3.684	  1992.261
 346	173	 0.0289	 3.6806	   2.2527	        1.5292	          0.7235	   2.2526	        1.5433	 2.9256	1970.5225	1.069e-01	 1.0000	 0.9956	 0.9956	 1.00000	4.672e+00	   3.662	  1995.924
 347	174	 0.0281	 3.7073	   2.2563	        1.5292	          0.7271	   2.2561	        1.5433	 2.9232	1970.5225	1.025e-01	 1.0000	 0.9923	 0.9923	 1.00000	4.718e+00	   3.722	  1999.646
 348	174	 0.0274	 3.7023	   2.2596	        1.5292	          0.7304	   2.2594	        1.5433	 2.9200	1970.5225	9.728e-02	 1.0000	 0.9946	 0.9946	 1.00000	4.803e+00	   3.716	  2003.362
 349	175	 0.0262	 3.6857	   2.2660	        1.5292	          0.7367	   2.2656	        1.5433	 2.9165	1970.5225	8.843e-02	 1.0000	 0.9974	 0.9974	 1.00000	4.980e+00	   3.720	  2007.082
 350	175	 0.0266	 3.7078	   2.2636	        1.5292	          0.7344	   2.2633	        1.5433	 2.9149	1970.5225	9.071e-02	 1.0000	 0.9958	 0.9958	 1.00000	4.890e+00	   3.708	  2010.790
 351	176	 0.0262	 3.6994	   2.2657	        1.5292	          0.7364	   2.2653	        1.5433	 2.9121	1970.5225	8.701e-02	 1.0000	 0.9976	 0.9976	 1.00000	4.952e+00	   3.725	  2014.516
 352	176	 0.0258	 3.6959	   2.2674	        1.5292	          0.7381	   2.2670	        1.5433	 2.9095	1970.5225	8.390e-02	 1.0000	 0.9975	 0.9975	 1.00000	4.999e+00	   3.708	  2018.223
 353	177	 0.0262	 3.7017	   2.2657	        1.5292	          0.7364	   2.2653	        1.5433	 2.9075	1970.5225	8.494e-02	 1.0000	 0.9972	 0.9972	 1.00000	4.949e+00	   3.741	  2021.965
 354	177	 0.0253	 3.6786	   2.2705	        1.5292	          0.7413	   2.2701	        1.5433	 2.9048	1970.5225	7.799e-02	 1.0000	 0.9971	 0.9971	 1.00000	5.101e+00	   3.718	  2025.683
 355	178	 0.0251	 3.6785	   2.2713	        1.5292	          0.7421	   2.2708	        1.5433	 2.9025	1970.5225	7.612e-02	 1.0000	 0.9974	 0.9974	 1.00000	5.120e+00	   3.716	  2029.398
 356	178	 0.0251	 3.6782	   2.2713	        1.5292	          0.7420	   2.2708	        1.5433	 2.9003	1970.5225	7.506e-02	 1.0000	 0.9975	 0.9975	 1.00000	5.121e+00	   3.721	  2033.119
 357	179	 0.0254	 3.6940	   2.2695	        1.5292	          0.7403	   2.2691	        1.5433	 2.8979	1970.5225	7.619e-02	 1.0000	 0.9982	 0.9982	 1.00000	5.053e+00	   3.725	  2036.844
 358	179	 0.0250	 3.6841	   2.2721	        1.5292	          0.7428	   2.2716	        1.5433	 2.8956	1970.5225	7.218e-02	 1.0000	 0.9980	 0.9980	 1.00000	5.131e+00	   3.716	  2040.560
 359	180	 0.0250	 3.6881	   2.2720	        1.5292	          0.7428	   2.2716	        1.5433	 2.8932	1970.5225	7.119e-02	 1.0000	 0.9979	 0.9979	 1.00000	5.125e+00	   3.709	  2044.269
 360	180	 0.0249	 3.6942	   2.2720	        1.5292	          0.7428	   2.2715	        1.5433	 2.8910	1970.5225	7.028e-02	 1.0000	 0.9982	 0.9982	 1.00000	5.115e+00	   3.752	  2048.021
 361	181	 0.0218	 3.6677	   2.2892	        1.5292	          0.7600	   2.2885	        1.5433	 2.9407	2955.7838	5.143e-02	 1.0000	 0.9832	 0.9832	 1.00000	5.594e+00	   4.085	  2052.106
 362	181	 0.0198	 3.6590	   2.3011	        1.5292	          0.7718	   2.3002	        1.5433	 2.9332	2955.7838	4.019e-02	 1.0000	 0.9486	 0.9486	 1.00000	5.926e+00	   3.734	  2055.840
 363	182	 0.0183	 3.6713	   2.3098	        1.5292	          0.7805	   2.3088	        1.5433	 2.9246	2955.7838	3.100e-02	 1.0000	 0.9337	 0.9337	 1.00000	6.149e+00	   3.755	  2059.595
 364	182	 0.0177	 3.7560	   2.3104	        1.5292	          0.7812	   2.3094	        1.5433	 2.9136	2955.7838	2.746e-02	 1.0000	 0.9469	 0.9469	 1.00000	6.036e+00	   3.719	  2063.314
 365	183	 0.0169	 3.7983	   2.3140	        1.5292	          0.7847	   2.3129	        1.5433	 2.9160	2955.7838	2.560e-02	 1.0000	 0.9186	 0.9186	 1.00000	6.072e+00	   3.758	  2067.073
 366	183	 0.0163	 3.8064	   2.3177	        1.5292	          0.7884	   2.3166	        1.5433	 2.9122	2955.7838	2.153e-02	 1.0000	 0.9032	 0.9032	 1.00000	6.164e+00	   3.717	  2070.790
 367	184	 0.0155	 3.7864	   2.3230	        1.5292	          0.7938	   2.3219	        1.5433	 2.9034	2955.7838	1.430e-02	 1.0000	 0.9286	 0.9286	 1.00000	6.352e+00	   3.742	  2074.533
 368	184	 0.0154	 3.8081	   2.3234	        1.5292	          0.7942	   2.3223	        1.5433	 2.9034	2955.7838	1.417e-02	 1.0000	 0.8399	 0.8399	 1.00000	6.329e+00	   3.718	  2078.252
 369	185	 0.0149	 3.7895	   2.3271	        1.5292	          0.7979	   2.3260	        1.5433	 2.8966	2955.7838	8.963e-03	 1.0000	 0.8080	 0.8080	 1.00000	6.467e+00	   3.737	  2081.989
 370	185	 0.0147	 3.7872	   2.3283	        1.5292	          0.7991	   2.3272	        1.5433	 2.8938	2955.7838	7.120e-03	 1.0000	 0.6714	 0.6714	 1.00000	6.506e+00	   3.722	  2085.711
 371	186	 0.0145	 3.7826	   2.3297	        1.5292	          0.8004	   2.3285	        1.5433	 2.8934	2955.7838	5.996e-03	 1.0000	 0.3695	 0.3695	 1.00000	6.555e+00	   3.706	  2089.417
 372	186	 0.0143	 3.7797	   2.3313	        1.5292	          0.8021	   2.3302	        1.5433	 2.8972	2955.7838	6.074e-03	 1.0000	-0.0897	-0.0897	 1.00000	6.608e+00	   3.722	  2093.139
 373	187	 0.0143	 3.8170	   2.3298	        1.5292	          0.8005	   2.3286	        1.5433	 2.8972	2955.7838	7.359e-03	 1.0000	 0.0540	 0.0540	 1.00000	6.503e+00	   3.720	  2096.859
 374	187	 0.0140	 3.7831	   2.3331	        1.5292	          0.8038	   2.3319	        1.5433	 2.9117	2955.7838	9.751e-03	 0.9905	-0.3754	-0.3718	 1.00000	6.656e+00	   3.682	  2100.541
 375	188	 0.0138	 3.7812	   2.3343	        1.5292	          0.8051	   2.3332	        1.5433	 2.9189	2955.7838	1.135e-02	 0.9720	-0.5124	-0.4980	 1.00000	6.697e+00	   3.725	  2104.267
 376	188	 0.0141	 3.8309	   2.3309	        1.5292	          0.8017	   2.3298	        1.5433	 2.9051	2955.7838	9.318e-03	 0.9621	-0.3537	-0.3403	 1.00000	6.516e+00	   3.708	  2107.975
 377	189	 0.0142	 3.8543	   2.3293	        1.5292	          0.8000	   2.3281	        1.5433	 2.9043	2955.7838	1.030e-02	 0.9568	-0.1480	-0.1416	 1.00000	6.430e+00	   3.744	  2111.719
 378	189	 0.0142	 3.8655	   2.3289	        1.5292	          0.7997	   2.3278	        1.5433	 2.9055	2955.7838	1.099e-02	 0.9529	-0.1339	-0.1276	 1.00000	6.403e+00	   3.738	  2115.457
 379	190	 0.0143	 3.8782	   2.3274	        1.5292	          0.7982	   2.3263	        1.5433	 2.9035	2955.7838	1.146e-02	 0.9538	-0.0307	-0.0293	 1.00000	6.339e+00	   3.754	  2119.212
 380	190	 0.0143	 3.8657	   2.3279	        1.5292	          0.7987	   2.3268	        1.5433	 2.9035	2955.7838	1.110e-02	 0.9527	-0.1711	-0.1630	 1.00000	6.373e+00	   3.714	  2122.926
 381	191	 0.0129	 3.8033	   2.3395	        1.5292	          0.8102	   2.3383	        1.5433	 3.0057	4433.6756	2.484e-02	 0.9039	-0.4399	-0.3977	 1.00000	6.820e+00	   3.725	  2126.651
 382	191	 0.0125	 3.8630	   2.3401	        1.5292	          0.8109	   2.3390	        1.5433	 2.9886	4433.6756	2.063e-02	 0.8407	-0.6316	-0.5311	 1.00000	6.748e+00	   3.704	  2130.355
 383	192	 0.0122	 3.9116	   2.3399	        1.5292	          0.8107	   2.3388	        1.5433	 2.9904	4433.6756	2.098e-02	 0.7960	-0.4617	-0.3675	 1.00000	6.665e+00	   3.726	  2134.081
 384	192	 0.0124	 4.0005	   2.3352	        1.5292	          0.8059	   2.3341	        1.5433	 2.9676	4433.6756	1.785e-02	 0.7880	-0.0821	-0.0647	 1.00000	6.381e+00	   3.715	  2137.797
 385	193	 0.0125	 4.0402	   2.3335	        1.5292	          0.8042	   2.3324	        1.5433	 2.9628	4433.6756	1.748e-02	 0.7962	 0.1218	 0.0970	 1.00000	6.269e+00	   3.737	  2141.534
 386	193	 0.0130	 4.0872	   2.3288	        1.5292	          0.7995	   2.3277	        1.5433	 2.9497	4433.6756	1.684e-02	 0.8274	 0.4333	 0.3585	 1.00000	6.058e+00	   3.715	  2145.250
 387	194	 0.0134	 4.0971	   2.3259	        1.5292	          0.7967	   2.3248	        1.5433	 2.9415	4433.6756	1.654e-02	 0.8703	 0.5661	 0.4927	 1.00000	5.959e+00	   3.737	  2148.987
 388	194	 0.0135	 4.0705	   2.3261	        1.5292	          0.7969	   2.3250	        1.5433	 2.9335	4433.6756	1.461e-02	 0.9038	 0.5479	 0.4952	 1.00000	6.005e+00	   3.704	  2152.692
 389	195	 0.0139	 4.0730	   2.3240	        1.5292	          0.7948	   2.3229	        1.5433	 2.9226	4433.6756	1.329e-02	 0.9398	 0.5885	 0.5531	 1.00000	5.941e+00	   3.737	  2156.429
 390	195	 0.0141	 4.0343	   2.3236	        1.5292	          0.7944	   2.3225	        1.5433	 2.9278	4433.6756	1.471e-02	 0.9686	 0.4548	 0.4405	 1.00000	5.988e+00	   3.711	  2160.140
 391	196	 0.0144	 4.0423	   2.3218	        1.5292	          0.7926	   2.3207	        1.5433	 2.9129	4433.6756	1.230e-02	 0.9936	 0.5042	 0.5010	 1.00000	5.924e+00	   3.749	  2163.889
 392	196	 0.0150	 4.1069	   2.3165	        1.5292	          0.7873	   2.3155	        1.5433	 2.8998	4433.6756	1.216e-02	 1.0000	 0.7798	 0.7798	 1.00000	5.676e+00	   3.710	  2167.600
 393	197	 0.0153	 4.1236	   2.3142	        1.5292	          0.7850	   2.3132	        1.5433	 2.8976	4433.6756	1.286e-02	 1.0000	 0.8300	 0.8300	 1.00000	5.587e+00	   3.747	  2171.346
 394	197	 0.0158	 4.1214	   2.3117	        1.5292	          0.7824	   2.3106	        1.5433	 2.8890	4433.6756	1.227e-02	 1.0000	 0.8450	 0.8450	 1.00000	5.520e+00	   3.692	  2175.038
 395	198	 0.0161	 4.1065	   2.3101	        1.5292	          0.7808	   2.3090	        1.5433	 2.8770	4433.6756	1.038e-02	 1.0000	 0.8813	 0.8813	 1.00000	5.497e+00	   3.724	  2178.762
 396	198	 0.0162	 4.0509	   2.3112	        1.5292	          0.7819	   2.3101	        1.5433	 2.8927	4433.6756	1.332e-02	 1.0000	 0.4935	 0.4935	 1.00000	5.611e+00	   3.715	  2182.478
 397	199	 0.0164	 4.0625	   2.3098	        1.5292	          0.7806	   2.3088	        1.5433	 2.8767	4433.6756	1.041e-02	 1.0000	 0.5450	 0.5450	 1.00000	5.556e+00	   3.754	  2186.232
 398	199	 0.0167	 4.1122	   2.3069	        1.5292	          0.7776	   2.3059	        1.5433	 2.8614	4433.6756	8.582e-03	 1.0000	 0.6897	 0.6897	 1.00000	5.403e+00	   3.723	  2189.956
 399	200	 0.0165	 4.1144	   2.3079	        1.5292	          0.7786	   2.3069	        1.5433	 2.8556	4433.6756	6.747e-03	 1.0000	 0.6232	 0.6232	 1.00000	5.426e+00	   3.754	  2193.710
 400	200	 0.0168	 4.1536	   2.3054	        1.5292	          0.7762	   2.3044	        1.5433	 2.8662	4433.6756	1.041e-02	 1.0000	 0.7368	 0.7368	 1.00000	5.303e+00	   3.724	  2197.433

[MINIMAX] Finished on device cuda -> σ_f² ≈ 0.0168, σ_ε² ≈ 4.1536
