[GPU 0][JOB 209] 'python cli.py minimax --n 1024 --lengthscale 0.5 --sigma-f2-true 4.0 --sigma-eps2-true 1.0 --n-epochs 200 --device auto --a 1e-3 --b 1e-3 --w-init-scale 0.1 --num-features 128 --print-every 1 --mu-increase-factor 1.5 --mu-increase-epochs 10 --seed 8 --batch-size 1024 --mu 2.0 --lr-decay 1.0 --lr-decay-start-epoch 0 --sigma-f2-init 5.0 --sigma-eps2-init 3.0 '

=== MINIMAX + ORF (TMLR) ===
iter	epoch	σ_f²	σ_ε²	real_nlml	real_nlml_true	real_nlml_abs_err	orf_nlml	orf_nlml_true	ℓ_μ	μ	|A-F|/|A|	|B|	cosBΔ	pen/pen*	lr_scale	||grad||	duration_s	wall_time_s
   1	 1	 4.9085	 3.1224	   1.7313	        1.5216	          0.2096	   1.7404	        1.5660	 2.1279	 2.0000	3.213e+01	 0.0643	 1.0000	 0.0643	 1.00000	1.018e-01	 159.311	   159.476
   2	 2	 5.3996	 3.1388	   1.7339	        1.5216	          0.2123	   1.7425	        1.5660	 1.9800	 2.0000	3.516e+01	 0.1346	 1.0000	 0.1346	 1.00000	1.016e-01	 134.737	   294.214
   3	 3	 6.1539	 3.1030	   1.7317	        1.5216	          0.2101	   1.7398	        1.5660	 1.8781	 2.0000	4.008e+01	 0.2147	 1.0000	 0.2147	 1.00000	1.022e-01	  99.660	   393.874
   4	 4	 6.9990	 3.0331	   1.7262	        1.5216	          0.2045	   1.7339	        1.5660	 1.8066	 2.0000	4.557e+01	 0.3059	 1.0000	 0.3059	 1.00000	1.033e-01	  85.399	   479.273
   5	 5	 7.7466	 2.9403	   1.7179	        1.5216	          0.1963	   1.7256	        1.5660	 1.7555	 2.0000	5.044e+01	 0.4068	 1.0000	 0.4068	 1.00000	1.049e-01	  65.730	   545.004
   6	 6	 8.2714	 2.8328	   1.7075	        1.5216	          0.1859	   1.7153	        1.5660	 1.7150	 2.0000	5.385e+01	 0.5145	 1.0000	 0.5145	 1.00000	1.066e-01	  60.856	   605.860
   7	 7	 8.5708	 2.7157	   1.6955	        1.5216	          0.1739	   1.7037	        1.5660	 1.6791	 2.0000	5.579e+01	 0.6260	 1.0000	 0.6260	 1.00000	1.085e-01	  59.306	   665.167
   8	 8	 8.7011	 2.5924	   1.6822	        1.5216	          0.1606	   1.6911	        1.5660	 1.6459	 2.0000	5.662e+01	 0.7393	 1.0000	 0.7393	 1.00000	1.104e-01	  46.215	   711.382
   9	 9	 8.7090	 2.4654	   1.6681	        1.5216	          0.1465	   1.6778	        1.5660	 1.6147	 2.0000	5.666e+01	 0.8526	 1.0000	 0.8526	 1.00000	1.122e-01	  34.095	   745.478
  10	10	 8.6253	 2.3369	   1.6535	        1.5216	          0.1318	   1.6642	        1.5660	 1.5851	 2.0000	5.610e+01	 0.9648	 1.0000	 0.9648	 1.00000	1.137e-01	  34.027	   779.505
  11	11	 8.0272	 2.2092	   1.6378	        1.5216	          0.1161	   1.6501	        1.5660	 1.6081	 3.0000	5.219e+01	 1.0000	 1.0000	 1.0000	 1.00000	1.148e-01	  21.174	   800.679
  12	12	 7.7012	 2.0873	   1.6231	        1.5216	          0.1015	   1.6369	        1.5660	 1.5802	 3.0000	5.005e+01	 1.0000	 1.0000	 1.0000	 1.00000	1.154e-01	   8.380	   809.059
  13	13	 7.4550	 1.9718	   1.6094	        1.5216	          0.0877	   1.6247	        1.5660	 1.5553	 3.0000	4.843e+01	 1.0000	 1.0000	 1.0000	 1.00000	1.152e-01	   8.402	   817.462
  14	14	 7.2520	 1.8647	   1.5967	        1.5216	          0.0751	   1.6136	        1.5660	 1.5335	 3.0000	4.709e+01	 1.0000	 1.0000	 1.0000	 1.00000	1.143e-01	   8.429	   825.891
  15	15	 7.0791	 1.7683	   1.5854	        1.5216	          0.0638	   1.6039	        1.5660	 1.5147	 3.0000	4.595e+01	 1.0000	 1.0000	 1.0000	 1.00000	1.125e-01	   8.428	   834.319
  16	16	 6.9273	 1.6843	   1.5758	        1.5216	          0.0542	   1.5957	        1.5660	 1.4990	 3.0000	4.495e+01	 1.0000	 1.0000	 1.0000	 1.00000	1.100e-01	   8.396	   842.715
  17	17	 6.7900	 1.6141	   1.5679	        1.5216	          0.0463	   1.5893	        1.5660	 1.4861	 3.0000	4.405e+01	 1.0000	 1.0000	 1.0000	 1.00000	1.071e-01	   8.400	   851.116
  18	18	 6.6622	 1.5576	   1.5617	        1.5216	          0.0401	   1.5843	        1.5660	 1.4754	 3.0000	4.321e+01	 1.0000	 1.0000	 1.0000	 1.00000	1.040e-01	   8.431	   859.547
  19	19	 6.5407	 1.5139	   1.5570	        1.5216	          0.0354	   1.5806	        1.5660	 1.4665	 3.0000	4.241e+01	 1.0000	 1.0000	 1.0000	 1.00000	1.011e-01	   8.437	   867.985
  20	20	 6.4236	 1.4811	   1.5535	        1.5216	          0.0319	   1.5780	        1.5660	 1.4590	 3.0000	4.165e+01	 1.0000	 1.0000	 1.0000	 1.00000	9.852e-02	   8.407	   876.392
  21	21	 5.9261	 1.4567	   1.5503	        1.5216	          0.0286	   1.5758	        1.5660	 1.5092	 4.5000	3.840e+01	 1.0000	 1.0000	 1.0000	 1.00000	9.631e-02	   8.419	   884.812
  22	22	 5.7677	 1.4443	   1.5488	        1.5216	          0.0272	   1.5748	        1.5660	 1.5004	 4.5000	3.737e+01	 1.0000	 1.0000	 1.0000	 1.00000	9.512e-02	   8.433	   893.245
  23	23	 5.5495	 1.4337	   1.5474	        1.5216	          0.0258	   1.5739	        1.5660	 1.4927	 4.5000	3.594e+01	 1.0000	 1.0000	 1.0000	 1.00000	9.403e-02	   8.426	   901.671
  24	24	 5.3876	 1.4262	   1.5464	        1.5216	          0.0248	   1.5733	        1.5660	 1.4858	 4.5000	3.489e+01	 1.0000	 1.0000	 1.0000	 1.00000	9.323e-02	   8.420	   910.091
  25	25	 5.2339	 1.4200	   1.5456	        1.5216	          0.0240	   1.5728	        1.5660	 1.4795	 4.5000	3.388e+01	 1.0000	 1.0000	 1.0000	 1.00000	9.255e-02	   8.405	   918.496
  26	26	 5.0985	 1.4149	   1.5449	        1.5216	          0.0233	   1.5724	        1.5660	 1.4739	 4.5000	3.300e+01	 1.0000	 1.0000	 1.0000	 1.00000	9.196e-02	   8.401	   926.898
  27	27	 4.9744	 1.4104	   1.5443	        1.5216	          0.0227	   1.5720	        1.5660	 1.4687	 4.5000	3.219e+01	 1.0000	 1.0000	 1.0000	 1.00000	9.143e-02	   8.408	   935.306
  28	28	 4.8612	 1.4064	   1.5438	        1.5216	          0.0221	   1.5717	        1.5660	 1.4639	 4.5000	3.145e+01	 1.0000	 1.0000	 1.0000	 1.00000	9.095e-02	   8.405	   943.711
  29	29	 4.7569	 1.4028	   1.5433	        1.5216	          0.0216	   1.5714	        1.5660	 1.4595	 4.5000	3.077e+01	 1.0000	 1.0000	 1.0000	 1.00000	9.050e-02	   8.396	   952.107
  30	30	 4.6606	 1.3995	   1.5428	        1.5216	          0.0212	   1.5712	        1.5660	 1.4554	 4.5000	3.014e+01	 1.0000	 1.0000	 1.0000	 1.00000	9.008e-02	   8.401	   960.508
  31	31	 4.2693	 1.3961	   1.5420	        1.5216	          0.0204	   1.5709	        1.5660	 1.5128	 6.7500	2.759e+01	 1.0000	 1.0000	 1.0000	 1.00000	8.949e-02	   8.408	   968.917
  32	32	 4.1605	 1.3999	   1.5422	        1.5216	          0.0206	   1.5712	        1.5660	 1.5062	 6.7500	2.688e+01	 1.0000	 1.0000	 1.0000	 1.00000	8.984e-02	   8.404	   977.321
  33	33	 4.0173	 1.4000	   1.5421	        1.5216	          0.0204	   1.5712	        1.5660	 1.5003	 6.7500	2.595e+01	 1.0000	 1.0000	 1.0000	 1.00000	8.976e-02	   8.410	   985.731
  34	34	 3.9039	 1.3999	   1.5419	        1.5216	          0.0203	   1.5712	        1.5660	 1.4950	 6.7500	2.521e+01	 1.0000	 1.0000	 1.0000	 1.00000	8.967e-02	   8.400	   994.131
  35	35	 3.8016	 1.3992	   1.5418	        1.5216	          0.0201	   1.5712	        1.5660	 1.4902	 6.7500	2.454e+01	 1.0000	 1.0000	 1.0000	 1.00000	8.951e-02	   8.406	  1002.537
  36	36	 3.7103	 1.3981	   1.5416	        1.5216	          0.0200	   1.5712	        1.5660	 1.4858	 6.7500	2.395e+01	 1.0000	 1.0000	 1.0000	 1.00000	8.931e-02	   8.410	  1010.947
  37	37	 3.6277	 1.3968	   1.5414	        1.5216	          0.0198	   1.5712	        1.5660	 1.4817	 6.7500	2.341e+01	 1.0000	 1.0000	 1.0000	 1.00000	8.910e-02	   8.409	  1019.356
  38	38	 3.5524	 1.3954	   1.5412	        1.5216	          0.0196	   1.5711	        1.5660	 1.4779	 6.7500	2.292e+01	 1.0000	 1.0000	 1.0000	 1.00000	8.886e-02	   8.407	  1027.763
  39	39	 3.4832	 1.3938	   1.5411	        1.5216	          0.0194	   1.5711	        1.5660	 1.4744	 6.7500	2.247e+01	 1.0000	 1.0000	 1.0000	 1.00000	8.862e-02	   8.414	  1036.178
  40	40	 3.4192	 1.3923	   1.5409	        1.5216	          0.0193	   1.5710	        1.5660	 1.4711	 6.7500	2.205e+01	 1.0000	 1.0000	 1.0000	 1.00000	8.838e-02	   8.408	  1044.586
  41	41	 3.1168	 1.3903	   1.5407	        1.5216	          0.0191	   1.5713	        1.5660	 1.5352	10.1250	2.008e+01	 1.0000	 1.0000	 1.0000	 1.00000	8.783e-02	   8.413	  1052.999
  42	42	 3.0396	 1.3969	   1.5413	        1.5216	          0.0197	   1.5718	        1.5660	 1.5293	10.1250	1.958e+01	 1.0000	 1.0000	 1.0000	 1.00000	8.850e-02	   8.416	  1061.415
  43	43	 2.9494	 1.3993	   1.5415	        1.5216	          0.0199	   1.5721	        1.5660	 1.5240	10.1250	1.899e+01	 1.0000	 1.0000	 1.0000	 1.00000	8.866e-02	   8.410	  1069.825
  44	44	 2.8729	 1.4005	   1.5417	        1.5216	          0.0201	   1.5724	        1.5660	 1.5192	10.1250	1.849e+01	 1.0000	 1.0000	 1.0000	 1.00000	8.870e-02	   8.430	  1078.256
  45	45	 2.8048	 1.4009	   1.5418	        1.5216	          0.0202	   1.5726	        1.5660	 1.5149	10.1250	1.805e+01	 1.0000	 1.0000	 1.0000	 1.00000	8.865e-02	   8.418	  1086.674
  46	46	 2.7435	 1.4007	   1.5418	        1.5216	          0.0202	   1.5727	        1.5660	 1.5109	10.1250	1.765e+01	 1.0000	 1.0000	 1.0000	 1.00000	8.854e-02	   8.417	  1095.092
  47	47	 2.6880	 1.4002	   1.5419	        1.5216	          0.0202	   1.5728	        1.5660	 1.5072	10.1250	1.729e+01	 1.0000	 1.0000	 1.0000	 1.00000	8.840e-02	   8.400	  1103.492
  48	48	 2.6371	 1.3994	   1.5419	        1.5216	          0.0202	   1.5729	        1.5660	 1.5038	10.1250	1.695e+01	 1.0000	 1.0000	 1.0000	 1.00000	8.823e-02	   8.412	  1111.904
  49	49	 2.5903	 1.3985	   1.5418	        1.5216	          0.0202	   1.5730	        1.5660	 1.5005	10.1250	1.665e+01	 1.0000	 1.0000	 1.0000	 1.00000	8.805e-02	   8.411	  1120.315
  50	50	 2.5469	 1.3975	   1.5418	        1.5216	          0.0202	   1.5731	        1.5660	 1.4975	10.1250	1.637e+01	 1.0000	 1.0000	 1.0000	 1.00000	8.786e-02	   8.121	  1128.436
  51	51	 2.3049	 1.3958	   1.5423	        1.5216	          0.0206	   1.5739	        1.5660	 1.5693	15.1875	1.479e+01	 1.0000	 1.0000	 1.0000	 1.00000	8.724e-02	   8.674	  1137.110
  52	52	 2.2462	 1.4050	   1.5433	        1.5216	          0.0216	   1.5747	        1.5660	 1.5636	15.1875	1.441e+01	 1.0000	 1.0000	 1.0000	 1.00000	8.817e-02	   8.497	  1145.607
  53	53	 2.1868	 1.4093	   1.5439	        1.5216	          0.0222	   1.5753	        1.5660	 1.5585	15.1875	1.402e+01	 1.0000	 1.0000	 1.0000	 1.00000	8.853e-02	   8.398	  1154.006
  54	54	 2.1347	 1.4117	   1.5443	        1.5216	          0.0227	   1.5757	        1.5660	 1.5538	15.1875	1.368e+01	 1.0000	 1.0000	 1.0000	 1.00000	8.868e-02	   8.395	  1162.401
  55	55	 2.0883	 1.4128	   1.5446	        1.5216	          0.0230	   1.5760	        1.5660	 1.5496	15.1875	1.338e+01	 1.0000	 1.0000	 1.0000	 1.00000	8.870e-02	   8.412	  1170.813
  56	56	 2.0465	 1.4131	   1.5448	        1.5216	          0.0232	   1.5763	        1.5660	 1.5457	15.1875	1.311e+01	 1.0000	 1.0000	 1.0000	 1.00000	8.865e-02	   8.407	  1179.221
  57	57	 2.0084	 1.4130	   1.5450	        1.5216	          0.0234	   1.5766	        1.5660	 1.5421	15.1875	1.286e+01	 1.0000	 1.0000	 1.0000	 1.00000	8.855e-02	   8.404	  1187.625
  58	58	 1.9734	 1.4125	   1.5451	        1.5216	          0.0235	   1.5768	        1.5660	 1.5387	15.1875	1.263e+01	 1.0000	 1.0000	 1.0000	 1.00000	8.842e-02	   8.406	  1196.031
  59	59	 1.9411	 1.4118	   1.5452	        1.5216	          0.0236	   1.5769	        1.5660	 1.5356	15.1875	1.242e+01	 1.0000	 1.0000	 1.0000	 1.00000	8.827e-02	   8.414	  1204.446
  60	60	 1.9111	 1.4110	   1.5454	        1.5216	          0.0237	   1.5771	        1.5660	 1.5326	15.1875	1.222e+01	 1.0000	 1.0000	 1.0000	 1.00000	8.811e-02	   8.407	  1212.853
  61	61	 1.7137	 1.4093	   1.5466	        1.5216	          0.0250	   1.5787	        1.5660	 1.6130	22.7812	1.094e+01	 1.0000	 1.0000	 1.0000	 1.00000	8.744e-02	   8.412	  1221.265
  62	62	 1.6664	 1.4212	   1.5481	        1.5216	          0.0265	   1.5799	        1.5660	 1.6072	22.7812	1.063e+01	 1.0000	 1.0000	 1.0000	 1.00000	8.863e-02	   8.424	  1229.689
  63	63	 1.6255	 1.4279	   1.5491	        1.5216	          0.0275	   1.5807	        1.5660	 1.6021	22.7812	1.037e+01	 1.0000	 1.0000	 1.0000	 1.00000	8.924e-02	   8.399	  1238.088
  64	64	 1.5897	 1.4316	   1.5498	        1.5216	          0.0281	   1.5813	        1.5660	 1.5974	22.7812	1.013e+01	 1.0000	 1.0000	 1.0000	 1.00000	8.955e-02	   8.409	  1246.498
  65	65	 1.5579	 1.4336	   1.5503	        1.5216	          0.0287	   1.5818	        1.5660	 1.5932	22.7812	9.927e+00	 1.0000	 1.0000	 1.0000	 1.00000	8.967e-02	   8.403	  1254.901
  66	66	 1.5292	 1.4344	   1.5507	        1.5216	          0.0291	   1.5822	        1.5660	 1.5892	22.7812	9.740e+00	 1.0000	 1.0000	 1.0000	 1.00000	8.970e-02	   8.409	  1263.310
  67	67	 1.5030	 1.4345	   1.5510	        1.5216	          0.0294	   1.5825	        1.5660	 1.5855	22.7812	9.569e+00	 1.0000	 1.0000	 1.0000	 1.00000	8.965e-02	   8.404	  1271.715
  68	68	 1.4789	 1.4342	   1.5513	        1.5216	          0.0296	   1.5828	        1.5660	 1.5821	22.7812	9.412e+00	 1.0000	 1.0000	 1.0000	 1.00000	8.958e-02	   8.412	  1280.127
  69	69	 1.4567	 1.4336	   1.5515	        1.5216	          0.0299	   1.5831	        1.5660	 1.5789	22.7812	9.267e+00	 1.0000	 1.0000	 1.0000	 1.00000	8.948e-02	   8.403	  1288.530
  70	70	 1.4359	 1.4328	   1.5517	        1.5216	          0.0301	   1.5833	        1.5660	 1.5759	22.7812	9.131e+00	 1.0000	 1.0000	 1.0000	 1.00000	8.936e-02	   8.404	  1296.934
  71	71	 1.2739	 1.4306	   1.5541	        1.5216	          0.0325	   1.5858	        1.5660	 1.6656	34.1719	8.079e+00	 1.0000	 1.0000	 1.0000	 1.00000	8.902e-02	   8.411	  1305.345
  72	72	 1.2343	 1.4457	   1.5562	        1.5216	          0.0345	   1.5875	        1.5660	 1.6596	34.1719	7.822e+00	 1.0000	 1.0000	 1.0000	 1.00000	9.055e-02	   8.416	  1313.762
  73	73	 1.2047	 1.4553	   1.5576	        1.5216	          0.0360	   1.5887	        1.5660	 1.6543	34.1719	7.631e+00	 1.0000	 1.0000	 1.0000	 1.00000	9.151e-02	   8.417	  1322.179
  74	74	 1.1798	 1.4609	   1.5586	        1.5216	          0.0370	   1.5896	        1.5660	 1.6495	34.1719	7.469e+00	 1.0000	 1.0000	 1.0000	 1.00000	9.208e-02	   8.415	  1330.595
  75	75	 1.1579	 1.4640	   1.5594	        1.5216	          0.0378	   1.5903	        1.5660	 1.6452	34.1719	7.327e+00	 1.0000	 1.0000	 1.0000	 1.00000	9.242e-02	   8.417	  1339.012
  76	76	 1.1383	 1.4655	   1.5600	        1.5216	          0.0384	   1.5908	        1.5660	 1.6411	34.1719	7.199e+00	 1.0000	 1.0000	 1.0000	 1.00000	9.263e-02	   8.415	  1347.428
  77	77	 1.1205	 1.4659	   1.5605	        1.5216	          0.0388	   1.5912	        1.5660	 1.6373	34.1719	7.083e+00	 1.0000	 1.0000	 1.0000	 1.00000	9.274e-02	   8.404	  1355.832
  78	78	 1.1042	 1.4658	   1.5608	        1.5216	          0.0392	   1.5916	        1.5660	 1.6338	34.1719	6.977e+00	 1.0000	 1.0000	 1.0000	 1.00000	9.281e-02	   8.405	  1364.237
  79	79	 1.0890	 1.4651	   1.5612	        1.5216	          0.0396	   1.5919	        1.5660	 1.6305	34.1719	6.878e+00	 1.0000	 1.0000	 1.0000	 1.00000	9.284e-02	   8.437	  1372.674
  80	80	 1.0749	 1.4643	   1.5615	        1.5216	          0.0398	   1.5923	        1.5660	 1.6273	34.1719	6.786e+00	 1.0000	 1.0000	 1.0000	 1.00000	9.286e-02	   8.415	  1381.089
  81	81	 0.9426	 1.4615	   1.5653	        1.5216	          0.0437	   1.5959	        1.5660	 1.7267	51.2578	5.928e+00	 1.0000	 0.9999	 0.9999	 1.00000	9.422e-02	   8.408	  1389.497
  82	82	 0.9085	 1.4798	   1.5682	        1.5216	          0.0465	   1.5983	        1.5660	 1.7204	51.2578	5.709e+00	 1.0000	 0.9999	 0.9999	 1.00000	9.644e-02	   8.415	  1397.912
  83	83	 0.8862	 1.4929	   1.5702	        1.5216	          0.0486	   1.5999	        1.5660	 1.7149	51.2578	5.564e+00	 1.0000	 1.0000	 1.0000	 1.00000	9.799e-02	   8.425	  1406.338
  84	84	 0.8683	 1.5012	   1.5717	        1.5216	          0.0501	   1.6011	        1.5660	 1.7100	51.2578	5.449e+00	 1.0000	 1.0000	 1.0000	 1.00000	9.909e-02	   8.415	  1414.753
  85	85	 0.8532	 1.5061	   1.5728	        1.5216	          0.0511	   1.6020	        1.5660	 1.7055	51.2578	5.351e+00	 1.0000	 1.0000	 1.0000	 1.00000	9.990e-02	   8.407	  1423.160
  86	86	 0.8399	 1.5087	   1.5736	        1.5216	          0.0520	   1.6027	        1.5660	 1.7013	51.2578	5.265e+00	 1.0000	 1.0000	 1.0000	 1.00000	1.005e-01	   8.416	  1431.576
  87	87	 0.8280	 1.5099	   1.5742	        1.5216	          0.0526	   1.6033	        1.5660	 1.6974	51.2578	5.187e+00	 1.0000	 1.0000	 1.0000	 1.00000	1.010e-01	   8.405	  1439.981
  88	88	 0.8171	 1.5100	   1.5747	        1.5216	          0.0531	   1.6038	        1.5660	 1.6938	51.2578	5.116e+00	 1.0000	 1.0000	 1.0000	 1.00000	1.015e-01	   8.412	  1448.393
  89	89	 0.8071	 1.5095	   1.5752	        1.5216	          0.0535	   1.6042	        1.5660	 1.6903	51.2578	5.051e+00	 1.0000	 1.0000	 1.0000	 1.00000	1.018e-01	   8.393	  1456.787
  90	90	 0.7978	 1.5085	   1.5755	        1.5216	          0.0539	   1.6045	        1.5660	 1.6871	51.2578	4.990e+00	 1.0000	 1.0000	 1.0000	 1.00000	1.022e-01	   8.403	  1465.191
  91	91	 0.6915	 1.5048	   1.5812	        1.5216	          0.0596	   1.6098	        1.5660	 1.7958	76.8867	4.304e+00	 1.0000	 0.9999	 0.9999	 1.00000	1.090e-01	   8.419	  1473.610
  92	92	 0.6618	 1.5262	   1.5851	        1.5216	          0.0635	   1.6130	        1.5660	 1.7891	76.8867	4.114e+00	 1.0000	 0.9999	 0.9999	 1.00000	1.131e-01	   8.358	  1481.969
  93	93	 0.6440	 1.5434	   1.5879	        1.5216	          0.0663	   1.6152	        1.5660	 1.7834	76.8867	4.000e+00	 1.0000	 0.9999	 0.9999	 1.00000	1.159e-01	   8.379	  1490.348
  94	94	 0.6308	 1.5552	   1.5900	        1.5216	          0.0684	   1.6169	        1.5660	 1.7785	76.8867	3.915e+00	 1.0000	 0.9999	 0.9999	 1.00000	1.181e-01	   8.391	  1498.740
  95	95	 0.6200	 1.5629	   1.5915	        1.5216	          0.0699	   1.6182	        1.5660	 1.7739	76.8867	3.846e+00	 1.0000	 0.9999	 0.9999	 1.00000	1.198e-01	   8.414	  1507.154
  96	96	 0.6109	 1.5675	   1.5927	        1.5216	          0.0710	   1.6191	        1.5660	 1.7697	76.8867	3.787e+00	 1.0000	 1.0000	 1.0000	 1.00000	1.213e-01	   8.391	  1515.545
  97	97	 0.6030	 1.5700	   1.5935	        1.5216	          0.0719	   1.6199	        1.5660	 1.7657	76.8867	3.736e+00	 1.0000	 1.0000	 1.0000	 1.00000	1.226e-01	   8.400	  1523.946
  98	98	 0.5959	 1.5710	   1.5942	        1.5216	          0.0726	   1.6205	        1.5660	 1.7620	76.8867	3.690e+00	 1.0000	 1.0000	 1.0000	 1.00000	1.237e-01	   8.405	  1532.351
  99	99	 0.5896	 1.5709	   1.5948	        1.5216	          0.0731	   1.6209	        1.5660	 1.7585	76.8867	3.648e+00	 1.0000	 1.0000	 1.0000	 1.00000	1.248e-01	   8.405	  1540.756
 100	100	 0.5837	 1.5700	   1.5952	        1.5216	          0.0736	   1.6213	        1.5660	 1.7552	76.8867	3.610e+00	 1.0000	 1.0000	 1.0000	 1.00000	1.257e-01	   8.417	  1549.173
 101	101	 0.5006	 1.5653	   1.6032	        1.5216	          0.0816	   1.6285	        1.5660	 1.8722	115.3301	3.076e+00	 1.0000	 0.9998	 0.9998	 1.00000	1.453e-01	   8.399	  1557.572
 102	102	 0.4748	 1.5893	   1.6084	        1.5216	          0.0868	   1.6328	        1.5660	 1.8649	115.3301	2.913e+00	 1.0000	 0.9998	 0.9998	 1.00000	1.543e-01	   8.404	  1565.976
 103	103	 0.4602	 1.6110	   1.6122	        1.5216	          0.0906	   1.6360	        1.5660	 1.8592	115.3301	2.820e+00	 1.0000	 0.9998	 0.9998	 1.00000	1.601e-01	   8.412	  1574.389
 104	104	 0.4499	 1.6272	   1.6151	        1.5216	          0.0935	   1.6383	        1.5660	 1.8542	115.3301	2.755e+00	 1.0000	 0.9999	 0.9999	 1.00000	1.643e-01	   8.409	  1582.798
 105	105	 0.4419	 1.6388	   1.6172	        1.5216	          0.0956	   1.6401	        1.5660	 1.8498	115.3301	2.704e+00	 1.0000	 0.9999	 0.9999	 1.00000	1.678e-01	   8.409	  1591.208
 106	106	 0.4355	 1.6466	   1.6188	        1.5216	          0.0972	   1.6414	        1.5660	 1.8456	115.3301	2.663e+00	 1.0000	 0.9999	 0.9999	 1.00000	1.707e-01	   8.412	  1599.620
 107	107	 0.4301	 1.6515	   1.6201	        1.5216	          0.0985	   1.6425	        1.5660	 1.8418	115.3301	2.629e+00	 1.0000	 1.0000	 1.0000	 1.00000	1.733e-01	   8.402	  1608.022
 108	108	 0.4255	 1.6544	   1.6210	        1.5216	          0.0994	   1.6433	        1.5660	 1.8381	115.3301	2.599e+00	 1.0000	 1.0000	 1.0000	 1.00000	1.755e-01	   8.399	  1616.421
 109	109	 0.4214	 1.6556	   1.6217	        1.5216	          0.1001	   1.6439	        1.5660	 1.8347	115.3301	2.573e+00	 1.0000	 1.0000	 1.0000	 1.00000	1.776e-01	   8.412	  1624.834
 110	110	 0.4179	 1.6556	   1.6223	        1.5216	          0.1007	   1.6444	        1.5660	 1.8314	115.3301	2.550e+00	 1.0000	 1.0000	 1.0000	 1.00000	1.795e-01	   8.410	  1633.244
 111	111	 0.3556	 1.6505	   1.6330	        1.5216	          0.1114	   1.6538	        1.5660	 1.9544	172.9951	2.154e+00	 1.0000	 0.9996	 0.9996	 1.00000	2.223e-01	   8.432	  1641.675
 112	112	 0.3337	 1.6759	   1.6399	        1.5216	          0.1182	   1.6597	        1.5660	 1.9467	172.9951	2.016e+00	 1.0000	 0.9996	 0.9996	 1.00000	2.419e-01	   8.406	  1650.081
 113	113	 0.3215	 1.7019	   1.6449	        1.5216	          0.1233	   1.6639	        1.5660	 1.9409	172.9951	1.940e+00	 1.0000	 0.9997	 0.9997	 1.00000	2.537e-01	   8.408	  1658.489
 114	114	 0.3132	 1.7233	   1.6488	        1.5216	          0.1272	   1.6672	        1.5660	 1.9360	172.9951	1.888e+00	 1.0000	 0.9998	 0.9998	 1.00000	2.621e-01	   8.410	  1666.899
 115	115	 0.3070	 1.7399	   1.6518	        1.5216	          0.1302	   1.6697	        1.5660	 1.9317	172.9951	1.850e+00	 1.0000	 0.9998	 0.9998	 1.00000	2.687e-01	   8.427	  1675.326
 116	116	 0.3021	 1.7524	   1.6541	        1.5216	          0.1325	   1.6717	        1.5660	 1.9279	172.9951	1.819e+00	 1.0000	 0.9999	 0.9999	 1.00000	2.741e-01	   8.423	  1683.749
 117	117	 0.2982	 1.7614	   1.6559	        1.5216	          0.1343	   1.6732	        1.5660	 1.9243	172.9951	1.795e+00	 1.0000	 0.9999	 0.9999	 1.00000	2.786e-01	   8.420	  1692.170
 118	118	 0.2950	 1.7678	   1.6573	        1.5216	          0.1357	   1.6744	        1.5660	 1.9209	172.9951	1.775e+00	 1.0000	 0.9999	 0.9999	 1.00000	2.825e-01	   8.409	  1700.578
 119	119	 0.2924	 1.7719	   1.6584	        1.5216	          0.1368	   1.6753	        1.5660	 1.9177	172.9951	1.758e+00	 1.0000	 1.0000	 1.0000	 1.00000	2.860e-01	   8.420	  1708.999
 120	120	 0.2901	 1.7742	   1.6592	        1.5216	          0.1376	   1.6760	        1.5660	 1.9147	172.9951	1.743e+00	 1.0000	 1.0000	 1.0000	 1.00000	2.890e-01	   8.393	  1717.392
 121	121	 0.2461	 1.7705	   1.6727	        1.5216	          0.1511	   1.6880	        1.5660	 2.0404	259.4927	1.468e+00	 1.0000	 0.9992	 0.9992	 1.00000	3.675e-01	   8.406	  1725.799
 122	122	 0.2284	 1.7963	   1.6816	        1.5216	          0.1599	   1.6956	        1.5660	 2.0321	259.4927	1.359e+00	 1.0000	 0.9991	 0.9991	 1.00000	4.070e-01	   8.411	  1734.210
 123	123	 0.2183	 1.8261	   1.6881	        1.5216	          0.1665	   1.7013	        1.5660	 2.0263	259.4927	1.297e+00	 1.0000	 0.9993	 0.9993	 1.00000	4.308e-01	   8.412	  1742.622
 124	124	 0.2115	 1.8532	   1.6932	        1.5216	          0.1716	   1.7057	        1.5660	 2.0216	259.4927	1.256e+00	 1.0000	 0.9995	 0.9995	 1.00000	4.472e-01	   8.414	  1751.036
 125	125	 0.2065	 1.8760	   1.6973	        1.5216	          0.1757	   1.7092	        1.5660	 2.0176	259.4927	1.226e+00	 1.0000	 0.9997	 0.9997	 1.00000	4.595e-01	   8.407	  1759.443
 126	126	 0.2027	 1.8948	   1.7005	        1.5216	          0.1789	   1.7121	        1.5660	 2.0141	259.4927	1.202e+00	 1.0000	 0.9998	 0.9998	 1.00000	4.693e-01	   8.393	  1767.837
 127	127	 0.1997	 1.9099	   1.7032	        1.5216	          0.1816	   1.7144	        1.5660	 2.0109	259.4927	1.184e+00	 1.0000	 0.9999	 0.9999	 1.00000	4.773e-01	   8.419	  1776.256
 128	128	 0.1972	 1.9218	   1.7053	        1.5216	          0.1837	   1.7162	        1.5660	 2.0080	259.4927	1.169e+00	 1.0000	 0.9999	 0.9999	 1.00000	4.840e-01	   8.398	  1784.654
 129	129	 0.1952	 1.9311	   1.7070	        1.5216	          0.1854	   1.7177	        1.5660	 2.0053	259.4927	1.156e+00	 1.0000	 0.9999	 0.9999	 1.00000	4.897e-01	   8.409	  1793.063
 130	130	 0.1936	 1.9381	   1.7084	        1.5216	          0.1868	   1.7189	        1.5660	 2.0027	259.4927	1.146e+00	 1.0000	 1.0000	 1.0000	 1.00000	4.946e-01	   8.409	  1801.473
 131	131	 0.1647	 1.9395	   1.7243	        1.5216	          0.2027	   1.7332	        1.5660	 2.1268	389.2390	9.706e-01	 1.0000	 0.9988	 0.9988	 1.00000	6.210e-01	   8.432	  1809.904
 132	132	 0.1513	 1.9664	   1.7351	        1.5216	          0.2135	   1.7427	        1.5660	 2.1181	389.2390	8.901e-01	 1.0000	 0.9984	 0.9984	 1.00000	6.926e-01	   8.420	  1818.325
 133	133	 0.1433	 1.9998	   1.7432	        1.5216	          0.2216	   1.7500	        1.5660	 2.1122	389.2390	8.424e-01	 1.0000	 0.9987	 0.9987	 1.00000	7.374e-01	   8.440	  1826.765
 134	134	 0.1379	 2.0330	   1.7496	        1.5216	          0.2280	   1.7557	        1.5660	 2.1076	389.2390	8.100e-01	 1.0000	 0.9991	 0.9991	 1.00000	7.677e-01	   8.420	  1835.186
 135	135	 0.1339	 2.0634	   1.7549	        1.5216	          0.2333	   1.7604	        1.5660	 2.1038	389.2390	7.861e-01	 1.0000	 0.9994	 0.9994	 1.00000	7.898e-01	   8.426	  1843.612
 136	136	 0.1308	 2.0904	   1.7593	        1.5216	          0.2376	   1.7644	        1.5660	 2.1005	389.2390	7.674e-01	 1.0000	 0.9997	 0.9997	 1.00000	8.069e-01	   8.428	  1852.039
 137	137	 0.1284	 2.1138	   1.7630	        1.5216	          0.2413	   1.7677	        1.5660	 2.0977	389.2390	7.523e-01	 1.0000	 0.9998	 0.9998	 1.00000	8.207e-01	   8.411	  1860.451
 138	138	 0.1263	 2.1340	   1.7661	        1.5216	          0.2445	   1.7705	        1.5660	 2.0952	389.2390	7.397e-01	 1.0000	 0.9999	 0.9999	 1.00000	8.323e-01	   8.414	  1868.866
 139	139	 0.1246	 2.1513	   1.7687	        1.5216	          0.2471	   1.7729	        1.5660	 2.0929	389.2390	7.291e-01	 1.0000	 1.0000	 1.0000	 1.00000	8.423e-01	   8.406	  1877.271
 140	140	 0.1231	 2.1659	   1.7710	        1.5216	          0.2494	   1.7750	        1.5660	 2.0908	389.2390	7.200e-01	 1.0000	 1.0000	 1.0000	 1.00000	8.510e-01	   8.417	  1885.689
 141	141	 0.1058	 2.1787	   1.7880	        1.5216	          0.2664	   1.7905	        1.5660	 2.2083	583.8585	6.190e-01	 1.0000	 0.9985	 0.9985	 1.00000	1.028e+00	   8.416	  1894.105
 142	142	 0.0964	 2.2103	   1.8002	        1.5216	          0.2786	   1.8017	        1.5660	 2.1989	583.8585	5.646e-01	 1.0000	 0.9979	 0.9979	 1.00000	1.140e+00	   8.418	  1902.523
 143	143	 0.0905	 2.2493	   1.8096	        1.5216	          0.2880	   1.8103	        1.5660	 2.1925	583.8585	5.294e-01	 1.0000	 0.9982	 0.9982	 1.00000	1.213e+00	   8.405	  1910.928
 144	144	 0.0863	 2.2901	   1.8172	        1.5216	          0.2956	   1.8174	        1.5660	 2.1874	583.8585	5.041e-01	 1.0000	 0.9989	 0.9989	 1.00000	1.264e+00	   8.397	  1919.325
 145	145	 0.0831	 2.3298	   1.8236	        1.5216	          0.3020	   1.8233	        1.5660	 2.1831	583.8585	4.845e-01	 1.0000	 0.9994	 0.9994	 1.00000	1.300e+00	   8.411	  1927.737
 146	146	 0.0806	 2.3670	   1.8291	        1.5216	          0.3075	   1.8285	        1.5660	 2.1795	583.8585	4.685e-01	 1.0000	 0.9998	 0.9998	 1.00000	1.328e+00	   8.421	  1936.158
 147	147	 0.0785	 2.4011	   1.8339	        1.5216	          0.3123	   1.8330	        1.5660	 2.1765	583.8585	4.550e-01	 1.0000	 1.0000	 1.0000	 1.00000	1.351e+00	   8.415	  1944.573
 148	148	 0.0767	 2.4318	   1.8381	        1.5216	          0.3165	   1.8370	        1.5660	 2.1738	583.8585	4.433e-01	 1.0000	 1.0000	 1.0000	 1.00000	1.371e+00	   8.409	  1952.982
 149	149	 0.0751	 2.4592	   1.8419	        1.5216	          0.3203	   1.8405	        1.5660	 2.1716	583.8585	4.330e-01	 1.0000	 1.0000	 1.0000	 1.00000	1.389e+00	   8.423	  1961.405
 150	150	 0.0737	 2.4835	   1.8453	        1.5216	          0.3237	   1.8437	        1.5660	 2.1696	583.8585	4.237e-01	 1.0000	 0.9999	 0.9999	 1.00000	1.406e+00	   8.394	  1969.800
 151	151	 0.0641	 2.5137	   1.8613	        1.5216	          0.3397	   1.8589	        1.5660	 2.2720	875.7878	3.684e-01	 1.0000	 0.9995	 0.9995	 1.00000	1.614e+00	   8.419	  1978.219
 152	152	 0.0581	 2.5540	   1.8735	        1.5216	          0.3519	   1.8704	        1.5660	 2.2610	875.7878	3.330e-01	 1.0000	 0.9991	 0.9991	 1.00000	1.758e+00	   8.412	  1986.631
 153	153	 0.0539	 2.5994	   1.8832	        1.5216	          0.3616	   1.8797	        1.5660	 2.2528	875.7878	3.073e-01	 1.0000	 0.9994	 0.9994	 1.00000	1.858e+00	   8.407	  1995.038
 154	154	 0.0508	 2.6463	   1.8913	        1.5216	          0.3697	   1.8875	        1.5660	 2.2462	875.7878	2.873e-01	 1.0000	 0.9999	 0.9999	 1.00000	1.931e+00	   8.407	  2003.445
 155	155	 0.0483	 2.6920	   1.8982	        1.5216	          0.3766	   1.8942	        1.5660	 2.2408	875.7878	2.708e-01	 1.0000	 1.0000	 1.0000	 1.00000	1.987e+00	   8.410	  2011.856
 156	156	 0.0462	 2.7347	   1.9042	        1.5216	          0.3826	   1.9001	        1.5660	 2.2363	875.7878	2.570e-01	 1.0000	 0.9997	 0.9997	 1.00000	2.032e+00	   8.407	  2020.263
 157	157	 0.0444	 2.7734	   1.9096	        1.5216	          0.3879	   1.9053	        1.5660	 2.2327	875.7878	2.451e-01	 1.0000	 0.9992	 0.9992	 1.00000	2.072e+00	   8.407	  2028.670
 158	158	 0.0428	 2.8074	   1.9143	        1.5216	          0.3927	   1.9099	        1.5660	 2.2296	875.7878	2.346e-01	 1.0000	 0.9985	 0.9985	 1.00000	2.109e+00	   8.411	  2037.081
 159	159	 0.0414	 2.8364	   1.9185	        1.5216	          0.3969	   1.9141	        1.5660	 2.2271	875.7878	2.254e-01	 1.0000	 0.9979	 0.9979	 1.00000	2.144e+00	   8.422	  2045.503
 160	160	 0.0401	 2.8606	   1.9223	        1.5216	          0.4007	   1.9178	        1.5660	 2.2250	875.7878	2.170e-01	 1.0000	 0.9975	 0.9975	 1.00000	2.180e+00	   8.420	  2053.923
 161	161	 0.0352	 2.8911	   1.9346	        1.5216	          0.4129	   1.9298	        1.5660	 2.3004	1313.6817	1.872e-01	 1.0000	 0.9990	 0.9990	 1.00000	2.390e+00	   8.432	  2062.356
 162	162	 0.0318	 2.9211	   1.9441	        1.5216	          0.4224	   1.9392	        1.5660	 2.2886	1313.6817	1.659e-01	 1.0000	 0.9993	 0.9993	 1.00000	2.551e+00	   8.423	  2070.779
 163	163	 0.0292	 2.9499	   1.9517	        1.5216	          0.4301	   1.9468	        1.5660	 2.2800	1313.6817	1.497e-01	 1.0000	 0.9990	 0.9990	 1.00000	2.677e+00	   8.422	  2079.201
 164	164	 0.0272	 2.9763	   1.9580	        1.5216	          0.4363	   1.9531	        1.5660	 2.2734	1313.6817	1.368e-01	 1.0000	 0.9984	 0.9984	 1.00000	2.779e+00	   8.413	  2087.614
 165	165	 0.0256	 2.9991	   1.9632	        1.5216	          0.4416	   1.9583	        1.5660	 2.2682	1313.6817	1.262e-01	 1.0000	 0.9975	 0.9975	 1.00000	2.865e+00	   8.423	  2096.037
 166	166	 0.0242	 3.0176	   1.9676	        1.5216	          0.4460	   1.9628	        1.5660	 2.2639	1313.6817	1.173e-01	 1.0000	 0.9966	 0.9966	 1.00000	2.942e+00	   8.412	  2104.449
 167	167	 0.0231	 3.0313	   1.9714	        1.5216	          0.4498	   1.9666	        1.5660	 2.2603	1313.6817	1.096e-01	 1.0000	 0.9962	 0.9962	 1.00000	3.012e+00	   8.418	  2112.867
 168	168	 0.0221	 3.0405	   1.9746	        1.5216	          0.4530	   1.9698	        1.5660	 2.2571	1313.6817	1.029e-01	 1.0000	 0.9963	 0.9963	 1.00000	3.079e+00	   8.404	  2121.272
 169	169	 0.0213	 3.0459	   1.9774	        1.5216	          0.4557	   1.9726	        1.5660	 2.2542	1313.6817	9.684e-02	 1.0000	 0.9970	 0.9970	 1.00000	3.142e+00	   8.417	  2129.689
 170	170	 0.0205	 3.0483	   1.9798	        1.5216	          0.4581	   1.9750	        1.5660	 2.2516	1313.6817	9.140e-02	 1.0000	 0.9980	 0.9980	 1.00000	3.203e+00	   8.425	  2138.114
 171	171	 0.0184	 3.0438	   1.9869	        1.5216	          0.4652	   1.9822	        1.5660	 2.2957	1970.5225	7.667e-02	 1.0000	 1.0000	 1.0000	 1.00000	3.413e+00	   8.430	  2146.544
 172	172	 0.0168	 3.0452	   1.9925	        1.5216	          0.4709	   1.9880	        1.5660	 2.2854	1970.5225	6.572e-02	 1.0000	 0.9985	 0.9985	 1.00000	3.575e+00	   8.176	  2154.721
 173	173	 0.0155	 3.0544	   1.9971	        1.5216	          0.4754	   1.9927	        1.5660	 2.2771	1970.5225	5.696e-02	 1.0000	 0.9984	 0.9984	 1.00000	3.693e+00	   8.691	  2163.412
 174	174	 0.0146	 3.0695	   2.0009	        1.5216	          0.4793	   1.9966	        1.5660	 2.2698	1970.5225	4.961e-02	 1.0000	 0.9999	 0.9999	 1.00000	3.776e+00	   8.404	  2171.816
 175	175	 0.0138	 3.0863	   2.0041	        1.5216	          0.4825	   2.0000	        1.5660	 2.2636	1970.5225	4.344e-02	 1.0000	 0.9986	 0.9986	 1.00000	3.838e+00	   8.403	  2180.219
 176	176	 0.0131	 3.1005	   2.0069	        1.5216	          0.4853	   2.0029	        1.5660	 2.2586	1970.5225	3.822e-02	 1.0000	 0.9921	 0.9921	 1.00000	3.893e+00	   8.413	  2188.632
 177	177	 0.0125	 3.1091	   2.0093	        1.5216	          0.4877	   2.0053	        1.5660	 2.2540	1970.5225	3.352e-02	 1.0000	 0.9851	 0.9851	 1.00000	3.949e+00	   8.404	  2197.036
 178	178	 0.0120	 3.1113	   2.0114	        1.5216	          0.4897	   2.0075	        1.5660	 2.2494	1970.5225	2.895e-02	 1.0000	 0.9847	 0.9847	 1.00000	4.010e+00	   8.405	  2205.442
 179	179	 0.0115	 3.1085	   2.0132	        1.5216	          0.4915	   2.0093	        1.5660	 2.2446	1970.5225	2.447e-02	 1.0000	 0.9921	 0.9921	 1.00000	4.076e+00	   8.399	  2213.841
 180	180	 0.0111	 3.1035	   2.0147	        1.5216	          0.4931	   2.0110	        1.5660	 2.2401	1970.5225	2.033e-02	 1.0000	 0.9994	 0.9994	 1.00000	4.140e+00	   8.384	  2222.225
 181	181	 0.0101	 3.0837	   2.0190	        1.5216	          0.4974	   2.0154	        1.5660	 2.2509	2955.7838	1.385e-02	 1.0000	 0.8431	 0.8431	 1.00000	4.332e+00	   8.393	  2230.618
 182	182	 0.0093	 3.0897	   2.0225	        1.5216	          0.5008	   2.0190	        1.5660	 2.2434	2955.7838	8.740e-03	 1.0000	 0.5647	 0.5647	 1.00000	4.436e+00	   8.395	  2239.014
 183	183	 0.0087	 3.1173	   2.0252	        1.5216	          0.5036	   2.0220	        1.5660	 2.2260	2955.7838	8.915e-04	 0.9975	-0.9409	-0.9386	 1.00000	4.465e+00	   8.396	  2247.410
 184	184	 0.0082	 3.1444	   2.0276	        1.5216	          0.5059	   2.0244	        1.5660	 2.2416	2955.7838	4.499e-03	 0.9880	-0.7130	-0.7045	 1.00000	4.478e+00	   8.392	  2255.803
 185	185	 0.0078	 3.1699	   2.0295	        1.5216	          0.5078	   2.0265	        1.5660	 2.2546	2955.7838	7.447e-03	 0.9732	-0.6646	-0.6468	 1.00000	4.481e+00	   8.384	  2264.187
 186	186	 0.0074	 3.1931	   2.0310	        1.5216	          0.5094	   2.0282	        1.5660	 2.2650	2955.7838	9.736e-03	 0.9544	-0.6450	-0.6156	 1.00000	4.478e+00	   8.408	  2272.595
 187	187	 0.0071	 3.2142	   2.0323	        1.5216	          0.5107	   2.0295	        1.5660	 2.2732	2955.7838	1.150e-02	 0.9325	-0.6343	-0.5914	 1.00000	4.471e+00	   8.387	  2280.983
 188	188	 0.0069	 3.2337	   2.0333	        1.5216	          0.5117	   2.0307	        1.5660	 2.2803	2955.7838	1.305e-02	 0.9084	-0.6114	-0.5554	 1.00000	4.459e+00	   8.382	  2289.365
 189	189	 0.0067	 3.2518	   2.0342	        1.5216	          0.5126	   2.0316	        1.5660	 2.2862	2955.7838	1.435e-02	 0.8831	-0.5813	-0.5133	 1.00000	4.443e+00	   8.389	  2297.755
 190	190	 0.0066	 3.2689	   2.0348	        1.5216	          0.5132	   2.0323	        1.5660	 2.2909	2955.7838	1.536e-02	 0.8575	-0.5465	-0.4686	 1.00000	4.424e+00	   8.397	  2306.152
 191	191	 0.0062	 3.2812	   2.0366	        1.5216	          0.5150	   2.0342	        1.5660	 2.3299	4433.6756	1.815e-02	 0.8086	-0.5754	-0.4653	 1.00000	4.457e+00	   8.393	  2314.545
 192	192	 0.0059	 3.3018	   2.0379	        1.5216	          0.5163	   2.0356	        1.5660	 2.3406	4433.6756	1.981e-02	 0.7594	-0.5209	-0.3956	 1.00000	4.451e+00	   8.393	  2322.938
 193	193	 0.0057	 3.3323	   2.0388	        1.5216	          0.5172	   2.0366	        1.5660	 2.3447	4433.6756	2.017e-02	 0.7193	-0.3983	-0.2865	 1.00000	4.406e+00	   8.388	  2331.326
 194	194	 0.0056	 3.3702	   2.0394	        1.5216	          0.5178	   2.0372	        1.5660	 2.3438	4433.6756	1.955e-02	 0.6950	-0.2233	-0.1552	 1.00000	4.332e+00	   8.393	  2339.720
 195	195	 0.0056	 3.4106	   2.0398	        1.5216	          0.5182	   2.0377	        1.5660	 2.3401	4433.6756	1.843e-02	 0.6883	-0.0224	-0.0154	 1.00000	4.247e+00	   8.394	  2348.114
 196	196	 0.0055	 3.4481	   2.0400	        1.5216	          0.5184	   2.0380	        1.5660	 2.3360	4433.6756	1.730e-02	 0.6979	 0.1785	 0.1246	 1.00000	4.163e+00	   8.397	  2356.512
 197	197	 0.0056	 3.4784	   2.0402	        1.5216	          0.5185	   2.0381	        1.5660	 2.3322	4433.6756	1.635e-02	 0.7198	 0.3488	 0.2511	 1.00000	4.094e+00	   8.393	  2364.905
 198	198	 0.0056	 3.4986	   2.0401	        1.5216	          0.5185	   2.0381	        1.5660	 2.3288	4433.6756	1.557e-02	 0.7499	 0.4729	 0.3546	 1.00000	4.044e+00	   8.376	  2373.281
 199	199	 0.0057	 3.5076	   2.0399	        1.5216	          0.5183	   2.0379	        1.5660	 2.3242	4433.6756	1.464e-02	 0.7825	 0.5335	 0.4175	 1.00000	4.016e+00	   8.395	  2381.676
 200	200	 0.0058	 3.5067	   2.0396	        1.5216	          0.5180	   2.0375	        1.5660	 2.3176	4433.6756	1.334e-02	 0.8118	 0.5225	 0.4242	 1.00000	4.007e+00	   8.397	  2390.073

[MINIMAX] Finished on device cuda -> σ_f² ≈ 0.0058, σ_ε² ≈ 3.5067
