[GPU 6][JOB 223] 'python cli.py scgd --n 1024 --lengthscale 0.5 --sigma-f2-true 4.0 --sigma-eps2-true 1.0 --n-epochs 200 --device auto --a0 1e-3 --a-decay 0.75 --w-init-scale 0.1 --num-features 128 --print-every 1 --seed 2 --batch-size 512 --b0 0.9 --b-decay 0.25 --decay-start-epoch 25 --sigma-f2-init 5.0 --sigma-eps2-init 3.0 '

=== SCGD + ORF (TMLR Algorithm 2) ===
iter	epoch	σ_f²	σ_ε²	real_nlml	real_nlml_true	real_nlml_abs_err	orf_nlml	orf_nlml_true	approx_nlml	|F~ - F|/|F|	||grad||	duration_s	wall_time_s
   1	 1	 0.9364	 3.1107	   1.7330	        1.4915	          0.2414	   1.7672	        1.5569	     2.3763	4.165e+00	1.062e-01	   1.873	     2.117
   2	 1	 0.9608	 3.1777	   1.7390	        1.4915	          0.2475	   1.7724	        1.5569	     2.3419	4.761e-01	1.047e-01	   1.018	     3.135
   3	 2	 0.9913	 3.2301	   1.7435	        1.4915	          0.2520	   1.7761	        1.5569	     2.3114	1.560e-01	1.034e-01	   1.003	     4.142
   4	 2	 1.0355	 3.2634	   1.7457	        1.4915	          0.2542	   1.7775	        1.5569	     2.2820	1.148e-01	1.025e-01	   1.028	     5.170
   5	 3	 1.0934	 3.2984	   1.7479	        1.4915	          0.2564	   1.7789	        1.5569	     2.2525	1.140e-01	1.015e-01	   1.001	     6.171
   6	 3	 1.1617	 3.2947	   1.7462	        1.4915	          0.2547	   1.7766	        1.5569	     2.2246	1.063e-01	1.013e-01	   1.036	     7.207
   7	 4	 1.2578	 3.3030	   1.7455	        1.4915	          0.2539	   1.7749	        1.5569	     2.1933	8.971e-02	1.009e-01	   1.017	     8.225
   8	 4	 1.3669	 3.2841	   1.7421	        1.4915	          0.2506	   1.7707	        1.5569	     2.1617	8.457e-02	1.011e-01	   0.999	     9.224
   9	 5	 1.5186	 3.2526	   1.7373	        1.4915	          0.2458	   1.7649	        1.5569	     2.1244	1.059e-01	1.016e-01	   1.010	    10.235
  10	 5	 1.6905	 3.2358	   1.7342	        1.4915	          0.2426	   1.7608	        1.5569	     2.0876	9.302e-02	1.020e-01	   0.993	    11.228
  11	 6	 1.8943	 3.1805	   1.7273	        1.4915	          0.2358	   1.7530	        1.5569	     2.0472	1.253e-01	1.031e-01	   1.007	    12.235
  12	 6	 2.1987	 3.1445	   1.7224	        1.4915	          0.2309	   1.7468	        1.5569	     1.9981	1.175e-01	1.039e-01	   1.000	    13.235
  13	 7	 2.5222	 3.0799	   1.7150	        1.4915	          0.2234	   1.7383	        1.5569	     1.9506	1.177e-01	1.053e-01	   1.003	    14.238
  14	 7	 2.9602	 3.0030	   1.7065	        1.4915	          0.2150	   1.7286	        1.5569	     1.8952	1.139e-01	1.069e-01	   1.038	    15.276
  15	 8	 3.4254	 2.9057	   1.6961	        1.4915	          0.2046	   1.7174	        1.5569	     1.8443	1.109e-01	1.088e-01	   1.068	    16.345
  16	 8	 4.0032	 2.8111	   1.6863	        1.4915	          0.1947	   1.7067	        1.5569	     1.7912	1.063e-01	1.107e-01	   1.097	    17.442
  17	 9	 4.6226	 2.6794	   1.6724	        1.4915	          0.1808	   1.6924	        1.5569	     1.7426	8.685e-02	1.131e-01	   1.050	    18.492
  18	 9	 5.0556	 2.5772	   1.6614	        1.4915	          0.1698	   1.6814	        1.5569	     1.7066	8.169e-02	1.150e-01	   1.017	    19.509
  19	10	 5.7204	 2.4676	   1.6498	        1.4915	          0.1583	   1.6696	        1.5569	     1.6704	1.177e-01	1.169e-01	   1.007	    20.517
  20	10	 5.7724	 2.3192	   1.6323	        1.4915	          0.1408	   1.6537	        1.5569	     1.6390	1.478e-01	1.193e-01	   0.996	    21.513
  21	11	 6.1239	 2.2129	   1.6202	        1.4915	          0.1287	   1.6423	        1.5569	     1.6099	1.502e-01	1.207e-01	   1.003	    22.516
  22	11	 6.3303	 2.0634	   1.6024	        1.4915	          0.1109	   1.6263	        1.5569	     1.5784	1.400e-01	1.222e-01	   1.002	    23.518
  23	12	 6.6162	 1.9232	   1.5857	        1.4915	          0.0942	   1.6115	        1.5569	     1.5494	1.330e-01	1.228e-01	   1.004	    24.523
  24	12	 6.6592	 1.8403	   1.5756	        1.4915	          0.0841	   1.6029	        1.5569	     1.5258	1.263e-01	1.225e-01	   1.009	    25.532
  25	13	 7.1462	 1.7553	   1.5661	        1.4915	          0.0746	   1.5944	        1.5569	     1.5044	9.655e-02	1.216e-01	   1.017	    26.549
  26	13	 6.8978	 1.6453	   1.5524	        1.4915	          0.0609	   1.5836	        1.5569	     1.4828	1.648e-01	1.192e-01	   1.036	    27.586
  27	14	 7.4578	 1.5481	   1.5420	        1.4915	          0.0505	   1.5750	        1.5569	     1.4648	1.071e-01	1.155e-01	   1.036	    28.622
  28	14	 7.3057	 1.5280	   1.5394	        1.4915	          0.0479	   1.5732	        1.5569	     1.4490	1.671e-01	1.145e-01	   1.003	    29.626
  29	15	 7.2456	 1.4650	   1.5322	        1.4915	          0.0407	   1.5681	        1.5569	     1.4404	1.634e-01	1.107e-01	   1.006	    30.633
  30	15	 8.4411	 1.4416	   1.5318	        1.4915	          0.0402	   1.5668	        1.5569	     1.4290	9.311e-02	1.091e-01	   0.994	    31.627
  31	16	 7.8589	 1.4214	   1.5286	        1.4915	          0.0370	   1.5650	        1.5569	     1.4058	2.051e-01	1.075e-01	   1.004	    32.632
  32	16	 8.1807	 1.3580	   1.5225	        1.4915	          0.0310	   1.5609	        1.5569	     1.3927	1.089e-01	1.015e-01	   1.003	    33.635
  33	17	 8.3683	 1.3313	   1.5201	        1.4915	          0.0286	   1.5593	        1.5569	     1.3790	1.358e-01	9.857e-02	   1.000	    34.636
  34	17	 8.5604	 1.3179	   1.5192	        1.4915	          0.0276	   1.5587	        1.5569	     1.3733	1.341e-01	9.697e-02	   1.047	    35.683
  35	18	 8.4350	 1.2883	   1.5161	        1.4915	          0.0246	   1.5570	        1.5569	     1.3764	1.815e-01	9.306e-02	   1.077	    36.760
  36	18	 9.0574	 1.3075	   1.5190	        1.4915	          0.0275	   1.5584	        1.5569	     1.3775	8.355e-02	9.569e-02	   1.089	    37.850
  37	19	 8.4563	 1.2916	   1.5165	        1.4915	          0.0250	   1.5572	        1.5569	     1.3609	2.088e-01	9.352e-02	   1.068	    38.918
  38	19	 9.3613	 1.2837	   1.5173	        1.4915	          0.0258	   1.5573	        1.5569	     1.3551	8.680e-02	9.249e-02	   1.015	    39.933
  39	20	 9.1092	 1.2322	   1.5123	        1.4915	          0.0208	   1.5550	        1.5569	     1.3456	1.632e-01	8.439e-02	   1.006	    40.942
  40	20	 8.9569	 1.2856	   1.5168	        1.4915	          0.0253	   1.5572	        1.5569	     1.3444	1.772e-01	9.272e-02	   0.991	    41.933
  41	21	 9.4007	 1.2481	   1.5142	        1.4915	          0.0227	   1.5558	        1.5569	     1.3339	1.290e-01	8.708e-02	   1.031	    42.964
  42	21	 9.1599	 1.2465	   1.5136	        1.4915	          0.0221	   1.5556	        1.5569	     1.3534	1.673e-01	8.681e-02	   1.090	    44.054
  43	22	10.1224	 1.2959	   1.5197	        1.4915	          0.0282	   1.5584	        1.5569	     1.3549	1.147e-01	9.422e-02	   1.036	    45.091
  44	22	 7.9108	 1.2344	   1.5104	        1.4915	          0.0189	   1.5544	        1.5569	     1.3742	4.274e-01	8.466e-02	   1.003	    46.097
  45	23	10.1894	 1.2737	   1.5178	        1.4915	          0.0263	   1.5574	        1.5569	     1.3537	1.499e-01	9.108e-02	   1.013	    47.110
  46	23	 8.5924	 1.2712	   1.5148	        1.4915	          0.0233	   1.5563	        1.5569	     1.3761	3.220e-01	9.062e-02	   1.038	    48.148
  47	24	 9.6147	 1.3112	   1.5203	        1.4915	          0.0288	   1.5589	        1.5569	     1.3826	1.040e-01	9.619e-02	   1.037	    49.185
  48	24	 7.6696	 1.3143	   1.5173	        1.4915	          0.0257	   1.5581	        1.5569	     1.3963	3.864e-01	9.644e-02	   1.007	    50.192
  49	25	 9.7481	 1.3569	   1.5251	        1.4915	          0.0336	   1.5617	        1.5569	     1.3652	1.499e-01	1.015e-01	   1.005	    51.198
  50	25	 8.1849	 1.3214	   1.5189	        1.4915	          0.0273	   1.5587	        1.5569	     1.3172	4.670e-01	9.738e-02	   0.995	    52.193
  51	26	 8.7652	 1.2896	   1.5168	        1.4915	          0.0253	   1.5573	        1.5569	     1.3086	3.690e-01	9.328e-02	   1.006	    53.199
  52	26	 8.7804	 1.2776	   1.5158	        1.4915	          0.0242	   1.5567	        1.5569	     1.3055	5.021e-01	9.158e-02	   0.999	    54.199
  53	27	 8.9172	 1.2702	   1.5153	        1.4915	          0.0238	   1.5564	        1.5569	     1.3059	5.745e-01	9.050e-02	   1.006	    55.205
  54	27	 8.9487	 1.2587	   1.5143	        1.4915	          0.0228	   1.5559	        1.5569	     1.3030	6.697e-01	8.874e-02	   1.027	    56.233
  55	28	 9.0273	 1.2615	   1.5147	        1.4915	          0.0232	   1.5561	        1.5569	     1.3033	7.475e-01	8.917e-02	   1.066	    57.299
  56	28	 9.0424	 1.2477	   1.5135	        1.4915	          0.0220	   1.5555	        1.5569	     1.3014	7.995e-01	8.700e-02	   1.080	    58.379
  57	29	 9.1952	 1.2338	   1.5126	        1.4915	          0.0211	   1.5551	        1.5569	     1.3011	8.318e-01	8.468e-02	   1.075	    59.454
  58	29	 9.0912	 1.2420	   1.5131	        1.4915	          0.0216	   1.5553	        1.5569	     1.3003	9.338e-01	8.606e-02	   1.018	    60.472
  59	30	 9.2220	 1.2414	   1.5133	        1.4915	          0.0218	   1.5554	        1.5569	     1.3002	9.564e-01	8.596e-02	   1.007	    61.480
  60	30	 9.1498	 1.2374	   1.5128	        1.4915	          0.0213	   1.5552	        1.5569	     1.2995	1.023e+00	8.529e-02	   0.996	    62.476
  61	31	 9.1573	 1.2399	   1.5131	        1.4915	          0.0215	   1.5553	        1.5569	     1.2996	1.067e+00	8.570e-02	   1.005	    63.481
  62	31	 9.2115	 1.2345	   1.5127	        1.4915	          0.0212	   1.5551	        1.5569	     1.2988	1.092e+00	8.479e-02	   1.000	    64.481
  63	32	 9.2176	 1.2292	   1.5123	        1.4915	          0.0207	   1.5549	        1.5569	     1.2988	1.152e+00	8.388e-02	   1.004	    65.486
  64	32	 9.2635	 1.2326	   1.5126	        1.4915	          0.0211	   1.5551	        1.5569	     1.2983	1.159e+00	8.448e-02	   1.008	    66.494
  65	33	 9.2797	 1.2256	   1.5121	        1.4915	          0.0205	   1.5548	        1.5569	     1.2980	1.201e+00	8.325e-02	   1.011	    67.506
  66	33	 9.3008	 1.2312	   1.5126	        1.4915	          0.0210	   1.5551	        1.5569	     1.2978	1.232e+00	8.423e-02	   1.035	    68.541
  67	34	 9.2717	 1.2277	   1.5122	        1.4915	          0.0207	   1.5549	        1.5569	     1.2975	1.274e+00	8.362e-02	   1.035	    69.576
  68	34	 9.3414	 1.2299	   1.5125	        1.4915	          0.0210	   1.5550	        1.5569	     1.2974	1.296e+00	8.402e-02	   1.011	    70.587
  69	35	 9.3861	 1.2309	   1.5127	        1.4915	          0.0212	   1.5551	        1.5569	     1.2974	1.302e+00	8.419e-02	   1.009	    71.596
  70	35	 9.3684	 1.2288	   1.5125	        1.4915	          0.0210	   1.5550	        1.5569	     1.2970	1.371e+00	8.383e-02	   1.050	    72.646
  71	36	 9.4220	 1.2260	   1.5123	        1.4915	          0.0208	   1.5549	        1.5569	     1.2968	1.389e+00	8.332e-02	   1.065	    73.711
  72	36	 9.3947	 1.2281	   1.5125	        1.4915	          0.0209	   1.5550	        1.5569	     1.2967	1.420e+00	8.371e-02	   1.020	    74.731
  73	37	 9.3781	 1.2292	   1.5125	        1.4915	          0.0210	   1.5550	        1.5569	     1.2966	1.447e+00	8.389e-02	   1.031	    75.762
  74	37	 9.4258	 1.2275	   1.5125	        1.4915	          0.0209	   1.5550	        1.5569	     1.2964	1.465e+00	8.360e-02	   1.041	    76.803
  75	38	 9.4645	 1.2258	   1.5124	        1.4915	          0.0209	   1.5550	        1.5569	     1.2961	1.483e+00	8.329e-02	   1.057	    77.860
  76	38	 9.4498	 1.2271	   1.5125	        1.4915	          0.0209	   1.5550	        1.5569	     1.2961	1.516e+00	8.352e-02	   1.080	    78.940
  77	39	 9.4433	 1.2236	   1.5122	        1.4915	          0.0206	   1.5549	        1.5569	     1.2959	1.532e+00	8.290e-02	   1.071	    80.011
  78	39	 9.4755	 1.2269	   1.5125	        1.4915	          0.0210	   1.5550	        1.5569	     1.2959	1.563e+00	8.349e-02	   1.028	    81.040
  79	40	 9.4652	 1.2259	   1.5124	        1.4915	          0.0209	   1.5550	        1.5569	     1.2957	1.610e+00	8.332e-02	   1.013	    82.053
  80	40	 9.5000	 1.2266	   1.5125	        1.4915	          0.0210	   1.5550	        1.5569	     1.2956	1.593e+00	8.344e-02	   1.080	    83.134
  81	41	 9.5289	 1.2280	   1.5127	        1.4915	          0.0212	   1.5551	        1.5569	     1.2958	1.617e+00	8.369e-02	   1.073	    84.207
  82	41	 9.5168	 1.2264	   1.5125	        1.4915	          0.0210	   1.5550	        1.5569	     1.2954	1.642e+00	8.340e-02	   1.044	    85.252
  83	42	 9.5021	 1.2243	   1.5123	        1.4915	          0.0208	   1.5549	        1.5569	     1.2953	1.682e+00	8.303e-02	   1.008	    86.260
  84	42	 9.5387	 1.2262	   1.5126	        1.4915	          0.0210	   1.5550	        1.5569	     1.2952	1.674e+00	8.338e-02	   1.005	    87.266
  85	43	 9.5603	 1.2235	   1.5124	        1.4915	          0.0208	   1.5549	        1.5569	     1.2950	1.689e+00	8.289e-02	   1.011	    88.277
  86	43	 9.5570	 1.2261	   1.5126	        1.4915	          0.0210	   1.5550	        1.5569	     1.2950	1.720e+00	8.336e-02	   1.030	    89.307
  87	44	 9.5973	 1.2304	   1.5130	        1.4915	          0.0215	   1.5552	        1.5569	     1.2953	1.716e+00	8.412e-02	   1.038	    90.345
  88	44	 9.5719	 1.2260	   1.5126	        1.4915	          0.0211	   1.5550	        1.5569	     1.2948	1.766e+00	8.334e-02	   1.013	    91.359
  89	45	 9.5728	 1.2246	   1.5125	        1.4915	          0.0209	   1.5550	        1.5569	     1.2947	1.768e+00	8.310e-02	   1.011	    92.370
  90	45	 9.5903	 1.2259	   1.5126	        1.4915	          0.0211	   1.5550	        1.5569	     1.2947	1.799e+00	8.333e-02	   0.990	    93.360
  91	46	 9.6224	 1.2252	   1.5126	        1.4915	          0.0211	   1.5550	        1.5569	     1.2946	1.807e+00	8.320e-02	   1.005	    94.365
  92	46	 9.6054	 1.2259	   1.5126	        1.4915	          0.0211	   1.5550	        1.5569	     1.2945	1.832e+00	8.332e-02	   1.003	    95.369
  93	47	 9.6150	 1.2281	   1.5128	        1.4915	          0.0213	   1.5551	        1.5569	     1.2946	1.846e+00	8.371e-02	   1.032	    96.401
  94	47	 9.6217	 1.2258	   1.5127	        1.4915	          0.0211	   1.5551	        1.5569	     1.2944	1.861e+00	8.331e-02	   1.024	    97.425
  95	48	 9.6450	 1.2278	   1.5129	        1.4915	          0.0213	   1.5551	        1.5569	     1.2945	1.889e+00	8.367e-02	   1.029	    98.454
  96	48	 9.6362	 1.2258	   1.5127	        1.4915	          0.0211	   1.5551	        1.5569	     1.2942	1.887e+00	8.331e-02	   1.083	    99.537
  97	49	 9.6709	 1.2266	   1.5128	        1.4915	          0.0213	   1.5551	        1.5569	     1.2943	1.888e+00	8.346e-02	   1.078	   100.616
  98	49	 9.6494	 1.2258	   1.5127	        1.4915	          0.0212	   1.5551	        1.5569	     1.2941	1.926e+00	8.331e-02	   1.027	   101.643
  99	50	 9.6614	 1.2273	   1.5128	        1.4915	          0.0213	   1.5551	        1.5569	     1.2941	1.928e+00	8.357e-02	   1.007	   102.654
 100	50	 9.6640	 1.2257	   1.5127	        1.4915	          0.0212	   1.5551	        1.5569	     1.2939	1.956e+00	8.330e-02	   0.989	   103.643
 101	51	 9.6640	 1.2266	   1.5128	        1.4915	          0.0213	   1.5551	        1.5569	     1.2939	1.971e+00	8.345e-02	   1.007	   104.651
 102	51	 9.6790	 1.2257	   1.5127	        1.4915	          0.0212	   1.5551	        1.5569	     1.2938	1.980e+00	8.330e-02	   1.001	   105.653
 103	52	 9.6713	 1.2279	   1.5129	        1.4915	          0.0214	   1.5552	        1.5569	     1.2939	1.996e+00	8.368e-02	   1.007	   106.660
 104	52	 9.6938	 1.2257	   1.5128	        1.4915	          0.0212	   1.5551	        1.5569	     1.2937	2.007e+00	8.330e-02	   1.005	   107.665
 105	53	 9.6908	 1.2259	   1.5128	        1.4915	          0.0212	   1.5551	        1.5569	     1.2936	2.006e+00	8.332e-02	   1.005	   108.671
 106	53	 9.7078	 1.2257	   1.5128	        1.4915	          0.0213	   1.5551	        1.5569	     1.2936	2.038e+00	8.330e-02	   1.039	   109.710
 107	54	 9.7068	 1.2244	   1.5127	        1.4915	          0.0212	   1.5551	        1.5569	     1.2935	2.059e+00	8.307e-02	   1.032	   110.742
 108	54	 9.7207	 1.2258	   1.5128	        1.4915	          0.0213	   1.5551	        1.5569	     1.2935	2.059e+00	8.332e-02	   1.018	   111.760
 109	55	 9.7181	 1.2264	   1.5129	        1.4915	          0.0213	   1.5551	        1.5569	     1.2935	2.084e+00	8.343e-02	   1.007	   112.767
 110	55	 9.7334	 1.2258	   1.5128	        1.4915	          0.0213	   1.5551	        1.5569	     1.2934	2.082e+00	8.333e-02	   0.995	   113.762
 111	56	 9.7349	 1.2277	   1.5130	        1.4915	          0.0215	   1.5552	        1.5569	     1.2934	2.105e+00	8.365e-02	   1.002	   114.764
 112	56	 9.7453	 1.2259	   1.5129	        1.4915	          0.0213	   1.5551	        1.5569	     1.2933	2.107e+00	8.333e-02	   1.034	   115.798
 113	57	 9.7408	 1.2245	   1.5127	        1.4915	          0.0212	   1.5551	        1.5569	     1.2931	2.136e+00	8.309e-02	   1.035	   116.833
 114	57	 9.7576	 1.2259	   1.5129	        1.4915	          0.0214	   1.5551	        1.5569	     1.2932	2.129e+00	8.334e-02	   1.017	   117.850
 115	58	 9.7353	 1.2263	   1.5129	        1.4915	          0.0214	   1.5551	        1.5569	     1.2931	2.155e+00	8.341e-02	   1.030	   118.880
 116	58	 9.7704	 1.2260	   1.5129	        1.4915	          0.0214	   1.5552	        1.5569	     1.2931	2.153e+00	8.335e-02	   1.083	   119.964
 117	59	 9.7874	 1.2248	   1.5129	        1.4915	          0.0213	   1.5551	        1.5569	     1.2930	2.155e+00	8.315e-02	   1.082	   121.046
 118	59	 9.7804	 1.2261	   1.5129	        1.4915	          0.0214	   1.5552	        1.5569	     1.2930	2.184e+00	8.336e-02	   1.035	   122.081
 119	60	 9.7703	 1.2270	   1.5130	        1.4915	          0.0215	   1.5552	        1.5569	     1.2930	2.213e+00	8.353e-02	   1.096	   123.178
 120	60	 9.7916	 1.2261	   1.5130	        1.4915	          0.0214	   1.5552	        1.5569	     1.2929	2.202e+00	8.337e-02	   1.037	   124.215
 121	61	 9.8122	 1.2282	   1.5132	        1.4915	          0.0216	   1.5553	        1.5569	     1.2930	2.197e+00	8.374e-02	   1.005	   125.220
 122	61	 9.8007	 1.2261	   1.5130	        1.4915	          0.0215	   1.5552	        1.5569	     1.2928	2.233e+00	8.338e-02	   1.003	   126.224
 123	62	 9.8360	 1.2277	   1.5132	        1.4915	          0.0216	   1.5553	        1.5569	     1.2929	2.250e+00	8.366e-02	   1.004	   127.228
 124	62	 9.8091	 1.2262	   1.5130	        1.4915	          0.0215	   1.5552	        1.5569	     1.2927	2.253e+00	8.339e-02	   1.010	   128.238
 125	63	 9.8084	 1.2278	   1.5131	        1.4915	          0.0216	   1.5552	        1.5569	     1.2928	2.265e+00	8.367e-02	   1.002	   129.241
 126	63	 9.8198	 1.2262	   1.5130	        1.4915	          0.0215	   1.5552	        1.5569	     1.2926	2.273e+00	8.339e-02	   1.043	   130.284
 127	64	 9.8325	 1.2268	   1.5131	        1.4915	          0.0216	   1.5552	        1.5569	     1.2926	2.276e+00	8.350e-02	   1.024	   131.308
 128	64	 9.8294	 1.2262	   1.5130	        1.4915	          0.0215	   1.5552	        1.5569	     1.2925	2.297e+00	8.340e-02	   1.021	   132.329
 129	65	 9.8292	 1.2276	   1.5132	        1.4915	          0.0216	   1.5552	        1.5569	     1.2926	2.313e+00	8.364e-02	   1.013	   133.343
 130	65	 9.8394	 1.2262	   1.5131	        1.4915	          0.0215	   1.5552	        1.5569	     1.2925	2.314e+00	8.340e-02	   0.989	   134.332
 131	66	 9.8756	 1.2270	   1.5132	        1.4915	          0.0217	   1.5553	        1.5569	     1.2925	2.315e+00	8.354e-02	   1.006	   135.338
 132	66	 9.8473	 1.2263	   1.5131	        1.4915	          0.0215	   1.5552	        1.5569	     1.2924	2.339e+00	8.341e-02	   1.031	   136.369
 133	67	 9.8676	 1.2274	   1.5132	        1.4915	          0.0217	   1.5553	        1.5569	     1.2925	2.348e+00	8.360e-02	   1.013	   137.382
 134	67	 9.8556	 1.2263	   1.5131	        1.4915	          0.0216	   1.5552	        1.5569	     1.2923	2.357e+00	8.341e-02	   1.007	   138.389
 135	68	 9.8647	 1.2243	   1.5129	        1.4915	          0.0214	   1.5552	        1.5569	     1.2922	2.352e+00	8.306e-02	   1.025	   139.414
 136	68	 9.8644	 1.2264	   1.5131	        1.4915	          0.0216	   1.5552	        1.5569	     1.2922	2.381e+00	8.343e-02	   1.083	   140.497
 137	69	 9.8845	 1.2250	   1.5130	        1.4915	          0.0215	   1.5552	        1.5569	     1.2922	2.380e+00	8.318e-02	   1.079	   141.577
 138	69	 9.8727	 1.2264	   1.5131	        1.4915	          0.0216	   1.5552	        1.5569	     1.2922	2.400e+00	8.344e-02	   1.036	   142.613
 139	70	 9.8795	 1.2269	   1.5132	        1.4915	          0.0216	   1.5553	        1.5569	     1.2922	2.402e+00	8.352e-02	   1.008	   143.622
 140	70	 9.8817	 1.2265	   1.5131	        1.4915	          0.0216	   1.5552	        1.5569	     1.2921	2.419e+00	8.344e-02	   0.993	   144.615
 141	71	 9.8743	 1.2271	   1.5132	        1.4915	          0.0217	   1.5553	        1.5569	     1.2921	2.430e+00	8.356e-02	   1.002	   145.618
 142	71	 9.8912	 1.2265	   1.5132	        1.4915	          0.0216	   1.5552	        1.5569	     1.2920	2.435e+00	8.345e-02	   1.005	   146.623
 143	72	 9.9031	 1.2266	   1.5132	        1.4915	          0.0217	   1.5553	        1.5569	     1.2920	2.454e+00	8.346e-02	   1.004	   147.627
 144	72	 9.8993	 1.2265	   1.5132	        1.4915	          0.0217	   1.5553	        1.5569	     1.2920	2.450e+00	8.346e-02	   1.007	   148.635
 145	73	 9.9085	 1.2253	   1.5131	        1.4915	          0.0216	   1.5552	        1.5569	     1.2919	2.464e+00	8.324e-02	   1.000	   149.635
 146	73	 9.9075	 1.2266	   1.5132	        1.4915	          0.0217	   1.5553	        1.5569	     1.2919	2.468e+00	8.347e-02	   1.097	   150.732
 147	74	 9.9331	 1.2268	   1.5133	        1.4915	          0.0217	   1.5553	        1.5569	     1.2920	2.503e+00	8.351e-02	   1.084	   151.816
 148	74	 9.9147	 1.2266	   1.5132	        1.4915	          0.0217	   1.5553	        1.5569	     1.2918	2.480e+00	8.347e-02	   1.060	   152.876
 149	75	 9.9240	 1.2269	   1.5133	        1.4915	          0.0217	   1.5553	        1.5569	     1.2918	2.481e+00	8.352e-02	   1.030	   153.906
 150	75	 9.9227	 1.2267	   1.5132	        1.4915	          0.0217	   1.5553	        1.5569	     1.2918	2.504e+00	8.348e-02	   0.989	   154.896
 151	76	 9.9250	 1.2252	   1.5131	        1.4915	          0.0216	   1.5552	        1.5569	     1.2917	2.515e+00	8.322e-02	   1.036	   155.932
 152	76	 9.9308	 1.2267	   1.5132	        1.4915	          0.0217	   1.5553	        1.5569	     1.2917	2.521e+00	8.349e-02	   1.035	   156.967
 153	77	 9.9315	 1.2268	   1.5133	        1.4915	          0.0217	   1.5553	        1.5569	     1.2917	2.540e+00	8.351e-02	   1.009	   157.977
 154	77	 9.9389	 1.2267	   1.5133	        1.4915	          0.0217	   1.5553	        1.5569	     1.2917	2.537e+00	8.349e-02	   1.009	   158.986
 155	78	 9.9383	 1.2248	   1.5131	        1.4915	          0.0216	   1.5552	        1.5569	     1.2915	2.551e+00	8.315e-02	   1.018	   160.005
 156	78	 9.9468	 1.2268	   1.5133	        1.4915	          0.0218	   1.5553	        1.5569	     1.2916	2.554e+00	8.350e-02	   1.105	   161.110
 157	79	 9.9549	 1.2273	   1.5133	        1.4915	          0.0218	   1.5553	        1.5569	     1.2916	2.567e+00	8.360e-02	   1.164	   162.274
 158	79	 9.9541	 1.2268	   1.5133	        1.4915	          0.0218	   1.5553	        1.5569	     1.2915	2.571e+00	8.351e-02	   1.125	   163.400
 159	80	 9.9548	 1.2263	   1.5133	        1.4915	          0.0217	   1.5553	        1.5569	     1.2915	2.564e+00	8.342e-02	   1.021	   164.421
 160	80	 9.9615	 1.2268	   1.5133	        1.4915	          0.0218	   1.5553	        1.5569	     1.2915	2.593e+00	8.351e-02	   0.989	   165.411
 161	81	 9.9919	 1.2261	   1.5133	        1.4915	          0.0218	   1.5553	        1.5569	     1.2915	2.593e+00	8.338e-02	   1.007	   166.419
 162	81	 9.9678	 1.2269	   1.5133	        1.4915	          0.0218	   1.5553	        1.5569	     1.2914	2.610e+00	8.352e-02	   1.001	   167.420
 163	82	 9.9964	 1.2260	   1.5133	        1.4915	          0.0218	   1.5553	        1.5569	     1.2914	2.603e+00	8.338e-02	   1.007	   168.428
 164	82	 9.9741	 1.2269	   1.5133	        1.4915	          0.0218	   1.5553	        1.5569	     1.2914	2.629e+00	8.353e-02	   1.004	   169.432
 165	83	 9.9577	 1.2267	   1.5133	        1.4915	          0.0218	   1.5553	        1.5569	     1.2913	2.639e+00	8.349e-02	   0.996	   170.428
 166	83	 9.9819	 1.2270	   1.5134	        1.4915	          0.0218	   1.5553	        1.5569	     1.2913	2.640e+00	8.354e-02	   1.047	   171.476
 167	84	 9.9923	 1.2280	   1.5135	        1.4915	          0.0219	   1.5554	        1.5569	     1.2914	2.643e+00	8.372e-02	   1.025	   172.501
 168	84	 9.9885	 1.2270	   1.5134	        1.4915	          0.0218	   1.5553	        1.5569	     1.2913	2.656e+00	8.355e-02	   1.030	   173.531
 169	85	 9.9718	 1.2271	   1.5134	        1.4915	          0.0218	   1.5553	        1.5569	     1.2912	2.670e+00	8.356e-02	   1.005	   174.536
 170	85	 9.9963	 1.2271	   1.5134	        1.4915	          0.0219	   1.5553	        1.5569	     1.2912	2.668e+00	8.355e-02	   0.992	   175.528
 171	86	 9.9894	 1.2272	   1.5134	        1.4915	          0.0219	   1.5553	        1.5569	     1.2912	2.694e+00	8.358e-02	   1.040	   176.569
 172	86	10.0035	 1.2271	   1.5134	        1.4915	          0.0219	   1.5553	        1.5569	     1.2912	2.678e+00	8.356e-02	   1.007	   177.576
 173	87	10.0081	 1.2274	   1.5134	        1.4915	          0.0219	   1.5554	        1.5569	     1.2912	2.681e+00	8.362e-02	   1.003	   178.579
 174	87	10.0101	 1.2271	   1.5134	        1.4915	          0.0219	   1.5553	        1.5569	     1.2911	2.698e+00	8.356e-02	   1.006	   179.585
 175	88	 9.9843	 1.2257	   1.5133	        1.4915	          0.0217	   1.5553	        1.5569	     1.2910	2.720e+00	8.331e-02	   1.019	   180.604
 176	88	10.0173	 1.2272	   1.5134	        1.4915	          0.0219	   1.5554	        1.5569	     1.2911	2.709e+00	8.358e-02	   1.083	   181.688
 177	89	10.0205	 1.2279	   1.5135	        1.4915	          0.0220	   1.5554	        1.5569	     1.2911	2.725e+00	8.371e-02	   1.072	   182.760
 178	89	10.0237	 1.2272	   1.5134	        1.4915	          0.0219	   1.5554	        1.5569	     1.2910	2.724e+00	8.358e-02	   1.049	   183.810
 179	90	10.0326	 1.2270	   1.5134	        1.4915	          0.0219	   1.5554	        1.5569	     1.2910	2.740e+00	8.354e-02	   1.008	   184.818
 180	90	10.0299	 1.2272	   1.5135	        1.4915	          0.0219	   1.5554	        1.5569	     1.2910	2.739e+00	8.359e-02	   0.990	   185.808
 181	91	10.0280	 1.2274	   1.5135	        1.4915	          0.0219	   1.5554	        1.5569	     1.2910	2.750e+00	8.361e-02	   1.009	   186.818
 182	91	10.0363	 1.2272	   1.5135	        1.4915	          0.0219	   1.5554	        1.5569	     1.2909	2.754e+00	8.359e-02	   1.001	   187.819
 183	92	10.0541	 1.2271	   1.5135	        1.4915	          0.0220	   1.5554	        1.5569	     1.2910	2.779e+00	8.357e-02	   1.004	   188.823
 184	92	10.0417	 1.2273	   1.5135	        1.4915	          0.0220	   1.5554	        1.5569	     1.2909	2.766e+00	8.360e-02	   1.008	   189.831
 185	93	10.0305	 1.2260	   1.5134	        1.4915	          0.0218	   1.5553	        1.5569	     1.2908	2.774e+00	8.336e-02	   0.992	   190.823
 186	93	10.0483	 1.2273	   1.5135	        1.4915	          0.0220	   1.5554	        1.5569	     1.2909	2.782e+00	8.360e-02	   1.048	   191.872
 187	94	10.0478	 1.2278	   1.5135	        1.4915	          0.0220	   1.5554	        1.5569	     1.2908	2.819e+00	8.368e-02	   1.025	   192.897
 188	94	10.0545	 1.2273	   1.5135	        1.4915	          0.0220	   1.5554	        1.5569	     1.2908	2.790e+00	8.361e-02	   1.030	   193.927
 189	95	10.0521	 1.2279	   1.5136	        1.4915	          0.0220	   1.5554	        1.5569	     1.2908	2.813e+00	8.371e-02	   1.006	   194.933
 190	95	10.0603	 1.2274	   1.5135	        1.4915	          0.0220	   1.5554	        1.5569	     1.2908	2.805e+00	8.361e-02	   1.026	   195.959
 191	96	10.0615	 1.2266	   1.5135	        1.4915	          0.0219	   1.5554	        1.5569	     1.2907	2.810e+00	8.348e-02	   1.041	   197.000
 192	96	10.0661	 1.2274	   1.5135	        1.4915	          0.0220	   1.5554	        1.5569	     1.2907	2.823e+00	8.362e-02	   1.003	   198.003
 193	97	10.0800	 1.2269	   1.5135	        1.4915	          0.0220	   1.5554	        1.5569	     1.2907	2.840e+00	8.353e-02	   0.987	   198.990
 194	97	10.0712	 1.2274	   1.5135	        1.4915	          0.0220	   1.5554	        1.5569	     1.2907	2.836e+00	8.362e-02	   0.932	   199.922
 195	98	10.0730	 1.2268	   1.5135	        1.4915	          0.0220	   1.5554	        1.5569	     1.2907	2.843e+00	8.351e-02	   1.004	   200.927
 196	98	10.0769	 1.2274	   1.5136	        1.4915	          0.0220	   1.5554	        1.5569	     1.2907	2.851e+00	8.363e-02	   0.948	   201.875
 197	99	10.0941	 1.2273	   1.5136	        1.4915	          0.0220	   1.5554	        1.5569	     1.2907	2.843e+00	8.360e-02	   0.891	   202.767
 198	99	10.0820	 1.2275	   1.5136	        1.4915	          0.0220	   1.5554	        1.5569	     1.2906	2.870e+00	8.363e-02	   0.812	   203.579
 199	100	10.1021	 1.2259	   1.5135	        1.4915	          0.0219	   1.5554	        1.5569	     1.2906	2.864e+00	8.336e-02	   0.766	   204.345
 200	100	10.0870	 1.2275	   1.5136	        1.4915	          0.0220	   1.5554	        1.5569	     1.2906	2.884e+00	8.364e-02	   0.815	   205.160
 201	101	10.1116	 1.2278	   1.5136	        1.4915	          0.0221	   1.5554	        1.5569	     1.2906	2.888e+00	8.370e-02	   0.760	   205.920
 202	101	10.0919	 1.2275	   1.5136	        1.4915	          0.0221	   1.5554	        1.5569	     1.2905	2.896e+00	8.364e-02	   0.739	   206.659
 203	102	10.1150	 1.2282	   1.5137	        1.4915	          0.0222	   1.5555	        1.5569	     1.2906	2.910e+00	8.376e-02	   0.721	   207.380
 204	102	10.0965	 1.2276	   1.5136	        1.4915	          0.0221	   1.5554	        1.5569	     1.2905	2.905e+00	8.365e-02	   0.716	   208.096
 205	103	10.0978	 1.2286	   1.5137	        1.4915	          0.0222	   1.5555	        1.5569	     1.2905	2.914e+00	8.383e-02	   0.781	   208.877
 206	103	10.1022	 1.2276	   1.5136	        1.4915	          0.0221	   1.5554	        1.5569	     1.2905	2.917e+00	8.365e-02	   0.765	   209.642
 207	104	10.1061	 1.2277	   1.5136	        1.4915	          0.0221	   1.5554	        1.5569	     1.2905	2.930e+00	8.368e-02	   0.752	   210.394
 208	104	10.1077	 1.2276	   1.5136	        1.4915	          0.0221	   1.5554	        1.5569	     1.2904	2.928e+00	8.365e-02	   0.723	   211.117
 209	105	10.1073	 1.2281	   1.5137	        1.4915	          0.0221	   1.5554	        1.5569	     1.2904	2.941e+00	8.374e-02	   0.714	   211.832
 210	105	10.1132	 1.2276	   1.5136	        1.4915	          0.0221	   1.5554	        1.5569	     1.2904	2.940e+00	8.366e-02	   0.756	   212.588
 211	106	10.1173	 1.2271	   1.5136	        1.4915	          0.0221	   1.5554	        1.5569	     1.2903	2.946e+00	8.357e-02	   0.724	   213.313
 212	106	10.1184	 1.2276	   1.5136	        1.4915	          0.0221	   1.5554	        1.5569	     1.2903	2.954e+00	8.366e-02	   0.715	   214.027
 213	107	10.1128	 1.2277	   1.5136	        1.4915	          0.0221	   1.5554	        1.5569	     1.2903	2.941e+00	8.367e-02	   0.721	   214.748
 214	107	10.1238	 1.2276	   1.5136	        1.4915	          0.0221	   1.5554	        1.5569	     1.2903	2.971e+00	8.366e-02	   0.712	   215.460
 215	108	10.1164	 1.2274	   1.5136	        1.4915	          0.0221	   1.5554	        1.5569	     1.2903	2.980e+00	8.363e-02	   0.746	   216.206
 216	108	10.1293	 1.2277	   1.5137	        1.4915	          0.0221	   1.5554	        1.5569	     1.2903	2.981e+00	8.367e-02	   0.808	   217.015
 217	109	10.1393	 1.2282	   1.5137	        1.4915	          0.0222	   1.5555	        1.5569	     1.2903	2.988e+00	8.376e-02	   0.799	   217.814
 218	109	10.1342	 1.2277	   1.5137	        1.4915	          0.0221	   1.5554	        1.5569	     1.2902	2.991e+00	8.367e-02	   0.745	   218.559
 219	110	10.1202	 1.2284	   1.5137	        1.4915	          0.0222	   1.5555	        1.5569	     1.2902	2.987e+00	8.380e-02	   0.712	   219.271
 220	110	10.1397	 1.2277	   1.5137	        1.4915	          0.0221	   1.5555	        1.5569	     1.2902	3.006e+00	8.367e-02	   0.720	   219.991
 221	111	10.1534	 1.2276	   1.5137	        1.4915	          0.0222	   1.5555	        1.5569	     1.2902	3.008e+00	8.365e-02	   0.721	   220.712
 222	111	10.1441	 1.2277	   1.5137	        1.4915	          0.0222	   1.5555	        1.5569	     1.2902	3.017e+00	8.368e-02	   0.749	   221.461
 223	112	10.1428	 1.2283	   1.5137	        1.4915	          0.0222	   1.5555	        1.5569	     1.2902	3.016e+00	8.378e-02	   0.777	   222.238
 224	112	10.1491	 1.2277	   1.5137	        1.4915	          0.0222	   1.5555	        1.5569	     1.2901	3.029e+00	8.368e-02	   0.758	   222.996
 225	113	10.1692	 1.2274	   1.5137	        1.4915	          0.0222	   1.5555	        1.5569	     1.2902	3.036e+00	8.363e-02	   0.719	   223.715
 226	113	10.1535	 1.2277	   1.5137	        1.4915	          0.0222	   1.5555	        1.5569	     1.2901	3.039e+00	8.368e-02	   0.766	   224.482
 227	114	10.1605	 1.2292	   1.5138	        1.4915	          0.0223	   1.5555	        1.5569	     1.2902	3.050e+00	8.394e-02	   0.754	   225.236
 228	114	10.1583	 1.2277	   1.5137	        1.4915	          0.0222	   1.5555	        1.5569	     1.2901	3.049e+00	8.369e-02	   0.727	   225.964
 229	115	10.1626	 1.2278	   1.5137	        1.4915	          0.0222	   1.5555	        1.5569	     1.2901	3.048e+00	8.370e-02	   0.760	   226.723
 230	115	10.1631	 1.2278	   1.5137	        1.4915	          0.0222	   1.5555	        1.5569	     1.2900	3.062e+00	8.369e-02	   0.739	   227.463
 231	116	10.1632	 1.2285	   1.5138	        1.4915	          0.0223	   1.5555	        1.5569	     1.2901	3.049e+00	8.383e-02	   0.725	   228.189
 232	116	10.1678	 1.2278	   1.5137	        1.4915	          0.0222	   1.5555	        1.5569	     1.2900	3.078e+00	8.369e-02	   0.717	   228.906
 233	117	10.1790	 1.2288	   1.5138	        1.4915	          0.0223	   1.5555	        1.5569	     1.2901	3.082e+00	8.388e-02	   0.762	   229.668
 234	117	10.1722	 1.2278	   1.5137	        1.4915	          0.0222	   1.5555	        1.5569	     1.2900	3.087e+00	8.369e-02	   0.818	   230.487
 235	118	10.1791	 1.2276	   1.5137	        1.4915	          0.0222	   1.5555	        1.5569	     1.2900	3.111e+00	8.366e-02	   0.788	   231.275
 236	118	10.1767	 1.2278	   1.5137	        1.4915	          0.0222	   1.5555	        1.5569	     1.2899	3.092e+00	8.370e-02	   0.820	   232.095
 237	119	10.1694	 1.2275	   1.5137	        1.4915	          0.0222	   1.5555	        1.5569	     1.2899	3.104e+00	8.365e-02	   0.795	   232.890
 238	119	10.1815	 1.2278	   1.5138	        1.4915	          0.0222	   1.5555	        1.5569	     1.2899	3.102e+00	8.370e-02	   0.751	   233.641
 239	120	10.1806	 1.2277	   1.5137	        1.4915	          0.0222	   1.5555	        1.5569	     1.2899	3.119e+00	8.368e-02	   0.713	   234.355
 240	120	10.1862	 1.2278	   1.5138	        1.4915	          0.0222	   1.5555	        1.5569	     1.2899	3.112e+00	8.370e-02	   0.714	   235.069
 241	121	10.1747	 1.2282	   1.5138	        1.4915	          0.0222	   1.5555	        1.5569	     1.2899	3.118e+00	8.376e-02	   0.729	   235.798
 242	121	10.1911	 1.2279	   1.5138	        1.4915	          0.0222	   1.5555	        1.5569	     1.2899	3.125e+00	8.371e-02	   0.713	   236.512
 243	122	10.1764	 1.2277	   1.5137	        1.4915	          0.0222	   1.5555	        1.5569	     1.2898	3.130e+00	8.368e-02	   0.722	   237.234
 244	122	10.1960	 1.2279	   1.5138	        1.4915	          0.0223	   1.5555	        1.5569	     1.2898	3.137e+00	8.371e-02	   0.710	   237.944
 245	123	10.1938	 1.2283	   1.5138	        1.4915	          0.0223	   1.5555	        1.5569	     1.2898	3.127e+00	8.379e-02	   0.720	   238.665
 246	123	10.2004	 1.2279	   1.5138	        1.4915	          0.0223	   1.5555	        1.5569	     1.2898	3.152e+00	8.371e-02	   0.764	   239.429
 247	124	10.1966	 1.2284	   1.5138	        1.4915	          0.0223	   1.5555	        1.5569	     1.2898	3.152e+00	8.381e-02	   0.753	   240.183
 248	124	10.2048	 1.2279	   1.5138	        1.4915	          0.0223	   1.5555	        1.5569	     1.2898	3.162e+00	8.371e-02	   0.729	   240.913
 249	125	10.2162	 1.2284	   1.5139	        1.4915	          0.0223	   1.5555	        1.5569	     1.2898	3.189e+00	8.380e-02	   0.749	   241.662
 250	125	10.2087	 1.2279	   1.5138	        1.4915	          0.0223	   1.5555	        1.5569	     1.2897	3.166e+00	8.372e-02	   0.719	   242.381
 251	126	10.2132	 1.2272	   1.5138	        1.4915	          0.0222	   1.5555	        1.5569	     1.2897	3.146e+00	8.359e-02	   0.726	   243.107
 252	126	10.2129	 1.2279	   1.5138	        1.4915	          0.0223	   1.5555	        1.5569	     1.2897	3.184e+00	8.372e-02	   0.717	   243.825
 253	127	10.2262	 1.2282	   1.5139	        1.4915	          0.0223	   1.5555	        1.5569	     1.2897	3.182e+00	8.376e-02	   0.715	   244.540
 254	127	10.2169	 1.2279	   1.5138	        1.4915	          0.0223	   1.5555	        1.5569	     1.2897	3.195e+00	8.372e-02	   0.715	   245.255
 255	128	10.2190	 1.2284	   1.5139	        1.4915	          0.0223	   1.5555	        1.5569	     1.2897	3.200e+00	8.380e-02	   0.739	   245.994
 256	128	10.2212	 1.2279	   1.5138	        1.4915	          0.0223	   1.5555	        1.5569	     1.2897	3.202e+00	8.372e-02	   0.805	   246.799
 257	129	10.2260	 1.2274	   1.5138	        1.4915	          0.0223	   1.5555	        1.5569	     1.2896	3.210e+00	8.362e-02	   0.799	   247.598
 258	129	10.2253	 1.2280	   1.5138	        1.4915	          0.0223	   1.5555	        1.5569	     1.2896	3.211e+00	8.373e-02	   0.751	   248.349
 259	130	10.2253	 1.2280	   1.5138	        1.4915	          0.0223	   1.5555	        1.5569	     1.2896	3.214e+00	8.373e-02	   0.714	   249.064
 260	130	10.2294	 1.2280	   1.5138	        1.4915	          0.0223	   1.5555	        1.5569	     1.2896	3.222e+00	8.373e-02	   0.718	   249.782
 261	131	10.2251	 1.2274	   1.5138	        1.4915	          0.0223	   1.5555	        1.5569	     1.2896	3.241e+00	8.362e-02	   0.727	   250.508
 262	131	10.2336	 1.2280	   1.5139	        1.4915	          0.0223	   1.5555	        1.5569	     1.2896	3.228e+00	8.373e-02	   0.713	   251.221
 263	132	10.2456	 1.2276	   1.5138	        1.4915	          0.0223	   1.5555	        1.5569	     1.2896	3.219e+00	8.366e-02	   0.716	   251.938
 264	132	10.2373	 1.2280	   1.5139	        1.4915	          0.0223	   1.5555	        1.5569	     1.2896	3.243e+00	8.374e-02	   0.718	   252.656
 265	133	10.2253	 1.2284	   1.5139	        1.4915	          0.0224	   1.5555	        1.5569	     1.2895	3.261e+00	8.381e-02	   0.719	   253.376
 266	133	10.2416	 1.2280	   1.5139	        1.4915	          0.0223	   1.5555	        1.5569	     1.2895	3.249e+00	8.374e-02	   0.759	   254.135
 267	134	10.2433	 1.2280	   1.5139	        1.4915	          0.0223	   1.5555	        1.5569	     1.2895	3.278e+00	8.373e-02	   0.747	   254.882
 268	134	10.2456	 1.2280	   1.5139	        1.4915	          0.0224	   1.5555	        1.5569	     1.2895	3.254e+00	8.374e-02	   0.783	   255.665
 269	135	10.2434	 1.2281	   1.5139	        1.4915	          0.0224	   1.5555	        1.5569	     1.2895	3.276e+00	8.375e-02	   0.737	   256.402
 270	135	10.2497	 1.2280	   1.5139	        1.4915	          0.0224	   1.5555	        1.5569	     1.2895	3.263e+00	8.374e-02	   0.721	   257.123
 271	136	10.2433	 1.2280	   1.5139	        1.4915	          0.0223	   1.5555	        1.5569	     1.2894	3.273e+00	8.373e-02	   0.724	   257.847
 272	136	10.2538	 1.2281	   1.5139	        1.4915	          0.0224	   1.5555	        1.5569	     1.2895	3.275e+00	8.374e-02	   0.775	   258.622
 273	137	10.2488	 1.2283	   1.5139	        1.4915	          0.0224	   1.5555	        1.5569	     1.2894	3.290e+00	8.379e-02	   0.797	   259.420
 274	137	10.2579	 1.2281	   1.5139	        1.4915	          0.0224	   1.5555	        1.5569	     1.2894	3.284e+00	8.375e-02	   0.715	   260.135
 275	138	10.2623	 1.2271	   1.5138	        1.4915	          0.0223	   1.5555	        1.5569	     1.2894	3.288e+00	8.358e-02	   0.740	   260.875
 276	138	10.2617	 1.2281	   1.5139	        1.4915	          0.0224	   1.5555	        1.5569	     1.2894	3.297e+00	8.375e-02	   0.791	   261.666
 277	139	10.2658	 1.2282	   1.5139	        1.4915	          0.0224	   1.5556	        1.5569	     1.2894	3.307e+00	8.376e-02	   0.800	   262.466
 278	139	10.2654	 1.2281	   1.5139	        1.4915	          0.0224	   1.5555	        1.5569	     1.2894	3.306e+00	8.375e-02	   0.767	   263.233
 279	140	10.2672	 1.2286	   1.5140	        1.4915	          0.0224	   1.5556	        1.5569	     1.2894	3.307e+00	8.384e-02	   0.711	   263.944
 280	140	10.2691	 1.2281	   1.5139	        1.4915	          0.0224	   1.5556	        1.5569	     1.2894	3.318e+00	8.375e-02	   0.721	   264.665
 281	141	10.2685	 1.2275	   1.5139	        1.4915	          0.0223	   1.5555	        1.5569	     1.2893	3.337e+00	8.364e-02	   0.722	   265.387
 282	141	10.2729	 1.2281	   1.5139	        1.4915	          0.0224	   1.5556	        1.5569	     1.2893	3.324e+00	8.376e-02	   0.714	   266.101
 283	142	10.2644	 1.2281	   1.5139	        1.4915	          0.0224	   1.5555	        1.5569	     1.2893	3.329e+00	8.376e-02	   0.719	   266.820
 284	142	10.2770	 1.2281	   1.5139	        1.4915	          0.0224	   1.5556	        1.5569	     1.2893	3.335e+00	8.376e-02	   0.715	   267.536
 285	143	10.2828	 1.2284	   1.5140	        1.4915	          0.0224	   1.5556	        1.5569	     1.2893	3.350e+00	8.380e-02	   0.720	   268.257
 286	143	10.2807	 1.2281	   1.5139	        1.4915	          0.0224	   1.5556	        1.5569	     1.2893	3.343e+00	8.376e-02	   0.751	   269.007
 287	144	10.2809	 1.2283	   1.5140	        1.4915	          0.0224	   1.5556	        1.5569	     1.2893	3.356e+00	8.379e-02	   0.755	   269.763
 288	144	10.2845	 1.2281	   1.5140	        1.4915	          0.0224	   1.5556	        1.5569	     1.2893	3.351e+00	8.376e-02	   0.775	   270.538
 289	145	10.2765	 1.2277	   1.5139	        1.4915	          0.0224	   1.5555	        1.5569	     1.2892	3.376e+00	8.368e-02	   0.714	   271.253
 290	145	10.2884	 1.2282	   1.5140	        1.4915	          0.0224	   1.5556	        1.5569	     1.2892	3.358e+00	8.376e-02	   0.718	   271.971
 291	146	10.2992	 1.2281	   1.5140	        1.4915	          0.0224	   1.5556	        1.5569	     1.2893	3.372e+00	8.375e-02	   0.725	   272.696
 292	146	10.2917	 1.2282	   1.5140	        1.4915	          0.0224	   1.5556	        1.5569	     1.2892	3.368e+00	8.377e-02	   0.713	   273.409
 293	147	10.2989	 1.2280	   1.5140	        1.4915	          0.0224	   1.5556	        1.5569	     1.2892	3.373e+00	8.374e-02	   0.720	   274.129
 294	147	10.2952	 1.2282	   1.5140	        1.4915	          0.0224	   1.5556	        1.5569	     1.2892	3.380e+00	8.377e-02	   0.714	   274.843
 295	148	10.2889	 1.2285	   1.5140	        1.4915	          0.0225	   1.5556	        1.5569	     1.2892	3.371e+00	8.383e-02	   0.733	   275.577
 296	148	10.2990	 1.2282	   1.5140	        1.4915	          0.0225	   1.5556	        1.5569	     1.2892	3.393e+00	8.377e-02	   0.785	   276.362
 297	149	10.3205	 1.2290	   1.5141	        1.4915	          0.0226	   1.5556	        1.5569	     1.2893	3.389e+00	8.392e-02	   0.813	   277.175
 298	149	10.3021	 1.2282	   1.5140	        1.4915	          0.0225	   1.5556	        1.5569	     1.2891	3.404e+00	8.377e-02	   0.825	   278.001
 299	150	10.3092	 1.2277	   1.5140	        1.4915	          0.0224	   1.5556	        1.5569	     1.2891	3.390e+00	8.368e-02	   0.766	   278.767
 300	150	10.3055	 1.2282	   1.5140	        1.4915	          0.0225	   1.5556	        1.5569	     1.2891	3.415e+00	8.377e-02	   0.755	   279.522
 301	151	10.2952	 1.2282	   1.5140	        1.4915	          0.0224	   1.5556	        1.5569	     1.2891	3.411e+00	8.377e-02	   0.740	   280.263
 302	151	10.3091	 1.2282	   1.5140	        1.4915	          0.0225	   1.5556	        1.5569	     1.2891	3.423e+00	8.377e-02	   0.713	   280.976
 303	152	10.3057	 1.2280	   1.5140	        1.4915	          0.0225	   1.5556	        1.5569	     1.2891	3.440e+00	8.375e-02	   0.721	   281.697
 304	152	10.3127	 1.2282	   1.5140	        1.4915	          0.0225	   1.5556	        1.5569	     1.2891	3.427e+00	8.378e-02	   0.711	   282.409
 305	153	10.3168	 1.2287	   1.5141	        1.4915	          0.0225	   1.5556	        1.5569	     1.2891	3.442e+00	8.386e-02	   0.722	   283.130
 306	153	10.3161	 1.2282	   1.5140	        1.4915	          0.0225	   1.5556	        1.5569	     1.2891	3.434e+00	8.378e-02	   0.750	   283.881
 307	154	10.3303	 1.2281	   1.5140	        1.4915	          0.0225	   1.5556	        1.5569	     1.2891	3.441e+00	8.376e-02	   0.800	   284.682
 308	154	10.3192	 1.2282	   1.5140	        1.4915	          0.0225	   1.5556	        1.5569	     1.2890	3.443e+00	8.378e-02	   0.766	   285.448
 309	155	10.3177	 1.2280	   1.5140	        1.4915	          0.0225	   1.5556	        1.5569	     1.2890	3.441e+00	8.375e-02	   0.708	   286.156
 310	155	10.3226	 1.2282	   1.5140	        1.4915	          0.0225	   1.5556	        1.5569	     1.2890	3.454e+00	8.378e-02	   0.808	   286.964
 311	156	10.3151	 1.2290	   1.5141	        1.4915	          0.0225	   1.5556	        1.5569	     1.2890	3.471e+00	8.391e-02	   0.805	   287.770
 312	156	10.3262	 1.2282	   1.5140	        1.4915	          0.0225	   1.5556	        1.5569	     1.2890	3.459e+00	8.378e-02	   0.754	   288.524
 313	157	10.3256	 1.2277	   1.5140	        1.4915	          0.0225	   1.5556	        1.5569	     1.2889	3.453e+00	8.369e-02	   0.717	   289.241
 314	157	10.3297	 1.2283	   1.5140	        1.4915	          0.0225	   1.5556	        1.5569	     1.2890	3.471e+00	8.379e-02	   0.715	   289.956
 315	158	10.3210	 1.2278	   1.5140	        1.4915	          0.0225	   1.5556	        1.5569	     1.2889	3.484e+00	8.370e-02	   0.731	   290.687
 316	158	10.3333	 1.2283	   1.5140	        1.4915	          0.0225	   1.5556	        1.5569	     1.2890	3.477e+00	8.379e-02	   0.786	   291.473
 317	159	10.3239	 1.2287	   1.5141	        1.4915	          0.0225	   1.5556	        1.5569	     1.2889	3.495e+00	8.386e-02	   0.811	   292.284
 318	159	10.3368	 1.2283	   1.5141	        1.4915	          0.0225	   1.5556	        1.5569	     1.2889	3.483e+00	8.379e-02	   0.768	   293.052
 319	160	10.3341	 1.2283	   1.5141	        1.4915	          0.0225	   1.5556	        1.5569	     1.2889	3.476e+00	8.380e-02	   0.714	   293.767
 320	160	10.3401	 1.2283	   1.5141	        1.4915	          0.0225	   1.5556	        1.5569	     1.2889	3.495e+00	8.379e-02	   0.719	   294.486
 321	161	10.3395	 1.2280	   1.5140	        1.4915	          0.0225	   1.5556	        1.5569	     1.2889	3.485e+00	8.373e-02	   0.726	   295.212
 322	161	10.3434	 1.2283	   1.5141	        1.4915	          0.0225	   1.5556	        1.5569	     1.2889	3.507e+00	8.379e-02	   0.627	   295.839
 323	162	10.3453	 1.2281	   1.5141	        1.4915	          0.0225	   1.5556	        1.5569	     1.2889	3.518e+00	8.376e-02	   0.601	   296.441
 324	162	10.3466	 1.2283	   1.5141	        1.4915	          0.0225	   1.5556	        1.5569	     1.2889	3.512e+00	8.379e-02	   0.678	   297.118
 325	163	10.3522	 1.2281	   1.5141	        1.4915	          0.0225	   1.5556	        1.5569	     1.2889	3.528e+00	8.376e-02	   0.597	   297.715
 326	163	10.3497	 1.2283	   1.5141	        1.4915	          0.0225	   1.5556	        1.5569	     1.2888	3.518e+00	8.380e-02	   0.637	   298.352
 327	164	10.3398	 1.2290	   1.5141	        1.4915	          0.0226	   1.5556	        1.5569	     1.2888	3.530e+00	8.391e-02	   0.661	   299.014
 328	164	10.3532	 1.2283	   1.5141	        1.4915	          0.0226	   1.5556	        1.5569	     1.2888	3.525e+00	8.380e-02	   0.593	   299.607
 329	165	10.3577	 1.2285	   1.5141	        1.4915	          0.0226	   1.5556	        1.5569	     1.2888	3.514e+00	8.382e-02	   0.586	   300.194
 330	165	10.3562	 1.2283	   1.5141	        1.4915	          0.0226	   1.5556	        1.5569	     1.2888	3.538e+00	8.380e-02	   0.578	   300.771
 331	166	10.3524	 1.2288	   1.5141	        1.4915	          0.0226	   1.5556	        1.5569	     1.2888	3.545e+00	8.388e-02	   0.594	   301.366
 332	166	10.3595	 1.2283	   1.5141	        1.4915	          0.0226	   1.5556	        1.5569	     1.2888	3.545e+00	8.380e-02	   0.584	   301.949
 333	167	10.3618	 1.2289	   1.5141	        1.4915	          0.0226	   1.5556	        1.5569	     1.2888	3.555e+00	8.389e-02	   0.587	   302.537
 334	167	10.3625	 1.2283	   1.5141	        1.4915	          0.0226	   1.5556	        1.5569	     1.2888	3.552e+00	8.380e-02	   0.587	   303.124
 335	168	10.3637	 1.2285	   1.5141	        1.4915	          0.0226	   1.5556	        1.5569	     1.2888	3.567e+00	8.383e-02	   0.590	   303.714
 336	168	10.3657	 1.2283	   1.5141	        1.4915	          0.0226	   1.5556	        1.5569	     1.2888	3.557e+00	8.380e-02	   0.659	   304.373
 337	169	10.3572	 1.2285	   1.5141	        1.4915	          0.0226	   1.5556	        1.5569	     1.2887	3.580e+00	8.384e-02	   0.689	   305.062
 338	169	10.3690	 1.2283	   1.5141	        1.4915	          0.0226	   1.5556	        1.5569	     1.2887	3.563e+00	8.380e-02	   0.623	   305.685
 339	170	10.3774	 1.2279	   1.5141	        1.4915	          0.0226	   1.5556	        1.5569	     1.2887	3.590e+00	8.372e-02	   0.587	   306.272
 340	170	10.3719	 1.2283	   1.5141	        1.4915	          0.0226	   1.5556	        1.5569	     1.2887	3.568e+00	8.380e-02	   0.578	   306.850
 341	171	10.3813	 1.2287	   1.5142	        1.4915	          0.0226	   1.5556	        1.5569	     1.2887	3.570e+00	8.386e-02	   0.594	   307.445
 342	171	10.3748	 1.2284	   1.5141	        1.4915	          0.0226	   1.5556	        1.5569	     1.2887	3.581e+00	8.380e-02	   0.584	   308.029
 343	172	10.3702	 1.2282	   1.5141	        1.4915	          0.0226	   1.5556	        1.5569	     1.2887	3.566e+00	8.377e-02	   0.587	   308.616
 344	172	10.3779	 1.2284	   1.5141	        1.4915	          0.0226	   1.5556	        1.5569	     1.2887	3.594e+00	8.381e-02	   0.587	   309.203
 345	173	10.3828	 1.2285	   1.5141	        1.4915	          0.0226	   1.5556	        1.5569	     1.2887	3.606e+00	8.383e-02	   0.589	   309.793
 346	173	10.3809	 1.2284	   1.5141	        1.4915	          0.0226	   1.5556	        1.5569	     1.2887	3.600e+00	8.381e-02	   0.665	   310.458
 347	174	10.3820	 1.2288	   1.5142	        1.4915	          0.0226	   1.5557	        1.5569	     1.2887	3.601e+00	8.389e-02	   0.649	   311.107
 348	174	10.3839	 1.2284	   1.5141	        1.4915	          0.0226	   1.5556	        1.5569	     1.2886	3.609e+00	8.381e-02	   0.610	   311.717
 349	175	10.3871	 1.2283	   1.5141	        1.4915	          0.0226	   1.5556	        1.5569	     1.2886	3.613e+00	8.380e-02	   0.677	   312.395
 350	175	10.3868	 1.2284	   1.5141	        1.4915	          0.0226	   1.5556	        1.5569	     1.2886	3.616e+00	8.381e-02	   0.614	   313.009
 351	176	10.3844	 1.2289	   1.5142	        1.4915	          0.0227	   1.5557	        1.5569	     1.2886	3.619e+00	8.390e-02	   0.594	   313.603
 352	176	10.3898	 1.2284	   1.5141	        1.4915	          0.0226	   1.5556	        1.5569	     1.2886	3.624e+00	8.381e-02	   0.583	   314.187
 353	177	10.3871	 1.2289	   1.5142	        1.4915	          0.0227	   1.5557	        1.5569	     1.2886	3.608e+00	8.390e-02	   0.587	   314.775
 354	177	10.3929	 1.2284	   1.5142	        1.4915	          0.0226	   1.5556	        1.5569	     1.2886	3.635e+00	8.381e-02	   0.587	   315.362
 355	178	10.3825	 1.2280	   1.5141	        1.4915	          0.0226	   1.5556	        1.5569	     1.2885	3.621e+00	8.374e-02	   0.586	   315.948
 356	178	10.3961	 1.2284	   1.5142	        1.4915	          0.0226	   1.5556	        1.5569	     1.2886	3.645e+00	8.381e-02	   0.655	   316.603
 357	179	10.4055	 1.2286	   1.5142	        1.4915	          0.0227	   1.5557	        1.5569	     1.2886	3.648e+00	8.384e-02	   0.695	   317.298
 358	179	10.3988	 1.2284	   1.5142	        1.4915	          0.0226	   1.5556	        1.5569	     1.2886	3.650e+00	8.381e-02	   0.625	   317.923
 359	180	10.4063	 1.2281	   1.5141	        1.4915	          0.0226	   1.5556	        1.5569	     1.2885	3.660e+00	8.375e-02	   0.587	   318.510
 360	180	10.4015	 1.2284	   1.5142	        1.4915	          0.0226	   1.5556	        1.5569	     1.2885	3.655e+00	8.382e-02	   0.578	   319.088
 361	181	10.3923	 1.2289	   1.5142	        1.4915	          0.0227	   1.5557	        1.5569	     1.2885	3.674e+00	8.390e-02	   0.594	   319.682
 362	181	10.4047	 1.2284	   1.5142	        1.4915	          0.0226	   1.5557	        1.5569	     1.2885	3.659e+00	8.382e-02	   0.584	   320.266
 363	182	10.4054	 1.2289	   1.5142	        1.4915	          0.0227	   1.5557	        1.5569	     1.2885	3.643e+00	8.390e-02	   0.588	   320.853
 364	182	10.4076	 1.2284	   1.5142	        1.4915	          0.0227	   1.5557	        1.5569	     1.2885	3.672e+00	8.382e-02	   0.587	   321.440
 365	183	10.4122	 1.2286	   1.5142	        1.4915	          0.0227	   1.5557	        1.5569	     1.2885	3.658e+00	8.385e-02	   0.592	   322.032
 366	183	10.4104	 1.2284	   1.5142	        1.4915	          0.0227	   1.5557	        1.5569	     1.2885	3.682e+00	8.382e-02	   0.641	   322.673
 367	184	10.4140	 1.2293	   1.5143	        1.4915	          0.0227	   1.5557	        1.5569	     1.2885	3.680e+00	8.398e-02	   0.634	   323.307
 368	184	10.4132	 1.2284	   1.5142	        1.4915	          0.0227	   1.5557	        1.5569	     1.2885	3.688e+00	8.382e-02	   0.601	   323.909
 369	185	10.4156	 1.2283	   1.5142	        1.4915	          0.0227	   1.5557	        1.5569	     1.2885	3.696e+00	8.379e-02	   0.587	   324.496
 370	185	10.4159	 1.2284	   1.5142	        1.4915	          0.0227	   1.5557	        1.5569	     1.2884	3.693e+00	8.382e-02	   0.577	   325.074
 371	186	10.4159	 1.2286	   1.5142	        1.4915	          0.0227	   1.5557	        1.5569	     1.2885	3.713e+00	8.385e-02	   0.594	   325.668
 372	186	10.4187	 1.2284	   1.5142	        1.4915	          0.0227	   1.5557	        1.5569	     1.2884	3.696e+00	8.382e-02	   0.584	   326.251
 373	187	10.4218	 1.2278	   1.5142	        1.4915	          0.0226	   1.5556	        1.5569	     1.2884	3.706e+00	8.372e-02	   0.587	   326.839
 374	187	10.4215	 1.2284	   1.5142	        1.4915	          0.0227	   1.5557	        1.5569	     1.2884	3.703e+00	8.382e-02	   0.637	   327.476
 375	188	10.4168	 1.2289	   1.5142	        1.4915	          0.0227	   1.5557	        1.5569	     1.2884	3.701e+00	8.391e-02	   0.639	   328.115
 376	188	10.4245	 1.2284	   1.5142	        1.4915	          0.0227	   1.5557	        1.5569	     1.2884	3.713e+00	8.382e-02	   0.681	   328.796
 377	189	10.4344	 1.2281	   1.5142	        1.4915	          0.0227	   1.5557	        1.5569	     1.2884	3.725e+00	8.377e-02	   0.695	   329.492
 378	189	10.4270	 1.2285	   1.5142	        1.4915	          0.0227	   1.5557	        1.5569	     1.2884	3.719e+00	8.382e-02	   0.630	   330.122
 379	190	10.4471	 1.2282	   1.5142	        1.4915	          0.0227	   1.5557	        1.5569	     1.2884	3.703e+00	8.378e-02	   0.587	   330.709
 380	190	10.4293	 1.2285	   1.5142	        1.4915	          0.0227	   1.5557	        1.5569	     1.2884	3.731e+00	8.383e-02	   0.578	   331.287
 381	191	10.4339	 1.2290	   1.5143	        1.4915	          0.0227	   1.5557	        1.5569	     1.2884	3.726e+00	8.392e-02	   0.594	   331.881
 382	191	10.4320	 1.2285	   1.5142	        1.4915	          0.0227	   1.5557	        1.5569	     1.2883	3.738e+00	8.383e-02	   0.584	   332.465
 383	192	10.4388	 1.2285	   1.5142	        1.4915	          0.0227	   1.5557	        1.5569	     1.2884	3.737e+00	8.384e-02	   0.587	   333.052
 384	192	10.4347	 1.2285	   1.5142	        1.4915	          0.0227	   1.5557	        1.5569	     1.2883	3.745e+00	8.383e-02	   0.603	   333.655
 385	193	10.4357	 1.2285	   1.5142	        1.4915	          0.0227	   1.5557	        1.5569	     1.2883	3.743e+00	8.384e-02	   0.617	   334.273
 386	193	10.4375	 1.2285	   1.5142	        1.4915	          0.0227	   1.5557	        1.5569	     1.2883	3.752e+00	8.383e-02	   0.653	   334.926
 387	194	10.4401	 1.2290	   1.5143	        1.4915	          0.0228	   1.5557	        1.5569	     1.2883	3.750e+00	8.392e-02	   0.727	   335.653
 388	194	10.4401	 1.2285	   1.5142	        1.4915	          0.0227	   1.5557	        1.5569	     1.2883	3.759e+00	8.383e-02	   0.677	   336.330
 389	195	10.4326	 1.2290	   1.5143	        1.4915	          0.0227	   1.5557	        1.5569	     1.2883	3.763e+00	8.393e-02	   0.602	   336.932
 390	195	10.4429	 1.2285	   1.5142	        1.4915	          0.0227	   1.5557	        1.5569	     1.2883	3.765e+00	8.383e-02	   0.577	   337.510
 391	196	10.4554	 1.2292	   1.5143	        1.4915	          0.0228	   1.5557	        1.5569	     1.2883	3.785e+00	8.396e-02	   0.594	   338.104
 392	196	10.4453	 1.2285	   1.5142	        1.4915	          0.0227	   1.5557	        1.5569	     1.2883	3.768e+00	8.383e-02	   0.584	   338.688
 393	197	10.4511	 1.2282	   1.5142	        1.4915	          0.0227	   1.5557	        1.5569	     1.2883	3.782e+00	8.378e-02	   0.587	   339.275
 394	197	10.4479	 1.2285	   1.5143	        1.4915	          0.0227	   1.5557	        1.5569	     1.2883	3.773e+00	8.383e-02	   0.587	   339.863
 395	198	10.4593	 1.2282	   1.5143	        1.4915	          0.0227	   1.5557	        1.5569	     1.2883	3.804e+00	8.379e-02	   0.578	   340.440
 396	198	10.4503	 1.2285	   1.5143	        1.4915	          0.0227	   1.5557	        1.5569	     1.2882	3.776e+00	8.383e-02	   0.656	   341.096
 397	199	10.4600	 1.2284	   1.5143	        1.4915	          0.0227	   1.5557	        1.5569	     1.2882	3.777e+00	8.381e-02	   0.695	   341.792
 398	199	10.4528	 1.2285	   1.5143	        1.4915	          0.0227	   1.5557	        1.5569	     1.2882	3.787e+00	8.383e-02	   0.633	   342.425
 399	200	10.4480	 1.2284	   1.5142	        1.4915	          0.0227	   1.5557	        1.5569	     1.2882	3.803e+00	8.381e-02	   0.587	   343.012
 400	200	10.4556	 1.2285	   1.5143	        1.4915	          0.0227	   1.5557	        1.5569	     1.2882	3.793e+00	8.384e-02	   0.578	   343.590

[SCGD] Finished on device cuda -> σ_f² ≈ 10.4556, σ_ε² ≈ 1.2285
