[GPU 2][JOB 227] 'python cli.py scgd --n 1024 --lengthscale 0.5 --sigma-f2-true 4.0 --sigma-eps2-true 1.0 --n-epochs 200 --device auto --a0 1e-3 --a-decay 0.75 --w-init-scale 0.1 --num-features 128 --print-every 1 --seed 6 --batch-size 512 --b0 0.9 --b-decay 0.25 --decay-start-epoch 25 --sigma-f2-init 5.0 --sigma-eps2-init 3.0 '

=== SCGD + ORF (TMLR Algorithm 2) ===
iter	epoch	σ_f²	σ_ε²	real_nlml	real_nlml_true	real_nlml_abs_err	orf_nlml	orf_nlml_true	approx_nlml	|F~ - F|/|F|	||grad||	duration_s	wall_time_s
   1	 1	 0.8797	 3.4226	   1.8024	        1.5292	          0.2732	   1.8206	        1.5433	     2.9746	4.401e+00	1.122e-01	   1.347	     1.481
   2	 1	 0.9728	 3.6351	   1.8168	        1.5292	          0.2876	   1.8336	        1.5433	     2.8550	3.916e-01	1.037e-01	   0.963	     2.444
   3	 2	 1.0906	 3.7839	   1.8250	        1.5292	          0.2958	   1.8407	        1.5433	     2.7605	9.473e-02	9.741e-02	   0.990	     3.434
   4	 2	 1.2599	 3.8911	   1.8289	        1.5292	          0.2996	   1.8434	        1.5433	     2.6676	9.111e-02	9.273e-02	   0.996	     4.431
   5	 3	 1.4802	 3.9660	   1.8302	        1.5292	          0.3009	   1.8435	        1.5433	     2.5791	1.288e-01	8.983e-02	   1.012	     5.443
   6	 3	 1.7766	 4.0041	   1.8287	        1.5292	          0.2995	   1.8408	        1.5433	     2.4899	1.388e-01	8.837e-02	   1.016	     6.459
   7	 4	 2.2069	 4.0257	   1.8264	        1.5292	          0.2971	   1.8368	        1.5433	     2.3922	1.353e-01	8.773e-02	   1.034	     7.493
   8	 4	 2.6566	 4.0076	   1.8223	        1.5292	          0.2931	   1.8314	        1.5433	     2.3092	1.368e-01	8.796e-02	   1.031	     8.524
   9	 5	 3.3196	 3.9842	   1.8186	        1.5292	          0.2893	   1.8259	        1.5433	     2.2193	1.459e-01	8.835e-02	   1.040	     9.565
  10	 5	 3.9271	 3.9155	   1.8120	        1.5292	          0.2828	   1.8179	        1.5433	     2.1529	1.242e-01	8.937e-02	   1.113	    10.678
  11	 6	 4.5912	 3.8517	   1.8064	        1.5292	          0.2772	   1.8110	        1.5433	     2.0901	1.369e-01	9.032e-02	   1.047	    11.725
  12	 6	 5.1426	 3.7544	   1.7979	        1.5292	          0.2687	   1.8016	        1.5433	     2.0439	1.140e-01	9.177e-02	   1.044	    12.769
  13	 7	 5.7401	 3.6570	   1.7895	        1.5292	          0.2603	   1.7923	        1.5433	     1.9965	1.308e-01	9.324e-02	   1.047	    13.817
  14	 7	 5.8580	 3.5493	   1.7796	        1.5292	          0.2503	   1.7821	        1.5433	     1.9579	1.509e-01	9.490e-02	   1.079	    14.896
  15	 8	 6.3025	 3.4260	   1.7683	        1.5292	          0.2390	   1.7702	        1.5433	     1.9213	1.146e-01	9.683e-02	   1.070	    15.966
  16	 8	 6.5895	 3.3152	   1.7579	        1.5292	          0.2286	   1.7594	        1.5433	     1.8797	1.165e-01	9.860e-02	   1.040	    17.006
  17	 9	 7.1792	 3.1815	   1.7454	        1.5292	          0.2161	   1.7461	        1.5433	     1.8428	1.075e-01	1.007e-01	   1.045	    18.052
  18	 9	 6.9614	 3.0558	   1.7323	        1.5292	          0.2030	   1.7334	        1.5433	     1.8082	1.744e-01	1.028e-01	   1.038	    19.090
  19	10	 7.5066	 2.9217	   1.7191	        1.5292	          0.1899	   1.7195	        1.5433	     1.7708	1.143e-01	1.050e-01	   1.054	    20.144
  20	10	 7.8254	 2.7786	   1.7044	        1.5292	          0.1752	   1.7045	        1.5433	     1.7342	1.267e-01	1.072e-01	   1.146	    21.290
  21	11	 7.8040	 2.6223	   1.6875	        1.5292	          0.1582	   1.6876	        1.5433	     1.6979	1.809e-01	1.096e-01	   1.131	    22.422
  22	11	 8.5806	 2.4901	   1.6741	        1.5292	          0.1448	   1.6732	        1.5433	     1.6616	1.138e-01	1.114e-01	   1.059	    23.480
  23	12	 8.3048	 2.3434	   1.6572	        1.5292	          0.1279	   1.6568	        1.5433	     1.6254	2.184e-01	1.131e-01	   1.038	    24.519
  24	12	 9.0217	 2.1954	   1.6415	        1.5292	          0.1122	   1.6403	        1.5433	     1.5883	1.318e-01	1.142e-01	   1.038	    25.557
  25	13	 8.8102	 2.0454	   1.6239	        1.5292	          0.0947	   1.6231	        1.5433	     1.5528	1.638e-01	1.146e-01	   1.050	    26.607
  26	13	 9.5216	 1.9072	   1.6093	        1.5292	          0.0800	   1.6077	        1.5433	     1.5172	8.586e-02	1.138e-01	   1.040	    27.647
  27	14	10.0712	 1.7691	   1.5946	        1.5292	          0.0653	   1.5926	        1.5433	     1.4893	1.275e-01	1.114e-01	   1.042	    28.690
  28	14	 7.9829	 1.6485	   1.5780	        1.5292	          0.0488	   1.5789	        1.5433	     1.5296	4.055e-01	1.074e-01	   1.039	    29.729
  29	15	12.3952	 1.5906	   1.5788	        1.5292	          0.0496	   1.5747	        1.5433	     1.5436	2.800e-01	1.044e-01	   1.038	    30.767
  30	15	 6.4776	 1.5341	   1.5638	        1.5292	          0.0346	   1.5676	        1.5433	     1.7226	1.077e+00	1.011e-01	   1.079	    31.846
  31	16	12.6247	 1.6138	   1.5816	        1.5292	          0.0524	   1.5773	        1.5433	     1.6138	3.880e-01	1.056e-01	   1.099	    32.945
  32	16	 4.9994	 1.6131	   1.5703	        1.5292	          0.0410	   1.5771	        1.5433	     2.0408	1.707e+00	1.057e-01	   1.046	    33.991
  33	17	12.0933	 1.9705	   1.6205	        1.5292	          0.0912	   1.6162	        1.5433	     1.6449	4.784e-01	1.142e-01	   1.046	    35.038
  34	17	 4.7882	 1.8961	   1.6014	        1.5292	          0.0722	   1.6080	        1.5433	     1.8430	1.680e+00	1.138e-01	   1.066	    36.104
  35	18	 9.4784	 1.9573	   1.6149	        1.5292	          0.0857	   1.6134	        1.5433	     1.4760	3.606e-01	1.143e-01	   1.048	    37.153
  36	18	 7.8138	 1.7726	   1.5914	        1.5292	          0.0621	   1.5923	        1.5433	     1.4405	3.242e-01	1.116e-01	   1.042	    38.195
  37	19	10.5273	 1.6596	   1.5833	        1.5292	          0.0540	   1.5809	        1.5433	     1.4338	1.911e-01	1.078e-01	   1.040	    39.235
  38	19	 6.5765	 1.5003	   1.5606	        1.5292	          0.0313	   1.5643	        1.5433	     1.5230	7.644e-01	9.858e-02	   1.091	    40.326
  39	20	11.9582	 1.4912	   1.5681	        1.5292	          0.0389	   1.5646	        1.5433	     1.5924	3.554e-01	9.771e-02	   1.062	    41.388
  40	20	 4.5858	 1.4882	   1.5573	        1.5292	          0.0280	   1.5658	        1.5433	     1.9679	1.770e+00	9.751e-02	   1.134	    42.522
  41	21	10.6995	 1.7731	   1.5960	        1.5292	          0.0668	   1.5933	        1.5433	     1.5173	4.466e-01	1.115e-01	   1.151	    43.673
  42	21	 5.8626	 1.6326	   1.5732	        1.5292	          0.0440	   1.5780	        1.5433	     1.5694	9.173e-01	1.067e-01	   1.066	    44.740
  43	22	11.1507	 1.6012	   1.5780	        1.5292	          0.0488	   1.5751	        1.5433	     1.5472	3.694e-01	1.050e-01	   1.040	    45.780
  44	22	 4.3445	 1.5682	   1.5652	        1.5292	          0.0360	   1.5741	        1.5433	     1.8823	1.696e+00	1.032e-01	   1.033	    46.813
  45	23	10.3735	 1.8317	   1.6021	        1.5292	          0.0728	   1.5996	        1.5433	     1.5216	4.725e-01	1.127e-01	   1.048	    47.864
  46	23	 5.0352	 1.6793	   1.5774	        1.5292	          0.0481	   1.5840	        1.5433	     1.6523	1.196e+00	1.087e-01	   1.039	    48.903
  47	24	10.3160	 1.7050	   1.5879	        1.5292	          0.0586	   1.5857	        1.5433	     1.5358	4.064e-01	1.095e-01	   1.049	    49.952
  48	24	 4.2203	 1.6387	   1.5726	        1.5292	          0.0434	   1.5817	        1.5433	     1.8090	1.594e+00	1.069e-01	   1.039	    50.991
  49	25	 8.7218	 1.7151	   1.5865	        1.5292	          0.0572	   1.5862	        1.5433	     1.4143	3.931e-01	1.099e-01	   1.037	    52.029
  50	25	 7.3882	 1.6257	   1.5747	        1.5292	          0.0454	   1.5766	        1.5433	     1.3677	3.771e-01	1.064e-01	   1.067	    53.096
  51	26	 7.7134	 1.5719	   1.5695	        1.5292	          0.0403	   1.5710	        1.5433	     1.3544	3.886e-01	1.035e-01	   1.108	    54.204
  52	26	 7.8921	 1.5091	   1.5634	        1.5292	          0.0342	   1.5648	        1.5433	     1.3436	4.788e-01	9.924e-02	   1.053	    55.258
  53	27	 7.9504	 1.4715	   1.5599	        1.5292	          0.0306	   1.5613	        1.5433	     1.3379	5.875e-01	9.618e-02	   1.086	    56.345
  54	27	 7.9061	 1.4402	   1.5568	        1.5292	          0.0276	   1.5584	        1.5433	     1.3317	6.843e-01	9.328e-02	   1.052	    57.397
  55	28	 7.8641	 1.4137	   1.5543	        1.5292	          0.0251	   1.5561	        1.5433	     1.3278	7.636e-01	9.055e-02	   1.052	    58.449
  56	28	 8.0576	 1.3941	   1.5529	        1.5292	          0.0236	   1.5544	        1.5433	     1.3245	7.803e-01	8.835e-02	   1.038	    59.487
  57	29	 8.0903	 1.3704	   1.5509	        1.5292	          0.0216	   1.5524	        1.5433	     1.3215	8.666e-01	8.547e-02	   1.042	    60.530
  58	29	 8.0668	 1.3612	   1.5500	        1.5292	          0.0208	   1.5517	        1.5433	     1.3193	9.134e-01	8.429e-02	   1.041	    61.571
  59	30	 8.0168	 1.3439	   1.5485	        1.5292	          0.0193	   1.5503	        1.5433	     1.3172	9.944e-01	8.195e-02	   1.037	    62.609
  60	30	 8.1541	 1.3364	   1.5481	        1.5292	          0.0189	   1.5497	        1.5433	     1.3157	9.845e-01	8.090e-02	   1.114	    63.723
  61	31	 8.2278	 1.3322	   1.5479	        1.5292	          0.0187	   1.5494	        1.5433	     1.3149	1.016e+00	8.029e-02	   1.164	    64.887
  62	31	 8.1771	 1.3172	   1.5466	        1.5292	          0.0174	   1.5483	        1.5433	     1.3128	1.105e+00	7.805e-02	   1.076	    65.963
  63	32	 8.1912	 1.3035	   1.5456	        1.5292	          0.0164	   1.5473	        1.5433	     1.3111	1.127e+00	7.590e-02	   1.038	    67.001
  64	32	 8.2219	 1.3021	   1.5456	        1.5292	          0.0163	   1.5472	        1.5433	     1.3106	1.175e+00	7.568e-02	   1.034	    68.035
  65	33	 8.2125	 1.2994	   1.5453	        1.5292	          0.0161	   1.5470	        1.5433	     1.3100	1.202e+00	7.525e-02	   1.050	    69.086
  66	33	 8.2719	 1.2896	   1.5447	        1.5292	          0.0155	   1.5463	        1.5433	     1.3088	1.239e+00	7.361e-02	   1.042	    70.128
  67	34	 8.3476	 1.2904	   1.5449	        1.5292	          0.0156	   1.5464	        1.5433	     1.3088	1.255e+00	7.375e-02	   1.037	    71.166
  68	34	 8.2831	 1.2794	   1.5440	        1.5292	          0.0147	   1.5456	        1.5433	     1.3072	1.314e+00	7.184e-02	   1.044	    72.210
  69	35	 8.2836	 1.2724	   1.5435	        1.5292	          0.0142	   1.5451	        1.5433	     1.3064	1.349e+00	7.060e-02	   1.033	    73.244
  70	35	 8.3273	 1.2710	   1.5435	        1.5292	          0.0142	   1.5451	        1.5433	     1.3060	1.354e+00	7.034e-02	   1.066	    74.310
  71	36	 8.3606	 1.2677	   1.5433	        1.5292	          0.0140	   1.5448	        1.5433	     1.3054	1.381e+00	6.975e-02	   1.108	    75.418
  72	36	 8.3581	 1.2638	   1.5430	        1.5292	          0.0138	   1.5446	        1.5433	     1.3049	1.412e+00	6.902e-02	   1.062	    76.480
  73	37	 8.3712	 1.2586	   1.5427	        1.5292	          0.0134	   1.5443	        1.5433	     1.3044	1.429e+00	6.806e-02	   1.068	    77.548
  74	37	 8.3878	 1.2578	   1.5426	        1.5292	          0.0134	   1.5442	        1.5433	     1.3039	1.466e+00	6.790e-02	   1.034	    78.582
  75	38	 8.3541	 1.2518	   1.5422	        1.5292	          0.0129	   1.5438	        1.5433	     1.3034	1.499e+00	6.674e-02	   1.048	    79.630
  76	38	 8.4195	 1.2527	   1.5423	        1.5292	          0.0131	   1.5439	        1.5433	     1.3031	1.508e+00	6.692e-02	   1.111	    80.741
  77	39	 8.4394	 1.2512	   1.5423	        1.5292	          0.0130	   1.5438	        1.5433	     1.3030	1.528e+00	6.664e-02	   1.145	    81.887
  78	39	 8.4355	 1.2481	   1.5421	        1.5292	          0.0128	   1.5436	        1.5433	     1.3023	1.560e+00	6.602e-02	   1.101	    82.988
  79	40	 8.4770	 1.2469	   1.5421	        1.5292	          0.0128	   1.5435	        1.5433	     1.3022	1.570e+00	6.578e-02	   1.044	    84.032
  80	40	 8.4513	 1.2441	   1.5418	        1.5292	          0.0126	   1.5434	        1.5433	     1.3016	1.609e+00	6.523e-02	   1.095	    85.127
  81	41	 8.4451	 1.2449	   1.5419	        1.5292	          0.0126	   1.5434	        1.5433	     1.3013	1.623e+00	6.539e-02	   1.165	    86.293
  82	41	 8.4794	 1.2405	   1.5416	        1.5292	          0.0124	   1.5432	        1.5433	     1.3009	1.645e+00	6.451e-02	   1.092	    87.385
  83	42	 8.5510	 1.2378	   1.5416	        1.5292	          0.0123	   1.5430	        1.5433	     1.3008	1.667e+00	6.396e-02	   1.037	    88.422
  84	42	 8.4874	 1.2375	   1.5415	        1.5292	          0.0122	   1.5430	        1.5433	     1.3003	1.685e+00	6.390e-02	   1.039	    89.461
  85	43	 8.4704	 1.2323	   1.5411	        1.5292	          0.0119	   1.5427	        1.5433	     1.2997	1.704e+00	6.282e-02	   1.046	    90.508
  86	43	 8.5178	 1.2348	   1.5413	        1.5292	          0.0121	   1.5428	        1.5433	     1.2998	1.717e+00	6.335e-02	   1.041	    91.549
  87	44	 8.5247	 1.2334	   1.5413	        1.5292	          0.0120	   1.5428	        1.5433	     1.2995	1.737e+00	6.305e-02	   1.043	    92.593
  88	44	 8.5388	 1.2323	   1.5412	        1.5292	          0.0120	   1.5427	        1.5433	     1.2993	1.753e+00	6.283e-02	   1.042	    93.635
  89	45	 8.6108	 1.2279	   1.5411	        1.5292	          0.0118	   1.5425	        1.5433	     1.2992	1.761e+00	6.191e-02	   1.036	    94.672
  90	45	 8.5460	 1.2302	   1.5411	        1.5292	          0.0118	   1.5426	        1.5433	     1.2988	1.798e+00	6.239e-02	   1.054	    95.726
  91	46	 8.5373	 1.2272	   1.5409	        1.5292	          0.0117	   1.5424	        1.5433	     1.2985	1.829e+00	6.176e-02	   1.121	    96.850
  92	46	 8.5704	 1.2282	   1.5410	        1.5292	          0.0118	   1.5425	        1.5433	     1.2984	1.820e+00	6.198e-02	   1.099	    97.949
  93	47	 8.6168	 1.2271	   1.5410	        1.5292	          0.0118	   1.5424	        1.5433	     1.2984	1.835e+00	6.173e-02	   1.056	    99.005
  94	47	 8.5807	 1.2264	   1.5409	        1.5292	          0.0117	   1.5424	        1.5433	     1.2980	1.858e+00	6.160e-02	   1.036	   100.042
  95	48	 8.6077	 1.2261	   1.5409	        1.5292	          0.0117	   1.5424	        1.5433	     1.2979	1.877e+00	6.152e-02	   1.050	   101.092
  96	48	 8.5955	 1.2248	   1.5408	        1.5292	          0.0116	   1.5423	        1.5433	     1.2976	1.890e+00	6.124e-02	   1.038	   102.130
  97	49	 8.6269	 1.2238	   1.5408	        1.5292	          0.0116	   1.5422	        1.5433	     1.2974	1.898e+00	6.102e-02	   1.043	   103.174
  98	49	 8.6101	 1.2232	   1.5408	        1.5292	          0.0115	   1.5422	        1.5433	     1.2972	1.922e+00	6.091e-02	   1.042	   104.216
  99	50	 8.6499	 1.2246	   1.5409	        1.5292	          0.0117	   1.5423	        1.5433	     1.2972	1.934e+00	6.121e-02	   1.036	   105.252
 100	50	 8.6229	 1.2218	   1.5407	        1.5292	          0.0115	   1.5421	        1.5433	     1.2968	1.952e+00	6.060e-02	   1.081	   106.333
 101	51	 8.6185	 1.2208	   1.5406	        1.5292	          0.0114	   1.5421	        1.5433	     1.2967	1.988e+00	6.037e-02	   1.173	   107.506
 102	51	 8.6423	 1.2205	   1.5407	        1.5292	          0.0114	   1.5420	        1.5433	     1.2965	1.970e+00	6.033e-02	   1.100	   108.606
 103	52	 8.5904	 1.2190	   1.5405	        1.5292	          0.0112	   1.5420	        1.5433	     1.2962	1.991e+00	5.998e-02	   1.037	   109.644
 104	52	 8.6658	 1.2194	   1.5406	        1.5292	          0.0114	   1.5420	        1.5433	     1.2962	1.997e+00	6.008e-02	   1.038	   110.682
 105	53	 8.6385	 1.2190	   1.5406	        1.5292	          0.0113	   1.5420	        1.5433	     1.2960	2.036e+00	5.999e-02	   1.050	   111.732
 106	53	 8.6823	 1.2183	   1.5406	        1.5292	          0.0113	   1.5419	        1.5433	     1.2959	2.021e+00	5.985e-02	   1.035	   112.768
 107	54	 8.6313	 1.2177	   1.5405	        1.5292	          0.0112	   1.5419	        1.5433	     1.2957	2.058e+00	5.970e-02	   1.048	   113.816
 108	54	 8.6999	 1.2174	   1.5406	        1.5292	          0.0113	   1.5419	        1.5433	     1.2957	2.046e+00	5.964e-02	   1.039	   114.855
 109	55	 8.7247	 1.2174	   1.5406	        1.5292	          0.0114	   1.5419	        1.5433	     1.2957	2.062e+00	5.965e-02	   1.036	   115.894
 110	55	 8.7062	 1.2165	   1.5405	        1.5292	          0.0113	   1.5418	        1.5433	     1.2954	2.082e+00	5.943e-02	   1.047	   116.941
 111	56	 8.7133	 1.2165	   1.5405	        1.5292	          0.0113	   1.5418	        1.5433	     1.2953	2.106e+00	5.945e-02	   1.117	   118.059
 112	56	 8.7158	 1.2156	   1.5405	        1.5292	          0.0112	   1.5418	        1.5433	     1.2951	2.108e+00	5.925e-02	   1.098	   119.157
 113	57	 8.6863	 1.2147	   1.5404	        1.5292	          0.0111	   1.5417	        1.5433	     1.2949	2.138e+00	5.905e-02	   1.033	   120.190
 114	57	 8.7305	 1.2148	   1.5405	        1.5292	          0.0112	   1.5418	        1.5433	     1.2948	2.127e+00	5.907e-02	   1.043	   121.233
 115	58	 8.7295	 1.2138	   1.5404	        1.5292	          0.0111	   1.5417	        1.5433	     1.2946	2.128e+00	5.883e-02	   1.043	   122.276
 116	58	 8.7409	 1.2141	   1.5404	        1.5292	          0.0112	   1.5417	        1.5433	     1.2946	2.161e+00	5.891e-02	   1.086	   123.362
 117	59	 8.7300	 1.2126	   1.5403	        1.5292	          0.0111	   1.5416	        1.5433	     1.2944	2.191e+00	5.858e-02	   1.073	   124.435
 118	59	 8.7534	 1.2134	   1.5404	        1.5292	          0.0112	   1.5417	        1.5433	     1.2944	2.178e+00	5.876e-02	   1.042	   125.477
 119	60	 8.7441	 1.2137	   1.5404	        1.5292	          0.0112	   1.5417	        1.5433	     1.2942	2.198e+00	5.882e-02	   1.034	   126.511
 120	60	 8.7639	 1.2127	   1.5404	        1.5292	          0.0111	   1.5416	        1.5433	     1.2941	2.201e+00	5.861e-02	   1.068	   127.580
 121	61	 8.7609	 1.2114	   1.5403	        1.5292	          0.0111	   1.5416	        1.5433	     1.2939	2.220e+00	5.830e-02	   1.170	   128.750
 122	61	 8.7734	 1.2121	   1.5404	        1.5292	          0.0111	   1.5416	        1.5433	     1.2939	2.226e+00	5.847e-02	   1.117	   129.867
 123	62	 8.7436	 1.2093	   1.5402	        1.5292	          0.0109	   1.5415	        1.5433	     1.2936	2.270e+00	5.784e-02	   1.037	   130.904
 124	62	 8.7865	 1.2116	   1.5404	        1.5292	          0.0111	   1.5416	        1.5433	     1.2937	2.239e+00	5.836e-02	   1.038	   131.942
 125	63	 8.7611	 1.2113	   1.5403	        1.5292	          0.0111	   1.5416	        1.5433	     1.2936	2.260e+00	5.829e-02	   1.048	   132.990
 126	63	 8.7982	 1.2111	   1.5403	        1.5292	          0.0111	   1.5416	        1.5433	     1.2935	2.265e+00	5.824e-02	   1.038	   134.029
 127	64	 8.7926	 1.2091	   1.5402	        1.5292	          0.0110	   1.5415	        1.5433	     1.2933	2.277e+00	5.778e-02	   1.045	   135.074
 128	64	 8.8062	 1.2106	   1.5403	        1.5292	          0.0111	   1.5415	        1.5433	     1.2933	2.292e+00	5.812e-02	   1.042	   136.116
 129	65	 8.8021	 1.2093	   1.5402	        1.5292	          0.0110	   1.5415	        1.5433	     1.2932	2.314e+00	5.783e-02	   1.033	   137.149
 130	65	 8.8146	 1.2101	   1.5403	        1.5292	          0.0111	   1.5415	        1.5433	     1.2931	2.311e+00	5.801e-02	   1.067	   138.216
 131	66	 8.8227	 1.2093	   1.5403	        1.5292	          0.0110	   1.5415	        1.5433	     1.2929	2.328e+00	5.784e-02	   1.132	   139.349
 132	66	 8.8222	 1.2096	   1.5403	        1.5292	          0.0111	   1.5415	        1.5433	     1.2929	2.332e+00	5.790e-02	   1.095	   140.444
 133	67	 8.8157	 1.2106	   1.5403	        1.5292	          0.0111	   1.5415	        1.5433	     1.2928	2.365e+00	5.813e-02	   1.039	   141.483
 134	67	 8.8318	 1.2092	   1.5403	        1.5292	          0.0110	   1.5415	        1.5433	     1.2927	2.348e+00	5.780e-02	   1.038	   142.521
 135	68	 8.8060	 1.2104	   1.5403	        1.5292	          0.0111	   1.5415	        1.5433	     1.2926	2.366e+00	5.808e-02	   1.048	   143.569
 136	68	 8.8430	 1.2087	   1.5403	        1.5292	          0.0110	   1.5414	        1.5433	     1.2925	2.369e+00	5.770e-02	   1.036	   144.605
 137	69	 8.8203	 1.2073	   1.5402	        1.5292	          0.0109	   1.5414	        1.5433	     1.2923	2.413e+00	5.739e-02	   1.046	   145.652
 138	69	 8.8528	 1.2084	   1.5403	        1.5292	          0.0110	   1.5414	        1.5433	     1.2923	2.382e+00	5.762e-02	   1.039	   146.691
 139	70	 8.8560	 1.2091	   1.5403	        1.5292	          0.0111	   1.5415	        1.5433	     1.2923	2.397e+00	5.779e-02	   1.038	   147.729
 140	70	 8.8592	 1.2080	   1.5403	        1.5292	          0.0110	   1.5414	        1.5433	     1.2922	2.408e+00	5.753e-02	   1.064	   148.794
 141	71	 8.8891	 1.2055	   1.5402	        1.5292	          0.0109	   1.5413	        1.5433	     1.2921	2.419e+00	5.696e-02	   1.158	   149.952
 142	71	 8.8635	 1.2076	   1.5403	        1.5292	          0.0110	   1.5414	        1.5433	     1.2920	2.431e+00	5.746e-02	   1.125	   151.077
 143	72	 8.8665	 1.2084	   1.5403	        1.5292	          0.0111	   1.5414	        1.5433	     1.2919	2.444e+00	5.763e-02	   1.043	   152.120
 144	72	 8.8712	 1.2073	   1.5402	        1.5292	          0.0110	   1.5414	        1.5433	     1.2918	2.450e+00	5.738e-02	   1.031	   153.157
 145	73	 8.8241	 1.2058	   1.5401	        1.5292	          0.0108	   1.5413	        1.5433	     1.2915	2.457e+00	5.704e-02	   1.051	   154.208
 146	73	 8.8838	 1.2070	   1.5403	        1.5292	          0.0110	   1.5414	        1.5433	     1.2917	2.468e+00	5.731e-02	   1.038	   155.246
 147	74	 8.8845	 1.2080	   1.5403	        1.5292	          0.0111	   1.5414	        1.5433	     1.2916	2.472e+00	5.754e-02	   1.045	   156.292
 148	74	 8.8912	 1.2067	   1.5402	        1.5292	          0.0110	   1.5414	        1.5433	     1.2915	2.488e+00	5.724e-02	   1.041	   157.333
 149	75	 8.8627	 1.2051	   1.5401	        1.5292	          0.0109	   1.5413	        1.5433	     1.2913	2.511e+00	5.689e-02	   1.033	   158.366
 150	75	 8.9010	 1.2064	   1.5402	        1.5292	          0.0110	   1.5413	        1.5433	     1.2914	2.500e+00	5.717e-02	   1.068	   159.435
 151	76	 8.9276	 1.2053	   1.5402	        1.5292	          0.0110	   1.5413	        1.5433	     1.2913	2.495e+00	5.693e-02	   1.097	   160.535
 152	76	 8.9051	 1.2061	   1.5402	        1.5292	          0.0110	   1.5413	        1.5433	     1.2912	2.526e+00	5.711e-02	   1.103	   161.639
 153	77	 8.9161	 1.2072	   1.5403	        1.5292	          0.0111	   1.5414	        1.5433	     1.2912	2.539e+00	5.736e-02	   1.101	   162.740
 154	77	 8.9117	 1.2058	   1.5402	        1.5292	          0.0110	   1.5413	        1.5433	     1.2910	2.541e+00	5.704e-02	   1.146	   163.886
 155	78	 8.9160	 1.2068	   1.5403	        1.5292	          0.0110	   1.5414	        1.5433	     1.2910	2.562e+00	5.727e-02	   1.113	   165.000
 156	78	 8.9191	 1.2055	   1.5402	        1.5292	          0.0110	   1.5413	        1.5433	     1.2909	2.553e+00	5.698e-02	   1.068	   166.068
 157	79	 8.9065	 1.2056	   1.5402	        1.5292	          0.0110	   1.5413	        1.5433	     1.2908	2.559e+00	5.698e-02	   1.045	   167.114
 158	79	 8.9282	 1.2053	   1.5402	        1.5292	          0.0110	   1.5413	        1.5433	     1.2908	2.571e+00	5.692e-02	   1.041	   168.154
 159	80	 8.9406	 1.2053	   1.5402	        1.5292	          0.0110	   1.5413	        1.5433	     1.2907	2.578e+00	5.693e-02	   1.033	   169.187
 160	80	 8.9344	 1.2050	   1.5402	        1.5292	          0.0110	   1.5413	        1.5433	     1.2906	2.590e+00	5.686e-02	   1.062	   170.249
 161	81	 8.9187	 1.2045	   1.5402	        1.5292	          0.0109	   1.5412	        1.5433	     1.2905	2.594e+00	5.674e-02	   1.135	   171.384
 162	81	 8.9433	 1.2048	   1.5402	        1.5292	          0.0110	   1.5413	        1.5433	     1.2905	2.606e+00	5.681e-02	   1.147	   172.531
 163	82	 8.9826	 1.2051	   1.5403	        1.5292	          0.0111	   1.5413	        1.5433	     1.2905	2.601e+00	5.686e-02	   1.052	   173.583
 164	82	 8.9469	 1.2046	   1.5402	        1.5292	          0.0110	   1.5413	        1.5433	     1.2903	2.627e+00	5.676e-02	   1.038	   174.621
 165	83	 8.9713	 1.2059	   1.5403	        1.5292	          0.0111	   1.5413	        1.5433	     1.2904	2.631e+00	5.707e-02	   1.052	   175.673
 166	83	 8.9527	 1.2044	   1.5402	        1.5292	          0.0110	   1.5412	        1.5433	     1.2902	2.642e+00	5.670e-02	   1.033	   176.707
 167	84	 8.9581	 1.2056	   1.5403	        1.5292	          0.0110	   1.5413	        1.5433	     1.2902	2.627e+00	5.698e-02	   1.047	   177.754
 168	84	 8.9598	 1.2041	   1.5402	        1.5292	          0.0110	   1.5412	        1.5433	     1.2901	2.661e+00	5.665e-02	   1.039	   178.793
 169	85	 8.9327	 1.2051	   1.5402	        1.5292	          0.0110	   1.5413	        1.5433	     1.2900	2.707e+00	5.688e-02	   1.056	   179.849
 170	85	 8.9694	 1.2039	   1.5402	        1.5292	          0.0110	   1.5412	        1.5433	     1.2900	2.661e+00	5.660e-02	   1.089	   180.938
 171	86	 8.9836	 1.2026	   1.5402	        1.5292	          0.0109	   1.5412	        1.5433	     1.2899	2.678e+00	5.630e-02	   1.081	   182.019
 172	86	 8.9748	 1.2037	   1.5402	        1.5292	          0.0110	   1.5412	        1.5433	     1.2898	2.678e+00	5.656e-02	   1.102	   183.122
 173	87	 8.9863	 1.2040	   1.5402	        1.5292	          0.0110	   1.5412	        1.5433	     1.2898	2.662e+00	5.663e-02	   1.038	   184.163
 174	87	 8.9806	 1.2035	   1.5402	        1.5292	          0.0110	   1.5412	        1.5433	     1.2897	2.703e+00	5.651e-02	   1.037	   185.200
 175	88	 8.9991	 1.2045	   1.5403	        1.5292	          0.0110	   1.5413	        1.5433	     1.2897	2.687e+00	5.673e-02	   1.045	   186.246
 176	88	 8.9857	 1.2033	   1.5402	        1.5292	          0.0110	   1.5412	        1.5433	     1.2896	2.723e+00	5.647e-02	   1.042	   187.291
 177	89	 8.9871	 1.2042	   1.5403	        1.5292	          0.0110	   1.5412	        1.5433	     1.2896	2.721e+00	5.668e-02	   1.041	   188.333
 178	89	 8.9926	 1.2031	   1.5402	        1.5292	          0.0110	   1.5412	        1.5433	     1.2895	2.735e+00	5.642e-02	   1.041	   189.374
 179	90	 8.9670	 1.2033	   1.5402	        1.5292	          0.0109	   1.5412	        1.5433	     1.2893	2.747e+00	5.646e-02	   1.034	   190.408
 180	90	 9.0013	 1.2030	   1.5402	        1.5292	          0.0110	   1.5412	        1.5433	     1.2893	2.743e+00	5.638e-02	   1.053	   191.462
 181	91	 8.9969	 1.2036	   1.5402	        1.5292	          0.0110	   1.5412	        1.5433	     1.2893	2.750e+00	5.653e-02	   1.123	   192.585
 182	91	 9.0076	 1.2028	   1.5402	        1.5292	          0.0110	   1.5412	        1.5433	     1.2892	2.758e+00	5.634e-02	   1.154	   193.740
 183	92	 8.9949	 1.2036	   1.5402	        1.5292	          0.0110	   1.5412	        1.5433	     1.2892	2.770e+00	5.652e-02	   1.066	   194.806
 184	92	 9.0143	 1.2026	   1.5402	        1.5292	          0.0110	   1.5412	        1.5433	     1.2891	2.770e+00	5.630e-02	   1.032	   195.838
 185	93	 9.0224	 1.2040	   1.5403	        1.5292	          0.0111	   1.5412	        1.5433	     1.2891	2.800e+00	5.661e-02	   1.052	   196.890
 186	93	 9.0200	 1.2024	   1.5402	        1.5292	          0.0110	   1.5412	        1.5433	     1.2890	2.779e+00	5.626e-02	   1.038	   197.929
 187	94	 9.0312	 1.2021	   1.5402	        1.5292	          0.0110	   1.5411	        1.5433	     1.2890	2.774e+00	5.618e-02	   1.046	   198.975
 188	94	 9.0247	 1.2023	   1.5402	        1.5292	          0.0110	   1.5412	        1.5433	     1.2889	2.800e+00	5.623e-02	   1.038	   200.013
 189	95	 9.0353	 1.2020	   1.5402	        1.5292	          0.0110	   1.5411	        1.5433	     1.2889	2.822e+00	5.617e-02	   1.057	   201.070
 190	95	 9.0301	 1.2021	   1.5402	        1.5292	          0.0110	   1.5411	        1.5433	     1.2888	2.810e+00	5.619e-02	   1.067	   202.137
 191	96	 9.0688	 1.2017	   1.5402	        1.5292	          0.0110	   1.5411	        1.5433	     1.2889	2.817e+00	5.609e-02	   1.064	   203.201
 192	96	 9.0325	 1.2020	   1.5402	        1.5292	          0.0110	   1.5411	        1.5433	     1.2887	2.826e+00	5.616e-02	   1.116	   204.317
 193	97	 9.0367	 1.2007	   1.5401	        1.5292	          0.0109	   1.5411	        1.5433	     1.2886	2.840e+00	5.585e-02	   1.100	   205.418
 194	97	 9.0386	 1.2019	   1.5402	        1.5292	          0.0110	   1.5411	        1.5433	     1.2886	2.838e+00	5.613e-02	   1.043	   206.461
 195	98	 9.0380	 1.2013	   1.5402	        1.5292	          0.0109	   1.5411	        1.5433	     1.2885	2.808e+00	5.598e-02	   1.049	   207.510
 196	98	 9.0451	 1.2017	   1.5402	        1.5292	          0.0110	   1.5411	        1.5433	     1.2885	2.862e+00	5.610e-02	   1.039	   208.549
 197	99	 9.0691	 1.2024	   1.5403	        1.5292	          0.0110	   1.5412	        1.5433	     1.2885	2.877e+00	5.625e-02	   1.046	   209.595
 198	99	 9.0497	 1.2016	   1.5402	        1.5292	          0.0110	   1.5411	        1.5433	     1.2884	2.868e+00	5.607e-02	   1.017	   210.612
 199	100	 9.0463	 1.2021	   1.5402	        1.5292	          0.0110	   1.5412	        1.5433	     1.2883	2.889e+00	5.618e-02	   0.941	   211.553
 200	100	 9.0562	 1.2015	   1.5402	        1.5292	          0.0110	   1.5411	        1.5433	     1.2883	2.876e+00	5.603e-02	   0.921	   212.475
 201	101	 9.0665	 1.2019	   1.5403	        1.5292	          0.0110	   1.5411	        1.5433	     1.2883	2.892e+00	5.613e-02	   0.973	   213.448
 202	101	 9.0615	 1.2013	   1.5402	        1.5292	          0.0110	   1.5411	        1.5433	     1.2882	2.888e+00	5.600e-02	   0.917	   214.366
 203	102	 9.0828	 1.2011	   1.5402	        1.5292	          0.0110	   1.5411	        1.5433	     1.2882	2.902e+00	5.594e-02	   0.865	   215.231
 204	102	 9.0660	 1.2012	   1.5402	        1.5292	          0.0110	   1.5411	        1.5433	     1.2881	2.902e+00	5.597e-02	   0.840	   216.071
 205	103	 9.0705	 1.2006	   1.5402	        1.5292	          0.0109	   1.5411	        1.5433	     1.2880	2.928e+00	5.583e-02	   0.838	   216.910
 206	103	 9.0720	 1.2011	   1.5402	        1.5292	          0.0110	   1.5411	        1.5433	     1.2880	2.911e+00	5.594e-02	   0.848	   217.759
 207	104	 9.0578	 1.2008	   1.5402	        1.5292	          0.0109	   1.5411	        1.5433	     1.2879	2.919e+00	5.587e-02	   0.821	   218.580
 208	104	 9.0789	 1.2009	   1.5402	        1.5292	          0.0110	   1.5411	        1.5433	     1.2879	2.925e+00	5.591e-02	   0.850	   219.431
 209	105	 9.0585	 1.1995	   1.5401	        1.5292	          0.0109	   1.5410	        1.5433	     1.2877	2.941e+00	5.558e-02	   0.842	   220.273
 210	105	 9.0859	 1.2008	   1.5402	        1.5292	          0.0110	   1.5411	        1.5433	     1.2878	2.937e+00	5.589e-02	   0.822	   221.095
 211	106	 9.0618	 1.2001	   1.5401	        1.5292	          0.0109	   1.5411	        1.5433	     1.2876	2.939e+00	5.572e-02	   0.800	   221.896
 212	106	 9.0931	 1.2007	   1.5402	        1.5292	          0.0110	   1.5411	        1.5433	     1.2877	2.952e+00	5.587e-02	   0.868	   222.764
 213	107	 9.1029	 1.2003	   1.5402	        1.5292	          0.0110	   1.5411	        1.5433	     1.2877	2.954e+00	5.577e-02	   0.802	   223.567
 214	107	 9.0973	 1.2006	   1.5402	        1.5292	          0.0110	   1.5411	        1.5433	     1.2876	2.967e+00	5.584e-02	   0.798	   224.365
 215	108	 9.0910	 1.2017	   1.5403	        1.5292	          0.0110	   1.5411	        1.5433	     1.2876	2.978e+00	5.610e-02	   0.801	   225.166
 216	108	 9.1026	 1.2005	   1.5402	        1.5292	          0.0110	   1.5411	        1.5433	     1.2875	2.978e+00	5.581e-02	   0.801	   225.968
 217	109	 9.1191	 1.2003	   1.5402	        1.5292	          0.0110	   1.5411	        1.5433	     1.2876	2.986e+00	5.575e-02	   0.803	   226.770
 218	109	 9.1064	 1.2004	   1.5402	        1.5292	          0.0110	   1.5411	        1.5433	     1.2874	2.990e+00	5.579e-02	   0.799	   227.569
 219	110	 9.1064	 1.2006	   1.5402	        1.5292	          0.0110	   1.5411	        1.5433	     1.2874	3.004e+00	5.583e-02	   0.797	   228.366
 220	110	 9.1118	 1.2003	   1.5402	        1.5292	          0.0110	   1.5411	        1.5433	     1.2874	3.001e+00	5.576e-02	   0.839	   229.205
 221	111	 9.1127	 1.2009	   1.5403	        1.5292	          0.0110	   1.5411	        1.5433	     1.2874	3.022e+00	5.589e-02	   0.851	   230.056
 222	111	 9.1165	 1.2002	   1.5402	        1.5292	          0.0110	   1.5411	        1.5433	     1.2873	3.010e+00	5.574e-02	   0.903	   230.960
 223	112	 9.0951	 1.1994	   1.5402	        1.5292	          0.0109	   1.5410	        1.5433	     1.2871	3.029e+00	5.555e-02	   0.829	   231.789
 224	112	 9.1226	 1.2001	   1.5402	        1.5292	          0.0110	   1.5411	        1.5433	     1.2872	3.020e+00	5.572e-02	   0.799	   232.589
 225	113	 9.1273	 1.1997	   1.5402	        1.5292	          0.0110	   1.5411	        1.5433	     1.2872	3.048e+00	5.563e-02	   0.801	   233.390
 226	113	 9.1270	 1.2000	   1.5402	        1.5292	          0.0110	   1.5411	        1.5433	     1.2871	3.030e+00	5.569e-02	   0.801	   234.191
 227	114	 9.1240	 1.2006	   1.5403	        1.5292	          0.0110	   1.5411	        1.5433	     1.2871	3.041e+00	5.583e-02	   0.831	   235.022
 228	114	 9.1320	 1.1999	   1.5402	        1.5292	          0.0110	   1.5411	        1.5433	     1.2870	3.044e+00	5.567e-02	   0.808	   235.830
 229	115	 9.1429	 1.2005	   1.5403	        1.5292	          0.0111	   1.5411	        1.5433	     1.2870	3.058e+00	5.580e-02	   0.826	   236.657
 230	115	 9.1361	 1.1998	   1.5402	        1.5292	          0.0110	   1.5411	        1.5433	     1.2869	3.056e+00	5.564e-02	   0.890	   237.547
 231	116	 9.1310	 1.1997	   1.5402	        1.5292	          0.0110	   1.5411	        1.5433	     1.2869	3.073e+00	5.562e-02	   0.913	   238.461
 232	116	 9.1410	 1.1997	   1.5403	        1.5292	          0.0110	   1.5411	        1.5433	     1.2869	3.067e+00	5.562e-02	   0.891	   239.352
 233	117	 9.1388	 1.2000	   1.5403	        1.5292	          0.0110	   1.5411	        1.5433	     1.2868	3.076e+00	5.570e-02	   0.812	   240.165
 234	117	 9.1460	 1.1996	   1.5403	        1.5292	          0.0110	   1.5410	        1.5433	     1.2868	3.080e+00	5.560e-02	   0.797	   240.962
 235	118	 9.1471	 1.1998	   1.5403	        1.5292	          0.0110	   1.5411	        1.5433	     1.2867	3.092e+00	5.565e-02	   0.803	   241.765
 236	118	 9.1505	 1.1995	   1.5403	        1.5292	          0.0110	   1.5410	        1.5433	     1.2867	3.091e+00	5.557e-02	   0.796	   242.562
 237	119	 9.1422	 1.1998	   1.5403	        1.5292	          0.0110	   1.5411	        1.5433	     1.2866	3.101e+00	5.565e-02	   0.803	   243.365
 238	119	 9.1556	 1.1994	   1.5403	        1.5292	          0.0110	   1.5410	        1.5433	     1.2866	3.102e+00	5.555e-02	   0.802	   244.167
 239	120	 9.1515	 1.1991	   1.5402	        1.5292	          0.0110	   1.5410	        1.5433	     1.2865	3.101e+00	5.549e-02	   0.798	   244.966
 240	120	 9.1602	 1.1993	   1.5403	        1.5292	          0.0110	   1.5410	        1.5433	     1.2865	3.117e+00	5.553e-02	   0.831	   245.798
 241	121	 9.1616	 1.1997	   1.5403	        1.5292	          0.0110	   1.5411	        1.5433	     1.2865	3.116e+00	5.561e-02	   0.839	   246.637
 242	121	 9.1646	 1.1992	   1.5403	        1.5292	          0.0110	   1.5410	        1.5433	     1.2865	3.129e+00	5.551e-02	   0.894	   247.532
 243	122	 9.1352	 1.1997	   1.5402	        1.5292	          0.0110	   1.5411	        1.5433	     1.2864	3.152e+00	5.563e-02	   0.857	   248.389
 244	122	 9.1705	 1.1991	   1.5403	        1.5292	          0.0110	   1.5410	        1.5433	     1.2864	3.135e+00	5.549e-02	   0.796	   249.186
 245	123	 9.1746	 1.2008	   1.5404	        1.5292	          0.0111	   1.5411	        1.5433	     1.2864	3.141e+00	5.587e-02	   0.804	   249.990
 246	123	 9.1746	 1.1990	   1.5403	        1.5292	          0.0110	   1.5410	        1.5433	     1.2863	3.146e+00	5.547e-02	   0.826	   250.816
 247	124	 9.1636	 1.1983	   1.5402	        1.5292	          0.0110	   1.5410	        1.5433	     1.2862	3.160e+00	5.529e-02	   0.840	   251.657
 248	124	 9.1791	 1.1990	   1.5403	        1.5292	          0.0110	   1.5410	        1.5433	     1.2862	3.156e+00	5.545e-02	   0.806	   252.463
 249	125	 9.1737	 1.1998	   1.5403	        1.5292	          0.0111	   1.5411	        1.5433	     1.2862	3.177e+00	5.564e-02	   0.799	   253.262
 250	125	 9.1835	 1.1989	   1.5403	        1.5292	          0.0110	   1.5410	        1.5433	     1.2862	3.164e+00	5.543e-02	   0.803	   254.066
 251	126	 9.1812	 1.1982	   1.5402	        1.5292	          0.0110	   1.5410	        1.5433	     1.2861	3.159e+00	5.528e-02	   0.815	   254.881
 252	126	 9.1875	 1.1988	   1.5403	        1.5292	          0.0110	   1.5410	        1.5433	     1.2861	3.180e+00	5.541e-02	   0.854	   255.735
 253	127	 9.1971	 1.1978	   1.5402	        1.5292	          0.0110	   1.5410	        1.5433	     1.2860	3.195e+00	5.518e-02	   0.818	   256.553
 254	127	 9.1912	 1.1987	   1.5403	        1.5292	          0.0110	   1.5410	        1.5433	     1.2860	3.188e+00	5.539e-02	   0.799	   257.352
 255	128	 9.1868	 1.1987	   1.5403	        1.5292	          0.0110	   1.5410	        1.5433	     1.2860	3.189e+00	5.538e-02	   0.824	   258.176
 256	128	 9.1954	 1.1986	   1.5403	        1.5292	          0.0110	   1.5410	        1.5433	     1.2859	3.200e+00	5.537e-02	   0.802	   258.978
 257	129	 9.1976	 1.1979	   1.5402	        1.5292	          0.0110	   1.5410	        1.5433	     1.2859	3.210e+00	5.521e-02	   0.804	   259.782
 258	129	 9.1994	 1.1986	   1.5403	        1.5292	          0.0110	   1.5410	        1.5433	     1.2859	3.209e+00	5.536e-02	   0.803	   260.585
 259	130	 9.1918	 1.1983	   1.5403	        1.5292	          0.0110	   1.5410	        1.5433	     1.2858	3.206e+00	5.530e-02	   0.794	   261.379
 260	130	 9.2039	 1.1985	   1.5403	        1.5292	          0.0110	   1.5410	        1.5433	     1.2858	3.222e+00	5.534e-02	   0.826	   262.205
 261	131	 9.1944	 1.1988	   1.5403	        1.5292	          0.0110	   1.5410	        1.5433	     1.2857	3.221e+00	5.542e-02	   0.836	   263.042
 262	131	 9.2087	 1.1984	   1.5403	        1.5292	          0.0110	   1.5410	        1.5433	     1.2857	3.232e+00	5.532e-02	   0.902	   263.943
 263	132	 9.2196	 1.1977	   1.5403	        1.5292	          0.0110	   1.5410	        1.5433	     1.2857	3.235e+00	5.516e-02	   0.862	   264.806
 264	132	 9.2118	 1.1983	   1.5403	        1.5292	          0.0110	   1.5410	        1.5433	     1.2857	3.242e+00	5.530e-02	   0.795	   265.601
 265	133	 9.2253	 1.1980	   1.5403	        1.5292	          0.0110	   1.5410	        1.5433	     1.2857	3.257e+00	5.522e-02	   0.802	   266.403
 266	133	 9.2149	 1.1983	   1.5403	        1.5292	          0.0110	   1.5410	        1.5433	     1.2856	3.250e+00	5.529e-02	   0.834	   267.238
 267	134	 9.1899	 1.1977	   1.5402	        1.5292	          0.0110	   1.5410	        1.5433	     1.2855	3.279e+00	5.516e-02	   0.808	   268.046
 268	134	 9.2203	 1.1982	   1.5403	        1.5292	          0.0111	   1.5410	        1.5433	     1.2855	3.254e+00	5.527e-02	   0.799	   268.845
 269	135	 9.2078	 1.1985	   1.5403	        1.5292	          0.0110	   1.5410	        1.5433	     1.2855	3.264e+00	5.535e-02	   0.827	   269.673
 270	135	 9.2247	 1.1981	   1.5403	        1.5292	          0.0111	   1.5410	        1.5433	     1.2855	3.266e+00	5.526e-02	   0.842	   270.515
 271	136	 9.2340	 1.1982	   1.5403	        1.5292	          0.0111	   1.5410	        1.5433	     1.2854	3.262e+00	5.527e-02	   0.822	   271.337
 272	136	 9.2282	 1.1981	   1.5403	        1.5292	          0.0111	   1.5410	        1.5433	     1.2854	3.280e+00	5.524e-02	   0.849	   272.186
 273	137	 9.2292	 1.1989	   1.5404	        1.5292	          0.0111	   1.5410	        1.5433	     1.2854	3.266e+00	5.544e-02	   0.821	   273.008
 274	137	 9.2319	 1.1980	   1.5403	        1.5292	          0.0111	   1.5410	        1.5433	     1.2853	3.294e+00	5.522e-02	   0.795	   273.803
 275	138	 9.2456	 1.1987	   1.5404	        1.5292	          0.0111	   1.5410	        1.5433	     1.2854	3.278e+00	5.538e-02	   0.803	   274.607
 276	138	 9.2349	 1.1979	   1.5403	        1.5292	          0.0111	   1.5410	        1.5433	     1.2853	3.306e+00	5.520e-02	   0.798	   275.405
 277	139	 9.2370	 1.1978	   1.5403	        1.5292	          0.0111	   1.5410	        1.5433	     1.2852	3.324e+00	5.518e-02	   0.807	   276.212
 278	139	 9.2385	 1.1979	   1.5403	        1.5292	          0.0111	   1.5410	        1.5433	     1.2852	3.310e+00	5.519e-02	   0.799	   277.011
 279	140	 9.2287	 1.1976	   1.5403	        1.5292	          0.0110	   1.5410	        1.5433	     1.2851	3.328e+00	5.513e-02	   0.797	   277.809
 280	140	 9.2428	 1.1978	   1.5403	        1.5292	          0.0111	   1.5410	        1.5433	     1.2851	3.315e+00	5.517e-02	   0.821	   278.630
 281	141	 9.2365	 1.1974	   1.5403	        1.5292	          0.0110	   1.5410	        1.5433	     1.2851	3.338e+00	5.509e-02	   0.834	   279.464
 282	141	 9.2469	 1.1977	   1.5403	        1.5292	          0.0111	   1.5410	        1.5433	     1.2851	3.322e+00	5.515e-02	   0.898	   280.362
 283	142	 9.2406	 1.1978	   1.5403	        1.5292	          0.0111	   1.5410	        1.5433	     1.2850	3.338e+00	5.517e-02	   0.867	   281.230
 284	142	 9.2509	 1.1976	   1.5403	        1.5292	          0.0111	   1.5410	        1.5433	     1.2850	3.331e+00	5.514e-02	   0.801	   282.031
 285	143	 9.2436	 1.1975	   1.5403	        1.5292	          0.0110	   1.5410	        1.5433	     1.2849	3.336e+00	5.510e-02	   0.836	   282.868
 286	143	 9.2552	 1.1976	   1.5403	        1.5292	          0.0111	   1.5410	        1.5433	     1.2849	3.343e+00	5.512e-02	   0.833	   283.701
 287	144	 9.2436	 1.1972	   1.5403	        1.5292	          0.0110	   1.5410	        1.5433	     1.2849	3.352e+00	5.503e-02	   0.802	   284.503
 288	144	 9.2593	 1.1975	   1.5403	        1.5292	          0.0111	   1.5410	        1.5433	     1.2849	3.352e+00	5.511e-02	   0.803	   285.306
 289	145	 9.2426	 1.1969	   1.5403	        1.5292	          0.0110	   1.5409	        1.5433	     1.2848	3.377e+00	5.497e-02	   0.796	   286.103
 290	145	 9.2638	 1.1975	   1.5403	        1.5292	          0.0111	   1.5410	        1.5433	     1.2848	3.358e+00	5.509e-02	   0.803	   286.906
 291	146	 9.2661	 1.1981	   1.5404	        1.5292	          0.0111	   1.5410	        1.5433	     1.2848	3.362e+00	5.524e-02	   0.818	   287.725
 292	146	 9.2671	 1.1974	   1.5403	        1.5292	          0.0111	   1.5410	        1.5433	     1.2848	3.370e+00	5.508e-02	   0.839	   288.563
 293	147	 9.2781	 1.1981	   1.5404	        1.5292	          0.0111	   1.5410	        1.5433	     1.2848	3.370e+00	5.523e-02	   0.835	   289.399
 294	147	 9.2701	 1.1973	   1.5403	        1.5292	          0.0111	   1.5410	        1.5433	     1.2847	3.382e+00	5.506e-02	   0.798	   290.197
 295	148	 9.2726	 1.1965	   1.5403	        1.5292	          0.0110	   1.5409	        1.5433	     1.2846	3.402e+00	5.488e-02	   0.801	   290.998
 296	148	 9.2734	 1.1973	   1.5403	        1.5292	          0.0111	   1.5410	        1.5433	     1.2846	3.388e+00	5.505e-02	   0.796	   291.794
 297	149	 9.2985	 1.1965	   1.5403	        1.5292	          0.0111	   1.5409	        1.5433	     1.2847	3.388e+00	5.487e-02	   0.802	   292.597
 298	149	 9.2756	 1.1972	   1.5403	        1.5292	          0.0111	   1.5410	        1.5433	     1.2846	3.400e+00	5.504e-02	   0.804	   293.401
 299	150	 9.2852	 1.1974	   1.5404	        1.5292	          0.0111	   1.5410	        1.5433	     1.2846	3.396e+00	5.508e-02	   0.794	   294.196
 300	150	 9.2789	 1.1972	   1.5403	        1.5292	          0.0111	   1.5410	        1.5433	     1.2845	3.411e+00	5.502e-02	   0.820	   295.016
 301	151	 9.2781	 1.1962	   1.5403	        1.5292	          0.0110	   1.5409	        1.5433	     1.2844	3.441e+00	5.479e-02	   0.825	   295.842
 302	151	 9.2826	 1.1971	   1.5403	        1.5292	          0.0111	   1.5410	        1.5433	     1.2845	3.413e+00	5.501e-02	   0.894	   296.736
 303	152	 9.2883	 1.1970	   1.5403	        1.5292	          0.0111	   1.5410	        1.5433	     1.2844	3.418e+00	5.499e-02	   0.877	   297.613
 304	152	 9.2861	 1.1970	   1.5403	        1.5292	          0.0111	   1.5410	        1.5433	     1.2844	3.424e+00	5.500e-02	   0.807	   298.421
 305	153	 9.2877	 1.1968	   1.5403	        1.5292	          0.0111	   1.5409	        1.5433	     1.2844	3.434e+00	5.494e-02	   0.889	   299.310
 306	153	 9.2896	 1.1970	   1.5403	        1.5292	          0.0111	   1.5410	        1.5433	     1.2843	3.433e+00	5.498e-02	   0.854	   300.164
 307	154	 9.2923	 1.1973	   1.5404	        1.5292	          0.0111	   1.5410	        1.5433	     1.2843	3.425e+00	5.505e-02	   0.891	   301.056
 308	154	 9.2931	 1.1969	   1.5403	        1.5292	          0.0111	   1.5410	        1.5433	     1.2843	3.445e+00	5.497e-02	   0.865	   301.921
 309	155	 9.2962	 1.1984	   1.5404	        1.5292	          0.0112	   1.5410	        1.5433	     1.2843	3.432e+00	5.531e-02	   0.812	   302.733
 310	155	 9.2965	 1.1969	   1.5403	        1.5292	          0.0111	   1.5410	        1.5433	     1.2842	3.457e+00	5.495e-02	   0.800	   303.533
 311	156	 9.3054	 1.1973	   1.5404	        1.5292	          0.0111	   1.5410	        1.5433	     1.2842	3.443e+00	5.506e-02	   0.820	   304.354
 312	156	 9.2997	 1.1968	   1.5403	        1.5292	          0.0111	   1.5410	        1.5433	     1.2842	3.468e+00	5.494e-02	   0.826	   305.179
 313	157	 9.2931	 1.1965	   1.5403	        1.5292	          0.0111	   1.5409	        1.5433	     1.2841	3.488e+00	5.486e-02	   0.849	   306.029
 314	157	 9.3035	 1.1967	   1.5404	        1.5292	          0.0111	   1.5409	        1.5433	     1.2841	3.470e+00	5.492e-02	   0.796	   306.824
 315	158	 9.3092	 1.1960	   1.5403	        1.5292	          0.0111	   1.5409	        1.5433	     1.2841	3.489e+00	5.475e-02	   0.799	   307.624
 316	158	 9.3067	 1.1967	   1.5404	        1.5292	          0.0111	   1.5409	        1.5433	     1.2841	3.476e+00	5.491e-02	   0.800	   308.424
 317	159	 9.2893	 1.1965	   1.5403	        1.5292	          0.0111	   1.5409	        1.5433	     1.2840	3.500e+00	5.487e-02	   0.805	   309.229
 318	159	 9.3111	 1.1966	   1.5404	        1.5292	          0.0111	   1.5409	        1.5433	     1.2840	3.480e+00	5.490e-02	   0.804	   310.033
 319	160	 9.3108	 1.1965	   1.5404	        1.5292	          0.0111	   1.5409	        1.5433	     1.2840	3.464e+00	5.488e-02	   0.793	   310.826
 320	160	 9.3144	 1.1966	   1.5404	        1.5292	          0.0111	   1.5409	        1.5433	     1.2839	3.496e+00	5.489e-02	   0.808	   311.635
 321	161	 9.3190	 1.1962	   1.5403	        1.5292	          0.0111	   1.5409	        1.5433	     1.2839	3.487e+00	5.478e-02	   0.833	   312.468
 322	161	 9.3175	 1.1965	   1.5404	        1.5292	          0.0111	   1.5409	        1.5433	     1.2839	3.507e+00	5.487e-02	   0.878	   313.346
 323	162	 9.3179	 1.1960	   1.5403	        1.5292	          0.0111	   1.5409	        1.5433	     1.2838	3.496e+00	5.476e-02	   0.893	   314.239
 324	162	 9.3209	 1.1965	   1.5404	        1.5292	          0.0111	   1.5409	        1.5433	     1.2838	3.517e+00	5.486e-02	   0.846	   315.085
 325	163	 9.3234	 1.1964	   1.5404	        1.5292	          0.0111	   1.5409	        1.5433	     1.2838	3.509e+00	5.484e-02	   0.835	   315.921
 326	163	 9.3240	 1.1964	   1.5404	        1.5292	          0.0111	   1.5409	        1.5433	     1.2838	3.526e+00	5.485e-02	   0.800	   316.721
 327	164	 9.3222	 1.1969	   1.5404	        1.5292	          0.0111	   1.5410	        1.5433	     1.2838	3.536e+00	5.495e-02	   0.799	   317.520
 328	164	 9.3275	 1.1964	   1.5404	        1.5292	          0.0111	   1.5409	        1.5433	     1.2837	3.530e+00	5.483e-02	   0.728	   318.249
 329	165	 9.3091	 1.1964	   1.5403	        1.5292	          0.0111	   1.5409	        1.5433	     1.2837	3.535e+00	5.485e-02	   0.699	   318.948
 330	165	 9.3315	 1.1963	   1.5404	        1.5292	          0.0111	   1.5409	        1.5433	     1.2837	3.537e+00	5.482e-02	   0.643	   319.592
 331	166	 9.3395	 1.1958	   1.5404	        1.5292	          0.0111	   1.5409	        1.5433	     1.2837	3.537e+00	5.471e-02	   0.639	   320.231
 332	166	 9.3343	 1.1963	   1.5404	        1.5292	          0.0111	   1.5409	        1.5433	     1.2836	3.546e+00	5.481e-02	   0.650	   320.882
 333	167	 9.3382	 1.1955	   1.5403	        1.5292	          0.0111	   1.5409	        1.5433	     1.2836	3.555e+00	5.464e-02	   0.679	   321.561
 334	167	 9.3374	 1.1962	   1.5404	        1.5292	          0.0111	   1.5409	        1.5433	     1.2836	3.552e+00	5.480e-02	   0.628	   322.189
 335	168	 9.3420	 1.1959	   1.5404	        1.5292	          0.0111	   1.5409	        1.5433	     1.2835	3.574e+00	5.473e-02	   0.621	   322.810
 336	168	 9.3405	 1.1962	   1.5404	        1.5292	          0.0111	   1.5409	        1.5433	     1.2835	3.557e+00	5.479e-02	   0.626	   323.436
 337	169	 9.3486	 1.1962	   1.5404	        1.5292	          0.0111	   1.5409	        1.5433	     1.2836	3.556e+00	5.479e-02	   0.623	   324.060
 338	169	 9.3432	 1.1961	   1.5404	        1.5292	          0.0111	   1.5409	        1.5433	     1.2835	3.568e+00	5.478e-02	   0.623	   324.683
 339	170	 9.3421	 1.1958	   1.5404	        1.5292	          0.0111	   1.5409	        1.5433	     1.2834	3.571e+00	5.469e-02	   0.628	   325.311
 340	170	 9.3464	 1.1961	   1.5404	        1.5292	          0.0111	   1.5409	        1.5433	     1.2834	3.576e+00	5.476e-02	   0.658	   325.970
 341	171	 9.3461	 1.1953	   1.5403	        1.5292	          0.0111	   1.5409	        1.5433	     1.2834	3.578e+00	5.458e-02	   0.643	   326.613
 342	171	 9.3497	 1.1960	   1.5404	        1.5292	          0.0111	   1.5409	        1.5433	     1.2834	3.585e+00	5.475e-02	   0.672	   327.285
 343	172	 9.3510	 1.1959	   1.5404	        1.5292	          0.0111	   1.5409	        1.5433	     1.2833	3.580e+00	5.473e-02	   0.761	   328.045
 344	172	 9.3528	 1.1960	   1.5404	        1.5292	          0.0111	   1.5409	        1.5433	     1.2833	3.594e+00	5.474e-02	   0.645	   328.690
 345	173	 9.3487	 1.1961	   1.5404	        1.5292	          0.0111	   1.5409	        1.5433	     1.2833	3.597e+00	5.477e-02	   0.620	   329.311
 346	173	 9.3562	 1.1959	   1.5404	        1.5292	          0.0111	   1.5409	        1.5433	     1.2833	3.601e+00	5.473e-02	   0.677	   329.988
 347	174	 9.3523	 1.1951	   1.5403	        1.5292	          0.0111	   1.5409	        1.5433	     1.2832	3.606e+00	5.453e-02	   0.643	   330.632
 348	174	 9.3595	 1.1959	   1.5404	        1.5292	          0.0111	   1.5409	        1.5433	     1.2832	3.609e+00	5.472e-02	   0.623	   331.255
 349	175	 9.3463	 1.1956	   1.5404	        1.5292	          0.0111	   1.5409	        1.5433	     1.2831	3.619e+00	5.466e-02	   0.628	   331.883
 350	175	 9.3630	 1.1958	   1.5404	        1.5292	          0.0112	   1.5409	        1.5433	     1.2832	3.614e+00	5.471e-02	   0.637	   332.520
 351	176	 9.3669	 1.1963	   1.5404	        1.5292	          0.0112	   1.5409	        1.5433	     1.2832	3.638e+00	5.483e-02	   0.632	   333.152
 352	176	 9.3660	 1.1958	   1.5404	        1.5292	          0.0112	   1.5409	        1.5433	     1.2831	3.618e+00	5.470e-02	   0.623	   333.776
 353	177	 9.3757	 1.1958	   1.5404	        1.5292	          0.0112	   1.5409	        1.5433	     1.2831	3.617e+00	5.469e-02	   0.688	   334.464
 354	177	 9.3685	 1.1957	   1.5404	        1.5292	          0.0112	   1.5409	        1.5433	     1.2831	3.630e+00	5.468e-02	   0.630	   335.094
 355	178	 9.3634	 1.1952	   1.5404	        1.5292	          0.0111	   1.5409	        1.5433	     1.2830	3.648e+00	5.455e-02	   0.620	   335.715
 356	178	 9.3716	 1.1957	   1.5404	        1.5292	          0.0112	   1.5409	        1.5433	     1.2830	3.635e+00	5.467e-02	   0.626	   336.341
 357	179	 9.3759	 1.1965	   1.5405	        1.5292	          0.0112	   1.5410	        1.5433	     1.2831	3.633e+00	5.487e-02	   0.623	   336.964
 358	179	 9.3745	 1.1956	   1.5404	        1.5292	          0.0112	   1.5409	        1.5433	     1.2830	3.645e+00	5.466e-02	   0.623	   337.587
 359	180	 9.3696	 1.1961	   1.5404	        1.5292	          0.0112	   1.5409	        1.5433	     1.2830	3.643e+00	5.478e-02	   0.628	   338.216
 360	180	 9.3777	 1.1956	   1.5404	        1.5292	          0.0112	   1.5409	        1.5433	     1.2829	3.654e+00	5.465e-02	   0.653	   338.869
 361	181	 9.3624	 1.1948	   1.5403	        1.5292	          0.0111	   1.5409	        1.5433	     1.2828	3.671e+00	5.446e-02	   0.648	   339.517
 362	181	 9.3813	 1.1955	   1.5404	        1.5292	          0.0112	   1.5409	        1.5433	     1.2829	3.658e+00	5.464e-02	   0.697	   340.215
 363	182	 9.3687	 1.1955	   1.5404	        1.5292	          0.0111	   1.5409	        1.5433	     1.2828	3.657e+00	5.463e-02	   0.759	   340.974
 364	182	 9.3847	 1.1955	   1.5404	        1.5292	          0.0112	   1.5409	        1.5433	     1.2828	3.668e+00	5.463e-02	   0.653	   341.627
 365	183	 9.3751	 1.1951	   1.5404	        1.5292	          0.0111	   1.5409	        1.5433	     1.2828	3.687e+00	5.452e-02	   0.620	   342.248
 366	183	 9.3879	 1.1955	   1.5404	        1.5292	          0.0112	   1.5409	        1.5433	     1.2828	3.673e+00	5.462e-02	   0.626	   342.874
 367	184	 9.3869	 1.1956	   1.5404	        1.5292	          0.0112	   1.5409	        1.5433	     1.2828	3.685e+00	5.464e-02	   0.623	   343.498
 368	184	 9.3907	 1.1954	   1.5404	        1.5292	          0.0112	   1.5409	        1.5433	     1.2827	3.680e+00	5.461e-02	   0.623	   344.120
 369	185	 9.3827	 1.1948	   1.5404	        1.5292	          0.0111	   1.5409	        1.5433	     1.2827	3.682e+00	5.446e-02	   0.628	   344.749
 370	185	 9.3937	 1.1954	   1.5404	        1.5292	          0.0112	   1.5409	        1.5433	     1.2827	3.689e+00	5.460e-02	   0.629	   345.378
 371	186	 9.3979	 1.1959	   1.5405	        1.5292	          0.0112	   1.5409	        1.5433	     1.2827	3.695e+00	5.473e-02	   0.640	   346.019
 372	186	 9.3963	 1.1953	   1.5404	        1.5292	          0.0112	   1.5409	        1.5433	     1.2827	3.697e+00	5.459e-02	   0.623	   346.642
 373	187	 9.3874	 1.1953	   1.5404	        1.5292	          0.0112	   1.5409	        1.5433	     1.2826	3.699e+00	5.457e-02	   0.682	   347.324
 374	187	 9.3994	 1.1953	   1.5404	        1.5292	          0.0112	   1.5409	        1.5433	     1.2826	3.705e+00	5.458e-02	   0.636	   347.960
 375	188	 9.3904	 1.1948	   1.5404	        1.5292	          0.0111	   1.5409	        1.5433	     1.2825	3.739e+00	5.447e-02	   0.620	   348.581
 376	188	 9.4024	 1.1952	   1.5404	        1.5292	          0.0112	   1.5409	        1.5433	     1.2826	3.706e+00	5.457e-02	   0.626	   349.207
 377	189	 9.4051	 1.1955	   1.5404	        1.5292	          0.0112	   1.5409	        1.5433	     1.2826	3.718e+00	5.462e-02	   0.623	   349.831
 378	189	 9.4051	 1.1952	   1.5404	        1.5292	          0.0112	   1.5409	        1.5433	     1.2825	3.715e+00	5.455e-02	   0.622	   350.453
 379	190	 9.4137	 1.1948	   1.5404	        1.5292	          0.0112	   1.5409	        1.5433	     1.2825	3.722e+00	5.446e-02	   0.628	   351.082
 380	190	 9.4075	 1.1951	   1.5404	        1.5292	          0.0112	   1.5409	        1.5433	     1.2825	3.723e+00	5.454e-02	   0.647	   351.729
 381	191	 9.4196	 1.1950	   1.5404	        1.5292	          0.0112	   1.5409	        1.5433	     1.2825	3.721e+00	5.451e-02	   0.677	   352.406
 382	191	 9.4098	 1.1951	   1.5404	        1.5292	          0.0112	   1.5409	        1.5433	     1.2824	3.734e+00	5.453e-02	   0.747	   353.152
 383	192	 9.4089	 1.1949	   1.5404	        1.5292	          0.0112	   1.5409	        1.5433	     1.2824	3.750e+00	5.450e-02	   0.775	   353.928
 384	192	 9.4127	 1.1951	   1.5404	        1.5292	          0.0112	   1.5409	        1.5433	     1.2824	3.738e+00	5.452e-02	   0.731	   354.659
 385	193	 9.4211	 1.1956	   1.5405	        1.5292	          0.0112	   1.5409	        1.5433	     1.2824	3.760e+00	5.464e-02	   0.653	   355.313
 386	193	 9.4151	 1.1950	   1.5404	        1.5292	          0.0112	   1.5409	        1.5433	     1.2823	3.743e+00	5.451e-02	   0.635	   355.948
 387	194	 9.4158	 1.1946	   1.5404	        1.5292	          0.0112	   1.5409	        1.5433	     1.2823	3.758e+00	5.441e-02	   0.623	   356.572
 388	194	 9.4177	 1.1950	   1.5404	        1.5292	          0.0112	   1.5409	        1.5433	     1.2823	3.750e+00	5.450e-02	   0.622	   357.194
 389	195	 9.4275	 1.1941	   1.5404	        1.5292	          0.0112	   1.5409	        1.5433	     1.2823	3.750e+00	5.429e-02	   0.628	   357.823
 390	195	 9.4201	 1.1949	   1.5404	        1.5292	          0.0112	   1.5409	        1.5433	     1.2822	3.760e+00	5.449e-02	   0.621	   358.443
 391	196	 9.4209	 1.1954	   1.5405	        1.5292	          0.0112	   1.5409	        1.5433	     1.2823	3.780e+00	5.461e-02	   0.648	   359.092
 392	196	 9.4228	 1.1949	   1.5404	        1.5292	          0.0112	   1.5409	        1.5433	     1.2822	3.765e+00	5.448e-02	   0.623	   359.716
 393	197	 9.4261	 1.1955	   1.5405	        1.5292	          0.0112	   1.5409	        1.5433	     1.2822	3.774e+00	5.463e-02	   0.673	   360.389
 394	197	 9.4255	 1.1948	   1.5404	        1.5292	          0.0112	   1.5409	        1.5433	     1.2822	3.773e+00	5.447e-02	   0.645	   361.034
 395	198	 9.4200	 1.1954	   1.5405	        1.5292	          0.0112	   1.5409	        1.5433	     1.2822	3.797e+00	5.461e-02	   0.621	   361.655
 396	198	 9.4285	 1.1948	   1.5404	        1.5292	          0.0112	   1.5409	        1.5433	     1.2821	3.777e+00	5.446e-02	   0.626	   362.281
 397	199	 9.4232	 1.1949	   1.5404	        1.5292	          0.0112	   1.5409	        1.5433	     1.2821	3.770e+00	5.449e-02	   0.623	   362.905
 398	199	 9.4315	 1.1948	   1.5404	        1.5292	          0.0112	   1.5409	        1.5433	     1.2821	3.789e+00	5.445e-02	   0.623	   363.528
 399	200	 9.4334	 1.1939	   1.5404	        1.5292	          0.0112	   1.5408	        1.5433	     1.2820	3.797e+00	5.424e-02	   0.628	   364.156
 400	200	 9.4341	 1.1947	   1.5405	        1.5292	          0.0112	   1.5409	        1.5433	     1.2820	3.796e+00	5.444e-02	   0.641	   364.798

[SCGD] Finished on device cuda -> σ_f² ≈ 9.4341, σ_ε² ≈ 1.1947
