[GPU 2][JOB 11] 'python cli.py scgd --n 1024 --lengthscale 0.5 --sigma-f2-true 4.0 --sigma-eps2-true 1.0 --n-epochs 2000000 --print-every 800 --device auto --kernel-mode rbf --a0 1e-3 --b0 0.1 --a-decay 0.3 --b-decay 0.2 --w-init-scale 0.1 --warm-start-w --num-features 128 --decay-start-epoch 0 --seed 0 --batch-size 128 --sigma-f2-init 2.5 --sigma-eps2-init 3.5 '
[CLI] Using torch default dtype torch.float64.

=== SCGD + ORF (TMLR Algorithm 2, sigma_f2-only) ===
iter	epoch	σ_f²	σ_ε²	real_nlml	real_nlml_true	real_nlml_abs_err	orf_nlml	orf_nlml_true	approx_nlml	|F~ - F|/|F|	∇σ_f²		∇σ_ε²		||grad||		||∇_w||	duration_s	wall_time_s
 800	100	 2.9147	 1.0496	   1.5047	        1.5062	          0.0014	   1.5085	        1.5086	     1.1802	2.957e-03	1.099e-03	1.764e-02	1.768e-02	1.825e+02	  14.365	   279.687
1600	200	 2.9875	 1.0474	   1.5048	        1.5062	          0.0014	   1.5084	        1.5086	     1.1794	2.467e-03	1.213e-03	1.690e-02	1.695e-02	3.357e+02	  15.872	   551.820
2400	300	 3.0292	 1.0464	   1.5048	        1.5062	          0.0013	   1.5084	        1.5086	     1.1792	1.916e-03	1.274e-03	1.654e-02	1.659e-02	4.166e+02	  10.778	   857.192
3200	400	 3.0615	 1.0451	   1.5048	        1.5062	          0.0013	   1.5084	        1.5086	     1.1790	1.785e-03	1.318e-03	1.607e-02	1.613e-02	4.331e+02	  16.469	  1148.966
4000	500	 3.0866	 1.0470	   1.5049	        1.5062	          0.0013	   1.5084	        1.5086	     1.1789	1.594e-03	1.355e-03	1.686e-02	1.692e-02	3.805e+02	  10.515	  1424.416
4800	600	 3.1080	 1.0337	   1.5047	        1.5062	          0.0014	   1.5083	        1.5086	     1.1788	1.410e-03	1.365e-03	1.148e-02	1.156e-02	2.276e+02	  11.342	  1702.432
5600	700	 3.1263	 1.0337	   1.5048	        1.5062	          0.0014	   1.5083	        1.5086	     1.1788	1.227e-03	1.389e-03	1.153e-02	1.161e-02	2.778e+02	  12.285	  1990.954
6400	800	 3.1446	 1.0360	   1.5048	        1.5062	          0.0013	   1.5083	        1.5086	     1.1788	1.630e-03	1.415e-03	1.248e-02	1.256e-02	3.777e+02	  15.771	  2287.790
7200	900	 3.1573	 1.0383	   1.5049	        1.5062	          0.0013	   1.5083	        1.5086	     1.1788	1.301e-03	1.434e-03	1.347e-02	1.355e-02	2.881e+02	  13.058	  2566.389
8000	1000	 3.1736	 1.0384	   1.5049	        1.5062	          0.0013	   1.5083	        1.5086	     1.1787	1.487e-03	1.454e-03	1.353e-02	1.360e-02	2.794e+02	  11.357	  2870.632
8800	1100	 3.1856	 1.0376	   1.5049	        1.5062	          0.0013	   1.5083	        1.5086	     1.1787	1.185e-03	1.467e-03	1.322e-02	1.330e-02	2.601e+02	  12.761	  3153.425
9600	1200	 3.1964	 1.0425	   1.5050	        1.5062	          0.0012	   1.5083	        1.5086	     1.1787	1.176e-03	1.487e-03	1.522e-02	1.530e-02	2.791e+02	  22.781	  3468.664
10400	1300	 3.2060	 1.0354	   1.5049	        1.5062	          0.0013	   1.5083	        1.5086	     1.1787	9.966e-04	1.489e-03	1.235e-02	1.244e-02	2.632e+02	  10.760	  3765.856
11200	1400	 3.2166	 1.0355	   1.5049	        1.5062	          0.0012	   1.5083	        1.5086	     1.1787	1.064e-03	1.501e-03	1.239e-02	1.248e-02	2.548e+02	  14.476	  4080.003
12000	1500	 3.2243	 1.0355	   1.5049	        1.5062	          0.0012	   1.5083	        1.5086	     1.1787	1.236e-03	1.510e-03	1.242e-02	1.251e-02	2.996e+02	  16.521	  4385.504
12800	1600	 3.2331	 1.0384	   1.5050	        1.5062	          0.0012	   1.5083	        1.5086	     1.1787	1.170e-03	1.523e-03	1.360e-02	1.369e-02	2.937e+02	  14.966	  4668.187
13600	1700	 3.2406	 1.0386	   1.5050	        1.5062	          0.0012	   1.5083	        1.5086	     1.1786	9.862e-04	1.532e-03	1.372e-02	1.380e-02	2.888e+02	  10.952	  4968.137
14400	1800	 3.2482	 1.0360	   1.5050	        1.5062	          0.0012	   1.5083	        1.5086	     1.1786	1.026e-03	1.537e-03	1.264e-02	1.273e-02	3.237e+02	   9.768	  5254.930
15200	1900	 3.2544	 1.0392	   1.5050	        1.5062	          0.0011	   1.5083	        1.5086	     1.1786	1.120e-03	1.548e-03	1.395e-02	1.404e-02	4.251e+02	  11.204	  5554.161
16000	2000	 3.2605	 1.0370	   1.5050	        1.5062	          0.0012	   1.5082	        1.5086	     1.1786	1.194e-03	1.552e-03	1.306e-02	1.315e-02	3.550e+02	  12.460	  5845.406
16800	2100	 3.2652	 1.0309	   1.5049	        1.5062	          0.0012	   1.5082	        1.5086	     1.1786	1.022e-03	1.549e-03	1.052e-02	1.064e-02	2.277e+02	  11.939	  6128.905
17600	2200	 3.2706	 1.0379	   1.5050	        1.5062	          0.0011	   1.5082	        1.5086	     1.1786	9.271e-04	1.564e-03	1.346e-02	1.355e-02	3.569e+02	  10.765	  6412.632
18400	2300	 3.2756	 1.0302	   1.5050	        1.5062	          0.0012	   1.5082	        1.5086	     1.1786	1.167e-03	1.559e-03	1.027e-02	1.038e-02	2.930e+02	   8.423	  6695.921
19200	2400	 3.2800	 1.0355	   1.5050	        1.5062	          0.0011	   1.5082	        1.5086	     1.1786	1.183e-03	1.571e-03	1.247e-02	1.257e-02	3.049e+02	  12.101	  6984.560
20000	2500	 3.2853	 1.0378	   1.5051	        1.5062	          0.0011	   1.5082	        1.5086	     1.1786	1.036e-03	1.579e-03	1.344e-02	1.353e-02	1.671e+02	  10.900	  7257.046
20800	2600	 3.2898	 1.0377	   1.5051	        1.5062	          0.0011	   1.5082	        1.5086	     1.1786	1.159e-03	1.584e-03	1.337e-02	1.347e-02	3.391e+02	  12.323	  7548.435
21600	2700	 3.2932	 1.0374	   1.5051	        1.5062	          0.0011	   1.5082	        1.5086	     1.1786	8.768e-04	1.587e-03	1.325e-02	1.335e-02	3.750e+02	  17.039	  7838.956
22400	2800	 3.2966	 1.0351	   1.5050	        1.5062	          0.0011	   1.5082	        1.5086	     1.1786	9.335e-04	1.588e-03	1.233e-02	1.244e-02	2.240e+02	   9.817	  8125.905
23200	2900	 3.3002	 1.0357	   1.5051	        1.5062	          0.0011	   1.5082	        1.5086	     1.1786	1.182e-03	1.592e-03	1.258e-02	1.268e-02	3.682e+02	  10.983	  8417.543
24000	3000	 3.3022	 1.0364	   1.5051	        1.5062	          0.0011	   1.5082	        1.5086	     1.1786	7.460e-04	1.595e-03	1.287e-02	1.297e-02	3.771e+02	   9.142	  8691.527
24800	3100	 3.3061	 1.0344	   1.5050	        1.5062	          0.0011	   1.5082	        1.5086	     1.1786	9.712e-04	1.597e-03	1.204e-02	1.214e-02	3.004e+02	  13.394	  8997.868
25600	3200	 3.3091	 1.0373	   1.5051	        1.5062	          0.0011	   1.5082	        1.5086	     1.1786	1.033e-03	1.603e-03	1.326e-02	1.336e-02	2.600e+02	   9.600	  9276.341
26400	3300	 3.3122	 1.0360	   1.5051	        1.5062	          0.0011	   1.5082	        1.5086	     1.1786	8.141e-04	1.605e-03	1.270e-02	1.280e-02	3.171e+02	  15.558	  9551.094
27200	3400	 3.3145	 1.0361	   1.5051	        1.5062	          0.0011	   1.5082	        1.5086	     1.1786	7.671e-04	1.607e-03	1.278e-02	1.288e-02	2.593e+02	  13.515	  9836.027
28000	3500	 3.3170	 1.0344	   1.5051	        1.5062	          0.0011	   1.5082	        1.5086	     1.1786	8.440e-04	1.608e-03	1.207e-02	1.218e-02	3.308e+02	   9.138	 10118.919
28800	3600	 3.3198	 1.0373	   1.5051	        1.5062	          0.0011	   1.5082	        1.5086	     1.1786	9.669e-04	1.614e-03	1.326e-02	1.336e-02	3.651e+02	  11.079	 10405.469
29600	3700	 3.3214	 1.0361	   1.5051	        1.5062	          0.0011	   1.5082	        1.5086	     1.1786	8.203e-04	1.614e-03	1.278e-02	1.289e-02	2.470e+02	  10.132	 10693.211
30400	3800	 3.3242	 1.0339	   1.5051	        1.5062	          0.0011	   1.5082	        1.5086	     1.1786	8.846e-04	1.614e-03	1.187e-02	1.198e-02	2.498e+02	  13.688	 10985.877
31200	3900	 3.3255	 1.0352	   1.5051	        1.5062	          0.0011	   1.5082	        1.5086	     1.1786	7.457e-04	1.617e-03	1.241e-02	1.251e-02	2.244e+02	   9.678	 11265.612
32000	4000	 3.3278	 1.0341	   1.5051	        1.5062	          0.0011	   1.5082	        1.5086	     1.1786	7.716e-04	1.618e-03	1.193e-02	1.204e-02	3.370e+02	  18.778	 11566.420
32800	4100	 3.3302	 1.0350	   1.5051	        1.5062	          0.0011	   1.5082	        1.5086	     1.1786	8.861e-04	1.622e-03	1.231e-02	1.242e-02	3.822e+02	  13.825	 11856.359
33600	4200	 3.3313	 1.0356	   1.5051	        1.5062	          0.0011	   1.5082	        1.5086	     1.1786	8.027e-04	1.624e-03	1.258e-02	1.269e-02	2.977e+02	  12.424	 12152.708
34400	4300	 3.3330	 1.0343	   1.5051	        1.5062	          0.0011	   1.5082	        1.5086	     1.1786	7.549e-04	1.624e-03	1.203e-02	1.214e-02	2.639e+02	  14.333	 12447.081
35200	4400	 3.3351	 1.0335	   1.5051	        1.5062	          0.0011	   1.5082	        1.5086	     1.1786	7.775e-04	1.625e-03	1.172e-02	1.183e-02	3.262e+02	  10.799	 12726.801
36000	4500	 3.3360	 1.0334	   1.5051	        1.5062	          0.0011	   1.5082	        1.5086	     1.1786	7.269e-04	1.625e-03	1.165e-02	1.176e-02	3.023e+02	  13.330	 13015.035
36800	4600	 3.3384	 1.0387	   1.5052	        1.5062	          0.0010	   1.5082	        1.5086	     1.1786	9.513e-04	1.634e-03	1.385e-02	1.394e-02	3.360e+02	  10.547	 13327.588
37600	4700	 3.3400	 1.0325	   1.5051	        1.5062	          0.0011	   1.5082	        1.5086	     1.1786	8.466e-04	1.628e-03	1.129e-02	1.141e-02	2.429e+02	  12.640	 13615.605
38400	4800	 3.3405	 1.0356	   1.5051	        1.5062	          0.0010	   1.5082	        1.5086	     1.1786	7.055e-04	1.633e-03	1.257e-02	1.267e-02	2.838e+02	  14.202	 13907.092
39200	4900	 3.3421	 1.0368	   1.5051	        1.5062	          0.0010	   1.5082	        1.5086	     1.1786	7.321e-04	1.636e-03	1.308e-02	1.318e-02	2.800e+02	   9.302	 14197.260
40000	5000	 3.3435	 1.0387	   1.5052	        1.5062	          0.0010	   1.5082	        1.5086	     1.1786	7.700e-04	1.639e-03	1.387e-02	1.397e-02	2.397e+02	  12.074	 14492.309
40800	5100	 3.3441	 1.0336	   1.5051	        1.5062	          0.0011	   1.5082	        1.5086	     1.1786	9.272e-04	1.634e-03	1.175e-02	1.186e-02	2.453e+02	  12.972	 14762.835
41600	5200	 3.3466	 1.0341	   1.5051	        1.5062	          0.0011	   1.5082	        1.5086	     1.1786	8.659e-04	1.637e-03	1.196e-02	1.207e-02	3.232e+02	  10.862	 15048.824
42400	5300	 3.3472	 1.0349	   1.5051	        1.5062	          0.0010	   1.5082	        1.5086	     1.1786	6.779e-04	1.638e-03	1.230e-02	1.241e-02	2.775e+02	  11.385	 15325.002
43200	5400	 3.3483	 1.0367	   1.5051	        1.5062	          0.0010	   1.5082	        1.5086	     1.1786	7.664e-04	1.642e-03	1.305e-02	1.315e-02	3.598e+02	  13.169	 15606.757
44000	5500	 3.3492	 1.0356	   1.5051	        1.5062	          0.0010	   1.5082	        1.5086	     1.1786	8.409e-04	1.641e-03	1.261e-02	1.272e-02	3.748e+02	  12.205	 15887.512
44800	5600	 3.3507	 1.0351	   1.5051	        1.5062	          0.0010	   1.5082	        1.5086	     1.1786	7.562e-04	1.642e-03	1.237e-02	1.248e-02	3.242e+02	  10.826	 16177.812
45600	5700	 3.3512	 1.0325	   1.5051	        1.5062	          0.0011	   1.5082	        1.5086	     1.1786	6.611e-04	1.639e-03	1.129e-02	1.141e-02	2.218e+02	  14.934	 16489.184
46400	5800	 3.3521	 1.0332	   1.5051	        1.5062	          0.0011	   1.5082	        1.5086	     1.1786	5.982e-04	1.641e-03	1.162e-02	1.173e-02	2.036e+02	  12.334	 16786.812
47200	5900	 3.3538	 1.0353	   1.5051	        1.5062	          0.0010	   1.5082	        1.5086	     1.1786	6.679e-04	1.645e-03	1.247e-02	1.258e-02	2.240e+02	  12.089	 17073.863
48000	6000	 3.3544	 1.0356	   1.5051	        1.5062	          0.0010	   1.5082	        1.5086	     1.1786	5.845e-04	1.646e-03	1.261e-02	1.272e-02	2.322e+02	   9.647	 17343.871
48800	6100	 3.3551	 1.0333	   1.5051	        1.5062	          0.0010	   1.5082	        1.5086	     1.1786	6.323e-04	1.644e-03	1.165e-02	1.176e-02	3.179e+02	  11.425	 17626.877
49600	6200	 3.3558	 1.0351	   1.5051	        1.5062	          0.0010	   1.5082	        1.5086	     1.1786	5.776e-04	1.647e-03	1.238e-02	1.249e-02	3.316e+02	  11.464	 17902.064
50400	6300	 3.3571	 1.0364	   1.5052	        1.5062	          0.0010	   1.5082	        1.5086	     1.1786	9.075e-04	1.650e-03	1.293e-02	1.304e-02	2.911e+02	  11.249	 18184.546
51200	6400	 3.3580	 1.0365	   1.5052	        1.5062	          0.0010	   1.5082	        1.5086	     1.1786	6.756e-04	1.651e-03	1.298e-02	1.308e-02	3.215e+02	  11.302	 18477.684
52000	6500	 3.3583	 1.0359	   1.5051	        1.5062	          0.0010	   1.5082	        1.5086	     1.1786	6.744e-04	1.650e-03	1.275e-02	1.286e-02	3.044e+02	  11.370	 18766.578
52800	6600	 3.3592	 1.0358	   1.5051	        1.5062	          0.0010	   1.5082	        1.5086	     1.1786	6.699e-04	1.651e-03	1.268e-02	1.278e-02	3.768e+02	  15.195	 19063.050
53600	6700	 3.3602	 1.0358	   1.5052	        1.5062	          0.0010	   1.5082	        1.5086	     1.1786	7.970e-04	1.652e-03	1.270e-02	1.281e-02	2.276e+02	  12.187	 19354.037
54400	6800	 3.3607	 1.0358	   1.5052	        1.5062	          0.0010	   1.5082	        1.5086	     1.1786	6.518e-04	1.652e-03	1.268e-02	1.278e-02	2.881e+02	   9.121	 19635.460
55200	6900	 3.3613	 1.0370	   1.5052	        1.5062	          0.0010	   1.5082	        1.5086	     1.1786	8.777e-04	1.654e-03	1.317e-02	1.328e-02	2.725e+02	  11.948	 19921.544
56000	7000	 3.3624	 1.0347	   1.5051	        1.5062	          0.0010	   1.5082	        1.5086	     1.1786	5.611e-04	1.653e-03	1.223e-02	1.234e-02	2.623e+02	  12.436	 20199.677
56800	7100	 3.3634	 1.0344	   1.5051	        1.5062	          0.0010	   1.5082	        1.5086	     1.1786	8.023e-04	1.653e-03	1.210e-02	1.221e-02	3.915e+02	  16.241	 20504.513
57600	7200	 3.3635	 1.0353	   1.5051	        1.5062	          0.0010	   1.5082	        1.5086	     1.1786	7.224e-04	1.654e-03	1.248e-02	1.259e-02	3.294e+02	  13.329	 20796.770
58400	7300	 3.3647	 1.0341	   1.5051	        1.5062	          0.0010	   1.5082	        1.5086	     1.1786	6.547e-04	1.654e-03	1.198e-02	1.210e-02	2.575e+02	  12.497	 21105.620
59200	7400	 3.3647	 1.0347	   1.5051	        1.5062	          0.0010	   1.5082	        1.5086	     1.1786	7.684e-04	1.655e-03	1.226e-02	1.237e-02	2.802e+02	  12.133	 21393.606
60000	7500	 3.3654	 1.0346	   1.5051	        1.5062	          0.0010	   1.5082	        1.5086	     1.1786	5.131e-04	1.655e-03	1.218e-02	1.229e-02	3.127e+02	  12.562	 21697.912
60800	7600	 3.3660	 1.0361	   1.5052	        1.5062	          0.0010	   1.5082	        1.5086	     1.1786	7.061e-04	1.658e-03	1.284e-02	1.295e-02	3.612e+02	  13.419	 21964.875
61600	7700	 3.3668	 1.0359	   1.5052	        1.5062	          0.0010	   1.5082	        1.5086	     1.1786	6.597e-04	1.658e-03	1.273e-02	1.283e-02	3.016e+02	  14.401	 22252.155
62400	7800	 3.3672	 1.0342	   1.5051	        1.5062	          0.0010	   1.5082	        1.5086	     1.1786	7.653e-04	1.657e-03	1.202e-02	1.214e-02	2.618e+02	  11.864	 22525.193
63200	7900	 3.3682	 1.0350	   1.5052	        1.5062	          0.0010	   1.5082	        1.5086	     1.1786	7.217e-04	1.659e-03	1.237e-02	1.248e-02	3.128e+02	  11.865	 22812.259
64000	8000	 3.3683	 1.0358	   1.5052	        1.5062	          0.0010	   1.5082	        1.5086	     1.1786	7.831e-04	1.660e-03	1.268e-02	1.279e-02	2.656e+02	  13.088	 23082.769
64800	8100	 3.3689	 1.0345	   1.5051	        1.5062	          0.0010	   1.5082	        1.5086	     1.1786	6.179e-04	1.659e-03	1.217e-02	1.228e-02	3.213e+02	  12.416	 23357.436
65600	8200	 3.3691	 1.0373	   1.5052	        1.5062	          0.0010	   1.5082	        1.5086	     1.1786	6.333e-04	1.662e-03	1.332e-02	1.343e-02	3.245e+02	   9.448	 23633.430
66400	8300	 3.3702	 1.0386	   1.5052	        1.5062	          0.0010	   1.5082	        1.5086	     1.1786	7.087e-04	1.665e-03	1.386e-02	1.396e-02	2.931e+02	  14.558	 23922.832
67200	8400	 3.3703	 1.0357	   1.5052	        1.5062	          0.0010	   1.5082	        1.5086	     1.1786	4.754e-04	1.661e-03	1.268e-02	1.278e-02	2.740e+02	  10.705	 24215.244
68000	8500	 3.3710	 1.0338	   1.5051	        1.5062	          0.0010	   1.5082	        1.5086	     1.1786	6.477e-04	1.660e-03	1.187e-02	1.199e-02	3.102e+02	  12.888	 24478.822
68800	8600	 3.3715	 1.0370	   1.5052	        1.5062	          0.0010	   1.5082	        1.5086	     1.1786	6.621e-04	1.664e-03	1.319e-02	1.329e-02	2.953e+02	  11.523	 24771.324
69600	8700	 3.3722	 1.0325	   1.5051	        1.5062	          0.0010	   1.5082	        1.5086	     1.1786	7.357e-04	1.659e-03	1.135e-02	1.147e-02	2.582e+02	  11.599	 25062.037
70400	8800	 3.3724	 1.0359	   1.5052	        1.5062	          0.0010	   1.5082	        1.5086	     1.1786	6.973e-04	1.664e-03	1.276e-02	1.287e-02	3.354e+02	  10.585	 25348.145
71200	8900	 3.3726	 1.0342	   1.5052	        1.5062	          0.0010	   1.5082	        1.5086	     1.1786	5.577e-04	1.662e-03	1.205e-02	1.216e-02	3.739e+02	  15.654	 25646.175
72000	9000	 3.3738	 1.0367	   1.5052	        1.5062	          0.0010	   1.5082	        1.5086	     1.1786	4.965e-04	1.666e-03	1.310e-02	1.320e-02	3.640e+02	   9.594	 25920.575
72800	9100	 3.3735	 1.0328	   1.5051	        1.5062	          0.0010	   1.5082	        1.5086	     1.1786	8.283e-04	1.661e-03	1.146e-02	1.158e-02	2.426e+02	  14.117	 26203.342
73600	9200	 3.3746	 1.0332	   1.5051	        1.5062	          0.0010	   1.5082	        1.5086	     1.1786	5.996e-04	1.662e-03	1.165e-02	1.176e-02	2.675e+02	  12.936	 26497.418
74400	9300	 3.3754	 1.0337	   1.5051	        1.5062	          0.0010	   1.5082	        1.5086	     1.1786	6.362e-04	1.664e-03	1.185e-02	1.197e-02	3.447e+02	  14.836	 26776.274
75200	9400	 3.3751	 1.0341	   1.5052	        1.5062	          0.0010	   1.5082	        1.5086	     1.1786	6.743e-04	1.664e-03	1.199e-02	1.210e-02	3.448e+02	  11.262	 27070.379
76000	9500	 3.3760	 1.0338	   1.5052	        1.5062	          0.0010	   1.5082	        1.5086	     1.1786	6.268e-04	1.664e-03	1.186e-02	1.198e-02	2.794e+02	  13.090	 27364.716
76800	9600	 3.3764	 1.0335	   1.5051	        1.5062	          0.0010	   1.5082	        1.5086	     1.1786	5.151e-04	1.664e-03	1.176e-02	1.187e-02	3.529e+02	  13.208	 27677.637
77600	9700	 3.3762	 1.0344	   1.5052	        1.5062	          0.0010	   1.5082	        1.5086	     1.1786	6.822e-04	1.665e-03	1.214e-02	1.225e-02	3.345e+02	  15.963	 27955.104
78400	9800	 3.3767	 1.0358	   1.5052	        1.5062	          0.0010	   1.5082	        1.5086	     1.1786	5.593e-04	1.668e-03	1.272e-02	1.283e-02	3.459e+02	   8.861	 28230.044
79200	9900	 3.3774	 1.0316	   1.5051	        1.5062	          0.0010	   1.5082	        1.5086	     1.1786	5.949e-04	1.663e-03	1.095e-02	1.108e-02	2.344e+02	  12.081	 28517.494
80000	10000	 3.3778	 1.0316	   1.5051	        1.5062	          0.0010	   1.5082	        1.5086	     1.1786	7.419e-04	1.663e-03	1.095e-02	1.107e-02	2.491e+02	  11.147	 28829.630
80800	10100	 3.3777	 1.0355	   1.5052	        1.5062	          0.0010	   1.5082	        1.5086	     1.1786	6.110e-04	1.668e-03	1.257e-02	1.268e-02	3.369e+02	  12.049	 29096.719
81600	10200	 3.3781	 1.0345	   1.5052	        1.5062	          0.0010	   1.5082	        1.5086	     1.1786	5.559e-04	1.667e-03	1.216e-02	1.227e-02	2.904e+02	  12.558	 29360.418
82400	10300	 3.3784	 1.0371	   1.5052	        1.5062	          0.0010	   1.5082	        1.5086	     1.1786	6.556e-04	1.671e-03	1.326e-02	1.336e-02	4.132e+02	  13.300	 29647.082
83200	10400	 3.3789	 1.0347	   1.5052	        1.5062	          0.0010	   1.5082	        1.5086	     1.1786	5.350e-04	1.668e-03	1.227e-02	1.238e-02	3.131e+02	  12.866	 29949.464
84000	10500	 3.3792	 1.0352	   1.5052	        1.5062	          0.0010	   1.5082	        1.5086	     1.1786	6.958e-04	1.669e-03	1.247e-02	1.258e-02	2.928e+02	   9.419	 30239.940
84800	10600	 3.3797	 1.0368	   1.5052	        1.5062	          0.0010	   1.5082	        1.5086	     1.1786	5.730e-04	1.672e-03	1.314e-02	1.324e-02	3.257e+02	  10.464	 30517.732
85600	10700	 3.3802	 1.0327	   1.5051	        1.5062	          0.0010	   1.5082	        1.5086	     1.1786	6.325e-04	1.667e-03	1.145e-02	1.157e-02	2.722e+02	  10.136	 30796.822
86400	10800	 3.3805	 1.0343	   1.5052	        1.5062	          0.0010	   1.5082	        1.5086	     1.1786	5.953e-04	1.669e-03	1.208e-02	1.219e-02	3.663e+02	  10.206	 31068.756
87200	10900	 3.3806	 1.0321	   1.5051	        1.5062	          0.0010	   1.5082	        1.5086	     1.1786	5.447e-04	1.667e-03	1.118e-02	1.130e-02	2.251e+02	  11.877	 31349.386
88000	11000	 3.3813	 1.0335	   1.5052	        1.5062	          0.0010	   1.5082	        1.5086	     1.1786	6.534e-04	1.669e-03	1.175e-02	1.186e-02	2.643e+02	  17.832	 31634.895
88800	11100	 3.3814	 1.0352	   1.5052	        1.5062	          0.0010	   1.5082	        1.5086	     1.1786	4.972e-04	1.671e-03	1.249e-02	1.260e-02	2.077e+02	  11.677	 31902.955
89600	11200	 3.3816	 1.0345	   1.5052	        1.5062	          0.0010	   1.5082	        1.5086	     1.1786	5.264e-04	1.671e-03	1.216e-02	1.227e-02	2.657e+02	  12.026	 32173.389
90400	11300	 3.3819	 1.0331	   1.5052	        1.5062	          0.0010	   1.5082	        1.5086	     1.1786	5.368e-04	1.669e-03	1.160e-02	1.171e-02	2.208e+02	  14.158	 32441.960
91200	11400	 3.3816	 1.0355	   1.5052	        1.5062	          0.0010	   1.5082	        1.5086	     1.1786	5.308e-04	1.672e-03	1.258e-02	1.269e-02	4.171e+02	  12.766	 32699.362
92000	11500	 3.3824	 1.0346	   1.5052	        1.5062	          0.0010	   1.5082	        1.5086	     1.1786	5.253e-04	1.671e-03	1.222e-02	1.234e-02	2.563e+02	  11.398	 32951.218
92800	11600	 3.3826	 1.0334	   1.5052	        1.5062	          0.0010	   1.5082	        1.5086	     1.1786	5.633e-04	1.670e-03	1.173e-02	1.185e-02	3.505e+02	  13.257	 33222.854
93600	11700	 3.3829	 1.0355	   1.5052	        1.5062	          0.0010	   1.5082	        1.5086	     1.1786	7.244e-04	1.673e-03	1.260e-02	1.271e-02	4.080e+02	  14.805	 33486.389
94400	11800	 3.3828	 1.0343	   1.5052	        1.5062	          0.0010	   1.5082	        1.5086	     1.1786	5.983e-04	1.671e-03	1.210e-02	1.222e-02	3.148e+02	  13.922	 33763.061
95200	11900	 3.3830	 1.0348	   1.5052	        1.5062	          0.0010	   1.5082	        1.5086	     1.1786	7.782e-04	1.672e-03	1.229e-02	1.240e-02	2.810e+02	  11.360	 34027.159
96000	12000	 3.3833	 1.0339	   1.5052	        1.5062	          0.0010	   1.5082	        1.5086	     1.1786	5.492e-04	1.671e-03	1.193e-02	1.205e-02	2.718e+02	  12.476	 34290.511
96800	12100	 3.3838	 1.0354	   1.5052	        1.5062	          0.0010	   1.5082	        1.5086	     1.1786	4.393e-04	1.674e-03	1.255e-02	1.266e-02	3.063e+02	  15.402	 34551.328
97600	12200	 3.3839	 1.0356	   1.5052	        1.5062	          0.0010	   1.5082	        1.5086	     1.1786	4.688e-04	1.674e-03	1.265e-02	1.276e-02	2.422e+02	  14.100	 34822.660
98400	12300	 3.3842	 1.0338	   1.5052	        1.5062	          0.0010	   1.5082	        1.5086	     1.1786	5.558e-04	1.672e-03	1.188e-02	1.200e-02	2.283e+02	  12.991	 35102.674
99200	12400	 3.3843	 1.0335	   1.5052	        1.5062	          0.0010	   1.5082	        1.5086	     1.1786	5.630e-04	1.672e-03	1.175e-02	1.187e-02	2.616e+02	  10.556	 35374.842
100000	12500	 3.3852	 1.0367	   1.5052	        1.5062	          0.0010	   1.5082	        1.5086	     1.1786	5.473e-04	1.676e-03	1.309e-02	1.320e-02	3.464e+02	   9.687	 35633.603
100800	12600	 3.3849	 1.0339	   1.5052	        1.5062	          0.0010	   1.5082	        1.5086	     1.1786	6.827e-04	1.673e-03	1.195e-02	1.207e-02	3.091e+02	  12.132	 35918.165
101600	12700	 3.3852	 1.0337	   1.5052	        1.5062	          0.0010	   1.5082	        1.5086	     1.1786	5.120e-04	1.673e-03	1.183e-02	1.195e-02	3.625e+02	  16.960	 36203.185
102400	12800	 3.3852	 1.0339	   1.5052	        1.5062	          0.0010	   1.5082	        1.5086	     1.1786	5.163e-04	1.673e-03	1.194e-02	1.205e-02	3.319e+02	  11.572	 36461.825
103200	12900	 3.3857	 1.0351	   1.5052	        1.5062	          0.0010	   1.5082	        1.5086	     1.1786	4.886e-04	1.675e-03	1.245e-02	1.256e-02	2.631e+02	  10.968	 36733.968
104000	13000	 3.3860	 1.0372	   1.5052	        1.5062	          0.0009	   1.5082	        1.5086	     1.1786	5.902e-04	1.678e-03	1.330e-02	1.340e-02	2.747e+02	  13.107	 37011.191
104800	13100	 3.3861	 1.0340	   1.5052	        1.5062	          0.0010	   1.5082	        1.5086	     1.1786	6.140e-04	1.674e-03	1.200e-02	1.211e-02	3.636e+02	  10.812	 37289.709
105600	13200	 3.3866	 1.0338	   1.5052	        1.5062	          0.0010	   1.5082	        1.5086	     1.1786	6.144e-04	1.674e-03	1.190e-02	1.202e-02	2.909e+02	  10.689	 37555.594
106400	13300	 3.3868	 1.0344	   1.5052	        1.5062	          0.0010	   1.5082	        1.5086	     1.1786	6.429e-04	1.675e-03	1.216e-02	1.227e-02	3.039e+02	  13.160	 37837.159
107200	13400	 3.3870	 1.0342	   1.5052	        1.5062	          0.0010	   1.5082	        1.5086	     1.1786	6.021e-04	1.675e-03	1.206e-02	1.218e-02	3.267e+02	  10.909	 38125.840
108000	13500	 3.3874	 1.0332	   1.5052	        1.5062	          0.0010	   1.5082	        1.5086	     1.1786	6.292e-04	1.674e-03	1.164e-02	1.176e-02	2.460e+02	   9.688	 38406.211
108800	13600	 3.3876	 1.0348	   1.5052	        1.5062	          0.0010	   1.5082	        1.5086	     1.1786	4.734e-04	1.677e-03	1.232e-02	1.244e-02	3.734e+02	  10.066	 38684.001
109600	13700	 3.3877	 1.0334	   1.5052	        1.5062	          0.0010	   1.5082	        1.5086	     1.1786	5.790e-04	1.675e-03	1.175e-02	1.187e-02	2.580e+02	  11.349	 38950.543
110400	13800	 3.3878	 1.0361	   1.5052	        1.5062	          0.0010	   1.5082	        1.5086	     1.1786	5.700e-04	1.678e-03	1.284e-02	1.295e-02	3.469e+02	  11.493	 39211.794
111200	13900	 3.3883	 1.0339	   1.5052	        1.5062	          0.0010	   1.5082	        1.5086	     1.1786	5.732e-04	1.676e-03	1.195e-02	1.207e-02	2.782e+02	  10.157	 39477.772
112000	14000	 3.3885	 1.0330	   1.5052	        1.5062	          0.0010	   1.5082	        1.5086	     1.1786	5.201e-04	1.675e-03	1.156e-02	1.168e-02	2.165e+02	   9.992	 39751.613
112800	14100	 3.3887	 1.0334	   1.5052	        1.5062	          0.0010	   1.5082	        1.5086	     1.1786	5.456e-04	1.676e-03	1.173e-02	1.185e-02	2.101e+02	  10.616	 40028.893
113600	14200	 3.3890	 1.0342	   1.5052	        1.5062	          0.0010	   1.5082	        1.5086	     1.1786	5.678e-04	1.677e-03	1.207e-02	1.218e-02	2.625e+02	  13.338	 40278.861
114400	14300	 3.3888	 1.0349	   1.5052	        1.5062	          0.0010	   1.5082	        1.5086	     1.1786	6.335e-04	1.678e-03	1.236e-02	1.248e-02	2.348e+02	  14.257	 40553.434
115200	14400	 3.3892	 1.0349	   1.5052	        1.5062	          0.0010	   1.5082	        1.5086	     1.1786	5.453e-04	1.678e-03	1.235e-02	1.246e-02	2.382e+02	  11.911	 40828.851
116000	14500	 3.3897	 1.0354	   1.5052	        1.5062	          0.0010	   1.5082	        1.5086	     1.1786	5.320e-04	1.679e-03	1.254e-02	1.266e-02	3.454e+02	  11.936	 41095.635
116800	14600	 3.3896	 1.0339	   1.5052	        1.5062	          0.0010	   1.5082	        1.5086	     1.1786	5.274e-04	1.677e-03	1.195e-02	1.206e-02	2.341e+02	  13.674	 41358.428
117600	14700	 3.3898	 1.0352	   1.5052	        1.5062	          0.0010	   1.5082	        1.5086	     1.1786	6.093e-04	1.679e-03	1.247e-02	1.259e-02	3.612e+02	  14.583	 41623.357
118400	14800	 3.3897	 1.0358	   1.5052	        1.5062	          0.0010	   1.5082	        1.5086	     1.1786	6.738e-04	1.680e-03	1.274e-02	1.285e-02	3.587e+02	  14.743	 41902.234
119200	14900	 3.3901	 1.0337	   1.5052	        1.5062	          0.0010	   1.5082	        1.5086	     1.1786	4.223e-04	1.677e-03	1.185e-02	1.197e-02	2.521e+02	  10.244	 42169.834
120000	15000	 3.3904	 1.0347	   1.5052	        1.5062	          0.0010	   1.5082	        1.5086	     1.1786	5.474e-04	1.679e-03	1.229e-02	1.241e-02	2.764e+02	   9.500	 42445.086
120800	15100	 3.3905	 1.0362	   1.5052	        1.5062	          0.0010	   1.5082	        1.5086	     1.1786	5.618e-04	1.681e-03	1.289e-02	1.300e-02	3.520e+02	   8.625	 42694.602
121600	15200	 3.3909	 1.0335	   1.5052	        1.5062	          0.0010	   1.5082	        1.5086	     1.1786	4.371e-04	1.678e-03	1.178e-02	1.190e-02	2.599e+02	   9.571	 43026.627
122400	15300	 3.3911	 1.0337	   1.5052	        1.5062	          0.0010	   1.5082	        1.5086	     1.1786	5.345e-04	1.678e-03	1.185e-02	1.197e-02	2.285e+02	  19.121	 43348.752
123200	15400	 3.3912	 1.0342	   1.5052	        1.5062	          0.0010	   1.5082	        1.5086	     1.1786	4.755e-04	1.679e-03	1.206e-02	1.217e-02	2.520e+02	  12.164	 43680.219
124000	15500	 3.3918	 1.0336	   1.5052	        1.5062	          0.0010	   1.5082	        1.5086	     1.1786	6.241e-04	1.679e-03	1.181e-02	1.193e-02	2.597e+02	  11.331	 43918.598
124800	15600	 3.3919	 1.0349	   1.5052	        1.5062	          0.0010	   1.5082	        1.5086	     1.1786	6.652e-04	1.681e-03	1.235e-02	1.246e-02	4.098e+02	  10.312	 44166.642
125600	15700	 3.3920	 1.0331	   1.5052	        1.5062	          0.0010	   1.5082	        1.5086	     1.1786	5.325e-04	1.679e-03	1.162e-02	1.174e-02	2.443e+02	  12.217	 44487.267
126400	15800	 3.3920	 1.0344	   1.5052	        1.5062	          0.0010	   1.5082	        1.5086	     1.1786	5.552e-04	1.680e-03	1.215e-02	1.226e-02	3.018e+02	  10.739	 44734.392
127200	15900	 3.3918	 1.0351	   1.5052	        1.5062	          0.0010	   1.5082	        1.5086	     1.1786	6.164e-04	1.681e-03	1.245e-02	1.256e-02	2.879e+02	  15.702	 44982.405
128000	16000	 3.3922	 1.0357	   1.5052	        1.5062	          0.0010	   1.5082	        1.5086	     1.1786	6.114e-04	1.682e-03	1.269e-02	1.281e-02	3.173e+02	   9.143	 45332.406
128800	16100	 3.3925	 1.0355	   1.5052	        1.5062	          0.0010	   1.5082	        1.5086	     1.1786	4.807e-04	1.682e-03	1.259e-02	1.270e-02	3.671e+02	  15.563	 45654.287
129600	16200	 3.3929	 1.0359	   1.5052	        1.5062	          0.0010	   1.5082	        1.5086	     1.1786	5.960e-04	1.683e-03	1.276e-02	1.287e-02	3.062e+02	  14.003	 45912.766
130400	16300	 3.3930	 1.0338	   1.5052	        1.5062	          0.0010	   1.5082	        1.5086	     1.1786	5.942e-04	1.680e-03	1.189e-02	1.200e-02	3.043e+02	   7.731	 46150.057
131200	16400	 3.3929	 1.0354	   1.5052	        1.5062	          0.0010	   1.5082	        1.5086	     1.1786	5.535e-04	1.682e-03	1.258e-02	1.270e-02	3.534e+02	  12.510	 46435.667
132000	16500	 3.3929	 1.0343	   1.5052	        1.5062	          0.0010	   1.5082	        1.5086	     1.1786	5.595e-04	1.681e-03	1.210e-02	1.221e-02	2.920e+02	  11.963	 46723.559
132800	16600	 3.3935	 1.0347	   1.5052	        1.5062	          0.0010	   1.5082	        1.5086	     1.1786	5.206e-04	1.682e-03	1.227e-02	1.238e-02	2.130e+02	  10.246	 47042.465
133600	16700	 3.3931	 1.0330	   1.5052	        1.5062	          0.0010	   1.5082	        1.5086	     1.1786	6.481e-04	1.679e-03	1.159e-02	1.171e-02	2.866e+02	   7.641	 47325.023
134400	16800	 3.3933	 1.0344	   1.5052	        1.5062	          0.0010	   1.5082	        1.5086	     1.1786	4.634e-04	1.681e-03	1.215e-02	1.226e-02	2.928e+02	  11.020	 47587.329
135200	16900	 3.3935	 1.0336	   1.5052	        1.5062	          0.0010	   1.5082	        1.5086	     1.1786	5.166e-04	1.680e-03	1.181e-02	1.193e-02	3.217e+02	  12.641	 47884.919
136000	17000	 3.3937	 1.0347	   1.5052	        1.5062	          0.0010	   1.5082	        1.5086	     1.1786	3.545e-04	1.682e-03	1.229e-02	1.241e-02	3.690e+02	  10.356	 48195.289
136800	17100	 3.3945	 1.0352	   1.5052	        1.5062	          0.0010	   1.5082	        1.5086	     1.1786	6.058e-04	1.683e-03	1.249e-02	1.261e-02	2.630e+02	  12.254	 48435.525
137600	17200	 3.3940	 1.0353	   1.5052	        1.5062	          0.0010	   1.5082	        1.5086	     1.1786	6.833e-04	1.683e-03	1.253e-02	1.264e-02	2.743e+02	   9.551	 48709.497
138400	17300	 3.3940	 1.0353	   1.5052	        1.5062	          0.0010	   1.5082	        1.5086	     1.1786	5.861e-04	1.683e-03	1.252e-02	1.264e-02	3.918e+02	  22.488	 49040.997
139200	17400	 3.3944	 1.0359	   1.5052	        1.5062	          0.0009	   1.5082	        1.5086	     1.1786	4.798e-04	1.684e-03	1.277e-02	1.289e-02	2.808e+02	  24.768	 49339.704
140000	17500	 3.3945	 1.0358	   1.5052	        1.5062	          0.0010	   1.5082	        1.5086	     1.1786	5.620e-04	1.684e-03	1.272e-02	1.283e-02	2.903e+02	   9.858	 49679.305
140800	17600	 3.3949	 1.0349	   1.5052	        1.5062	          0.0010	   1.5082	        1.5086	     1.1786	6.744e-04	1.683e-03	1.235e-02	1.246e-02	3.154e+02	   8.311	 49914.878
141600	17700	 3.3947	 1.0345	   1.5052	        1.5062	          0.0010	   1.5082	        1.5086	     1.1786	5.353e-04	1.683e-03	1.218e-02	1.230e-02	2.366e+02	  11.222	 50171.261
142400	17800	 3.3951	 1.0337	   1.5052	        1.5062	          0.0010	   1.5082	        1.5086	     1.1786	5.472e-04	1.682e-03	1.186e-02	1.198e-02	3.030e+02	  10.943	 50513.862
143200	17900	 3.3949	 1.0354	   1.5052	        1.5062	          0.0010	   1.5082	        1.5086	     1.1786	5.920e-04	1.684e-03	1.257e-02	1.268e-02	3.037e+02	  11.289	 50803.719
144000	18000	 3.3955	 1.0341	   1.5052	        1.5062	          0.0010	   1.5082	        1.5086	     1.1786	6.224e-04	1.683e-03	1.203e-02	1.215e-02	3.038e+02	  14.535	 51072.742
144800	18100	 3.3952	 1.0332	   1.5052	        1.5062	          0.0010	   1.5082	        1.5086	     1.1786	4.642e-04	1.682e-03	1.165e-02	1.177e-02	3.580e+02	   8.357	 51351.660
145600	18200	 3.3959	 1.0340	   1.5052	        1.5062	          0.0010	   1.5082	        1.5086	     1.1786	6.678e-04	1.683e-03	1.201e-02	1.213e-02	4.719e+02	  10.759	 51692.949
146400	18300	 3.3957	 1.0353	   1.5052	        1.5062	          0.0010	   1.5082	        1.5086	     1.1786	5.751e-04	1.685e-03	1.255e-02	1.266e-02	3.011e+02	  23.929	 52021.666
147200	18400	 3.3960	 1.0352	   1.5052	        1.5062	          0.0010	   1.5082	        1.5086	     1.1786	4.790e-04	1.685e-03	1.251e-02	1.262e-02	2.531e+02	  11.115	 52315.144
148000	18500	 3.3959	 1.0341	   1.5052	        1.5062	          0.0010	   1.5082	        1.5086	     1.1786	4.869e-04	1.683e-03	1.203e-02	1.215e-02	3.319e+02	   9.196	 52662.971
148800	18600	 3.3961	 1.0349	   1.5052	        1.5062	          0.0010	   1.5082	        1.5086	     1.1786	5.753e-04	1.684e-03	1.237e-02	1.249e-02	2.434e+02	   8.481	 53014.902
149600	18700	 3.3961	 1.0333	   1.5052	        1.5062	          0.0010	   1.5082	        1.5086	     1.1786	5.582e-04	1.683e-03	1.172e-02	1.184e-02	3.025e+02	  18.700	 53267.912
150400	18800	 3.3966	 1.0339	   1.5052	        1.5062	          0.0010	   1.5082	        1.5086	     1.1786	6.076e-04	1.684e-03	1.196e-02	1.208e-02	2.410e+02	  15.473	 53554.705
151200	18900	 3.3964	 1.0340	   1.5052	        1.5062	          0.0010	   1.5082	        1.5086	     1.1786	6.467e-04	1.684e-03	1.199e-02	1.211e-02	3.247e+02	  11.052	 53805.632
152000	19000	 3.3969	 1.0329	   1.5052	        1.5062	          0.0010	   1.5082	        1.5086	     1.1786	5.752e-04	1.683e-03	1.155e-02	1.167e-02	2.516e+02	  10.073	 54066.874
152800	19100	 3.3969	 1.0355	   1.5052	        1.5062	          0.0010	   1.5082	        1.5086	     1.1786	4.771e-04	1.686e-03	1.262e-02	1.273e-02	2.544e+02	  11.047	 54358.942
153600	19200	 3.3972	 1.0344	   1.5052	        1.5062	          0.0010	   1.5082	        1.5086	     1.1786	5.164e-04	1.685e-03	1.215e-02	1.226e-02	2.621e+02	   9.664	 54609.824
154400	19300	 3.3973	 1.0353	   1.5052	        1.5062	          0.0010	   1.5082	        1.5086	     1.1786	5.675e-04	1.686e-03	1.254e-02	1.265e-02	2.558e+02	   9.797	 54880.051
155200	19400	 3.3975	 1.0341	   1.5052	        1.5062	          0.0010	   1.5082	        1.5086	     1.1786	6.465e-04	1.685e-03	1.205e-02	1.217e-02	3.297e+02	  13.141	 55161.575
156000	19500	 3.3975	 1.0336	   1.5052	        1.5062	          0.0010	   1.5082	        1.5086	     1.1786	4.871e-04	1.684e-03	1.183e-02	1.195e-02	3.686e+02	  20.868	 55461.715
156800	19600	 3.3980	 1.0342	   1.5052	        1.5062	          0.0010	   1.5082	        1.5086	     1.1786	4.876e-04	1.685e-03	1.207e-02	1.218e-02	3.533e+02	   9.571	 55759.485
157600	19700	 3.3979	 1.0334	   1.5052	        1.5062	          0.0010	   1.5082	        1.5086	     1.1786	3.991e-04	1.684e-03	1.175e-02	1.187e-02	2.914e+02	  11.259	 55999.789
158400	19800	 3.3978	 1.0346	   1.5052	        1.5062	          0.0010	   1.5082	        1.5086	     1.1786	4.545e-04	1.686e-03	1.223e-02	1.234e-02	2.158e+02	  24.549	 56347.836
159200	19900	 3.3981	 1.0353	   1.5052	        1.5062	          0.0010	   1.5082	        1.5086	     1.1786	3.585e-04	1.687e-03	1.251e-02	1.262e-02	2.921e+02	  13.016	 56570.752
160000	20000	 3.3979	 1.0356	   1.5052	        1.5062	          0.0009	   1.5082	        1.5086	     1.1786	5.304e-04	1.687e-03	1.264e-02	1.275e-02	3.527e+02	  10.440	 56811.881
160800	20100	 3.3981	 1.0342	   1.5052	        1.5062	          0.0010	   1.5082	        1.5086	     1.1786	5.110e-04	1.685e-03	1.206e-02	1.218e-02	2.766e+02	  16.430	 57056.163
161600	20200	 3.3991	 1.0334	   1.5052	        1.5062	          0.0010	   1.5082	        1.5086	     1.1786	4.252e-04	1.685e-03	1.175e-02	1.187e-02	3.591e+02	   6.244	 57280.803
162400	20300	 3.3986	 1.0346	   1.5052	        1.5062	          0.0010	   1.5082	        1.5086	     1.1786	5.558e-04	1.686e-03	1.223e-02	1.235e-02	3.535e+02	  22.628	 57561.410
163200	20400	 3.3989	 1.0345	   1.5052	        1.5062	          0.0010	   1.5082	        1.5086	     1.1786	4.031e-04	1.687e-03	1.222e-02	1.233e-02	2.479e+02	  10.971	 57860.626
164000	20500	 3.3988	 1.0339	   1.5052	        1.5062	          0.0010	   1.5082	        1.5086	     1.1786	4.254e-04	1.686e-03	1.197e-02	1.208e-02	3.265e+02	   9.135	 58094.349
164800	20600	 3.3988	 1.0335	   1.5052	        1.5062	          0.0010	   1.5082	        1.5086	     1.1786	5.674e-04	1.685e-03	1.178e-02	1.190e-02	3.687e+02	  10.862	 58349.856
165600	20700	 3.3993	 1.0352	   1.5052	        1.5062	          0.0010	   1.5082	        1.5086	     1.1786	3.827e-04	1.688e-03	1.250e-02	1.262e-02	3.235e+02	  12.002	 58677.300
166400	20800	 3.3993	 1.0332	   1.5052	        1.5062	          0.0010	   1.5082	        1.5086	     1.1786	4.168e-04	1.685e-03	1.167e-02	1.179e-02	3.709e+02	  10.617	 58906.853
167200	20900	 3.3994	 1.0351	   1.5052	        1.5062	          0.0010	   1.5082	        1.5086	     1.1786	4.381e-04	1.688e-03	1.243e-02	1.255e-02	2.775e+02	  14.321	 59181.844
168000	21000	 3.3995	 1.0350	   1.5052	        1.5062	          0.0010	   1.5082	        1.5086	     1.1786	5.570e-04	1.688e-03	1.239e-02	1.251e-02	3.171e+02	  10.386	 59512.827
168800	21100	 3.3996	 1.0360	   1.5052	        1.5062	          0.0009	   1.5082	        1.5086	     1.1786	4.739e-04	1.689e-03	1.282e-02	1.294e-02	2.346e+02	   9.443	 59756.479
169600	21200	 3.3995	 1.0355	   1.5052	        1.5062	          0.0009	   1.5082	        1.5086	     1.1786	4.745e-04	1.688e-03	1.261e-02	1.273e-02	3.636e+02	  11.866	 59997.745
170400	21300	 3.3998	 1.0334	   1.5052	        1.5062	          0.0010	   1.5082	        1.5086	     1.1786	4.765e-04	1.686e-03	1.173e-02	1.185e-02	2.720e+02	   9.847	 60253.259
171200	21400	 3.3993	 1.0339	   1.5052	        1.5062	          0.0010	   1.5082	        1.5086	     1.1786	5.944e-04	1.686e-03	1.197e-02	1.209e-02	2.485e+02	  10.812	 60554.938
172000	21500	 3.4000	 1.0337	   1.5052	        1.5062	          0.0010	   1.5082	        1.5086	     1.1786	4.959e-04	1.687e-03	1.186e-02	1.198e-02	3.542e+02	  10.162	 60826.292
172800	21600	 3.3998	 1.0344	   1.5052	        1.5062	          0.0010	   1.5082	        1.5086	     1.1786	4.131e-04	1.687e-03	1.218e-02	1.230e-02	3.200e+02	   9.589	 61092.118
173600	21700	 3.4001	 1.0326	   1.5052	        1.5062	          0.0010	   1.5082	        1.5086	     1.1786	3.646e-04	1.685e-03	1.141e-02	1.153e-02	3.557e+02	   7.940	 61307.028
174400	21800	 3.4001	 1.0340	   1.5052	        1.5062	          0.0010	   1.5082	        1.5086	     1.1786	5.543e-04	1.687e-03	1.199e-02	1.210e-02	2.751e+02	   9.811	 61574.193
175200	21900	 3.4007	 1.0344	   1.5052	        1.5062	          0.0010	   1.5082	        1.5086	     1.1786	6.145e-04	1.688e-03	1.215e-02	1.227e-02	2.777e+02	   7.353	 61833.839
176000	22000	 3.4008	 1.0338	   1.5052	        1.5062	          0.0010	   1.5082	        1.5086	     1.1786	5.255e-04	1.687e-03	1.191e-02	1.202e-02	2.655e+02	  12.255	 62090.126
176800	22100	 3.4005	 1.0346	   1.5052	        1.5062	          0.0010	   1.5082	        1.5086	     1.1786	6.349e-04	1.688e-03	1.223e-02	1.235e-02	2.369e+02	  13.825	 62356.092
177600	22200	 3.4005	 1.0334	   1.5052	        1.5062	          0.0010	   1.5082	        1.5086	     1.1786	5.090e-04	1.687e-03	1.173e-02	1.185e-02	3.011e+02	  14.859	 62607.785
178400	22300	 3.4008	 1.0338	   1.5052	        1.5062	          0.0010	   1.5082	        1.5086	     1.1786	4.846e-04	1.687e-03	1.191e-02	1.203e-02	2.912e+02	   9.871	 62971.257
179200	22400	 3.4009	 1.0336	   1.5052	        1.5062	          0.0010	   1.5082	        1.5086	     1.1786	5.202e-04	1.687e-03	1.182e-02	1.194e-02	2.640e+02	  10.045	 63279.110
180000	22500	 3.4009	 1.0351	   1.5052	        1.5062	          0.0009	   1.5082	        1.5086	     1.1786	4.785e-04	1.689e-03	1.243e-02	1.255e-02	2.741e+02	  11.360	 63560.782
180800	22600	 3.4010	 1.0335	   1.5052	        1.5062	          0.0010	   1.5082	        1.5086	     1.1786	4.358e-04	1.687e-03	1.177e-02	1.189e-02	2.974e+02	  13.430	 63825.683
181600	22700	 3.4011	 1.0354	   1.5052	        1.5062	          0.0009	   1.5082	        1.5086	     1.1786	3.631e-04	1.690e-03	1.259e-02	1.270e-02	2.229e+02	  17.453	 64085.249
182400	22800	 3.4012	 1.0346	   1.5052	        1.5062	          0.0010	   1.5082	        1.5086	     1.1786	6.034e-04	1.689e-03	1.223e-02	1.234e-02	2.628e+02	  11.633	 64372.372
183200	22900	 3.4014	 1.0345	   1.5052	        1.5062	          0.0010	   1.5082	        1.5086	     1.1786	5.982e-04	1.689e-03	1.222e-02	1.233e-02	2.825e+02	   8.955	 64755.376
184000	23000	 3.4017	 1.0342	   1.5052	        1.5062	          0.0010	   1.5082	        1.5086	     1.1786	4.776e-04	1.689e-03	1.208e-02	1.220e-02	2.452e+02	   9.811	 64991.996
184800	23100	 3.4019	 1.0349	   1.5052	        1.5062	          0.0009	   1.5082	        1.5086	     1.1786	4.094e-04	1.690e-03	1.239e-02	1.250e-02	3.217e+02	  10.923	 65233.142
185600	23200	 3.4019	 1.0334	   1.5052	        1.5062	          0.0010	   1.5082	        1.5086	     1.1786	4.279e-04	1.688e-03	1.174e-02	1.186e-02	2.830e+02	  14.032	 65524.271
186400	23300	 3.4017	 1.0349	   1.5052	        1.5062	          0.0010	   1.5082	        1.5086	     1.1786	6.054e-04	1.690e-03	1.237e-02	1.248e-02	2.319e+02	  14.998	 65819.931
187200	23400	 3.4020	 1.0345	   1.5052	        1.5062	          0.0010	   1.5082	        1.5086	     1.1786	5.556e-04	1.689e-03	1.219e-02	1.231e-02	2.560e+02	  12.220	 66117.265
188000	23500	 3.4023	 1.0338	   1.5052	        1.5062	          0.0010	   1.5082	        1.5086	     1.1786	4.206e-04	1.689e-03	1.193e-02	1.205e-02	2.835e+02	   7.843	 66406.496
188800	23600	 3.4020	 1.0337	   1.5052	        1.5062	          0.0010	   1.5082	        1.5086	     1.1786	5.613e-04	1.688e-03	1.189e-02	1.201e-02	2.480e+02	   6.660	 66643.043
189600	23700	 3.4023	 1.0342	   1.5052	        1.5062	          0.0010	   1.5082	        1.5086	     1.1786	4.448e-04	1.689e-03	1.210e-02	1.222e-02	2.592e+02	  21.215	 66983.236
190400	23800	 3.4023	 1.0358	   1.5052	        1.5062	          0.0009	   1.5082	        1.5086	     1.1786	5.134e-04	1.691e-03	1.275e-02	1.287e-02	3.187e+02	   9.252	 67252.930
191200	23900	 3.4023	 1.0348	   1.5052	        1.5062	          0.0010	   1.5082	        1.5086	     1.1786	5.198e-04	1.690e-03	1.231e-02	1.243e-02	2.761e+02	  21.182	 67553.376
192000	24000	 3.4027	 1.0337	   1.5052	        1.5062	          0.0010	   1.5082	        1.5086	     1.1786	4.612e-04	1.689e-03	1.189e-02	1.200e-02	2.604e+02	  12.683	 67849.708
192800	24100	 3.4025	 1.0347	   1.5052	        1.5062	          0.0010	   1.5082	        1.5086	     1.1786	5.841e-04	1.690e-03	1.227e-02	1.238e-02	2.910e+02	  17.165	 68090.407
193600	24200	 3.4028	 1.0334	   1.5052	        1.5062	          0.0010	   1.5082	        1.5086	     1.1786	4.731e-04	1.689e-03	1.175e-02	1.187e-02	3.411e+02	   9.807	 68353.949
194400	24300	 3.4030	 1.0341	   1.5052	        1.5062	          0.0010	   1.5082	        1.5086	     1.1786	4.102e-04	1.690e-03	1.205e-02	1.217e-02	3.595e+02	   9.939	 68639.511
195200	24400	 3.4028	 1.0336	   1.5052	        1.5062	          0.0010	   1.5082	        1.5086	     1.1786	4.615e-04	1.689e-03	1.183e-02	1.195e-02	2.203e+02	  14.642	 68872.650
196000	24500	 3.4032	 1.0336	   1.5052	        1.5062	          0.0010	   1.5082	        1.5086	     1.1786	4.302e-04	1.689e-03	1.183e-02	1.195e-02	2.257e+02	  10.275	 69163.210
196800	24600	 3.4031	 1.0357	   1.5052	        1.5062	          0.0009	   1.5082	        1.5086	     1.1786	5.432e-04	1.692e-03	1.271e-02	1.282e-02	3.713e+02	  10.024	 69389.399
197600	24700	 3.4031	 1.0342	   1.5052	        1.5062	          0.0010	   1.5082	        1.5086	     1.1786	4.674e-04	1.690e-03	1.210e-02	1.222e-02	2.487e+02	   8.704	 69644.276
198400	24800	 3.4035	 1.0336	   1.5052	        1.5062	          0.0010	   1.5082	        1.5086	     1.1786	5.021e-04	1.690e-03	1.185e-02	1.197e-02	2.408e+02	  18.100	 69926.095
199200	24900	 3.4033	 1.0354	   1.5052	        1.5062	          0.0009	   1.5082	        1.5086	     1.1786	3.635e-04	1.692e-03	1.258e-02	1.269e-02	2.539e+02	  20.982	 70242.273
200000	25000	 3.4034	 1.0344	   1.5052	        1.5062	          0.0010	   1.5082	        1.5086	     1.1786	5.200e-04	1.691e-03	1.217e-02	1.229e-02	3.389e+02	  10.042	 70478.408
200800	25100	 3.4036	 1.0336	   1.5052	        1.5062	          0.0010	   1.5082	        1.5086	     1.1786	5.076e-04	1.690e-03	1.185e-02	1.197e-02	2.321e+02	   9.347	 70719.230
201600	25200	 3.4034	 1.0356	   1.5052	        1.5062	          0.0009	   1.5082	        1.5086	     1.1786	4.738e-04	1.692e-03	1.266e-02	1.278e-02	2.753e+02	  12.572	 70958.173
202400	25300	 3.4038	 1.0340	   1.5052	        1.5062	          0.0010	   1.5082	        1.5086	     1.1786	5.584e-04	1.690e-03	1.198e-02	1.210e-02	2.531e+02	  10.082	 71291.540
203200	25400	 3.4038	 1.0340	   1.5052	        1.5062	          0.0010	   1.5082	        1.5086	     1.1786	5.728e-04	1.690e-03	1.198e-02	1.210e-02	2.562e+02	   9.937	 71588.394
204000	25500	 3.4042	 1.0331	   1.5052	        1.5062	          0.0010	   1.5082	        1.5086	     1.1786	4.923e-04	1.690e-03	1.161e-02	1.173e-02	2.576e+02	  12.018	 71894.038
204800	25600	 3.4042	 1.0353	   1.5052	        1.5062	          0.0009	   1.5082	        1.5086	     1.1786	4.224e-04	1.692e-03	1.253e-02	1.264e-02	2.646e+02	  13.814	 72219.406
205600	25700	 3.4042	 1.0347	   1.5052	        1.5062	          0.0009	   1.5082	        1.5086	     1.1786	4.569e-04	1.691e-03	1.227e-02	1.239e-02	2.457e+02	  11.406	 72554.635
206400	25800	 3.4040	 1.0343	   1.5052	        1.5062	          0.0010	   1.5082	        1.5086	     1.1786	5.302e-04	1.691e-03	1.212e-02	1.223e-02	3.072e+02	  20.410	 72884.436
207200	25900	 3.4043	 1.0330	   1.5052	        1.5062	          0.0010	   1.5082	        1.5086	     1.1786	6.383e-04	1.690e-03	1.157e-02	1.169e-02	3.011e+02	   6.136	 73143.328
208000	26000	 3.4046	 1.0337	   1.5052	        1.5062	          0.0010	   1.5082	        1.5086	     1.1786	4.605e-04	1.691e-03	1.188e-02	1.200e-02	2.213e+02	  13.508	 73403.082
208800	26100	 3.4044	 1.0340	   1.5052	        1.5062	          0.0010	   1.5082	        1.5086	     1.1786	4.336e-04	1.691e-03	1.199e-02	1.210e-02	3.548e+02	  17.208	 73698.752
209600	26200	 3.4045	 1.0325	   1.5052	        1.5062	          0.0010	   1.5082	        1.5086	     1.1786	3.969e-04	1.689e-03	1.139e-02	1.151e-02	3.514e+02	  12.435	 73977.647
210400	26300	 3.4048	 1.0353	   1.5052	        1.5062	          0.0009	   1.5082	        1.5086	     1.1786	3.884e-04	1.693e-03	1.254e-02	1.265e-02	2.769e+02	  10.583	 74219.964
211200	26400	 3.4047	 1.0340	   1.5052	        1.5062	          0.0010	   1.5082	        1.5086	     1.1786	3.499e-04	1.691e-03	1.200e-02	1.212e-02	3.785e+02	  14.363	 74473.554
212000	26500	 3.4050	 1.0332	   1.5052	        1.5062	          0.0010	   1.5082	        1.5086	     1.1786	4.882e-04	1.691e-03	1.167e-02	1.179e-02	2.861e+02	  14.928	 74816.678
212800	26600	 3.4054	 1.0336	   1.5052	        1.5062	          0.0010	   1.5082	        1.5086	     1.1786	6.074e-04	1.691e-03	1.184e-02	1.196e-02	2.657e+02	  10.512	 75077.129
213600	26700	 3.4048	 1.0331	   1.5052	        1.5062	          0.0010	   1.5082	        1.5086	     1.1786	4.540e-04	1.690e-03	1.164e-02	1.177e-02	2.997e+02	   9.143	 75339.838
214400	26800	 3.4053	 1.0353	   1.5052	        1.5062	          0.0009	   1.5082	        1.5086	     1.1786	3.854e-04	1.693e-03	1.253e-02	1.264e-02	2.764e+02	   7.702	 75593.150
215200	26900	 3.4053	 1.0348	   1.5052	        1.5062	          0.0009	   1.5082	        1.5086	     1.1786	4.355e-04	1.693e-03	1.233e-02	1.244e-02	2.338e+02	  10.312	 75832.634
216000	27000	 3.4056	 1.0345	   1.5052	        1.5062	          0.0009	   1.5082	        1.5086	     1.1786	5.033e-04	1.693e-03	1.222e-02	1.234e-02	2.913e+02	   7.659	 76116.924
216800	27100	 3.4053	 1.0331	   1.5052	        1.5062	          0.0010	   1.5082	        1.5086	     1.1786	4.469e-04	1.691e-03	1.164e-02	1.176e-02	2.982e+02	  25.190	 76426.339
217600	27200	 3.4052	 1.0344	   1.5052	        1.5062	          0.0009	   1.5082	        1.5086	     1.1786	4.346e-04	1.692e-03	1.219e-02	1.230e-02	2.345e+02	  11.317	 76711.810
218400	27300	 3.4057	 1.0338	   1.5052	        1.5062	          0.0010	   1.5082	        1.5086	     1.1786	4.446e-04	1.692e-03	1.191e-02	1.203e-02	2.876e+02	  18.327	 76989.538
219200	27400	 3.4056	 1.0347	   1.5052	        1.5062	          0.0009	   1.5082	        1.5086	     1.1786	5.137e-04	1.693e-03	1.231e-02	1.242e-02	3.261e+02	  10.698	 77335.615
220000	27500	 3.4057	 1.0343	   1.5052	        1.5062	          0.0010	   1.5082	        1.5086	     1.1786	4.657e-04	1.692e-03	1.211e-02	1.222e-02	3.107e+02	  15.525	 77588.066
220800	27600	 3.4057	 1.0334	   1.5052	        1.5062	          0.0010	   1.5082	        1.5086	     1.1786	5.102e-04	1.691e-03	1.176e-02	1.188e-02	2.845e+02	  16.444	 77900.836
221600	27700	 3.4060	 1.0329	   1.5052	        1.5062	          0.0010	   1.5082	        1.5086	     1.1786	5.146e-04	1.691e-03	1.154e-02	1.166e-02	2.579e+02	  10.600	 78224.107
222400	27800	 3.4061	 1.0331	   1.5052	        1.5062	          0.0010	   1.5082	        1.5086	     1.1786	4.799e-04	1.691e-03	1.163e-02	1.175e-02	3.471e+02	   9.406	 78463.574
223200	27900	 3.4060	 1.0336	   1.5052	        1.5062	          0.0010	   1.5082	        1.5086	     1.1786	4.481e-04	1.692e-03	1.184e-02	1.196e-02	2.591e+02	  11.602	 78721.022
224000	28000	 3.4060	 1.0336	   1.5052	        1.5062	          0.0010	   1.5082	        1.5086	     1.1786	4.524e-04	1.692e-03	1.184e-02	1.196e-02	2.446e+02	  11.047	 78971.400
224800	28100	 3.4061	 1.0346	   1.5052	        1.5062	          0.0009	   1.5082	        1.5086	     1.1786	4.231e-04	1.693e-03	1.224e-02	1.235e-02	2.646e+02	  13.017	 79268.985
225600	28200	 3.4064	 1.0339	   1.5052	        1.5062	          0.0010	   1.5082	        1.5086	     1.1786	4.868e-04	1.693e-03	1.195e-02	1.206e-02	3.335e+02	   9.664	 79526.561
226400	28300	 3.4064	 1.0336	   1.5052	        1.5062	          0.0010	   1.5082	        1.5086	     1.1786	4.578e-04	1.692e-03	1.181e-02	1.193e-02	2.859e+02	  14.073	 79786.530
227200	28400	 3.4061	 1.0351	   1.5052	        1.5062	          0.0009	   1.5082	        1.5086	     1.1786	4.271e-04	1.694e-03	1.244e-02	1.256e-02	3.012e+02	  18.280	 80059.182
228000	28500	 3.4065	 1.0356	   1.5052	        1.5062	          0.0009	   1.5082	        1.5086	     1.1786	4.737e-04	1.695e-03	1.266e-02	1.277e-02	3.507e+02	  11.005	 80390.865
228800	28600	 3.4063	 1.0339	   1.5052	        1.5062	          0.0010	   1.5082	        1.5086	     1.1786	4.842e-04	1.692e-03	1.196e-02	1.208e-02	2.479e+02	   9.387	 80638.166
229600	28700	 3.4064	 1.0341	   1.5052	        1.5062	          0.0010	   1.5082	        1.5086	     1.1786	4.158e-04	1.693e-03	1.206e-02	1.218e-02	2.727e+02	  13.081	 80908.926
230400	28800	 3.4066	 1.0318	   1.5052	        1.5062	          0.0010	   1.5082	        1.5086	     1.1786	5.104e-04	1.690e-03	1.107e-02	1.120e-02	3.411e+02	  24.160	 81203.362
231200	28900	 3.4067	 1.0338	   1.5052	        1.5062	          0.0010	   1.5082	        1.5086	     1.1786	4.907e-04	1.693e-03	1.194e-02	1.206e-02	3.329e+02	   9.182	 81515.576
232000	29000	 3.4067	 1.0338	   1.5052	        1.5062	          0.0010	   1.5082	        1.5086	     1.1786	4.651e-04	1.693e-03	1.191e-02	1.203e-02	4.026e+02	  10.218	 81841.829
232800	29100	 3.4068	 1.0340	   1.5052	        1.5062	          0.0010	   1.5082	        1.5086	     1.1786	4.658e-04	1.693e-03	1.201e-02	1.212e-02	2.740e+02	  15.427	 82092.838
233600	29200	 3.4070	 1.0340	   1.5052	        1.5062	          0.0010	   1.5082	        1.5086	     1.1786	5.097e-04	1.693e-03	1.201e-02	1.213e-02	2.598e+02	  14.076	 82376.408
234400	29300	 3.4071	 1.0333	   1.5052	        1.5062	          0.0010	   1.5082	        1.5086	     1.1786	4.222e-04	1.693e-03	1.172e-02	1.184e-02	3.280e+02	  11.558	 82629.139
235200	29400	 3.4070	 1.0347	   1.5052	        1.5062	          0.0009	   1.5082	        1.5086	     1.1786	3.444e-04	1.694e-03	1.228e-02	1.239e-02	2.294e+02	   7.582	 82893.618
236000	29500	 3.4075	 1.0340	   1.5052	        1.5062	          0.0010	   1.5082	        1.5086	     1.1786	5.049e-04	1.694e-03	1.202e-02	1.214e-02	3.824e+02	  16.863	 83241.875
236800	29600	 3.4075	 1.0337	   1.5052	        1.5062	          0.0010	   1.5082	        1.5086	     1.1786	4.548e-04	1.693e-03	1.189e-02	1.201e-02	2.674e+02	  12.961	 83582.522
237600	29700	 3.4074	 1.0329	   1.5052	        1.5062	          0.0010	   1.5082	        1.5086	     1.1786	4.146e-04	1.692e-03	1.154e-02	1.167e-02	2.618e+02	  12.170	 83840.839
238400	29800	 3.4075	 1.0336	   1.5052	        1.5062	          0.0010	   1.5082	        1.5086	     1.1786	4.782e-04	1.693e-03	1.185e-02	1.197e-02	2.220e+02	  14.376	 84092.400
239200	29900	 3.4074	 1.0352	   1.5052	        1.5062	          0.0009	   1.5082	        1.5086	     1.1786	4.620e-04	1.695e-03	1.249e-02	1.260e-02	2.863e+02	   7.172	 84381.742
240000	30000	 3.4076	 1.0348	   1.5052	        1.5062	          0.0009	   1.5082	        1.5086	     1.1786	4.309e-04	1.695e-03	1.235e-02	1.247e-02	2.324e+02	  10.672	 84631.305
240800	30100	 3.4076	 1.0336	   1.5052	        1.5062	          0.0010	   1.5082	        1.5086	     1.1786	4.509e-04	1.693e-03	1.182e-02	1.194e-02	2.208e+02	  16.192	 84946.597
241600	30200	 3.4076	 1.0341	   1.5052	        1.5062	          0.0009	   1.5082	        1.5086	     1.1786	4.366e-04	1.694e-03	1.205e-02	1.217e-02	3.729e+02	  20.359	 85194.354
242400	30300	 3.4080	 1.0340	   1.5052	        1.5062	          0.0010	   1.5082	        1.5086	     1.1786	4.362e-04	1.694e-03	1.201e-02	1.213e-02	2.102e+02	   9.175	 85483.609
243200	30400	 3.4076	 1.0328	   1.5052	        1.5062	          0.0010	   1.5082	        1.5086	     1.1786	5.720e-04	1.692e-03	1.150e-02	1.163e-02	3.376e+02	  19.765	 85781.640
244000	30500	 3.4079	 1.0342	   1.5052	        1.5062	          0.0009	   1.5082	        1.5086	     1.1786	4.632e-04	1.694e-03	1.207e-02	1.219e-02	2.608e+02	  13.218	 86048.773
244800	30600	 3.4080	 1.0340	   1.5052	        1.5062	          0.0010	   1.5082	        1.5086	     1.1786	4.768e-04	1.694e-03	1.201e-02	1.212e-02	2.523e+02	   7.334	 86350.539
245600	30700	 3.4081	 1.0331	   1.5052	        1.5062	          0.0010	   1.5082	        1.5086	     1.1786	3.617e-04	1.693e-03	1.161e-02	1.173e-02	3.629e+02	  10.443	 86605.354
246400	30800	 3.4084	 1.0341	   1.5052	        1.5062	          0.0009	   1.5082	        1.5086	     1.1786	5.266e-04	1.695e-03	1.207e-02	1.218e-02	3.765e+02	  12.352	 86862.043
247200	30900	 3.4084	 1.0335	   1.5052	        1.5062	          0.0010	   1.5082	        1.5086	     1.1786	4.014e-04	1.694e-03	1.178e-02	1.190e-02	3.832e+02	   9.368	 87117.709
248000	31000	 3.4083	 1.0336	   1.5052	        1.5062	          0.0010	   1.5082	        1.5086	     1.1786	4.183e-04	1.694e-03	1.184e-02	1.196e-02	4.121e+02	  10.340	 87390.125
248800	31100	 3.4083	 1.0354	   1.5052	        1.5062	          0.0009	   1.5082	        1.5086	     1.1786	3.407e-04	1.696e-03	1.258e-02	1.269e-02	2.375e+02	   8.124	 87640.276
249600	31200	 3.4085	 1.0355	   1.5052	        1.5062	          0.0009	   1.5082	        1.5086	     1.1786	4.861e-04	1.696e-03	1.263e-02	1.274e-02	4.091e+02	  10.396	 87932.196
250400	31300	 3.4086	 1.0336	   1.5052	        1.5062	          0.0010	   1.5082	        1.5086	     1.1786	4.418e-04	1.694e-03	1.183e-02	1.195e-02	3.050e+02	  11.335	 88235.019
251200	31400	 3.4086	 1.0344	   1.5052	        1.5062	          0.0009	   1.5082	        1.5086	     1.1786	4.221e-04	1.695e-03	1.215e-02	1.227e-02	2.959e+02	  11.725	 88491.139
252000	31500	 3.4086	 1.0339	   1.5052	        1.5062	          0.0010	   1.5082	        1.5086	     1.1786	4.305e-04	1.695e-03	1.198e-02	1.210e-02	4.091e+02	  10.632	 88764.249
252800	31600	 3.4086	 1.0341	   1.5052	        1.5062	          0.0009	   1.5082	        1.5086	     1.1786	4.231e-04	1.695e-03	1.203e-02	1.215e-02	2.430e+02	  21.329	 89125.908
253600	31700	 3.4083	 1.0337	   1.5052	        1.5062	          0.0010	   1.5082	        1.5086	     1.1786	4.499e-04	1.694e-03	1.187e-02	1.199e-02	2.932e+02	  11.066	 89395.736
254400	31800	 3.4085	 1.0338	   1.5052	        1.5062	          0.0010	   1.5082	        1.5086	     1.1786	4.455e-04	1.694e-03	1.192e-02	1.204e-02	2.666e+02	   8.851	 89678.196
255200	31900	 3.4089	 1.0338	   1.5052	        1.5062	          0.0010	   1.5082	        1.5086	     1.1786	5.294e-04	1.695e-03	1.192e-02	1.204e-02	2.926e+02	  13.294	 89895.036
256000	32000	 3.4090	 1.0350	   1.5052	        1.5062	          0.0009	   1.5082	        1.5086	     1.1786	3.888e-04	1.696e-03	1.244e-02	1.255e-02	2.463e+02	  11.316	 90126.415
256800	32100	 3.4089	 1.0340	   1.5052	        1.5062	          0.0009	   1.5082	        1.5086	     1.1786	3.733e-04	1.695e-03	1.200e-02	1.212e-02	2.808e+02	  22.285	 90430.274
257600	32200	 3.4090	 1.0339	   1.5052	        1.5062	          0.0010	   1.5082	        1.5086	     1.1786	4.792e-04	1.695e-03	1.194e-02	1.206e-02	3.596e+02	  23.851	 90722.587
258400	32300	 3.4090	 1.0319	   1.5052	        1.5062	          0.0010	   1.5082	        1.5086	     1.1786	3.796e-04	1.693e-03	1.111e-02	1.124e-02	2.783e+02	  15.831	 91000.203
259200	32400	 3.4092	 1.0332	   1.5052	        1.5062	          0.0010	   1.5082	        1.5086	     1.1786	4.781e-04	1.694e-03	1.169e-02	1.181e-02	2.343e+02	  10.238	 91275.844
260000	32500	 3.4093	 1.0337	   1.5052	        1.5062	          0.0010	   1.5082	        1.5086	     1.1786	4.680e-04	1.695e-03	1.188e-02	1.200e-02	2.819e+02	  14.581	 91576.870
260800	32600	 3.4093	 1.0342	   1.5052	        1.5062	          0.0009	   1.5082	        1.5086	     1.1786	4.715e-04	1.696e-03	1.210e-02	1.222e-02	2.442e+02	  16.904	 91856.429
261600	32700	 3.4096	 1.0336	   1.5052	        1.5062	          0.0010	   1.5082	        1.5086	     1.1786	3.559e-04	1.695e-03	1.184e-02	1.196e-02	3.308e+02	  11.384	 92153.745
262400	32800	 3.4097	 1.0346	   1.5052	        1.5062	          0.0009	   1.5082	        1.5086	     1.1786	3.584e-04	1.696e-03	1.227e-02	1.238e-02	3.466e+02	  24.806	 92410.142
263200	32900	 3.4094	 1.0350	   1.5052	        1.5062	          0.0009	   1.5082	        1.5086	     1.1786	4.074e-04	1.697e-03	1.243e-02	1.254e-02	2.166e+02	  11.410	 92710.573
264000	33000	 3.4098	 1.0336	   1.5052	        1.5062	          0.0010	   1.5082	        1.5086	     1.1786	3.672e-04	1.695e-03	1.186e-02	1.198e-02	2.870e+02	  23.658	 93064.988
264800	33100	 3.4095	 1.0345	   1.5052	        1.5062	          0.0009	   1.5082	        1.5086	     1.1786	4.610e-04	1.696e-03	1.221e-02	1.233e-02	3.020e+02	   6.661	 93316.309
265600	33200	 3.4100	 1.0355	   1.5052	        1.5062	          0.0009	   1.5082	        1.5086	     1.1786	5.073e-04	1.698e-03	1.263e-02	1.275e-02	3.211e+02	  10.969	 93603.675
266400	33300	 3.4099	 1.0345	   1.5052	        1.5062	          0.0009	   1.5082	        1.5086	     1.1786	4.297e-04	1.696e-03	1.220e-02	1.232e-02	2.697e+02	   8.915	 93842.347
267200	33400	 3.4099	 1.0344	   1.5052	        1.5062	          0.0009	   1.5082	        1.5086	     1.1786	4.318e-04	1.696e-03	1.219e-02	1.231e-02	2.578e+02	  11.235	 94060.336
268000	33500	 3.4098	 1.0341	   1.5052	        1.5062	          0.0009	   1.5082	        1.5086	     1.1786	4.560e-04	1.696e-03	1.205e-02	1.217e-02	2.046e+02	   5.741	 94315.610
268800	33600	 3.4098	 1.0343	   1.5052	        1.5062	          0.0009	   1.5082	        1.5086	     1.1786	5.194e-04	1.696e-03	1.213e-02	1.225e-02	4.217e+02	   9.976	 94572.326
269600	33700	 3.4101	 1.0335	   1.5052	        1.5062	          0.0010	   1.5082	        1.5086	     1.1786	5.540e-04	1.695e-03	1.182e-02	1.194e-02	2.129e+02	   9.082	 94798.619
270400	33800	 3.4101	 1.0340	   1.5052	        1.5062	          0.0009	   1.5082	        1.5086	     1.1786	4.342e-04	1.696e-03	1.201e-02	1.213e-02	2.797e+02	  15.709	 95044.996
271200	33900	 3.4102	 1.0351	   1.5052	        1.5062	          0.0009	   1.5082	        1.5086	     1.1786	5.002e-04	1.697e-03	1.248e-02	1.260e-02	3.675e+02	  11.647	 95307.271
272000	34000	 3.4103	 1.0342	   1.5052	        1.5062	          0.0009	   1.5082	        1.5086	     1.1786	4.342e-04	1.696e-03	1.209e-02	1.221e-02	3.695e+02	  24.296	 95601.294
272800	34100	 3.4103	 1.0343	   1.5052	        1.5062	          0.0009	   1.5082	        1.5086	     1.1786	4.603e-04	1.697e-03	1.211e-02	1.223e-02	2.753e+02	   8.868	 95878.670
273600	34200	 3.4105	 1.0337	   1.5052	        1.5062	          0.0009	   1.5082	        1.5086	     1.1786	4.627e-04	1.696e-03	1.189e-02	1.201e-02	3.205e+02	  12.876	 96130.664
274400	34300	 3.4103	 1.0337	   1.5052	        1.5062	          0.0009	   1.5082	        1.5086	     1.1786	5.297e-04	1.696e-03	1.190e-02	1.202e-02	3.011e+02	  13.576	 96393.198
275200	34400	 3.4106	 1.0329	   1.5052	        1.5062	          0.0010	   1.5082	        1.5086	     1.1786	4.220e-04	1.695e-03	1.156e-02	1.168e-02	2.840e+02	  10.576	 96621.890
276000	34500	 3.4106	 1.0345	   1.5052	        1.5062	          0.0009	   1.5082	        1.5086	     1.1786	3.760e-04	1.697e-03	1.222e-02	1.234e-02	2.207e+02	   9.589	 96874.805
276800	34600	 3.4103	 1.0346	   1.5052	        1.5062	          0.0009	   1.5082	        1.5086	     1.1786	4.433e-04	1.697e-03	1.226e-02	1.237e-02	3.559e+02	  12.313	 97137.502
277600	34700	 3.4107	 1.0336	   1.5052	        1.5062	          0.0010	   1.5082	        1.5086	     1.1786	4.138e-04	1.696e-03	1.185e-02	1.197e-02	2.929e+02	  12.442	 97389.084
278400	34800	 3.4106	 1.0341	   1.5052	        1.5062	          0.0009	   1.5082	        1.5086	     1.1786	4.331e-04	1.697e-03	1.206e-02	1.218e-02	2.222e+02	  12.041	 97716.666
279200	34900	 3.4107	 1.0327	   1.5052	        1.5062	          0.0010	   1.5082	        1.5086	     1.1786	4.153e-04	1.695e-03	1.146e-02	1.158e-02	2.525e+02	  11.874	 98024.490
280000	35000	 3.4107	 1.0336	   1.5052	        1.5062	          0.0010	   1.5082	        1.5086	     1.1786	4.500e-04	1.696e-03	1.186e-02	1.198e-02	2.339e+02	  10.477	 98325.100
280800	35100	 3.4108	 1.0345	   1.5052	        1.5062	          0.0009	   1.5082	        1.5086	     1.1786	4.702e-04	1.697e-03	1.220e-02	1.232e-02	3.149e+02	  14.640	 98559.991
281600	35200	 3.4109	 1.0339	   1.5052	        1.5062	          0.0009	   1.5082	        1.5086	     1.1786	4.115e-04	1.697e-03	1.198e-02	1.210e-02	2.749e+02	  21.130	 98830.630
282400	35300	 3.4109	 1.0328	   1.5052	        1.5062	          0.0010	   1.5082	        1.5086	     1.1786	3.947e-04	1.695e-03	1.152e-02	1.165e-02	3.109e+02	  13.301	 99128.460
283200	35400	 3.4110	 1.0344	   1.5052	        1.5062	          0.0009	   1.5082	        1.5086	     1.1786	4.378e-04	1.697e-03	1.219e-02	1.230e-02	3.286e+02	   5.596	 99408.425
284000	35500	 3.4109	 1.0348	   1.5052	        1.5062	          0.0009	   1.5082	        1.5086	     1.1786	4.128e-04	1.698e-03	1.233e-02	1.244e-02	3.121e+02	  11.386	 99679.743
284800	35600	 3.4111	 1.0352	   1.5052	        1.5062	          0.0009	   1.5082	        1.5086	     1.1786	3.541e-04	1.698e-03	1.250e-02	1.261e-02	3.166e+02	  16.199	 99990.350
285600	35700	 3.4112	 1.0341	   1.5052	        1.5062	          0.0009	   1.5082	        1.5086	     1.1786	3.899e-04	1.697e-03	1.204e-02	1.215e-02	3.286e+02	  13.692	100256.198
286400	35800	 3.4111	 1.0338	   1.5052	        1.5062	          0.0009	   1.5082	        1.5086	     1.1786	4.687e-04	1.697e-03	1.194e-02	1.206e-02	2.983e+02	  10.597	100522.150
287200	35900	 3.4111	 1.0352	   1.5052	        1.5062	          0.0009	   1.5082	        1.5086	     1.1786	4.864e-04	1.698e-03	1.250e-02	1.261e-02	3.034e+02	   7.903	100775.350
288000	36000	 3.4113	 1.0326	   1.5052	        1.5062	          0.0010	   1.5082	        1.5086	     1.1786	4.280e-04	1.696e-03	1.144e-02	1.156e-02	3.060e+02	  11.176	101003.358
288800	36100	 3.4113	 1.0339	   1.5052	        1.5062	          0.0009	   1.5082	        1.5086	     1.1786	4.049e-04	1.697e-03	1.198e-02	1.210e-02	4.472e+02	  10.515	101232.698
289600	36200	 3.4112	 1.0339	   1.5052	        1.5062	          0.0009	   1.5082	        1.5086	     1.1786	4.543e-04	1.697e-03	1.198e-02	1.210e-02	3.305e+02	   9.192	101462.922
290400	36300	 3.4112	 1.0346	   1.5052	        1.5062	          0.0009	   1.5082	        1.5086	     1.1786	4.110e-04	1.698e-03	1.227e-02	1.239e-02	2.795e+02	   9.441	101757.460
291200	36400	 3.4114	 1.0338	   1.5052	        1.5062	          0.0009	   1.5082	        1.5086	     1.1786	3.762e-04	1.697e-03	1.193e-02	1.205e-02	2.847e+02	  10.056	102076.990
292000	36500	 3.4115	 1.0334	   1.5052	        1.5062	          0.0010	   1.5082	        1.5086	     1.1786	3.227e-04	1.697e-03	1.174e-02	1.186e-02	3.128e+02	   7.555	102353.615
292800	36600	 3.4117	 1.0340	   1.5052	        1.5062	          0.0009	   1.5082	        1.5086	     1.1786	4.500e-04	1.697e-03	1.199e-02	1.211e-02	2.574e+02	  11.913	102589.942
293600	36700	 3.4118	 1.0352	   1.5052	        1.5062	          0.0009	   1.5082	        1.5086	     1.1786	3.919e-04	1.699e-03	1.251e-02	1.262e-02	2.831e+02	  23.966	102882.945
294400	36800	 3.4117	 1.0333	   1.5052	        1.5062	          0.0010	   1.5082	        1.5086	     1.1786	3.851e-04	1.697e-03	1.170e-02	1.182e-02	2.952e+02	   9.592	103122.902
295200	36900	 3.4119	 1.0337	   1.5052	        1.5062	          0.0009	   1.5082	        1.5086	     1.1786	4.041e-04	1.697e-03	1.188e-02	1.200e-02	4.035e+02	  15.013	103457.258
296000	37000	 3.4120	 1.0338	   1.5052	        1.5062	          0.0009	   1.5082	        1.5086	     1.1786	3.747e-04	1.698e-03	1.194e-02	1.206e-02	4.090e+02	   9.334	103726.664
296800	37100	 3.4119	 1.0338	   1.5052	        1.5062	          0.0009	   1.5082	        1.5086	     1.1786	4.110e-04	1.697e-03	1.193e-02	1.205e-02	2.385e+02	  18.687	104014.738
297600	37200	 3.4119	 1.0346	   1.5052	        1.5062	          0.0009	   1.5082	        1.5086	     1.1786	3.837e-04	1.698e-03	1.224e-02	1.236e-02	2.520e+02	  15.506	104287.136
298400	37300	 3.4118	 1.0358	   1.5052	        1.5062	          0.0009	   1.5082	        1.5086	     1.1786	4.807e-04	1.700e-03	1.276e-02	1.287e-02	3.323e+02	  12.922	104541.652
299200	37400	 3.4121	 1.0341	   1.5052	        1.5062	          0.0009	   1.5082	        1.5086	     1.1786	3.574e-04	1.698e-03	1.207e-02	1.219e-02	3.481e+02	  15.737	104913.192
300000	37500	 3.4121	 1.0328	   1.5052	        1.5062	          0.0010	   1.5082	        1.5086	     1.1786	3.542e-04	1.696e-03	1.149e-02	1.162e-02	3.252e+02	  24.870	105257.547