[GPU 1][JOB 2] 'python cli.py scgd --n 1024 --lengthscale 0.5 --sigma-f2-true 4.0 --sigma-eps2-true 1.0 --n-epochs 2000000 --print-every 800 --device auto --kernel-mode rbf --a0 1e-3 --b0 0.1 --a-decay 0.3 --b-decay 0.2 --w-init-scale 0.1 --warm-start-w --num-features 128 --decay-start-epoch 0 --seed 1 --batch-size 128 --sigma-f2-init 5.0 --sigma-eps2-init 3.0 '
[CLI] Using torch default dtype torch.float64.

=== SCGD + ORF (TMLR Algorithm 2, sigma_f2-only) ===
iter	epoch	σ_f²	σ_ε²	real_nlml	real_nlml_true	real_nlml_abs_err	orf_nlml	orf_nlml_true	approx_nlml	|F~ - F|/|F|	∇σ_f²		∇σ_ε²		||grad||		||∇_w||	duration_s	wall_time_s
 800	100	 4.8980	 1.0776	   1.4895	        1.4858	          0.0037	   1.5239	        1.5248	     1.2104	3.366e-03	1.002e-03	5.391e-02	5.392e-02	4.041e+02	  13.316	   304.581
1600	200	 4.8287	 1.0703	   1.4890	        1.4858	          0.0032	   1.5238	        1.5248	     1.2099	2.042e-03	9.544e-04	5.160e-02	5.161e-02	4.056e+02	  16.307	   571.159
2400	300	 4.7806	 1.0575	   1.4883	        1.4858	          0.0026	   1.5238	        1.5248	     1.2098	1.827e-03	9.158e-04	4.746e-02	4.747e-02	3.554e+02	  13.079	   850.321
3200	400	 4.7399	 1.0707	   1.4889	        1.4858	          0.0032	   1.5238	        1.5248	     1.2098	2.071e-03	8.938e-04	5.170e-02	5.170e-02	4.146e+02	  15.580	  1150.415
4000	500	 4.7140	 1.0624	   1.4885	        1.4858	          0.0027	   1.5238	        1.5248	     1.2097	1.764e-03	8.710e-04	4.903e-02	4.904e-02	3.074e+02	  12.811	  1434.407
4800	600	 4.6903	 1.0571	   1.4882	        1.4858	          0.0025	   1.5238	        1.5248	     1.2097	1.341e-03	8.507e-04	4.728e-02	4.729e-02	3.167e+02	  11.303	  1734.062
5600	700	 4.6721	 1.0704	   1.4889	        1.4858	          0.0031	   1.5238	        1.5248	     1.2098	1.668e-03	8.439e-04	5.158e-02	5.158e-02	2.704e+02	  13.839	  2033.233
6400	800	 4.6539	 1.0676	   1.4887	        1.4858	          0.0029	   1.5238	        1.5248	     1.2097	9.647e-04	8.286e-04	5.066e-02	5.067e-02	2.920e+02	   9.529	  2308.754
7200	900	 4.6398	 1.0587	   1.4883	        1.4858	          0.0025	   1.5238	        1.5248	     1.2097	1.400e-03	8.130e-04	4.778e-02	4.779e-02	3.935e+02	  11.969	  2596.861
8000	1000	 4.6320	 1.0631	   1.4885	        1.4858	          0.0027	   1.5238	        1.5248	     1.2097	1.016e-03	8.093e-04	4.923e-02	4.924e-02	3.307e+02	  13.559	  2886.146
8800	1100	 4.6198	 1.0633	   1.4885	        1.4858	          0.0027	   1.5238	        1.5248	     1.2097	1.369e-03	7.998e-04	4.929e-02	4.930e-02	4.168e+02	  11.733	  3166.494
9600	1200	 4.6122	 1.0608	   1.4883	        1.4858	          0.0026	   1.5238	        1.5248	     1.2097	1.401e-03	7.923e-04	4.848e-02	4.848e-02	3.940e+02	  12.407	  3458.490
10400	1300	 4.6053	 1.0635	   1.4885	        1.4858	          0.0027	   1.5238	        1.5248	     1.2097	1.232e-03	7.883e-04	4.933e-02	4.934e-02	3.179e+02	  16.126	  3744.422
11200	1400	 4.5982	 1.0579	   1.4882	        1.4858	          0.0024	   1.5238	        1.5248	     1.2097	9.989e-04	7.795e-04	4.750e-02	4.750e-02	3.132e+02	  11.324	  4020.888
12000	1500	 4.5928	 1.0654	   1.4886	        1.4858	          0.0028	   1.5238	        1.5248	     1.2097	9.801e-04	7.792e-04	4.995e-02	4.995e-02	4.752e+02	  12.698	  4332.052
12800	1600	 4.5885	 1.0638	   1.4885	        1.4858	          0.0027	   1.5238	        1.5248	     1.2097	1.120e-03	7.749e-04	4.942e-02	4.943e-02	2.536e+02	  10.370	  4628.973
13600	1700	 4.5855	 1.0598	   1.4883	        1.4858	          0.0025	   1.5238	        1.5248	     1.2097	1.258e-03	7.702e-04	4.813e-02	4.814e-02	3.788e+02	  10.079	  4918.884
14400	1800	 4.5815	 1.0610	   1.4883	        1.4858	          0.0026	   1.5238	        1.5248	     1.2097	1.124e-03	7.676e-04	4.849e-02	4.850e-02	2.911e+02	  11.279	  5207.632
15200	1900	 4.5771	 1.0616	   1.4884	        1.4858	          0.0026	   1.5238	        1.5248	     1.2097	1.229e-03	7.643e-04	4.871e-02	4.871e-02	4.124e+02	  14.774	  5515.339
16000	2000	 4.5761	 1.0628	   1.4884	        1.4858	          0.0026	   1.5238	        1.5248	     1.2097	8.836e-04	7.641e-04	4.909e-02	4.910e-02	2.599e+02	  10.853	  5806.110
16800	2100	 4.5724	 1.0616	   1.4883	        1.4858	          0.0026	   1.5238	        1.5248	     1.2097	9.346e-04	7.604e-04	4.870e-02	4.871e-02	3.645e+02	  12.263	  6100.296
17600	2200	 4.5715	 1.0619	   1.4884	        1.4858	          0.0026	   1.5238	        1.5248	     1.2097	1.118e-03	7.598e-04	4.881e-02	4.881e-02	3.243e+02	  12.355	  6388.644
18400	2300	 4.5703	 1.0631	   1.4884	        1.4858	          0.0026	   1.5238	        1.5248	     1.2097	8.638e-04	7.595e-04	4.919e-02	4.920e-02	4.193e+02	  11.523	  6697.527
19200	2400	 4.5683	 1.0625	   1.4884	        1.4858	          0.0026	   1.5238	        1.5248	     1.2097	8.823e-04	7.575e-04	4.900e-02	4.900e-02	4.171e+02	  11.308	  6984.795
20000	2500	 4.5665	 1.0634	   1.4884	        1.4858	          0.0027	   1.5238	        1.5248	     1.2097	7.758e-04	7.565e-04	4.930e-02	4.930e-02	2.773e+02	  13.198	  7276.825
20800	2600	 4.5673	 1.0639	   1.4885	        1.4858	          0.0027	   1.5238	        1.5248	     1.2097	8.197e-04	7.574e-04	4.944e-02	4.944e-02	3.012e+02	  13.714	  7575.789
21600	2700	 4.5670	 1.0650	   1.4885	        1.4858	          0.0027	   1.5238	        1.5248	     1.2097	8.634e-04	7.578e-04	4.979e-02	4.980e-02	3.734e+02	  12.313	  7868.724
22400	2800	 4.5653	 1.0644	   1.4885	        1.4858	          0.0027	   1.5238	        1.5248	     1.2097	1.216e-03	7.561e-04	4.962e-02	4.962e-02	4.343e+02	  10.328	  8158.601
23200	2900	 4.5655	 1.0626	   1.4884	        1.4858	          0.0026	   1.5238	        1.5248	     1.2097	8.205e-04	7.553e-04	4.902e-02	4.903e-02	3.693e+02	  13.776	  8440.880
24000	3000	 4.5659	 1.0604	   1.4883	        1.4858	          0.0025	   1.5238	        1.5248	     1.2097	1.142e-03	7.543e-04	4.829e-02	4.830e-02	2.839e+02	  10.136	  8728.936
24800	3100	 4.5655	 1.0598	   1.4883	        1.4858	          0.0025	   1.5238	        1.5248	     1.2097	8.002e-04	7.537e-04	4.809e-02	4.810e-02	4.471e+02	  14.429	  9029.398
25600	3200	 4.5654	 1.0641	   1.4885	        1.4858	          0.0027	   1.5238	        1.5248	     1.2097	8.411e-04	7.559e-04	4.950e-02	4.950e-02	2.369e+02	   8.476	  9302.114
26400	3300	 4.5656	 1.0655	   1.4885	        1.4858	          0.0028	   1.5238	        1.5248	     1.2097	8.422e-04	7.569e-04	4.996e-02	4.997e-02	4.103e+02	   9.667	  9572.084
27200	3400	 4.5652	 1.0584	   1.4882	        1.4858	          0.0024	   1.5238	        1.5248	     1.2097	8.014e-04	7.527e-04	4.765e-02	4.765e-02	3.634e+02	  13.929	  9837.603
28000	3500	 4.5660	 1.0579	   1.4882	        1.4858	          0.0024	   1.5238	        1.5248	     1.2097	8.737e-04	7.530e-04	4.748e-02	4.748e-02	2.532e+02	  11.516	 10114.453
28800	3600	 4.5664	 1.0617	   1.4883	        1.4858	          0.0026	   1.5238	        1.5248	     1.2097	8.201e-04	7.555e-04	4.874e-02	4.875e-02	4.093e+02	  11.666	 10395.342
29600	3700	 4.5666	 1.0644	   1.4885	        1.4858	          0.0027	   1.5238	        1.5248	     1.2097	7.494e-04	7.571e-04	4.959e-02	4.960e-02	2.946e+02	  11.562	 10683.908
30400	3800	 4.5674	 1.0629	   1.4884	        1.4858	          0.0026	   1.5238	        1.5248	     1.2097	8.125e-04	7.570e-04	4.912e-02	4.912e-02	3.534e+02	  11.270	 10988.621
31200	3900	 4.5674	 1.0609	   1.4883	        1.4858	          0.0025	   1.5238	        1.5248	     1.2097	8.571e-04	7.558e-04	4.847e-02	4.848e-02	3.937e+02	  12.871	 11257.512
32000	4000	 4.5674	 1.0627	   1.4884	        1.4858	          0.0026	   1.5238	        1.5248	     1.2097	8.292e-04	7.569e-04	4.906e-02	4.907e-02	3.409e+02	  11.958	 11543.437
32800	4100	 4.5687	 1.0614	   1.4883	        1.4858	          0.0026	   1.5238	        1.5248	     1.2097	6.664e-04	7.572e-04	4.862e-02	4.863e-02	3.268e+02	  13.509	 11827.012
33600	4200	 4.5695	 1.0631	   1.4884	        1.4858	          0.0026	   1.5238	        1.5248	     1.2097	9.026e-04	7.588e-04	4.919e-02	4.919e-02	3.898e+02	  13.618	 12096.119
34400	4300	 4.5695	 1.0615	   1.4883	        1.4858	          0.0026	   1.5238	        1.5248	     1.2097	8.930e-04	7.580e-04	4.868e-02	4.868e-02	3.234e+02	  12.245	 12399.837
35200	4400	 4.5703	 1.0619	   1.4884	        1.4858	          0.0026	   1.5238	        1.5248	     1.2097	8.284e-04	7.589e-04	4.880e-02	4.881e-02	3.635e+02	  13.690	 12692.172
36000	4500	 4.5707	 1.0607	   1.4883	        1.4858	          0.0025	   1.5238	        1.5248	     1.2097	7.792e-04	7.585e-04	4.840e-02	4.840e-02	3.165e+02	  12.365	 12982.890
36800	4600	 4.5712	 1.0602	   1.4883	        1.4858	          0.0025	   1.5238	        1.5248	     1.2097	8.876e-04	7.587e-04	4.824e-02	4.824e-02	2.990e+02	  12.090	 13279.778
37600	4700	 4.5720	 1.0638	   1.4885	        1.4858	          0.0027	   1.5238	        1.5248	     1.2097	7.096e-04	7.613e-04	4.940e-02	4.941e-02	3.449e+02	  13.164	 13571.708
38400	4800	 4.5721	 1.0602	   1.4883	        1.4858	          0.0025	   1.5238	        1.5248	     1.2097	7.355e-04	7.594e-04	4.823e-02	4.823e-02	3.845e+02	  12.217	 13860.712
39200	4900	 4.5730	 1.0606	   1.4883	        1.4858	          0.0025	   1.5238	        1.5248	     1.2097	6.310e-04	7.603e-04	4.836e-02	4.837e-02	2.620e+02	  12.781	 14162.993
40000	5000	 4.5741	 1.0606	   1.4883	        1.4858	          0.0025	   1.5238	        1.5248	     1.2097	9.151e-04	7.613e-04	4.839e-02	4.839e-02	2.375e+02	  14.264	 14438.041
40800	5100	 4.5748	 1.0595	   1.4882	        1.4858	          0.0025	   1.5238	        1.5248	     1.2097	6.902e-04	7.613e-04	4.803e-02	4.803e-02	3.445e+02	  12.204	 14732.633
41600	5200	 4.5754	 1.0604	   1.4883	        1.4858	          0.0025	   1.5238	        1.5248	     1.2097	7.308e-04	7.622e-04	4.831e-02	4.832e-02	3.637e+02	  12.921	 15020.285
42400	5300	 4.5764	 1.0621	   1.4884	        1.4858	          0.0026	   1.5238	        1.5248	     1.2097	6.856e-04	7.639e-04	4.885e-02	4.886e-02	3.633e+02	   9.163	 15294.652
43200	5400	 4.5767	 1.0618	   1.4884	        1.4858	          0.0026	   1.5238	        1.5248	     1.2097	5.065e-04	7.641e-04	4.878e-02	4.879e-02	2.639e+02	  13.242	 15592.761
44000	5500	 4.5779	 1.0598	   1.4883	        1.4858	          0.0025	   1.5238	        1.5248	     1.2097	7.359e-04	7.640e-04	4.811e-02	4.812e-02	3.253e+02	   9.690	 15874.271
44800	5600	 4.5790	 1.0613	   1.4883	        1.4858	          0.0026	   1.5238	        1.5248	     1.2097	7.886e-04	7.657e-04	4.861e-02	4.861e-02	3.275e+02	  11.423	 16153.802
45600	5700	 4.5793	 1.0616	   1.4884	        1.4858	          0.0026	   1.5238	        1.5248	     1.2097	5.753e-04	7.661e-04	4.871e-02	4.871e-02	3.760e+02	  15.415	 16455.798
46400	5800	 4.5799	 1.0619	   1.4884	        1.4858	          0.0026	   1.5238	        1.5248	     1.2097	6.810e-04	7.667e-04	4.880e-02	4.880e-02	3.634e+02	  10.533	 16743.878
47200	5900	 4.5808	 1.0620	   1.4884	        1.4858	          0.0026	   1.5238	        1.5248	     1.2097	9.684e-04	7.675e-04	4.884e-02	4.884e-02	2.989e+02	  10.669	 17020.090
48000	6000	 4.5815	 1.0594	   1.4882	        1.4858	          0.0025	   1.5238	        1.5248	     1.2097	6.877e-04	7.667e-04	4.797e-02	4.798e-02	2.981e+02	  16.822	 17305.927
48800	6100	 4.5815	 1.0613	   1.4883	        1.4858	          0.0026	   1.5238	        1.5248	     1.2097	8.743e-04	7.678e-04	4.862e-02	4.862e-02	5.351e+02	  14.936	 17605.414
49600	6200	 4.5830	 1.0604	   1.4883	        1.4858	          0.0025	   1.5238	        1.5248	     1.2097	6.303e-04	7.685e-04	4.831e-02	4.832e-02	3.491e+02	  18.450	 17921.295
50400	6300	 4.5848	 1.0612	   1.4883	        1.4858	          0.0026	   1.5238	        1.5248	     1.2097	6.811e-04	7.704e-04	4.857e-02	4.858e-02	2.901e+02	  13.045	 18194.349
51200	6400	 4.5849	 1.0629	   1.4884	        1.4858	          0.0026	   1.5238	        1.5248	     1.2097	6.456e-04	7.714e-04	4.912e-02	4.913e-02	3.803e+02	  11.675	 18476.225
52000	6500	 4.5851	 1.0602	   1.4883	        1.4858	          0.0025	   1.5238	        1.5248	     1.2097	6.650e-04	7.701e-04	4.826e-02	4.827e-02	3.495e+02	  12.854	 18753.351
52800	6600	 4.5860	 1.0613	   1.4883	        1.4858	          0.0026	   1.5238	        1.5248	     1.2097	8.052e-04	7.715e-04	4.862e-02	4.863e-02	3.232e+02	   9.936	 19041.703
53600	6700	 4.5873	 1.0620	   1.4884	        1.4858	          0.0026	   1.5238	        1.5248	     1.2097	6.920e-04	7.729e-04	4.884e-02	4.885e-02	4.322e+02	  11.297	 19334.676
54400	6800	 4.5882	 1.0587	   1.4882	        1.4858	          0.0025	   1.5238	        1.5248	     1.2097	8.738e-04	7.718e-04	4.777e-02	4.777e-02	3.175e+02	  10.895	 19630.556
55200	6900	 4.5892	 1.0601	   1.4883	        1.4858	          0.0025	   1.5238	        1.5248	     1.2097	8.218e-04	7.734e-04	4.822e-02	4.823e-02	3.922e+02	  11.661	 19915.285
56000	7000	 4.5893	 1.0597	   1.4883	        1.4858	          0.0025	   1.5238	        1.5248	     1.2097	7.882e-04	7.732e-04	4.808e-02	4.809e-02	2.653e+02	  13.772	 20189.126
56800	7100	 4.5893	 1.0598	   1.4883	        1.4858	          0.0025	   1.5238	        1.5248	     1.2097	7.598e-04	7.733e-04	4.811e-02	4.812e-02	3.723e+02	  10.249	 20470.156
57600	7200	 4.5909	 1.0623	   1.4884	        1.4858	          0.0026	   1.5238	        1.5248	     1.2097	8.552e-04	7.760e-04	4.895e-02	4.896e-02	4.919e+02	  11.535	 20765.644
58400	7300	 4.5912	 1.0613	   1.4883	        1.4858	          0.0026	   1.5238	        1.5248	     1.2097	6.355e-04	7.757e-04	4.860e-02	4.861e-02	3.478e+02	  10.669	 21030.456
59200	7400	 4.5915	 1.0607	   1.4883	        1.4858	          0.0025	   1.5238	        1.5248	     1.2097	4.777e-04	7.756e-04	4.841e-02	4.842e-02	3.438e+02	   8.949	 21310.380
60000	7500	 4.5931	 1.0611	   1.4883	        1.4858	          0.0026	   1.5238	        1.5248	     1.2097	8.002e-04	7.771e-04	4.855e-02	4.856e-02	2.500e+02	  17.825	 21595.055
60800	7600	 4.5936	 1.0624	   1.4884	        1.4858	          0.0026	   1.5238	        1.5248	     1.2097	6.238e-04	7.783e-04	4.898e-02	4.899e-02	2.615e+02	  15.703	 21869.451
61600	7700	 4.5943	 1.0613	   1.4883	        1.4858	          0.0026	   1.5238	        1.5248	     1.2097	6.534e-04	7.782e-04	4.861e-02	4.861e-02	2.972e+02	  15.283	 22158.803
62400	7800	 4.5947	 1.0601	   1.4883	        1.4858	          0.0025	   1.5238	        1.5248	     1.2097	5.021e-04	7.779e-04	4.824e-02	4.824e-02	3.987e+02	  16.089	 22442.122
63200	7900	 4.5952	 1.0586	   1.4882	        1.4858	          0.0025	   1.5238	        1.5248	     1.2097	5.027e-04	7.775e-04	4.774e-02	4.774e-02	2.271e+02	  13.605	 22724.055
64000	8000	 4.5961	 1.0590	   1.4882	        1.4858	          0.0025	   1.5238	        1.5248	     1.2097	6.050e-04	7.784e-04	4.787e-02	4.787e-02	3.322e+02	  11.593	 22992.727
64800	8100	 4.5969	 1.0585	   1.4882	        1.4858	          0.0024	   1.5238	        1.5248	     1.2097	6.278e-04	7.788e-04	4.771e-02	4.772e-02	3.678e+02	  13.383	 23276.296
65600	8200	 4.5973	 1.0603	   1.4883	        1.4858	          0.0025	   1.5238	        1.5248	     1.2097	8.270e-04	7.801e-04	4.830e-02	4.831e-02	3.027e+02	  15.182	 23572.809
66400	8300	 4.5982	 1.0601	   1.4883	        1.4858	          0.0025	   1.5238	        1.5248	     1.2097	5.248e-04	7.807e-04	4.824e-02	4.825e-02	3.583e+02	   9.747	 23867.790
67200	8400	 4.5986	 1.0610	   1.4883	        1.4858	          0.0026	   1.5238	        1.5248	     1.2097	5.040e-04	7.815e-04	4.853e-02	4.854e-02	4.553e+02	  13.815	 24134.496
68000	8500	 4.5990	 1.0608	   1.4883	        1.4858	          0.0026	   1.5238	        1.5248	     1.2097	6.074e-04	7.818e-04	4.847e-02	4.847e-02	3.420e+02	  11.310	 24400.960
68800	8600	 4.6004	 1.0591	   1.4882	        1.4858	          0.0025	   1.5238	        1.5248	     1.2097	6.253e-04	7.819e-04	4.790e-02	4.791e-02	2.892e+02	  12.088	 24696.448
69600	8700	 4.6008	 1.0604	   1.4883	        1.4858	          0.0025	   1.5238	        1.5248	     1.2097	6.439e-04	7.830e-04	4.834e-02	4.834e-02	2.922e+02	  13.058	 24978.814
70400	8800	 4.6019	 1.0595	   1.4883	        1.4858	          0.0025	   1.5238	        1.5248	     1.2097	6.420e-04	7.834e-04	4.803e-02	4.804e-02	3.819e+02	  13.725	 25275.736
71200	8900	 4.6021	 1.0630	   1.4884	        1.4858	          0.0027	   1.5238	        1.5248	     1.2097	5.750e-04	7.854e-04	4.917e-02	4.918e-02	3.351e+02	  14.558	 25573.534
72000	9000	 4.6023	 1.0594	   1.4883	        1.4858	          0.0025	   1.5238	        1.5248	     1.2097	4.618e-04	7.836e-04	4.799e-02	4.800e-02	3.308e+02	  17.496	 25849.725
72800	9100	 4.6033	 1.0595	   1.4883	        1.4858	          0.0025	   1.5238	        1.5248	     1.2097	5.684e-04	7.845e-04	4.803e-02	4.804e-02	3.073e+02	  11.253	 26112.147
73600	9200	 4.6036	 1.0618	   1.4884	        1.4858	          0.0026	   1.5238	        1.5248	     1.2097	6.249e-04	7.860e-04	4.879e-02	4.880e-02	3.419e+02	  11.581	 26406.985
74400	9300	 4.6053	 1.0593	   1.4883	        1.4858	          0.0025	   1.5238	        1.5248	     1.2097	7.266e-04	7.860e-04	4.797e-02	4.798e-02	2.461e+02	  13.782	 26695.595
75200	9400	 4.6052	 1.0596	   1.4883	        1.4858	          0.0025	   1.5238	        1.5248	     1.2097	7.820e-04	7.861e-04	4.807e-02	4.807e-02	4.230e+02	  11.243	 26998.788
76000	9500	 4.6051	 1.0613	   1.4884	        1.4858	          0.0026	   1.5238	        1.5248	     1.2097	5.789e-04	7.869e-04	4.862e-02	4.863e-02	2.798e+02	  13.001	 27285.772
76800	9600	 4.6061	 1.0602	   1.4883	        1.4858	          0.0025	   1.5238	        1.5248	     1.2097	5.750e-04	7.871e-04	4.826e-02	4.827e-02	3.979e+02	  12.074	 27583.447
77600	9700	 4.6069	 1.0618	   1.4884	        1.4858	          0.0026	   1.5238	        1.5248	     1.2097	7.080e-04	7.886e-04	4.877e-02	4.878e-02	3.377e+02	  12.056	 27850.064
78400	9800	 4.6076	 1.0583	   1.4882	        1.4858	          0.0024	   1.5238	        1.5248	     1.2097	5.818e-04	7.873e-04	4.764e-02	4.765e-02	3.675e+02	  14.733	 28136.263
79200	9900	 4.6072	 1.0581	   1.4882	        1.4858	          0.0024	   1.5238	        1.5248	     1.2097	6.227e-04	7.869e-04	4.758e-02	4.759e-02	3.075e+02	  15.170	 28429.437
80000	10000	 4.6086	 1.0589	   1.4882	        1.4858	          0.0025	   1.5238	        1.5248	     1.2097	4.840e-04	7.884e-04	4.784e-02	4.785e-02	3.466e+02	  12.968	 28718.184
80800	10100	 4.6090	 1.0604	   1.4883	        1.4858	          0.0025	   1.5238	        1.5248	     1.2097	5.953e-04	7.895e-04	4.832e-02	4.833e-02	3.830e+02	  11.338	 29000.561
81600	10200	 4.6095	 1.0599	   1.4883	        1.4858	          0.0025	   1.5238	        1.5248	     1.2097	4.030e-04	7.897e-04	4.815e-02	4.816e-02	3.747e+02	  10.054	 29294.294
82400	10300	 4.6102	 1.0588	   1.4882	        1.4858	          0.0025	   1.5238	        1.5248	     1.2097	6.343e-04	7.897e-04	4.782e-02	4.783e-02	3.494e+02	  10.798	 29578.191
83200	10400	 4.6099	 1.0622	   1.4884	        1.4858	          0.0026	   1.5238	        1.5248	     1.2097	5.500e-04	7.913e-04	4.890e-02	4.891e-02	3.896e+02	  10.546	 29871.665
84000	10500	 4.6108	 1.0603	   1.4883	        1.4858	          0.0025	   1.5238	        1.5248	     1.2097	5.804e-04	7.909e-04	4.830e-02	4.831e-02	3.392e+02	  15.824	 30164.762
84800	10600	 4.6110	 1.0604	   1.4883	        1.4858	          0.0025	   1.5238	        1.5248	     1.2097	6.793e-04	7.912e-04	4.834e-02	4.834e-02	3.159e+02	  14.817	 30479.724
85600	10700	 4.6117	 1.0605	   1.4883	        1.4858	          0.0026	   1.5238	        1.5248	     1.2097	5.738e-04	7.918e-04	4.837e-02	4.837e-02	3.469e+02	   9.550	 30755.249
86400	10800	 4.6127	 1.0601	   1.4883	        1.4858	          0.0025	   1.5238	        1.5248	     1.2097	6.297e-04	7.924e-04	4.822e-02	4.823e-02	2.604e+02	  14.389	 31044.705
87200	10900	 4.6128	 1.0598	   1.4883	        1.4858	          0.0025	   1.5238	        1.5248	     1.2097	5.513e-04	7.923e-04	4.814e-02	4.815e-02	3.480e+02	  10.579	 31347.012
88000	11000	 4.6137	 1.0593	   1.4883	        1.4858	          0.0025	   1.5238	        1.5248	     1.2097	6.381e-04	7.927e-04	4.797e-02	4.797e-02	3.833e+02	  13.481	 31612.250
88800	11100	 4.6139	 1.0605	   1.4883	        1.4858	          0.0026	   1.5238	        1.5248	     1.2097	7.666e-04	7.936e-04	4.838e-02	4.838e-02	3.426e+02	  10.131	 31872.268
89600	11200	 4.6146	 1.0618	   1.4884	        1.4858	          0.0026	   1.5238	        1.5248	     1.2097	6.500e-04	7.948e-04	4.878e-02	4.878e-02	4.420e+02	  10.854	 32141.981
90400	11300	 4.6151	 1.0598	   1.4883	        1.4858	          0.0025	   1.5238	        1.5248	     1.2097	6.737e-04	7.941e-04	4.812e-02	4.813e-02	2.835e+02	  11.096	 32383.992
91200	11400	 4.6154	 1.0627	   1.4884	        1.4858	          0.0027	   1.5238	        1.5248	     1.2097	6.882e-04	7.959e-04	4.909e-02	4.910e-02	2.932e+02	  10.143	 32650.103
92000	11500	 4.6160	 1.0613	   1.4884	        1.4858	          0.0026	   1.5238	        1.5248	     1.2097	6.074e-04	7.956e-04	4.863e-02	4.864e-02	2.960e+02	  15.270	 32929.190
92800	11600	 4.6165	 1.0598	   1.4883	        1.4858	          0.0025	   1.5238	        1.5248	     1.2097	5.522e-04	7.953e-04	4.815e-02	4.815e-02	4.486e+02	  12.544	 33193.369
93600	11700	 4.6165	 1.0613	   1.4884	        1.4858	          0.0026	   1.5238	        1.5248	     1.2097	7.191e-04	7.960e-04	4.861e-02	4.862e-02	3.473e+02	  12.114	 33465.130
94400	11800	 4.6172	 1.0617	   1.4884	        1.4858	          0.0026	   1.5238	        1.5248	     1.2097	4.928e-04	7.968e-04	4.875e-02	4.875e-02	2.916e+02	  13.200	 33739.041
95200	11900	 4.6179	 1.0603	   1.4883	        1.4858	          0.0025	   1.5238	        1.5248	     1.2097	6.319e-04	7.966e-04	4.830e-02	4.830e-02	3.296e+02	   9.510	 34016.661
96000	12000	 4.6185	 1.0612	   1.4884	        1.4858	          0.0026	   1.5238	        1.5248	     1.2097	5.612e-04	7.976e-04	4.858e-02	4.859e-02	3.854e+02	   9.995	 34282.880
96800	12100	 4.6187	 1.0602	   1.4883	        1.4858	          0.0025	   1.5238	        1.5248	     1.2097	5.797e-04	7.972e-04	4.828e-02	4.828e-02	2.084e+02	  14.682	 34558.994
97600	12200	 4.6189	 1.0583	   1.4882	        1.4858	          0.0025	   1.5238	        1.5248	     1.2097	5.645e-04	7.963e-04	4.764e-02	4.764e-02	2.322e+02	  15.592	 34820.201
98400	12300	 4.6193	 1.0586	   1.4882	        1.4858	          0.0025	   1.5238	        1.5248	     1.2097	5.370e-04	7.968e-04	4.773e-02	4.774e-02	3.850e+02	  13.482	 35082.817
99200	12400	 4.6197	 1.0603	   1.4883	        1.4858	          0.0026	   1.5238	        1.5248	     1.2097	6.497e-04	7.981e-04	4.831e-02	4.832e-02	2.579e+02	   9.678	 35361.948
100000	12500	 4.6206	 1.0601	   1.4883	        1.4858	          0.0025	   1.5238	        1.5248	     1.2097	7.226e-04	7.986e-04	4.823e-02	4.824e-02	3.827e+02	  10.689	 35639.891
100800	12600	 4.6203	 1.0629	   1.4884	        1.4858	          0.0027	   1.5238	        1.5248	     1.2097	5.717e-04	7.999e-04	4.914e-02	4.915e-02	3.433e+02	  10.797	 35897.801
101600	12700	 4.6211	 1.0611	   1.4884	        1.4858	          0.0026	   1.5238	        1.5248	     1.2097	5.557e-04	7.996e-04	4.858e-02	4.858e-02	3.293e+02	  13.275	 36187.187
102400	12800	 4.6216	 1.0596	   1.4883	        1.4858	          0.0025	   1.5238	        1.5248	     1.2097	6.098e-04	7.992e-04	4.807e-02	4.808e-02	3.859e+02	   9.614	 36456.019
103200	12900	 4.6226	 1.0594	   1.4883	        1.4858	          0.0025	   1.5238	        1.5248	     1.2097	5.382e-04	7.998e-04	4.799e-02	4.800e-02	3.717e+02	  14.940	 36741.829
104000	13000	 4.6227	 1.0611	   1.4884	        1.4858	          0.0026	   1.5238	        1.5248	     1.2097	5.059e-04	8.008e-04	4.855e-02	4.856e-02	2.892e+02	  11.522	 37015.818
104800	13100	 4.6228	 1.0602	   1.4883	        1.4858	          0.0025	   1.5238	        1.5248	     1.2097	6.332e-04	8.004e-04	4.827e-02	4.827e-02	3.112e+02	  10.927	 37288.096
105600	13200	 4.6228	 1.0600	   1.4883	        1.4858	          0.0025	   1.5238	        1.5248	     1.2097	5.491e-04	8.004e-04	4.822e-02	4.822e-02	4.489e+02	  10.570	 37565.229
106400	13300	 4.6236	 1.0595	   1.4883	        1.4858	          0.0025	   1.5238	        1.5248	     1.2097	4.623e-04	8.007e-04	4.803e-02	4.803e-02	3.158e+02	  12.479	 37839.039
107200	13400	 4.6237	 1.0591	   1.4883	        1.4858	          0.0025	   1.5238	        1.5248	     1.2097	5.918e-04	8.005e-04	4.792e-02	4.792e-02	3.280e+02	  13.255	 38102.037
108000	13500	 4.6243	 1.0606	   1.4883	        1.4858	          0.0026	   1.5238	        1.5248	     1.2097	6.655e-04	8.019e-04	4.841e-02	4.842e-02	3.853e+02	   8.515	 38361.405
108800	13600	 4.6242	 1.0603	   1.4883	        1.4858	          0.0026	   1.5238	        1.5248	     1.2097	6.175e-04	8.016e-04	4.831e-02	4.832e-02	3.461e+02	  11.317	 38636.590
109600	13700	 4.6255	 1.0593	   1.4883	        1.4858	          0.0025	   1.5238	        1.5248	     1.2097	6.095e-04	8.021e-04	4.798e-02	4.799e-02	3.746e+02	  12.703	 38930.383
110400	13800	 4.6254	 1.0615	   1.4884	        1.4858	          0.0026	   1.5238	        1.5248	     1.2097	6.445e-04	8.032e-04	4.871e-02	4.872e-02	3.936e+02	  13.098	 39202.035
111200	13900	 4.6259	 1.0607	   1.4883	        1.4858	          0.0026	   1.5238	        1.5248	     1.2097	5.813e-04	8.031e-04	4.842e-02	4.843e-02	4.304e+02	  10.062	 39470.778
112000	14000	 4.6260	 1.0589	   1.4883	        1.4858	          0.0025	   1.5238	        1.5248	     1.2097	6.119e-04	8.023e-04	4.786e-02	4.786e-02	3.140e+02	  12.265	 39723.485
112800	14100	 4.6264	 1.0613	   1.4884	        1.4858	          0.0026	   1.5238	        1.5248	     1.2097	5.792e-04	8.039e-04	4.864e-02	4.864e-02	5.389e+02	  10.856	 39986.452
113600	14200	 4.6275	 1.0600	   1.4883	        1.4858	          0.0025	   1.5238	        1.5248	     1.2097	4.942e-04	8.040e-04	4.820e-02	4.820e-02	3.768e+02	  12.215	 40254.418
114400	14300	 4.6270	 1.0590	   1.4883	        1.4858	          0.0025	   1.5238	        1.5248	     1.2097	5.385e-04	8.031e-04	4.788e-02	4.789e-02	3.531e+02	  12.121	 40522.533
115200	14400	 4.6278	 1.0602	   1.4883	        1.4858	          0.0026	   1.5238	        1.5248	     1.2097	5.679e-04	8.044e-04	4.828e-02	4.829e-02	2.982e+02	  11.872	 40802.389
116000	14500	 4.6280	 1.0589	   1.4883	        1.4858	          0.0025	   1.5238	        1.5248	     1.2097	4.461e-04	8.038e-04	4.784e-02	4.785e-02	3.623e+02	  10.888	 41086.821
116800	14600	 4.6283	 1.0605	   1.4883	        1.4858	          0.0026	   1.5238	        1.5248	     1.2097	6.391e-04	8.050e-04	4.836e-02	4.837e-02	3.734e+02	  11.656	 41362.923
117600	14700	 4.6285	 1.0615	   1.4884	        1.4858	          0.0026	   1.5238	        1.5248	     1.2097	5.097e-04	8.057e-04	4.870e-02	4.870e-02	3.481e+02	  10.470	 41627.712
118400	14800	 4.6288	 1.0594	   1.4883	        1.4858	          0.0025	   1.5238	        1.5248	     1.2097	4.669e-04	8.048e-04	4.803e-02	4.803e-02	2.445e+02	  10.403	 41895.035
119200	14900	 4.6295	 1.0608	   1.4884	        1.4858	          0.0026	   1.5238	        1.5248	     1.2097	5.157e-04	8.061e-04	4.847e-02	4.848e-02	3.928e+02	  12.416	 42163.431
120000	15000	 4.6299	 1.0596	   1.4883	        1.4858	          0.0025	   1.5238	        1.5248	     1.2097	6.721e-04	8.058e-04	4.809e-02	4.809e-02	3.359e+02	  15.975	 42427.261
120800	15100	 4.6296	 1.0594	   1.4883	        1.4858	          0.0025	   1.5238	        1.5248	     1.2097	6.519e-04	8.054e-04	4.801e-02	4.801e-02	2.355e+02	   8.571	 42695.273
121600	15200	 4.6304	 1.0601	   1.4883	        1.4858	          0.0025	   1.5238	        1.5248	     1.2097	5.354e-04	8.064e-04	4.823e-02	4.824e-02	3.698e+02	  10.164	 43000.524
122400	15300	 4.6309	 1.0596	   1.4883	        1.4858	          0.0025	   1.5238	        1.5248	     1.2097	5.802e-04	8.065e-04	4.809e-02	4.810e-02	3.991e+02	  14.500	 43248.010
123200	15400	 4.6310	 1.0602	   1.4883	        1.4858	          0.0026	   1.5238	        1.5248	     1.2097	6.183e-04	8.070e-04	4.828e-02	4.828e-02	4.408e+02	  10.299	 43513.408
124000	15500	 4.6316	 1.0603	   1.4883	        1.4858	          0.0026	   1.5238	        1.5248	     1.2097	6.378e-04	8.074e-04	4.830e-02	4.830e-02	3.165e+02	   9.857	 43849.070
124800	15600	 4.6320	 1.0601	   1.4883	        1.4858	          0.0026	   1.5238	        1.5248	     1.2097	7.160e-04	8.077e-04	4.825e-02	4.826e-02	3.215e+02	  10.191	 44100.686
125600	15700	 4.6323	 1.0605	   1.4883	        1.4858	          0.0026	   1.5238	        1.5248	     1.2097	5.744e-04	8.081e-04	4.837e-02	4.838e-02	3.576e+02	   9.296	 44381.773
126400	15800	 4.6323	 1.0592	   1.4883	        1.4858	          0.0025	   1.5238	        1.5248	     1.2097	5.342e-04	8.074e-04	4.794e-02	4.795e-02	3.643e+02	  23.906	 44704.926
127200	15900	 4.6329	 1.0597	   1.4883	        1.4858	          0.0025	   1.5238	        1.5248	     1.2097	5.534e-04	8.081e-04	4.812e-02	4.812e-02	3.375e+02	  11.248	 45002.697
128000	16000	 4.6331	 1.0600	   1.4883	        1.4858	          0.0025	   1.5238	        1.5248	     1.2097	5.659e-04	8.085e-04	4.822e-02	4.822e-02	3.680e+02	  15.615	 45283.736
128800	16100	 4.6333	 1.0590	   1.4883	        1.4858	          0.0025	   1.5238	        1.5248	     1.2097	5.482e-04	8.081e-04	4.790e-02	4.790e-02	2.550e+02	  10.416	 45595.615
129600	16200	 4.6333	 1.0596	   1.4883	        1.4858	          0.0025	   1.5238	        1.5248	     1.2097	5.551e-04	8.084e-04	4.808e-02	4.808e-02	4.531e+02	  20.816	 45852.677
130400	16300	 4.6342	 1.0597	   1.4883	        1.4858	          0.0025	   1.5238	        1.5248	     1.2097	5.055e-04	8.091e-04	4.810e-02	4.810e-02	3.715e+02	  12.470	 46140.517
131200	16400	 4.6337	 1.0604	   1.4883	        1.4858	          0.0026	   1.5238	        1.5248	     1.2097	4.966e-04	8.092e-04	4.835e-02	4.836e-02	2.986e+02	  11.068	 46483.045
132000	16500	 4.6343	 1.0590	   1.4883	        1.4858	          0.0025	   1.5238	        1.5248	     1.2097	4.405e-04	8.088e-04	4.787e-02	4.787e-02	3.404e+02	  14.523	 46744.109
132800	16600	 4.6351	 1.0598	   1.4883	        1.4858	          0.0025	   1.5238	        1.5248	     1.2097	5.677e-04	8.099e-04	4.813e-02	4.814e-02	3.792e+02	  10.716	 47053.551
133600	16700	 4.6351	 1.0605	   1.4883	        1.4858	          0.0026	   1.5238	        1.5248	     1.2097	4.927e-04	8.103e-04	4.837e-02	4.838e-02	3.021e+02	   6.611	 47338.821
134400	16800	 4.6352	 1.0595	   1.4883	        1.4858	          0.0025	   1.5238	        1.5248	     1.2097	5.117e-04	8.098e-04	4.804e-02	4.805e-02	2.847e+02	  11.565	 47587.191
135200	16900	 4.6358	 1.0609	   1.4884	        1.4858	          0.0026	   1.5238	        1.5248	     1.2097	5.549e-04	8.110e-04	4.849e-02	4.850e-02	2.665e+02	  12.458	 47839.444
136000	17000	 4.6363	 1.0586	   1.4883	        1.4858	          0.0025	   1.5238	        1.5248	     1.2097	6.085e-04	8.102e-04	4.774e-02	4.775e-02	2.775e+02	  23.446	 48112.458
136800	17100	 4.6362	 1.0598	   1.4883	        1.4858	          0.0025	   1.5238	        1.5248	     1.2097	5.214e-04	8.108e-04	4.816e-02	4.816e-02	3.886e+02	   9.646	 48404.288
137600	17200	 4.6365	 1.0590	   1.4883	        1.4858	          0.0025	   1.5238	        1.5248	     1.2097	4.612e-04	8.106e-04	4.790e-02	4.791e-02	3.472e+02	  12.461	 48692.140
138400	17300	 4.6369	 1.0593	   1.4883	        1.4858	          0.0025	   1.5238	        1.5248	     1.2097	4.355e-04	8.110e-04	4.797e-02	4.798e-02	2.921e+02	  11.413	 48956.366
139200	17400	 4.6372	 1.0587	   1.4883	        1.4858	          0.0025	   1.5238	        1.5248	     1.2097	4.827e-04	8.110e-04	4.778e-02	4.779e-02	3.964e+02	  12.213	 49229.895
140000	17500	 4.6373	 1.0587	   1.4883	        1.4858	          0.0025	   1.5238	        1.5248	     1.2097	7.072e-04	8.110e-04	4.777e-02	4.778e-02	3.188e+02	  14.268	 49527.144
140800	17600	 4.6379	 1.0613	   1.4884	        1.4858	          0.0026	   1.5238	        1.5248	     1.2097	3.826e-04	8.129e-04	4.863e-02	4.864e-02	3.702e+02	  10.610	 49801.285
141600	17700	 4.6381	 1.0604	   1.4883	        1.4858	          0.0026	   1.5238	        1.5248	     1.2097	4.690e-04	8.126e-04	4.835e-02	4.836e-02	2.444e+02	   9.536	 50045.555
142400	17800	 4.6376	 1.0597	   1.4883	        1.4858	          0.0025	   1.5238	        1.5248	     1.2097	5.254e-04	8.118e-04	4.810e-02	4.811e-02	3.693e+02	  11.033	 50330.710
143200	17900	 4.6386	 1.0606	   1.4884	        1.4858	          0.0026	   1.5238	        1.5248	     1.2097	5.833e-04	8.131e-04	4.842e-02	4.843e-02	3.204e+02	   9.007	 50603.970
144000	18000	 4.6391	 1.0605	   1.4883	        1.4858	          0.0026	   1.5238	        1.5248	     1.2097	5.011e-04	8.134e-04	4.837e-02	4.838e-02	4.210e+02	  12.463	 50926.719
144800	18100	 4.6395	 1.0598	   1.4883	        1.4858	          0.0025	   1.5238	        1.5248	     1.2097	7.061e-04	8.133e-04	4.816e-02	4.817e-02	3.683e+02	  24.898	 51217.607
145600	18200	 4.6394	 1.0598	   1.4883	        1.4858	          0.0025	   1.5238	        1.5248	     1.2097	4.425e-04	8.133e-04	4.814e-02	4.815e-02	3.287e+02	  11.506	 51481.138
146400	18300	 4.6396	 1.0601	   1.4883	        1.4858	          0.0026	   1.5238	        1.5248	     1.2097	6.401e-04	8.136e-04	4.823e-02	4.824e-02	3.434e+02	  24.723	 51879.032
147200	18400	 4.6401	 1.0599	   1.4883	        1.4858	          0.0025	   1.5238	        1.5248	     1.2097	4.858e-04	8.139e-04	4.819e-02	4.820e-02	3.452e+02	  23.465	 52264.181
148000	18500	 4.6404	 1.0604	   1.4883	        1.4858	          0.0026	   1.5238	        1.5248	     1.2097	4.585e-04	8.144e-04	4.835e-02	4.836e-02	3.917e+02	   9.665	 52628.390
148800	18600	 4.6409	 1.0603	   1.4883	        1.4858	          0.0026	   1.5238	        1.5248	     1.2097	5.103e-04	8.147e-04	4.832e-02	4.833e-02	3.425e+02	  13.880	 52930.984
149600	18700	 4.6406	 1.0594	   1.4883	        1.4858	          0.0025	   1.5238	        1.5248	     1.2097	4.273e-04	8.140e-04	4.800e-02	4.801e-02	3.910e+02	  12.945	 53231.289
150400	18800	 4.6410	 1.0594	   1.4883	        1.4858	          0.0025	   1.5238	        1.5248	     1.2097	4.987e-04	8.143e-04	4.801e-02	4.802e-02	3.333e+02	  12.132	 53538.587
151200	18900	 4.6414	 1.0599	   1.4883	        1.4858	          0.0025	   1.5238	        1.5248	     1.2097	5.058e-04	8.149e-04	4.818e-02	4.819e-02	4.258e+02	  12.108	 53812.070
152000	19000	 4.6415	 1.0605	   1.4883	        1.4858	          0.0026	   1.5238	        1.5248	     1.2097	4.570e-04	8.153e-04	4.837e-02	4.838e-02	3.599e+02	  23.060	 54074.421
152800	19100	 4.6414	 1.0609	   1.4884	        1.4858	          0.0026	   1.5238	        1.5248	     1.2097	6.429e-04	8.155e-04	4.851e-02	4.852e-02	3.045e+02	  11.376	 54312.715
153600	19200	 4.6423	 1.0585	   1.4883	        1.4858	          0.0025	   1.5238	        1.5248	     1.2097	4.195e-04	8.149e-04	4.773e-02	4.773e-02	4.012e+02	   9.083	 54610.429
154400	19300	 4.6420	 1.0592	   1.4883	        1.4858	          0.0025	   1.5238	        1.5248	     1.2097	5.415e-04	8.150e-04	4.796e-02	4.797e-02	2.799e+02	  12.599	 54929.024
155200	19400	 4.6423	 1.0598	   1.4883	        1.4858	          0.0025	   1.5238	        1.5248	     1.2097	4.795e-04	8.155e-04	4.816e-02	4.816e-02	3.455e+02	  24.922	 55194.361
156000	19500	 4.6427	 1.0600	   1.4883	        1.4858	          0.0026	   1.5238	        1.5248	     1.2097	4.618e-04	8.160e-04	4.821e-02	4.822e-02	4.871e+02	   7.145	 55569.557
156800	19600	 4.6426	 1.0596	   1.4883	        1.4858	          0.0025	   1.5238	        1.5248	     1.2097	6.625e-04	8.157e-04	4.809e-02	4.809e-02	3.139e+02	  10.795	 55880.787
157600	19700	 4.6429	 1.0606	   1.4884	        1.4858	          0.0026	   1.5238	        1.5248	     1.2097	5.818e-04	8.164e-04	4.840e-02	4.841e-02	4.476e+02	  10.505	 56133.120
158400	19800	 4.6428	 1.0603	   1.4883	        1.4858	          0.0026	   1.5238	        1.5248	     1.2097	5.587e-04	8.162e-04	4.831e-02	4.832e-02	3.716e+02	  12.514	 56458.563
159200	19900	 4.6435	 1.0608	   1.4884	        1.4858	          0.0026	   1.5238	        1.5248	     1.2097	4.542e-04	8.170e-04	4.846e-02	4.847e-02	2.912e+02	  10.431	 56737.407
160000	20000	 4.6434	 1.0605	   1.4883	        1.4858	          0.0026	   1.5238	        1.5248	     1.2097	4.675e-04	8.167e-04	4.837e-02	4.837e-02	3.581e+02	  11.234	 57064.278
160800	20100	 4.6439	 1.0608	   1.4884	        1.4858	          0.0026	   1.5238	        1.5248	     1.2097	3.997e-04	8.173e-04	4.846e-02	4.847e-02	2.844e+02	  18.943	 57343.840
161600	20200	 4.6441	 1.0604	   1.4883	        1.4858	          0.0026	   1.5238	        1.5248	     1.2097	5.790e-04	8.173e-04	4.836e-02	4.836e-02	3.219e+02	  10.788	 57597.089
162400	20300	 4.6439	 1.0610	   1.4884	        1.4858	          0.0026	   1.5238	        1.5248	     1.2097	5.081e-04	8.174e-04	4.854e-02	4.854e-02	3.706e+02	   8.932	 57841.050
163200	20400	 4.6441	 1.0586	   1.4883	        1.4858	          0.0025	   1.5238	        1.5248	     1.2097	4.781e-04	8.163e-04	4.776e-02	4.776e-02	3.537e+02	  10.885	 58076.467
164000	20500	 4.6443	 1.0599	   1.4883	        1.4858	          0.0026	   1.5238	        1.5248	     1.2097	4.155e-04	8.172e-04	4.818e-02	4.819e-02	3.983e+02	  11.507	 58338.370
164800	20600	 4.6448	 1.0612	   1.4884	        1.4858	          0.0026	   1.5238	        1.5248	     1.2097	5.357e-04	8.182e-04	4.859e-02	4.860e-02	4.141e+02	  11.331	 58610.433
165600	20700	 4.6449	 1.0602	   1.4883	        1.4858	          0.0026	   1.5238	        1.5248	     1.2097	4.789e-04	8.178e-04	4.827e-02	4.827e-02	4.062e+02	  11.220	 58864.853
166400	20800	 4.6450	 1.0583	   1.4882	        1.4858	          0.0025	   1.5238	        1.5248	     1.2097	3.550e-04	8.168e-04	4.766e-02	4.766e-02	4.222e+02	  24.205	 59153.048
167200	20900	 4.6453	 1.0591	   1.4883	        1.4858	          0.0025	   1.5238	        1.5248	     1.2097	5.280e-04	8.175e-04	4.792e-02	4.793e-02	3.429e+02	   6.824	 59500.297
168000	21000	 4.6456	 1.0598	   1.4883	        1.4858	          0.0025	   1.5238	        1.5248	     1.2097	4.368e-04	8.181e-04	4.814e-02	4.815e-02	2.404e+02	  10.909	 59777.545
168800	21100	 4.6458	 1.0604	   1.4883	        1.4858	          0.0026	   1.5238	        1.5248	     1.2097	4.911e-04	8.186e-04	4.835e-02	4.836e-02	3.030e+02	   9.871	 60065.618
169600	21200	 4.6461	 1.0598	   1.4883	        1.4858	          0.0025	   1.5238	        1.5248	     1.2097	4.757e-04	8.185e-04	4.816e-02	4.817e-02	3.453e+02	  11.641	 60296.065
170400	21300	 4.6463	 1.0605	   1.4884	        1.4858	          0.0026	   1.5238	        1.5248	     1.2097	5.286e-04	8.190e-04	4.839e-02	4.839e-02	3.633e+02	  24.274	 60648.203
171200	21400	 4.6467	 1.0594	   1.4883	        1.4858	          0.0025	   1.5238	        1.5248	     1.2097	5.160e-04	8.188e-04	4.802e-02	4.803e-02	4.066e+02	  22.726	 61006.430
172000	21500	 4.6465	 1.0598	   1.4883	        1.4858	          0.0025	   1.5238	        1.5248	     1.2097	4.418e-04	8.188e-04	4.814e-02	4.814e-02	4.720e+02	   9.943	 61259.185
172800	21600	 4.6474	 1.0594	   1.4883	        1.4858	          0.0025	   1.5238	        1.5248	     1.2097	5.829e-04	8.193e-04	4.804e-02	4.804e-02	2.795e+02	   9.606	 61530.357
173600	21700	 4.6471	 1.0591	   1.4883	        1.4858	          0.0025	   1.5238	        1.5248	     1.2097	5.036e-04	8.188e-04	4.791e-02	4.791e-02	3.436e+02	  12.405	 61782.907
174400	21800	 4.6474	 1.0594	   1.4883	        1.4858	          0.0025	   1.5238	        1.5248	     1.2097	4.967e-04	8.193e-04	4.803e-02	4.803e-02	3.564e+02	  10.196	 62088.211
175200	21900	 4.6476	 1.0588	   1.4883	        1.4858	          0.0025	   1.5238	        1.5248	     1.2097	3.683e-04	8.191e-04	4.781e-02	4.782e-02	3.116e+02	  11.265	 62312.402
176000	22000	 4.6479	 1.0598	   1.4883	        1.4858	          0.0026	   1.5238	        1.5248	     1.2097	5.211e-04	8.199e-04	4.816e-02	4.817e-02	3.532e+02	  10.394	 62568.588
176800	22100	 4.6483	 1.0594	   1.4883	        1.4858	          0.0025	   1.5238	        1.5248	     1.2097	4.826e-04	8.200e-04	4.803e-02	4.803e-02	3.238e+02	  25.977	 62866.748
177600	22200	 4.6481	 1.0598	   1.4883	        1.4858	          0.0026	   1.5238	        1.5248	     1.2097	3.566e-04	8.201e-04	4.816e-02	4.817e-02	3.904e+02	   9.628	 63183.838
178400	22300	 4.6486	 1.0611	   1.4884	        1.4858	          0.0026	   1.5238	        1.5248	     1.2097	5.858e-04	8.212e-04	4.859e-02	4.860e-02	3.601e+02	  11.068	 63428.699
179200	22400	 4.6484	 1.0590	   1.4883	        1.4858	          0.0025	   1.5238	        1.5248	     1.2097	4.729e-04	8.199e-04	4.789e-02	4.790e-02	3.185e+02	  11.468	 63699.622
180000	22500	 4.6488	 1.0588	   1.4883	        1.4858	          0.0025	   1.5238	        1.5248	     1.2097	5.217e-04	8.200e-04	4.783e-02	4.783e-02	3.132e+02	  13.115	 63977.052
180800	22600	 4.6489	 1.0595	   1.4883	        1.4858	          0.0025	   1.5238	        1.5248	     1.2097	4.388e-04	8.205e-04	4.806e-02	4.807e-02	3.364e+02	  20.065	 64289.770
181600	22700	 4.6490	 1.0592	   1.4883	        1.4858	          0.0025	   1.5238	        1.5248	     1.2097	5.545e-04	8.204e-04	4.796e-02	4.797e-02	3.906e+02	  10.836	 64607.149
182400	22800	 4.6494	 1.0605	   1.4884	        1.4858	          0.0026	   1.5238	        1.5248	     1.2097	4.293e-04	8.214e-04	4.837e-02	4.838e-02	3.372e+02	  15.195	 64925.826
183200	22900	 4.6497	 1.0611	   1.4884	        1.4858	          0.0026	   1.5238	        1.5248	     1.2097	5.264e-04	8.220e-04	4.858e-02	4.859e-02	4.855e+02	  20.309	 65224.024
184000	23000	 4.6495	 1.0598	   1.4883	        1.4858	          0.0025	   1.5238	        1.5248	     1.2097	5.922e-04	8.211e-04	4.815e-02	4.815e-02	3.843e+02	   9.134	 65512.535
184800	23100	 4.6497	 1.0587	   1.4883	        1.4858	          0.0025	   1.5238	        1.5248	     1.2097	3.707e-04	8.207e-04	4.779e-02	4.779e-02	3.515e+02	  13.629	 65761.681
185600	23200	 4.6503	 1.0598	   1.4883	        1.4858	          0.0026	   1.5238	        1.5248	     1.2097	4.516e-04	8.217e-04	4.815e-02	4.816e-02	3.951e+02	  16.593	 66123.384
186400	23300	 4.6506	 1.0601	   1.4883	        1.4858	          0.0026	   1.5238	        1.5248	     1.2097	3.762e-04	8.221e-04	4.826e-02	4.827e-02	2.892e+02	  24.531	 66429.665
187200	23400	 4.6508	 1.0579	   1.4882	        1.4858	          0.0025	   1.5238	        1.5248	     1.2097	4.526e-04	8.211e-04	4.754e-02	4.754e-02	3.340e+02	   9.826	 66710.996
188000	23500	 4.6508	 1.0583	   1.4882	        1.4858	          0.0025	   1.5238	        1.5248	     1.2097	4.934e-04	8.213e-04	4.766e-02	4.766e-02	2.663e+02	  20.428	 66986.623
188800	23600	 4.6506	 1.0599	   1.4883	        1.4858	          0.0026	   1.5238	        1.5248	     1.2097	4.966e-04	8.221e-04	4.820e-02	4.821e-02	2.929e+02	  10.097	 67280.332
189600	23700	 4.6510	 1.0595	   1.4883	        1.4858	          0.0025	   1.5238	        1.5248	     1.2097	5.745e-04	8.221e-04	4.807e-02	4.808e-02	3.209e+02	  11.855	 67579.531
190400	23800	 4.6516	 1.0590	   1.4883	        1.4858	          0.0025	   1.5238	        1.5248	     1.2097	4.031e-04	8.223e-04	4.789e-02	4.790e-02	4.133e+02	  25.571	 67879.178
191200	23900	 4.6513	 1.0596	   1.4883	        1.4858	          0.0025	   1.5238	        1.5248	     1.2097	5.171e-04	8.224e-04	4.809e-02	4.810e-02	3.134e+02	   8.720	 68189.818
192000	24000	 4.6516	 1.0592	   1.4883	        1.4858	          0.0025	   1.5238	        1.5248	     1.2097	4.028e-04	8.224e-04	4.795e-02	4.796e-02	3.058e+02	  11.094	 68450.509
192800	24100	 4.6520	 1.0595	   1.4883	        1.4858	          0.0025	   1.5238	        1.5248	     1.2097	4.599e-04	8.229e-04	4.807e-02	4.808e-02	3.062e+02	  24.327	 68728.846
193600	24200	 4.6521	 1.0610	   1.4884	        1.4858	          0.0026	   1.5238	        1.5248	     1.2097	4.928e-04	8.238e-04	4.856e-02	4.856e-02	3.079e+02	  10.785	 68997.426
194400	24300	 4.6518	 1.0603	   1.4883	        1.4858	          0.0026	   1.5238	        1.5248	     1.2097	5.051e-04	8.232e-04	4.831e-02	4.832e-02	4.273e+02	  11.807	 69281.659
195200	24400	 4.6521	 1.0596	   1.4883	        1.4858	          0.0025	   1.5238	        1.5248	     1.2097	4.403e-04	8.230e-04	4.808e-02	4.809e-02	2.731e+02	  13.663	 69556.441
196000	24500	 4.6522	 1.0607	   1.4884	        1.4858	          0.0026	   1.5238	        1.5248	     1.2097	5.286e-04	8.237e-04	4.845e-02	4.845e-02	2.428e+02	   9.997	 69794.369
196800	24600	 4.6526	 1.0603	   1.4883	        1.4858	          0.0026	   1.5238	        1.5248	     1.2097	4.441e-04	8.238e-04	4.831e-02	4.832e-02	3.892e+02	   8.539	 70028.673
197600	24700	 4.6529	 1.0586	   1.4883	        1.4858	          0.0025	   1.5238	        1.5248	     1.2097	4.534e-04	8.231e-04	4.777e-02	4.778e-02	3.076e+02	  21.574	 70286.904
198400	24800	 4.6530	 1.0597	   1.4883	        1.4858	          0.0025	   1.5238	        1.5248	     1.2097	4.796e-04	8.238e-04	4.812e-02	4.813e-02	2.686e+02	   9.499	 70535.567
199200	24900	 4.6532	 1.0586	   1.4883	        1.4858	          0.0025	   1.5238	        1.5248	     1.2097	3.801e-04	8.234e-04	4.777e-02	4.778e-02	2.979e+02	  11.426	 70768.192
200000	25000	 4.6537	 1.0605	   1.4884	        1.4858	          0.0026	   1.5238	        1.5248	     1.2097	4.631e-04	8.247e-04	4.837e-02	4.838e-02	3.272e+02	  12.024	 71107.648
200800	25100	 4.6536	 1.0604	   1.4884	        1.4858	          0.0026	   1.5238	        1.5248	     1.2097	4.394e-04	8.247e-04	4.837e-02	4.837e-02	2.588e+02	  25.210	 71404.743
201600	25200	 4.6537	 1.0601	   1.4883	        1.4858	          0.0026	   1.5238	        1.5248	     1.2097	4.156e-04	8.246e-04	4.825e-02	4.826e-02	2.172e+02	  10.893	 71718.014
202400	25300	 4.6535	 1.0595	   1.4883	        1.4858	          0.0025	   1.5238	        1.5248	     1.2097	5.851e-04	8.240e-04	4.805e-02	4.805e-02	3.159e+02	   8.846	 72026.064
203200	25400	 4.6542	 1.0598	   1.4883	        1.4858	          0.0026	   1.5238	        1.5248	     1.2097	5.288e-04	8.248e-04	4.815e-02	4.816e-02	3.205e+02	  12.381	 72309.442
204000	25500	 4.6543	 1.0589	   1.4883	        1.4858	          0.0025	   1.5238	        1.5248	     1.2097	5.657e-04	8.243e-04	4.785e-02	4.785e-02	3.801e+02	  10.241	 72597.780
204800	25600	 4.6543	 1.0601	   1.4883	        1.4858	          0.0026	   1.5238	        1.5248	     1.2097	3.820e-04	8.250e-04	4.826e-02	4.827e-02	3.812e+02	  13.215	 72822.561
205600	25700	 4.6547	 1.0614	   1.4884	        1.4858	          0.0026	   1.5238	        1.5248	     1.2097	4.451e-04	8.260e-04	4.867e-02	4.867e-02	4.148e+02	  10.609	 73084.043
206400	25800	 4.6547	 1.0590	   1.4883	        1.4858	          0.0025	   1.5238	        1.5248	     1.2097	5.375e-04	8.248e-04	4.791e-02	4.792e-02	3.323e+02	  13.295	 73348.867
207200	25900	 4.6548	 1.0597	   1.4883	        1.4858	          0.0026	   1.5238	        1.5248	     1.2097	4.333e-04	8.252e-04	4.813e-02	4.814e-02	2.190e+02	  23.180	 73700.083
208000	26000	 4.6548	 1.0591	   1.4883	        1.4858	          0.0025	   1.5238	        1.5248	     1.2097	4.588e-04	8.249e-04	4.793e-02	4.794e-02	2.576e+02	  13.208	 73992.103
208800	26100	 4.6549	 1.0603	   1.4883	        1.4858	          0.0026	   1.5238	        1.5248	     1.2097	5.456e-04	8.255e-04	4.831e-02	4.832e-02	3.949e+02	   8.601	 74284.370
209600	26200	 4.6549	 1.0596	   1.4883	        1.4858	          0.0025	   1.5238	        1.5248	     1.2097	4.600e-04	8.252e-04	4.808e-02	4.808e-02	3.583e+02	  13.072	 74568.570
210400	26300	 4.6558	 1.0596	   1.4883	        1.4858	          0.0025	   1.5238	        1.5248	     1.2097	4.048e-04	8.258e-04	4.808e-02	4.808e-02	2.749e+02	   8.762	 74826.392
211200	26400	 4.6556	 1.0599	   1.4883	        1.4858	          0.0026	   1.5238	        1.5248	     1.2097	5.181e-04	8.258e-04	4.818e-02	4.819e-02	3.173e+02	  14.413	 75078.674
212000	26500	 4.6557	 1.0598	   1.4883	        1.4858	          0.0026	   1.5238	        1.5248	     1.2097	4.068e-04	8.259e-04	4.816e-02	4.816e-02	3.729e+02	  10.474	 75341.495
212800	26600	 4.6554	 1.0604	   1.4884	        1.4858	          0.0026	   1.5238	        1.5248	     1.2097	3.754e-04	8.260e-04	4.835e-02	4.836e-02	4.149e+02	  13.107	 75647.062
213600	26700	 4.6561	 1.0592	   1.4883	        1.4858	          0.0025	   1.5238	        1.5248	     1.2097	4.576e-04	8.259e-04	4.796e-02	4.796e-02	3.021e+02	  10.546	 75925.513
214400	26800	 4.6562	 1.0602	   1.4883	        1.4858	          0.0026	   1.5238	        1.5248	     1.2097	3.836e-04	8.265e-04	4.828e-02	4.829e-02	3.102e+02	  10.592	 76199.924
215200	26900	 4.6560	 1.0598	   1.4883	        1.4858	          0.0026	   1.5238	        1.5248	     1.2097	3.394e-04	8.261e-04	4.815e-02	4.816e-02	3.783e+02	  17.197	 76535.476
216000	27000	 4.6564	 1.0596	   1.4883	        1.4858	          0.0025	   1.5238	        1.5248	     1.2097	3.417e-04	8.263e-04	4.810e-02	4.811e-02	2.740e+02	  10.791	 76803.893
216800	27100	 4.6564	 1.0595	   1.4883	        1.4858	          0.0025	   1.5238	        1.5248	     1.2097	5.110e-04	8.263e-04	4.807e-02	4.808e-02	2.703e+02	  14.311	 77046.219
217600	27200	 4.6565	 1.0588	   1.4883	        1.4858	          0.0025	   1.5238	        1.5248	     1.2097	4.700e-04	8.260e-04	4.782e-02	4.783e-02	3.055e+02	  16.561	 77278.230
218400	27300	 4.6565	 1.0601	   1.4883	        1.4858	          0.0026	   1.5238	        1.5248	     1.2097	4.219e-04	8.267e-04	4.826e-02	4.827e-02	3.340e+02	  21.600	 77584.066
219200	27400	 4.6567	 1.0595	   1.4883	        1.4858	          0.0025	   1.5238	        1.5248	     1.2097	4.882e-04	8.266e-04	4.806e-02	4.807e-02	3.656e+02	  16.785	 77855.781
220000	27500	 4.6574	 1.0579	   1.4882	        1.4858	          0.0025	   1.5238	        1.5248	     1.2097	5.125e-04	8.262e-04	4.753e-02	4.754e-02	2.853e+02	  10.144	 78125.153
220800	27600	 4.6575	 1.0592	   1.4883	        1.4858	          0.0025	   1.5238	        1.5248	     1.2097	3.748e-04	8.269e-04	4.795e-02	4.795e-02	4.810e+02	  10.381	 78385.447
221600	27700	 4.6575	 1.0594	   1.4883	        1.4858	          0.0025	   1.5238	        1.5248	     1.2097	3.496e-04	8.271e-04	4.803e-02	4.804e-02	2.996e+02	  10.496	 78655.763
222400	27800	 4.6574	 1.0598	   1.4883	        1.4858	          0.0026	   1.5238	        1.5248	     1.2097	4.744e-04	8.273e-04	4.817e-02	4.817e-02	3.390e+02	  24.034	 78936.500
223200	27900	 4.6577	 1.0588	   1.4883	        1.4858	          0.0025	   1.5238	        1.5248	     1.2097	5.303e-04	8.269e-04	4.783e-02	4.783e-02	3.614e+02	   8.843	 79271.829
224000	28000	 4.6581	 1.0591	   1.4883	        1.4858	          0.0025	   1.5238	        1.5248	     1.2097	4.244e-04	8.274e-04	4.793e-02	4.794e-02	2.407e+02	  22.769	 79550.295
224800	28100	 4.6586	 1.0591	   1.4883	        1.4858	          0.0025	   1.5238	        1.5248	     1.2097	4.467e-04	8.277e-04	4.791e-02	4.792e-02	3.080e+02	  11.808	 79832.995
225600	28200	 4.6580	 1.0597	   1.4883	        1.4858	          0.0026	   1.5238	        1.5248	     1.2097	4.096e-04	8.276e-04	4.811e-02	4.812e-02	3.123e+02	  11.323	 80127.617
226400	28300	 4.6584	 1.0590	   1.4883	        1.4858	          0.0025	   1.5238	        1.5248	     1.2097	4.658e-04	8.276e-04	4.790e-02	4.791e-02	2.630e+02	   6.105	 80389.694
227200	28400	 4.6584	 1.0592	   1.4883	        1.4858	          0.0025	   1.5238	        1.5248	     1.2097	4.722e-04	8.276e-04	4.796e-02	4.797e-02	3.390e+02	  23.195	 80628.157
228000	28500	 4.6585	 1.0597	   1.4883	        1.4858	          0.0026	   1.5238	        1.5248	     1.2097	4.532e-04	8.280e-04	4.813e-02	4.814e-02	3.790e+02	  15.112	 80940.019
228800	28600	 4.6587	 1.0605	   1.4884	        1.4858	          0.0026	   1.5238	        1.5248	     1.2097	3.824e-04	8.285e-04	4.837e-02	4.838e-02	3.065e+02	  13.138	 81210.908
229600	28700	 4.6589	 1.0600	   1.4883	        1.4858	          0.0026	   1.5238	        1.5248	     1.2097	5.295e-04	8.284e-04	4.821e-02	4.822e-02	3.207e+02	   7.832	 81452.141
230400	28800	 4.6590	 1.0597	   1.4883	        1.4858	          0.0026	   1.5238	        1.5248	     1.2097	4.443e-04	8.284e-04	4.813e-02	4.814e-02	4.006e+02	  14.795	 81714.984
231200	28900	 4.6591	 1.0593	   1.4883	        1.4858	          0.0025	   1.5238	        1.5248	     1.2097	3.439e-04	8.282e-04	4.800e-02	4.801e-02	4.323e+02	  10.624	 81995.801
232000	29000	 4.6595	 1.0594	   1.4883	        1.4858	          0.0025	   1.5238	        1.5248	     1.2097	4.443e-04	8.286e-04	4.802e-02	4.802e-02	2.009e+02	  12.262	 82296.020
232800	29100	 4.6597	 1.0591	   1.4883	        1.4858	          0.0025	   1.5238	        1.5248	     1.2097	3.429e-04	8.286e-04	4.794e-02	4.795e-02	3.665e+02	  12.621	 82535.484
233600	29200	 4.6596	 1.0613	   1.4884	        1.4858	          0.0026	   1.5238	        1.5248	     1.2097	4.967e-04	8.297e-04	4.866e-02	4.867e-02	4.299e+02	  10.636	 82845.880
234400	29300	 4.6597	 1.0599	   1.4883	        1.4858	          0.0026	   1.5238	        1.5248	     1.2097	4.724e-04	8.290e-04	4.818e-02	4.818e-02	4.133e+02	   8.412	 83145.017
235200	29400	 4.6598	 1.0599	   1.4883	        1.4858	          0.0026	   1.5238	        1.5248	     1.2097	4.822e-04	8.291e-04	4.820e-02	4.821e-02	3.568e+02	  10.534	 83377.964
236000	29500	 4.6605	 1.0605	   1.4884	        1.4858	          0.0026	   1.5238	        1.5248	     1.2097	4.913e-04	8.299e-04	4.837e-02	4.838e-02	5.533e+02	  15.516	 83677.321
236800	29600	 4.6598	 1.0601	   1.4883	        1.4858	          0.0026	   1.5238	        1.5248	     1.2097	4.095e-04	8.292e-04	4.825e-02	4.826e-02	3.498e+02	   8.431	 83989.252
237600	29700	 4.6603	 1.0592	   1.4883	        1.4858	          0.0025	   1.5238	        1.5248	     1.2097	4.800e-04	8.291e-04	4.795e-02	4.795e-02	2.552e+02	  10.265	 84278.666
238400	29800	 4.6605	 1.0594	   1.4883	        1.4858	          0.0025	   1.5238	        1.5248	     1.2097	4.498e-04	8.294e-04	4.804e-02	4.805e-02	2.969e+02	  22.476	 84540.324
239200	29900	 4.6603	 1.0596	   1.4883	        1.4858	          0.0025	   1.5238	        1.5248	     1.2097	4.745e-04	8.293e-04	4.808e-02	4.809e-02	3.946e+02	  10.028	 84816.853
240000	30000	 4.6601	 1.0588	   1.4883	        1.4858	          0.0025	   1.5238	        1.5248	     1.2097	3.713e-04	8.288e-04	4.783e-02	4.784e-02	3.807e+02	  23.982	 85080.990
240800	30100	 4.6607	 1.0612	   1.4884	        1.4858	          0.0026	   1.5238	        1.5248	     1.2097	4.330e-04	8.305e-04	4.863e-02	4.863e-02	3.578e+02	  10.961	 85402.586
241600	30200	 4.6608	 1.0598	   1.4883	        1.4858	          0.0026	   1.5238	        1.5248	     1.2097	4.230e-04	8.299e-04	4.816e-02	4.817e-02	4.792e+02	  10.536	 85649.382
242400	30300	 4.6611	 1.0597	   1.4883	        1.4858	          0.0026	   1.5238	        1.5248	     1.2097	4.246e-04	8.301e-04	4.814e-02	4.815e-02	4.301e+02	  14.438	 85973.853
243200	30400	 4.6614	 1.0607	   1.4884	        1.4858	          0.0026	   1.5238	        1.5248	     1.2097	3.431e-04	8.307e-04	4.844e-02	4.845e-02	3.883e+02	  11.580	 86244.596
244000	30500	 4.6613	 1.0596	   1.4883	        1.4858	          0.0026	   1.5238	        1.5248	     1.2097	3.320e-04	8.301e-04	4.809e-02	4.810e-02	2.307e+02	  10.431	 86502.112
244800	30600	 4.6612	 1.0594	   1.4883	        1.4858	          0.0025	   1.5238	        1.5248	     1.2097	4.964e-04	8.299e-04	4.802e-02	4.803e-02	2.731e+02	  10.880	 86738.246
245600	30700	 4.6615	 1.0596	   1.4883	        1.4858	          0.0026	   1.5238	        1.5248	     1.2097	4.204e-04	8.303e-04	4.811e-02	4.812e-02	3.803e+02	  10.412	 87005.565
246400	30800	 4.6616	 1.0600	   1.4883	        1.4858	          0.0026	   1.5238	        1.5248	     1.2097	4.381e-04	8.305e-04	4.822e-02	4.822e-02	3.287e+02	  10.464	 87286.003
247200	30900	 4.6616	 1.0600	   1.4883	        1.4858	          0.0026	   1.5238	        1.5248	     1.2097	4.498e-04	8.305e-04	4.821e-02	4.822e-02	3.479e+02	  12.686	 87556.684
248000	31000	 4.6617	 1.0590	   1.4883	        1.4858	          0.0025	   1.5238	        1.5248	     1.2097	3.699e-04	8.301e-04	4.789e-02	4.790e-02	3.969e+02	  22.185	 87816.620
248800	31100	 4.6618	 1.0604	   1.4884	        1.4858	          0.0026	   1.5238	        1.5248	     1.2097	4.301e-04	8.310e-04	4.837e-02	4.838e-02	3.066e+02	  21.141	 88121.485
249600	31200	 4.6619	 1.0596	   1.4883	        1.4858	          0.0026	   1.5238	        1.5248	     1.2097	5.188e-04	8.305e-04	4.809e-02	4.810e-02	3.246e+02	   7.574	 88393.099
250400	31300	 4.6621	 1.0590	   1.4883	        1.4858	          0.0025	   1.5238	        1.5248	     1.2097	5.541e-04	8.304e-04	4.789e-02	4.790e-02	3.287e+02	  16.509	 88647.066
251200	31400	 4.6624	 1.0595	   1.4883	        1.4858	          0.0025	   1.5238	        1.5248	     1.2097	5.133e-04	8.309e-04	4.807e-02	4.808e-02	2.971e+02	  12.525	 88972.780
252000	31500	 4.6620	 1.0602	   1.4883	        1.4858	          0.0026	   1.5238	        1.5248	     1.2097	5.321e-04	8.310e-04	4.828e-02	4.828e-02	3.055e+02	  14.905	 89258.342
252800	31600	 4.6626	 1.0589	   1.4883	        1.4858	          0.0025	   1.5238	        1.5248	     1.2097	3.328e-04	8.307e-04	4.788e-02	4.789e-02	2.694e+02	  25.299	 89546.484
253600	31700	 4.6629	 1.0591	   1.4883	        1.4858	          0.0025	   1.5238	        1.5248	     1.2097	4.788e-04	8.311e-04	4.792e-02	4.792e-02	3.350e+02	   9.194	 89821.052
254400	31800	 4.6627	 1.0594	   1.4883	        1.4858	          0.0025	   1.5238	        1.5248	     1.2097	4.407e-04	8.311e-04	4.803e-02	4.804e-02	3.751e+02	  13.489	 90072.143
255200	31900	 4.6626	 1.0599	   1.4883	        1.4858	          0.0026	   1.5238	        1.5248	     1.2097	4.022e-04	8.313e-04	4.821e-02	4.822e-02	2.577e+02	  10.308	 90363.150
256000	32000	 4.6632	 1.0591	   1.4883	        1.4858	          0.0025	   1.5238	        1.5248	     1.2097	4.139e-04	8.313e-04	4.794e-02	4.795e-02	2.860e+02	  14.340	 90642.432
256800	32100	 4.6633	 1.0597	   1.4883	        1.4858	          0.0026	   1.5238	        1.5248	     1.2097	4.698e-04	8.317e-04	4.814e-02	4.814e-02	3.679e+02	  24.464	 90924.680
257600	32200	 4.6632	 1.0591	   1.4883	        1.4858	          0.0025	   1.5238	        1.5248	     1.2097	4.483e-04	8.313e-04	4.794e-02	4.795e-02	2.705e+02	  11.261	 91230.049
258400	32300	 4.6634	 1.0584	   1.4883	        1.4858	          0.0025	   1.5238	        1.5248	     1.2097	4.926e-04	8.311e-04	4.770e-02	4.771e-02	2.312e+02	  24.077	 91541.711
259200	32400	 4.6637	 1.0592	   1.4883	        1.4858	          0.0025	   1.5238	        1.5248	     1.2097	5.465e-04	8.317e-04	4.795e-02	4.796e-02	3.796e+02	   9.942	 91812.684
260000	32500	 4.6633	 1.0608	   1.4884	        1.4858	          0.0026	   1.5238	        1.5248	     1.2097	4.488e-04	8.323e-04	4.848e-02	4.848e-02	4.232e+02	  11.351	 92120.211
260800	32600	 4.6640	 1.0600	   1.4883	        1.4858	          0.0026	   1.5238	        1.5248	     1.2097	4.356e-04	8.323e-04	4.822e-02	4.822e-02	3.875e+02	  25.467	 92444.636
261600	32700	 4.6639	 1.0599	   1.4883	        1.4858	          0.0026	   1.5238	        1.5248	     1.2097	4.666e-04	8.322e-04	4.818e-02	4.819e-02	2.051e+02	  12.358	 92700.456
262400	32800	 4.6640	 1.0591	   1.4883	        1.4858	          0.0025	   1.5238	        1.5248	     1.2097	5.038e-04	8.319e-04	4.793e-02	4.794e-02	2.392e+02	  22.592	 93003.121
263200	32900	 4.6642	 1.0594	   1.4883	        1.4858	          0.0025	   1.5238	        1.5248	     1.2097	3.566e-04	8.322e-04	4.802e-02	4.803e-02	3.329e+02	   8.497	 93304.122
264000	33000	 4.6642	 1.0588	   1.4883	        1.4858	          0.0025	   1.5238	        1.5248	     1.2097	3.348e-04	8.319e-04	4.782e-02	4.783e-02	3.337e+02	  12.682	 93586.738
264800	33100	 4.6644	 1.0596	   1.4883	        1.4858	          0.0026	   1.5238	        1.5248	     1.2097	3.909e-04	8.325e-04	4.810e-02	4.811e-02	3.910e+02	   9.422	 93807.478
265600	33200	 4.6647	 1.0591	   1.4883	        1.4858	          0.0025	   1.5238	        1.5248	     1.2097	4.667e-04	8.324e-04	4.793e-02	4.794e-02	4.027e+02	  12.303	 94073.444
266400	33300	 4.6647	 1.0605	   1.4884	        1.4858	          0.0026	   1.5238	        1.5248	     1.2097	5.061e-04	8.332e-04	4.840e-02	4.841e-02	3.877e+02	   8.318	 94340.562
267200	33400	 4.6649	 1.0604	   1.4884	        1.4858	          0.0026	   1.5238	        1.5248	     1.2097	4.582e-04	8.333e-04	4.836e-02	4.837e-02	2.641e+02	   8.500	 94653.111
268000	33500	 4.6645	 1.0593	   1.4883	        1.4858	          0.0025	   1.5238	        1.5248	     1.2097	5.201e-04	8.324e-04	4.800e-02	4.801e-02	3.324e+02	  24.771	 94930.064
268800	33600	 4.6648	 1.0600	   1.4883	        1.4858	          0.0026	   1.5238	        1.5248	     1.2097	4.896e-04	8.330e-04	4.824e-02	4.825e-02	4.031e+02	  12.554	 95229.543
269600	33700	 4.6654	 1.0592	   1.4883	        1.4858	          0.0025	   1.5238	        1.5248	     1.2097	4.771e-04	8.330e-04	4.796e-02	4.796e-02	4.272e+02	  10.690	 95493.606
270400	33800	 4.6654	 1.0605	   1.4884	        1.4858	          0.0026	   1.5238	        1.5248	     1.2097	4.616e-04	8.337e-04	4.838e-02	4.838e-02	2.732e+02	  15.738	 95832.422
271200	33900	 4.6655	 1.0583	   1.4883	        1.4858	          0.0025	   1.5238	        1.5248	     1.2097	4.448e-04	8.326e-04	4.766e-02	4.767e-02	3.626e+02	  13.166	 96113.459
272000	34000	 4.6652	 1.0585	   1.4883	        1.4858	          0.0025	   1.5238	        1.5248	     1.2097	3.769e-04	8.325e-04	4.773e-02	4.774e-02	4.143e+02	   8.651	 96391.097
272800	34100	 4.6656	 1.0599	   1.4883	        1.4858	          0.0026	   1.5238	        1.5248	     1.2097	3.514e-04	8.335e-04	4.818e-02	4.819e-02	4.902e+02	  11.524	 96628.115
273600	34200	 4.6653	 1.0596	   1.4883	        1.4858	          0.0026	   1.5238	        1.5248	     1.2097	4.406e-04	8.331e-04	4.809e-02	4.810e-02	3.276e+02	  15.847	 96920.840
274400	34300	 4.6657	 1.0606	   1.4884	        1.4858	          0.0026	   1.5238	        1.5248	     1.2097	3.539e-04	8.340e-04	4.843e-02	4.844e-02	2.758e+02	  13.261	 97160.764
275200	34400	 4.6660	 1.0597	   1.4883	        1.4858	          0.0026	   1.5238	        1.5248	     1.2097	3.489e-04	8.338e-04	4.814e-02	4.815e-02	3.256e+02	  13.639	 97448.158
276000	34500	 4.6659	 1.0590	   1.4883	        1.4858	          0.0025	   1.5238	        1.5248	     1.2097	4.849e-04	8.333e-04	4.789e-02	4.790e-02	3.640e+02	  12.898	 97718.192
276800	34600	 4.6663	 1.0599	   1.4883	        1.4858	          0.0026	   1.5238	        1.5248	     1.2097	4.777e-04	8.340e-04	4.818e-02	4.819e-02	4.190e+02	  10.396	 97969.698
277600	34700	 4.6662	 1.0595	   1.4883	        1.4858	          0.0025	   1.5238	        1.5248	     1.2097	4.513e-04	8.338e-04	4.805e-02	4.806e-02	3.025e+02	  11.491	 98216.648
278400	34800	 4.6662	 1.0593	   1.4883	        1.4858	          0.0025	   1.5238	        1.5248	     1.2097	3.342e-04	8.337e-04	4.798e-02	4.799e-02	3.441e+02	  10.217	 98474.343
279200	34900	 4.6663	 1.0588	   1.4883	        1.4858	          0.0025	   1.5238	        1.5248	     1.2097	4.448e-04	8.335e-04	4.784e-02	4.784e-02	3.297e+02	  19.547	 98718.152
280000	35000	 4.6664	 1.0597	   1.4883	        1.4858	          0.0026	   1.5238	        1.5248	     1.2097	4.995e-04	8.340e-04	4.812e-02	4.813e-02	4.555e+02	  12.718	 99089.349
280800	35100	 4.6664	 1.0592	   1.4883	        1.4858	          0.0025	   1.5238	        1.5248	     1.2097	4.214e-04	8.338e-04	4.797e-02	4.798e-02	2.967e+02	  16.186	 99367.627
281600	35200	 4.6668	 1.0592	   1.4883	        1.4858	          0.0025	   1.5238	        1.5248	     1.2097	3.957e-04	8.340e-04	4.795e-02	4.796e-02	2.895e+02	  17.799	 99614.586
282400	35300	 4.6665	 1.0602	   1.4884	        1.4858	          0.0026	   1.5238	        1.5248	     1.2097	4.533e-04	8.344e-04	4.831e-02	4.832e-02	3.699e+02	  10.181	 99883.824
283200	35400	 4.6665	 1.0602	   1.4884	        1.4858	          0.0026	   1.5238	        1.5248	     1.2097	3.787e-04	8.344e-04	4.831e-02	4.831e-02	4.028e+02	   8.319	100186.372
284000	35500	 4.6671	 1.0587	   1.4883	        1.4858	          0.0025	   1.5238	        1.5248	     1.2097	3.350e-04	8.341e-04	4.782e-02	4.782e-02	2.346e+02	   7.915	100479.483
284800	35600	 4.6670	 1.0585	   1.4883	        1.4858	          0.0025	   1.5238	        1.5248	     1.2097	3.783e-04	8.339e-04	4.775e-02	4.776e-02	2.864e+02	   8.960	100733.088
285600	35700	 4.6671	 1.0597	   1.4883	        1.4858	          0.0026	   1.5238	        1.5248	     1.2097	3.550e-04	8.346e-04	4.814e-02	4.814e-02	3.325e+02	  25.416	101093.139
286400	35800	 4.6673	 1.0591	   1.4883	        1.4858	          0.0025	   1.5238	        1.5248	     1.2097	4.740e-04	8.344e-04	4.793e-02	4.793e-02	4.075e+02	   9.227	101414.892
287200	35900	 4.6672	 1.0585	   1.4883	        1.4858	          0.0025	   1.5238	        1.5248	     1.2097	3.680e-04	8.341e-04	4.775e-02	4.776e-02	2.989e+02	   7.670	101680.369
288000	36000	 4.6675	 1.0597	   1.4883	        1.4858	          0.0026	   1.5238	        1.5248	     1.2097	4.358e-04	8.349e-04	4.812e-02	4.813e-02	3.123e+02	  22.678	101951.964
288800	36100	 4.6676	 1.0604	   1.4884	        1.4858	          0.0026	   1.5238	        1.5248	     1.2097	3.833e-04	8.354e-04	4.837e-02	4.838e-02	4.087e+02	   9.648	102210.158
289600	36200	 4.6672	 1.0588	   1.4883	        1.4858	          0.0025	   1.5238	        1.5248	     1.2097	4.409e-04	8.342e-04	4.785e-02	4.786e-02	4.005e+02	  10.312	102558.635
290400	36300	 4.6676	 1.0587	   1.4883	        1.4858	          0.0025	   1.5238	        1.5248	     1.2097	4.471e-04	8.345e-04	4.782e-02	4.782e-02	3.096e+02	  24.924	102813.195
291200	36400	 4.6677	 1.0600	   1.4883	        1.4858	          0.0026	   1.5238	        1.5248	     1.2097	3.644e-04	8.352e-04	4.821e-02	4.822e-02	3.004e+02	   8.213	103064.623
292000	36500	 4.6679	 1.0586	   1.4883	        1.4858	          0.0025	   1.5238	        1.5248	     1.2097	4.907e-04	8.347e-04	4.778e-02	4.779e-02	2.755e+02	  24.015	103381.709
292800	36600	 4.6678	 1.0599	   1.4883	        1.4858	          0.0026	   1.5238	        1.5248	     1.2097	3.877e-04	8.352e-04	4.818e-02	4.819e-02	2.153e+02	  10.298	103705.422
293600	36700	 4.6681	 1.0598	   1.4883	        1.4858	          0.0026	   1.5238	        1.5248	     1.2097	4.501e-04	8.354e-04	4.816e-02	4.817e-02	4.809e+02	  24.788	103992.372
294400	36800	 4.6684	 1.0594	   1.4883	        1.4858	          0.0025	   1.5238	        1.5248	     1.2097	4.392e-04	8.354e-04	4.802e-02	4.803e-02	3.536e+02	   8.194	104278.803
295200	36900	 4.6685	 1.0588	   1.4883	        1.4858	          0.0025	   1.5238	        1.5248	     1.2097	4.401e-04	8.351e-04	4.782e-02	4.783e-02	2.938e+02	   9.326	104567.886
296000	37000	 4.6685	 1.0583	   1.4883	        1.4858	          0.0025	   1.5238	        1.5248	     1.2097	3.826e-04	8.349e-04	4.766e-02	4.767e-02	1.766e+02	  20.066	104836.140
296800	37100	 4.6689	 1.0588	   1.4883	        1.4858	          0.0025	   1.5238	        1.5248	     1.2097	3.164e-04	8.355e-04	4.784e-02	4.784e-02	3.372e+02	  24.165	105122.257
297600	37200	 4.6685	 1.0588	   1.4883	        1.4858	          0.0025	   1.5238	        1.5248	     1.2097	4.149e-04	8.352e-04	4.784e-02	4.784e-02	3.843e+02	   9.820	105438.108
298400	37300	 4.6689	 1.0591	   1.4883	        1.4858	          0.0025	   1.5238	        1.5248	     1.2097	3.215e-04	8.357e-04	4.795e-02	4.795e-02	4.522e+02	   8.842	105666.369
299200	37400	 4.6688	 1.0592	   1.4883	        1.4858	          0.0025	   1.5238	        1.5248	     1.2097	3.546e-04	8.356e-04	4.797e-02	4.798e-02	4.306e+02	  12.412	105926.855
300000	37500	 4.6690	 1.0589	   1.4883	        1.4858	          0.0025	   1.5238	        1.5248	     1.2097	3.473e-04	8.356e-04	4.787e-02	4.787e-02	3.054e+02	  11.445	106249.227