[GPU 1][JOB 26] 'python cli.py scgd --n 1024 --lengthscale 0.5 --sigma-f2-true 4.0 --sigma-eps2-true 1.0 --n-epochs 2000000 --print-every 800 --device auto --kernel-mode rbf --a0 1e-3 --b0 0.1 --a-decay 0.3 --b-decay 0.2 --w-init-scale 0.1 --warm-start-w --num-features 128 --decay-start-epoch 0 --seed 5 --batch-size 128 --sigma-f2-init 2.5 --sigma-eps2-init 0.7 '
[CLI] Using torch default dtype torch.float64.

=== SCGD + ORF (TMLR Algorithm 2, sigma_f2-only) ===
iter	epoch	σ_f²	σ_ε²	real_nlml	real_nlml_true	real_nlml_abs_err	orf_nlml	orf_nlml_true	approx_nlml	|F~ - F|/|F|	∇σ_f²		∇σ_ε²		||grad||		||∇_w||	duration_s	wall_time_s
 800	100	 2.8973	 1.0993	   1.5090	        1.5078	          0.0013	   1.5400	        1.5400	     1.2426	6.731e-03	-5.704e-04	3.767e-02	3.768e-02	2.315e+02	  13.006	   297.858
1600	200	 3.1179	 1.1007	   1.5090	        1.5078	          0.0013	   1.5394	        1.5400	     1.2411	4.440e-03	5.079e-05	3.826e-02	3.826e-02	3.486e+02	  14.263	   585.785
2400	300	 3.2799	 1.0976	   1.5090	        1.5078	          0.0012	   1.5390	        1.5400	     1.2402	3.888e-03	4.126e-04	3.735e-02	3.736e-02	2.632e+02	   9.525	   865.594
3200	400	 3.4078	 1.0975	   1.5090	        1.5078	          0.0013	   1.5387	        1.5400	     1.2397	2.448e-03	6.558e-04	3.740e-02	3.741e-02	3.016e+02	   9.661	  1159.163
4000	500	 3.5106	 1.0920	   1.5089	        1.5078	          0.0011	   1.5386	        1.5400	     1.2393	1.611e-03	8.255e-04	3.561e-02	3.562e-02	3.447e+02	  11.216	  1435.577
4800	600	 3.6031	 1.0968	   1.5092	        1.5078	          0.0014	   1.5384	        1.5400	     1.2390	2.199e-03	9.658e-04	3.724e-02	3.725e-02	2.877e+02	  12.321	  1732.252
5600	700	 3.6779	 1.0990	   1.5093	        1.5078	          0.0016	   1.5383	        1.5400	     1.2388	1.980e-03	1.069e-03	3.795e-02	3.796e-02	4.034e+02	  14.173	  2015.060
6400	800	 3.7447	 1.0991	   1.5094	        1.5078	          0.0016	   1.5383	        1.5400	     1.2387	1.820e-03	1.153e-03	3.802e-02	3.804e-02	2.509e+02	  12.472	  2306.372
7200	900	 3.8041	 1.1018	   1.5096	        1.5078	          0.0018	   1.5382	        1.5400	     1.2386	1.725e-03	1.224e-03	3.889e-02	3.891e-02	2.664e+02	  11.392	  2600.527
8000	1000	 3.8560	 1.0921	   1.5093	        1.5078	          0.0015	   1.5381	        1.5400	     1.2384	1.601e-03	1.279e-03	3.576e-02	3.578e-02	3.441e+02	  10.175	  2893.795
8800	1100	 3.9023	 1.0927	   1.5094	        1.5078	          0.0016	   1.5381	        1.5400	     1.2383	1.670e-03	1.328e-03	3.596e-02	3.598e-02	2.724e+02	  12.078	  3185.003
9600	1200	 3.9426	 1.0980	   1.5096	        1.5078	          0.0019	   1.5381	        1.5400	     1.2383	1.255e-03	1.370e-03	3.773e-02	3.775e-02	3.429e+02	  16.517	  3476.162
10400	1300	 3.9809	 1.1030	   1.5099	        1.5078	          0.0021	   1.5381	        1.5400	     1.2382	1.152e-03	1.408e-03	3.931e-02	3.933e-02	3.440e+02	  10.176	  3767.728
11200	1400	 4.0153	 1.1001	   1.5098	        1.5078	          0.0020	   1.5380	        1.5400	     1.2382	1.321e-03	1.440e-03	3.840e-02	3.843e-02	3.614e+02	  11.440	  4076.585
12000	1500	 4.0465	 1.0952	   1.5097	        1.5078	          0.0019	   1.5380	        1.5400	     1.2381	1.204e-03	1.467e-03	3.682e-02	3.685e-02	2.221e+02	  17.714	  4355.264
12800	1600	 4.0756	 1.0933	   1.5096	        1.5078	          0.0019	   1.5380	        1.5400	     1.2381	1.652e-03	1.492e-03	3.620e-02	3.624e-02	3.749e+02	  12.908	  4638.431
13600	1700	 4.1012	 1.0947	   1.5097	        1.5078	          0.0020	   1.5380	        1.5400	     1.2380	1.106e-03	1.513e-03	3.667e-02	3.670e-02	2.928e+02	  10.611	  4926.110
14400	1800	 4.1255	 1.0958	   1.5098	        1.5078	          0.0020	   1.5379	        1.5400	     1.2380	1.403e-03	1.534e-03	3.703e-02	3.706e-02	3.261e+02	  11.234	  5201.358
15200	1900	 4.1478	 1.0959	   1.5098	        1.5078	          0.0021	   1.5379	        1.5400	     1.2380	1.363e-03	1.551e-03	3.707e-02	3.710e-02	3.005e+02	  10.742	  5469.463
16000	2000	 4.1686	 1.0949	   1.5098	        1.5078	          0.0021	   1.5379	        1.5400	     1.2380	1.292e-03	1.568e-03	3.674e-02	3.677e-02	2.708e+02	  10.526	  5747.634
16800	2100	 4.1888	 1.0978	   1.5100	        1.5078	          0.0022	   1.5379	        1.5400	     1.2379	1.063e-03	1.583e-03	3.771e-02	3.774e-02	3.355e+02	  12.180	  6028.536
17600	2200	 4.2067	 1.0986	   1.5100	        1.5078	          0.0023	   1.5379	        1.5400	     1.2379	1.064e-03	1.597e-03	3.797e-02	3.800e-02	2.627e+02	   8.452	  6330.781
18400	2300	 4.2237	 1.0980	   1.5100	        1.5078	          0.0023	   1.5379	        1.5400	     1.2379	9.777e-04	1.609e-03	3.778e-02	3.781e-02	2.273e+02	  13.911	  6612.469
19200	2400	 4.2385	 1.0978	   1.5100	        1.5078	          0.0023	   1.5379	        1.5400	     1.2379	1.126e-03	1.620e-03	3.769e-02	3.772e-02	2.976e+02	  14.584	  6910.870
20000	2500	 4.2538	 1.0945	   1.5100	        1.5078	          0.0022	   1.5379	        1.5400	     1.2379	9.951e-04	1.631e-03	3.663e-02	3.667e-02	2.074e+02	  12.328	  7207.889
20800	2600	 4.2684	 1.0961	   1.5100	        1.5078	          0.0023	   1.5379	        1.5400	     1.2379	1.044e-03	1.641e-03	3.714e-02	3.718e-02	3.190e+02	  10.076	  7470.843
21600	2700	 4.2808	 1.0975	   1.5101	        1.5078	          0.0023	   1.5379	        1.5400	     1.2379	6.600e-04	1.650e-03	3.760e-02	3.763e-02	2.810e+02	  11.330	  7765.003
22400	2800	 4.2937	 1.0975	   1.5101	        1.5078	          0.0024	   1.5379	        1.5400	     1.2379	8.755e-04	1.659e-03	3.762e-02	3.766e-02	3.668e+02	  17.817	  8033.873
23200	2900	 4.3048	 1.0986	   1.5102	        1.5078	          0.0024	   1.5379	        1.5400	     1.2378	7.911e-04	1.666e-03	3.796e-02	3.799e-02	3.820e+02	  12.854	  8312.361
24000	3000	 4.3160	 1.0962	   1.5101	        1.5078	          0.0024	   1.5378	        1.5400	     1.2378	9.264e-04	1.673e-03	3.720e-02	3.723e-02	3.970e+02	  11.830	  8593.429
24800	3100	 4.3262	 1.0945	   1.5101	        1.5078	          0.0023	   1.5378	        1.5400	     1.2378	9.729e-04	1.680e-03	3.664e-02	3.667e-02	3.170e+02	  12.558	  8865.207
25600	3200	 4.3354	 1.0982	   1.5102	        1.5078	          0.0025	   1.5378	        1.5400	     1.2378	7.096e-04	1.686e-03	3.784e-02	3.788e-02	3.366e+02	  16.841	  9159.806
26400	3300	 4.3455	 1.0953	   1.5101	        1.5078	          0.0024	   1.5378	        1.5400	     1.2378	8.196e-04	1.692e-03	3.690e-02	3.693e-02	3.025e+02	  15.247	  9438.003
27200	3400	 4.3544	 1.0954	   1.5102	        1.5078	          0.0024	   1.5378	        1.5400	     1.2378	9.054e-04	1.698e-03	3.692e-02	3.696e-02	4.039e+02	  11.142	  9734.528
28000	3500	 4.3636	 1.0955	   1.5102	        1.5078	          0.0024	   1.5378	        1.5400	     1.2378	8.008e-04	1.704e-03	3.697e-02	3.701e-02	4.153e+02	   8.588	 10038.436
28800	3600	 4.3707	 1.0965	   1.5102	        1.5078	          0.0025	   1.5378	        1.5400	     1.2378	7.590e-04	1.708e-03	3.729e-02	3.733e-02	3.426e+02	  10.330	 10328.611
29600	3700	 4.3791	 1.0991	   1.5103	        1.5078	          0.0026	   1.5378	        1.5400	     1.2378	8.553e-04	1.714e-03	3.814e-02	3.817e-02	3.805e+02	  11.304	 10610.435
30400	3800	 4.3860	 1.0934	   1.5101	        1.5078	          0.0024	   1.5378	        1.5400	     1.2378	7.049e-04	1.718e-03	3.629e-02	3.634e-02	3.641e+02	  11.706	 10891.236
31200	3900	 4.3933	 1.0950	   1.5102	        1.5078	          0.0024	   1.5378	        1.5400	     1.2378	9.398e-04	1.722e-03	3.680e-02	3.684e-02	3.593e+02	  10.069	 11164.539
32000	4000	 4.3999	 1.0984	   1.5103	        1.5078	          0.0026	   1.5378	        1.5400	     1.2378	9.888e-04	1.727e-03	3.790e-02	3.794e-02	3.835e+02	  18.486	 11441.900
32800	4100	 4.4056	 1.0967	   1.5103	        1.5078	          0.0025	   1.5378	        1.5400	     1.2378	6.476e-04	1.730e-03	3.736e-02	3.740e-02	3.042e+02	  14.844	 11707.274
33600	4200	 4.4119	 1.0977	   1.5103	        1.5078	          0.0026	   1.5378	        1.5400	     1.2378	6.710e-04	1.734e-03	3.770e-02	3.774e-02	4.018e+02	  12.660	 12003.940
34400	4300	 4.4177	 1.0960	   1.5103	        1.5078	          0.0025	   1.5378	        1.5400	     1.2378	6.954e-04	1.737e-03	3.715e-02	3.719e-02	2.931e+02	  11.728	 12264.843
35200	4400	 4.4233	 1.0939	   1.5102	        1.5078	          0.0025	   1.5378	        1.5400	     1.2378	8.550e-04	1.740e-03	3.646e-02	3.650e-02	3.041e+02	   9.072	 12522.982
36000	4500	 4.4287	 1.0965	   1.5103	        1.5078	          0.0026	   1.5378	        1.5400	     1.2378	7.084e-04	1.744e-03	3.730e-02	3.734e-02	3.202e+02	  16.889	 12821.331
36800	4600	 4.4337	 1.0953	   1.5103	        1.5078	          0.0025	   1.5378	        1.5400	     1.2377	6.407e-04	1.746e-03	3.691e-02	3.695e-02	3.664e+02	  13.321	 13108.206
37600	4700	 4.4382	 1.0956	   1.5103	        1.5078	          0.0025	   1.5378	        1.5400	     1.2377	7.692e-04	1.749e-03	3.702e-02	3.706e-02	3.286e+02	  10.220	 13397.242
38400	4800	 4.4430	 1.0947	   1.5103	        1.5078	          0.0025	   1.5378	        1.5400	     1.2377	6.546e-04	1.752e-03	3.673e-02	3.677e-02	3.514e+02	  11.608	 13690.343
39200	4900	 4.4475	 1.0944	   1.5103	        1.5078	          0.0025	   1.5378	        1.5400	     1.2377	8.068e-04	1.754e-03	3.663e-02	3.667e-02	2.306e+02	   9.274	 13984.648
40000	5000	 4.4525	 1.0949	   1.5103	        1.5078	          0.0025	   1.5378	        1.5400	     1.2377	9.202e-04	1.757e-03	3.679e-02	3.684e-02	3.073e+02	  13.676	 14246.844
40800	5100	 4.4560	 1.0952	   1.5103	        1.5078	          0.0026	   1.5378	        1.5400	     1.2377	6.943e-04	1.759e-03	3.689e-02	3.693e-02	3.114e+02	  15.238	 14541.706
41600	5200	 4.4600	 1.0925	   1.5102	        1.5078	          0.0025	   1.5378	        1.5400	     1.2377	8.648e-04	1.761e-03	3.601e-02	3.605e-02	3.660e+02	  12.495	 14821.847
42400	5300	 4.4643	 1.0949	   1.5103	        1.5078	          0.0026	   1.5378	        1.5400	     1.2377	8.087e-04	1.764e-03	3.677e-02	3.682e-02	3.474e+02	  15.559	 15118.886
43200	5400	 4.4675	 1.0967	   1.5104	        1.5078	          0.0026	   1.5378	        1.5400	     1.2377	7.514e-04	1.766e-03	3.737e-02	3.741e-02	3.992e+02	   9.098	 15399.874
44000	5500	 4.4710	 1.0975	   1.5104	        1.5078	          0.0027	   1.5378	        1.5400	     1.2377	8.507e-04	1.768e-03	3.763e-02	3.767e-02	3.865e+02	  13.054	 15696.913
44800	5600	 4.4743	 1.0971	   1.5104	        1.5078	          0.0027	   1.5378	        1.5400	     1.2377	6.232e-04	1.770e-03	3.751e-02	3.755e-02	3.331e+02	   8.276	 15973.979
45600	5700	 4.4779	 1.0949	   1.5103	        1.5078	          0.0026	   1.5378	        1.5400	     1.2377	6.308e-04	1.771e-03	3.679e-02	3.683e-02	4.081e+02	  11.595	 16258.554
46400	5800	 4.4811	 1.0968	   1.5104	        1.5078	          0.0027	   1.5378	        1.5400	     1.2377	6.228e-04	1.773e-03	3.741e-02	3.745e-02	3.074e+02	  16.359	 16561.314
47200	5900	 4.4844	 1.0966	   1.5104	        1.5078	          0.0027	   1.5378	        1.5400	     1.2377	7.200e-04	1.775e-03	3.733e-02	3.737e-02	3.683e+02	  12.105	 16864.702
48000	6000	 4.4874	 1.0933	   1.5103	        1.5078	          0.0025	   1.5378	        1.5400	     1.2377	7.010e-04	1.777e-03	3.627e-02	3.632e-02	2.639e+02	  13.544	 17168.229
48800	6100	 4.4897	 1.0956	   1.5104	        1.5078	          0.0026	   1.5378	        1.5400	     1.2377	9.171e-04	1.778e-03	3.701e-02	3.705e-02	3.280e+02	  15.909	 17467.349
49600	6200	 4.4920	 1.0967	   1.5104	        1.5078	          0.0027	   1.5378	        1.5400	     1.2377	7.495e-04	1.779e-03	3.738e-02	3.742e-02	3.016e+02	  12.971	 17760.457
50400	6300	 4.4949	 1.0948	   1.5104	        1.5078	          0.0026	   1.5378	        1.5400	     1.2377	7.022e-04	1.781e-03	3.675e-02	3.679e-02	4.196e+02	  10.084	 18039.772
51200	6400	 4.4978	 1.0937	   1.5103	        1.5078	          0.0026	   1.5378	        1.5400	     1.2377	6.823e-04	1.782e-03	3.639e-02	3.643e-02	4.032e+02	  12.617	 18299.041
52000	6500	 4.5003	 1.0953	   1.5104	        1.5078	          0.0026	   1.5378	        1.5400	     1.2377	6.281e-04	1.784e-03	3.691e-02	3.696e-02	2.640e+02	  12.959	 18604.636
52800	6600	 4.5027	 1.0930	   1.5103	        1.5078	          0.0026	   1.5378	        1.5400	     1.2377	5.978e-04	1.785e-03	3.617e-02	3.621e-02	3.748e+02	  10.017	 18869.665
53600	6700	 4.5048	 1.0948	   1.5104	        1.5078	          0.0026	   1.5378	        1.5400	     1.2377	6.697e-04	1.786e-03	3.676e-02	3.681e-02	3.247e+02	  13.282	 19157.459
54400	6800	 4.5069	 1.0961	   1.5104	        1.5078	          0.0027	   1.5378	        1.5400	     1.2377	5.005e-04	1.787e-03	3.717e-02	3.721e-02	2.924e+02	  13.463	 19433.484
55200	6900	 4.5091	 1.0947	   1.5104	        1.5078	          0.0026	   1.5378	        1.5400	     1.2377	6.453e-04	1.788e-03	3.673e-02	3.677e-02	3.129e+02	  12.218	 19744.780
56000	7000	 4.5118	 1.0933	   1.5104	        1.5078	          0.0026	   1.5378	        1.5400	     1.2377	6.573e-04	1.790e-03	3.627e-02	3.632e-02	3.594e+02	  12.914	 20042.306
56800	7100	 4.5145	 1.0980	   1.5105	        1.5078	          0.0028	   1.5378	        1.5400	     1.2377	8.104e-04	1.792e-03	3.781e-02	3.785e-02	3.677e+02	   9.471	 20319.223
57600	7200	 4.5159	 1.0917	   1.5103	        1.5078	          0.0025	   1.5378	        1.5400	     1.2377	6.890e-04	1.792e-03	3.574e-02	3.578e-02	3.461e+02	   8.817	 20595.929
58400	7300	 4.5181	 1.0949	   1.5104	        1.5078	          0.0027	   1.5378	        1.5400	     1.2377	7.555e-04	1.793e-03	3.680e-02	3.684e-02	4.277e+02	  13.449	 20876.659
59200	7400	 4.5196	 1.0935	   1.5104	        1.5078	          0.0026	   1.5378	        1.5400	     1.2377	5.935e-04	1.794e-03	3.635e-02	3.639e-02	3.948e+02	  12.912	 21175.692
60000	7500	 4.5214	 1.0965	   1.5105	        1.5078	          0.0027	   1.5378	        1.5400	     1.2377	6.826e-04	1.795e-03	3.730e-02	3.735e-02	3.730e+02	   9.781	 21464.972
60800	7600	 4.5236	 1.0928	   1.5104	        1.5078	          0.0026	   1.5378	        1.5400	     1.2377	7.330e-04	1.796e-03	3.610e-02	3.614e-02	2.619e+02	   9.883	 21740.098
61600	7700	 4.5256	 1.0985	   1.5106	        1.5078	          0.0028	   1.5378	        1.5400	     1.2377	6.989e-04	1.798e-03	3.797e-02	3.802e-02	3.456e+02	  14.681	 22023.323
62400	7800	 4.5269	 1.0956	   1.5105	        1.5078	          0.0027	   1.5378	        1.5400	     1.2377	8.040e-04	1.798e-03	3.702e-02	3.707e-02	3.899e+02	  12.376	 22305.073
63200	7900	 4.5283	 1.0918	   1.5103	        1.5078	          0.0026	   1.5378	        1.5400	     1.2377	7.194e-04	1.798e-03	3.579e-02	3.583e-02	3.749e+02	   9.985	 22588.554
64000	8000	 4.5303	 1.0942	   1.5104	        1.5078	          0.0027	   1.5378	        1.5400	     1.2377	5.569e-04	1.800e-03	3.658e-02	3.662e-02	2.610e+02	  13.295	 22876.831
64800	8100	 4.5317	 1.0950	   1.5104	        1.5078	          0.0027	   1.5378	        1.5400	     1.2377	9.018e-04	1.800e-03	3.682e-02	3.686e-02	3.156e+02	  13.256	 23161.270
65600	8200	 4.5336	 1.0975	   1.5105	        1.5078	          0.0028	   1.5378	        1.5400	     1.2377	9.385e-04	1.802e-03	3.763e-02	3.767e-02	2.982e+02	  10.169	 23449.598
66400	8300	 4.5345	 1.0926	   1.5104	        1.5078	          0.0026	   1.5378	        1.5400	     1.2377	6.086e-04	1.802e-03	3.604e-02	3.609e-02	2.910e+02	  11.769	 23733.131
67200	8400	 4.5360	 1.0945	   1.5104	        1.5078	          0.0027	   1.5378	        1.5400	     1.2377	6.670e-04	1.803e-03	3.667e-02	3.671e-02	4.524e+02	  12.168	 24017.699
68000	8500	 4.5380	 1.0928	   1.5104	        1.5078	          0.0026	   1.5378	        1.5400	     1.2377	7.341e-04	1.804e-03	3.612e-02	3.616e-02	2.117e+02	  11.430	 24320.208
68800	8600	 4.5389	 1.0938	   1.5104	        1.5078	          0.0027	   1.5378	        1.5400	     1.2377	7.160e-04	1.804e-03	3.644e-02	3.648e-02	2.873e+02	   9.900	 24606.984
69600	8700	 4.5399	 1.0958	   1.5105	        1.5078	          0.0027	   1.5378	        1.5400	     1.2377	7.938e-04	1.805e-03	3.710e-02	3.715e-02	3.466e+02	  12.431	 24908.192
70400	8800	 4.5415	 1.0953	   1.5105	        1.5078	          0.0027	   1.5378	        1.5400	     1.2377	6.049e-04	1.806e-03	3.692e-02	3.696e-02	3.103e+02	  13.662	 25187.242
71200	8900	 4.5425	 1.0947	   1.5105	        1.5078	          0.0027	   1.5378	        1.5400	     1.2377	6.327e-04	1.806e-03	3.672e-02	3.677e-02	3.949e+02	  13.898	 25492.572
72000	9000	 4.5440	 1.0940	   1.5104	        1.5078	          0.0027	   1.5378	        1.5400	     1.2377	6.688e-04	1.807e-03	3.649e-02	3.653e-02	3.213e+02	   9.865	 25778.134
72800	9100	 4.5450	 1.0953	   1.5105	        1.5078	          0.0027	   1.5378	        1.5400	     1.2377	6.204e-04	1.807e-03	3.691e-02	3.695e-02	3.736e+02	  16.235	 26046.224
73600	9200	 4.5465	 1.0965	   1.5105	        1.5078	          0.0028	   1.5378	        1.5400	     1.2377	6.278e-04	1.808e-03	3.732e-02	3.737e-02	3.020e+02	  10.067	 26327.329
74400	9300	 4.5478	 1.0948	   1.5105	        1.5078	          0.0027	   1.5378	        1.5400	     1.2377	8.523e-04	1.809e-03	3.677e-02	3.682e-02	3.422e+02	  12.892	 26601.497
75200	9400	 4.5486	 1.0947	   1.5105	        1.5078	          0.0027	   1.5378	        1.5400	     1.2377	6.122e-04	1.809e-03	3.674e-02	3.679e-02	2.920e+02	  10.083	 26891.434
76000	9500	 4.5497	 1.0946	   1.5105	        1.5078	          0.0027	   1.5378	        1.5400	     1.2377	5.599e-04	1.810e-03	3.670e-02	3.674e-02	5.167e+02	  10.421	 27195.412
76800	9600	 4.5510	 1.0941	   1.5105	        1.5078	          0.0027	   1.5378	        1.5400	     1.2377	6.246e-04	1.810e-03	3.653e-02	3.657e-02	2.899e+02	  12.247	 27472.074
77600	9700	 4.5517	 1.0965	   1.5105	        1.5078	          0.0028	   1.5378	        1.5400	     1.2377	6.391e-04	1.811e-03	3.731e-02	3.735e-02	2.788e+02	   9.842	 27743.980
78400	9800	 4.5533	 1.0926	   1.5104	        1.5078	          0.0026	   1.5378	        1.5400	     1.2377	7.633e-04	1.811e-03	3.604e-02	3.609e-02	3.358e+02	   9.238	 28029.133
79200	9900	 4.5542	 1.0961	   1.5105	        1.5078	          0.0028	   1.5378	        1.5400	     1.2377	6.313e-04	1.812e-03	3.719e-02	3.723e-02	2.772e+02	  13.999	 28299.954
80000	10000	 4.5553	 1.0940	   1.5105	        1.5078	          0.0027	   1.5378	        1.5400	     1.2377	5.580e-04	1.813e-03	3.650e-02	3.654e-02	2.843e+02	  12.976	 28589.093
80800	10100	 4.5557	 1.0928	   1.5104	        1.5078	          0.0026	   1.5378	        1.5400	     1.2377	5.525e-04	1.813e-03	3.609e-02	3.614e-02	2.413e+02	  15.787	 28879.472
81600	10200	 4.5570	 1.0946	   1.5105	        1.5078	          0.0027	   1.5378	        1.5400	     1.2377	6.924e-04	1.814e-03	3.670e-02	3.675e-02	3.267e+02	  15.444	 29167.770
82400	10300	 4.5577	 1.0966	   1.5106	        1.5078	          0.0028	   1.5378	        1.5400	     1.2377	6.230e-04	1.814e-03	3.736e-02	3.741e-02	3.726e+02	  16.846	 29455.516
83200	10400	 4.5584	 1.0936	   1.5104	        1.5078	          0.0027	   1.5378	        1.5400	     1.2377	5.979e-04	1.814e-03	3.636e-02	3.640e-02	3.056e+02	  13.498	 29732.191
84000	10500	 4.5598	 1.0945	   1.5105	        1.5078	          0.0027	   1.5378	        1.5400	     1.2377	6.323e-04	1.815e-03	3.666e-02	3.671e-02	2.433e+02	  13.012	 30035.697
84800	10600	 4.5603	 1.0955	   1.5105	        1.5078	          0.0028	   1.5378	        1.5400	     1.2377	6.671e-04	1.815e-03	3.700e-02	3.705e-02	3.612e+02	  13.485	 30336.448
85600	10700	 4.5612	 1.0938	   1.5105	        1.5078	          0.0027	   1.5378	        1.5400	     1.2377	5.600e-04	1.816e-03	3.645e-02	3.650e-02	3.461e+02	  17.829	 30626.134
86400	10800	 4.5621	 1.0948	   1.5105	        1.5078	          0.0027	   1.5378	        1.5400	     1.2377	7.978e-04	1.816e-03	3.675e-02	3.680e-02	3.875e+02	  14.102	 30902.651
87200	10900	 4.5628	 1.0945	   1.5105	        1.5078	          0.0027	   1.5378	        1.5400	     1.2377	5.482e-04	1.816e-03	3.668e-02	3.673e-02	4.040e+02	  14.164	 31177.004
88000	11000	 4.5638	 1.0943	   1.5105	        1.5078	          0.0027	   1.5378	        1.5400	     1.2377	6.806e-04	1.817e-03	3.660e-02	3.665e-02	3.099e+02	  11.316	 31463.696
88800	11100	 4.5644	 1.0954	   1.5105	        1.5078	          0.0028	   1.5378	        1.5400	     1.2377	5.520e-04	1.817e-03	3.696e-02	3.700e-02	3.900e+02	  11.376	 31749.046
89600	11200	 4.5653	 1.0956	   1.5105	        1.5078	          0.0028	   1.5378	        1.5400	     1.2377	6.607e-04	1.818e-03	3.702e-02	3.707e-02	3.653e+02	  11.512	 32031.285
90400	11300	 4.5663	 1.0934	   1.5105	        1.5078	          0.0027	   1.5378	        1.5400	     1.2377	7.915e-04	1.818e-03	3.630e-02	3.634e-02	3.299e+02	   8.909	 32282.288
91200	11400	 4.5666	 1.0938	   1.5105	        1.5078	          0.0027	   1.5378	        1.5400	     1.2377	5.086e-04	1.818e-03	3.642e-02	3.647e-02	4.171e+02	  10.717	 32541.846
92000	11500	 4.5671	 1.0941	   1.5105	        1.5078	          0.0027	   1.5378	        1.5400	     1.2377	5.911e-04	1.819e-03	3.655e-02	3.659e-02	3.758e+02	  11.154	 32803.135
92800	11600	 4.5681	 1.0961	   1.5106	        1.5078	          0.0028	   1.5378	        1.5400	     1.2377	5.610e-04	1.819e-03	3.718e-02	3.723e-02	4.097e+02	  11.604	 33081.808
93600	11700	 4.5691	 1.0976	   1.5106	        1.5078	          0.0029	   1.5378	        1.5400	     1.2377	4.892e-04	1.820e-03	3.768e-02	3.772e-02	3.253e+02	  11.119	 33349.626
94400	11800	 4.5692	 1.0972	   1.5106	        1.5078	          0.0028	   1.5378	        1.5400	     1.2377	5.392e-04	1.820e-03	3.753e-02	3.758e-02	3.204e+02	  16.926	 33628.989
95200	11900	 4.5700	 1.0953	   1.5105	        1.5078	          0.0028	   1.5378	        1.5400	     1.2377	6.642e-04	1.820e-03	3.693e-02	3.697e-02	3.442e+02	   9.330	 33897.471
96000	12000	 4.5707	 1.0949	   1.5105	        1.5078	          0.0028	   1.5378	        1.5400	     1.2377	6.048e-04	1.820e-03	3.679e-02	3.683e-02	4.237e+02	  10.387	 34157.913
96800	12100	 4.5714	 1.0943	   1.5105	        1.5078	          0.0027	   1.5378	        1.5400	     1.2377	6.220e-04	1.821e-03	3.659e-02	3.663e-02	3.373e+02	  11.982	 34427.130
97600	12200	 4.5718	 1.0946	   1.5105	        1.5078	          0.0027	   1.5378	        1.5400	     1.2377	5.901e-04	1.821e-03	3.670e-02	3.674e-02	3.453e+02	  10.741	 34710.960
98400	12300	 4.5722	 1.0932	   1.5105	        1.5078	          0.0027	   1.5378	        1.5400	     1.2377	5.124e-04	1.821e-03	3.625e-02	3.630e-02	3.051e+02	  11.502	 34977.182
99200	12400	 4.5731	 1.0969	   1.5106	        1.5078	          0.0028	   1.5378	        1.5400	     1.2377	6.233e-04	1.822e-03	3.745e-02	3.749e-02	3.751e+02	  10.163	 35254.378
100000	12500	 4.5737	 1.0939	   1.5105	        1.5078	          0.0027	   1.5378	        1.5400	     1.2377	6.774e-04	1.822e-03	3.648e-02	3.653e-02	4.262e+02	  10.548	 35531.477
100800	12600	 4.5748	 1.0941	   1.5105	        1.5078	          0.0027	   1.5378	        1.5400	     1.2377	4.954e-04	1.822e-03	3.654e-02	3.658e-02	4.711e+02	  11.522	 35795.089
101600	12700	 4.5746	 1.0949	   1.5105	        1.5078	          0.0028	   1.5378	        1.5400	     1.2377	6.176e-04	1.822e-03	3.681e-02	3.685e-02	3.267e+02	  13.738	 36075.859
102400	12800	 4.5753	 1.0939	   1.5105	        1.5078	          0.0027	   1.5378	        1.5400	     1.2377	4.630e-04	1.823e-03	3.646e-02	3.651e-02	2.780e+02	  10.740	 36356.892
103200	12900	 4.5762	 1.0946	   1.5105	        1.5078	          0.0028	   1.5378	        1.5400	     1.2377	5.831e-04	1.823e-03	3.669e-02	3.674e-02	3.379e+02	  10.300	 36630.981
104000	13000	 4.5768	 1.0939	   1.5105	        1.5078	          0.0027	   1.5378	        1.5400	     1.2377	5.960e-04	1.823e-03	3.647e-02	3.652e-02	3.289e+02	  13.697	 36896.708
104800	13100	 4.5770	 1.0933	   1.5105	        1.5078	          0.0027	   1.5378	        1.5400	     1.2377	5.307e-04	1.823e-03	3.628e-02	3.633e-02	2.676e+02	  10.460	 37168.469
105600	13200	 4.5775	 1.0946	   1.5105	        1.5078	          0.0028	   1.5378	        1.5400	     1.2377	5.943e-04	1.824e-03	3.671e-02	3.675e-02	2.455e+02	   9.885	 37442.009
106400	13300	 4.5785	 1.0942	   1.5105	        1.5078	          0.0027	   1.5378	        1.5400	     1.2377	4.424e-04	1.824e-03	3.658e-02	3.663e-02	3.777e+02	  11.650	 37698.908
107200	13400	 4.5787	 1.0937	   1.5105	        1.5078	          0.0027	   1.5378	        1.5400	     1.2377	6.136e-04	1.824e-03	3.641e-02	3.646e-02	3.875e+02	  10.145	 37967.736
108000	13500	 4.5792	 1.0945	   1.5105	        1.5078	          0.0028	   1.5378	        1.5400	     1.2377	4.301e-04	1.825e-03	3.667e-02	3.672e-02	4.033e+02	  13.143	 38239.930
108800	13600	 4.5798	 1.0933	   1.5105	        1.5078	          0.0027	   1.5378	        1.5400	     1.2377	5.734e-04	1.825e-03	3.628e-02	3.633e-02	3.577e+02	  11.722	 38515.479
109600	13700	 4.5805	 1.0955	   1.5106	        1.5078	          0.0028	   1.5378	        1.5400	     1.2377	5.488e-04	1.825e-03	3.700e-02	3.705e-02	3.733e+02	  10.516	 38788.930
110400	13800	 4.5810	 1.0957	   1.5106	        1.5078	          0.0028	   1.5378	        1.5400	     1.2377	5.525e-04	1.826e-03	3.706e-02	3.711e-02	3.034e+02	   9.239	 39063.742
111200	13900	 4.5815	 1.0932	   1.5105	        1.5078	          0.0027	   1.5378	        1.5400	     1.2377	6.260e-04	1.826e-03	3.623e-02	3.627e-02	3.436e+02	  15.094	 39341.169
112000	14000	 4.5818	 1.0924	   1.5104	        1.5078	          0.0027	   1.5378	        1.5400	     1.2377	4.745e-04	1.826e-03	3.599e-02	3.603e-02	2.973e+02	   9.667	 39616.865
112800	14100	 4.5821	 1.0950	   1.5105	        1.5078	          0.0028	   1.5378	        1.5400	     1.2377	7.061e-04	1.826e-03	3.682e-02	3.687e-02	2.371e+02	  11.371	 39883.428
113600	14200	 4.5829	 1.0938	   1.5105	        1.5078	          0.0027	   1.5378	        1.5400	     1.2377	5.615e-04	1.826e-03	3.644e-02	3.649e-02	3.186e+02	  13.103	 40161.472
114400	14300	 4.5831	 1.0940	   1.5105	        1.5078	          0.0027	   1.5378	        1.5400	     1.2377	5.345e-04	1.827e-03	3.650e-02	3.655e-02	3.609e+02	  14.329	 40430.068
115200	14400	 4.5840	 1.0932	   1.5105	        1.5078	          0.0027	   1.5378	        1.5400	     1.2377	5.313e-04	1.827e-03	3.625e-02	3.630e-02	2.289e+02	   9.942	 40696.440
116000	14500	 4.5842	 1.0949	   1.5105	        1.5078	          0.0028	   1.5378	        1.5400	     1.2377	5.045e-04	1.827e-03	3.680e-02	3.684e-02	3.328e+02	  11.637	 40954.146
116800	14600	 4.5849	 1.0944	   1.5105	        1.5078	          0.0028	   1.5378	        1.5400	     1.2377	7.050e-04	1.828e-03	3.663e-02	3.668e-02	3.112e+02	  12.675	 41237.537
117600	14700	 4.5849	 1.0938	   1.5105	        1.5078	          0.0027	   1.5378	        1.5400	     1.2377	5.344e-04	1.827e-03	3.644e-02	3.649e-02	3.072e+02	  12.015	 41518.490
118400	14800	 4.5858	 1.0934	   1.5105	        1.5078	          0.0027	   1.5378	        1.5400	     1.2377	4.859e-04	1.828e-03	3.632e-02	3.636e-02	4.383e+02	  16.499	 41795.109
119200	14900	 4.5857	 1.0955	   1.5106	        1.5078	          0.0028	   1.5378	        1.5400	     1.2377	6.335e-04	1.828e-03	3.700e-02	3.705e-02	3.355e+02	  12.587	 42063.686
120000	15000	 4.5860	 1.0941	   1.5105	        1.5078	          0.0028	   1.5378	        1.5400	     1.2377	4.733e-04	1.828e-03	3.652e-02	3.657e-02	3.370e+02	  13.294	 42339.030
120800	15100	 4.5866	 1.0941	   1.5105	        1.5078	          0.0028	   1.5378	        1.5400	     1.2377	5.093e-04	1.828e-03	3.655e-02	3.659e-02	2.552e+02	  11.472	 42606.893
121600	15200	 4.5868	 1.0942	   1.5105	        1.5078	          0.0028	   1.5378	        1.5400	     1.2377	5.447e-04	1.828e-03	3.658e-02	3.662e-02	3.182e+02	   9.817	 42866.980
122400	15300	 4.5871	 1.0933	   1.5105	        1.5078	          0.0027	   1.5378	        1.5400	     1.2377	5.491e-04	1.829e-03	3.629e-02	3.634e-02	4.176e+02	  25.369	 43155.999
123200	15400	 4.5877	 1.0929	   1.5105	        1.5078	          0.0027	   1.5378	        1.5400	     1.2377	4.705e-04	1.829e-03	3.614e-02	3.618e-02	3.900e+02	  13.511	 43443.966
124000	15500	 4.5883	 1.0935	   1.5105	        1.5078	          0.0027	   1.5378	        1.5400	     1.2377	3.795e-04	1.829e-03	3.633e-02	3.638e-02	3.234e+02	  23.352	 43698.820
124800	15600	 4.5885	 1.0932	   1.5105	        1.5078	          0.0027	   1.5378	        1.5400	     1.2377	6.425e-04	1.829e-03	3.624e-02	3.629e-02	4.370e+02	  13.943	 43949.398
125600	15700	 4.5891	 1.0935	   1.5105	        1.5078	          0.0027	   1.5378	        1.5400	     1.2377	5.410e-04	1.829e-03	3.633e-02	3.637e-02	3.476e+02	  10.157	 44250.829
126400	15800	 4.5892	 1.0949	   1.5105	        1.5078	          0.0028	   1.5378	        1.5400	     1.2377	3.890e-04	1.830e-03	3.680e-02	3.684e-02	3.286e+02	  11.521	 44494.623
127200	15900	 4.5892	 1.0946	   1.5105	        1.5078	          0.0028	   1.5378	        1.5400	     1.2377	5.606e-04	1.830e-03	3.672e-02	3.676e-02	3.960e+02	   7.174	 44762.898
128000	16000	 4.5895	 1.0958	   1.5106	        1.5078	          0.0028	   1.5378	        1.5400	     1.2377	3.876e-04	1.830e-03	3.708e-02	3.713e-02	3.858e+02	  10.872	 45069.222
128800	16100	 4.5902	 1.0957	   1.5106	        1.5078	          0.0028	   1.5378	        1.5400	     1.2377	4.946e-04	1.830e-03	3.705e-02	3.710e-02	3.488e+02	   9.409	 45311.021
129600	16200	 4.5906	 1.0937	   1.5105	        1.5078	          0.0027	   1.5378	        1.5400	     1.2377	4.975e-04	1.830e-03	3.642e-02	3.647e-02	2.241e+02	  10.042	 45581.560
130400	16300	 4.5908	 1.0944	   1.5105	        1.5078	          0.0028	   1.5378	        1.5400	     1.2377	4.940e-04	1.830e-03	3.664e-02	3.669e-02	3.234e+02	  10.957	 45941.879
131200	16400	 4.5912	 1.0938	   1.5105	        1.5078	          0.0028	   1.5378	        1.5400	     1.2377	5.522e-04	1.831e-03	3.644e-02	3.649e-02	2.180e+02	  10.673	 46215.162
132000	16500	 4.5918	 1.0938	   1.5105	        1.5078	          0.0028	   1.5378	        1.5400	     1.2377	5.316e-04	1.831e-03	3.645e-02	3.649e-02	2.875e+02	  10.912	 46517.383
132800	16600	 4.5922	 1.0940	   1.5105	        1.5078	          0.0028	   1.5378	        1.5400	     1.2377	5.442e-04	1.831e-03	3.651e-02	3.656e-02	2.409e+02	  11.362	 46765.844
133600	16700	 4.5924	 1.0933	   1.5105	        1.5078	          0.0027	   1.5378	        1.5400	     1.2377	6.530e-04	1.831e-03	3.626e-02	3.631e-02	3.135e+02	  19.060	 47055.636
134400	16800	 4.5928	 1.0940	   1.5105	        1.5078	          0.0028	   1.5378	        1.5400	     1.2377	5.549e-04	1.831e-03	3.651e-02	3.656e-02	2.636e+02	  10.895	 47317.224
135200	16900	 4.5930	 1.0949	   1.5106	        1.5078	          0.0028	   1.5378	        1.5400	     1.2377	5.318e-04	1.832e-03	3.680e-02	3.685e-02	3.084e+02	  23.966	 47589.977
136000	17000	 4.5934	 1.0938	   1.5105	        1.5078	          0.0028	   1.5378	        1.5400	     1.2377	5.676e-04	1.832e-03	3.645e-02	3.650e-02	2.993e+02	  24.565	 47864.652
136800	17100	 4.5937	 1.0945	   1.5105	        1.5078	          0.0028	   1.5378	        1.5400	     1.2377	5.913e-04	1.832e-03	3.668e-02	3.673e-02	4.291e+02	   8.674	 48151.986
137600	17200	 4.5939	 1.0933	   1.5105	        1.5078	          0.0027	   1.5378	        1.5400	     1.2377	6.910e-04	1.832e-03	3.629e-02	3.634e-02	2.970e+02	  12.515	 48392.559
138400	17300	 4.5941	 1.0941	   1.5105	        1.5078	          0.0028	   1.5378	        1.5400	     1.2377	5.347e-04	1.832e-03	3.655e-02	3.659e-02	2.959e+02	  11.558	 48779.177
139200	17400	 4.5947	 1.0941	   1.5105	        1.5078	          0.0028	   1.5378	        1.5400	     1.2377	5.308e-04	1.832e-03	3.655e-02	3.659e-02	3.000e+02	   9.140	 49016.583
140000	17500	 4.5951	 1.0940	   1.5105	        1.5078	          0.0028	   1.5378	        1.5400	     1.2377	4.360e-04	1.832e-03	3.652e-02	3.657e-02	3.742e+02	  10.181	 49286.678
140800	17600	 4.5952	 1.0941	   1.5105	        1.5078	          0.0028	   1.5378	        1.5400	     1.2377	3.934e-04	1.833e-03	3.655e-02	3.659e-02	3.082e+02	  17.947	 49541.128
141600	17700	 4.5958	 1.0947	   1.5106	        1.5078	          0.0028	   1.5378	        1.5400	     1.2377	5.966e-04	1.833e-03	3.672e-02	3.677e-02	3.852e+02	   9.320	 49798.125
142400	17800	 4.5960	 1.0938	   1.5105	        1.5078	          0.0028	   1.5378	        1.5400	     1.2377	6.303e-04	1.833e-03	3.645e-02	3.649e-02	3.818e+02	  10.939	 50043.940
143200	17900	 4.5964	 1.0944	   1.5105	        1.5078	          0.0028	   1.5378	        1.5400	     1.2377	4.148e-04	1.833e-03	3.663e-02	3.668e-02	3.135e+02	  24.570	 50339.262
144000	18000	 4.5962	 1.0942	   1.5105	        1.5078	          0.0028	   1.5378	        1.5400	     1.2377	5.679e-04	1.833e-03	3.656e-02	3.661e-02	4.316e+02	  15.233	 50584.401
144800	18100	 4.5970	 1.0940	   1.5105	        1.5078	          0.0028	   1.5378	        1.5400	     1.2377	5.483e-04	1.833e-03	3.649e-02	3.654e-02	3.186e+02	  10.369	 50836.728
145600	18200	 4.5973	 1.0945	   1.5106	        1.5078	          0.0028	   1.5378	        1.5400	     1.2377	5.474e-04	1.834e-03	3.669e-02	3.673e-02	4.568e+02	  12.903	 51138.734
146400	18300	 4.5973	 1.0935	   1.5105	        1.5078	          0.0028	   1.5378	        1.5400	     1.2377	6.576e-04	1.834e-03	3.635e-02	3.639e-02	3.833e+02	   7.749	 51421.935
147200	18400	 4.5978	 1.0943	   1.5105	        1.5078	          0.0028	   1.5378	        1.5400	     1.2377	5.797e-04	1.834e-03	3.662e-02	3.666e-02	2.944e+02	  10.552	 51663.466
148000	18500	 4.5979	 1.0944	   1.5105	        1.5078	          0.0028	   1.5378	        1.5400	     1.2377	5.572e-04	1.834e-03	3.663e-02	3.668e-02	4.080e+02	   8.973	 51914.446
148800	18600	 4.5981	 1.0933	   1.5105	        1.5078	          0.0027	   1.5378	        1.5400	     1.2377	4.856e-04	1.834e-03	3.627e-02	3.632e-02	3.684e+02	   8.444	 52187.008
149600	18700	 4.5990	 1.0953	   1.5106	        1.5078	          0.0028	   1.5378	        1.5400	     1.2377	5.017e-04	1.834e-03	3.694e-02	3.698e-02	3.099e+02	  10.277	 52479.859
150400	18800	 4.5991	 1.0935	   1.5105	        1.5078	          0.0028	   1.5378	        1.5400	     1.2377	6.137e-04	1.834e-03	3.634e-02	3.638e-02	3.352e+02	   9.432	 52802.919
151200	18900	 4.5994	 1.0928	   1.5105	        1.5078	          0.0027	   1.5378	        1.5400	     1.2377	5.182e-04	1.834e-03	3.611e-02	3.615e-02	2.837e+02	  14.160	 53054.601
152000	19000	 4.5999	 1.0926	   1.5105	        1.5078	          0.0027	   1.5378	        1.5400	     1.2377	5.086e-04	1.835e-03	3.606e-02	3.610e-02	3.097e+02	  10.078	 53335.485
152800	19100	 4.6000	 1.0934	   1.5105	        1.5078	          0.0028	   1.5378	        1.5400	     1.2377	5.096e-04	1.835e-03	3.629e-02	3.634e-02	3.541e+02	  11.955	 53592.283
153600	19200	 4.6001	 1.0939	   1.5105	        1.5078	          0.0028	   1.5378	        1.5400	     1.2377	4.545e-04	1.835e-03	3.646e-02	3.651e-02	2.987e+02	  12.376	 53906.921
154400	19300	 4.6004	 1.0951	   1.5106	        1.5078	          0.0028	   1.5378	        1.5400	     1.2377	4.040e-04	1.835e-03	3.688e-02	3.693e-02	3.024e+02	  24.054	 54189.881
155200	19400	 4.6007	 1.0942	   1.5105	        1.5078	          0.0028	   1.5378	        1.5400	     1.2377	3.929e-04	1.835e-03	3.657e-02	3.662e-02	3.000e+02	  10.988	 54486.622
156000	19500	 4.6009	 1.0945	   1.5106	        1.5078	          0.0028	   1.5378	        1.5400	     1.2377	4.961e-04	1.835e-03	3.668e-02	3.672e-02	3.300e+02	  24.391	 54748.586
156800	19600	 4.6013	 1.0943	   1.5105	        1.5078	          0.0028	   1.5378	        1.5400	     1.2377	4.557e-04	1.836e-03	3.659e-02	3.664e-02	3.794e+02	   9.319	 54994.114
157600	19700	 4.6015	 1.0947	   1.5106	        1.5078	          0.0028	   1.5378	        1.5400	     1.2377	3.960e-04	1.836e-03	3.673e-02	3.677e-02	3.484e+02	  12.098	 55245.476
158400	19800	 4.6016	 1.0949	   1.5106	        1.5078	          0.0028	   1.5378	        1.5400	     1.2377	4.295e-04	1.836e-03	3.681e-02	3.686e-02	2.925e+02	  10.948	 55516.455
159200	19900	 4.6020	 1.0930	   1.5105	        1.5078	          0.0027	   1.5378	        1.5400	     1.2377	4.430e-04	1.836e-03	3.619e-02	3.624e-02	3.701e+02	   6.852	 55799.973
160000	20000	 4.6021	 1.0943	   1.5106	        1.5078	          0.0028	   1.5378	        1.5400	     1.2377	4.036e-04	1.836e-03	3.661e-02	3.665e-02	3.738e+02	  11.957	 56022.982
160800	20100	 4.6025	 1.0961	   1.5106	        1.5078	          0.0029	   1.5378	        1.5400	     1.2377	4.987e-04	1.836e-03	3.720e-02	3.724e-02	3.861e+02	  12.556	 56282.259
161600	20200	 4.6027	 1.0953	   1.5106	        1.5078	          0.0028	   1.5378	        1.5400	     1.2377	4.653e-04	1.836e-03	3.693e-02	3.697e-02	3.454e+02	  17.450	 56620.036
162400	20300	 4.6031	 1.0935	   1.5105	        1.5078	          0.0028	   1.5378	        1.5400	     1.2377	6.039e-04	1.836e-03	3.634e-02	3.638e-02	2.150e+02	   7.795	 56978.309
163200	20400	 4.6031	 1.0943	   1.5106	        1.5078	          0.0028	   1.5378	        1.5400	     1.2377	4.262e-04	1.836e-03	3.659e-02	3.664e-02	3.111e+02	   9.235	 57243.125
164000	20500	 4.6037	 1.0939	   1.5105	        1.5078	          0.0028	   1.5378	        1.5400	     1.2377	5.512e-04	1.837e-03	3.648e-02	3.653e-02	3.565e+02	   9.636	 57511.627
164800	20600	 4.6034	 1.0942	   1.5106	        1.5078	          0.0028	   1.5378	        1.5400	     1.2377	5.105e-04	1.837e-03	3.657e-02	3.662e-02	4.121e+02	  10.378	 57809.651
165600	20700	 4.6040	 1.0941	   1.5105	        1.5078	          0.0028	   1.5378	        1.5400	     1.2377	4.689e-04	1.837e-03	3.654e-02	3.658e-02	2.262e+02	  23.494	 58139.010
166400	20800	 4.6042	 1.0935	   1.5105	        1.5078	          0.0028	   1.5378	        1.5400	     1.2377	4.474e-04	1.837e-03	3.634e-02	3.638e-02	2.492e+02	   9.971	 58396.544
167200	20900	 4.6047	 1.0936	   1.5105	        1.5078	          0.0028	   1.5378	        1.5400	     1.2377	4.838e-04	1.837e-03	3.637e-02	3.641e-02	2.039e+02	  12.548	 58663.287
168000	21000	 4.6047	 1.0940	   1.5105	        1.5078	          0.0028	   1.5378	        1.5400	     1.2377	5.037e-04	1.837e-03	3.652e-02	3.656e-02	3.461e+02	   9.557	 58916.478
168800	21100	 4.6050	 1.0950	   1.5106	        1.5078	          0.0028	   1.5378	        1.5400	     1.2377	5.238e-04	1.837e-03	3.684e-02	3.688e-02	2.638e+02	   9.457	 59183.271
169600	21200	 4.6048	 1.0926	   1.5105	        1.5078	          0.0027	   1.5378	        1.5400	     1.2377	6.003e-04	1.837e-03	3.603e-02	3.608e-02	3.215e+02	  10.259	 59418.958
170400	21300	 4.6054	 1.0937	   1.5105	        1.5078	          0.0028	   1.5378	        1.5400	     1.2377	4.842e-04	1.838e-03	3.641e-02	3.645e-02	2.737e+02	   8.765	 59680.378
171200	21400	 4.6055	 1.0943	   1.5106	        1.5078	          0.0028	   1.5378	        1.5400	     1.2377	5.403e-04	1.838e-03	3.662e-02	3.666e-02	2.337e+02	  11.082	 59933.963
172000	21500	 4.6056	 1.0937	   1.5105	        1.5078	          0.0028	   1.5378	        1.5400	     1.2377	6.153e-04	1.838e-03	3.642e-02	3.647e-02	4.304e+02	   8.120	 60206.448
172800	21600	 4.6060	 1.0949	   1.5106	        1.5078	          0.0028	   1.5378	        1.5400	     1.2377	5.626e-04	1.838e-03	3.679e-02	3.684e-02	3.758e+02	   9.497	 60439.777
173600	21700	 4.6063	 1.0933	   1.5105	        1.5078	          0.0028	   1.5378	        1.5400	     1.2377	5.760e-04	1.838e-03	3.627e-02	3.631e-02	3.107e+02	   8.174	 60667.080
174400	21800	 4.6062	 1.0922	   1.5105	        1.5078	          0.0027	   1.5378	        1.5400	     1.2377	4.522e-04	1.838e-03	3.593e-02	3.597e-02	2.459e+02	  10.699	 60936.579
175200	21900	 4.6067	 1.0927	   1.5105	        1.5078	          0.0027	   1.5378	        1.5400	     1.2377	4.771e-04	1.838e-03	3.609e-02	3.613e-02	3.063e+02	   8.894	 61221.103
176000	22000	 4.6066	 1.0948	   1.5106	        1.5078	          0.0028	   1.5378	        1.5400	     1.2377	5.819e-04	1.838e-03	3.677e-02	3.681e-02	3.136e+02	  20.484	 61465.472
176800	22100	 4.6070	 1.0943	   1.5106	        1.5078	          0.0028	   1.5378	        1.5400	     1.2377	4.509e-04	1.838e-03	3.659e-02	3.663e-02	2.850e+02	   9.928	 61706.056
177600	22200	 4.6073	 1.0944	   1.5106	        1.5078	          0.0028	   1.5378	        1.5400	     1.2377	3.821e-04	1.838e-03	3.665e-02	3.670e-02	3.449e+02	   8.682	 61966.305
178400	22300	 4.6075	 1.0939	   1.5105	        1.5078	          0.0028	   1.5378	        1.5400	     1.2377	3.801e-04	1.839e-03	3.649e-02	3.653e-02	3.018e+02	  10.548	 62225.027
179200	22400	 4.6073	 1.0942	   1.5106	        1.5078	          0.0028	   1.5378	        1.5400	     1.2377	4.950e-04	1.838e-03	3.658e-02	3.663e-02	4.125e+02	  23.548	 62478.536
180000	22500	 4.6077	 1.0928	   1.5105	        1.5078	          0.0027	   1.5378	        1.5400	     1.2377	5.269e-04	1.839e-03	3.610e-02	3.614e-02	3.462e+02	  14.631	 62723.376
180800	22600	 4.6082	 1.0931	   1.5105	        1.5078	          0.0028	   1.5378	        1.5400	     1.2377	4.090e-04	1.839e-03	3.620e-02	3.625e-02	3.053e+02	  20.343	 63022.491
181600	22700	 4.6082	 1.0948	   1.5106	        1.5078	          0.0028	   1.5378	        1.5400	     1.2377	4.501e-04	1.839e-03	3.676e-02	3.681e-02	3.370e+02	  10.373	 63278.689
182400	22800	 4.6082	 1.0932	   1.5105	        1.5078	          0.0028	   1.5378	        1.5400	     1.2377	4.746e-04	1.839e-03	3.624e-02	3.628e-02	2.885e+02	   8.863	 63516.962
183200	22900	 4.6082	 1.0923	   1.5105	        1.5078	          0.0027	   1.5378	        1.5400	     1.2377	4.513e-04	1.839e-03	3.596e-02	3.601e-02	3.188e+02	  10.246	 63765.347
184000	23000	 4.6087	 1.0940	   1.5106	        1.5078	          0.0028	   1.5378	        1.5400	     1.2377	4.357e-04	1.839e-03	3.650e-02	3.655e-02	2.939e+02	   8.208	 64012.238
184800	23100	 4.6088	 1.0940	   1.5106	        1.5078	          0.0028	   1.5378	        1.5400	     1.2377	4.641e-04	1.839e-03	3.650e-02	3.654e-02	4.091e+02	   8.952	 64252.272
185600	23200	 4.6088	 1.0928	   1.5105	        1.5078	          0.0027	   1.5378	        1.5400	     1.2377	4.034e-04	1.839e-03	3.610e-02	3.614e-02	3.454e+02	  14.179	 64492.861
186400	23300	 4.6092	 1.0937	   1.5105	        1.5078	          0.0028	   1.5378	        1.5400	     1.2377	5.231e-04	1.839e-03	3.641e-02	3.646e-02	2.445e+02	  14.525	 64780.071
187200	23400	 4.6096	 1.0940	   1.5106	        1.5078	          0.0028	   1.5378	        1.5400	     1.2377	4.478e-04	1.840e-03	3.650e-02	3.655e-02	2.669e+02	  11.762	 65072.629
188000	23500	 4.6096	 1.0935	   1.5105	        1.5078	          0.0028	   1.5378	        1.5400	     1.2377	5.650e-04	1.840e-03	3.634e-02	3.639e-02	3.241e+02	  12.423	 65366.008
188800	23600	 4.6096	 1.0945	   1.5106	        1.5078	          0.0028	   1.5378	        1.5400	     1.2377	5.416e-04	1.840e-03	3.666e-02	3.670e-02	3.640e+02	  10.822	 65600.766
189600	23700	 4.6101	 1.0940	   1.5106	        1.5078	          0.0028	   1.5378	        1.5400	     1.2377	4.980e-04	1.840e-03	3.649e-02	3.654e-02	2.866e+02	   8.859	 65856.073
190400	23800	 4.6100	 1.0925	   1.5105	        1.5078	          0.0027	   1.5378	        1.5400	     1.2377	4.521e-04	1.840e-03	3.602e-02	3.606e-02	3.232e+02	  23.729	 66137.785
191200	23900	 4.6105	 1.0947	   1.5106	        1.5078	          0.0028	   1.5378	        1.5400	     1.2377	5.239e-04	1.840e-03	3.674e-02	3.679e-02	3.638e+02	  11.917	 66382.774
192000	24000	 4.6106	 1.0943	   1.5106	        1.5078	          0.0028	   1.5378	        1.5400	     1.2377	4.728e-04	1.840e-03	3.660e-02	3.664e-02	3.619e+02	   8.608	 66708.389
192800	24100	 4.6107	 1.0941	   1.5106	        1.5078	          0.0028	   1.5378	        1.5400	     1.2377	4.452e-04	1.840e-03	3.653e-02	3.658e-02	3.614e+02	   9.175	 66953.927
193600	24200	 4.6105	 1.0941	   1.5106	        1.5078	          0.0028	   1.5378	        1.5400	     1.2377	5.091e-04	1.840e-03	3.654e-02	3.659e-02	3.034e+02	  10.019	 67271.676
194400	24300	 4.6109	 1.0939	   1.5106	        1.5078	          0.0028	   1.5378	        1.5400	     1.2377	3.969e-04	1.840e-03	3.649e-02	3.653e-02	3.663e+02	  10.890	 67584.138
195200	24400	 4.6112	 1.0922	   1.5105	        1.5078	          0.0027	   1.5378	        1.5400	     1.2377	4.663e-04	1.840e-03	3.593e-02	3.597e-02	2.967e+02	  12.576	 67849.807
196000	24500	 4.6113	 1.0945	   1.5106	        1.5078	          0.0028	   1.5378	        1.5400	     1.2377	4.479e-04	1.840e-03	3.668e-02	3.673e-02	3.212e+02	  10.492	 68161.598
196800	24600	 4.6115	 1.0953	   1.5106	        1.5078	          0.0028	   1.5378	        1.5400	     1.2377	5.056e-04	1.841e-03	3.693e-02	3.698e-02	2.899e+02	  11.512	 68455.296
197600	24700	 4.6114	 1.0931	   1.5105	        1.5078	          0.0028	   1.5378	        1.5400	     1.2377	4.751e-04	1.840e-03	3.622e-02	3.627e-02	3.931e+02	  11.361	 68719.696
198400	24800	 4.6119	 1.0954	   1.5106	        1.5078	          0.0028	   1.5378	        1.5400	     1.2377	4.060e-04	1.841e-03	3.698e-02	3.702e-02	2.974e+02	   6.861	 68958.638
199200	24900	 4.6119	 1.0940	   1.5106	        1.5078	          0.0028	   1.5378	        1.5400	     1.2377	4.546e-04	1.841e-03	3.651e-02	3.655e-02	2.794e+02	  11.984	 69215.838
200000	25000	 4.6123	 1.0929	   1.5105	        1.5078	          0.0028	   1.5378	        1.5400	     1.2377	3.934e-04	1.841e-03	3.614e-02	3.619e-02	2.208e+02	   9.887	 69481.483
200800	25100	 4.6120	 1.0941	   1.5106	        1.5078	          0.0028	   1.5378	        1.5400	     1.2377	4.410e-04	1.841e-03	3.655e-02	3.660e-02	3.969e+02	  11.573	 69742.928
201600	25200	 4.6126	 1.0953	   1.5106	        1.5078	          0.0028	   1.5378	        1.5400	     1.2377	4.155e-04	1.841e-03	3.692e-02	3.697e-02	3.860e+02	  11.126	 69987.880
202400	25300	 4.6128	 1.0930	   1.5105	        1.5078	          0.0028	   1.5378	        1.5400	     1.2377	4.683e-04	1.841e-03	3.618e-02	3.622e-02	3.431e+02	  10.206	 70247.737
203200	25400	 4.6127	 1.0944	   1.5106	        1.5078	          0.0028	   1.5378	        1.5400	     1.2377	5.110e-04	1.841e-03	3.664e-02	3.668e-02	3.754e+02	  24.696	 70486.198
204000	25500	 4.6128	 1.0939	   1.5106	        1.5078	          0.0028	   1.5378	        1.5400	     1.2377	3.306e-04	1.841e-03	3.646e-02	3.651e-02	3.177e+02	   9.154	 70725.021
204800	25600	 4.6128	 1.0933	   1.5105	        1.5078	          0.0028	   1.5378	        1.5400	     1.2377	4.492e-04	1.841e-03	3.627e-02	3.632e-02	2.875e+02	   9.381	 70957.851
205600	25700	 4.6132	 1.0943	   1.5106	        1.5078	          0.0028	   1.5378	        1.5400	     1.2377	5.528e-04	1.841e-03	3.661e-02	3.666e-02	3.602e+02	  13.360	 71269.145
206400	25800	 4.6133	 1.0933	   1.5105	        1.5078	          0.0028	   1.5378	        1.5400	     1.2377	5.083e-04	1.841e-03	3.628e-02	3.633e-02	4.172e+02	  14.503	 71562.086
207200	25900	 4.6137	 1.0937	   1.5106	        1.5078	          0.0028	   1.5378	        1.5400	     1.2377	4.286e-04	1.841e-03	3.642e-02	3.647e-02	3.046e+02	   8.550	 71835.919
208000	26000	 4.6134	 1.0946	   1.5106	        1.5078	          0.0028	   1.5378	        1.5400	     1.2377	4.332e-04	1.841e-03	3.669e-02	3.674e-02	3.911e+02	   8.597	 72191.688
208800	26100	 4.6136	 1.0941	   1.5106	        1.5078	          0.0028	   1.5378	        1.5400	     1.2377	4.830e-04	1.841e-03	3.655e-02	3.660e-02	3.871e+02	   8.425	 72454.643
209600	26200	 4.6137	 1.0936	   1.5105	        1.5078	          0.0028	   1.5378	        1.5400	     1.2377	4.057e-04	1.841e-03	3.639e-02	3.643e-02	3.742e+02	   9.463	 72729.265
210400	26300	 4.6141	 1.0927	   1.5105	        1.5078	          0.0028	   1.5378	        1.5400	     1.2377	4.929e-04	1.842e-03	3.606e-02	3.611e-02	3.170e+02	  10.207	 73019.707
211200	26400	 4.6146	 1.0934	   1.5105	        1.5078	          0.0028	   1.5378	        1.5400	     1.2377	4.864e-04	1.842e-03	3.631e-02	3.636e-02	2.156e+02	   8.889	 73251.679
212000	26500	 4.6145	 1.0942	   1.5106	        1.5078	          0.0028	   1.5378	        1.5400	     1.2377	4.206e-04	1.842e-03	3.656e-02	3.661e-02	3.810e+02	  13.612	 73603.349
212800	26600	 4.6148	 1.0955	   1.5106	        1.5078	          0.0029	   1.5378	        1.5400	     1.2377	4.363e-04	1.842e-03	3.699e-02	3.704e-02	3.036e+02	  11.391	 73825.958
213600	26700	 4.6148	 1.0947	   1.5106	        1.5078	          0.0028	   1.5378	        1.5400	     1.2377	4.915e-04	1.842e-03	3.672e-02	3.677e-02	3.265e+02	  25.328	 74153.412
214400	26800	 4.6151	 1.0938	   1.5106	        1.5078	          0.0028	   1.5378	        1.5400	     1.2377	4.280e-04	1.842e-03	3.645e-02	3.649e-02	4.381e+02	   9.832	 74436.735
215200	26900	 4.6152	 1.0937	   1.5106	        1.5078	          0.0028	   1.5378	        1.5400	     1.2377	4.352e-04	1.842e-03	3.640e-02	3.645e-02	4.747e+02	  22.137	 74717.898
216000	27000	 4.6153	 1.0944	   1.5106	        1.5078	          0.0028	   1.5378	        1.5400	     1.2377	3.929e-04	1.842e-03	3.665e-02	3.669e-02	2.674e+02	  10.410	 74995.617
216800	27100	 4.6153	 1.0955	   1.5106	        1.5078	          0.0029	   1.5378	        1.5400	     1.2377	4.529e-04	1.842e-03	3.700e-02	3.705e-02	3.770e+02	  10.887	 75244.651
217600	27200	 4.6155	 1.0942	   1.5106	        1.5078	          0.0028	   1.5378	        1.5400	     1.2377	4.919e-04	1.842e-03	3.659e-02	3.663e-02	3.849e+02	  12.889	 75553.615
218400	27300	 4.6157	 1.0939	   1.5106	        1.5078	          0.0028	   1.5378	        1.5400	     1.2377	3.917e-04	1.842e-03	3.648e-02	3.652e-02	2.685e+02	  23.733	 75807.263
219200	27400	 4.6158	 1.0940	   1.5106	        1.5078	          0.0028	   1.5378	        1.5400	     1.2377	4.317e-04	1.843e-03	3.651e-02	3.656e-02	3.636e+02	  10.839	 76145.731
220000	27500	 4.6159	 1.0935	   1.5105	        1.5078	          0.0028	   1.5378	        1.5400	     1.2377	4.042e-04	1.843e-03	3.634e-02	3.639e-02	3.432e+02	  10.209	 76421.608
220800	27600	 4.6163	 1.0941	   1.5106	        1.5078	          0.0028	   1.5378	        1.5400	     1.2377	4.385e-04	1.843e-03	3.654e-02	3.658e-02	3.401e+02	  15.256	 76755.692
221600	27700	 4.6164	 1.0925	   1.5105	        1.5078	          0.0028	   1.5378	        1.5400	     1.2377	4.514e-04	1.843e-03	3.602e-02	3.607e-02	3.868e+02	  23.812	 77073.817
222400	27800	 4.6164	 1.0922	   1.5105	        1.5078	          0.0027	   1.5378	        1.5400	     1.2377	4.968e-04	1.843e-03	3.591e-02	3.596e-02	2.466e+02	  13.277	 77318.787
223200	27900	 4.6164	 1.0946	   1.5106	        1.5078	          0.0028	   1.5378	        1.5400	     1.2377	4.719e-04	1.843e-03	3.669e-02	3.674e-02	3.574e+02	  12.035	 77600.261
224000	28000	 4.6167	 1.0952	   1.5106	        1.5078	          0.0029	   1.5378	        1.5400	     1.2377	3.886e-04	1.843e-03	3.691e-02	3.696e-02	3.335e+02	  13.049	 77942.386
224800	28100	 4.6169	 1.0936	   1.5106	        1.5078	          0.0028	   1.5378	        1.5400	     1.2377	4.359e-04	1.843e-03	3.638e-02	3.642e-02	4.245e+02	   8.911	 78193.902
225600	28200	 4.6169	 1.0931	   1.5105	        1.5078	          0.0028	   1.5378	        1.5400	     1.2377	5.610e-04	1.843e-03	3.620e-02	3.625e-02	2.502e+02	   9.368	 78533.242
226400	28300	 4.6172	 1.0945	   1.5106	        1.5078	          0.0028	   1.5378	        1.5400	     1.2377	4.336e-04	1.843e-03	3.666e-02	3.671e-02	2.284e+02	  15.467	 78792.453
227200	28400	 4.6173	 1.0942	   1.5106	        1.5078	          0.0028	   1.5378	        1.5400	     1.2377	5.677e-04	1.843e-03	3.658e-02	3.662e-02	3.504e+02	  11.660	 79094.863
228000	28500	 4.6171	 1.0949	   1.5106	        1.5078	          0.0028	   1.5378	        1.5400	     1.2377	2.717e-04	1.843e-03	3.681e-02	3.686e-02	3.213e+02	  12.029	 79379.736
228800	28600	 4.6173	 1.0937	   1.5106	        1.5078	          0.0028	   1.5378	        1.5400	     1.2377	4.350e-04	1.843e-03	3.640e-02	3.644e-02	4.057e+02	   9.397	 79623.697
229600	28700	 4.6175	 1.0931	   1.5105	        1.5078	          0.0028	   1.5378	        1.5400	     1.2377	3.755e-04	1.843e-03	3.620e-02	3.624e-02	3.200e+02	   8.407	 79876.997
230400	28800	 4.6177	 1.0946	   1.5106	        1.5078	          0.0028	   1.5378	        1.5400	     1.2377	3.686e-04	1.843e-03	3.669e-02	3.674e-02	3.718e+02	  10.719	 80118.835
231200	28900	 4.6177	 1.0941	   1.5106	        1.5078	          0.0028	   1.5378	        1.5400	     1.2377	3.181e-04	1.843e-03	3.653e-02	3.657e-02	3.369e+02	   8.900	 80346.640
232000	29000	 4.6181	 1.0942	   1.5106	        1.5078	          0.0028	   1.5378	        1.5400	     1.2377	3.674e-04	1.844e-03	3.659e-02	3.663e-02	2.941e+02	   9.783	 80619.612
232800	29100	 4.6182	 1.0936	   1.5106	        1.5078	          0.0028	   1.5378	        1.5400	     1.2377	4.999e-04	1.844e-03	3.639e-02	3.644e-02	3.459e+02	  10.541	 80833.419
233600	29200	 4.6181	 1.0939	   1.5106	        1.5078	          0.0028	   1.5378	        1.5400	     1.2377	3.170e-04	1.844e-03	3.647e-02	3.652e-02	2.699e+02	  25.855	 81174.300
234400	29300	 4.6183	 1.0942	   1.5106	        1.5078	          0.0028	   1.5378	        1.5400	     1.2377	4.014e-04	1.844e-03	3.656e-02	3.661e-02	4.929e+02	  10.092	 81452.132
235200	29400	 4.6185	 1.0957	   1.5106	        1.5078	          0.0029	   1.5378	        1.5400	     1.2377	5.960e-04	1.844e-03	3.706e-02	3.711e-02	2.552e+02	  22.825	 81715.375
236000	29500	 4.6187	 1.0946	   1.5106	        1.5078	          0.0028	   1.5378	        1.5400	     1.2377	5.289e-04	1.844e-03	3.671e-02	3.676e-02	3.761e+02	  13.027	 82029.511
236800	29600	 4.6187	 1.0945	   1.5106	        1.5078	          0.0028	   1.5378	        1.5400	     1.2377	5.186e-04	1.844e-03	3.666e-02	3.671e-02	3.718e+02	  12.199	 82338.846
237600	29700	 4.6189	 1.0930	   1.5105	        1.5078	          0.0028	   1.5378	        1.5400	     1.2377	4.654e-04	1.844e-03	3.618e-02	3.622e-02	3.487e+02	  10.277	 82593.146
238400	29800	 4.6189	 1.0938	   1.5106	        1.5078	          0.0028	   1.5378	        1.5400	     1.2377	3.433e-04	1.844e-03	3.646e-02	3.650e-02	3.401e+02	   9.388	 82816.486
239200	29900	 4.6190	 1.0928	   1.5105	        1.5078	          0.0028	   1.5378	        1.5400	     1.2377	6.952e-04	1.844e-03	3.611e-02	3.616e-02	2.612e+02	  18.304	 83123.580
240000	30000	 4.6192	 1.0937	   1.5106	        1.5078	          0.0028	   1.5378	        1.5400	     1.2377	5.728e-04	1.844e-03	3.641e-02	3.646e-02	3.617e+02	  10.880	 83439.077
240800	30100	 4.6194	 1.0941	   1.5106	        1.5078	          0.0028	   1.5378	        1.5400	     1.2377	4.382e-04	1.844e-03	3.653e-02	3.657e-02	3.601e+02	  24.902	 83788.451
241600	30200	 4.6193	 1.0944	   1.5106	        1.5078	          0.0028	   1.5378	        1.5400	     1.2377	4.627e-04	1.844e-03	3.664e-02	3.668e-02	3.363e+02	  23.717	 84126.914
242400	30300	 4.6197	 1.0943	   1.5106	        1.5078	          0.0028	   1.5378	        1.5400	     1.2377	4.795e-04	1.844e-03	3.661e-02	3.666e-02	3.420e+02	  10.099	 84433.480
243200	30400	 4.6197	 1.0931	   1.5105	        1.5078	          0.0028	   1.5378	        1.5400	     1.2377	3.979e-04	1.844e-03	3.622e-02	3.627e-02	2.863e+02	   9.614	 84716.655
244000	30500	 4.6198	 1.0932	   1.5105	        1.5078	          0.0028	   1.5378	        1.5400	     1.2377	4.436e-04	1.844e-03	3.626e-02	3.631e-02	3.808e+02	  10.607	 84990.348
244800	30600	 4.6201	 1.0939	   1.5106	        1.5078	          0.0028	   1.5378	        1.5400	     1.2377	3.766e-04	1.845e-03	3.647e-02	3.651e-02	3.276e+02	  12.866	 85324.584
245600	30700	 4.6200	 1.0930	   1.5105	        1.5078	          0.0028	   1.5378	        1.5400	     1.2377	4.739e-04	1.844e-03	3.617e-02	3.622e-02	2.973e+02	  10.969	 85575.258
246400	30800	 4.6203	 1.0942	   1.5106	        1.5078	          0.0028	   1.5378	        1.5400	     1.2377	4.044e-04	1.845e-03	3.656e-02	3.661e-02	3.475e+02	  11.733	 85801.909
247200	30900	 4.6207	 1.0938	   1.5106	        1.5078	          0.0028	   1.5378	        1.5400	     1.2377	4.426e-04	1.845e-03	3.643e-02	3.648e-02	4.834e+02	  10.443	 86055.201
248000	31000	 4.6206	 1.0944	   1.5106	        1.5078	          0.0028	   1.5378	        1.5400	     1.2377	4.390e-04	1.845e-03	3.663e-02	3.668e-02	3.045e+02	  20.578	 86363.897
248800	31100	 4.6205	 1.0931	   1.5105	        1.5078	          0.0028	   1.5378	        1.5400	     1.2377	4.101e-04	1.845e-03	3.622e-02	3.627e-02	3.006e+02	  10.800	 86605.878
249600	31200	 4.6206	 1.0941	   1.5106	        1.5078	          0.0028	   1.5378	        1.5400	     1.2377	5.381e-04	1.845e-03	3.656e-02	3.660e-02	3.952e+02	  25.425	 86990.406
250400	31300	 4.6208	 1.0935	   1.5106	        1.5078	          0.0028	   1.5378	        1.5400	     1.2377	2.954e-04	1.845e-03	3.634e-02	3.638e-02	2.836e+02	  23.717	 87264.437
251200	31400	 4.6209	 1.0936	   1.5106	        1.5078	          0.0028	   1.5378	        1.5400	     1.2377	4.098e-04	1.845e-03	3.638e-02	3.643e-02	2.645e+02	  11.860	 87513.518
252000	31500	 4.6209	 1.0942	   1.5106	        1.5078	          0.0028	   1.5378	        1.5400	     1.2377	4.238e-04	1.845e-03	3.657e-02	3.662e-02	2.975e+02	  24.507	 87765.152
252800	31600	 4.6213	 1.0939	   1.5106	        1.5078	          0.0028	   1.5378	        1.5400	     1.2377	4.676e-04	1.845e-03	3.648e-02	3.653e-02	3.244e+02	   9.798	 88020.740
253600	31700	 4.6214	 1.0933	   1.5106	        1.5078	          0.0028	   1.5378	        1.5400	     1.2377	3.690e-04	1.845e-03	3.629e-02	3.633e-02	2.403e+02	   9.781	 88269.369
254400	31800	 4.6215	 1.0941	   1.5106	        1.5078	          0.0028	   1.5378	        1.5400	     1.2377	4.312e-04	1.845e-03	3.655e-02	3.660e-02	2.896e+02	  10.491	 88523.792
255200	31900	 4.6217	 1.0943	   1.5106	        1.5078	          0.0028	   1.5378	        1.5400	     1.2377	4.763e-04	1.845e-03	3.660e-02	3.665e-02	2.393e+02	   9.882	 88817.463
256000	32000	 4.6219	 1.0938	   1.5106	        1.5078	          0.0028	   1.5378	        1.5400	     1.2377	4.306e-04	1.845e-03	3.645e-02	3.649e-02	3.607e+02	  11.819	 89065.008
256800	32100	 4.6220	 1.0937	   1.5106	        1.5078	          0.0028	   1.5378	        1.5400	     1.2377	4.712e-04	1.845e-03	3.642e-02	3.647e-02	4.220e+02	  11.405	 89322.898
257600	32200	 4.6220	 1.0936	   1.5106	        1.5078	          0.0028	   1.5378	        1.5400	     1.2377	3.562e-04	1.845e-03	3.639e-02	3.644e-02	4.141e+02	  12.269	 89619.505
258400	32300	 4.6225	 1.0945	   1.5106	        1.5078	          0.0028	   1.5378	        1.5400	     1.2377	4.256e-04	1.846e-03	3.666e-02	3.670e-02	3.474e+02	  12.853	 89911.061
259200	32400	 4.6224	 1.0941	   1.5106	        1.5078	          0.0028	   1.5378	        1.5400	     1.2377	4.799e-04	1.846e-03	3.654e-02	3.659e-02	4.010e+02	  10.424	 90214.251
260000	32500	 4.6225	 1.0931	   1.5105	        1.5078	          0.0028	   1.5378	        1.5400	     1.2377	3.705e-04	1.846e-03	3.621e-02	3.625e-02	2.915e+02	  10.119	 90488.014
260800	32600	 4.6227	 1.0949	   1.5106	        1.5078	          0.0028	   1.5378	        1.5400	     1.2377	3.949e-04	1.846e-03	3.680e-02	3.684e-02	3.823e+02	  17.920	 90755.426
261600	32700	 4.6226	 1.0937	   1.5106	        1.5078	          0.0028	   1.5378	        1.5400	     1.2377	4.302e-04	1.846e-03	3.641e-02	3.646e-02	3.921e+02	  14.955	 91129.886
262400	32800	 4.6227	 1.0925	   1.5105	        1.5078	          0.0028	   1.5378	        1.5400	     1.2377	5.204e-04	1.846e-03	3.603e-02	3.607e-02	3.063e+02	   8.642	 91463.468
263200	32900	 4.6227	 1.0933	   1.5106	        1.5078	          0.0028	   1.5378	        1.5400	     1.2377	4.420e-04	1.846e-03	3.628e-02	3.633e-02	3.539e+02	  10.668	 91691.704
264000	33000	 4.6229	 1.0925	   1.5105	        1.5078	          0.0028	   1.5378	        1.5400	     1.2377	4.488e-04	1.846e-03	3.602e-02	3.607e-02	2.915e+02	  15.540	 91985.812
264800	33100	 4.6231	 1.0941	   1.5106	        1.5078	          0.0028	   1.5378	        1.5400	     1.2377	5.315e-04	1.846e-03	3.655e-02	3.659e-02	3.230e+02	  17.385	 92242.303
265600	33200	 4.6233	 1.0938	   1.5106	        1.5078	          0.0028	   1.5378	        1.5400	     1.2377	4.682e-04	1.846e-03	3.645e-02	3.649e-02	4.597e+02	   7.425	 92499.523
266400	33300	 4.6234	 1.0940	   1.5106	        1.5078	          0.0028	   1.5378	        1.5400	     1.2377	4.402e-04	1.846e-03	3.650e-02	3.654e-02	3.914e+02	  12.728	 92824.612
267200	33400	 4.6235	 1.0949	   1.5106	        1.5078	          0.0029	   1.5378	        1.5400	     1.2377	5.334e-04	1.846e-03	3.680e-02	3.685e-02	2.868e+02	  10.601	 93114.289
268000	33500	 4.6235	 1.0951	   1.5106	        1.5078	          0.0029	   1.5378	        1.5400	     1.2377	4.688e-04	1.846e-03	3.686e-02	3.691e-02	2.691e+02	   8.357	 93350.556
268800	33600	 4.6236	 1.0939	   1.5106	        1.5078	          0.0028	   1.5378	        1.5400	     1.2377	4.670e-04	1.846e-03	3.648e-02	3.653e-02	3.077e+02	  18.049	 93616.957
269600	33700	 4.6237	 1.0936	   1.5106	        1.5078	          0.0028	   1.5378	        1.5400	     1.2377	3.943e-04	1.846e-03	3.636e-02	3.641e-02	3.463e+02	  17.299	 93856.076
270400	33800	 4.6239	 1.0936	   1.5106	        1.5078	          0.0028	   1.5378	        1.5400	     1.2377	4.277e-04	1.846e-03	3.637e-02	3.642e-02	3.723e+02	   9.873	 94149.951
271200	33900	 4.6240	 1.0944	   1.5106	        1.5078	          0.0028	   1.5378	        1.5400	     1.2377	4.260e-04	1.846e-03	3.664e-02	3.668e-02	3.271e+02	   9.030	 94408.160
272000	34000	 4.6243	 1.0951	   1.5106	        1.5078	          0.0029	   1.5378	        1.5400	     1.2377	4.353e-04	1.847e-03	3.687e-02	3.691e-02	3.795e+02	   8.850	 94694.127
272800	34100	 4.6239	 1.0940	   1.5106	        1.5078	          0.0028	   1.5378	        1.5400	     1.2377	3.902e-04	1.846e-03	3.649e-02	3.654e-02	2.774e+02	   9.930	 94921.883
273600	34200	 4.6243	 1.0942	   1.5106	        1.5078	          0.0028	   1.5378	        1.5400	     1.2377	3.868e-04	1.847e-03	3.657e-02	3.661e-02	3.907e+02	   8.790	 95192.131
274400	34300	 4.6244	 1.0941	   1.5106	        1.5078	          0.0028	   1.5378	        1.5400	     1.2377	3.826e-04	1.847e-03	3.655e-02	3.660e-02	4.102e+02	  13.773	 95468.240
275200	34400	 4.6245	 1.0938	   1.5106	        1.5078	          0.0028	   1.5378	        1.5400	     1.2377	2.980e-04	1.847e-03	3.645e-02	3.650e-02	3.110e+02	   8.514	 95753.870
276000	34500	 4.6246	 1.0942	   1.5106	        1.5078	          0.0028	   1.5378	        1.5400	     1.2377	4.309e-04	1.847e-03	3.657e-02	3.662e-02	4.311e+02	   9.258	 96034.930
276800	34600	 4.6248	 1.0934	   1.5106	        1.5078	          0.0028	   1.5378	        1.5400	     1.2377	3.904e-04	1.847e-03	3.632e-02	3.637e-02	3.110e+02	  16.047	 96298.177
277600	34700	 4.6246	 1.0934	   1.5106	        1.5078	          0.0028	   1.5378	        1.5400	     1.2377	4.792e-04	1.847e-03	3.631e-02	3.635e-02	3.409e+02	   7.805	 96585.124
278400	34800	 4.6251	 1.0949	   1.5106	        1.5078	          0.0029	   1.5378	        1.5400	     1.2377	3.837e-04	1.847e-03	3.681e-02	3.685e-02	3.720e+02	  11.751	 96916.101
279200	34900	 4.6252	 1.0938	   1.5106	        1.5078	          0.0028	   1.5378	        1.5400	     1.2377	3.659e-04	1.847e-03	3.646e-02	3.650e-02	4.040e+02	  15.906	 97173.300
280000	35000	 4.6254	 1.0942	   1.5106	        1.5078	          0.0028	   1.5378	        1.5400	     1.2377	4.714e-04	1.847e-03	3.657e-02	3.661e-02	2.729e+02	  12.368	 97467.404
280800	35100	 4.6252	 1.0944	   1.5106	        1.5078	          0.0028	   1.5378	        1.5400	     1.2377	5.583e-04	1.847e-03	3.665e-02	3.670e-02	4.367e+02	   9.503	 97768.232
281600	35200	 4.6256	 1.0936	   1.5106	        1.5078	          0.0028	   1.5378	        1.5400	     1.2377	4.227e-04	1.847e-03	3.638e-02	3.643e-02	2.333e+02	  10.907	 98043.241
282400	35300	 4.6255	 1.0941	   1.5106	        1.5078	          0.0028	   1.5378	        1.5400	     1.2377	4.002e-04	1.847e-03	3.654e-02	3.658e-02	2.957e+02	  10.931	 98313.891
283200	35400	 4.6255	 1.0927	   1.5105	        1.5078	          0.0028	   1.5378	        1.5400	     1.2377	3.523e-04	1.847e-03	3.609e-02	3.613e-02	2.765e+02	  11.730	 98631.542
284000	35500	 4.6258	 1.0934	   1.5106	        1.5078	          0.0028	   1.5378	        1.5400	     1.2377	4.426e-04	1.847e-03	3.631e-02	3.636e-02	3.783e+02	  16.897	 98913.554
284800	35600	 4.6259	 1.0932	   1.5106	        1.5078	          0.0028	   1.5378	        1.5400	     1.2377	3.362e-04	1.847e-03	3.626e-02	3.631e-02	3.172e+02	   9.755	 99201.035
285600	35700	 4.6261	 1.0941	   1.5106	        1.5078	          0.0028	   1.5378	        1.5400	     1.2377	4.482e-04	1.847e-03	3.654e-02	3.658e-02	2.850e+02	  11.377	 99430.664
286400	35800	 4.6258	 1.0930	   1.5105	        1.5078	          0.0028	   1.5378	        1.5400	     1.2377	5.207e-04	1.847e-03	3.619e-02	3.624e-02	3.261e+02	  11.945	 99665.320
287200	35900	 4.6262	 1.0942	   1.5106	        1.5078	          0.0028	   1.5378	        1.5400	     1.2377	4.705e-04	1.847e-03	3.658e-02	3.663e-02	3.355e+02	  11.353	 99959.838
288000	36000	 4.6263	 1.0943	   1.5106	        1.5078	          0.0028	   1.5378	        1.5400	     1.2377	4.742e-04	1.848e-03	3.661e-02	3.666e-02	4.306e+02	   9.357	100247.248
288800	36100	 4.6265	 1.0938	   1.5106	        1.5078	          0.0028	   1.5378	        1.5400	     1.2377	4.236e-04	1.848e-03	3.645e-02	3.650e-02	3.389e+02	  13.144	100576.407
289600	36200	 4.6262	 1.0935	   1.5106	        1.5078	          0.0028	   1.5378	        1.5400	     1.2377	5.088e-04	1.847e-03	3.633e-02	3.638e-02	3.113e+02	   8.655	100886.421
290400	36300	 4.6266	 1.0933	   1.5106	        1.5078	          0.0028	   1.5378	        1.5400	     1.2377	3.682e-04	1.848e-03	3.628e-02	3.633e-02	2.977e+02	  11.391	101196.298
291200	36400	 4.6266	 1.0933	   1.5106	        1.5078	          0.0028	   1.5378	        1.5400	     1.2377	4.386e-04	1.848e-03	3.629e-02	3.633e-02	3.224e+02	   7.527	101478.869
292000	36500	 4.6268	 1.0936	   1.5106	        1.5078	          0.0028	   1.5378	        1.5400	     1.2377	4.595e-04	1.848e-03	3.637e-02	3.641e-02	3.727e+02	  10.641	101764.069
292800	36600	 4.6268	 1.0937	   1.5106	        1.5078	          0.0028	   1.5378	        1.5400	     1.2377	4.461e-04	1.848e-03	3.641e-02	3.646e-02	3.382e+02	   9.522	102006.200
293600	36700	 4.6269	 1.0928	   1.5105	        1.5078	          0.0028	   1.5378	        1.5400	     1.2377	4.101e-04	1.848e-03	3.612e-02	3.617e-02	3.293e+02	  11.907	102302.689
294400	36800	 4.6269	 1.0929	   1.5105	        1.5078	          0.0028	   1.5378	        1.5400	     1.2377	4.323e-04	1.848e-03	3.615e-02	3.620e-02	2.763e+02	  16.800	102580.663
295200	36900	 4.6269	 1.0945	   1.5106	        1.5078	          0.0028	   1.5378	        1.5400	     1.2377	4.829e-04	1.848e-03	3.668e-02	3.673e-02	3.645e+02	  10.224	102854.410
296000	37000	 4.6273	 1.0944	   1.5106	        1.5078	          0.0028	   1.5378	        1.5400	     1.2377	5.014e-04	1.848e-03	3.663e-02	3.668e-02	3.166e+02	  11.341	103086.099
296800	37100	 4.6273	 1.0941	   1.5106	        1.5078	          0.0028	   1.5378	        1.5400	     1.2377	4.150e-04	1.848e-03	3.656e-02	3.660e-02	3.127e+02	  15.159	103322.146
297600	37200	 4.6272	 1.0926	   1.5105	        1.5078	          0.0028	   1.5378	        1.5400	     1.2377	3.435e-04	1.848e-03	3.606e-02	3.611e-02	3.674e+02	  10.469	103603.863
298400	37300	 4.6274	 1.0933	   1.5106	        1.5078	          0.0028	   1.5378	        1.5400	     1.2377	5.431e-04	1.848e-03	3.628e-02	3.633e-02	3.172e+02	  12.928	103991.070
299200	37400	 4.6276	 1.0935	   1.5106	        1.5078	          0.0028	   1.5378	        1.5400	     1.2377	4.784e-04	1.848e-03	3.635e-02	3.640e-02	2.628e+02	  10.055	104270.676
300000	37500	 4.6275	 1.0934	   1.5106	        1.5078	          0.0028	   1.5378	        1.5400	     1.2377	4.554e-04	1.848e-03	3.632e-02	3.636e-02	2.485e+02	  10.113	104566.409