[GPU 3][JOB 100] 'python cli.py bsgd --n 1024 --lengthscale 0.5 --sigma-f2-true 4.0 --sigma-eps2-true 1.0 --n-epochs 200 --device auto --kernel-mode finite --theta-min 1e-4 --theta-max 20.0 --print-every 1 --seed 9 --batch-size 256 --sigma-f2-init 5.0 --sigma-eps2-init 3.0 --alpha1 9.0 '

=== BSGD (biased SGD on exact kernel) ===
iter	epoch	σ_f²	σ_ε²	real_nlml	real_nlml_true	real_nlml_abs_err	mini_nlml	||grad||	duration_s	wall_time_s
   1	 1	 4.7733	 2.1288	   1.6149	        1.5186	          0.0963	   1.7193	1.149e-01	   0.354	     0.389
   2	 1	 4.5756	 1.6169	   1.5574	        1.5186	          0.0388	   1.6428	1.049e-01	   0.022	     0.823
   3	 1	 4.5444	 1.3381	   1.5313	        1.5186	          0.0127	   1.6557	7.825e-02	   0.020	     1.302
   4	 1	 4.6485	 1.2119	   1.5228	        1.5186	          0.0042	   1.6813	5.411e-02	   0.031	     1.871
   5	 2	 4.6763	 1.0026	   1.5183	        1.5186	          0.0003	   1.5498	2.096e-02	   0.036	     2.509
   6	 2	 4.6794	 1.0709	   1.5180	        1.5186	          0.0006	   1.6602	1.025e-02	   0.034	     3.198
   7	 2	 4.6668	 1.0641	   1.5180	        1.5186	          0.0006	   1.6473	7.492e-03	   0.036	     3.924
   8	 2	 4.6424	 1.1092	   1.5187	        1.5186	          0.0001	   1.6873	2.449e-02	   0.038	     4.626
   9	 3	 4.6649	 1.0748	   1.5181	        1.5186	          0.0005	   1.6308	1.179e-02	   0.045	     5.310
  10	 3	 4.6590	 1.0718	   1.5180	        1.5186	          0.0006	   1.6503	1.061e-02	   0.035	     6.005
  11	 3	 4.6715	 1.0972	   1.5184	        1.5186	          0.0002	   1.6869	2.025e-02	   0.042	     6.717
  12	 3	 4.6597	 1.0553	   1.5179	        1.5186	          0.0007	   1.5985	3.816e-03	   0.041	     7.449
  13	 4	 4.6469	 1.0488	   1.5179	        1.5186	          0.0007	   1.6339	9.999e-04	   0.038	     8.177
  14	 4	 4.6388	 1.0090	   1.5182	        1.5186	          0.0004	   1.5688	1.771e-02	   0.032	     8.918
  15	 4	 4.6552	 1.0491	   1.5179	        1.5186	          0.0007	   1.6989	1.146e-03	   0.033	     9.661
  16	 4	 4.6551	 1.0390	   1.5179	        1.5186	          0.0007	   1.6230	3.311e-03	   0.034	    10.398
  17	 5	 4.6478	 1.0312	   1.5179	        1.5186	          0.0006	   1.6240	6.880e-03	   0.033	    11.143
  18	 5	 4.6459	 1.0369	   1.5179	        1.5186	          0.0007	   1.6481	4.298e-03	   0.041	    11.874
  19	 5	 4.6524	 1.0431	   1.5179	        1.5186	          0.0007	   1.6558	1.499e-03	   0.043	    12.617
  20	 5	 4.6504	 1.0369	   1.5179	        1.5186	          0.0007	   1.6198	4.269e-03	   0.041	    13.343
  21	 6	 4.6570	 1.0369	   1.5179	        1.5186	          0.0007	   1.6411	4.272e-03	   0.036	    14.083
  22	 6	 4.6620	 1.0370	   1.5179	        1.5186	          0.0007	   1.6432	4.217e-03	   0.037	    14.823
  23	 6	 4.6599	 1.0463	   1.5179	        1.5186	          0.0007	   1.6672	7.935e-05	   0.037	    15.560
  24	 6	 4.6575	 1.0509	   1.5179	        1.5186	          0.0007	   1.6458	1.911e-03	   0.043	    16.304
  25	 7	 4.6493	 1.0445	   1.5179	        1.5186	          0.0007	   1.6182	8.660e-04	   0.041	    17.050
  26	 7	 4.6483	 1.0408	   1.5179	        1.5186	          0.0007	   1.6279	2.516e-03	   0.042	    17.809
  27	 7	 4.6478	 1.0380	   1.5179	        1.5186	          0.0007	   1.6347	3.791e-03	   0.041	    18.598
  28	 7	 4.6484	 1.0573	   1.5179	        1.5186	          0.0007	   1.6983	4.667e-03	   0.036	    19.387
  29	 8	 4.6461	 1.0525	   1.5179	        1.5186	          0.0007	   1.6182	2.615e-03	   0.035	    20.154
  30	 8	 4.6383	 1.0464	   1.5179	        1.5186	          0.0007	   1.6208	4.301e-05	   0.035	    20.953
  31	 8	 4.6392	 1.0524	   1.5179	        1.5186	          0.0007	   1.6647	2.547e-03	   0.030	    21.711
  32	 8	 4.6388	 1.0646	   1.5180	        1.5186	          0.0006	   1.6890	7.698e-03	   0.043	    22.459
  33	 9	 4.6440	 1.0587	   1.5179	        1.5186	          0.0007	   1.6337	5.224e-03	   0.030	    23.187
  34	 9	 4.6413	 1.0509	   1.5179	        1.5186	          0.0007	   1.6120	1.905e-03	   0.041	    23.928
  35	 9	 4.6413	 1.0517	   1.5179	        1.5186	          0.0007	   1.6517	2.281e-03	   0.040	    24.667
  36	 9	 4.6416	 1.0566	   1.5179	        1.5186	          0.0007	   1.6617	4.346e-03	   0.045	    25.399
  37	10	 4.6403	 1.0421	   1.5179	        1.5186	          0.0007	   1.5805	1.923e-03	   0.039	    26.133
  38	10	 4.6482	 1.0462	   1.5179	        1.5186	          0.0007	   1.6703	1.158e-04	   0.042	    26.882
  39	10	 4.6390	 1.0405	   1.5179	        1.5186	          0.0007	   1.5986	2.674e-03	   0.034	    27.615
  40	10	 4.6439	 1.0383	   1.5179	        1.5186	          0.0007	   1.6385	3.631e-03	   0.044	    28.361
  41	11	 4.6427	 1.0390	   1.5179	        1.5186	          0.0007	   1.6450	3.316e-03	   0.033	    29.128
  42	11	 4.6425	 1.0337	   1.5179	        1.5186	          0.0007	   1.6143	5.740e-03	   0.043	    29.876
  43	11	 4.6409	 1.0274	   1.5180	        1.5186	          0.0006	   1.6008	8.701e-03	   0.035	    30.633
  44	11	 4.6440	 1.0321	   1.5179	        1.5186	          0.0007	   1.6572	6.480e-03	   0.035	    31.374
  45	12	 4.6435	 1.0347	   1.5179	        1.5186	          0.0007	   1.6480	5.282e-03	   0.033	    32.121
  46	12	 4.6426	 1.0335	   1.5179	        1.5186	          0.0007	   1.6319	5.861e-03	   0.036	    32.868
  47	12	 4.6421	 1.0417	   1.5179	        1.5186	          0.0007	   1.6842	2.134e-03	   0.041	    33.594
  48	12	 4.6396	 1.0416	   1.5179	        1.5186	          0.0007	   1.6280	2.144e-03	   0.039	    34.341
  49	13	 4.6399	 1.0336	   1.5179	        1.5186	          0.0007	   1.5924	5.772e-03	   0.042	    35.078
  50	13	 4.6409	 1.0277	   1.5180	        1.5186	          0.0006	   1.6041	8.529e-03	   0.038	    35.809
  51	13	 4.6389	 1.0300	   1.5180	        1.5186	          0.0006	   1.6439	7.486e-03	   0.034	    36.540
  52	13	 4.6409	 1.0393	   1.5179	        1.5186	          0.0007	   1.6952	3.199e-03	   0.032	    37.283
  53	14	 4.6417	 1.0304	   1.5179	        1.5186	          0.0006	   1.5797	7.266e-03	   0.038	    38.027
  54	14	 4.6405	 1.0314	   1.5179	        1.5186	          0.0006	   1.6404	6.790e-03	   0.048	    38.808
  55	14	 4.6385	 1.0372	   1.5179	        1.5186	          0.0007	   1.6746	4.141e-03	   0.042	    39.629
  56	14	 4.6381	 1.0386	   1.5179	        1.5186	          0.0007	   1.6428	3.526e-03	   0.047	    40.451
  57	15	 4.6367	 1.0306	   1.5179	        1.5186	          0.0006	   1.5770	7.175e-03	   0.038	    41.217
  58	15	 4.6368	 1.0311	   1.5179	        1.5186	          0.0006	   1.6443	6.939e-03	   0.038	    42.018
  59	15	 4.6395	 1.0253	   1.5180	        1.5186	          0.0006	   1.6039	9.681e-03	   0.038	    42.800
  60	15	 4.6387	 1.0342	   1.5179	        1.5186	          0.0007	   1.6936	5.512e-03	   0.030	    43.535
  61	16	 4.6371	 1.0293	   1.5180	        1.5186	          0.0006	   1.5947	7.772e-03	   0.042	    44.283
  62	16	 4.6374	 1.0338	   1.5179	        1.5186	          0.0007	   1.6649	5.679e-03	   0.030	    45.013
  63	16	 4.6347	 1.0337	   1.5179	        1.5186	          0.0007	   1.6323	5.732e-03	   0.044	    45.760
  64	16	 4.6360	 1.0405	   1.5179	        1.5186	          0.0007	   1.6895	2.649e-03	   0.036	    46.499
  65	17	 4.6375	 1.0374	   1.5179	        1.5186	          0.0007	   1.6191	4.034e-03	   0.044	    47.231
  66	17	 4.6374	 1.0415	   1.5179	        1.5186	          0.0007	   1.6681	2.197e-03	   0.040	    47.965
  67	17	 4.6379	 1.0426	   1.5179	        1.5186	          0.0007	   1.6472	1.730e-03	   0.043	    48.709
  68	17	 4.6359	 1.0420	   1.5179	        1.5186	          0.0007	   1.6336	1.971e-03	   0.033	    49.439
  69	18	 4.6350	 1.0424	   1.5179	        1.5186	          0.0007	   1.6451	1.803e-03	   0.046	    50.208
  70	18	 4.6348	 1.0402	   1.5179	        1.5186	          0.0007	   1.6200	2.776e-03	   0.035	    50.972
  71	18	 4.6345	 1.0428	   1.5179	        1.5186	          0.0007	   1.6576	1.631e-03	   0.041	    51.727
  72	18	 4.6362	 1.0397	   1.5179	        1.5186	          0.0007	   1.6204	2.995e-03	   0.035	    52.477
  73	19	 4.6368	 1.0428	   1.5179	        1.5186	          0.0007	   1.6683	1.632e-03	   0.038	    53.224
  74	19	 4.6388	 1.0411	   1.5179	        1.5186	          0.0007	   1.6272	2.392e-03	   0.035	    53.950
  75	19	 4.6364	 1.0421	   1.5179	        1.5186	          0.0007	   1.6413	1.955e-03	   0.033	    54.689
  76	19	 4.6360	 1.0426	   1.5179	        1.5186	          0.0007	   1.6450	1.712e-03	   0.039	    55.421
  77	20	 4.6349	 1.0400	   1.5179	        1.5186	          0.0007	   1.6156	2.902e-03	   0.040	    56.173
  78	20	 4.6382	 1.0402	   1.5179	        1.5186	          0.0007	   1.6512	2.808e-03	   0.041	    56.902
  79	20	 4.6372	 1.0375	   1.5179	        1.5186	          0.0007	   1.6057	4.006e-03	   0.036	    57.638
  80	20	 4.6361	 1.0440	   1.5179	        1.5186	          0.0007	   1.6992	1.109e-03	   0.035	    58.382
  81	21	 4.6342	 1.0398	   1.5179	        1.5186	          0.0007	   1.6007	2.975e-03	   0.041	    59.121
  82	21	 4.6333	 1.0402	   1.5179	        1.5186	          0.0007	   1.6442	2.770e-03	   0.042	    59.851
  83	21	 4.6348	 1.0453	   1.5179	        1.5186	          0.0007	   1.6915	5.079e-04	   0.043	    60.652
  84	21	 4.6328	 1.0472	   1.5179	        1.5186	          0.0007	   1.6497	3.060e-04	   0.046	    61.445
  85	22	 4.6302	 1.0413	   1.5179	        1.5186	          0.0007	   1.5828	2.313e-03	   0.044	    62.236
  86	22	 4.6303	 1.0444	   1.5179	        1.5186	          0.0007	   1.6667	9.091e-04	   0.031	    63.032
  87	22	 4.6348	 1.0485	   1.5179	        1.5186	          0.0007	   1.6910	8.629e-04	   0.035	    63.797
  88	22	 4.6356	 1.0441	   1.5179	        1.5186	          0.0007	   1.6030	1.054e-03	   0.038	    64.544
  89	23	 4.6400	 1.0446	   1.5179	        1.5186	          0.0007	   1.6623	8.127e-04	   0.031	    65.259
  90	23	 4.6390	 1.0424	   1.5179	        1.5186	          0.0007	   1.6143	1.791e-03	   0.043	    66.006
  91	23	 4.6381	 1.0435	   1.5179	        1.5186	          0.0007	   1.6512	1.325e-03	   0.029	    66.742
  92	23	 4.6380	 1.0445	   1.5179	        1.5186	          0.0007	   1.6491	8.956e-04	   0.044	    67.484
  93	24	 4.6407	 1.0448	   1.5179	        1.5186	          0.0007	   1.6515	7.502e-04	   0.036	    68.221
  94	24	 4.6420	 1.0382	   1.5179	        1.5186	          0.0007	   1.5752	3.673e-03	   0.044	    68.963
  95	24	 4.6387	 1.0369	   1.5179	        1.5186	          0.0007	   1.6118	4.296e-03	   0.040	    69.701
  96	24	 4.6376	 1.0409	   1.5179	        1.5186	          0.0007	   1.6808	2.467e-03	   0.043	    70.438
  97	25	 4.6375	 1.0392	   1.5179	        1.5186	          0.0007	   1.6215	3.240e-03	   0.037	    71.167
  98	25	 4.6356	 1.0416	   1.5179	        1.5186	          0.0007	   1.6624	2.159e-03	   0.041	    71.958
  99	25	 4.6351	 1.0413	   1.5179	        1.5186	          0.0007	   1.6353	2.283e-03	   0.034	    72.716
 100	25	 4.6369	 1.0364	   1.5179	        1.5186	          0.0007	   1.5845	4.497e-03	   0.044	    73.456
 101	26	 4.6373	 1.0317	   1.5179	        1.5186	          0.0006	   1.5781	6.686e-03	   0.033	    74.217
 102	26	 4.6370	 1.0310	   1.5179	        1.5186	          0.0006	   1.6249	7.001e-03	   0.034	    74.949
 103	26	 4.6388	 1.0373	   1.5179	        1.5186	          0.0007	   1.7173	4.099e-03	   0.034	    75.682
 104	26	 4.6376	 1.0365	   1.5179	        1.5186	          0.0007	   1.6288	4.480e-03	   0.037	    76.421
 105	27	 4.6372	 1.0360	   1.5179	        1.5186	          0.0007	   1.6320	4.697e-03	   0.043	    77.150
 106	27	 4.6391	 1.0388	   1.5179	        1.5186	          0.0007	   1.6783	3.441e-03	   0.040	    77.897
 107	27	 4.6405	 1.0368	   1.5179	        1.5186	          0.0007	   1.6220	4.315e-03	   0.043	    78.633
 108	27	 4.6385	 1.0366	   1.5179	        1.5186	          0.0007	   1.6243	4.399e-03	   0.041	    79.459
 109	28	 4.6395	 1.0397	   1.5179	        1.5186	          0.0007	   1.6798	3.034e-03	   0.038	    80.271
 110	28	 4.6395	 1.0433	   1.5179	        1.5186	          0.0007	   1.6839	1.408e-03	   0.041	    81.068
 111	28	 4.6406	 1.0423	   1.5179	        1.5186	          0.0007	   1.6267	1.858e-03	   0.047	    81.870
 112	28	 4.6395	 1.0377	   1.5179	        1.5186	          0.0007	   1.5841	3.898e-03	   0.050	    82.685
 113	29	 4.6404	 1.0363	   1.5179	        1.5186	          0.0007	   1.6211	4.546e-03	   0.043	    83.494
 114	29	 4.6414	 1.0378	   1.5179	        1.5186	          0.0007	   1.6709	3.878e-03	   0.040	    84.298
 115	29	 4.6409	 1.0401	   1.5179	        1.5186	          0.0007	   1.6674	2.844e-03	   0.035	    85.055
 116	29	 4.6395	 1.0395	   1.5179	        1.5186	          0.0007	   1.6215	3.093e-03	   0.035	    85.802
 117	30	 4.6393	 1.0370	   1.5179	        1.5186	          0.0007	   1.5992	4.237e-03	   0.039	    86.544
 118	30	 4.6412	 1.0361	   1.5179	        1.5186	          0.0007	   1.6325	4.637e-03	   0.030	    87.265
 119	30	 4.6404	 1.0418	   1.5179	        1.5186	          0.0007	   1.7085	2.094e-03	   0.043	    88.013
 120	30	 4.6394	 1.0410	   1.5179	        1.5186	          0.0007	   1.6313	2.415e-03	   0.031	    88.738
 121	31	 4.6405	 1.0406	   1.5179	        1.5186	          0.0007	   1.6395	2.612e-03	   0.038	    89.476
 122	31	 4.6399	 1.0388	   1.5179	        1.5186	          0.0007	   1.6060	3.432e-03	   0.035	    90.224
 123	31	 4.6388	 1.0416	   1.5179	        1.5186	          0.0007	   1.6669	2.150e-03	   0.044	    90.966
 124	31	 4.6390	 1.0404	   1.5179	        1.5186	          0.0007	   1.6315	2.719e-03	   0.038	    91.696
 125	32	 4.6394	 1.0429	   1.5179	        1.5186	          0.0007	   1.6814	1.605e-03	   0.042	    92.441
 126	32	 4.6402	 1.0435	   1.5179	        1.5186	          0.0007	   1.6506	1.301e-03	   0.035	    93.219
 127	32	 4.6395	 1.0452	   1.5179	        1.5186	          0.0007	   1.6627	5.804e-04	   0.049	    93.975
 128	32	 4.6395	 1.0397	   1.5179	        1.5186	          0.0007	   1.5617	3.017e-03	   0.036	    94.713
 129	33	 4.6395	 1.0346	   1.5179	        1.5186	          0.0007	   1.5618	5.329e-03	   0.038	    95.473
 130	33	 4.6402	 1.0338	   1.5179	        1.5186	          0.0007	   1.6239	5.691e-03	   0.033	    96.220
 131	33	 4.6413	 1.0374	   1.5179	        1.5186	          0.0007	   1.6962	4.074e-03	   0.034	    96.946
 132	33	 4.6411	 1.0405	   1.5179	        1.5186	          0.0007	   1.6862	2.673e-03	   0.032	    97.680
 133	34	 4.6414	 1.0469	   1.5179	        1.5186	          0.0007	   1.7428	2.017e-04	   0.037	    98.431
 134	34	 4.6411	 1.0471	   1.5179	        1.5186	          0.0007	   1.6446	2.552e-04	   0.045	    99.155
 135	34	 4.6390	 1.0427	   1.5179	        1.5186	          0.0007	   1.5617	1.690e-03	   0.040	    99.892
 136	34	 4.6405	 1.0415	   1.5179	        1.5186	          0.0007	   1.6250	2.201e-03	   0.039	   100.625
 137	35	 4.6422	 1.0408	   1.5179	        1.5186	          0.0007	   1.6353	2.535e-03	   0.037	   101.370
 138	35	 4.6422	 1.0402	   1.5179	        1.5186	          0.0007	   1.6240	2.810e-03	   0.037	   102.109
 139	35	 4.6416	 1.0413	   1.5179	        1.5186	          0.0007	   1.6601	2.304e-03	   0.040	   102.882
 140	35	 4.6404	 1.0414	   1.5179	        1.5186	          0.0007	   1.6383	2.266e-03	   0.043	   103.697
 141	36	 4.6378	 1.0429	   1.5179	        1.5186	          0.0007	   1.6569	1.583e-03	   0.047	   104.512
 142	36	 4.6367	 1.0403	   1.5179	        1.5186	          0.0007	   1.5915	2.751e-03	   0.041	   105.273
 143	36	 4.6381	 1.0409	   1.5179	        1.5186	          0.0007	   1.6541	2.460e-03	   0.040	   106.045
 144	36	 4.6390	 1.0426	   1.5179	        1.5186	          0.0007	   1.6706	1.718e-03	   0.031	   106.790
 145	37	 4.6373	 1.0432	   1.5179	        1.5186	          0.0007	   1.6442	1.437e-03	   0.033	   107.525
 146	37	 4.6372	 1.0409	   1.5179	        1.5186	          0.0007	   1.5960	2.478e-03	   0.034	   108.268
 147	37	 4.6380	 1.0405	   1.5179	        1.5186	          0.0007	   1.6344	2.642e-03	   0.030	   108.995
 148	37	 4.6390	 1.0405	   1.5179	        1.5186	          0.0007	   1.6495	2.653e-03	   0.042	   109.741
 149	38	 4.6396	 1.0399	   1.5179	        1.5186	          0.0007	   1.6293	2.943e-03	   0.030	   110.469
 150	38	 4.6414	 1.0399	   1.5179	        1.5186	          0.0007	   1.6509	2.929e-03	   0.043	   111.212
 151	38	 4.6415	 1.0408	   1.5179	        1.5186	          0.0007	   1.6554	2.521e-03	   0.040	   111.952
 152	38	 4.6383	 1.0386	   1.5179	        1.5186	          0.0007	   1.5829	3.523e-03	   0.043	   112.686
 153	39	 4.6374	 1.0372	   1.5179	        1.5186	          0.0007	   1.6063	4.144e-03	   0.037	   113.423
 154	39	 4.6375	 1.0355	   1.5179	        1.5186	          0.0007	   1.6125	4.926e-03	   0.046	   114.217
 155	39	 4.6387	 1.0371	   1.5179	        1.5186	          0.0007	   1.6720	4.174e-03	   0.036	   114.951
 156	39	 4.6382	 1.0401	   1.5179	        1.5186	          0.0007	   1.6868	2.838e-03	   0.042	   115.710
 157	40	 4.6369	 1.0437	   1.5179	        1.5186	          0.0007	   1.6835	1.231e-03	   0.036	   116.475
 158	40	 4.6373	 1.0432	   1.5179	        1.5186	          0.0007	   1.6381	1.439e-03	   0.042	   117.202
 159	40	 4.6364	 1.0449	   1.5179	        1.5186	          0.0007	   1.6688	7.120e-04	   0.033	   117.938
 160	40	 4.6368	 1.0403	   1.5179	        1.5186	          0.0007	   1.5613	2.746e-03	   0.030	   118.670
 161	41	 4.6356	 1.0391	   1.5179	        1.5186	          0.0007	   1.6133	3.284e-03	   0.035	   119.412
 162	41	 4.6365	 1.0397	   1.5179	        1.5186	          0.0007	   1.6563	3.031e-03	   0.038	   120.175
 163	41	 4.6357	 1.0391	   1.5179	        1.5186	          0.0007	   1.6233	3.286e-03	   0.043	   120.942
 164	41	 4.6362	 1.0413	   1.5179	        1.5186	          0.0007	   1.6751	2.317e-03	   0.041	   121.702
 165	42	 4.6352	 1.0392	   1.5179	        1.5186	          0.0007	   1.6017	3.237e-03	   0.042	   122.434
 166	42	 4.6348	 1.0403	   1.5179	        1.5186	          0.0007	   1.6504	2.769e-03	   0.039	   123.167
 167	42	 4.6336	 1.0434	   1.5179	        1.5186	          0.0007	   1.6988	1.345e-03	   0.037	   123.960
 168	42	 4.6357	 1.0423	   1.5179	        1.5186	          0.0007	   1.6257	1.861e-03	   0.041	   124.786
 169	43	 4.6358	 1.0433	   1.5179	        1.5186	          0.0007	   1.6569	1.427e-03	   0.044	   125.591
 170	43	 4.6350	 1.0450	   1.5179	        1.5186	          0.0007	   1.6736	6.709e-04	   0.045	   126.365
 171	43	 4.6336	 1.0430	   1.5179	        1.5186	          0.0007	   1.5922	1.549e-03	   0.039	   127.133
 172	43	 4.6344	 1.0426	   1.5179	        1.5186	          0.0007	   1.6385	1.728e-03	   0.041	   127.899
 173	44	 4.6348	 1.0409	   1.5179	        1.5186	          0.0007	   1.6155	2.483e-03	   0.036	   128.622
 174	44	 4.6339	 1.0407	   1.5179	        1.5186	          0.0007	   1.6199	2.573e-03	   0.036	   129.355
 175	44	 4.6349	 1.0401	   1.5179	        1.5186	          0.0007	   1.6367	2.819e-03	   0.037	   130.100
 176	44	 4.6346	 1.0413	   1.5179	        1.5186	          0.0007	   1.6632	2.293e-03	   0.030	   130.824
 177	45	 4.6350	 1.0400	   1.5179	        1.5186	          0.0007	   1.6214	2.884e-03	   0.041	   131.568
 178	45	 4.6349	 1.0426	   1.5179	        1.5186	          0.0007	   1.6856	1.713e-03	   0.028	   132.302
 179	45	 4.6348	 1.0439	   1.5179	        1.5186	          0.0007	   1.6645	1.151e-03	   0.042	   133.048
 180	45	 4.6344	 1.0422	   1.5179	        1.5186	          0.0007	   1.6049	1.900e-03	   0.040	   133.785
 181	46	 4.6355	 1.0424	   1.5179	        1.5186	          0.0007	   1.6497	1.813e-03	   0.044	   134.517
 182	46	 4.6360	 1.0422	   1.5179	        1.5186	          0.0007	   1.6393	1.909e-03	   0.039	   135.286
 183	46	 4.6350	 1.0410	   1.5179	        1.5186	          0.0007	   1.6085	2.418e-03	   0.043	   136.042
 184	46	 4.6366	 1.0414	   1.5179	        1.5186	          0.0007	   1.6628	2.264e-03	   0.033	   136.793
 185	47	 4.6369	 1.0428	   1.5179	        1.5186	          0.0007	   1.6752	1.621e-03	   0.044	   137.563
 186	47	 4.6372	 1.0438	   1.5179	        1.5186	          0.0007	   1.6591	1.203e-03	   0.036	   138.306
 187	47	 4.6371	 1.0423	   1.5179	        1.5186	          0.0007	   1.6076	1.853e-03	   0.041	   139.037
 188	47	 4.6370	 1.0416	   1.5179	        1.5186	          0.0007	   1.6226	2.151e-03	   0.032	   139.774
 189	48	 4.6360	 1.0423	   1.5179	        1.5186	          0.0007	   1.6452	1.869e-03	   0.034	   140.502
 190	48	 4.6362	 1.0432	   1.5179	        1.5186	          0.0007	   1.6617	1.469e-03	   0.033	   141.236
 191	48	 4.6358	 1.0423	   1.5179	        1.5186	          0.0007	   1.6191	1.861e-03	   0.033	   141.978
 192	48	 4.6360	 1.0430	   1.5179	        1.5186	          0.0007	   1.6610	1.558e-03	   0.041	   142.713
 193	49	 4.6361	 1.0449	   1.5179	        1.5186	          0.0007	   1.6850	6.944e-04	   0.041	   143.461
 194	49	 4.6377	 1.0444	   1.5179	        1.5186	          0.0007	   1.6401	9.268e-04	   0.041	   144.194
 195	49	 4.6368	 1.0461	   1.5179	        1.5186	          0.0007	   1.6671	1.871e-04	   0.040	   144.971
 196	49	 4.6358	 1.0438	   1.5179	        1.5186	          0.0007	   1.5762	1.187e-03	   0.042	   145.774
 197	50	 4.6356	 1.0450	   1.5179	        1.5186	          0.0007	   1.6666	6.542e-04	   0.043	   146.569
 198	50	 4.6362	 1.0459	   1.5179	        1.5186	          0.0007	   1.6642	2.714e-04	   0.042	   147.331
 199	50	 4.6372	 1.0452	   1.5179	        1.5186	          0.0007	   1.6293	5.655e-04	   0.042	   148.126
 200	50	 4.6368	 1.0444	   1.5179	        1.5186	          0.0007	   1.6261	9.140e-04	   0.040	   148.878
 201	51	 4.6361	 1.0472	   1.5179	        1.5186	          0.0007	   1.7044	3.254e-04	   0.039	   149.622
 202	51	 4.6364	 1.0443	   1.5179	        1.5186	          0.0007	   1.5807	9.412e-04	   0.031	   150.351
 203	51	 4.6357	 1.0435	   1.5179	        1.5186	          0.0007	   1.6137	1.298e-03	   0.037	   151.090
 204	51	 4.6354	 1.0446	   1.5179	        1.5186	          0.0007	   1.6619	8.258e-04	   0.038	   151.824
 205	52	 4.6363	 1.0434	   1.5179	        1.5186	          0.0007	   1.6133	1.382e-03	   0.028	   152.542
 206	52	 4.6362	 1.0428	   1.5179	        1.5186	          0.0007	   1.6306	1.632e-03	   0.040	   153.297
 207	52	 4.6350	 1.0438	   1.5179	        1.5186	          0.0007	   1.6609	1.165e-03	   0.031	   154.033
 208	52	 4.6356	 1.0428	   1.5179	        1.5186	          0.0007	   1.6191	1.644e-03	   0.043	   154.771
 209	53	 4.6357	 1.0415	   1.5179	        1.5186	          0.0007	   1.6150	2.204e-03	   0.037	   155.512
 210	53	 4.6354	 1.0397	   1.5179	        1.5186	          0.0007	   1.5967	3.001e-03	   0.049	   156.274
 211	53	 4.6346	 1.0440	   1.5179	        1.5186	          0.0007	   1.7353	1.076e-03	   0.040	   157.028
 212	53	 4.6354	 1.0431	   1.5179	        1.5186	          0.0007	   1.6189	1.508e-03	   0.041	   157.786
 213	54	 4.6354	 1.0418	   1.5179	        1.5186	          0.0007	   1.6145	2.058e-03	   0.032	   158.532
 214	54	 4.6358	 1.0430	   1.5179	        1.5186	          0.0007	   1.6703	1.520e-03	   0.042	   159.318
 215	54	 4.6353	 1.0422	   1.5179	        1.5186	          0.0007	   1.6203	1.882e-03	   0.040	   160.118
 216	54	 4.6352	 1.0415	   1.5179	        1.5186	          0.0007	   1.6151	2.195e-03	   0.044	   160.932
 217	55	 4.6351	 1.0431	   1.5179	        1.5186	          0.0007	   1.6778	1.512e-03	   0.031	   161.732
 218	55	 4.6346	 1.0413	   1.5179	        1.5186	          0.0007	   1.5945	2.278e-03	   0.033	   162.492
 219	55	 4.6356	 1.0420	   1.5179	        1.5186	          0.0007	   1.6609	1.973e-03	   0.037	   163.239
 220	55	 4.6347	 1.0417	   1.5179	        1.5186	          0.0007	   1.6242	2.109e-03	   0.036	   163.978
 221	56	 4.6354	 1.0409	   1.5179	        1.5186	          0.0007	   1.6247	2.487e-03	   0.044	   164.734
 222	56	 4.6340	 1.0396	   1.5179	        1.5186	          0.0007	   1.5956	3.078e-03	   0.042	   165.512
 223	56	 4.6346	 1.0413	   1.5179	        1.5186	          0.0007	   1.6957	2.304e-03	   0.039	   166.259
 224	56	 4.6339	 1.0423	   1.5179	        1.5186	          0.0007	   1.6522	1.873e-03	   0.038	   167.057
 225	57	 4.6351	 1.0443	   1.5179	        1.5186	          0.0007	   1.7105	9.464e-04	   0.042	   167.852
 226	57	 4.6343	 1.0442	   1.5179	        1.5186	          0.0007	   1.6321	9.877e-04	   0.040	   168.625
 227	57	 4.6341	 1.0424	   1.5179	        1.5186	          0.0007	   1.5792	1.821e-03	   0.043	   169.405
 228	57	 4.6334	 1.0434	   1.5179	        1.5186	          0.0007	   1.6630	1.382e-03	   0.044	   170.173
 229	58	 4.6335	 1.0431	   1.5179	        1.5186	          0.0007	   1.6334	1.517e-03	   0.039	   170.904
 230	58	 4.6346	 1.0442	   1.5179	        1.5186	          0.0007	   1.6789	1.017e-03	   0.039	   171.654
 231	58	 4.6342	 1.0416	   1.5179	        1.5186	          0.0007	   1.5724	2.181e-03	   0.034	   172.386
 232	58	 4.6339	 1.0435	   1.5179	        1.5186	          0.0007	   1.6842	1.316e-03	   0.037	   173.120
 233	59	 4.6336	 1.0413	   1.5179	        1.5186	          0.0007	   1.5810	2.319e-03	   0.032	   173.858
 234	59	 4.6334	 1.0404	   1.5179	        1.5186	          0.0007	   1.6118	2.720e-03	   0.029	   174.583
 235	59	 4.6342	 1.0422	   1.5179	        1.5186	          0.0007	   1.6947	1.904e-03	   0.042	   175.328
 236	59	 4.6331	 1.0447	   1.5179	        1.5186	          0.0007	   1.6959	7.963e-04	   0.029	   176.057
 237	60	 4.6333	 1.0456	   1.5179	        1.5186	          0.0007	   1.6716	3.817e-04	   0.040	   176.801
 238	60	 4.6323	 1.0436	   1.5179	        1.5186	          0.0007	   1.5837	1.265e-03	   0.039	   177.551
 239	60	 4.6322	 1.0425	   1.5179	        1.5186	          0.0007	   1.6101	1.751e-03	   0.045	   178.327
 240	60	 4.6327	 1.0443	   1.5179	        1.5186	          0.0007	   1.6873	9.752e-04	   0.039	   179.076
 241	61	 4.6332	 1.0450	   1.5179	        1.5186	          0.0007	   1.6641	6.717e-04	   0.044	   179.832
 242	61	 4.6328	 1.0457	   1.5179	        1.5186	          0.0007	   1.6630	3.487e-04	   0.038	   180.581
 243	61	 4.6331	 1.0443	   1.5179	        1.5186	          0.0007	   1.6015	9.771e-04	   0.044	   181.321
 244	61	 4.6341	 1.0440	   1.5179	        1.5186	          0.0007	   1.6334	1.103e-03	   0.034	   182.058
 245	62	 4.6336	 1.0445	   1.5179	        1.5186	          0.0007	   1.6467	8.721e-04	   0.038	   182.798
 246	62	 4.6327	 1.0447	   1.5179	        1.5186	          0.0007	   1.6443	7.942e-04	   0.031	   183.537
 247	62	 4.6335	 1.0421	   1.5179	        1.5186	          0.0007	   1.5759	1.948e-03	   0.031	   184.262
 248	62	 4.6333	 1.0430	   1.5179	        1.5186	          0.0007	   1.6553	1.560e-03	   0.033	   185.003
 249	63	 4.6343	 1.0426	   1.5179	        1.5186	          0.0007	   1.6440	1.732e-03	   0.040	   185.773
 250	63	 4.6340	 1.0418	   1.5179	        1.5186	          0.0007	   1.6092	2.083e-03	   0.043	   186.507
 251	63	 4.6333	 1.0438	   1.5179	        1.5186	          0.0007	   1.6878	1.172e-03	   0.039	   187.250
 252	63	 4.6329	 1.0432	   1.5179	        1.5186	          0.0007	   1.6238	1.439e-03	   0.042	   188.032
 253	64	 4.6335	 1.0429	   1.5179	        1.5186	          0.0007	   1.6355	1.572e-03	   0.047	   188.820
 254	64	 4.6342	 1.0431	   1.5179	        1.5186	          0.0007	   1.6586	1.489e-03	   0.036	   189.607
 255	64	 4.6340	 1.0417	   1.5179	        1.5186	          0.0007	   1.5972	2.111e-03	   0.041	   190.396
 256	64	 4.6334	 1.0419	   1.5179	        1.5186	          0.0007	   1.6327	2.025e-03	   0.043	   191.158
 257	65	 4.6328	 1.0430	   1.5179	        1.5186	          0.0007	   1.6732	1.551e-03	   0.042	   191.906
 258	65	 4.6333	 1.0434	   1.5179	        1.5186	          0.0007	   1.6555	1.362e-03	   0.039	   192.629
 259	65	 4.6334	 1.0423	   1.5179	        1.5186	          0.0007	   1.6127	1.848e-03	   0.038	   193.380
 260	65	 4.6336	 1.0415	   1.5179	        1.5186	          0.0007	   1.6084	2.195e-03	   0.031	   194.110
 261	66	 4.6334	 1.0417	   1.5179	        1.5186	          0.0007	   1.6398	2.136e-03	   0.036	   194.844
 262	66	 4.6323	 1.0399	   1.5179	        1.5186	          0.0007	   1.5744	2.946e-03	   0.036	   195.589
 263	66	 4.6332	 1.0410	   1.5179	        1.5186	          0.0007	   1.6792	2.416e-03	   0.029	   196.312
 264	66	 4.6329	 1.0426	   1.5179	        1.5186	          0.0007	   1.6886	1.712e-03	   0.041	   197.057
 265	67	 4.6326	 1.0434	   1.5179	        1.5186	          0.0007	   1.6609	1.353e-03	   0.032	   197.785
 266	67	 4.6335	 1.0436	   1.5179	        1.5186	          0.0007	   1.6529	1.278e-03	   0.045	   198.527
 267	67	 4.6334	 1.0433	   1.5179	        1.5186	          0.0007	   1.6365	1.428e-03	   0.038	   199.312
 268	67	 4.6331	 1.0433	   1.5179	        1.5186	          0.0007	   1.6315	1.419e-03	   0.044	   200.060
 269	68	 4.6335	 1.0436	   1.5179	        1.5186	          0.0007	   1.6502	1.296e-03	   0.040	   200.818
 270	68	 4.6327	 1.0433	   1.5179	        1.5186	          0.0007	   1.6251	1.403e-03	   0.044	   201.627
 271	68	 4.6334	 1.0439	   1.5179	        1.5186	          0.0007	   1.6679	1.147e-03	   0.034	   202.376
 272	68	 4.6331	 1.0426	   1.5179	        1.5186	          0.0007	   1.6011	1.736e-03	   0.045	   203.122
 273	69	 4.6340	 1.0452	   1.5179	        1.5186	          0.0007	   1.7334	5.488e-04	   0.037	   203.857
 274	69	 4.6343	 1.0433	   1.5179	        1.5186	          0.0007	   1.5830	1.389e-03	   0.040	   204.585
 275	69	 4.6340	 1.0448	   1.5179	        1.5186	          0.0007	   1.6880	7.215e-04	   0.033	   205.328
 276	69	 4.6335	 1.0421	   1.5179	        1.5186	          0.0007	   1.5454	1.931e-03	   0.034	   206.100
 277	70	 4.6330	 1.0409	   1.5179	        1.5186	          0.0007	   1.5997	2.468e-03	   0.037	   206.860
 278	70	 4.6332	 1.0412	   1.5179	        1.5186	          0.0007	   1.6475	2.362e-03	   0.036	   207.611
 279	70	 4.6334	 1.0408	   1.5179	        1.5186	          0.0007	   1.6292	2.503e-03	   0.042	   208.340
 280	70	 4.6339	 1.0423	   1.5179	        1.5186	          0.0007	   1.6918	1.841e-03	   0.041	   209.120
 281	71	 4.6340	 1.0453	   1.5179	        1.5186	          0.0007	   1.7413	5.195e-04	   0.039	   209.886
 282	71	 4.6341	 1.0441	   1.5179	        1.5186	          0.0007	   1.5945	1.045e-03	   0.031	   210.640
 283	71	 4.6336	 1.0432	   1.5179	        1.5186	          0.0007	   1.6126	1.463e-03	   0.024	   211.321
 284	71	 4.6338	 1.0422	   1.5179	        1.5186	          0.0007	   1.6097	1.889e-03	   0.031	   211.967
 285	72	 4.6340	 1.0422	   1.5179	        1.5186	          0.0007	   1.6342	1.918e-03	   0.034	   212.600
 286	72	 4.6344	 1.0429	   1.5179	        1.5186	          0.0007	   1.6666	1.598e-03	   0.041	   213.235
 287	72	 4.6337	 1.0439	   1.5179	        1.5186	          0.0007	   1.6656	1.155e-03	   0.034	   213.868
 288	72	 4.6331	 1.0437	   1.5179	        1.5186	          0.0007	   1.6352	1.249e-03	   0.038	   214.493
 289	73	 4.6341	 1.0424	   1.5179	        1.5186	          0.0007	   1.6043	1.785e-03	   0.031	   215.124
 290	73	 4.6342	 1.0425	   1.5179	        1.5186	          0.0007	   1.6468	1.768e-03	   0.025	   215.751
 291	73	 4.6337	 1.0422	   1.5179	        1.5186	          0.0007	   1.6291	1.893e-03	   0.033	   216.374
 292	73	 4.6336	 1.0430	   1.5179	        1.5186	          0.0007	   1.6655	1.559e-03	   0.031	   217.006
 293	74	 4.6338	 1.0421	   1.5179	        1.5186	          0.0007	   1.6145	1.951e-03	   0.035	   217.601
 294	74	 4.6341	 1.0436	   1.5179	        1.5186	          0.0007	   1.7003	1.281e-03	   0.032	   218.205
 295	74	 4.6342	 1.0421	   1.5179	        1.5186	          0.0007	   1.5895	1.923e-03	   0.034	   218.822
 296	74	 4.6338	 1.0437	   1.5179	        1.5186	          0.0007	   1.6868	1.235e-03	   0.035	   219.399
 297	75	 4.6341	 1.0422	   1.5179	        1.5186	          0.0007	   1.5950	1.880e-03	   0.033	   219.988
 298	75	 4.6344	 1.0429	   1.5179	        1.5186	          0.0007	   1.6632	1.605e-03	   0.031	   220.572
 299	75	 4.6348	 1.0423	   1.5179	        1.5186	          0.0007	   1.6274	1.834e-03	   0.026	   221.136
 300	75	 4.6348	 1.0432	   1.5179	        1.5186	          0.0007	   1.6717	1.429e-03	   0.030	   221.704
 301	76	 4.6353	 1.0440	   1.5179	        1.5186	          0.0007	   1.6714	1.090e-03	   0.031	   222.269
 302	76	 4.6351	 1.0442	   1.5179	        1.5186	          0.0007	   1.6504	1.008e-03	   0.032	   222.840
 303	76	 4.6347	 1.0438	   1.5179	        1.5186	          0.0007	   1.6222	1.193e-03	   0.032	   223.402
 304	76	 4.6346	 1.0442	   1.5179	        1.5186	          0.0007	   1.6501	1.019e-03	   0.035	   224.000
 305	77	 4.6343	 1.0445	   1.5179	        1.5186	          0.0007	   1.6474	8.833e-04	   0.030	   224.570
 306	77	 4.6343	 1.0455	   1.5179	        1.5186	          0.0007	   1.6718	4.484e-04	   0.029	   225.135
 307	77	 4.6346	 1.0455	   1.5179	        1.5186	          0.0007	   1.6557	4.368e-04	   0.028	   225.702
 308	77	 4.6344	 1.0446	   1.5179	        1.5186	          0.0007	   1.5995	8.159e-04	   0.035	   226.281
 309	78	 4.6351	 1.0433	   1.5179	        1.5186	          0.0007	   1.6037	1.407e-03	   0.034	   226.902
 310	78	 4.6351	 1.0432	   1.5179	        1.5186	          0.0007	   1.6402	1.432e-03	   0.035	   227.529
 311	78	 4.6354	 1.0449	   1.5179	        1.5186	          0.0007	   1.6986	7.094e-04	   0.028	   228.122
 312	78	 4.6348	 1.0444	   1.5179	        1.5186	          0.0007	   1.6151	9.361e-04	   0.030	   228.731
 313	79	 4.6347	 1.0435	   1.5179	        1.5186	          0.0007	   1.6045	1.304e-03	   0.029	   229.315
 314	79	 4.6340	 1.0439	   1.5179	        1.5186	          0.0007	   1.6541	1.150e-03	   0.036	   229.881
 315	79	 4.6340	 1.0438	   1.5179	        1.5186	          0.0007	   1.6275	1.203e-03	   0.036	   230.450
 316	79	 4.6347	 1.0444	   1.5179	        1.5186	          0.0007	   1.6761	9.304e-04	   0.032	   231.012
 317	80	 4.6350	 1.0423	   1.5179	        1.5186	          0.0007	   1.5721	1.849e-03	   0.027	   231.575
 318	80	 4.6353	 1.0437	   1.5179	        1.5186	          0.0007	   1.6843	1.229e-03	   0.028	   232.144
 319	80	 4.6355	 1.0441	   1.5179	        1.5186	          0.0007	   1.6618	1.039e-03	   0.032	   232.707
 320	80	 4.6353	 1.0444	   1.5179	        1.5186	          0.0007	   1.6507	9.367e-04	   0.029	   233.273
 321	81	 4.6344	 1.0435	   1.5179	        1.5186	          0.0007	   1.6009	1.296e-03	   0.032	   233.841
 322	81	 4.6347	 1.0440	   1.5179	        1.5186	          0.0007	   1.6551	1.117e-03	   0.030	   234.450
 323	81	 4.6354	 1.0440	   1.5179	        1.5186	          0.0007	   1.6545	1.101e-03	   0.039	   235.133
 324	81	 4.6357	 1.0441	   1.5179	        1.5186	          0.0007	   1.6437	1.067e-03	   0.034	   235.787
 325	82	 4.6356	 1.0445	   1.5179	        1.5186	          0.0007	   1.6593	8.682e-04	   0.032	   236.408
 326	82	 4.6350	 1.0443	   1.5179	        1.5186	          0.0007	   1.6252	9.523e-04	   0.036	   236.993
 327	82	 4.6348	 1.0432	   1.5179	        1.5186	          0.0007	   1.5995	1.455e-03	   0.030	   237.554
 328	82	 4.6354	 1.0446	   1.5179	        1.5186	          0.0007	   1.6998	8.427e-04	   0.030	   238.122
 329	83	 4.6353	 1.0429	   1.5179	        1.5186	          0.0007	   1.5751	1.595e-03	   0.028	   238.691
 330	83	 4.6351	 1.0447	   1.5179	        1.5186	          0.0007	   1.7065	7.927e-04	   0.030	   239.269
 331	83	 4.6355	 1.0438	   1.5179	        1.5186	          0.0007	   1.6102	1.169e-03	   0.033	   239.868
 332	83	 4.6362	 1.0440	   1.5179	        1.5186	          0.0007	   1.6590	1.113e-03	   0.033	   240.456
 333	84	 4.6360	 1.0439	   1.5179	        1.5186	          0.0007	   1.6381	1.150e-03	   0.036	   241.028
 334	84	 4.6357	 1.0442	   1.5179	        1.5186	          0.0007	   1.6467	1.026e-03	   0.030	   241.589
 335	84	 4.6353	 1.0448	   1.5179	        1.5186	          0.0007	   1.6528	7.265e-04	   0.030	   242.153
 336	84	 4.6355	 1.0440	   1.5179	        1.5186	          0.0007	   1.6142	1.117e-03	   0.029	   242.719
 337	85	 4.6351	 1.0437	   1.5179	        1.5186	          0.0007	   1.6307	1.210e-03	   0.036	   243.349
 338	85	 4.6342	 1.0423	   1.5179	        1.5186	          0.0007	   1.5728	1.860e-03	   0.038	   243.973
 339	85	 4.6351	 1.0429	   1.5179	        1.5186	          0.0007	   1.6693	1.594e-03	   0.033	   244.571
 340	85	 4.6355	 1.0433	   1.5179	        1.5186	          0.0007	   1.6604	1.410e-03	   0.025	   245.179
 341	86	 4.6359	 1.0438	   1.5179	        1.5186	          0.0007	   1.6576	1.170e-03	   0.029	   245.767
 342	86	 4.6361	 1.0437	   1.5179	        1.5186	          0.0007	   1.6382	1.234e-03	   0.032	   246.334
 343	86	 4.6362	 1.0431	   1.5179	        1.5186	          0.0007	   1.6167	1.490e-03	   0.033	   246.898
 344	86	 4.6357	 1.0436	   1.5179	        1.5186	          0.0007	   1.6619	1.268e-03	   0.033	   247.465
 345	87	 4.6357	 1.0428	   1.5179	        1.5186	          0.0007	   1.6021	1.631e-03	   0.029	   248.029
 346	87	 4.6349	 1.0439	   1.5179	        1.5186	          0.0007	   1.6668	1.149e-03	   0.030	   248.594
 347	87	 4.6354	 1.0440	   1.5179	        1.5186	          0.0007	   1.6600	1.097e-03	   0.030	   249.162
 348	87	 4.6354	 1.0443	   1.5179	        1.5186	          0.0007	   1.6571	9.835e-04	   0.029	   249.728
 349	88	 4.6351	 1.0428	   1.5179	        1.5186	          0.0007	   1.5669	1.648e-03	   0.031	   250.294
 350	88	 4.6350	 1.0431	   1.5179	        1.5186	          0.0007	   1.6594	1.501e-03	   0.032	   250.857
 351	88	 4.6350	 1.0428	   1.5179	        1.5186	          0.0007	   1.6278	1.607e-03	   0.034	   251.432
 352	88	 4.6351	 1.0440	   1.5179	        1.5186	          0.0007	   1.6939	1.077e-03	   0.030	   252.034
 353	89	 4.6350	 1.0448	   1.5179	        1.5186	          0.0007	   1.6642	7.467e-04	   0.030	   252.621
 354	89	 4.6348	 1.0451	   1.5179	        1.5186	          0.0007	   1.6536	5.932e-04	   0.034	   253.199
 355	89	 4.6350	 1.0436	   1.5179	        1.5186	          0.0007	   1.5856	1.268e-03	   0.032	   253.775
 356	89	 4.6350	 1.0445	   1.5179	        1.5186	          0.0007	   1.6748	8.857e-04	   0.033	   254.340
 357	90	 4.6346	 1.0446	   1.5179	        1.5186	          0.0007	   1.6412	8.359e-04	   0.029	   254.902
 358	90	 4.6344	 1.0438	   1.5179	        1.5186	          0.0007	   1.6030	1.171e-03	   0.031	   255.478
 359	90	 4.6351	 1.0439	   1.5179	        1.5186	          0.0007	   1.6487	1.149e-03	   0.029	   256.073
 360	90	 4.6344	 1.0439	   1.5179	        1.5186	          0.0007	   1.6391	1.129e-03	   0.038	   256.647
 361	91	 4.6345	 1.0430	   1.5179	        1.5186	          0.0007	   1.6037	1.521e-03	   0.030	   257.209
 362	91	 4.6345	 1.0437	   1.5179	        1.5186	          0.0007	   1.6652	1.249e-03	   0.033	   257.773
 363	91	 4.6341	 1.0437	   1.5179	        1.5186	          0.0007	   1.6435	1.245e-03	   0.028	   258.338
 364	91	 4.6341	 1.0443	   1.5179	        1.5186	          0.0007	   1.6627	9.763e-04	   0.029	   258.902
 365	92	 4.6342	 1.0447	   1.5179	        1.5186	          0.0007	   1.6636	7.895e-04	   0.037	   259.520
 366	92	 4.6342	 1.0445	   1.5179	        1.5186	          0.0007	   1.6272	8.856e-04	   0.036	   260.132
 367	92	 4.6344	 1.0439	   1.5179	        1.5186	          0.0007	   1.6152	1.137e-03	   0.033	   260.743
 368	92	 4.6343	 1.0443	   1.5179	        1.5186	          0.0007	   1.6618	9.456e-04	   0.029	   261.356
 369	93	 4.6343	 1.0438	   1.5179	        1.5186	          0.0007	   1.6186	1.203e-03	   0.030	   261.945
 370	93	 4.6348	 1.0445	   1.5179	        1.5186	          0.0007	   1.6779	8.820e-04	   0.031	   262.515
 371	93	 4.6350	 1.0450	   1.5179	        1.5186	          0.0007	   1.6626	6.723e-04	   0.029	   263.085
 372	93	 4.6348	 1.0446	   1.5179	        1.5186	          0.0007	   1.6253	8.407e-04	   0.035	   263.647
 373	94	 4.6350	 1.0447	   1.5179	        1.5186	          0.0007	   1.6431	7.908e-04	   0.033	   264.211
 374	94	 4.6348	 1.0450	   1.5179	        1.5186	          0.0007	   1.6486	6.553e-04	   0.033	   264.778
 375	94	 4.6350	 1.0444	   1.5179	        1.5186	          0.0007	   1.6202	9.317e-04	   0.029	   265.342
 376	94	 4.6346	 1.0447	   1.5179	        1.5186	          0.0007	   1.6580	7.952e-04	   0.027	   265.911
 377	95	 4.6349	 1.0449	   1.5179	        1.5186	          0.0007	   1.6524	7.103e-04	   0.032	   266.510
 378	95	 4.6347	 1.0448	   1.5179	        1.5186	          0.0007	   1.6319	7.356e-04	   0.030	   267.112
 379	95	 4.6343	 1.0453	   1.5179	        1.5186	          0.0007	   1.6573	5.186e-04	   0.035	   267.681
 380	95	 4.6338	 1.0438	   1.5179	        1.5186	          0.0007	   1.5725	1.186e-03	   0.029	   268.284
 381	96	 4.6335	 1.0443	   1.5179	        1.5186	          0.0007	   1.6555	9.694e-04	   0.032	   268.866
 382	96	 4.6328	 1.0441	   1.5179	        1.5186	          0.0007	   1.6173	1.054e-03	   0.031	   269.445
 383	96	 4.6336	 1.0438	   1.5179	        1.5186	          0.0007	   1.6433	1.176e-03	   0.035	   270.030
 384	96	 4.6337	 1.0440	   1.5179	        1.5186	          0.0007	   1.6512	1.118e-03	   0.034	   270.599
 385	97	 4.6343	 1.0442	   1.5179	        1.5186	          0.0007	   1.6606	1.020e-03	   0.032	   271.184
 386	97	 4.6340	 1.0444	   1.5179	        1.5186	          0.0007	   1.6446	9.407e-04	   0.027	   271.779
 387	97	 4.6342	 1.0446	   1.5179	        1.5186	          0.0007	   1.6475	8.463e-04	   0.028	   272.362
 388	97	 4.6339	 1.0438	   1.5179	        1.5186	          0.0007	   1.6037	1.200e-03	   0.032	   272.927
 389	98	 4.6341	 1.0435	   1.5179	        1.5186	          0.0007	   1.6236	1.330e-03	   0.031	   273.494
 390	98	 4.6343	 1.0440	   1.5179	        1.5186	          0.0007	   1.6650	1.076e-03	   0.029	   274.059
 391	98	 4.6340	 1.0447	   1.5179	        1.5186	          0.0007	   1.6749	8.028e-04	   0.031	   274.624
 392	98	 4.6340	 1.0441	   1.5179	        1.5186	          0.0007	   1.6111	1.068e-03	   0.031	   275.191
 393	99	 4.6338	 1.0434	   1.5179	        1.5186	          0.0007	   1.6102	1.368e-03	   0.031	   275.794
 394	99	 4.6340	 1.0444	   1.5179	        1.5186	          0.0007	   1.6990	9.145e-04	   0.031	   276.406
 395	99	 4.6343	 1.0446	   1.5179	        1.5186	          0.0007	   1.6442	8.250e-04	   0.035	   277.030
 396	99	 4.6342	 1.0441	   1.5179	        1.5186	          0.0007	   1.6152	1.043e-03	   0.038	   277.639
 397	100	 4.6342	 1.0438	   1.5179	        1.5186	          0.0007	   1.6244	1.203e-03	   0.035	   278.228
 398	100	 4.6337	 1.0446	   1.5179	        1.5186	          0.0007	   1.6775	8.142e-04	   0.026	   278.800
 399	100	 4.6337	 1.0446	   1.5179	        1.5186	          0.0007	   1.6342	8.338e-04	   0.028	   279.368
 400	100	 4.6336	 1.0443	   1.5179	        1.5186	          0.0007	   1.6288	9.601e-04	   0.030	   279.935
 401	101	 4.6332	 1.0435	   1.5179	        1.5186	          0.0007	   1.5952	1.311e-03	   0.035	   280.501
 402	101	 4.6333	 1.0439	   1.5179	        1.5186	          0.0007	   1.6610	1.131e-03	   0.037	   281.069
 403	101	 4.6338	 1.0439	   1.5179	        1.5186	          0.0007	   1.6474	1.120e-03	   0.032	   281.630
 404	101	 4.6335	 1.0448	   1.5179	        1.5186	          0.0007	   1.6828	7.211e-04	   0.030	   282.193
 405	102	 4.6334	 1.0455	   1.5179	        1.5186	          0.0007	   1.6675	4.523e-04	   0.028	   282.761
 406	102	 4.6332	 1.0448	   1.5179	        1.5186	          0.0007	   1.6064	7.433e-04	   0.032	   283.328
 407	102	 4.6335	 1.0447	   1.5179	        1.5186	          0.0007	   1.6453	7.739e-04	   0.032	   283.896
 408	102	 4.6333	 1.0454	   1.5179	        1.5186	          0.0007	   1.6688	4.789e-04	   0.032	   284.504
 409	103	 4.6329	 1.0456	   1.5179	        1.5186	          0.0007	   1.6410	3.851e-04	   0.029	   285.072
 410	103	 4.6329	 1.0447	   1.5179	        1.5186	          0.0007	   1.5966	8.086e-04	   0.029	   285.656
 411	103	 4.6333	 1.0441	   1.5179	        1.5186	          0.0007	   1.6261	1.037e-03	   0.032	   286.245
 412	103	 4.6335	 1.0452	   1.5179	        1.5186	          0.0007	   1.6962	5.697e-04	   0.031	   286.808
 413	104	 4.6337	 1.0441	   1.5179	        1.5186	          0.0007	   1.5868	1.067e-03	   0.032	   287.405
 414	104	 4.6333	 1.0451	   1.5179	        1.5186	          0.0007	   1.6846	5.925e-04	   0.030	   287.976
 415	104	 4.6333	 1.0452	   1.5179	        1.5186	          0.0007	   1.6519	5.586e-04	   0.030	   288.546
 416	104	 4.6336	 1.0451	   1.5179	        1.5186	          0.0007	   1.6439	5.904e-04	   0.029	   289.111
 417	105	 4.6332	 1.0451	   1.5179	        1.5186	          0.0007	   1.6327	6.045e-04	   0.036	   289.687
 418	105	 4.6332	 1.0449	   1.5179	        1.5186	          0.0007	   1.6287	7.196e-04	   0.034	   290.246
 419	105	 4.6334	 1.0451	   1.5179	        1.5186	          0.0007	   1.6566	6.270e-04	   0.032	   290.809
 420	105	 4.6336	 1.0453	   1.5179	        1.5186	          0.0007	   1.6558	5.161e-04	   0.035	   291.374
 421	106	 4.6334	 1.0446	   1.5179	        1.5186	          0.0007	   1.6027	8.274e-04	   0.033	   291.969
 422	106	 4.6338	 1.0449	   1.5179	        1.5186	          0.0007	   1.6626	7.035e-04	   0.028	   292.583
 423	106	 4.6339	 1.0454	   1.5179	        1.5186	          0.0007	   1.6663	4.898e-04	   0.030	   293.205
 424	106	 4.6336	 1.0453	   1.5179	        1.5186	          0.0007	   1.6306	5.291e-04	   0.031	   293.808
 425	107	 4.6334	 1.0445	   1.5179	        1.5186	          0.0007	   1.5995	8.788e-04	   0.034	   294.407
 426	107	 4.6336	 1.0446	   1.5179	        1.5186	          0.0007	   1.6527	8.096e-04	   0.033	   294.987
 427	107	 4.6335	 1.0442	   1.5179	        1.5186	          0.0007	   1.6193	1.001e-03	   0.030	   295.556
 428	107	 4.6338	 1.0448	   1.5179	        1.5186	          0.0007	   1.6721	7.364e-04	   0.031	   296.164
 429	108	 4.6338	 1.0447	   1.5179	        1.5186	          0.0007	   1.6406	7.745e-04	   0.037	   296.777
 430	108	 4.6339	 1.0457	   1.5179	        1.5186	          0.0007	   1.6938	3.250e-04	   0.037	   297.417
 431	108	 4.6336	 1.0456	   1.5179	        1.5186	          0.0007	   1.6293	3.706e-04	   0.036	   298.041
 432	108	 4.6335	 1.0451	   1.5179	        1.5186	          0.0007	   1.6129	6.020e-04	   0.031	   298.642
 433	109	 4.6334	 1.0463	   1.5179	        1.5186	          0.0007	   1.6997	6.601e-05	   0.028	   299.214
 434	109	 4.6332	 1.0451	   1.5179	        1.5186	          0.0007	   1.5753	6.024e-04	   0.031	   299.782
 435	109	 4.6334	 1.0449	   1.5179	        1.5186	          0.0007	   1.6328	7.137e-04	   0.029	   300.345
 436	109	 4.6334	 1.0451	   1.5179	        1.5186	          0.0007	   1.6576	5.991e-04	   0.033	   300.953
 437	110	 4.6333	 1.0449	   1.5179	        1.5186	          0.0007	   1.6396	6.881e-04	   0.030	   301.523
 438	110	 4.6333	 1.0443	   1.5179	        1.5186	          0.0007	   1.6083	9.510e-04	   0.030	   302.108
 439	110	 4.6337	 1.0438	   1.5179	        1.5186	          0.0007	   1.6230	1.165e-03	   0.033	   302.703
 440	110	 4.6334	 1.0450	   1.5179	        1.5186	          0.0007	   1.6891	6.670e-04	   0.032	   303.308
 441	111	 4.6334	 1.0462	   1.5179	        1.5186	          0.0007	   1.7037	1.210e-04	   0.035	   303.893
 442	111	 4.6335	 1.0452	   1.5179	        1.5186	          0.0007	   1.5910	5.673e-04	   0.032	   304.466
 443	111	 4.6337	 1.0457	   1.5179	        1.5186	          0.0007	   1.6728	3.582e-04	   0.035	   305.032
 444	111	 4.6334	 1.0454	   1.5179	        1.5186	          0.0007	   1.6217	4.863e-04	   0.029	   305.596
 445	112	 4.6336	 1.0448	   1.5179	        1.5186	          0.0007	   1.6145	7.355e-04	   0.027	   306.163
 446	112	 4.6338	 1.0441	   1.5179	        1.5186	          0.0007	   1.6091	1.034e-03	   0.030	   306.728
 447	112	 4.6333	 1.0445	   1.5179	        1.5186	          0.0007	   1.6565	8.669e-04	   0.032	   307.296
 448	112	 4.6334	 1.0447	   1.5179	        1.5186	          0.0007	   1.6516	7.927e-04	   0.034	   307.864
 449	113	 4.6337	 1.0455	   1.5179	        1.5186	          0.0007	   1.6851	4.345e-04	   0.037	   308.438
 450	113	 4.6339	 1.0456	   1.5179	        1.5186	          0.0007	   1.6552	4.045e-04	   0.032	   309.061
 451	113	 4.6337	 1.0440	   1.5179	        1.5186	          0.0007	   1.5500	1.100e-03	   0.030	   309.682
 452	113	 4.6337	 1.0450	   1.5179	        1.5186	          0.0007	   1.6918	6.749e-04	   0.035	   310.285
 453	114	 4.6338	 1.0449	   1.5179	        1.5186	          0.0007	   1.6396	7.068e-04	   0.033	   310.896
 454	114	 4.6342	 1.0454	   1.5179	        1.5186	          0.0007	   1.6761	4.742e-04	   0.032	   311.471
 455	114	 4.6340	 1.0451	   1.5179	        1.5186	          0.0007	   1.6166	6.076e-04	   0.029	   312.039
 456	114	 4.6339	 1.0453	   1.5179	        1.5186	          0.0007	   1.6525	5.098e-04	   0.026	   312.601
 457	115	 4.6337	 1.0462	   1.5179	        1.5186	          0.0007	   1.6877	1.182e-04	   0.031	   313.168
 458	115	 4.6335	 1.0469	   1.5179	        1.5186	          0.0007	   1.6800	1.997e-04	   0.029	   313.735
 459	115	 4.6338	 1.0460	   1.5179	        1.5186	          0.0007	   1.5964	2.243e-04	   0.031	   314.256
 460	115	 4.6335	 1.0456	   1.5179	        1.5186	          0.0007	   1.6181	3.774e-04	   0.029	   314.795
 461	116	 4.6335	 1.0446	   1.5179	        1.5186	          0.0007	   1.5860	8.479e-04	   0.031	   315.302
 462	116	 4.6333	 1.0440	   1.5179	        1.5186	          0.0007	   1.6113	1.095e-03	   0.028	   315.801
 463	116	 4.6332	 1.0444	   1.5179	        1.5186	          0.0007	   1.6577	9.140e-04	   0.027	   316.285
 464	116	 4.6332	 1.0448	   1.5179	        1.5186	          0.0007	   1.6587	7.523e-04	   0.029	   316.723
 465	117	 4.6329	 1.0449	   1.5179	        1.5186	          0.0007	   1.6478	6.896e-04	   0.020	   317.191
 466	117	 4.6326	 1.0455	   1.5179	        1.5186	          0.0007	   1.6631	4.147e-04	   0.018	   317.649
 467	117	 4.6326	 1.0447	   1.5179	        1.5186	          0.0007	   1.5952	7.782e-04	   0.020	   318.112
 468	117	 4.6326	 1.0446	   1.5179	        1.5186	          0.0007	   1.6365	8.458e-04	   0.019	   318.591
 469	118	 4.6332	 1.0452	   1.5179	        1.5186	          0.0007	   1.6809	5.759e-04	   0.023	   319.036
 470	118	 4.6333	 1.0445	   1.5179	        1.5186	          0.0007	   1.5974	8.954e-04	   0.022	   319.475
 471	118	 4.6333	 1.0444	   1.5179	        1.5186	          0.0007	   1.6352	9.178e-04	   0.021	   319.911
 472	118	 4.6330	 1.0438	   1.5179	        1.5186	          0.0007	   1.6143	1.167e-03	   0.018	   320.354
 473	119	 4.6331	 1.0433	   1.5179	        1.5186	          0.0007	   1.6078	1.397e-03	   0.015	   320.789
 474	119	 4.6328	 1.0441	   1.5179	        1.5186	          0.0007	   1.6767	1.072e-03	   0.019	   321.231
 475	119	 4.6336	 1.0441	   1.5179	        1.5186	          0.0007	   1.6557	1.061e-03	   0.018	   321.672
 476	119	 4.6333	 1.0436	   1.5179	        1.5186	          0.0007	   1.6095	1.296e-03	   0.022	   322.108
 477	120	 4.6337	 1.0434	   1.5179	        1.5186	          0.0007	   1.6462	1.342e-03	   0.022	   322.552
 478	120	 4.6339	 1.0443	   1.5179	        1.5186	          0.0007	   1.6919	9.781e-04	   0.023	   323.044
 479	120	 4.6336	 1.0445	   1.5179	        1.5186	          0.0007	   1.6434	8.707e-04	   0.024	   323.538
 480	120	 4.6335	 1.0438	   1.5179	        1.5186	          0.0007	   1.6015	1.171e-03	   0.022	   324.025
 481	121	 4.6337	 1.0433	   1.5179	        1.5186	          0.0007	   1.6052	1.422e-03	   0.019	   324.507
 482	121	 4.6333	 1.0427	   1.5179	        1.5186	          0.0007	   1.6089	1.674e-03	   0.022	   324.968
 483	121	 4.6330	 1.0438	   1.5179	        1.5186	          0.0007	   1.6906	1.198e-03	   0.019	   325.408
 484	121	 4.6337	 1.0431	   1.5179	        1.5186	          0.0007	   1.6119	1.509e-03	   0.021	   325.868
 485	122	 4.6337	 1.0424	   1.5179	        1.5186	          0.0007	   1.6059	1.826e-03	   0.022	   326.355
 486	122	 4.6339	 1.0421	   1.5179	        1.5186	          0.0007	   1.6282	1.947e-03	   0.019	   326.800
 487	122	 4.6338	 1.0428	   1.5179	        1.5186	          0.0007	   1.6787	1.618e-03	   0.022	   327.238
 488	122	 4.6341	 1.0432	   1.5179	        1.5186	          0.0007	   1.6682	1.437e-03	   0.017	   327.675
 489	123	 4.6339	 1.0427	   1.5179	        1.5186	          0.0007	   1.6116	1.652e-03	   0.017	   328.105
 490	123	 4.6340	 1.0418	   1.5179	        1.5186	          0.0007	   1.5900	2.093e-03	   0.018	   328.548
 491	123	 4.6340	 1.0428	   1.5179	        1.5186	          0.0007	   1.6997	1.633e-03	   0.020	   328.987
 492	123	 4.6340	 1.0440	   1.5179	        1.5186	          0.0007	   1.7007	1.106e-03	   0.024	   329.433
 493	124	 4.6335	 1.0434	   1.5179	        1.5186	          0.0007	   1.5965	1.365e-03	   0.020	   329.913
 494	124	 4.6341	 1.0438	   1.5179	        1.5186	          0.0007	   1.6741	1.199e-03	   0.021	   330.385
 495	124	 4.6335	 1.0436	   1.5179	        1.5186	          0.0007	   1.6119	1.280e-03	   0.020	   330.872
 496	124	 4.6337	 1.0439	   1.5179	        1.5186	          0.0007	   1.6710	1.133e-03	   0.019	   331.344
 497	125	 4.6341	 1.0437	   1.5179	        1.5186	          0.0007	   1.6362	1.231e-03	   0.020	   331.785
 498	125	 4.6342	 1.0436	   1.5179	        1.5186	          0.0007	   1.6348	1.289e-03	   0.024	   332.227
 499	125	 4.6339	 1.0437	   1.5179	        1.5186	          0.0007	   1.6428	1.229e-03	   0.022	   332.666
 500	125	 4.6340	 1.0439	   1.5179	        1.5186	          0.0007	   1.6547	1.138e-03	   0.021	   333.105
 501	126	 4.6344	 1.0439	   1.5179	        1.5186	          0.0007	   1.6472	1.136e-03	   0.017	   333.547
 502	126	 4.6339	 1.0432	   1.5179	        1.5186	          0.0007	   1.5973	1.457e-03	   0.017	   333.984
 503	126	 4.6340	 1.0443	   1.5179	        1.5186	          0.0007	   1.7066	9.559e-04	   0.019	   334.426
 504	126	 4.6337	 1.0435	   1.5179	        1.5186	          0.0007	   1.5820	1.309e-03	   0.019	   334.863
 505	127	 4.6340	 1.0445	   1.5179	        1.5186	          0.0007	   1.6936	8.963e-04	   0.022	   335.303
 506	127	 4.6342	 1.0444	   1.5179	        1.5186	          0.0007	   1.6507	9.084e-04	   0.023	   335.787
 507	127	 4.6338	 1.0443	   1.5179	        1.5186	          0.0007	   1.6301	9.569e-04	   0.023	   336.269
 508	127	 4.6337	 1.0434	   1.5179	        1.5186	          0.0007	   1.5743	1.365e-03	   0.019	   336.765
 509	128	 4.6334	 1.0426	   1.5179	        1.5186	          0.0007	   1.5921	1.710e-03	   0.017	   337.254
 510	128	 4.6340	 1.0422	   1.5179	        1.5186	          0.0007	   1.6325	1.886e-03	   0.022	   337.717
 511	128	 4.6333	 1.0423	   1.5179	        1.5186	          0.0007	   1.6342	1.854e-03	   0.020	   338.158
 512	128	 4.6335	 1.0423	   1.5179	        1.5186	          0.0007	   1.6383	1.856e-03	   0.020	   338.599
 513	129	 4.6335	 1.0417	   1.5179	        1.5186	          0.0007	   1.6015	2.127e-03	   0.019	   339.039
 514	129	 4.6336	 1.0423	   1.5179	        1.5186	          0.0007	   1.6803	1.841e-03	   0.022	   339.484
 515	129	 4.6332	 1.0424	   1.5179	        1.5186	          0.0007	   1.6425	1.810e-03	   0.020	   339.921
 516	129	 4.6334	 1.0423	   1.5179	        1.5186	          0.0007	   1.6352	1.843e-03	   0.022	   340.362
 517	130	 4.6331	 1.0423	   1.5179	        1.5186	          0.0007	   1.6265	1.865e-03	   0.018	   340.799
 518	130	 4.6331	 1.0418	   1.5179	        1.5186	          0.0007	   1.6077	2.076e-03	   0.017	   341.235
 519	130	 4.6332	 1.0425	   1.5179	        1.5186	          0.0007	   1.6898	1.768e-03	   0.018	   341.679
 520	130	 4.6331	 1.0423	   1.5179	        1.5186	          0.0007	   1.6344	1.842e-03	   0.020	   342.118
 521	131	 4.6333	 1.0426	   1.5179	        1.5186	          0.0007	   1.6642	1.704e-03	   0.021	   342.604
 522	131	 4.6341	 1.0422	   1.5179	        1.5186	          0.0007	   1.6330	1.885e-03	   0.024	   343.073
 523	131	 4.6338	 1.0418	   1.5179	        1.5186	          0.0007	   1.6011	2.079e-03	   0.021	   343.545
 524	131	 4.6333	 1.0416	   1.5179	        1.5186	          0.0007	   1.6242	2.163e-03	   0.017	   344.002
 525	132	 4.6332	 1.0414	   1.5179	        1.5186	          0.0007	   1.6193	2.275e-03	   0.018	   344.442
 526	132	 4.6330	 1.0426	   1.5179	        1.5186	          0.0007	   1.7153	1.729e-03	   0.020	   344.883
 527	132	 4.6328	 1.0425	   1.5179	        1.5186	          0.0007	   1.6277	1.766e-03	   0.024	   345.326
 528	132	 4.6328	 1.0420	   1.5179	        1.5186	          0.0007	   1.6102	1.992e-03	   0.022	   345.764
 529	133	 4.6332	 1.0420	   1.5179	        1.5186	          0.0007	   1.6533	1.976e-03	   0.021	   346.203
 530	133	 4.6328	 1.0425	   1.5179	        1.5186	          0.0007	   1.6625	1.757e-03	   0.017	   346.645
 531	133	 4.6330	 1.0418	   1.5179	        1.5186	          0.0007	   1.5956	2.086e-03	   0.017	   347.082
 532	133	 4.6329	 1.0418	   1.5179	        1.5186	          0.0007	   1.6415	2.090e-03	   0.019	   347.524
 533	134	 4.6333	 1.0421	   1.5179	        1.5186	          0.0007	   1.6701	1.953e-03	   0.019	   347.962
 534	134	 4.6333	 1.0414	   1.5179	        1.5186	          0.0007	   1.5891	2.237e-03	   0.024	   348.435
 535	134	 4.6329	 1.0415	   1.5179	        1.5186	          0.0007	   1.6317	2.207e-03	   0.022	   348.963
 536	134	 4.6328	 1.0424	   1.5179	        1.5186	          0.0007	   1.6991	1.804e-03	   0.022	   349.500
 537	135	 4.6329	 1.0427	   1.5179	        1.5186	          0.0007	   1.6567	1.687e-03	   0.024	   350.050
 538	135	 4.6324	 1.0424	   1.5179	        1.5186	          0.0007	   1.6143	1.826e-03	   0.020	   350.569
 539	135	 4.6330	 1.0421	   1.5179	        1.5186	          0.0007	   1.6416	1.937e-03	   0.020	   351.042
 540	135	 4.6328	 1.0425	   1.5179	        1.5186	          0.0007	   1.6510	1.758e-03	   0.020	   351.495
 541	136	 4.6326	 1.0430	   1.5179	        1.5186	          0.0007	   1.6581	1.520e-03	   0.020	   351.936
 542	136	 4.6326	 1.0437	   1.5179	        1.5186	          0.0007	   1.6841	1.220e-03	   0.019	   352.375
 543	136	 4.6326	 1.0422	   1.5179	        1.5186	          0.0007	   1.5497	1.882e-03	   0.022	   352.821
 544	136	 4.6327	 1.0422	   1.5179	        1.5186	          0.0007	   1.6397	1.909e-03	   0.021	   353.258
 545	137	 4.6332	 1.0432	   1.5179	        1.5186	          0.0007	   1.7139	1.458e-03	   0.022	   353.699
 546	137	 4.6331	 1.0422	   1.5179	        1.5186	          0.0007	   1.5805	1.916e-03	   0.018	   354.136
 547	137	 4.6334	 1.0421	   1.5179	        1.5186	          0.0007	   1.6423	1.933e-03	   0.017	   354.572
 548	137	 4.6332	 1.0426	   1.5179	        1.5186	          0.0007	   1.6631	1.728e-03	   0.018	   355.016
 549	138	 4.6326	 1.0425	   1.5179	        1.5186	          0.0007	   1.6294	1.748e-03	   0.023	   355.534
 550	138	 4.6322	 1.0415	   1.5179	        1.5186	          0.0007	   1.5704	2.190e-03	   0.024	   355.999
 551	138	 4.6324	 1.0423	   1.5179	        1.5186	          0.0007	   1.6885	1.854e-03	   0.020	   356.474
 552	138	 4.6329	 1.0425	   1.5179	        1.5186	          0.0007	   1.6596	1.763e-03	   0.019	   356.932
 553	139	 4.6327	 1.0420	   1.5179	        1.5186	          0.0007	   1.6113	1.972e-03	   0.017	   357.370
 554	139	 4.6330	 1.0421	   1.5179	        1.5186	          0.0007	   1.6414	1.961e-03	   0.018	   357.811
 555	139	 4.6332	 1.0429	   1.5179	        1.5186	          0.0007	   1.6985	1.563e-03	   0.020	   358.252
 556	139	 4.6330	 1.0432	   1.5179	        1.5186	          0.0007	   1.6494	1.467e-03	   0.024	   358.695
 557	140	 4.6333	 1.0427	   1.5179	        1.5186	          0.0007	   1.6132	1.679e-03	   0.022	   359.134
 558	140	 4.6333	 1.0429	   1.5179	        1.5186	          0.0007	   1.6558	1.593e-03	   0.022	   359.573
 559	140	 4.6330	 1.0430	   1.5179	        1.5186	          0.0007	   1.6410	1.553e-03	   0.017	   360.014
 560	140	 4.6330	 1.0436	   1.5179	        1.5186	          0.0007	   1.6787	1.268e-03	   0.018	   360.451
 561	141	 4.6334	 1.0435	   1.5179	        1.5186	          0.0007	   1.6343	1.329e-03	   0.019	   360.893
 562	141	 4.6327	 1.0433	   1.5179	        1.5186	          0.0007	   1.6169	1.401e-03	   0.023	   361.351
 563	141	 4.6325	 1.0436	   1.5179	        1.5186	          0.0007	   1.6586	1.277e-03	   0.025	   361.848
 564	141	 4.6327	 1.0434	   1.5179	        1.5186	          0.0007	   1.6285	1.353e-03	   0.022	   362.343
 565	142	 4.6323	 1.0435	   1.5179	        1.5186	          0.0007	   1.6403	1.300e-03	   0.021	   362.818
 566	142	 4.6325	 1.0441	   1.5179	        1.5186	          0.0007	   1.6815	1.070e-03	   0.018	   363.295
 567	142	 4.6325	 1.0436	   1.5179	        1.5186	          0.0007	   1.6014	1.274e-03	   0.017	   363.748
 568	142	 4.6325	 1.0435	   1.5179	        1.5186	          0.0007	   1.6390	1.313e-03	   0.020	   364.187
 569	143	 4.6325	 1.0436	   1.5179	        1.5186	          0.0007	   1.6531	1.258e-03	   0.020	   364.626
 570	143	 4.6327	 1.0431	   1.5179	        1.5186	          0.0007	   1.6143	1.500e-03	   0.020	   365.067
 571	143	 4.6324	 1.0434	   1.5179	        1.5186	          0.0007	   1.6513	1.383e-03	   0.019	   365.506
 572	143	 4.6323	 1.0435	   1.5179	        1.5186	          0.0007	   1.6420	1.318e-03	   0.022	   365.952
 573	144	 4.6321	 1.0443	   1.5179	        1.5186	          0.0007	   1.6903	9.618e-04	   0.020	   366.389
 574	144	 4.6321	 1.0434	   1.5179	        1.5186	          0.0007	   1.5790	1.381e-03	   0.022	   366.830
 575	144	 4.6323	 1.0438	   1.5179	        1.5186	          0.0007	   1.6684	1.191e-03	   0.018	   367.267
 576	144	 4.6323	 1.0430	   1.5179	        1.5186	          0.0007	   1.5909	1.543e-03	   0.017	   367.703
 577	145	 4.6326	 1.0422	   1.5179	        1.5186	          0.0007	   1.6008	1.904e-03	   0.024	   368.220
 578	145	 4.6325	 1.0413	   1.5179	        1.5186	          0.0007	   1.5726	2.297e-03	   0.020	   368.669
 579	145	 4.6326	 1.0422	   1.5179	        1.5186	          0.0007	   1.7006	1.902e-03	   0.022	   369.132
 580	145	 4.6325	 1.0429	   1.5179	        1.5186	          0.0007	   1.6851	1.579e-03	   0.020	   369.595
 581	146	 4.6325	 1.0432	   1.5179	        1.5186	          0.0007	   1.6624	1.451e-03	   0.018	   370.031
 582	146	 4.6328	 1.0433	   1.5179	        1.5186	          0.0007	   1.6529	1.391e-03	   0.017	   370.469
 583	146	 4.6325	 1.0438	   1.5179	        1.5186	          0.0007	   1.6683	1.189e-03	   0.018	   370.910
 584	146	 4.6323	 1.0430	   1.5179	        1.5186	          0.0007	   1.5812	1.543e-03	   0.020	   371.351
 585	147	 4.6320	 1.0440	   1.5179	        1.5186	          0.0007	   1.6979	1.083e-03	   0.024	   371.794
 586	147	 4.6321	 1.0440	   1.5179	        1.5186	          0.0007	   1.6408	1.105e-03	   0.021	   372.207
 587	147	 4.6325	 1.0440	   1.5179	        1.5186	          0.0007	   1.6517	1.104e-03	   0.020	   372.623
 588	147	 4.6324	 1.0434	   1.5179	        1.5186	          0.0007	   1.6030	1.353e-03	   0.018	   373.034
 589	148	 4.6320	 1.0431	   1.5179	        1.5186	          0.0007	   1.6103	1.502e-03	   0.015	   373.441
 590	148	 4.6319	 1.0432	   1.5179	        1.5186	          0.0007	   1.6447	1.440e-03	   0.020	   373.859
 591	148	 4.6318	 1.0426	   1.5179	        1.5186	          0.0007	   1.6051	1.702e-03	   0.019	   374.338
 592	148	 4.6324	 1.0436	   1.5179	        1.5186	          0.0007	   1.7114	1.281e-03	   0.022	   374.851
 593	149	 4.6326	 1.0434	   1.5179	        1.5186	          0.0007	   1.6371	1.354e-03	   0.019	   375.317
 594	149	 4.6325	 1.0430	   1.5179	        1.5186	          0.0007	   1.6116	1.528e-03	   0.018	   375.767
 595	149	 4.6326	 1.0434	   1.5179	        1.5186	          0.0007	   1.6683	1.364e-03	   0.015	   376.194
 596	149	 4.6322	 1.0439	   1.5179	        1.5186	          0.0007	   1.6636	1.129e-03	   0.016	   376.603
 597	150	 4.6322	 1.0438	   1.5179	        1.5186	          0.0007	   1.6303	1.171e-03	   0.018	   377.012
 598	150	 4.6322	 1.0437	   1.5179	        1.5186	          0.0007	   1.6362	1.211e-03	   0.017	   377.422
 599	150	 4.6322	 1.0437	   1.5179	        1.5186	          0.0007	   1.6388	1.247e-03	   0.019	   377.831
 600	150	 4.6319	 1.0435	   1.5179	        1.5186	          0.0007	   1.6275	1.298e-03	   0.016	   378.243
 601	151	 4.6317	 1.0442	   1.5179	        1.5186	          0.0007	   1.6851	1.014e-03	   0.018	   378.655
 602	151	 4.6319	 1.0442	   1.5179	        1.5186	          0.0007	   1.6466	9.963e-04	   0.017	   379.065
 603	151	 4.6320	 1.0441	   1.5179	        1.5186	          0.0007	   1.6329	1.039e-03	   0.020	   379.493
 604	151	 4.6318	 1.0438	   1.5179	        1.5186	          0.0007	   1.6146	1.191e-03	   0.018	   379.936
 605	152	 4.6323	 1.0436	   1.5179	        1.5186	          0.0007	   1.6465	1.257e-03	   0.022	   380.385
 606	152	 4.6321	 1.0442	   1.5179	        1.5186	          0.0007	   1.6700	1.013e-03	   0.016	   380.822
 607	152	 4.6319	 1.0441	   1.5179	        1.5186	          0.0007	   1.6283	1.059e-03	   0.018	   381.252
 608	152	 4.6317	 1.0439	   1.5179	        1.5186	          0.0007	   1.6183	1.157e-03	   0.021	   381.684
 609	153	 4.6320	 1.0444	   1.5179	        1.5186	          0.0007	   1.6864	8.997e-04	   0.018	   382.097
 610	153	 4.6320	 1.0444	   1.5179	        1.5186	          0.0007	   1.6487	9.015e-04	   0.016	   382.504
 611	153	 4.6320	 1.0443	   1.5179	        1.5186	          0.0007	   1.6247	9.484e-04	   0.015	   382.914
 612	153	 4.6316	 1.0437	   1.5179	        1.5186	          0.0007	   1.5889	1.224e-03	   0.012	   383.321
 613	154	 4.6318	 1.0442	   1.5179	        1.5186	          0.0007	   1.6825	1.009e-03	   0.019	   383.736
 614	154	 4.6318	 1.0443	   1.5179	        1.5186	          0.0007	   1.6461	9.606e-04	   0.018	   384.146
 615	154	 4.6316	 1.0434	   1.5179	        1.5186	          0.0007	   1.5657	1.380e-03	   0.021	   384.557
 616	154	 4.6315	 1.0434	   1.5179	        1.5186	          0.0007	   1.6399	1.342e-03	   0.020	   384.968
 617	155	 4.6316	 1.0440	   1.5179	        1.5186	          0.0007	   1.6866	1.104e-03	   0.018	   385.379
 618	155	 4.6315	 1.0436	   1.5179	        1.5186	          0.0007	   1.6044	1.293e-03	   0.015	   385.786
 619	155	 4.6319	 1.0435	   1.5179	        1.5186	          0.0007	   1.6441	1.335e-03	   0.020	   386.254
 620	155	 4.6317	 1.0435	   1.5179	        1.5186	          0.0007	   1.6347	1.315e-03	   0.021	   386.716
 621	156	 4.6315	 1.0435	   1.5179	        1.5186	          0.0007	   1.6307	1.335e-03	   0.022	   387.171
 622	156	 4.6312	 1.0427	   1.5179	        1.5186	          0.0007	   1.5733	1.671e-03	   0.017	   387.627
 623	156	 4.6312	 1.0430	   1.5179	        1.5186	          0.0007	   1.6600	1.546e-03	   0.017	   388.057
 624	156	 4.6317	 1.0436	   1.5179	        1.5186	          0.0007	   1.7076	1.275e-03	   0.015	   388.468
 625	157	 4.6324	 1.0437	   1.5179	        1.5186	          0.0007	   1.6667	1.209e-03	   0.016	   388.878
 626	157	 4.6320	 1.0441	   1.5179	        1.5186	          0.0007	   1.6645	1.071e-03	   0.018	   389.286
 627	157	 4.6320	 1.0435	   1.5179	        1.5186	          0.0007	   1.5962	1.314e-03	   0.017	   389.697
 628	157	 4.6321	 1.0437	   1.5179	        1.5186	          0.0007	   1.6502	1.233e-03	   0.019	   390.105
 629	158	 4.6320	 1.0437	   1.5179	        1.5186	          0.0007	   1.6429	1.214e-03	   0.016	   390.517
 630	158	 4.6317	 1.0443	   1.5179	        1.5186	          0.0007	   1.6765	9.779e-04	   0.018	   390.928
 631	158	 4.6316	 1.0437	   1.5179	        1.5186	          0.0007	   1.5977	1.234e-03	   0.019	   391.357
 632	158	 4.6320	 1.0438	   1.5179	        1.5186	          0.0007	   1.6569	1.165e-03	   0.018	   391.789
 633	159	 4.6317	 1.0442	   1.5179	        1.5186	          0.0007	   1.6506	1.029e-03	   0.019	   392.202
 634	159	 4.6317	 1.0434	   1.5179	        1.5186	          0.0007	   1.5855	1.346e-03	   0.018	   392.651
 635	159	 4.6320	 1.0441	   1.5179	        1.5186	          0.0007	   1.7020	1.067e-03	   0.016	   393.080
 636	159	 4.6318	 1.0441	   1.5179	        1.5186	          0.0007	   1.6341	1.066e-03	   0.020	   393.506
 637	160	 4.6320	 1.0454	   1.5179	        1.5186	          0.0007	   1.7523	4.712e-04	   0.019	   393.929
 638	160	 4.6318	 1.0451	   1.5179	        1.5186	          0.0007	   1.6119	5.996e-04	   0.018	   394.337
 639	160	 4.6317	 1.0444	   1.5179	        1.5186	          0.0007	   1.5850	9.050e-04	   0.016	   394.744
 640	160	 4.6322	 1.0434	   1.5179	        1.5186	          0.0007	   1.5739	1.383e-03	   0.017	   395.163
 641	161	 4.6322	 1.0432	   1.5179	        1.5186	          0.0007	   1.6343	1.452e-03	   0.014	   395.611
 642	161	 4.6319	 1.0429	   1.5179	        1.5186	          0.0007	   1.6084	1.566e-03	   0.021	   396.068
 643	161	 4.6322	 1.0428	   1.5179	        1.5186	          0.0007	   1.6383	1.630e-03	   0.018	   396.517
 644	161	 4.6322	 1.0430	   1.5179	        1.5186	          0.0007	   1.6608	1.527e-03	   0.023	   396.963
 645	162	 4.6320	 1.0437	   1.5179	        1.5186	          0.0007	   1.6817	1.236e-03	   0.022	   397.430
 646	162	 4.6321	 1.0432	   1.5179	        1.5186	          0.0007	   1.6040	1.451e-03	   0.020	   397.871
 647	162	 4.6318	 1.0420	   1.5179	        1.5186	          0.0007	   1.5453	1.972e-03	   0.018	   398.341
 648	162	 4.6320	 1.0435	   1.5179	        1.5186	          0.0007	   1.7561	1.341e-03	   0.022	   398.799
 649	163	 4.6321	 1.0430	   1.5179	        1.5186	          0.0007	   1.6146	1.519e-03	   0.016	   399.261
 650	163	 4.6326	 1.0426	   1.5179	        1.5186	          0.0007	   1.6144	1.708e-03	   0.020	   399.723
 651	163	 4.6329	 1.0429	   1.5179	        1.5186	          0.0007	   1.6681	1.590e-03	   0.019	   400.156
 652	163	 4.6326	 1.0420	   1.5179	        1.5186	          0.0007	   1.5671	1.980e-03	   0.017	   400.568
 653	164	 4.6326	 1.0421	   1.5179	        1.5186	          0.0007	   1.6457	1.921e-03	   0.015	   400.980
 654	164	 4.6326	 1.0415	   1.5179	        1.5186	          0.0007	   1.5866	2.204e-03	   0.016	   401.389
 655	164	 4.6325	 1.0415	   1.5179	        1.5186	          0.0007	   1.6446	2.190e-03	   0.018	   401.798
 656	164	 4.6326	 1.0418	   1.5179	        1.5186	          0.0007	   1.6681	2.082e-03	   0.017	   402.208
 657	165	 4.6324	 1.0414	   1.5179	        1.5186	          0.0007	   1.6103	2.234e-03	   0.019	   402.617
 658	165	 4.6325	 1.0428	   1.5179	        1.5186	          0.0007	   1.7430	1.630e-03	   0.016	   403.061
 659	165	 4.6325	 1.0430	   1.5179	        1.5186	          0.0007	   1.6529	1.557e-03	   0.018	   403.497
 660	165	 4.6325	 1.0422	   1.5179	        1.5186	          0.0007	   1.5813	1.913e-03	   0.017	   403.922
 661	166	 4.6328	 1.0418	   1.5179	        1.5186	          0.0007	   1.6182	2.081e-03	   0.018	   404.334
 662	166	 4.6328	 1.0427	   1.5179	        1.5186	          0.0007	   1.7028	1.696e-03	   0.017	   404.788
 663	166	 4.6326	 1.0420	   1.5179	        1.5186	          0.0007	   1.5796	2.005e-03	   0.020	   405.206
 664	166	 4.6327	 1.0423	   1.5179	        1.5186	          0.0007	   1.6781	1.830e-03	   0.018	   405.635
 665	167	 4.6328	 1.0416	   1.5179	        1.5186	          0.0007	   1.5769	2.185e-03	   0.018	   406.061
 666	167	 4.6330	 1.0416	   1.5179	        1.5186	          0.0007	   1.6452	2.168e-03	   0.019	   406.475
 667	167	 4.6332	 1.0418	   1.5179	        1.5186	          0.0007	   1.6614	2.065e-03	   0.018	   406.883
 668	167	 4.6329	 1.0426	   1.5179	        1.5186	          0.0007	   1.6958	1.713e-03	   0.016	   407.290
 669	168	 4.6331	 1.0435	   1.5179	        1.5186	          0.0007	   1.7126	1.326e-03	   0.015	   407.701
 670	168	 4.6328	 1.0437	   1.5179	        1.5186	          0.0007	   1.6501	1.211e-03	   0.012	   408.108
 671	168	 4.6329	 1.0431	   1.5179	        1.5186	          0.0007	   1.5966	1.500e-03	   0.019	   408.523
 672	168	 4.6326	 1.0429	   1.5179	        1.5186	          0.0007	   1.6219	1.566e-03	   0.018	   408.932
 673	169	 4.6331	 1.0428	   1.5179	        1.5186	          0.0007	   1.6513	1.623e-03	   0.021	   409.344
 674	169	 4.6329	 1.0429	   1.5179	        1.5186	          0.0007	   1.6345	1.593e-03	   0.020	   409.755
 675	169	 4.6327	 1.0425	   1.5179	        1.5186	          0.0007	   1.6018	1.751e-03	   0.020	   410.198
 676	169	 4.6326	 1.0425	   1.5179	        1.5186	          0.0007	   1.6379	1.760e-03	   0.015	   410.653
 677	170	 4.6323	 1.0420	   1.5179	        1.5186	          0.0007	   1.5932	1.970e-03	   0.019	   411.124
 678	170	 4.6323	 1.0420	   1.5179	        1.5186	          0.0007	   1.6433	1.969e-03	   0.017	   411.574
 679	170	 4.6324	 1.0428	   1.5179	        1.5186	          0.0007	   1.7034	1.634e-03	   0.021	   412.014
 680	170	 4.6327	 1.0428	   1.5179	        1.5186	          0.0007	   1.6507	1.624e-03	   0.016	   412.434
 681	171	 4.6326	 1.0422	   1.5179	        1.5186	          0.0007	   1.5879	1.893e-03	   0.017	   412.844
 682	171	 4.6328	 1.0421	   1.5179	        1.5186	          0.0007	   1.6387	1.935e-03	   0.015	   413.255
 683	171	 4.6333	 1.0421	   1.5179	        1.5186	          0.0007	   1.6515	1.946e-03	   0.016	   413.664
 684	171	 4.6330	 1.0428	   1.5179	        1.5186	          0.0007	   1.6925	1.628e-03	   0.018	   414.073
 685	172	 4.6330	 1.0429	   1.5179	        1.5186	          0.0007	   1.6513	1.572e-03	   0.017	   414.483
 686	172	 4.6333	 1.0427	   1.5179	        1.5186	          0.0007	   1.6294	1.691e-03	   0.021	   414.927
 687	172	 4.6329	 1.0422	   1.5179	        1.5186	          0.0007	   1.5924	1.893e-03	   0.016	   415.342
 688	172	 4.6330	 1.0429	   1.5179	        1.5186	          0.0007	   1.6953	1.589e-03	   0.018	   415.754
 689	173	 4.6331	 1.0436	   1.5179	        1.5186	          0.0007	   1.6999	1.276e-03	   0.017	   416.165
 690	173	 4.6329	 1.0434	   1.5179	        1.5186	          0.0007	   1.6184	1.363e-03	   0.019	   416.621
 691	173	 4.6330	 1.0430	   1.5179	        1.5186	          0.0007	   1.6144	1.519e-03	   0.019	   417.032
 692	173	 4.6330	 1.0429	   1.5179	        1.5186	          0.0007	   1.6284	1.581e-03	   0.018	   417.461
 693	174	 4.6331	 1.0433	   1.5179	        1.5186	          0.0007	   1.6787	1.412e-03	   0.016	   417.895
 694	174	 4.6329	 1.0430	   1.5179	        1.5186	          0.0007	   1.6011	1.553e-03	   0.018	   418.303
 695	174	 4.6331	 1.0429	   1.5179	        1.5186	          0.0007	   1.6437	1.586e-03	   0.019	   418.717
 696	174	 4.6329	 1.0431	   1.5179	        1.5186	          0.0007	   1.6545	1.489e-03	   0.018	   419.125
 697	175	 4.6330	 1.0422	   1.5179	        1.5186	          0.0007	   1.5737	1.882e-03	   0.015	   419.532
 698	175	 4.6328	 1.0426	   1.5179	        1.5186	          0.0007	   1.6596	1.726e-03	   0.015	   419.943
 699	175	 4.6329	 1.0427	   1.5179	        1.5186	          0.0007	   1.6577	1.673e-03	   0.014	   420.389
 700	175	 4.6327	 1.0430	   1.5179	        1.5186	          0.0007	   1.6625	1.532e-03	   0.019	   420.836
 701	176	 4.6328	 1.0434	   1.5179	        1.5186	          0.0007	   1.6742	1.346e-03	   0.018	   421.245
 702	176	 4.6326	 1.0444	   1.5179	        1.5186	          0.0007	   1.7171	9.070e-04	   0.021	   421.657
 703	176	 4.6329	 1.0439	   1.5179	        1.5186	          0.0007	   1.6062	1.147e-03	   0.024	   422.088
 704	176	 4.6326	 1.0433	   1.5179	        1.5186	          0.0007	   1.5821	1.428e-03	   0.021	   422.555
 705	177	 4.6329	 1.0431	   1.5179	        1.5186	          0.0007	   1.6382	1.496e-03	   0.016	   423.017
 706	177	 4.6330	 1.0427	   1.5179	        1.5186	          0.0007	   1.6036	1.689e-03	   0.020	   423.468
 707	177	 4.6329	 1.0424	   1.5179	        1.5186	          0.0007	   1.6165	1.815e-03	   0.015	   423.910
 708	177	 4.6330	 1.0428	   1.5179	        1.5186	          0.0007	   1.6823	1.609e-03	   0.019	   424.337
 709	178	 4.6331	 1.0431	   1.5179	        1.5186	          0.0007	   1.6669	1.490e-03	   0.016	   424.747
 710	178	 4.6332	 1.0434	   1.5179	        1.5186	          0.0007	   1.6741	1.350e-03	   0.017	   425.156
 711	178	 4.6331	 1.0430	   1.5179	        1.5186	          0.0007	   1.6043	1.527e-03	   0.015	   425.568
 712	178	 4.6328	 1.0431	   1.5179	        1.5186	          0.0007	   1.6330	1.498e-03	   0.018	   425.990
 713	179	 4.6327	 1.0428	   1.5179	        1.5186	          0.0007	   1.6159	1.619e-03	   0.020	   426.432
 714	179	 4.6330	 1.0432	   1.5179	        1.5186	          0.0007	   1.6815	1.441e-03	   0.019	   426.867
 715	179	 4.6325	 1.0423	   1.5179	        1.5186	          0.0007	   1.5555	1.845e-03	   0.019	   427.276
 716	179	 4.6325	 1.0430	   1.5179	        1.5186	          0.0007	   1.6923	1.533e-03	   0.016	   427.688
 717	180	 4.6323	 1.0434	   1.5179	        1.5186	          0.0007	   1.6689	1.380e-03	   0.018	   428.100
 718	180	 4.6325	 1.0435	   1.5179	        1.5186	          0.0007	   1.6587	1.321e-03	   0.021	   428.546
 719	180	 4.6326	 1.0432	   1.5179	        1.5186	          0.0007	   1.6174	1.460e-03	   0.018	   428.967
 720	180	 4.6327	 1.0431	   1.5179	        1.5186	          0.0007	   1.6300	1.509e-03	   0.017	   429.399
 721	181	 4.6327	 1.0434	   1.5179	        1.5186	          0.0007	   1.6692	1.370e-03	   0.018	   429.829
 722	181	 4.6328	 1.0432	   1.5179	        1.5186	          0.0007	   1.6229	1.457e-03	   0.016	   430.241
 723	181	 4.6327	 1.0431	   1.5179	        1.5186	          0.0007	   1.6294	1.503e-03	   0.018	   430.649
 724	181	 4.6327	 1.0431	   1.5179	        1.5186	          0.0007	   1.6433	1.495e-03	   0.019	   431.063
 725	182	 4.6323	 1.0436	   1.5179	        1.5186	          0.0007	   1.6641	1.279e-03	   0.018	   431.472
 726	182	 4.6323	 1.0431	   1.5179	        1.5186	          0.0007	   1.5943	1.518e-03	   0.015	   431.879
 727	182	 4.6322	 1.0428	   1.5179	        1.5186	          0.0007	   1.6194	1.651e-03	   0.015	   432.289
 728	182	 4.6324	 1.0434	   1.5179	        1.5186	          0.0007	   1.7015	1.368e-03	   0.012	   432.696
 729	183	 4.6325	 1.0432	   1.5179	        1.5186	          0.0007	   1.6305	1.442e-03	   0.018	   433.111
 730	183	 4.6323	 1.0433	   1.5179	        1.5186	          0.0007	   1.6382	1.388e-03	   0.018	   433.521
 731	183	 4.6324	 1.0435	   1.5179	        1.5186	          0.0007	   1.6546	1.337e-03	   0.023	   433.937
 732	183	 4.6322	 1.0433	   1.5179	        1.5186	          0.0007	   1.6188	1.418e-03	   0.023	   434.409
 733	184	 4.6324	 1.0428	   1.5179	        1.5186	          0.0007	   1.6028	1.610e-03	   0.019	   434.880
 734	184	 4.6322	 1.0431	   1.5179	        1.5186	          0.0007	   1.6518	1.518e-03	   0.017	   435.323
 735	184	 4.6323	 1.0434	   1.5179	        1.5186	          0.0007	   1.6831	1.355e-03	   0.018	   435.779
 736	184	 4.6326	 1.0439	   1.5179	        1.5186	          0.0007	   1.6826	1.149e-03	   0.015	   436.201
 737	185	 4.6329	 1.0442	   1.5179	        1.5186	          0.0007	   1.6740	1.024e-03	   0.019	   436.613
 738	185	 4.6326	 1.0434	   1.5179	        1.5186	          0.0007	   1.5593	1.375e-03	   0.016	   437.022
 739	185	 4.6328	 1.0436	   1.5179	        1.5186	          0.0007	   1.6663	1.287e-03	   0.017	   437.431
 740	185	 4.6325	 1.0439	   1.5179	        1.5186	          0.0007	   1.6631	1.149e-03	   0.018	   437.858
 741	186	 4.6322	 1.0442	   1.5179	        1.5186	          0.0007	   1.6673	9.902e-04	   0.016	   438.291
 742	186	 4.6324	 1.0441	   1.5179	        1.5186	          0.0007	   1.6342	1.061e-03	   0.018	   438.699
 743	186	 4.6324	 1.0446	   1.5179	        1.5186	          0.0007	   1.6786	8.503e-04	   0.017	   439.110
 744	186	 4.6326	 1.0438	   1.5179	        1.5186	          0.0007	   1.5771	1.196e-03	   0.019	   439.518
 745	187	 4.6326	 1.0440	   1.5179	        1.5186	          0.0007	   1.6623	1.085e-03	   0.016	   439.930
 746	187	 4.6330	 1.0440	   1.5179	        1.5186	          0.0007	   1.6488	1.084e-03	   0.022	   440.362
 747	187	 4.6330	 1.0437	   1.5179	        1.5186	          0.0007	   1.6177	1.210e-03	   0.019	   440.800
 748	187	 4.6327	 1.0435	   1.5179	        1.5186	          0.0007	   1.6116	1.305e-03	   0.020	   441.275
 749	188	 4.6328	 1.0427	   1.5179	        1.5186	          0.0007	   1.5754	1.681e-03	   0.021	   441.744
 750	188	 4.6327	 1.0425	   1.5179	        1.5186	          0.0007	   1.6186	1.745e-03	   0.020	   442.197
 751	188	 4.6329	 1.0430	   1.5179	        1.5186	          0.0007	   1.6832	1.523e-03	   0.016	   442.618
 752	188	 4.6327	 1.0433	   1.5179	        1.5186	          0.0007	   1.6588	1.429e-03	   0.020	   443.067
 753	189	 4.6326	 1.0433	   1.5179	        1.5186	          0.0007	   1.6342	1.427e-03	   0.020	   443.515
 754	189	 4.6326	 1.0430	   1.5179	        1.5186	          0.0007	   1.6106	1.547e-03	   0.020	   443.946
 755	189	 4.6324	 1.0424	   1.5179	        1.5186	          0.0007	   1.5814	1.825e-03	   0.016	   444.358
 756	189	 4.6326	 1.0431	   1.5179	        1.5186	          0.0007	   1.7117	1.488e-03	   0.015	   444.769
 757	190	 4.6328	 1.0426	   1.5179	        1.5186	          0.0007	   1.6003	1.732e-03	   0.012	   445.176
 758	190	 4.6332	 1.0425	   1.5179	        1.5186	          0.0007	   1.6418	1.761e-03	   0.019	   445.591
 759	190	 4.6329	 1.0428	   1.5179	        1.5186	          0.0007	   1.6620	1.626e-03	   0.018	   446.001
 760	190	 4.6329	 1.0427	   1.5179	        1.5186	          0.0007	   1.6325	1.656e-03	   0.024	   446.467
 761	191	 4.6329	 1.0427	   1.5179	        1.5186	          0.0007	   1.6432	1.655e-03	   0.026	   446.933
 762	191	 4.6326	 1.0424	   1.5179	        1.5186	          0.0007	   1.6018	1.803e-03	   0.022	   447.386
 763	191	 4.6327	 1.0429	   1.5179	        1.5186	          0.0007	   1.6854	1.577e-03	   0.015	   447.839
 764	191	 4.6329	 1.0429	   1.5179	        1.5186	          0.0007	   1.6411	1.602e-03	   0.018	   448.274
 765	192	 4.6327	 1.0424	   1.5179	        1.5186	          0.0007	   1.5928	1.816e-03	   0.015	   448.681
 766	192	 4.6329	 1.0431	   1.5179	        1.5186	          0.0007	   1.7112	1.491e-03	   0.019	   449.093
 767	192	 4.6328	 1.0433	   1.5179	        1.5186	          0.0007	   1.6556	1.405e-03	   0.019	   449.536
 768	192	 4.6329	 1.0430	   1.5179	        1.5186	          0.0007	   1.6150	1.542e-03	   0.018	   449.968
 769	193	 4.6335	 1.0431	   1.5179	        1.5186	          0.0007	   1.6664	1.517e-03	   0.015	   450.394
 770	193	 4.6334	 1.0433	   1.5179	        1.5186	          0.0007	   1.6509	1.414e-03	   0.016	   450.804
 771	193	 4.6333	 1.0433	   1.5179	        1.5186	          0.0007	   1.6378	1.418e-03	   0.018	   451.212
 772	193	 4.6331	 1.0428	   1.5179	        1.5186	          0.0007	   1.5922	1.649e-03	   0.018	   451.623
 773	194	 4.6330	 1.0425	   1.5179	        1.5186	          0.0007	   1.6132	1.778e-03	   0.019	   452.032
 774	194	 4.6330	 1.0419	   1.5179	        1.5186	          0.0007	   1.5876	2.018e-03	   0.018	   452.447
 775	194	 4.6330	 1.0423	   1.5179	        1.5186	          0.0007	   1.6763	1.843e-03	   0.018	   452.900
 776	194	 4.6331	 1.0425	   1.5179	        1.5186	          0.0007	   1.6676	1.747e-03	   0.017	   453.327
 777	195	 4.6330	 1.0428	   1.5179	        1.5186	          0.0007	   1.6624	1.636e-03	   0.020	   453.756
 778	195	 4.6330	 1.0431	   1.5179	        1.5186	          0.0007	   1.6708	1.485e-03	   0.017	   454.176
 779	195	 4.6328	 1.0430	   1.5179	        1.5186	          0.0007	   1.6183	1.539e-03	   0.018	   454.584
 780	195	 4.6330	 1.0424	   1.5179	        1.5186	          0.0007	   1.5923	1.807e-03	   0.016	   454.996
 781	196	 4.6328	 1.0421	   1.5179	        1.5186	          0.0007	   1.6156	1.930e-03	   0.018	   455.405
 782	196	 4.6330	 1.0421	   1.5179	        1.5186	          0.0007	   1.6392	1.951e-03	   0.019	   455.818
 783	196	 4.6331	 1.0423	   1.5179	        1.5186	          0.0007	   1.6636	1.852e-03	   0.018	   456.227
 784	196	 4.6331	 1.0428	   1.5179	        1.5186	          0.0007	   1.6862	1.616e-03	   0.016	   456.634
 785	197	 4.6333	 1.0428	   1.5179	        1.5186	          0.0007	   1.6372	1.647e-03	   0.015	   457.045
 786	197	 4.6337	 1.0433	   1.5179	        1.5186	          0.0007	   1.7000	1.413e-03	   0.013	   457.452
 787	197	 4.6335	 1.0428	   1.5179	        1.5186	          0.0007	   1.5942	1.616e-03	   0.019	   457.867
 788	197	 4.6333	 1.0426	   1.5179	        1.5186	          0.0007	   1.6135	1.709e-03	   0.021	   458.320
 789	198	 4.6333	 1.0424	   1.5179	        1.5186	          0.0007	   1.6248	1.804e-03	   0.025	   458.775
 790	198	 4.6335	 1.0426	   1.5179	        1.5186	          0.0007	   1.6638	1.716e-03	   0.021	   459.242
 791	198	 4.6335	 1.0426	   1.5179	        1.5186	          0.0007	   1.6389	1.724e-03	   0.019	   459.701
 792	198	 4.6333	 1.0428	   1.5179	        1.5186	          0.0007	   1.6531	1.623e-03	   0.017	   460.132
 793	199	 4.6336	 1.0431	   1.5179	        1.5186	          0.0007	   1.6777	1.481e-03	   0.017	   460.549
 794	199	 4.6337	 1.0430	   1.5179	        1.5186	          0.0007	   1.6301	1.555e-03	   0.015	   460.956
 795	199	 4.6339	 1.0428	   1.5179	        1.5186	          0.0007	   1.6280	1.642e-03	   0.021	   461.403
 796	199	 4.6335	 1.0425	   1.5179	        1.5186	          0.0007	   1.6010	1.775e-03	   0.016	   461.816
 797	200	 4.6334	 1.0423	   1.5179	        1.5186	          0.0007	   1.6184	1.846e-03	   0.017	   462.225
 798	200	 4.6334	 1.0421	   1.5179	        1.5186	          0.0007	   1.6195	1.954e-03	   0.015	   462.636
 799	200	 4.6333	 1.0428	   1.5179	        1.5186	          0.0007	   1.7017	1.630e-03	   0.016	   463.046
 800	200	 4.6335	 1.0426	   1.5179	        1.5186	          0.0007	   1.6338	1.697e-03	   0.018	   463.454

[BSGD] Finished on device cuda -> σ_f² ≈ 4.6335, σ_ε² ≈ 1.0426
