[GPU 4][JOB 101] 'python cli.py bsgd --n 1024 --lengthscale 0.5 --sigma-f2-true 4.0 --sigma-eps2-true 1.0 --n-epochs 200 --device auto --kernel-mode finite --theta-min 1e-4 --theta-max 20.0 --print-every 1 --seed 0 --batch-size 512 --sigma-f2-init 5.0 --sigma-eps2-init 3.0 --alpha1 9.0 '

=== BSGD (biased SGD on exact kernel) ===
iter	epoch	σ_f²	σ_ε²	real_nlml	real_nlml_true	real_nlml_abs_err	mini_nlml	||grad||	duration_s	wall_time_s
   1	 1	 4.5233	 2.1323	   1.6084	        1.5052	          0.1032	   1.6767	1.173e-01	   0.225	     0.380
   2	 1	 4.3446	 1.5725	   1.5440	        1.5052	          0.0388	   1.5581	1.068e-01	   0.068	     1.174
   3	 2	 4.2646	 1.1938	   1.5107	        1.5052	          0.0055	   1.5091	5.772e-02	   0.061	     1.929
   4	 2	 4.2091	 1.1330	   1.5076	        1.5052	          0.0024	   1.5937	4.134e-02	   0.077	     2.754
   5	 3	 4.1896	 1.0355	   1.5052	        1.5052	          0.0000	   1.5367	5.900e-03	   0.068	     3.579
   6	 3	 4.1487	 1.0599	   1.5054	        1.5052	          0.0003	   1.5755	1.601e-02	   0.062	     4.402
   7	 4	 4.1293	 1.0113	   1.5052	        1.5052	          0.0000	   1.5303	5.250e-03	   0.072	     5.231
   8	 4	 4.1058	 1.0460	   1.5052	        1.5052	          0.0001	   1.5761	1.034e-02	   0.062	     6.046
   9	 5	 4.1116	 1.0544	   1.5053	        1.5052	          0.0002	   1.5752	1.382e-02	   0.078	     6.887
  10	 5	 4.0831	 1.0202	   1.5051	        1.5052	          0.0001	   1.5235	1.130e-03	   0.072	     7.728
  11	 6	 4.0869	 1.0077	   1.5052	        1.5052	          0.0000	   1.5347	6.973e-03	   0.066	     8.601
  12	 6	 4.0571	 1.0243	   1.5051	        1.5052	          0.0001	   1.5682	9.853e-04	   0.073	     9.443
  13	 7	 4.0410	 1.0169	   1.5051	        1.5052	          0.0001	   1.5414	2.618e-03	   0.075	    10.313
  14	 7	 4.0320	 1.0276	   1.5051	        1.5052	          0.0001	   1.5654	2.402e-03	   0.073	    11.179
  15	 8	 4.0328	 1.0329	   1.5051	        1.5052	          0.0001	   1.5641	4.717e-03	   0.072	    12.026
  16	 8	 4.0110	 1.0280	   1.5051	        1.5052	          0.0001	   1.5478	2.572e-03	   0.068	    12.874
  17	 9	 4.0040	 1.0321	   1.5051	        1.5052	          0.0001	   1.5618	4.372e-03	   0.076	    13.714
  18	 9	 4.0026	 1.0146	   1.5051	        1.5052	          0.0001	   1.5238	3.691e-03	   0.076	    14.568
  19	10	 3.9935	 1.0320	   1.5051	        1.5052	          0.0001	   1.5853	4.328e-03	   0.067	    15.390
  20	10	 3.9864	 1.0157	   1.5051	        1.5052	          0.0001	   1.5174	3.174e-03	   0.074	    16.241
  21	11	 3.9785	 1.0284	   1.5051	        1.5052	          0.0001	   1.5793	2.736e-03	   0.087	    17.121
  22	11	 3.9768	 1.0175	   1.5051	        1.5052	          0.0001	   1.5272	2.336e-03	   0.073	    17.968
  23	12	 3.9664	 1.0195	   1.5051	        1.5052	          0.0001	   1.5562	1.418e-03	   0.074	    18.844
  24	12	 3.9625	 1.0222	   1.5051	        1.5052	          0.0001	   1.5569	4.037e-04	   0.081	    19.710
  25	13	 3.9525	 1.0261	   1.5051	        1.5052	          0.0001	   1.5624	1.709e-03	   0.076	    20.584
  26	13	 3.9513	 1.0247	   1.5050	        1.5052	          0.0001	   1.5510	1.106e-03	   0.081	    21.464
  27	14	 3.9504	 1.0238	   1.5050	        1.5052	          0.0001	   1.5512	7.289e-04	   0.071	    22.348
  28	14	 3.9471	 1.0236	   1.5050	        1.5052	          0.0001	   1.5538	6.203e-04	   0.069	    23.214
  29	15	 3.9417	 1.0302	   1.5051	        1.5052	          0.0001	   1.5750	3.517e-03	   0.077	    24.078
  30	15	 3.9366	 1.0266	   1.5050	        1.5052	          0.0001	   1.5427	1.911e-03	   0.074	    24.945
  31	16	 3.9383	 1.0345	   1.5051	        1.5052	          0.0001	   1.5824	5.396e-03	   0.072	    25.791
  32	16	 3.9289	 1.0254	   1.5050	        1.5052	          0.0001	   1.5228	1.364e-03	   0.062	    26.631
  33	17	 3.9231	 1.0277	   1.5050	        1.5052	          0.0001	   1.5629	2.404e-03	   0.080	    27.487
  34	17	 3.9236	 1.0240	   1.5050	        1.5052	          0.0001	   1.5411	7.929e-04	   0.073	    28.327
  35	18	 3.9228	 1.0244	   1.5050	        1.5052	          0.0001	   1.5582	9.586e-04	   0.067	    29.178
  36	18	 3.9187	 1.0184	   1.5050	        1.5052	          0.0001	   1.5251	1.933e-03	   0.074	    30.041
  37	19	 3.9173	 1.0143	   1.5050	        1.5052	          0.0001	   1.5349	3.820e-03	   0.068	    30.890
  38	19	 3.9156	 1.0187	   1.5050	        1.5052	          0.0001	   1.5683	1.798e-03	   0.084	    31.758
  39	20	 3.9121	 1.0217	   1.5050	        1.5052	          0.0002	   1.5652	4.936e-04	   0.070	    32.605
  40	20	 3.9105	 1.0198	   1.5050	        1.5052	          0.0002	   1.5428	1.276e-03	   0.066	    33.472
  41	21	 3.9144	 1.0255	   1.5050	        1.5052	          0.0001	   1.5792	1.440e-03	   0.082	    34.320
  42	21	 3.9097	 1.0171	   1.5050	        1.5052	          0.0001	   1.5136	2.515e-03	   0.074	    35.168
  43	22	 3.9099	 1.0168	   1.5050	        1.5052	          0.0001	   1.5483	2.632e-03	   0.078	    36.010
  44	22	 3.9046	 1.0187	   1.5050	        1.5052	          0.0002	   1.5590	1.781e-03	   0.070	    36.871
  45	23	 3.9045	 1.0189	   1.5050	        1.5052	          0.0002	   1.5520	1.674e-03	   0.084	    37.812
  46	23	 3.9022	 1.0202	   1.5050	        1.5052	          0.0002	   1.5586	1.106e-03	   0.078	    38.672
  47	24	 3.9057	 1.0177	   1.5050	        1.5052	          0.0001	   1.5432	2.226e-03	   0.075	    39.540
  48	24	 3.8999	 1.0212	   1.5050	        1.5052	          0.0002	   1.5654	6.650e-04	   0.074	    40.414
  49	25	 3.8973	 1.0238	   1.5050	        1.5052	          0.0002	   1.5671	6.969e-04	   0.071	    41.279
  50	25	 3.8989	 1.0194	   1.5050	        1.5052	          0.0002	   1.5283	1.471e-03	   0.089	    42.168
  51	26	 3.8931	 1.0109	   1.5051	        1.5052	          0.0001	   1.5030	5.434e-03	   0.072	    43.044
  52	26	 3.8955	 1.0184	   1.5050	        1.5052	          0.0002	   1.5885	1.928e-03	   0.072	    43.921
  53	27	 3.8907	 1.0215	   1.5050	        1.5052	          0.0002	   1.5654	5.448e-04	   0.078	    44.808
  54	27	 3.8928	 1.0193	   1.5050	        1.5052	          0.0002	   1.5424	1.501e-03	   0.076	    45.680
  55	28	 3.8908	 1.0176	   1.5050	        1.5052	          0.0002	   1.5398	2.293e-03	   0.073	    46.543
  56	28	 3.8894	 1.0213	   1.5050	        1.5052	          0.0002	   1.5748	6.193e-04	   0.064	    47.377
  57	29	 3.8888	 1.0174	   1.5050	        1.5052	          0.0002	   1.5268	2.400e-03	   0.072	    48.236
  58	29	 3.8851	 1.0206	   1.5050	        1.5052	          0.0002	   1.5695	9.376e-04	   0.075	    49.078
  59	30	 3.8802	 1.0216	   1.5050	        1.5052	          0.0002	   1.5536	4.990e-04	   0.067	    49.923
  60	30	 3.8816	 1.0202	   1.5050	        1.5052	          0.0002	   1.5464	1.093e-03	   0.080	    50.776
  61	31	 3.8765	 1.0182	   1.5050	        1.5052	          0.0002	   1.5350	2.023e-03	   0.069	    51.637
  62	31	 3.8784	 1.0200	   1.5050	        1.5052	          0.0002	   1.5652	1.171e-03	   0.077	    52.489
  63	32	 3.8786	 1.0192	   1.5050	        1.5052	          0.0002	   1.5465	1.544e-03	   0.074	    53.351
  64	32	 3.8759	 1.0212	   1.5050	        1.5052	          0.0002	   1.5641	6.689e-04	   0.065	    54.221
  65	33	 3.8737	 1.0196	   1.5050	        1.5052	          0.0002	   1.5384	1.361e-03	   0.082	    55.073
  66	33	 3.8731	 1.0226	   1.5050	        1.5052	          0.0002	   1.5755	2.943e-04	   0.068	    55.911
  67	34	 3.8715	 1.0226	   1.5050	        1.5052	          0.0002	   1.5509	2.915e-04	   0.080	    56.763
  68	34	 3.8708	 1.0237	   1.5050	        1.5052	          0.0002	   1.5619	6.267e-04	   0.068	    57.602
  69	35	 3.8678	 1.0307	   1.5050	        1.5052	          0.0002	   1.6080	3.697e-03	   0.064	    58.473
  70	35	 3.8686	 1.0244	   1.5050	        1.5052	          0.0002	   1.5056	9.361e-04	   0.083	    59.338
  71	36	 3.8700	 1.0244	   1.5050	        1.5052	          0.0002	   1.5563	9.315e-04	   0.073	    60.187
  72	36	 3.8679	 1.0242	   1.5050	        1.5052	          0.0002	   1.5499	8.257e-04	   0.073	    61.044
  73	37	 3.8660	 1.0221	   1.5050	        1.5052	          0.0002	   1.5323	3.273e-04	   0.078	    61.917
  74	37	 3.8661	 1.0251	   1.5050	        1.5052	          0.0002	   1.5800	1.217e-03	   0.084	    62.801
  75	38	 3.8641	 1.0274	   1.5050	        1.5052	          0.0002	   1.5728	2.268e-03	   0.072	    63.660
  76	38	 3.8642	 1.0260	   1.5050	        1.5052	          0.0002	   1.5433	1.602e-03	   0.078	    64.563
  77	39	 3.8611	 1.0233	   1.5050	        1.5052	          0.0002	   1.5263	4.647e-04	   0.074	    65.433
  78	39	 3.8625	 1.0260	   1.5050	        1.5052	          0.0002	   1.5818	1.627e-03	   0.073	    66.308
  79	40	 3.8629	 1.0264	   1.5050	        1.5052	          0.0002	   1.5602	1.786e-03	   0.076	    67.158
  80	40	 3.8626	 1.0264	   1.5050	        1.5052	          0.0002	   1.5542	1.820e-03	   0.071	    67.992
  81	41	 3.8632	 1.0281	   1.5050	        1.5052	          0.0002	   1.5707	2.552e-03	   0.074	    68.851
  82	41	 3.8622	 1.0255	   1.5050	        1.5052	          0.0002	   1.5298	1.396e-03	   0.075	    69.690
  83	42	 3.8623	 1.0248	   1.5050	        1.5052	          0.0002	   1.5493	1.084e-03	   0.076	    70.539
  84	42	 3.8617	 1.0249	   1.5050	        1.5052	          0.0002	   1.5549	1.143e-03	   0.076	    71.387
  85	43	 3.8613	 1.0245	   1.5050	        1.5052	          0.0002	   1.5486	9.399e-04	   0.073	    72.252
  86	43	 3.8614	 1.0243	   1.5050	        1.5052	          0.0002	   1.5536	8.491e-04	   0.078	    73.108
  87	44	 3.8618	 1.0247	   1.5050	        1.5052	          0.0002	   1.5585	1.047e-03	   0.079	    74.020
  88	44	 3.8604	 1.0240	   1.5050	        1.5052	          0.0002	   1.5454	7.407e-04	   0.079	    74.922
  89	45	 3.8626	 1.0278	   1.5050	        1.5052	          0.0002	   1.5980	2.410e-03	   0.075	    75.813
  90	45	 3.8604	 1.0230	   1.5050	        1.5052	          0.0002	   1.5009	3.505e-04	   0.070	    76.658
  91	46	 3.8608	 1.0241	   1.5050	        1.5052	          0.0002	   1.5669	7.772e-04	   0.081	    77.545
  92	46	 3.8585	 1.0234	   1.5050	        1.5052	          0.0002	   1.5440	5.134e-04	   0.073	    78.433
  93	47	 3.8582	 1.0249	   1.5050	        1.5052	          0.0002	   1.5665	1.139e-03	   0.075	    79.343
  94	47	 3.8584	 1.0225	   1.5050	        1.5052	          0.0002	   1.5308	2.751e-04	   0.079	    80.218
  95	48	 3.8600	 1.0201	   1.5050	        1.5052	          0.0002	   1.5277	1.123e-03	   0.067	    81.063
  96	48	 3.8576	 1.0215	   1.5050	        1.5052	          0.0002	   1.5661	5.245e-04	   0.077	    81.914
  97	49	 3.8569	 1.0225	   1.5050	        1.5052	          0.0002	   1.5605	2.737e-04	   0.073	    82.786
  98	49	 3.8561	 1.0220	   1.5050	        1.5052	          0.0002	   1.5487	3.422e-04	   0.069	    83.661
  99	50	 3.8593	 1.0216	   1.5050	        1.5052	          0.0002	   1.5498	4.953e-04	   0.077	    84.531
 100	50	 3.8564	 1.0209	   1.5050	        1.5052	          0.0002	   1.5427	7.951e-04	   0.079	    85.436
 101	51	 3.8562	 1.0229	   1.5050	        1.5052	          0.0002	   1.5757	3.181e-04	   0.079	    86.346
 102	51	 3.8549	 1.0209	   1.5050	        1.5052	          0.0002	   1.5286	7.869e-04	   0.075	    87.222
 103	52	 3.8534	 1.0201	   1.5050	        1.5052	          0.0002	   1.5408	1.149e-03	   0.076	    88.073
 104	52	 3.8532	 1.0206	   1.5050	        1.5052	          0.0002	   1.5587	9.021e-04	   0.075	    88.909
 105	53	 3.8536	 1.0177	   1.5050	        1.5052	          0.0002	   1.5184	2.219e-03	   0.077	    89.763
 106	53	 3.8526	 1.0214	   1.5050	        1.5052	          0.0002	   1.5955	5.544e-04	   0.076	    90.604
 107	54	 3.8526	 1.0243	   1.5050	        1.5052	          0.0002	   1.5855	8.762e-04	   0.074	    91.452
 108	54	 3.8522	 1.0211	   1.5050	        1.5052	          0.0002	   1.5156	6.995e-04	   0.079	    92.305
 109	55	 3.8530	 1.0215	   1.5050	        1.5052	          0.0002	   1.5576	5.244e-04	   0.073	    93.141
 110	55	 3.8512	 1.0207	   1.5050	        1.5052	          0.0002	   1.5424	8.523e-04	   0.072	    94.014
 111	56	 3.8495	 1.0208	   1.5050	        1.5052	          0.0002	   1.5507	8.257e-04	   0.076	    94.859
 112	56	 3.8502	 1.0209	   1.5050	        1.5052	          0.0002	   1.5542	7.675e-04	   0.072	    95.724
 113	57	 3.8480	 1.0270	   1.5050	        1.5052	          0.0002	   1.6287	2.059e-03	   0.079	    96.599
 114	57	 3.8489	 1.0218	   1.5050	        1.5052	          0.0002	   1.4875	4.057e-04	   0.072	    97.437
 115	58	 3.8480	 1.0198	   1.5050	        1.5052	          0.0002	   1.5252	1.278e-03	   0.070	    98.288
 116	58	 3.8475	 1.0228	   1.5050	        1.5052	          0.0002	   1.5911	3.036e-04	   0.074	    99.131
 117	59	 3.8472	 1.0231	   1.5050	        1.5052	          0.0002	   1.5547	3.672e-04	   0.073	   100.017
 118	59	 3.8459	 1.0228	   1.5050	        1.5052	          0.0002	   1.5486	2.898e-04	   0.075	   100.862
 119	60	 3.8456	 1.0257	   1.5050	        1.5052	          0.0002	   1.5891	1.494e-03	   0.065	   101.704
 120	60	 3.8447	 1.0236	   1.5050	        1.5052	          0.0002	   1.5273	5.717e-04	   0.075	   102.556
 121	61	 3.8460	 1.0231	   1.5050	        1.5052	          0.0002	   1.5461	3.623e-04	   0.075	   103.417
 122	61	 3.8441	 1.0236	   1.5050	        1.5052	          0.0002	   1.5596	5.586e-04	   0.072	   104.291
 123	62	 3.8441	 1.0237	   1.5050	        1.5052	          0.0002	   1.5509	6.056e-04	   0.079	   105.168
 124	62	 3.8432	 1.0235	   1.5050	        1.5052	          0.0002	   1.5537	5.373e-04	   0.074	   106.043
 125	63	 3.8426	 1.0232	   1.5050	        1.5052	          0.0002	   1.5469	3.944e-04	   0.083	   106.976
 126	63	 3.8426	 1.0233	   1.5050	        1.5052	          0.0002	   1.5566	4.402e-04	   0.073	   107.830
 127	64	 3.8410	 1.0229	   1.5050	        1.5052	          0.0002	   1.5440	3.018e-04	   0.068	   108.679
 128	64	 3.8414	 1.0234	   1.5050	        1.5052	          0.0002	   1.5627	4.678e-04	   0.070	   109.520
 129	65	 3.8396	 1.0225	   1.5050	        1.5052	          0.0002	   1.5353	2.535e-04	   0.069	   110.370
 130	65	 3.8400	 1.0225	   1.5050	        1.5052	          0.0002	   1.5572	2.537e-04	   0.079	   111.218
 131	66	 3.8405	 1.0242	   1.5050	        1.5052	          0.0002	   1.5801	8.360e-04	   0.068	   112.061
 132	66	 3.8400	 1.0216	   1.5050	        1.5052	          0.0002	   1.5147	4.746e-04	   0.077	   112.917
 133	67	 3.8405	 1.0233	   1.5050	        1.5052	          0.0002	   1.5762	4.530e-04	   0.074	   113.748
 134	67	 3.8397	 1.0219	   1.5050	        1.5052	          0.0002	   1.5325	3.826e-04	   0.082	   114.630
 135	68	 3.8400	 1.0204	   1.5050	        1.5052	          0.0002	   1.5284	1.015e-03	   0.072	   115.467
 136	68	 3.8403	 1.0214	   1.5050	        1.5052	          0.0002	   1.5703	5.693e-04	   0.069	   116.334
 137	69	 3.8384	 1.0199	   1.5050	        1.5052	          0.0002	   1.5270	1.229e-03	   0.088	   117.204
 138	69	 3.8387	 1.0212	   1.5050	        1.5052	          0.0002	   1.5721	6.336e-04	   0.076	   118.057
 139	70	 3.8385	 1.0196	   1.5050	        1.5052	          0.0002	   1.5273	1.369e-03	   0.073	   118.955
 140	70	 3.8387	 1.0217	   1.5050	        1.5052	          0.0002	   1.5843	4.477e-04	   0.073	   119.847
 141	71	 3.8376	 1.0216	   1.5050	        1.5052	          0.0002	   1.5496	4.832e-04	   0.080	   120.729
 142	71	 3.8385	 1.0209	   1.5050	        1.5052	          0.0002	   1.5436	7.857e-04	   0.082	   121.583
 143	72	 3.8390	 1.0195	   1.5050	        1.5052	          0.0002	   1.5292	1.407e-03	   0.071	   122.418
 144	72	 3.8385	 1.0209	   1.5050	        1.5052	          0.0002	   1.5737	7.993e-04	   0.073	   123.268
 145	73	 3.8385	 1.0209	   1.5050	        1.5052	          0.0002	   1.5541	7.944e-04	   0.077	   124.114
 146	73	 3.8396	 1.0206	   1.5050	        1.5052	          0.0002	   1.5492	8.928e-04	   0.074	   124.994
 147	74	 3.8391	 1.0205	   1.5050	        1.5052	          0.0002	   1.5482	9.533e-04	   0.077	   125.861
 148	74	 3.8386	 1.0205	   1.5050	        1.5052	          0.0002	   1.5531	9.458e-04	   0.073	   126.778
 149	75	 3.8389	 1.0194	   1.5050	        1.5052	          0.0002	   1.5329	1.439e-03	   0.082	   127.696
 150	75	 3.8380	 1.0212	   1.5050	        1.5052	          0.0002	   1.5820	6.456e-04	   0.078	   128.572
 151	76	 3.8371	 1.0213	   1.5050	        1.5052	          0.0002	   1.5515	5.885e-04	   0.069	   129.427
 152	76	 3.8373	 1.0212	   1.5050	        1.5052	          0.0002	   1.5509	6.528e-04	   0.075	   130.270
 153	77	 3.8357	 1.0208	   1.5050	        1.5052	          0.0002	   1.5414	8.385e-04	   0.070	   131.116
 154	77	 3.8368	 1.0213	   1.5050	        1.5052	          0.0002	   1.5640	6.095e-04	   0.080	   131.967
 155	78	 3.8362	 1.0191	   1.5050	        1.5052	          0.0002	   1.5134	1.612e-03	   0.074	   132.808
 156	78	 3.8362	 1.0216	   1.5050	        1.5052	          0.0002	   1.5965	4.758e-04	   0.063	   133.655
 157	79	 3.8355	 1.0218	   1.5050	        1.5052	          0.0002	   1.5521	4.153e-04	   0.076	   134.499
 158	79	 3.8350	 1.0224	   1.5050	        1.5052	          0.0002	   1.5641	2.519e-04	   0.077	   135.356
 159	80	 3.8348	 1.0223	   1.5050	        1.5052	          0.0002	   1.5466	2.732e-04	   0.073	   136.214
 160	80	 3.8337	 1.0225	   1.5050	        1.5052	          0.0002	   1.5580	2.468e-04	   0.073	   137.068
 161	81	 3.8335	 1.0248	   1.5050	        1.5052	          0.0002	   1.5953	1.094e-03	   0.076	   137.935
 162	81	 3.8333	 1.0223	   1.5050	        1.5052	          0.0002	   1.5072	2.563e-04	   0.077	   138.794
 163	82	 3.8338	 1.0245	   1.5050	        1.5052	          0.0002	   1.5897	9.562e-04	   0.077	   139.650
 164	82	 3.8330	 1.0225	   1.5050	        1.5052	          0.0002	   1.5187	2.460e-04	   0.076	   140.517
 165	83	 3.8336	 1.0234	   1.5050	        1.5052	          0.0002	   1.5692	4.963e-04	   0.073	   141.373
 166	83	 3.8320	 1.0228	   1.5050	        1.5052	          0.0002	   1.5403	2.851e-04	   0.082	   142.226
 167	84	 3.8312	 1.0215	   1.5050	        1.5052	          0.0002	   1.5272	5.412e-04	   0.069	   143.060
 168	84	 3.8313	 1.0230	   1.5050	        1.5052	          0.0002	   1.5820	3.412e-04	   0.069	   143.911
 169	85	 3.8305	 1.0224	   1.5050	        1.5052	          0.0002	   1.5409	2.442e-04	   0.073	   144.756
 170	85	 3.8308	 1.0226	   1.5050	        1.5052	          0.0002	   1.5575	2.505e-04	   0.077	   145.622
 171	86	 3.8310	 1.0223	   1.5050	        1.5052	          0.0002	   1.5498	2.544e-04	   0.077	   146.495
 172	86	 3.8295	 1.0228	   1.5050	        1.5052	          0.0002	   1.5558	2.824e-04	   0.073	   147.390
 173	87	 3.8295	 1.0228	   1.5050	        1.5052	          0.0002	   1.5519	2.670e-04	   0.081	   148.292
 174	87	 3.8291	 1.0227	   1.5050	        1.5052	          0.0002	   1.5527	2.593e-04	   0.077	   149.173
 175	88	 3.8270	 1.0227	   1.5050	        1.5052	          0.0002	   1.5489	2.483e-04	   0.071	   150.036
 176	88	 3.8276	 1.0231	   1.5050	        1.5052	          0.0002	   1.5618	3.640e-04	   0.069	   150.879
 177	89	 3.8278	 1.0246	   1.5050	        1.5052	          0.0002	   1.5838	9.742e-04	   0.071	   151.726
 178	89	 3.8268	 1.0231	   1.5050	        1.5052	          0.0002	   1.5218	3.759e-04	   0.074	   152.575
 179	90	 3.8260	 1.0260	   1.5050	        1.5052	          0.0002	   1.6087	1.588e-03	   0.073	   153.449
 180	90	 3.8263	 1.0226	   1.5050	        1.5052	          0.0002	   1.4870	2.421e-04	   0.068	   154.344
 181	91	 3.8268	 1.0230	   1.5050	        1.5052	          0.0002	   1.5604	3.433e-04	   0.083	   155.241
 182	91	 3.8259	 1.0224	   1.5050	        1.5052	          0.0002	   1.5421	2.394e-04	   0.070	   156.111
 183	92	 3.8244	 1.0231	   1.5050	        1.5052	          0.0002	   1.5668	3.744e-04	   0.079	   156.994
 184	92	 3.8260	 1.0223	   1.5050	        1.5052	          0.0002	   1.5372	2.595e-04	   0.076	   157.845
 185	93	 3.8250	 1.0198	   1.5050	        1.5052	          0.0002	   1.4973	1.259e-03	   0.073	   158.766
 186	93	 3.8245	 1.0221	   1.5050	        1.5052	          0.0002	   1.5999	2.909e-04	   0.082	   159.654
 187	94	 3.8246	 1.0237	   1.5050	        1.5052	          0.0002	   1.5866	6.003e-04	   0.074	   160.551
 188	94	 3.8244	 1.0221	   1.5050	        1.5052	          0.0002	   1.5192	2.942e-04	   0.077	   161.428
 189	95	 3.8239	 1.0215	   1.5050	        1.5052	          0.0002	   1.5389	5.042e-04	   0.066	   162.281
 190	95	 3.8243	 1.0221	   1.5050	        1.5052	          0.0002	   1.5669	2.908e-04	   0.075	   163.138
 191	96	 3.8254	 1.0211	   1.5050	        1.5052	          0.0002	   1.5339	7.113e-04	   0.069	   163.972
 192	96	 3.8239	 1.0213	   1.5050	        1.5052	          0.0002	   1.5518	6.079e-04	   0.073	   164.826
 193	97	 3.8233	 1.0193	   1.5050	        1.5052	          0.0002	   1.5093	1.483e-03	   0.076	   165.669
 194	97	 3.8234	 1.0216	   1.5050	        1.5052	          0.0002	   1.6001	4.833e-04	   0.074	   166.516
 195	98	 3.8234	 1.0223	   1.5050	        1.5052	          0.0002	   1.5699	2.459e-04	   0.089	   167.429
 196	98	 3.8230	 1.0218	   1.5050	        1.5052	          0.0002	   1.5400	3.877e-04	   0.071	   168.317
 197	99	 3.8240	 1.0219	   1.5050	        1.5052	          0.0002	   1.5565	3.531e-04	   0.076	   169.226
 198	99	 3.8231	 1.0214	   1.5050	        1.5052	          0.0002	   1.5404	5.742e-04	   0.073	   170.105
 199	100	 3.8224	 1.0211	   1.5050	        1.5052	          0.0002	   1.5477	6.884e-04	   0.073	   170.980
 200	100	 3.8227	 1.0217	   1.5050	        1.5052	          0.0002	   1.5639	4.497e-04	   0.075	   171.829
 201	101	 3.8228	 1.0211	   1.5050	        1.5052	          0.0002	   1.5408	6.846e-04	   0.069	   172.670
 202	101	 3.8223	 1.0222	   1.5050	        1.5052	          0.0002	   1.5761	2.728e-04	   0.074	   173.523
 203	102	 3.8218	 1.0236	   1.5050	        1.5052	          0.0002	   1.5826	5.317e-04	   0.074	   174.363
 204	102	 3.8226	 1.0217	   1.5050	        1.5052	          0.0002	   1.5114	4.584e-04	   0.070	   175.212
 205	103	 3.8222	 1.0220	   1.5050	        1.5052	          0.0002	   1.5580	3.467e-04	   0.075	   176.058
 206	103	 3.8218	 1.0220	   1.5050	        1.5052	          0.0002	   1.5540	3.308e-04	   0.068	   176.900
 207	104	 3.8213	 1.0221	   1.5050	        1.5052	          0.0002	   1.5546	2.893e-04	   0.079	   177.758
 208	104	 3.8216	 1.0218	   1.5050	        1.5052	          0.0002	   1.5463	3.953e-04	   0.071	   178.618
 209	105	 3.8215	 1.0216	   1.5050	        1.5052	          0.0002	   1.5454	4.712e-04	   0.068	   179.477
 210	105	 3.8216	 1.0215	   1.5050	        1.5052	          0.0002	   1.5516	5.331e-04	   0.078	   180.333
 211	106	 3.8219	 1.0222	   1.5050	        1.5052	          0.0002	   1.5733	2.727e-04	   0.071	   181.211
 212	106	 3.8217	 1.0216	   1.5050	        1.5052	          0.0002	   1.5371	4.677e-04	   0.075	   182.085
 213	107	 3.8220	 1.0205	   1.5050	        1.5052	          0.0002	   1.5289	9.492e-04	   0.070	   182.925
 214	107	 3.8220	 1.0212	   1.5050	        1.5052	          0.0002	   1.5659	6.675e-04	   0.071	   183.781
 215	108	 3.8211	 1.0216	   1.5050	        1.5052	          0.0002	   1.5615	4.910e-04	   0.077	   184.623
 216	108	 3.8213	 1.0217	   1.5050	        1.5052	          0.0002	   1.5566	4.200e-04	   0.068	   185.469
 217	109	 3.8201	 1.0232	   1.5050	        1.5052	          0.0002	   1.5863	3.851e-04	   0.079	   186.317
 218	109	 3.8211	 1.0216	   1.5050	        1.5052	          0.0002	   1.5165	4.761e-04	   0.070	   187.159
 219	110	 3.8213	 1.0227	   1.5050	        1.5052	          0.0002	   1.5776	2.409e-04	   0.078	   188.039
 220	110	 3.8210	 1.0218	   1.5050	        1.5052	          0.0002	   1.5338	3.929e-04	   0.074	   188.932
 221	111	 3.8203	 1.0220	   1.5050	        1.5052	          0.0002	   1.5543	3.199e-04	   0.079	   189.824
 222	111	 3.8207	 1.0218	   1.5050	        1.5052	          0.0002	   1.5506	3.923e-04	   0.081	   190.701
 223	112	 3.8214	 1.0218	   1.5050	        1.5052	          0.0002	   1.5558	4.152e-04	   0.070	   191.576
 224	112	 3.8203	 1.0220	   1.5050	        1.5052	          0.0002	   1.5529	3.305e-04	   0.067	   192.446
 225	113	 3.8198	 1.0236	   1.5050	        1.5052	          0.0002	   1.5896	5.601e-04	   0.072	   193.285
 226	113	 3.8197	 1.0226	   1.5050	        1.5052	          0.0002	   1.5296	2.327e-04	   0.075	   194.136
 227	114	 3.8200	 1.0224	   1.5050	        1.5052	          0.0002	   1.5507	2.328e-04	   0.071	   194.975
 228	114	 3.8192	 1.0229	   1.5050	        1.5052	          0.0002	   1.5625	2.897e-04	   0.072	   195.825
 229	115	 3.8187	 1.0235	   1.5050	        1.5052	          0.0002	   1.5671	4.986e-04	   0.074	   196.673
 230	115	 3.8185	 1.0229	   1.5050	        1.5052	          0.0002	   1.5364	2.916e-04	   0.069	   197.512
 231	116	 3.8185	 1.0234	   1.5050	        1.5052	          0.0002	   1.5672	4.534e-04	   0.071	   198.365
 232	116	 3.8179	 1.0228	   1.5050	        1.5052	          0.0002	   1.5350	2.753e-04	   0.075	   199.268
 233	117	 3.8172	 1.0228	   1.5050	        1.5052	          0.0002	   1.5461	2.535e-04	   0.073	   200.146
 234	117	 3.8171	 1.0232	   1.5050	        1.5052	          0.0002	   1.5667	3.859e-04	   0.081	   201.023
 235	118	 3.8172	 1.0241	   1.5050	        1.5052	          0.0002	   1.5758	7.790e-04	   0.077	   201.925
 236	118	 3.8168	 1.0231	   1.5050	        1.5052	          0.0002	   1.5269	3.585e-04	   0.070	   202.801
 237	119	 3.8166	 1.0222	   1.5050	        1.5052	          0.0002	   1.5302	2.737e-04	   0.074	   203.644
 238	119	 3.8161	 1.0231	   1.5050	        1.5052	          0.0002	   1.5724	3.489e-04	   0.065	   204.491
 239	120	 3.8168	 1.0228	   1.5050	        1.5052	          0.0002	   1.5490	2.584e-04	   0.073	   205.334
 240	120	 3.8162	 1.0230	   1.5050	        1.5052	          0.0002	   1.5563	3.171e-04	   0.066	   206.181
 241	121	 3.8163	 1.0226	   1.5050	        1.5052	          0.0002	   1.5468	2.327e-04	   0.073	   207.028
 242	121	 3.8157	 1.0236	   1.5050	        1.5052	          0.0002	   1.5734	5.311e-04	   0.068	   207.834
 243	122	 3.8161	 1.0237	   1.5050	        1.5052	          0.0002	   1.5607	5.829e-04	   0.072	   208.661
 244	122	 3.8156	 1.0234	   1.5050	        1.5052	          0.0002	   1.5430	4.774e-04	   0.077	   209.487
 245	123	 3.8153	 1.0229	   1.5050	        1.5052	          0.0002	   1.5368	2.873e-04	   0.062	   210.240
 246	123	 3.8148	 1.0239	   1.5050	        1.5052	          0.0002	   1.5792	6.555e-04	   0.069	   210.956
 247	124	 3.8140	 1.0240	   1.5050	        1.5052	          0.0002	   1.5501	7.002e-04	   0.058	   211.690
 248	124	 3.8150	 1.0234	   1.5050	        1.5052	          0.0002	   1.5447	4.622e-04	   0.065	   212.392
 249	125	 3.8144	 1.0219	   1.5050	        1.5052	          0.0002	   1.5080	3.704e-04	   0.066	   213.075
 250	125	 3.8145	 1.0235	   1.5050	        1.5052	          0.0002	   1.6006	5.115e-04	   0.061	   213.759
 251	126	 3.8146	 1.0226	   1.5050	        1.5052	          0.0002	   1.5283	2.280e-04	   0.060	   214.436
 252	126	 3.8139	 1.0236	   1.5050	        1.5052	          0.0002	   1.5790	5.566e-04	   0.060	   215.122
 253	127	 3.8143	 1.0242	   1.5050	        1.5052	          0.0002	   1.5689	7.944e-04	   0.067	   215.811
 254	127	 3.8138	 1.0238	   1.5050	        1.5052	          0.0002	   1.5432	6.429e-04	   0.051	   216.460
 255	128	 3.8138	 1.0233	   1.5050	        1.5052	          0.0002	   1.5375	4.099e-04	   0.060	   217.118
 256	128	 3.8135	 1.0237	   1.5050	        1.5052	          0.0002	   1.5663	5.961e-04	   0.057	   217.766
 257	129	 3.8134	 1.0251	   1.5050	        1.5052	          0.0002	   1.5931	1.191e-03	   0.055	   218.433
 258	129	 3.8130	 1.0239	   1.5050	        1.5052	          0.0002	   1.5166	6.719e-04	   0.063	   219.096
 259	130	 3.8121	 1.0234	   1.5050	        1.5052	          0.0002	   1.5358	4.574e-04	   0.064	   219.787
 260	130	 3.8127	 1.0234	   1.5050	        1.5052	          0.0002	   1.5543	4.571e-04	   0.057	   220.461
 261	131	 3.8123	 1.0235	   1.5050	        1.5052	          0.0002	   1.5587	5.117e-04	   0.058	   221.109
 262	131	 3.8125	 1.0234	   1.5050	        1.5052	          0.0002	   1.5483	4.632e-04	   0.062	   221.766
 263	132	 3.8124	 1.0234	   1.5050	        1.5052	          0.0002	   1.5530	4.600e-04	   0.054	   222.409
 264	132	 3.8123	 1.0234	   1.5050	        1.5052	          0.0002	   1.5549	4.803e-04	   0.054	   223.056
 265	133	 3.8122	 1.0237	   1.5050	        1.5052	          0.0002	   1.5613	5.812e-04	   0.061	   223.706
 266	133	 3.8121	 1.0236	   1.5050	        1.5052	          0.0002	   1.5492	5.255e-04	   0.060	   224.355
 267	134	 3.8117	 1.0242	   1.5050	        1.5052	          0.0002	   1.5706	7.963e-04	   0.062	   225.025
 268	134	 3.8117	 1.0240	   1.5050	        1.5052	          0.0002	   1.5466	7.031e-04	   0.066	   225.712
 269	135	 3.8114	 1.0242	   1.5050	        1.5052	          0.0002	   1.5598	8.015e-04	   0.067	   226.393
 270	135	 3.8109	 1.0239	   1.5050	        1.5052	          0.0002	   1.5438	6.842e-04	   0.062	   227.073
 271	136	 3.8106	 1.0238	   1.5050	        1.5052	          0.0002	   1.5491	6.449e-04	   0.060	   227.767
 272	136	 3.8105	 1.0236	   1.5050	        1.5052	          0.0002	   1.5454	5.337e-04	   0.069	   228.453
 273	137	 3.8104	 1.0229	   1.5050	        1.5052	          0.0002	   1.5312	2.879e-04	   0.064	   229.151
 274	137	 3.8103	 1.0236	   1.5050	        1.5052	          0.0002	   1.5727	5.226e-04	   0.063	   229.850
 275	138	 3.8108	 1.0240	   1.5050	        1.5052	          0.0002	   1.5688	7.169e-04	   0.060	   230.530
 276	138	 3.8099	 1.0235	   1.5050	        1.5052	          0.0002	   1.5350	4.893e-04	   0.052	   231.176
 277	139	 3.8105	 1.0228	   1.5050	        1.5052	          0.0002	   1.5320	2.552e-04	   0.057	   231.828
 278	139	 3.8100	 1.0237	   1.5050	        1.5052	          0.0002	   1.5820	5.964e-04	   0.061	   232.500
 279	140	 3.8096	 1.0222	   1.5050	        1.5052	          0.0002	   1.5002	2.673e-04	   0.055	   233.194
 280	140	 3.8097	 1.0236	   1.5050	        1.5052	          0.0002	   1.6006	5.531e-04	   0.059	   233.866
 281	141	 3.8097	 1.0238	   1.5050	        1.5052	          0.0002	   1.5633	6.480e-04	   0.055	   234.545
 282	141	 3.8093	 1.0237	   1.5050	        1.5052	          0.0002	   1.5430	5.646e-04	   0.065	   235.223
 283	142	 3.8092	 1.0231	   1.5050	        1.5052	          0.0002	   1.5371	3.481e-04	   0.050	   235.919
 284	142	 3.8088	 1.0238	   1.5050	        1.5052	          0.0002	   1.5727	6.323e-04	   0.055	   236.607
 285	143	 3.8090	 1.0246	   1.5050	        1.5052	          0.0002	   1.5817	9.793e-04	   0.056	   237.256
 286	143	 3.8085	 1.0239	   1.5050	        1.5052	          0.0002	   1.5290	6.877e-04	   0.055	   237.905
 287	144	 3.8084	 1.0250	   1.5050	        1.5052	          0.0002	   1.5865	1.150e-03	   0.061	   238.556
 288	144	 3.8083	 1.0240	   1.5050	        1.5052	          0.0002	   1.5232	7.189e-04	   0.056	   239.204
 289	145	 3.8075	 1.0246	   1.5050	        1.5052	          0.0002	   1.5716	9.593e-04	   0.060	   239.858
 290	145	 3.8083	 1.0239	   1.5050	        1.5052	          0.0002	   1.5316	6.546e-04	   0.061	   240.515
 291	146	 3.8083	 1.0238	   1.5050	        1.5052	          0.0002	   1.5510	6.283e-04	   0.061	   241.202
 292	146	 3.8081	 1.0239	   1.5050	        1.5052	          0.0002	   1.5583	6.856e-04	   0.060	   241.871
 293	147	 3.8082	 1.0236	   1.5050	        1.5052	          0.0002	   1.5385	5.331e-04	   0.058	   242.553
 294	147	 3.8080	 1.0242	   1.5050	        1.5052	          0.0002	   1.5756	7.914e-04	   0.066	   243.237
 295	148	 3.8074	 1.0231	   1.5050	        1.5052	          0.0002	   1.5131	3.322e-04	   0.068	   243.920
 296	148	 3.8073	 1.0244	   1.5050	        1.5052	          0.0002	   1.5973	9.000e-04	   0.057	   244.618
 297	149	 3.8061	 1.0239	   1.5050	        1.5052	          0.0002	   1.5280	6.599e-04	   0.058	   245.277
 298	149	 3.8073	 1.0241	   1.5050	        1.5052	          0.0002	   1.5699	7.670e-04	   0.061	   245.927
 299	150	 3.8069	 1.0244	   1.5050	        1.5052	          0.0002	   1.5589	8.726e-04	   0.058	   246.576
 300	150	 3.8075	 1.0239	   1.5050	        1.5052	          0.0002	   1.5422	6.677e-04	   0.057	   247.221
 301	151	 3.8078	 1.0242	   1.5050	        1.5052	          0.0002	   1.5630	7.956e-04	   0.059	   247.875
 302	151	 3.8073	 1.0242	   1.5050	        1.5052	          0.0002	   1.5506	7.904e-04	   0.064	   248.526
 303	152	 3.8067	 1.0237	   1.5050	        1.5052	          0.0002	   1.5312	5.899e-04	   0.055	   249.173
 304	152	 3.8077	 1.0238	   1.5050	        1.5052	          0.0002	   1.5637	6.225e-04	   0.055	   249.816
 305	153	 3.8072	 1.0241	   1.5050	        1.5052	          0.0002	   1.5600	7.336e-04	   0.058	   250.472
 306	153	 3.8074	 1.0234	   1.5050	        1.5052	          0.0002	   1.5345	4.761e-04	   0.063	   251.149
 307	154	 3.8070	 1.0237	   1.5050	        1.5052	          0.0002	   1.5592	5.729e-04	   0.060	   251.843
 308	154	 3.8073	 1.0236	   1.5050	        1.5052	          0.0002	   1.5543	5.615e-04	   0.062	   252.510
 309	155	 3.8073	 1.0242	   1.5050	        1.5052	          0.0002	   1.5758	8.064e-04	   0.055	   253.170
 310	155	 3.8075	 1.0237	   1.5050	        1.5052	          0.0002	   1.5360	6.008e-04	   0.052	   253.815
 311	156	 3.8074	 1.0238	   1.5050	        1.5052	          0.0002	   1.5547	6.279e-04	   0.059	   254.467
 312	156	 3.8080	 1.0235	   1.5050	        1.5052	          0.0002	   1.5470	5.002e-04	   0.054	   255.110
 313	157	 3.8080	 1.0237	   1.5050	        1.5052	          0.0002	   1.5558	5.647e-04	   0.056	   255.762
 314	157	 3.8082	 1.0231	   1.5050	        1.5052	          0.0002	   1.5390	3.485e-04	   0.057	   256.410
 315	158	 3.8084	 1.0238	   1.5050	        1.5052	          0.0002	   1.5749	6.085e-04	   0.058	   257.102
 316	158	 3.8084	 1.0232	   1.5050	        1.5052	          0.0002	   1.5367	3.834e-04	   0.056	   257.750
 317	159	 3.8088	 1.0226	   1.5050	        1.5052	          0.0002	   1.5318	2.196e-04	   0.055	   258.414
 318	159	 3.8083	 1.0232	   1.5050	        1.5052	          0.0002	   1.5732	3.632e-04	   0.063	   259.090
 319	160	 3.8085	 1.0234	   1.5050	        1.5052	          0.0002	   1.5636	4.783e-04	   0.062	   259.781
 320	160	 3.8079	 1.0235	   1.5050	        1.5052	          0.0002	   1.5526	4.938e-04	   0.061	   260.479
 321	161	 3.8081	 1.0238	   1.5050	        1.5052	          0.0002	   1.5629	6.213e-04	   0.065	   261.157
 322	161	 3.8078	 1.0232	   1.5050	        1.5052	          0.0002	   1.5303	3.663e-04	   0.060	   261.811
 323	162	 3.8071	 1.0230	   1.5050	        1.5052	          0.0002	   1.5476	3.238e-04	   0.057	   262.457
 324	162	 3.8072	 1.0234	   1.5050	        1.5052	          0.0002	   1.5651	4.554e-04	   0.060	   263.102
 325	163	 3.8076	 1.0234	   1.5050	        1.5052	          0.0002	   1.5587	4.773e-04	   0.062	   263.772
 326	163	 3.8073	 1.0234	   1.5050	        1.5052	          0.0002	   1.5496	4.663e-04	   0.064	   264.464
 327	164	 3.8068	 1.0234	   1.5050	        1.5052	          0.0002	   1.5512	4.455e-04	   0.061	   265.120
 328	164	 3.8070	 1.0236	   1.5050	        1.5052	          0.0002	   1.5590	5.226e-04	   0.063	   265.771
 329	165	 3.8067	 1.0235	   1.5050	        1.5052	          0.0002	   1.5500	5.175e-04	   0.064	   266.425
 330	165	 3.8065	 1.0237	   1.5050	        1.5052	          0.0002	   1.5600	5.868e-04	   0.058	   267.133
 331	166	 3.8068	 1.0241	   1.5050	        1.5052	          0.0002	   1.5652	7.415e-04	   0.063	   267.808
 332	166	 3.8064	 1.0239	   1.5050	        1.5052	          0.0002	   1.5466	6.470e-04	   0.060	   268.480
 333	167	 3.8068	 1.0233	   1.5050	        1.5052	          0.0002	   1.5299	4.039e-04	   0.055	   269.146
 334	167	 3.8063	 1.0241	   1.5050	        1.5052	          0.0002	   1.5838	7.397e-04	   0.055	   269.794
 335	168	 3.8062	 1.0243	   1.5050	        1.5052	          0.0002	   1.5624	8.378e-04	   0.062	   270.453
 336	168	 3.8063	 1.0240	   1.5050	        1.5052	          0.0002	   1.5431	7.061e-04	   0.054	   271.096
 337	169	 3.8064	 1.0240	   1.5050	        1.5052	          0.0002	   1.5552	7.285e-04	   0.054	   271.744
 338	169	 3.8062	 1.0237	   1.5050	        1.5052	          0.0002	   1.5428	6.022e-04	   0.060	   272.429
 339	170	 3.8063	 1.0242	   1.5050	        1.5052	          0.0002	   1.5713	7.800e-04	   0.056	   273.105
 340	170	 3.8060	 1.0236	   1.5050	        1.5052	          0.0002	   1.5298	5.403e-04	   0.057	   273.762
 341	171	 3.8053	 1.0236	   1.5050	        1.5052	          0.0002	   1.5480	5.259e-04	   0.054	   274.408
 342	171	 3.8056	 1.0234	   1.5050	        1.5052	          0.0002	   1.5512	4.769e-04	   0.062	   275.100
 343	172	 3.8053	 1.0229	   1.5050	        1.5052	          0.0002	   1.5304	2.778e-04	   0.057	   275.781
 344	172	 3.8053	 1.0237	   1.5050	        1.5052	          0.0002	   1.5825	5.655e-04	   0.058	   276.462
 345	173	 3.8054	 1.0234	   1.5050	        1.5052	          0.0002	   1.5429	4.435e-04	   0.059	   277.159
 346	173	 3.8054	 1.0236	   1.5050	        1.5052	          0.0002	   1.5643	5.602e-04	   0.054	   277.819
 347	174	 3.8053	 1.0241	   1.5050	        1.5052	          0.0002	   1.5706	7.623e-04	   0.058	   278.470
 348	174	 3.8054	 1.0238	   1.5050	        1.5052	          0.0002	   1.5422	6.219e-04	   0.061	   279.120
 349	175	 3.8058	 1.0241	   1.5050	        1.5052	          0.0002	   1.5683	7.683e-04	   0.061	   279.775
 350	175	 3.8050	 1.0238	   1.5050	        1.5052	          0.0002	   1.5383	6.208e-04	   0.057	   280.418
 351	176	 3.8053	 1.0240	   1.5050	        1.5052	          0.0002	   1.5641	6.937e-04	   0.055	   281.091
 352	176	 3.8052	 1.0238	   1.5050	        1.5052	          0.0002	   1.5446	6.325e-04	   0.057	   281.744
 353	177	 3.8051	 1.0233	   1.5050	        1.5052	          0.0002	   1.5309	4.227e-04	   0.057	   282.390
 354	177	 3.8051	 1.0238	   1.5050	        1.5052	          0.0002	   1.5758	6.307e-04	   0.068	   283.087
 355	178	 3.8058	 1.0248	   1.5050	        1.5052	          0.0002	   1.5985	1.044e-03	   0.061	   283.754
 356	178	 3.8050	 1.0237	   1.5050	        1.5052	          0.0002	   1.5030	5.695e-04	   0.054	   284.423
 357	179	 3.8051	 1.0225	   1.5050	        1.5052	          0.0002	   1.5074	2.129e-04	   0.063	   285.089
 358	179	 3.8047	 1.0237	   1.5050	        1.5052	          0.0002	   1.5986	5.670e-04	   0.062	   285.741
 359	180	 3.8043	 1.0231	   1.5050	        1.5052	          0.0002	   1.5256	3.244e-04	   0.057	   286.391
 360	180	 3.8044	 1.0238	   1.5050	        1.5052	          0.0002	   1.5868	6.337e-04	   0.060	   287.036
 361	181	 3.8041	 1.0230	   1.5050	        1.5052	          0.0002	   1.5208	3.160e-04	   0.063	   287.690
 362	181	 3.8044	 1.0233	   1.5050	        1.5052	          0.0002	   1.5627	4.018e-04	   0.067	   288.370
 363	182	 3.8048	 1.0239	   1.5050	        1.5052	          0.0002	   1.5819	6.805e-04	   0.057	   289.022
 364	182	 3.8042	 1.0233	   1.5050	        1.5052	          0.0002	   1.5256	4.128e-04	   0.063	   289.682
 365	183	 3.8044	 1.0234	   1.5050	        1.5052	          0.0002	   1.5564	4.402e-04	   0.067	   290.376
 366	183	 3.8041	 1.0231	   1.5050	        1.5052	          0.0002	   1.5404	3.234e-04	   0.065	   291.093
 367	184	 3.8048	 1.0229	   1.5050	        1.5052	          0.0002	   1.5514	2.798e-04	   0.065	   291.804
 368	184	 3.8041	 1.0229	   1.5050	        1.5052	          0.0002	   1.5491	2.720e-04	   0.059	   292.522
 369	185	 3.8042	 1.0228	   1.5050	        1.5052	          0.0002	   1.5512	2.495e-04	   0.062	   293.228
 370	185	 3.8039	 1.0228	   1.5050	        1.5052	          0.0002	   1.5518	2.589e-04	   0.055	   293.890
 371	186	 3.8038	 1.0225	   1.5050	        1.5052	          0.0002	   1.5389	2.117e-04	   0.060	   294.556
 372	186	 3.8041	 1.0227	   1.5050	        1.5052	          0.0002	   1.5649	2.350e-04	   0.059	   295.252
 373	187	 3.8037	 1.0219	   1.5050	        1.5052	          0.0002	   1.5148	3.440e-04	   0.052	   295.923
 374	187	 3.8038	 1.0226	   1.5050	        1.5052	          0.0002	   1.5847	2.185e-04	   0.060	   296.592
 375	188	 3.8037	 1.0220	   1.5050	        1.5052	          0.0002	   1.5250	3.263e-04	   0.055	   297.240
 376	188	 3.8040	 1.0226	   1.5050	        1.5052	          0.0002	   1.5802	2.160e-04	   0.053	   297.892
 377	189	 3.8042	 1.0227	   1.5050	        1.5052	          0.0002	   1.5620	2.359e-04	   0.055	   298.568
 378	189	 3.8042	 1.0226	   1.5050	        1.5052	          0.0002	   1.5446	2.158e-04	   0.058	   299.246
 379	190	 3.8040	 1.0229	   1.5050	        1.5052	          0.0002	   1.5631	2.630e-04	   0.058	   299.929
 380	190	 3.8038	 1.0227	   1.5050	        1.5052	          0.0002	   1.5430	2.225e-04	   0.059	   300.581
 381	191	 3.8036	 1.0230	   1.5050	        1.5052	          0.0002	   1.5626	2.993e-04	   0.060	   301.251
 382	191	 3.8036	 1.0226	   1.5050	        1.5052	          0.0002	   1.5359	2.117e-04	   0.060	   301.924
 383	192	 3.8037	 1.0230	   1.5050	        1.5052	          0.0002	   1.5708	2.976e-04	   0.057	   302.571
 384	192	 3.8035	 1.0226	   1.5050	        1.5052	          0.0002	   1.5350	2.117e-04	   0.060	   303.219
 385	193	 3.8033	 1.0231	   1.5050	        1.5052	          0.0002	   1.5743	3.388e-04	   0.063	   303.892
 386	193	 3.8033	 1.0227	   1.5050	        1.5052	          0.0002	   1.5353	2.192e-04	   0.059	   304.571
 387	194	 3.8030	 1.0234	   1.5050	        1.5052	          0.0002	   1.5851	4.729e-04	   0.063	   305.235
 388	194	 3.8032	 1.0230	   1.5050	        1.5052	          0.0002	   1.5346	3.003e-04	   0.061	   305.890
 389	195	 3.8032	 1.0234	   1.5050	        1.5052	          0.0002	   1.5692	4.526e-04	   0.058	   306.535
 390	195	 3.8029	 1.0231	   1.5050	        1.5052	          0.0002	   1.5382	3.229e-04	   0.059	   307.184
 391	196	 3.8027	 1.0237	   1.5050	        1.5052	          0.0002	   1.5778	5.647e-04	   0.065	   307.868
 392	196	 3.8029	 1.0226	   1.5050	        1.5052	          0.0002	   1.5103	2.165e-04	   0.062	   308.556
 393	197	 3.8026	 1.0224	   1.5050	        1.5052	          0.0002	   1.5411	2.196e-04	   0.061	   309.247
 394	197	 3.8025	 1.0228	   1.5050	        1.5052	          0.0002	   1.5707	2.503e-04	   0.065	   309.929
 395	198	 3.8024	 1.0222	   1.5050	        1.5052	          0.0002	   1.5239	2.491e-04	   0.061	   310.596
 396	198	 3.8021	 1.0228	   1.5050	        1.5052	          0.0002	   1.5766	2.347e-04	   0.054	   311.240
 397	199	 3.8018	 1.0223	   1.5050	        1.5052	          0.0002	   1.5305	2.421e-04	   0.052	   311.884
 398	199	 3.8019	 1.0226	   1.5050	        1.5052	          0.0002	   1.5678	2.123e-04	   0.052	   312.481
 399	200	 3.8017	 1.0231	   1.5050	        1.5052	          0.0002	   1.5754	3.304e-04	   0.048	   313.051
 400	200	 3.8017	 1.0225	   1.5050	        1.5052	          0.0002	   1.5274	2.090e-04	   0.064	   313.660

[BSGD] Finished on device cuda -> σ_f² ≈ 3.8017, σ_ε² ≈ 1.0225
