[GPU 5][JOB 102] 'python cli.py bsgd --n 1024 --lengthscale 0.5 --sigma-f2-true 4.0 --sigma-eps2-true 1.0 --n-epochs 200 --device auto --kernel-mode finite --theta-min 1e-4 --theta-max 20.0 --print-every 1 --seed 1 --batch-size 512 --sigma-f2-init 5.0 --sigma-eps2-init 3.0 --alpha1 9.0 '

=== BSGD (biased SGD on exact kernel) ===
iter	epoch	σ_f²	σ_ε²	real_nlml	real_nlml_true	real_nlml_abs_err	mini_nlml	||grad||	duration_s	wall_time_s
   1	 1	 4.2017	 2.0906	   1.6004	        1.5046	          0.0958	   1.6445	1.163e-01	   0.123	     0.234
   2	 1	 3.7243	 1.5832	   1.5420	        1.5046	          0.0374	   1.5775	1.054e-01	   0.046	     0.768
   3	 2	 3.4688	 1.2434	   1.5112	        1.5046	          0.0066	   1.5259	6.533e-02	   0.069	     1.462
   4	 2	 3.2745	 1.1427	   1.5055	        1.5046	          0.0009	   1.5734	4.034e-02	   0.075	     2.213
   5	 3	 3.1473	 1.1141	   1.5043	        1.5046	          0.0003	   1.5726	3.136e-02	   0.067	     3.008
   6	 3	 3.0655	 1.0220	   1.5029	        1.5046	          0.0018	   1.5061	5.229e-03	   0.080	     3.841
   7	 4	 2.9702	 1.0148	   1.5028	        1.5046	          0.0018	   1.5326	8.602e-03	   0.082	     4.691
   8	 4	 2.8952	 1.0354	   1.5026	        1.5046	          0.0020	   1.5495	1.435e-03	   0.072	     5.520
   9	 5	 2.8418	 1.0110	   1.5027	        1.5046	          0.0019	   1.5156	1.050e-02	   0.076	     6.334
  10	 5	 2.8101	 1.0461	   1.5026	        1.5046	          0.0020	   1.5729	5.684e-03	   0.067	     7.145
  11	 6	 2.7894	 1.0183	   1.5026	        1.5046	          0.0020	   1.5135	7.008e-03	   0.071	     7.994
  12	 6	 2.7538	 1.0506	   1.5026	        1.5046	          0.0020	   1.5781	7.550e-03	   0.075	     8.828
  13	 7	 2.7463	 1.0358	   1.5025	        1.5046	          0.0021	   1.5313	1.377e-03	   0.075	     9.649
  14	 7	 2.7245	 1.0355	   1.5025	        1.5046	          0.0021	   1.5422	1.221e-03	   0.075	    10.480
  15	 8	 2.6907	 1.0289	   1.5024	        1.5046	          0.0022	   1.5286	2.177e-03	   0.071	    11.323
  16	 8	 2.6781	 1.0329	   1.5024	        1.5046	          0.0022	   1.5490	7.237e-04	   0.083	    12.173
  17	 9	 2.6772	 1.0446	   1.5025	        1.5046	          0.0021	   1.5666	4.944e-03	   0.076	    13.021
  18	 9	 2.6370	 1.0299	   1.5024	        1.5046	          0.0022	   1.5113	1.706e-03	   0.071	    13.864
  19	10	 2.6085	 1.0297	   1.5024	        1.5046	          0.0022	   1.5367	1.804e-03	   0.079	    14.711
  20	10	 2.6139	 1.0358	   1.5024	        1.5046	          0.0022	   1.5582	1.182e-03	   0.085	    15.598
  21	11	 2.5931	 1.0475	   1.5024	        1.5046	          0.0022	   1.5693	6.135e-03	   0.068	    16.453
  22	11	 2.5934	 1.0288	   1.5024	        1.5046	          0.0022	   1.5003	2.183e-03	   0.076	    17.299
  23	12	 2.5943	 1.0277	   1.5024	        1.5046	          0.0022	   1.5407	2.702e-03	   0.079	    18.167
  24	12	 2.5831	 1.0276	   1.5024	        1.5046	          0.0022	   1.5370	2.733e-03	   0.079	    19.030
  25	13	 2.5875	 1.0377	   1.5024	        1.5046	          0.0022	   1.5724	1.926e-03	   0.078	    19.927
  26	13	 2.5743	 1.0247	   1.5024	        1.5046	          0.0022	   1.5005	4.068e-03	   0.071	    20.800
  27	14	 2.5586	 1.0192	   1.5024	        1.5046	          0.0022	   1.5190	6.631e-03	   0.080	    21.680
  28	14	 2.5631	 1.0278	   1.5024	        1.5046	          0.0022	   1.5650	2.664e-03	   0.077	    22.525
  29	15	 2.5558	 1.0238	   1.5024	        1.5046	          0.0022	   1.5266	4.476e-03	   0.072	    23.363
  30	15	 2.5566	 1.0282	   1.5024	        1.5046	          0.0022	   1.5544	2.468e-03	   0.078	    24.217
  31	16	 2.5443	 1.0292	   1.5024	        1.5046	          0.0022	   1.5428	2.007e-03	   0.069	    25.061
  32	16	 2.5481	 1.0294	   1.5024	        1.5046	          0.0022	   1.5417	1.937e-03	   0.075	    25.909
  33	17	 2.5423	 1.0262	   1.5024	        1.5046	          0.0022	   1.5281	3.385e-03	   0.083	    26.817
  34	17	 2.5399	 1.0302	   1.5024	        1.5046	          0.0022	   1.5524	1.588e-03	   0.065	    27.655
  35	18	 2.5441	 1.0273	   1.5024	        1.5046	          0.0022	   1.5303	2.893e-03	   0.073	    28.502
  36	18	 2.5290	 1.0319	   1.5024	        1.5046	          0.0022	   1.5539	8.297e-04	   0.079	    29.376
  37	19	 2.5139	 1.0391	   1.5024	        1.5046	          0.0022	   1.5647	2.442e-03	   0.078	    30.222
  38	19	 2.5194	 1.0305	   1.5024	        1.5046	          0.0022	   1.5122	1.423e-03	   0.079	    31.073
  39	20	 2.5193	 1.0304	   1.5024	        1.5046	          0.0022	   1.5411	1.475e-03	   0.071	    31.934
  40	20	 2.5145	 1.0316	   1.5024	        1.5046	          0.0023	   1.5450	9.677e-04	   0.080	    32.784
  41	21	 2.5088	 1.0340	   1.5024	        1.5046	          0.0023	   1.5516	3.292e-04	   0.071	    33.627
  42	21	 2.5007	 1.0340	   1.5023	        1.5046	          0.0023	   1.5398	3.236e-04	   0.075	    34.469
  43	22	 2.5037	 1.0364	   1.5024	        1.5046	          0.0023	   1.5538	1.254e-03	   0.083	    35.322
  44	22	 2.4975	 1.0342	   1.5023	        1.5046	          0.0023	   1.5322	3.783e-04	   0.078	    36.185
  45	23	 2.4942	 1.0299	   1.5024	        1.5046	          0.0023	   1.5186	1.730e-03	   0.078	    37.051
  46	23	 2.4869	 1.0342	   1.5023	        1.5046	          0.0023	   1.5608	3.320e-04	   0.078	    37.913
  47	24	 2.4820	 1.0394	   1.5024	        1.5046	          0.0023	   1.5694	2.564e-03	   0.071	    38.757
  48	24	 2.4855	 1.0348	   1.5023	        1.5046	          0.0023	   1.5209	5.557e-04	   0.090	    39.661
  49	25	 2.4829	 1.0320	   1.5023	        1.5046	          0.0023	   1.5275	7.964e-04	   0.081	    40.609
  50	25	 2.4802	 1.0361	   1.5023	        1.5046	          0.0023	   1.5631	1.100e-03	   0.081	    41.500
  51	26	 2.4788	 1.0292	   1.5023	        1.5046	          0.0023	   1.5023	2.010e-03	   0.074	    42.377
  52	26	 2.4802	 1.0358	   1.5023	        1.5046	          0.0023	   1.5796	9.660e-04	   0.073	    43.235
  53	27	 2.4757	 1.0340	   1.5023	        1.5046	          0.0023	   1.5273	2.518e-04	   0.079	    44.082
  54	27	 2.4750	 1.0367	   1.5023	        1.5046	          0.0023	   1.5625	1.365e-03	   0.073	    44.930
  55	28	 2.4824	 1.0401	   1.5024	        1.5046	          0.0023	   1.5682	2.852e-03	   0.070	    45.770
  56	28	 2.4757	 1.0357	   1.5023	        1.5046	          0.0023	   1.5143	9.332e-04	   0.087	    46.636
  57	29	 2.4722	 1.0324	   1.5023	        1.5046	          0.0023	   1.5205	6.196e-04	   0.084	    47.544
  58	29	 2.4727	 1.0354	   1.5023	        1.5046	          0.0023	   1.5611	7.845e-04	   0.067	    48.398
  59	30	 2.4712	 1.0378	   1.5023	        1.5046	          0.0023	   1.5596	1.849e-03	   0.075	    49.250
  60	30	 2.4704	 1.0349	   1.5023	        1.5046	          0.0023	   1.5233	5.604e-04	   0.080	    50.104
  61	31	 2.4621	 1.0364	   1.5023	        1.5046	          0.0023	   1.5480	1.227e-03	   0.072	    50.962
  62	31	 2.4660	 1.0357	   1.5023	        1.5046	          0.0023	   1.5425	9.341e-04	   0.077	    51.811
  63	32	 2.4601	 1.0339	   1.5023	        1.5046	          0.0023	   1.5270	1.794e-04	   0.078	    52.673
  64	32	 2.4622	 1.0356	   1.5023	        1.5046	          0.0023	   1.5549	8.799e-04	   0.074	    53.524
  65	33	 2.4627	 1.0330	   1.5023	        1.5046	          0.0023	   1.5262	3.416e-04	   0.076	    54.372
  66	33	 2.4590	 1.0347	   1.5023	        1.5046	          0.0023	   1.5486	4.655e-04	   0.075	    55.216
  67	34	 2.4584	 1.0356	   1.5023	        1.5046	          0.0023	   1.5503	8.567e-04	   0.078	    56.067
  68	34	 2.4579	 1.0348	   1.5023	        1.5046	          0.0023	   1.5359	5.191e-04	   0.070	    56.906
  69	35	 2.4563	 1.0367	   1.5023	        1.5046	          0.0023	   1.5564	1.346e-03	   0.077	    57.784
  70	35	 2.4546	 1.0349	   1.5023	        1.5046	          0.0023	   1.5280	5.541e-04	   0.078	    58.659
  71	36	 2.4480	 1.0336	   1.5023	        1.5046	          0.0023	   1.5261	1.391e-04	   0.073	    59.501
  72	36	 2.4483	 1.0360	   1.5023	        1.5046	          0.0023	   1.5637	1.043e-03	   0.085	    60.372
  73	37	 2.4411	 1.0349	   1.5023	        1.5046	          0.0023	   1.5296	5.493e-04	   0.082	    61.277
  74	37	 2.4430	 1.0366	   1.5023	        1.5046	          0.0023	   1.5577	1.300e-03	   0.076	    62.133
  75	38	 2.4447	 1.0340	   1.5023	        1.5046	          0.0023	   1.5214	1.877e-04	   0.080	    63.007
  76	38	 2.4441	 1.0368	   1.5023	        1.5046	          0.0023	   1.5657	1.367e-03	   0.075	    63.876
  77	39	 2.4429	 1.0368	   1.5023	        1.5046	          0.0023	   1.5434	1.389e-03	   0.078	    64.727
  78	39	 2.4464	 1.0355	   1.5023	        1.5046	          0.0023	   1.5334	7.930e-04	   0.075	    65.575
  79	40	 2.4450	 1.0412	   1.5024	        1.5046	          0.0023	   1.5928	3.328e-03	   0.073	    66.415
  80	40	 2.4451	 1.0353	   1.5023	        1.5046	          0.0023	   1.4926	7.309e-04	   0.082	    67.268
  81	41	 2.4433	 1.0370	   1.5023	        1.5046	          0.0023	   1.5561	1.475e-03	   0.072	    68.112
  82	41	 2.4430	 1.0353	   1.5023	        1.5046	          0.0023	   1.5279	7.048e-04	   0.075	    69.008
  83	42	 2.4424	 1.0420	   1.5024	        1.5046	          0.0023	   1.6081	3.641e-03	   0.084	    69.866
  84	42	 2.4414	 1.0347	   1.5023	        1.5046	          0.0023	   1.4720	4.654e-04	   0.069	    70.704
  85	43	 2.4413	 1.0391	   1.5023	        1.5046	          0.0023	   1.5844	2.368e-03	   0.077	    71.575
  86	43	 2.4385	 1.0356	   1.5023	        1.5046	          0.0023	   1.5083	8.338e-04	   0.072	    72.422
  87	44	 2.4398	 1.0389	   1.5023	        1.5046	          0.0023	   1.5778	2.279e-03	   0.070	    73.265
  88	44	 2.4403	 1.0350	   1.5023	        1.5046	          0.0023	   1.5044	6.018e-04	   0.075	    74.134
  89	45	 2.4372	 1.0325	   1.5023	        1.5046	          0.0023	   1.5137	5.459e-04	   0.072	    74.978
  90	45	 2.4386	 1.0355	   1.5023	        1.5046	          0.0023	   1.5733	8.018e-04	   0.077	    75.828
  91	46	 2.4410	 1.0365	   1.5023	        1.5046	          0.0023	   1.5505	1.254e-03	   0.075	    76.678
  92	46	 2.4383	 1.0358	   1.5023	        1.5046	          0.0023	   1.5373	9.118e-04	   0.072	    77.516
  93	47	 2.4428	 1.0318	   1.5023	        1.5046	          0.0023	   1.5064	8.614e-04	   0.084	    78.389
  94	47	 2.4368	 1.0355	   1.5023	        1.5046	          0.0023	   1.5726	7.843e-04	   0.073	    79.259
  95	48	 2.4350	 1.0341	   1.5023	        1.5046	          0.0023	   1.5261	1.746e-04	   0.080	    80.135
  96	48	 2.4331	 1.0357	   1.5023	        1.5046	          0.0023	   1.5581	8.699e-04	   0.089	    81.062
  97	49	 2.4309	 1.0342	   1.5023	        1.5046	          0.0023	   1.5225	2.348e-04	   0.073	    81.990
  98	49	 2.4319	 1.0360	   1.5023	        1.5046	          0.0023	   1.5661	1.034e-03	   0.074	    82.876
  99	50	 2.4289	 1.0368	   1.5023	        1.5046	          0.0023	   1.5463	1.371e-03	   0.079	    83.740
 100	50	 2.4290	 1.0361	   1.5023	        1.5046	          0.0023	   1.5381	1.043e-03	   0.080	    84.614
 101	51	 2.4264	 1.0340	   1.5023	        1.5046	          0.0023	   1.5168	1.436e-04	   0.073	    85.470
 102	51	 2.4283	 1.0350	   1.5023	        1.5046	          0.0023	   1.5558	5.558e-04	   0.073	    86.315
 103	52	 2.4306	 1.0336	   1.5023	        1.5046	          0.0023	   1.5300	8.748e-05	   0.086	    87.164
 104	52	 2.4262	 1.0353	   1.5023	        1.5046	          0.0023	   1.5558	7.054e-04	   0.076	    88.012
 105	53	 2.4257	 1.0358	   1.5023	        1.5046	          0.0023	   1.5456	9.243e-04	   0.077	    88.933
 106	53	 2.4262	 1.0352	   1.5023	        1.5046	          0.0023	   1.5373	6.624e-04	   0.087	    89.880
 107	54	 2.4260	 1.0338	   1.5023	        1.5046	          0.0023	   1.5241	6.531e-05	   0.083	    90.779
 108	54	 2.4265	 1.0354	   1.5023	        1.5046	          0.0023	   1.5631	7.336e-04	   0.074	    91.618
 109	55	 2.4222	 1.0328	   1.5023	        1.5046	          0.0023	   1.5081	4.352e-04	   0.078	    92.475
 110	55	 2.4254	 1.0352	   1.5023	        1.5046	          0.0023	   1.5734	6.399e-04	   0.069	    93.335
 111	56	 2.4251	 1.0345	   1.5023	        1.5046	          0.0023	   1.5316	3.219e-04	   0.075	    94.182
 112	56	 2.4243	 1.0354	   1.5023	        1.5046	          0.0023	   1.5548	7.355e-04	   0.082	    95.055
 113	57	 2.4263	 1.0349	   1.5023	        1.5046	          0.0023	   1.5399	5.329e-04	   0.073	    95.895
 114	57	 2.4255	 1.0342	   1.5023	        1.5046	          0.0023	   1.5303	2.289e-04	   0.070	    96.740
 115	58	 2.4292	 1.0324	   1.5023	        1.5046	          0.0023	   1.5229	6.189e-04	   0.078	    97.593
 116	58	 2.4261	 1.0341	   1.5023	        1.5046	          0.0023	   1.5600	1.931e-04	   0.074	    98.431
 117	59	 2.4251	 1.0323	   1.5023	        1.5046	          0.0023	   1.5152	6.723e-04	   0.082	    99.286
 118	59	 2.4245	 1.0344	   1.5023	        1.5046	          0.0023	   1.5691	2.880e-04	   0.073	   100.164
 119	60	 2.4231	 1.0331	   1.5023	        1.5046	          0.0023	   1.5200	3.143e-04	   0.074	   101.025
 120	60	 2.4243	 1.0348	   1.5023	        1.5046	          0.0023	   1.5675	4.621e-04	   0.084	   101.896
 121	61	 2.4229	 1.0341	   1.5023	        1.5046	          0.0023	   1.5317	1.769e-04	   0.073	   102.780
 122	61	 2.4226	 1.0353	   1.5023	        1.5046	          0.0023	   1.5588	6.888e-04	   0.075	   103.651
 123	62	 2.4209	 1.0344	   1.5023	        1.5046	          0.0023	   1.5312	3.153e-04	   0.079	   104.506
 124	62	 2.4209	 1.0352	   1.5023	        1.5046	          0.0023	   1.5503	6.353e-04	   0.079	   105.385
 125	63	 2.4213	 1.0347	   1.5023	        1.5046	          0.0023	   1.5371	4.247e-04	   0.076	   106.252
 126	63	 2.4193	 1.0361	   1.5023	        1.5046	          0.0023	   1.5599	1.067e-03	   0.072	   107.097
 127	64	 2.4221	 1.0380	   1.5023	        1.5046	          0.0023	   1.5736	1.909e-03	   0.077	   107.944
 128	64	 2.4187	 1.0365	   1.5023	        1.5046	          0.0023	   1.5174	1.214e-03	   0.078	   108.795
 129	65	 2.4165	 1.0377	   1.5023	        1.5046	          0.0023	   1.5576	1.751e-03	   0.078	   109.664
 130	65	 2.4166	 1.0367	   1.5023	        1.5046	          0.0023	   1.5300	1.332e-03	   0.085	   110.533
 131	66	 2.4146	 1.0367	   1.5023	        1.5046	          0.0023	   1.5387	1.330e-03	   0.074	   111.390
 132	66	 2.4152	 1.0361	   1.5023	        1.5046	          0.0023	   1.5356	1.060e-03	   0.083	   112.235
 133	67	 2.4170	 1.0384	   1.5023	        1.5046	          0.0023	   1.5792	2.070e-03	   0.079	   113.085
 134	67	 2.4156	 1.0344	   1.5023	        1.5046	          0.0023	   1.4812	3.046e-04	   0.068	   113.948
 135	68	 2.4161	 1.0311	   1.5023	        1.5046	          0.0023	   1.4906	1.199e-03	   0.079	   114.793
 136	68	 2.4148	 1.0350	   1.5023	        1.5046	          0.0023	   1.6004	5.754e-04	   0.086	   115.647
 137	69	 2.4159	 1.0341	   1.5023	        1.5046	          0.0023	   1.5281	1.566e-04	   0.074	   116.507
 138	69	 2.4163	 1.0344	   1.5023	        1.5046	          0.0023	   1.5481	2.696e-04	   0.073	   117.354
 139	70	 2.4139	 1.0355	   1.5023	        1.5046	          0.0023	   1.5557	7.920e-04	   0.069	   118.200
 140	70	 2.4145	 1.0344	   1.5023	        1.5046	          0.0023	   1.5274	3.067e-04	   0.080	   119.049
 141	71	 2.4161	 1.0352	   1.5023	        1.5046	          0.0023	   1.5548	6.353e-04	   0.073	   119.895
 142	71	 2.4142	 1.0344	   1.5023	        1.5046	          0.0023	   1.5285	2.873e-04	   0.067	   120.753
 143	72	 2.4123	 1.0351	   1.5023	        1.5046	          0.0023	   1.5524	6.133e-04	   0.092	   121.688
 144	72	 2.4141	 1.0345	   1.5023	        1.5046	          0.0023	   1.5345	3.480e-04	   0.079	   122.611
 145	73	 2.4141	 1.0335	   1.5023	        1.5046	          0.0023	   1.5250	1.228e-04	   0.075	   123.478
 146	73	 2.4136	 1.0338	   1.5023	        1.5046	          0.0023	   1.5461	3.388e-05	   0.079	   124.361
 147	74	 2.4108	 1.0333	   1.5023	        1.5046	          0.0023	   1.5282	2.112e-04	   0.073	   125.221
 148	74	 2.4120	 1.0344	   1.5023	        1.5046	          0.0023	   1.5626	2.672e-04	   0.077	   126.084
 149	75	 2.4095	 1.0321	   1.5023	        1.5046	          0.0023	   1.4982	7.282e-04	   0.082	   126.959
 150	75	 2.4116	 1.0345	   1.5023	        1.5046	          0.0023	   1.5863	3.176e-04	   0.071	   127.811
 151	76	 2.4113	 1.0348	   1.5023	        1.5046	          0.0023	   1.5457	4.574e-04	   0.077	   128.664
 152	76	 2.4106	 1.0354	   1.5023	        1.5046	          0.0023	   1.5533	7.499e-04	   0.079	   129.536
 153	77	 2.4111	 1.0348	   1.5023	        1.5046	          0.0023	   1.5308	4.792e-04	   0.079	   130.410
 154	77	 2.4106	 1.0356	   1.5023	        1.5046	          0.0023	   1.5563	8.237e-04	   0.074	   131.271
 155	78	 2.4106	 1.0369	   1.5023	        1.5046	          0.0023	   1.5658	1.389e-03	   0.068	   132.133
 156	78	 2.4097	 1.0354	   1.5023	        1.5046	          0.0023	   1.5141	7.150e-04	   0.077	   132.983
 157	79	 2.4110	 1.0359	   1.5023	        1.5046	          0.0023	   1.5535	9.739e-04	   0.077	   133.834
 158	79	 2.4098	 1.0349	   1.5023	        1.5046	          0.0023	   1.5244	5.258e-04	   0.078	   134.692
 159	80	 2.4119	 1.0345	   1.5023	        1.5046	          0.0023	   1.5360	3.111e-04	   0.079	   135.545
 160	80	 2.4117	 1.0339	   1.5023	        1.5046	          0.0023	   1.5311	5.019e-05	   0.079	   136.396
 161	81	 2.4115	 1.0308	   1.5023	        1.5046	          0.0023	   1.4837	1.360e-03	   0.075	   137.257
 162	81	 2.4124	 1.0341	   1.5023	        1.5046	          0.0023	   1.6034	1.481e-04	   0.075	   138.104
 163	82	 2.4112	 1.0336	   1.5023	        1.5046	          0.0023	   1.5314	6.980e-05	   0.075	   138.951
 164	82	 2.4106	 1.0340	   1.5023	        1.5046	          0.0023	   1.5477	9.449e-05	   0.083	   139.799
 165	83	 2.4097	 1.0358	   1.5023	        1.5046	          0.0023	   1.5720	9.151e-04	   0.074	   140.645
 166	83	 2.4098	 1.0341	   1.5023	        1.5046	          0.0023	   1.5119	1.353e-04	   0.077	   141.494
 167	84	 2.4093	 1.0356	   1.5023	        1.5046	          0.0023	   1.5702	8.296e-04	   0.078	   142.379
 168	84	 2.4108	 1.0335	   1.5023	        1.5046	          0.0023	   1.5052	1.164e-04	   0.067	   143.271
 169	85	 2.4093	 1.0332	   1.5023	        1.5046	          0.0023	   1.5325	2.520e-04	   0.077	   144.114
 170	85	 2.4106	 1.0327	   1.5023	        1.5046	          0.0023	   1.5337	4.962e-04	   0.079	   144.995
 171	86	 2.4119	 1.0322	   1.5023	        1.5046	          0.0023	   1.5378	6.849e-04	   0.069	   145.862
 172	86	 2.4107	 1.0325	   1.5023	        1.5046	          0.0023	   1.5427	5.544e-04	   0.077	   146.714
 173	87	 2.4085	 1.0338	   1.5023	        1.5046	          0.0023	   1.5642	2.781e-05	   0.083	   147.603
 174	87	 2.4099	 1.0324	   1.5023	        1.5046	          0.0023	   1.5148	6.084e-04	   0.068	   148.456
 175	88	 2.4104	 1.0345	   1.5023	        1.5046	          0.0023	   1.5854	3.395e-04	   0.073	   149.303
 176	88	 2.4092	 1.0327	   1.5023	        1.5046	          0.0023	   1.5035	4.599e-04	   0.079	   150.163
 177	89	 2.4099	 1.0334	   1.5023	        1.5046	          0.0023	   1.5557	1.780e-04	   0.080	   151.040
 178	89	 2.4087	 1.0329	   1.5023	        1.5046	          0.0023	   1.5299	3.758e-04	   0.076	   151.887
 179	90	 2.4089	 1.0319	   1.5023	        1.5046	          0.0023	   1.5199	8.518e-04	   0.073	   152.740
 180	90	 2.4089	 1.0332	   1.5023	        1.5046	          0.0023	   1.5685	2.593e-04	   0.077	   153.599
 181	91	 2.4059	 1.0340	   1.5023	        1.5046	          0.0023	   1.5520	1.230e-04	   0.071	   154.442
 182	91	 2.4081	 1.0330	   1.5023	        1.5046	          0.0023	   1.5255	3.354e-04	   0.075	   155.285
 183	92	 2.4057	 1.0314	   1.5023	        1.5046	          0.0023	   1.5042	1.055e-03	   0.083	   156.161
 184	92	 2.4080	 1.0324	   1.5023	        1.5046	          0.0023	   1.5639	6.222e-04	   0.075	   157.007
 185	93	 2.4062	 1.0337	   1.5023	        1.5046	          0.0023	   1.5649	3.659e-05	   0.078	   157.858
 186	93	 2.4076	 1.0322	   1.5023	        1.5046	          0.0023	   1.5111	7.244e-04	   0.079	   158.721
 187	94	 2.4080	 1.0342	   1.5023	        1.5046	          0.0023	   1.5838	1.708e-04	   0.078	   159.566
 188	94	 2.4072	 1.0319	   1.5023	        1.5046	          0.0023	   1.4920	8.468e-04	   0.079	   160.411
 189	95	 2.4052	 1.0327	   1.5023	        1.5046	          0.0023	   1.5537	5.009e-04	   0.076	   161.291
 190	95	 2.4072	 1.0316	   1.5023	        1.5046	          0.0023	   1.5230	9.750e-04	   0.087	   162.183
 191	96	 2.4071	 1.0303	   1.5023	        1.5046	          0.0023	   1.5139	1.581e-03	   0.083	   163.121
 192	96	 2.4076	 1.0316	   1.5023	        1.5046	          0.0023	   1.5664	9.992e-04	   0.074	   164.013
 193	97	 2.4061	 1.0320	   1.5023	        1.5046	          0.0023	   1.5473	8.177e-04	   0.081	   164.869
 194	97	 2.4072	 1.0313	   1.5023	        1.5046	          0.0023	   1.5282	1.116e-03	   0.077	   165.732
 195	98	 2.4069	 1.0329	   1.5023	        1.5046	          0.0023	   1.5743	4.123e-04	   0.072	   166.597
 196	98	 2.4071	 1.0312	   1.5023	        1.5046	          0.0023	   1.5032	1.180e-03	   0.078	   167.461
 197	99	 2.4084	 1.0304	   1.5023	        1.5046	          0.0023	   1.5247	1.541e-03	   0.078	   168.340
 198	99	 2.4081	 1.0309	   1.5023	        1.5046	          0.0023	   1.5536	1.272e-03	   0.082	   169.257
 199	100	 2.4079	 1.0317	   1.5023	        1.5046	          0.0023	   1.5557	9.492e-04	   0.086	   170.170
 200	100	 2.4072	 1.0310	   1.5023	        1.5046	          0.0023	   1.5244	1.261e-03	   0.077	   171.083
 201	101	 2.4087	 1.0307	   1.5023	        1.5046	          0.0023	   1.5376	1.380e-03	   0.075	   171.972
 202	101	 2.4079	 1.0304	   1.5023	        1.5046	          0.0023	   1.5320	1.513e-03	   0.070	   172.831
 203	102	 2.4085	 1.0318	   1.5023	        1.5046	          0.0023	   1.5748	8.646e-04	   0.072	   173.673
 204	102	 2.4080	 1.0307	   1.5023	        1.5046	          0.0023	   1.5130	1.398e-03	   0.079	   174.548
 205	103	 2.4090	 1.0302	   1.5023	        1.5046	          0.0023	   1.5321	1.626e-03	   0.069	   175.390
 206	103	 2.4080	 1.0309	   1.5023	        1.5046	          0.0023	   1.5536	1.286e-03	   0.076	   176.240
 207	104	 2.4063	 1.0318	   1.5023	        1.5046	          0.0023	   1.5578	8.802e-04	   0.080	   177.103
 208	104	 2.4081	 1.0314	   1.5023	        1.5046	          0.0023	   1.5354	1.061e-03	   0.067	   177.948
 209	105	 2.4075	 1.0320	   1.5023	        1.5046	          0.0023	   1.5539	7.906e-04	   0.074	   178.794
 210	105	 2.4076	 1.0309	   1.5023	        1.5046	          0.0023	   1.5133	1.308e-03	   0.076	   179.668
 211	106	 2.4083	 1.0303	   1.5023	        1.5046	          0.0023	   1.5305	1.554e-03	   0.074	   180.512
 212	106	 2.4067	 1.0309	   1.5023	        1.5046	          0.0023	   1.5504	1.273e-03	   0.077	   181.362
 213	107	 2.4064	 1.0311	   1.5023	        1.5046	          0.0023	   1.5446	1.204e-03	   0.073	   182.207
 214	107	 2.4068	 1.0313	   1.5023	        1.5046	          0.0023	   1.5455	1.102e-03	   0.076	   183.054
 215	108	 2.4079	 1.0309	   1.5023	        1.5046	          0.0023	   1.5333	1.295e-03	   0.085	   183.938
 216	108	 2.4072	 1.0312	   1.5023	        1.5046	          0.0023	   1.5458	1.156e-03	   0.081	   184.820
 217	109	 2.4078	 1.0310	   1.5023	        1.5046	          0.0023	   1.5373	1.243e-03	   0.077	   185.686
 218	109	 2.4076	 1.0308	   1.5023	        1.5046	          0.0023	   1.5323	1.360e-03	   0.073	   186.533
 219	110	 2.4051	 1.0309	   1.5023	        1.5046	          0.0023	   1.5374	1.293e-03	   0.084	   187.400
 220	110	 2.4071	 1.0312	   1.5023	        1.5046	          0.0023	   1.5519	1.170e-03	   0.085	   188.277
 221	111	 2.4069	 1.0315	   1.5023	        1.5046	          0.0023	   1.5505	1.007e-03	   0.071	   189.125
 222	111	 2.4062	 1.0316	   1.5023	        1.5046	          0.0023	   1.5393	9.744e-04	   0.073	   190.000
 223	112	 2.4057	 1.0315	   1.5023	        1.5046	          0.0023	   1.5339	1.032e-03	   0.081	   190.871
 224	112	 2.4064	 1.0316	   1.5023	        1.5046	          0.0023	   1.5458	9.967e-04	   0.075	   191.751
 225	113	 2.4056	 1.0320	   1.5023	        1.5046	          0.0023	   1.5491	7.956e-04	   0.077	   192.599
 226	113	 2.4065	 1.0315	   1.5023	        1.5046	          0.0023	   1.5300	1.033e-03	   0.070	   193.441
 227	114	 2.4075	 1.0311	   1.5023	        1.5046	          0.0023	   1.5338	1.195e-03	   0.076	   194.289
 228	114	 2.4065	 1.0314	   1.5023	        1.5046	          0.0023	   1.5466	1.052e-03	   0.080	   195.158
 229	115	 2.4058	 1.0323	   1.5023	        1.5046	          0.0023	   1.5591	6.846e-04	   0.070	   195.998
 230	115	 2.4060	 1.0319	   1.5023	        1.5046	          0.0023	   1.5337	8.374e-04	   0.079	   196.851
 231	116	 2.4053	 1.0308	   1.5023	        1.5046	          0.0023	   1.5097	1.345e-03	   0.073	   197.700
 232	116	 2.4062	 1.0320	   1.5023	        1.5046	          0.0023	   1.5739	8.093e-04	   0.071	   198.560
 233	117	 2.4061	 1.0314	   1.5023	        1.5046	          0.0023	   1.5276	1.064e-03	   0.081	   199.413
 234	117	 2.4063	 1.0317	   1.5023	        1.5046	          0.0023	   1.5460	9.542e-04	   0.073	   200.273
 235	118	 2.4059	 1.0311	   1.5023	        1.5046	          0.0023	   1.5261	1.207e-03	   0.073	   201.121
 236	118	 2.4062	 1.0317	   1.5023	        1.5046	          0.0023	   1.5570	9.166e-04	   0.083	   201.997
 237	119	 2.4076	 1.0315	   1.5023	        1.5046	          0.0023	   1.5363	1.030e-03	   0.075	   202.885
 238	119	 2.4069	 1.0315	   1.5023	        1.5046	          0.0023	   1.5416	1.002e-03	   0.076	   203.754
 239	120	 2.4052	 1.0321	   1.5023	        1.5046	          0.0023	   1.5535	7.329e-04	   0.076	   204.635
 240	120	 2.4063	 1.0318	   1.5023	        1.5046	          0.0023	   1.5320	9.073e-04	   0.080	   205.532
 241	121	 2.4049	 1.0311	   1.5023	        1.5046	          0.0023	   1.5190	1.202e-03	   0.073	   206.398
 242	121	 2.4060	 1.0318	   1.5023	        1.5046	          0.0023	   1.5630	8.724e-04	   0.070	   207.239
 243	122	 2.4044	 1.0314	   1.5023	        1.5046	          0.0023	   1.5243	1.085e-03	   0.084	   208.098
 244	122	 2.4054	 1.0321	   1.5023	        1.5046	          0.0023	   1.5625	7.640e-04	   0.078	   208.967
 245	123	 2.4028	 1.0324	   1.5023	        1.5046	          0.0023	   1.5458	6.303e-04	   0.070	   209.835
 246	123	 2.4051	 1.0323	   1.5023	        1.5046	          0.0023	   1.5414	6.660e-04	   0.065	   210.608
 247	124	 2.4054	 1.0319	   1.5023	        1.5046	          0.0023	   1.5332	8.246e-04	   0.095	   211.439
 248	124	 2.4046	 1.0324	   1.5023	        1.5046	          0.0023	   1.5498	6.340e-04	   0.062	   212.217
 249	125	 2.4044	 1.0325	   1.5023	        1.5046	          0.0023	   1.5461	5.875e-04	   0.061	   212.932
 250	125	 2.4044	 1.0325	   1.5023	        1.5046	          0.0023	   1.5382	5.928e-04	   0.058	   213.635
 251	126	 2.4039	 1.0314	   1.5023	        1.5046	          0.0023	   1.5109	1.074e-03	   0.064	   214.316
 252	126	 2.4056	 1.0318	   1.5023	        1.5046	          0.0023	   1.5565	8.687e-04	   0.068	   215.018
 253	127	 2.4056	 1.0321	   1.5023	        1.5046	          0.0023	   1.5467	7.624e-04	   0.059	   215.700
 254	127	 2.4056	 1.0318	   1.5023	        1.5046	          0.0023	   1.5316	9.021e-04	   0.055	   216.377
 255	128	 2.4050	 1.0326	   1.5023	        1.5046	          0.0023	   1.5671	5.150e-04	   0.070	   217.072
 256	128	 2.4066	 1.0317	   1.5023	        1.5046	          0.0023	   1.5138	9.338e-04	   0.061	   217.772
 257	129	 2.4069	 1.0312	   1.5023	        1.5046	          0.0023	   1.5267	1.172e-03	   0.059	   218.455
 258	129	 2.4068	 1.0315	   1.5023	        1.5046	          0.0023	   1.5507	1.017e-03	   0.061	   219.142
 259	130	 2.4064	 1.0303	   1.5023	        1.5046	          0.0023	   1.5041	1.560e-03	   0.055	   219.838
 260	130	 2.4070	 1.0313	   1.5023	        1.5046	          0.0023	   1.5718	1.107e-03	   0.062	   220.525
 261	131	 2.4069	 1.0318	   1.5023	        1.5046	          0.0023	   1.5536	8.866e-04	   0.055	   221.200
 262	131	 2.4073	 1.0312	   1.5023	        1.5046	          0.0023	   1.5260	1.153e-03	   0.063	   221.907
 263	132	 2.4076	 1.0329	   1.5023	        1.5046	          0.0023	   1.5911	4.006e-04	   0.060	   222.616
 264	132	 2.4067	 1.0312	   1.5023	        1.5046	          0.0023	   1.4850	1.176e-03	   0.061	   223.320
 265	133	 2.4070	 1.0310	   1.5023	        1.5046	          0.0023	   1.5338	1.255e-03	   0.060	   224.033
 266	133	 2.4070	 1.0313	   1.5023	        1.5046	          0.0023	   1.5533	1.103e-03	   0.050	   224.705
 267	134	 2.4066	 1.0310	   1.5023	        1.5046	          0.0023	   1.5302	1.246e-03	   0.053	   225.349
 268	134	 2.4071	 1.0313	   1.5023	        1.5046	          0.0023	   1.5500	1.124e-03	   0.066	   226.057
 269	135	 2.4065	 1.0319	   1.5023	        1.5046	          0.0023	   1.5593	8.381e-04	   0.053	   226.714
 270	135	 2.4080	 1.0307	   1.5023	        1.5046	          0.0023	   1.5069	1.387e-03	   0.061	   227.389
 271	136	 2.4075	 1.0312	   1.5023	        1.5046	          0.0023	   1.5562	1.165e-03	   0.061	   228.082
 272	136	 2.4078	 1.0312	   1.5023	        1.5046	          0.0023	   1.5392	1.172e-03	   0.055	   228.753
 273	137	 2.4075	 1.0312	   1.5023	        1.5046	          0.0023	   1.5404	1.161e-03	   0.065	   229.409
 274	137	 2.4080	 1.0314	   1.5023	        1.5046	          0.0023	   1.5480	1.076e-03	   0.045	   230.042
 275	138	 2.4080	 1.0327	   1.5023	        1.5046	          0.0023	   1.5823	4.679e-04	   0.063	   230.702
 276	138	 2.4085	 1.0313	   1.5023	        1.5046	          0.0023	   1.4992	1.099e-03	   0.060	   231.356
 277	139	 2.4089	 1.0313	   1.5023	        1.5046	          0.0023	   1.5380	1.124e-03	   0.049	   232.017
 278	139	 2.4085	 1.0317	   1.5023	        1.5046	          0.0023	   1.5537	9.431e-04	   0.060	   232.671
 279	140	 2.4079	 1.0315	   1.5023	        1.5046	          0.0023	   1.5316	1.044e-03	   0.047	   233.316
 280	140	 2.4084	 1.0320	   1.5023	        1.5046	          0.0023	   1.5600	7.927e-04	   0.058	   233.976
 281	141	 2.4089	 1.0321	   1.5023	        1.5046	          0.0023	   1.5455	7.654e-04	   0.063	   234.637
 282	141	 2.4082	 1.0322	   1.5023	        1.5046	          0.0023	   1.5405	7.197e-04	   0.055	   235.303
 283	142	 2.4073	 1.0311	   1.5023	        1.5046	          0.0023	   1.5004	1.212e-03	   0.059	   236.025
 284	142	 2.4077	 1.0327	   1.5023	        1.5046	          0.0023	   1.5957	4.972e-04	   0.060	   236.700
 285	143	 2.4058	 1.0331	   1.5023	        1.5046	          0.0023	   1.5525	2.853e-04	   0.060	   237.372
 286	143	 2.4075	 1.0328	   1.5023	        1.5046	          0.0023	   1.5337	4.263e-04	   0.061	   238.057
 287	144	 2.4082	 1.0320	   1.5023	        1.5046	          0.0023	   1.5168	7.924e-04	   0.042	   238.717
 288	144	 2.4076	 1.0332	   1.5023	        1.5046	          0.0023	   1.5766	2.605e-04	   0.065	   239.385
 289	145	 2.4072	 1.0324	   1.5023	        1.5046	          0.0023	   1.5147	6.066e-04	   0.059	   240.065
 290	145	 2.4079	 1.0329	   1.5023	        1.5046	          0.0023	   1.5589	3.938e-04	   0.053	   240.727
 291	146	 2.4074	 1.0339	   1.5023	        1.5046	          0.0023	   1.5731	4.104e-05	   0.061	   241.400
 292	146	 2.4071	 1.0332	   1.5023	        1.5046	          0.0023	   1.5178	2.530e-04	   0.059	   242.126
 293	147	 2.4086	 1.0328	   1.5023	        1.5046	          0.0023	   1.5312	4.160e-04	   0.070	   242.846
 294	147	 2.4068	 1.0334	   1.5023	        1.5046	          0.0023	   1.5556	1.771e-04	   0.057	   243.521
 295	148	 2.4075	 1.0333	   1.5023	        1.5046	          0.0023	   1.5411	2.082e-04	   0.062	   244.249
 296	148	 2.4066	 1.0333	   1.5023	        1.5046	          0.0023	   1.5382	1.964e-04	   0.056	   244.929
 297	149	 2.4063	 1.0338	   1.5023	        1.5046	          0.0023	   1.5537	7.352e-06	   0.056	   245.586
 298	149	 2.4062	 1.0332	   1.5023	        1.5046	          0.0023	   1.5243	2.562e-04	   0.055	   246.228
 299	150	 2.4070	 1.0329	   1.5023	        1.5046	          0.0023	   1.5338	3.936e-04	   0.050	   246.876
 300	150	 2.4060	 1.0331	   1.5023	        1.5046	          0.0023	   1.5456	2.847e-04	   0.051	   247.526
 301	151	 2.4075	 1.0335	   1.5023	        1.5046	          0.0023	   1.5559	1.160e-04	   0.060	   248.189
 302	151	 2.4067	 1.0328	   1.5023	        1.5046	          0.0023	   1.5159	4.521e-04	   0.063	   248.850
 303	152	 2.4069	 1.0329	   1.5023	        1.5046	          0.0023	   1.5476	3.799e-04	   0.050	   249.493
 304	152	 2.4067	 1.0326	   1.5023	        1.5046	          0.0023	   1.5281	5.368e-04	   0.053	   250.143
 305	153	 2.4061	 1.0335	   1.5023	        1.5046	          0.0023	   1.5731	1.009e-04	   0.060	   250.820
 306	153	 2.4068	 1.0325	   1.5023	        1.5046	          0.0023	   1.5053	5.671e-04	   0.052	   251.458
 307	154	 2.4071	 1.0316	   1.5023	        1.5046	          0.0023	   1.5095	9.806e-04	   0.055	   252.115
 308	154	 2.4065	 1.0326	   1.5023	        1.5046	          0.0023	   1.5744	5.322e-04	   0.057	   252.780
 309	155	 2.4068	 1.0323	   1.5023	        1.5046	          0.0023	   1.5318	6.546e-04	   0.057	   253.431
 310	155	 2.4052	 1.0329	   1.5023	        1.5046	          0.0023	   1.5595	3.716e-04	   0.064	   254.125
 311	156	 2.4049	 1.0334	   1.5023	        1.5046	          0.0023	   1.5525	1.647e-04	   0.051	   254.762
 312	156	 2.4054	 1.0327	   1.5023	        1.5046	          0.0023	   1.5216	4.726e-04	   0.053	   255.412
 313	157	 2.4056	 1.0320	   1.5023	        1.5046	          0.0023	   1.5154	8.073e-04	   0.066	   256.099
 314	157	 2.4056	 1.0328	   1.5023	        1.5046	          0.0023	   1.5680	4.551e-04	   0.052	   256.759
 315	158	 2.4048	 1.0326	   1.5023	        1.5046	          0.0023	   1.5326	5.401e-04	   0.065	   257.415
 316	158	 2.4057	 1.0328	   1.5023	        1.5046	          0.0023	   1.5505	4.519e-04	   0.055	   258.074
 317	159	 2.4036	 1.0336	   1.5023	        1.5046	          0.0023	   1.5613	9.358e-05	   0.053	   258.750
 318	159	 2.4050	 1.0329	   1.5023	        1.5046	          0.0023	   1.5241	3.715e-04	   0.063	   259.421
 319	160	 2.4042	 1.0326	   1.5023	        1.5046	          0.0023	   1.5237	5.379e-04	   0.048	   260.122
 320	160	 2.4049	 1.0327	   1.5023	        1.5046	          0.0023	   1.5473	4.997e-04	   0.059	   260.796
 321	161	 2.4044	 1.0319	   1.5023	        1.5046	          0.0023	   1.5130	8.247e-04	   0.055	   261.450
 322	161	 2.4050	 1.0326	   1.5023	        1.5046	          0.0023	   1.5680	5.225e-04	   0.061	   262.100
 323	162	 2.4054	 1.0328	   1.5023	        1.5046	          0.0023	   1.5494	4.304e-04	   0.057	   262.753
 324	162	 2.4045	 1.0329	   1.5023	        1.5046	          0.0023	   1.5433	3.846e-04	   0.048	   263.398
 325	163	 2.4050	 1.0331	   1.5023	        1.5046	          0.0023	   1.5500	2.840e-04	   0.060	   264.049
 326	163	 2.4047	 1.0330	   1.5023	        1.5046	          0.0023	   1.5351	3.406e-04	   0.060	   264.723
 327	164	 2.4045	 1.0324	   1.5023	        1.5046	          0.0023	   1.5202	6.110e-04	   0.047	   265.358
 328	164	 2.4053	 1.0333	   1.5023	        1.5046	          0.0023	   1.5742	2.163e-04	   0.061	   266.014
 329	165	 2.4061	 1.0323	   1.5023	        1.5046	          0.0023	   1.5064	6.546e-04	   0.064	   266.696
 330	165	 2.4061	 1.0332	   1.5023	        1.5046	          0.0023	   1.5755	2.527e-04	   0.064	   267.394
 331	166	 2.4055	 1.0339	   1.5023	        1.5046	          0.0023	   1.5655	3.430e-05	   0.065	   268.059
 332	166	 2.4056	 1.0331	   1.5023	        1.5046	          0.0023	   1.5141	2.808e-04	   0.048	   268.720
 333	167	 2.4056	 1.0336	   1.5023	        1.5046	          0.0023	   1.5594	7.282e-05	   0.064	   269.412
 334	167	 2.4055	 1.0331	   1.5023	        1.5046	          0.0023	   1.5227	2.890e-04	   0.062	   270.086
 335	168	 2.4054	 1.0334	   1.5023	        1.5046	          0.0023	   1.5518	1.848e-04	   0.060	   270.738
 336	168	 2.4052	 1.0331	   1.5023	        1.5046	          0.0023	   1.5309	2.887e-04	   0.061	   271.392
 337	169	 2.4060	 1.0338	   1.5023	        1.5046	          0.0023	   1.5680	8.130e-06	   0.052	   272.057
 338	169	 2.4053	 1.0329	   1.5023	        1.5046	          0.0023	   1.5080	3.715e-04	   0.065	   272.733
 339	170	 2.4045	 1.0320	   1.5023	        1.5046	          0.0023	   1.4999	7.840e-04	   0.058	   273.393
 340	170	 2.4052	 1.0327	   1.5023	        1.5046	          0.0023	   1.5716	4.789e-04	   0.050	   274.033
 341	171	 2.4057	 1.0330	   1.5023	        1.5046	          0.0023	   1.5569	3.375e-04	   0.059	   274.711
 342	171	 2.4049	 1.0330	   1.5023	        1.5046	          0.0023	   1.5372	3.375e-04	   0.066	   275.434
 343	172	 2.4048	 1.0333	   1.5023	        1.5046	          0.0023	   1.5523	2.290e-04	   0.067	   276.118
 344	172	 2.4042	 1.0332	   1.5023	        1.5046	          0.0023	   1.5341	2.708e-04	   0.059	   276.799
 345	173	 2.4036	 1.0328	   1.5023	        1.5046	          0.0023	   1.5276	4.200e-04	   0.053	   277.464
 346	173	 2.4038	 1.0330	   1.5023	        1.5046	          0.0023	   1.5444	3.712e-04	   0.057	   278.109
 347	174	 2.4044	 1.0337	   1.5023	        1.5046	          0.0023	   1.5746	2.292e-05	   0.054	   278.757
 348	174	 2.4032	 1.0328	   1.5023	        1.5046	          0.0023	   1.4993	4.543e-04	   0.057	   279.407
 349	175	 2.4042	 1.0321	   1.5023	        1.5046	          0.0023	   1.5179	7.720e-04	   0.059	   280.056
 350	175	 2.4036	 1.0330	   1.5023	        1.5046	          0.0023	   1.5762	3.307e-04	   0.056	   280.734
 351	176	 2.4038	 1.0325	   1.5023	        1.5046	          0.0023	   1.5221	5.623e-04	   0.062	   281.376
 352	176	 2.4035	 1.0332	   1.5023	        1.5046	          0.0023	   1.5647	2.666e-04	   0.053	   282.025
 353	177	 2.4034	 1.0331	   1.5023	        1.5046	          0.0023	   1.5425	2.878e-04	   0.055	   282.674
 354	177	 2.4031	 1.0331	   1.5023	        1.5046	          0.0023	   1.5340	3.212e-04	   0.053	   283.335
 355	178	 2.4026	 1.0339	   1.5023	        1.5046	          0.0023	   1.5710	4.975e-05	   0.067	   283.999
 356	178	 2.4026	 1.0331	   1.5023	        1.5046	          0.0023	   1.5094	3.203e-04	   0.060	   284.658
 357	179	 2.4031	 1.0333	   1.5023	        1.5046	          0.0023	   1.5502	2.331e-04	   0.057	   285.341
 358	179	 2.4023	 1.0330	   1.5023	        1.5046	          0.0023	   1.5292	3.436e-04	   0.058	   286.004
 359	180	 2.4023	 1.0327	   1.5023	        1.5046	          0.0023	   1.5232	5.061e-04	   0.052	   286.644
 360	180	 2.4023	 1.0329	   1.5023	        1.5046	          0.0023	   1.5529	4.126e-04	   0.062	   287.299
 361	181	 2.4022	 1.0318	   1.5023	        1.5046	          0.0023	   1.4968	9.005e-04	   0.049	   287.936
 362	181	 2.4019	 1.0328	   1.5023	        1.5046	          0.0023	   1.5831	4.223e-04	   0.065	   288.632
 363	182	 2.4035	 1.0329	   1.5023	        1.5046	          0.0023	   1.5476	4.046e-04	   0.063	   289.306
 364	182	 2.4027	 1.0327	   1.5023	        1.5046	          0.0023	   1.5300	5.036e-04	   0.051	   289.942
 365	183	 2.4032	 1.0331	   1.5023	        1.5046	          0.0023	   1.5624	2.880e-04	   0.065	   290.615
 366	183	 2.4018	 1.0328	   1.5023	        1.5046	          0.0023	   1.5238	4.245e-04	   0.057	   291.314
 367	184	 2.4012	 1.0330	   1.5023	        1.5046	          0.0023	   1.5438	3.640e-04	   0.049	   291.979
 368	184	 2.4015	 1.0330	   1.5023	        1.5046	          0.0023	   1.5464	3.391e-04	   0.069	   292.665
 369	185	 2.4018	 1.0330	   1.5023	        1.5046	          0.0023	   1.5424	3.319e-04	   0.054	   293.335
 370	185	 2.4015	 1.0333	   1.5023	        1.5046	          0.0023	   1.5530	2.093e-04	   0.058	   293.987
 371	186	 2.4010	 1.0342	   1.5023	        1.5046	          0.0023	   1.5797	1.998e-04	   0.064	   294.639
 372	186	 2.4016	 1.0337	   1.5023	        1.5046	          0.0023	   1.5190	3.853e-05	   0.055	   295.282
 373	187	 2.4016	 1.0341	   1.5023	        1.5046	          0.0023	   1.5562	1.434e-04	   0.065	   295.934
 374	187	 2.4016	 1.0337	   1.5023	        1.5046	          0.0023	   1.5271	3.794e-05	   0.052	   296.582
 375	188	 2.4020	 1.0335	   1.5023	        1.5046	          0.0023	   1.5332	1.310e-04	   0.068	   297.258
 376	188	 2.4012	 1.0336	   1.5023	        1.5046	          0.0023	   1.5471	5.987e-05	   0.066	   297.960
 377	189	 2.4012	 1.0341	   1.5023	        1.5046	          0.0023	   1.5630	1.526e-04	   0.049	   298.635
 378	189	 2.4012	 1.0337	   1.5023	        1.5046	          0.0023	   1.5240	2.354e-05	   0.062	   299.322
 379	190	 2.4007	 1.0345	   1.5023	        1.5046	          0.0023	   1.5688	3.088e-04	   0.048	   299.971
 380	190	 2.4008	 1.0339	   1.5023	        1.5046	          0.0023	   1.5212	6.708e-05	   0.063	   300.640
 381	191	 2.4016	 1.0332	   1.5023	        1.5046	          0.0023	   1.5138	2.610e-04	   0.056	   301.339
 382	191	 2.4012	 1.0338	   1.5023	        1.5046	          0.0023	   1.5655	1.620e-05	   0.053	   302.009
 383	192	 2.4010	 1.0336	   1.5023	        1.5046	          0.0023	   1.5348	6.961e-05	   0.062	   302.687
 384	192	 2.4008	 1.0341	   1.5023	        1.5046	          0.0023	   1.5576	1.250e-04	   0.061	   303.387
 385	193	 2.4015	 1.0339	   1.5023	        1.5046	          0.0023	   1.5347	4.619e-05	   0.060	   304.079
 386	193	 2.4007	 1.0338	   1.5023	        1.5046	          0.0023	   1.5385	2.943e-05	   0.057	   304.778
 387	194	 2.4009	 1.0348	   1.5023	        1.5046	          0.0023	   1.5852	4.579e-04	   0.053	   305.467
 388	194	 2.4003	 1.0339	   1.5023	        1.5046	          0.0023	   1.5012	7.434e-05	   0.062	   306.120
 389	195	 2.4004	 1.0335	   1.5023	        1.5046	          0.0023	   1.5252	1.143e-04	   0.069	   306.805
 390	195	 2.4005	 1.0343	   1.5023	        1.5046	          0.0023	   1.5729	2.190e-04	   0.052	   307.510
 391	196	 2.4013	 1.0340	   1.5023	        1.5046	          0.0023	   1.5348	1.012e-04	   0.061	   308.197
 392	196	 2.4009	 1.0341	   1.5023	        1.5046	          0.0023	   1.5413	1.270e-04	   0.063	   308.864
 393	197	 2.4010	 1.0351	   1.5023	        1.5046	          0.0023	   1.5859	5.716e-04	   0.058	   309.530
 394	197	 2.4010	 1.0342	   1.5023	        1.5046	          0.0023	   1.5046	1.888e-04	   0.057	   310.192
 395	198	 2.4006	 1.0349	   1.5023	        1.5046	          0.0023	   1.5689	4.862e-04	   0.059	   310.845
 396	198	 2.4006	 1.0344	   1.5023	        1.5046	          0.0023	   1.5198	2.568e-04	   0.061	   311.495
 397	199	 2.4009	 1.0348	   1.5023	        1.5046	          0.0023	   1.5642	4.469e-04	   0.056	   312.126
 398	199	 2.4007	 1.0347	   1.5023	        1.5046	          0.0023	   1.5345	4.072e-04	   0.044	   312.743
 399	200	 2.4005	 1.0348	   1.5023	        1.5046	          0.0023	   1.5425	4.466e-04	   0.050	   313.379
 400	200	 2.3999	 1.0348	   1.5023	        1.5046	          0.0023	   1.5443	4.676e-04	   0.060	   314.000

[BSGD] Finished on device cuda -> σ_f² ≈ 2.3999, σ_ε² ≈ 1.0348
