[GPU 7][JOB 120] 'python cli.py bsgd --n 1024 --lengthscale 0.5 --sigma-f2-true 4.0 --sigma-eps2-true 1.0 --n-epochs 200 --device auto --kernel-mode finite --theta-min 1e-4 --theta-max 20.0 --print-every 1 --seed 9 --batch-size 1024 --sigma-f2-init 5.0 --sigma-eps2-init 3.0 --alpha1 9.0 '

=== BSGD (biased SGD on exact kernel) ===
iter	epoch	σ_f²	σ_ε²	real_nlml	real_nlml_true	real_nlml_abs_err	mini_nlml	||grad||	duration_s	wall_time_s
   1	 1	 4.8037	 2.0595	   1.6069	        1.5186	          0.0883	   1.6069	1.149e-01	   0.507	     0.569
   2	 2	 4.7423	 1.5426	   1.5498	        1.5186	          0.0312	   1.5498	1.002e-01	   0.082	     1.118
   3	 3	 4.7154	 1.2419	   1.5246	        1.5186	          0.0060	   1.5246	6.089e-02	   0.105	     1.910
   4	 4	 4.7027	 1.1049	   1.5186	        1.5186	          0.0000	   1.5186	2.300e-02	   0.108	     2.844
   5	 5	 4.6958	 1.0635	   1.5180	        1.5186	          0.0006	   1.5180	7.237e-03	   0.130	     3.799
   6	 6	 4.6911	 1.0526	   1.5179	        1.5186	          0.0007	   1.5179	2.680e-03	   0.110	     4.760
   7	 7	 4.6876	 1.0492	   1.5179	        1.5186	          0.0007	   1.5179	1.194e-03	   0.115	     5.736
   8	 8	 4.6846	 1.0478	   1.5179	        1.5186	          0.0007	   1.5179	6.102e-04	   0.108	     6.731
   9	 9	 4.6821	 1.0472	   1.5179	        1.5186	          0.0007	   1.5179	3.453e-04	   0.099	     7.732
  10	10	 4.6800	 1.0469	   1.5179	        1.5186	          0.0007	   1.5179	2.119e-04	   0.113	     8.740
  11	11	 4.6781	 1.0468	   1.5179	        1.5186	          0.0007	   1.5179	1.397e-04	   0.105	     9.765
  12	12	 4.6764	 1.0467	   1.5179	        1.5186	          0.0007	   1.5179	9.866e-05	   0.114	    10.781
  13	13	 4.6749	 1.0466	   1.5179	        1.5186	          0.0007	   1.5179	7.464e-05	   0.095	    11.824
  14	14	 4.6736	 1.0466	   1.5179	        1.5186	          0.0007	   1.5179	6.036e-05	   0.104	    12.965
  15	15	 4.6723	 1.0465	   1.5179	        1.5186	          0.0007	   1.5179	5.174e-05	   0.122	    14.133
  16	16	 4.6712	 1.0465	   1.5179	        1.5186	          0.0007	   1.5179	4.643e-05	   0.109	    15.114
  17	17	 4.6702	 1.0465	   1.5179	        1.5186	          0.0007	   1.5179	4.304e-05	   0.108	    16.104
  18	18	 4.6692	 1.0465	   1.5179	        1.5186	          0.0007	   1.5179	4.077e-05	   0.103	    17.093
  19	19	 4.6683	 1.0465	   1.5179	        1.5186	          0.0007	   1.5179	3.917e-05	   0.100	    18.119
  20	20	 4.6675	 1.0465	   1.5179	        1.5186	          0.0007	   1.5179	3.797e-05	   0.108	    19.142
  21	21	 4.6667	 1.0465	   1.5179	        1.5186	          0.0007	   1.5179	3.702e-05	   0.108	    20.198
  22	22	 4.6659	 1.0465	   1.5179	        1.5186	          0.0007	   1.5179	3.624e-05	   0.108	    21.254
  23	23	 4.6653	 1.0465	   1.5179	        1.5186	          0.0007	   1.5179	3.557e-05	   0.103	    22.277
  24	24	 4.6646	 1.0465	   1.5179	        1.5186	          0.0007	   1.5179	3.498e-05	   0.098	    23.301
  25	25	 4.6640	 1.0465	   1.5179	        1.5186	          0.0007	   1.5179	3.444e-05	   0.111	    24.303
  26	26	 4.6634	 1.0465	   1.5179	        1.5186	          0.0007	   1.5179	3.395e-05	   0.113	    25.293
  27	27	 4.6628	 1.0465	   1.5179	        1.5186	          0.0007	   1.5179	3.349e-05	   0.111	    26.283
  28	28	 4.6623	 1.0465	   1.5179	        1.5186	          0.0007	   1.5179	3.306e-05	   0.113	    27.275
  29	29	 4.6618	 1.0465	   1.5179	        1.5186	          0.0007	   1.5179	3.266e-05	   0.112	    28.277
  30	30	 4.6613	 1.0465	   1.5179	        1.5186	          0.0007	   1.5179	3.228e-05	   0.113	    29.276
  31	31	 4.6609	 1.0465	   1.5179	        1.5186	          0.0007	   1.5179	3.192e-05	   0.120	    30.292
  32	32	 4.6604	 1.0465	   1.5179	        1.5186	          0.0007	   1.5179	3.157e-05	   0.102	    31.294
  33	33	 4.6600	 1.0465	   1.5179	        1.5186	          0.0007	   1.5179	3.124e-05	   0.104	    32.313
  34	34	 4.6596	 1.0465	   1.5179	        1.5186	          0.0007	   1.5179	3.092e-05	   0.095	    33.302
  35	35	 4.6592	 1.0465	   1.5179	        1.5186	          0.0007	   1.5179	3.061e-05	   0.112	    34.301
  36	36	 4.6588	 1.0465	   1.5179	        1.5186	          0.0007	   1.5179	3.032e-05	   0.105	    35.290
  37	37	 4.6585	 1.0465	   1.5179	        1.5186	          0.0007	   1.5179	3.004e-05	   0.103	    36.280
  38	38	 4.6581	 1.0465	   1.5179	        1.5186	          0.0007	   1.5179	2.976e-05	   0.113	    37.298
  39	39	 4.6578	 1.0465	   1.5179	        1.5186	          0.0007	   1.5179	2.950e-05	   0.102	    38.372
  40	40	 4.6574	 1.0465	   1.5179	        1.5186	          0.0007	   1.5179	2.925e-05	   0.112	    39.452
  41	41	 4.6571	 1.0465	   1.5179	        1.5186	          0.0007	   1.5179	2.900e-05	   0.124	    40.513
  42	42	 4.6568	 1.0465	   1.5179	        1.5186	          0.0007	   1.5179	2.876e-05	   0.118	    41.567
  43	43	 4.6565	 1.0465	   1.5179	        1.5186	          0.0007	   1.5179	2.853e-05	   0.127	    42.619
  44	44	 4.6562	 1.0465	   1.5179	        1.5186	          0.0007	   1.5179	2.831e-05	   0.108	    43.635
  45	45	 4.6560	 1.0465	   1.5179	        1.5186	          0.0007	   1.5179	2.809e-05	   0.118	    44.644
  46	46	 4.6557	 1.0465	   1.5179	        1.5186	          0.0007	   1.5179	2.788e-05	   0.109	    45.632
  47	47	 4.6554	 1.0465	   1.5179	        1.5186	          0.0007	   1.5179	2.767e-05	   0.105	    46.623
  48	48	 4.6552	 1.0465	   1.5179	        1.5186	          0.0007	   1.5179	2.747e-05	   0.100	    47.613
  49	49	 4.6549	 1.0465	   1.5179	        1.5186	          0.0007	   1.5179	2.728e-05	   0.099	    48.612
  50	50	 4.6547	 1.0465	   1.5179	        1.5186	          0.0007	   1.5179	2.709e-05	   0.105	    49.623
  51	51	 4.6544	 1.0465	   1.5179	        1.5186	          0.0007	   1.5179	2.691e-05	   0.113	    50.636
  52	52	 4.6542	 1.0465	   1.5179	        1.5186	          0.0007	   1.5179	2.673e-05	   0.105	    51.655
  53	53	 4.6540	 1.0465	   1.5179	        1.5186	          0.0007	   1.5179	2.655e-05	   0.105	    52.671
  54	54	 4.6538	 1.0465	   1.5179	        1.5186	          0.0007	   1.5179	2.638e-05	   0.104	    53.657
  55	55	 4.6536	 1.0465	   1.5179	        1.5186	          0.0007	   1.5179	2.622e-05	   0.115	    54.653
  56	56	 4.6534	 1.0465	   1.5179	        1.5186	          0.0007	   1.5179	2.605e-05	   0.115	    55.645
  57	57	 4.6532	 1.0465	   1.5179	        1.5186	          0.0007	   1.5179	2.590e-05	   0.110	    56.633
  58	58	 4.6530	 1.0465	   1.5179	        1.5186	          0.0007	   1.5179	2.574e-05	   0.117	    57.623
  59	59	 4.6528	 1.0465	   1.5179	        1.5186	          0.0007	   1.5179	2.559e-05	   0.109	    58.639
  60	60	 4.6526	 1.0465	   1.5179	        1.5186	          0.0007	   1.5179	2.544e-05	   0.114	    59.659
  61	61	 4.6524	 1.0465	   1.5179	        1.5186	          0.0007	   1.5179	2.530e-05	   0.116	    60.707
  62	62	 4.6522	 1.0465	   1.5179	        1.5186	          0.0007	   1.5179	2.515e-05	   0.103	    61.755
  63	63	 4.6520	 1.0465	   1.5179	        1.5186	          0.0007	   1.5179	2.502e-05	   0.116	    62.802
  64	64	 4.6519	 1.0465	   1.5179	        1.5186	          0.0007	   1.5179	2.488e-05	   0.095	    63.820
  65	65	 4.6517	 1.0465	   1.5179	        1.5186	          0.0007	   1.5179	2.475e-05	   0.112	    64.820
  66	66	 4.6515	 1.0465	   1.5179	        1.5186	          0.0007	   1.5179	2.462e-05	   0.103	    65.811
  67	67	 4.6514	 1.0465	   1.5179	        1.5186	          0.0007	   1.5179	2.449e-05	   0.099	    66.801
  68	68	 4.6512	 1.0465	   1.5179	        1.5186	          0.0007	   1.5179	2.436e-05	   0.108	    67.798
  69	69	 4.6510	 1.0465	   1.5179	        1.5186	          0.0007	   1.5179	2.424e-05	   0.108	    68.792
  70	70	 4.6509	 1.0465	   1.5179	        1.5186	          0.0007	   1.5179	2.412e-05	   0.122	    69.811
  71	71	 4.6507	 1.0465	   1.5179	        1.5186	          0.0007	   1.5179	2.400e-05	   0.122	    70.810
  72	72	 4.6506	 1.0465	   1.5179	        1.5186	          0.0007	   1.5179	2.389e-05	   0.110	    71.822
  73	73	 4.6504	 1.0465	   1.5179	        1.5186	          0.0007	   1.5179	2.377e-05	   0.115	    72.839
  74	74	 4.6503	 1.0465	   1.5179	        1.5186	          0.0007	   1.5179	2.366e-05	   0.111	    73.826
  75	75	 4.6502	 1.0465	   1.5179	        1.5186	          0.0007	   1.5179	2.355e-05	   0.113	    74.820
  76	76	 4.6500	 1.0465	   1.5179	        1.5186	          0.0007	   1.5179	2.344e-05	   0.103	    75.807
  77	77	 4.6499	 1.0465	   1.5179	        1.5186	          0.0007	   1.5179	2.334e-05	   0.107	    76.855
  78	78	 4.6498	 1.0465	   1.5179	        1.5186	          0.0007	   1.5179	2.323e-05	   0.108	    77.924
  79	79	 4.6496	 1.0465	   1.5179	        1.5186	          0.0007	   1.5179	2.313e-05	   0.106	    79.000
  80	80	 4.6495	 1.0465	   1.5179	        1.5186	          0.0007	   1.5179	2.303e-05	   0.111	    80.056
  81	81	 4.6494	 1.0465	   1.5179	        1.5186	          0.0007	   1.5179	2.293e-05	   0.123	    81.154
  82	82	 4.6493	 1.0465	   1.5179	        1.5186	          0.0007	   1.5179	2.283e-05	   0.123	    82.280
  83	83	 4.6491	 1.0465	   1.5179	        1.5186	          0.0007	   1.5179	2.274e-05	   0.114	    83.359
  84	84	 4.6490	 1.0465	   1.5179	        1.5186	          0.0007	   1.5179	2.264e-05	   0.109	    84.380
  85	85	 4.6489	 1.0465	   1.5179	        1.5186	          0.0007	   1.5179	2.255e-05	   0.111	    85.369
  86	86	 4.6488	 1.0465	   1.5179	        1.5186	          0.0007	   1.5179	2.246e-05	   0.111	    86.358
  87	87	 4.6487	 1.0465	   1.5179	        1.5186	          0.0007	   1.5179	2.237e-05	   0.108	    87.343
  88	88	 4.6485	 1.0465	   1.5179	        1.5186	          0.0007	   1.5179	2.228e-05	   0.117	    88.341
  89	89	 4.6484	 1.0465	   1.5179	        1.5186	          0.0007	   1.5179	2.219e-05	   0.105	    89.331
  90	90	 4.6483	 1.0465	   1.5179	        1.5186	          0.0007	   1.5179	2.211e-05	   0.105	    90.341
  91	91	 4.6482	 1.0465	   1.5179	        1.5186	          0.0007	   1.5179	2.202e-05	   0.108	    91.339
  92	92	 4.6481	 1.0465	   1.5179	        1.5186	          0.0007	   1.5179	2.194e-05	   0.101	    92.364
  93	93	 4.6480	 1.0465	   1.5179	        1.5186	          0.0007	   1.5179	2.186e-05	   0.108	    93.388
  94	94	 4.6479	 1.0465	   1.5179	        1.5186	          0.0007	   1.5179	2.178e-05	   0.102	    94.375
  95	95	 4.6478	 1.0465	   1.5179	        1.5186	          0.0007	   1.5179	2.170e-05	   0.106	    95.370
  96	96	 4.6477	 1.0465	   1.5179	        1.5186	          0.0007	   1.5179	2.162e-05	   0.097	    96.360
  97	97	 4.6476	 1.0465	   1.5179	        1.5186	          0.0007	   1.5179	2.154e-05	   0.104	    97.350
  98	98	 4.6475	 1.0465	   1.5179	        1.5186	          0.0007	   1.5179	2.146e-05	   0.114	    98.350
  99	99	 4.6474	 1.0465	   1.5179	        1.5186	          0.0007	   1.5179	2.139e-05	   0.109	    99.364
 100	100	 4.6473	 1.0465	   1.5179	        1.5186	          0.0007	   1.5179	2.131e-05	   0.117	   100.387
 101	101	 4.6472	 1.0465	   1.5179	        1.5186	          0.0007	   1.5179	2.124e-05	   0.123	   101.415
 102	102	 4.6471	 1.0465	   1.5179	        1.5186	          0.0007	   1.5179	2.117e-05	   0.126	   102.482
 103	103	 4.6470	 1.0465	   1.5179	        1.5186	          0.0007	   1.5179	2.109e-05	   0.115	   103.542
 104	104	 4.6470	 1.0465	   1.5179	        1.5186	          0.0007	   1.5179	2.102e-05	   0.104	   104.540
 105	105	 4.6469	 1.0465	   1.5179	        1.5186	          0.0007	   1.5179	2.095e-05	   0.103	   105.530
 106	106	 4.6468	 1.0465	   1.5179	        1.5186	          0.0007	   1.5179	2.089e-05	   0.103	   106.522
 107	107	 4.6467	 1.0465	   1.5179	        1.5186	          0.0007	   1.5179	2.082e-05	   0.099	   107.516
 108	108	 4.6466	 1.0465	   1.5179	        1.5186	          0.0007	   1.5179	2.075e-05	   0.099	   108.507
 109	109	 4.6465	 1.0465	   1.5179	        1.5186	          0.0007	   1.5179	2.068e-05	   0.096	   109.501
 110	110	 4.6464	 1.0465	   1.5179	        1.5186	          0.0007	   1.5179	2.062e-05	   0.106	   110.521
 111	111	 4.6464	 1.0465	   1.5179	        1.5186	          0.0007	   1.5179	2.055e-05	   0.115	   111.519
 112	112	 4.6463	 1.0465	   1.5179	        1.5186	          0.0007	   1.5179	2.049e-05	   0.109	   112.547
 113	113	 4.6462	 1.0465	   1.5179	        1.5186	          0.0007	   1.5179	2.043e-05	   0.120	   113.565
 114	114	 4.6461	 1.0465	   1.5179	        1.5186	          0.0007	   1.5179	2.036e-05	   0.112	   114.554
 115	115	 4.6460	 1.0465	   1.5179	        1.5186	          0.0007	   1.5179	2.030e-05	   0.110	   115.543
 116	116	 4.6460	 1.0465	   1.5179	        1.5186	          0.0007	   1.5179	2.024e-05	   0.119	   116.592
 117	117	 4.6459	 1.0465	   1.5179	        1.5186	          0.0007	   1.5179	2.018e-05	   0.117	   117.638
 118	118	 4.6458	 1.0465	   1.5179	        1.5186	          0.0007	   1.5179	2.012e-05	   0.109	   118.654
 119	119	 4.6457	 1.0465	   1.5179	        1.5186	          0.0007	   1.5179	2.006e-05	   0.100	   119.661
 120	120	 4.6457	 1.0465	   1.5179	        1.5186	          0.0007	   1.5179	2.000e-05	   0.107	   120.690
 121	121	 4.6456	 1.0465	   1.5179	        1.5186	          0.0007	   1.5179	1.994e-05	   0.120	   121.736
 122	122	 4.6455	 1.0465	   1.5179	        1.5186	          0.0007	   1.5179	1.989e-05	   0.110	   122.824
 123	123	 4.6454	 1.0465	   1.5179	        1.5186	          0.0007	   1.5179	1.983e-05	   0.115	   123.885
 124	124	 4.6454	 1.0465	   1.5179	        1.5186	          0.0007	   1.5179	1.977e-05	   0.092	   124.883
 125	125	 4.6453	 1.0465	   1.5179	        1.5186	          0.0007	   1.5179	1.972e-05	   0.106	   125.887
 126	126	 4.6452	 1.0465	   1.5179	        1.5186	          0.0007	   1.5179	1.966e-05	   0.098	   126.875
 127	127	 4.6452	 1.0465	   1.5179	        1.5186	          0.0007	   1.5179	1.961e-05	   0.116	   127.869
 128	128	 4.6451	 1.0465	   1.5179	        1.5186	          0.0007	   1.5179	1.956e-05	   0.116	   128.865
 129	129	 4.6450	 1.0465	   1.5179	        1.5186	          0.0007	   1.5179	1.950e-05	   0.109	   129.848
 130	130	 4.6450	 1.0465	   1.5179	        1.5186	          0.0007	   1.5179	1.945e-05	   0.118	   130.867
 131	131	 4.6449	 1.0465	   1.5179	        1.5186	          0.0007	   1.5179	1.940e-05	   0.111	   131.850
 132	132	 4.6448	 1.0465	   1.5179	        1.5186	          0.0007	   1.5179	1.935e-05	   0.114	   132.885
 133	133	 4.6448	 1.0465	   1.5179	        1.5186	          0.0007	   1.5179	1.930e-05	   0.117	   133.890
 134	134	 4.6447	 1.0465	   1.5179	        1.5186	          0.0007	   1.5179	1.925e-05	   0.098	   134.881
 135	135	 4.6446	 1.0465	   1.5179	        1.5186	          0.0007	   1.5179	1.920e-05	   0.104	   135.880
 136	136	 4.6446	 1.0465	   1.5179	        1.5186	          0.0007	   1.5179	1.915e-05	   0.100	   136.873
 137	137	 4.6445	 1.0465	   1.5179	        1.5186	          0.0007	   1.5179	1.910e-05	   0.103	   137.862
 138	138	 4.6445	 1.0465	   1.5179	        1.5186	          0.0007	   1.5179	1.905e-05	   0.103	   138.859
 139	139	 4.6444	 1.0465	   1.5179	        1.5186	          0.0007	   1.5179	1.900e-05	   0.097	   139.869
 140	140	 4.6443	 1.0465	   1.5179	        1.5186	          0.0007	   1.5179	1.895e-05	   0.115	   140.901
 141	141	 4.6443	 1.0465	   1.5179	        1.5186	          0.0007	   1.5179	1.891e-05	   0.124	   141.939
 142	142	 4.6442	 1.0465	   1.5179	        1.5186	          0.0007	   1.5179	1.886e-05	   0.119	   143.019
 143	143	 4.6442	 1.0465	   1.5179	        1.5186	          0.0007	   1.5179	1.882e-05	   0.122	   144.055
 144	144	 4.6441	 1.0465	   1.5179	        1.5186	          0.0007	   1.5179	1.877e-05	   0.103	   145.060
 145	145	 4.6440	 1.0465	   1.5179	        1.5186	          0.0007	   1.5179	1.872e-05	   0.113	   146.055
 146	146	 4.6440	 1.0465	   1.5179	        1.5186	          0.0007	   1.5179	1.868e-05	   0.111	   147.044
 147	147	 4.6439	 1.0465	   1.5179	        1.5186	          0.0007	   1.5179	1.863e-05	   0.108	   148.031
 148	148	 4.6439	 1.0465	   1.5179	        1.5186	          0.0007	   1.5179	1.859e-05	   0.106	   149.027
 149	149	 4.6438	 1.0465	   1.5179	        1.5186	          0.0007	   1.5179	1.855e-05	   0.090	   150.010
 150	150	 4.6438	 1.0465	   1.5179	        1.5186	          0.0007	   1.5179	1.850e-05	   0.111	   151.033
 151	151	 4.6437	 1.0465	   1.5179	        1.5186	          0.0007	   1.5179	1.846e-05	   0.103	   152.022
 152	152	 4.6437	 1.0465	   1.5179	        1.5186	          0.0007	   1.5179	1.842e-05	   0.112	   153.062
 153	153	 4.6436	 1.0465	   1.5179	        1.5186	          0.0007	   1.5179	1.838e-05	   0.120	   154.077
 154	154	 4.6435	 1.0465	   1.5179	        1.5186	          0.0007	   1.5179	1.833e-05	   0.089	   155.123
 155	155	 4.6435	 1.0465	   1.5179	        1.5186	          0.0007	   1.5179	1.829e-05	   0.118	   156.218
 156	156	 4.6434	 1.0465	   1.5179	        1.5186	          0.0007	   1.5179	1.825e-05	   0.119	   157.260
 157	157	 4.6434	 1.0465	   1.5179	        1.5186	          0.0007	   1.5179	1.821e-05	   0.126	   158.326
 158	158	 4.6433	 1.0465	   1.5179	        1.5186	          0.0007	   1.5179	1.817e-05	   0.122	   159.375
 159	159	 4.6433	 1.0465	   1.5179	        1.5186	          0.0007	   1.5179	1.813e-05	   0.109	   160.393
 160	160	 4.6432	 1.0465	   1.5179	        1.5186	          0.0007	   1.5179	1.809e-05	   0.133	   161.465
 161	161	 4.6432	 1.0465	   1.5179	        1.5186	          0.0007	   1.5179	1.805e-05	   0.118	   162.509
 162	162	 4.6431	 1.0465	   1.5179	        1.5186	          0.0007	   1.5179	1.801e-05	   0.115	   163.585
 163	163	 4.6431	 1.0465	   1.5179	        1.5186	          0.0007	   1.5179	1.797e-05	   0.109	   164.615
 164	164	 4.6430	 1.0465	   1.5179	        1.5186	          0.0007	   1.5179	1.794e-05	   0.093	   165.628
 165	165	 4.6430	 1.0465	   1.5179	        1.5186	          0.0007	   1.5179	1.790e-05	   0.102	   166.630
 166	166	 4.6429	 1.0465	   1.5179	        1.5186	          0.0007	   1.5179	1.786e-05	   0.103	   167.622
 167	167	 4.6429	 1.0465	   1.5179	        1.5186	          0.0007	   1.5179	1.782e-05	   0.104	   168.615
 168	168	 4.6429	 1.0465	   1.5179	        1.5186	          0.0007	   1.5179	1.779e-05	   0.102	   169.612
 169	169	 4.6428	 1.0465	   1.5179	        1.5186	          0.0007	   1.5179	1.775e-05	   0.099	   170.597
 170	170	 4.6428	 1.0465	   1.5179	        1.5186	          0.0007	   1.5179	1.771e-05	   0.115	   171.617
 171	171	 4.6427	 1.0465	   1.5179	        1.5186	          0.0007	   1.5179	1.768e-05	   0.114	   172.610
 172	172	 4.6427	 1.0465	   1.5179	        1.5186	          0.0007	   1.5179	1.764e-05	   0.113	   173.643
 173	173	 4.6426	 1.0465	   1.5179	        1.5186	          0.0007	   1.5179	1.760e-05	   0.116	   174.635
 174	174	 4.6426	 1.0465	   1.5179	        1.5186	          0.0007	   1.5179	1.757e-05	   0.103	   175.638
 175	175	 4.6425	 1.0465	   1.5179	        1.5186	          0.0007	   1.5179	1.753e-05	   0.119	   176.638
 176	176	 4.6425	 1.0465	   1.5179	        1.5186	          0.0007	   1.5179	1.750e-05	   0.109	   177.629
 177	177	 4.6424	 1.0465	   1.5179	        1.5186	          0.0007	   1.5179	1.746e-05	   0.099	   178.611
 178	178	 4.6424	 1.0465	   1.5179	        1.5186	          0.0007	   1.5179	1.743e-05	   0.102	   179.609
 179	179	 4.6424	 1.0465	   1.5179	        1.5186	          0.0007	   1.5179	1.740e-05	   0.102	   180.608
 180	180	 4.6423	 1.0465	   1.5179	        1.5186	          0.0007	   1.5179	1.736e-05	   0.125	   181.672
 181	181	 4.6423	 1.0465	   1.5179	        1.5186	          0.0007	   1.5179	1.733e-05	   0.110	   182.697
 182	182	 4.6422	 1.0465	   1.5179	        1.5186	          0.0007	   1.5179	1.729e-05	   0.110	   183.761
 183	183	 4.6422	 1.0465	   1.5179	        1.5186	          0.0007	   1.5179	1.726e-05	   0.105	   184.792
 184	184	 4.6421	 1.0465	   1.5179	        1.5186	          0.0007	   1.5179	1.723e-05	   0.099	   185.811
 185	185	 4.6421	 1.0465	   1.5179	        1.5186	          0.0007	   1.5179	1.720e-05	   0.116	   186.819
 186	186	 4.6421	 1.0465	   1.5179	        1.5186	          0.0007	   1.5179	1.716e-05	   0.111	   187.809
 187	187	 4.6420	 1.0465	   1.5179	        1.5186	          0.0007	   1.5179	1.713e-05	   0.114	   188.795
 188	188	 4.6420	 1.0465	   1.5179	        1.5186	          0.0007	   1.5179	1.710e-05	   0.114	   189.789
 189	189	 4.6419	 1.0465	   1.5179	        1.5186	          0.0007	   1.5179	1.707e-05	   0.114	   190.776
 190	190	 4.6419	 1.0465	   1.5179	        1.5186	          0.0007	   1.5179	1.704e-05	   0.117	   191.792
 191	191	 4.6419	 1.0465	   1.5179	        1.5186	          0.0007	   1.5179	1.700e-05	   0.105	   192.776
 192	192	 4.6418	 1.0465	   1.5179	        1.5186	          0.0007	   1.5179	1.697e-05	   0.114	   193.831
 193	193	 4.6418	 1.0465	   1.5179	        1.5186	          0.0007	   1.5179	1.694e-05	   0.109	   194.881
 194	194	 4.6417	 1.0465	   1.5179	        1.5186	          0.0007	   1.5179	1.691e-05	   0.097	   195.948
 195	195	 4.6417	 1.0465	   1.5179	        1.5186	          0.0007	   1.5179	1.688e-05	   0.104	   196.954
 196	196	 4.6417	 1.0465	   1.5179	        1.5186	          0.0007	   1.5179	1.685e-05	   0.099	   197.923
 197	197	 4.6416	 1.0465	   1.5179	        1.5186	          0.0007	   1.5179	1.682e-05	   0.098	   198.880
 198	198	 4.6416	 1.0465	   1.5179	        1.5186	          0.0007	   1.5179	1.679e-05	   0.101	   199.827
 199	199	 4.6416	 1.0465	   1.5179	        1.5186	          0.0007	   1.5179	1.676e-05	   0.114	   200.803
 200	200	 4.6415	 1.0465	   1.5179	        1.5186	          0.0007	   1.5179	1.673e-05	   0.111	   201.782

[BSGD] Finished on device cuda -> σ_f² ≈ 4.6415, σ_ε² ≈ 1.0465
