[GPU 3][JOB 124] 'python cli.py bsgd --n 1024 --lengthscale 0.5 --sigma-f2-true 4.0 --sigma-eps2-true 1.0 --n-epochs 200 --device auto --kernel-mode finite --theta-min 1e-4 --theta-max 20.0 --print-every 1 --seed 3 --batch-size 256 --sigma-f2-init 5.0 --sigma-eps2-init 3.0 --alpha1 9.0 '

=== BSGD (biased SGD on exact kernel) ===
iter	epoch	σ_f²	σ_ε²	real_nlml	real_nlml_true	real_nlml_abs_err	mini_nlml	||grad||	duration_s	wall_time_s
   1	 1	 4.4755	 2.1944	   1.6258	        1.5214	          0.1044	   1.7510	1.144e-01	   0.216	     0.236
   2	 1	 4.3031	 1.7487	   1.5750	        1.5214	          0.0537	   1.7071	1.103e-01	   0.002	     0.432
   3	 1	 4.2445	 1.4599	   1.5451	        1.5214	          0.0238	   1.6676	9.342e-02	   0.002	     0.462
   4	 1	 4.1715	 1.2747	   1.5299	        1.5214	          0.0085	   1.6538	6.800e-02	   0.002	     0.493
   5	 2	 4.1349	 1.1481	   1.5230	        1.5214	          0.0017	   1.6273	3.791e-02	   0.002	     0.523
   6	 2	 4.1167	 1.1320	   1.5225	        1.5214	          0.0011	   1.6774	3.300e-02	   0.002	     0.553
   7	 2	 4.1623	 1.0882	   1.5214	        1.5214	          0.0000	   1.6488	1.805e-02	   0.002	     0.588
   8	 2	 4.1196	 1.0791	   1.5212	        1.5214	          0.0002	   1.6436	1.460e-02	   0.002	     0.618
   9	 3	 4.1058	 1.0531	   1.5210	        1.5214	          0.0004	   1.6336	4.108e-03	   0.002	     0.654
  10	 3	 4.1253	 1.0316	   1.5210	        1.5214	          0.0004	   1.6298	5.370e-03	   0.002	     0.685
  11	 3	 4.1083	 1.0421	   1.5209	        1.5214	          0.0004	   1.6468	6.475e-04	   0.002	     0.718
  12	 3	 4.1171	 1.0620	   1.5210	        1.5214	          0.0004	   1.6744	7.824e-03	   0.002	     0.750
  13	 4	 4.1054	 1.0837	   1.5213	        1.5214	          0.0001	   1.6783	1.634e-02	   0.002	     0.781
  14	 4	 4.1025	 1.0630	   1.5210	        1.5214	          0.0004	   1.6272	8.209e-03	   0.002	     0.810
  15	 4	 4.0783	 1.0602	   1.5210	        1.5214	          0.0004	   1.6412	7.058e-03	   0.002	     0.841
  16	 4	 4.0870	 1.0484	   1.5209	        1.5214	          0.0004	   1.6370	2.089e-03	   0.002	     0.871
  17	 5	 4.0916	 1.0665	   1.5210	        1.5214	          0.0003	   1.6940	9.628e-03	   0.002	     0.906
  18	 5	 4.0759	 1.0961	   1.5215	        1.5214	          0.0001	   1.7087	2.091e-02	   0.002	     0.938
  19	 5	 4.0697	 1.0512	   1.5209	        1.5214	          0.0004	   1.5491	3.287e-03	   0.003	     0.969
  20	 5	 4.0753	 1.0365	   1.5209	        1.5214	          0.0004	   1.6184	3.140e-03	   0.002	     0.999
  21	 6	 4.0756	 1.0704	   1.5211	        1.5214	          0.0003	   1.7240	1.120e-02	   0.002	     1.031
  22	 6	 4.0773	 1.0720	   1.5211	        1.5214	          0.0003	   1.6692	1.182e-02	   0.002	     1.064
  23	 6	 4.0751	 1.0469	   1.5209	        1.5214	          0.0004	   1.5857	1.439e-03	   0.002	     1.096
  24	 6	 4.0731	 1.0292	   1.5210	        1.5214	          0.0004	   1.5880	6.490e-03	   0.002	     1.125
  25	 7	 4.0739	 1.0404	   1.5209	        1.5214	          0.0004	   1.6717	1.408e-03	   0.002	     1.158
  26	 7	 4.0576	 1.0307	   1.5210	        1.5214	          0.0004	   1.6027	5.805e-03	   0.002	     1.208
  27	 7	 4.0683	 1.0463	   1.5209	        1.5214	          0.0004	   1.6941	1.189e-03	   0.002	     1.239
  28	 7	 4.0667	 1.0288	   1.5210	        1.5214	          0.0004	   1.5894	6.655e-03	   0.002	     1.269
  29	 8	 4.0561	 1.0226	   1.5210	        1.5214	          0.0003	   1.6137	9.591e-03	   0.002	     1.302
  30	 8	 4.0714	 1.0248	   1.5210	        1.5214	          0.0004	   1.6616	8.515e-03	   0.002	     1.333
  31	 8	 4.0637	 1.0313	   1.5210	        1.5214	          0.0004	   1.6496	5.503e-03	   0.002	     1.365
  32	 8	 4.0705	 1.0414	   1.5209	        1.5214	          0.0004	   1.6821	9.587e-04	   0.002	     1.398
  33	 9	 4.0655	 1.0587	   1.5210	        1.5214	          0.0004	   1.6993	6.461e-03	   0.002	     1.428
  34	 9	 4.0604	 1.0532	   1.5209	        1.5214	          0.0004	   1.6314	4.150e-03	   0.002	     1.459
  35	 9	 4.0644	 1.0434	   1.5209	        1.5214	          0.0004	   1.6140	1.139e-04	   0.002	     1.490
  36	 9	 4.0651	 1.0488	   1.5209	        1.5214	          0.0004	   1.6686	2.285e-03	   0.002	     1.521
  37	10	 4.0628	 1.0387	   1.5209	        1.5214	          0.0004	   1.6041	2.143e-03	   0.002	     1.551
  38	10	 4.0644	 1.0403	   1.5209	        1.5214	          0.0004	   1.6568	1.430e-03	   0.002	     1.582
  39	10	 4.0646	 1.0407	   1.5209	        1.5214	          0.0004	   1.6489	1.277e-03	   0.002	     1.612
  40	10	 4.0686	 1.0437	   1.5209	        1.5214	          0.0004	   1.6572	1.011e-04	   0.002	     1.643
  41	11	 4.0821	 1.0489	   1.5209	        1.5214	          0.0004	   1.6896	2.336e-03	   0.002	     1.673
  42	11	 4.0791	 1.0441	   1.5209	        1.5214	          0.0004	   1.6160	2.370e-04	   0.002	     1.703
  43	11	 4.0705	 1.0483	   1.5209	        1.5214	          0.0004	   1.6548	2.061e-03	   0.002	     1.734
  44	11	 4.0700	 1.0405	   1.5209	        1.5214	          0.0004	   1.6065	1.377e-03	   0.002	     1.764
  45	12	 4.0801	 1.0387	   1.5209	        1.5214	          0.0004	   1.6467	2.174e-03	   0.002	     1.795
  46	12	 4.0729	 1.0439	   1.5209	        1.5214	          0.0004	   1.6654	1.517e-04	   0.002	     1.826
  47	12	 4.0744	 1.0429	   1.5209	        1.5214	          0.0004	   1.6399	3.035e-04	   0.002	     1.856
  48	12	 4.0676	 1.0389	   1.5209	        1.5214	          0.0004	   1.6148	2.060e-03	   0.002	     1.886
  49	13	 4.0671	 1.0431	   1.5209	        1.5214	          0.0004	   1.6611	2.164e-04	   0.002	     1.916
  50	13	 4.0677	 1.0370	   1.5209	        1.5214	          0.0004	   1.6124	2.932e-03	   0.002	     1.946
  51	13	 4.0711	 1.0323	   1.5210	        1.5214	          0.0004	   1.6249	5.061e-03	   0.002	     1.976
  52	13	 4.0647	 1.0461	   1.5209	        1.5214	          0.0004	   1.7061	1.093e-03	   0.002	     2.006
  53	14	 4.0624	 1.0477	   1.5209	        1.5214	          0.0004	   1.6530	1.801e-03	   0.002	     2.036
  54	14	 4.0621	 1.0421	   1.5209	        1.5214	          0.0004	   1.6173	6.670e-04	   0.002	     2.066
  55	14	 4.0571	 1.0449	   1.5209	        1.5214	          0.0004	   1.6509	5.848e-04	   0.002	     2.097
  56	14	 4.0643	 1.0519	   1.5209	        1.5214	          0.0004	   1.7030	3.588e-03	   0.002	     2.127
  57	15	 4.0622	 1.0429	   1.5209	        1.5214	          0.0004	   1.5817	2.872e-04	   0.002	     2.157
  58	15	 4.0663	 1.0412	   1.5209	        1.5214	          0.0004	   1.6372	1.029e-03	   0.002	     2.187
  59	15	 4.0629	 1.0342	   1.5209	        1.5214	          0.0004	   1.5903	4.165e-03	   0.002	     2.217
  60	15	 4.0655	 1.0447	   1.5209	        1.5214	          0.0004	   1.7251	5.162e-04	   0.002	     2.247
  61	16	 4.0663	 1.0361	   1.5209	        1.5214	          0.0004	   1.5862	3.324e-03	   0.002	     2.277
  62	16	 4.0682	 1.0422	   1.5209	        1.5214	          0.0004	   1.6948	5.900e-04	   0.002	     2.308
  63	16	 4.0707	 1.0384	   1.5209	        1.5214	          0.0004	   1.6242	2.269e-03	   0.002	     2.338
  64	16	 4.0661	 1.0457	   1.5209	        1.5214	          0.0004	   1.6857	9.291e-04	   0.004	     2.386
  65	17	 4.0597	 1.0495	   1.5209	        1.5214	          0.0004	   1.6670	2.587e-03	   0.002	     2.419
  66	17	 4.0593	 1.0463	   1.5209	        1.5214	          0.0004	   1.6258	1.204e-03	   0.002	     2.450
  67	17	 4.0636	 1.0460	   1.5209	        1.5214	          0.0004	   1.6503	1.063e-03	   0.002	     2.481
  68	17	 4.0662	 1.0434	   1.5209	        1.5214	          0.0004	   1.6300	1.132e-04	   0.002	     2.511
  69	18	 4.0672	 1.0432	   1.5209	        1.5214	          0.0004	   1.6472	1.953e-04	   0.002	     2.542
  70	18	 4.0692	 1.0450	   1.5209	        1.5214	          0.0004	   1.6640	6.412e-04	   0.002	     2.572
  71	18	 4.0691	 1.0405	   1.5209	        1.5214	          0.0004	   1.6079	1.371e-03	   0.002	     2.602
  72	18	 4.0697	 1.0418	   1.5209	        1.5214	          0.0004	   1.6611	7.819e-04	   0.002	     2.633
  73	19	 4.0687	 1.0455	   1.5209	        1.5214	          0.0004	   1.6720	8.414e-04	   0.002	     2.663
  74	19	 4.0715	 1.0513	   1.5209	        1.5214	          0.0004	   1.7016	3.357e-03	   0.002	     2.693
  75	19	 4.0671	 1.0482	   1.5209	        1.5214	          0.0004	   1.6122	2.005e-03	   0.002	     2.723
  76	19	 4.0673	 1.0426	   1.5209	        1.5214	          0.0004	   1.5965	4.446e-04	   0.002	     2.754
  77	20	 4.0659	 1.0399	   1.5209	        1.5214	          0.0004	   1.6170	1.625e-03	   0.002	     2.784
  78	20	 4.0674	 1.0346	   1.5209	        1.5214	          0.0004	   1.5944	4.005e-03	   0.002	     2.815
  79	20	 4.0684	 1.0376	   1.5209	        1.5214	          0.0004	   1.6786	2.660e-03	   0.002	     2.847
  80	20	 4.0692	 1.0444	   1.5209	        1.5214	          0.0004	   1.7062	3.614e-04	   0.002	     2.879
  81	21	 4.0652	 1.0436	   1.5209	        1.5214	          0.0004	   1.6247	8.205e-05	   0.002	     2.920
  82	21	 4.0653	 1.0408	   1.5209	        1.5214	          0.0004	   1.6179	1.206e-03	   0.002	     2.951
  83	21	 4.0651	 1.0416	   1.5209	        1.5214	          0.0004	   1.6543	8.867e-04	   0.002	     2.984
  84	21	 4.0668	 1.0468	   1.5209	        1.5214	          0.0004	   1.7000	1.418e-03	   0.002	     3.015
  85	22	 4.0674	 1.0456	   1.5209	        1.5214	          0.0004	   1.6381	8.729e-04	   0.002	     3.055
  86	22	 4.0648	 1.0482	   1.5209	        1.5214	          0.0004	   1.6606	2.018e-03	   0.002	     3.087
  87	22	 4.0677	 1.0444	   1.5209	        1.5214	          0.0004	   1.6229	3.753e-04	   0.002	     3.118
  88	22	 4.0680	 1.0472	   1.5209	        1.5214	          0.0004	   1.6700	1.568e-03	   0.002	     3.149
  89	23	 4.0639	 1.0466	   1.5209	        1.5214	          0.0004	   1.6324	1.308e-03	   0.002	     3.180
  90	23	 4.0643	 1.0523	   1.5209	        1.5214	          0.0004	   1.7016	3.782e-03	   0.002	     3.213
  91	23	 4.0691	 1.0529	   1.5209	        1.5214	          0.0004	   1.6747	4.026e-03	   0.002	     3.244
  92	23	 4.0720	 1.0464	   1.5209	        1.5214	          0.0004	   1.5840	1.231e-03	   0.002	     3.276
  93	24	 4.0719	 1.0555	   1.5210	        1.5214	          0.0004	   1.7387	5.116e-03	   0.002	     3.322
  94	24	 4.0710	 1.0540	   1.5210	        1.5214	          0.0004	   1.6283	4.496e-03	   0.002	     3.353
  95	24	 4.0701	 1.0497	   1.5209	        1.5214	          0.0004	   1.6062	2.642e-03	   0.003	     3.403
  96	24	 4.0704	 1.0499	   1.5209	        1.5214	          0.0004	   1.6494	2.735e-03	   0.002	     3.439
  97	25	 4.0685	 1.0555	   1.5210	        1.5214	          0.0004	   1.7097	5.136e-03	   0.005	     3.494
  98	25	 4.0692	 1.0529	   1.5209	        1.5214	          0.0004	   1.6250	4.014e-03	   0.002	     3.529
  99	25	 4.0714	 1.0484	   1.5209	        1.5214	          0.0004	   1.5996	2.118e-03	   0.003	     3.577
 100	25	 4.0704	 1.0488	   1.5209	        1.5214	          0.0004	   1.6408	2.268e-03	   0.002	     3.629
 101	26	 4.0723	 1.0457	   1.5209	        1.5214	          0.0004	   1.6155	9.183e-04	   0.002	     3.698
 102	26	 4.0725	 1.0490	   1.5209	        1.5214	          0.0004	   1.6947	2.344e-03	   0.002	     3.772
 103	26	 4.0720	 1.0497	   1.5209	        1.5214	          0.0004	   1.6515	2.646e-03	   0.003	     3.813
 104	26	 4.0709	 1.0459	   1.5209	        1.5214	          0.0004	   1.5953	1.004e-03	   0.002	     3.868
 105	27	 4.0687	 1.0423	   1.5209	        1.5214	          0.0004	   1.5920	5.778e-04	   0.003	     3.912
 106	27	 4.0723	 1.0421	   1.5209	        1.5214	          0.0004	   1.6507	6.674e-04	   0.005	     4.028
 107	27	 4.0696	 1.0408	   1.5209	        1.5214	          0.0004	   1.6249	1.246e-03	   0.003	     4.075
 108	27	 4.0712	 1.0432	   1.5209	        1.5214	          0.0004	   1.6876	1.792e-04	   0.003	     4.178
 109	28	 4.0705	 1.0438	   1.5209	        1.5214	          0.0004	   1.6488	1.409e-04	   0.002	     4.244
 110	28	 4.0687	 1.0398	   1.5209	        1.5214	          0.0004	   1.5962	1.687e-03	   0.005	     4.291
 111	28	 4.0691	 1.0392	   1.5209	        1.5214	          0.0004	   1.6360	1.929e-03	   0.005	     4.339
 112	28	 4.0727	 1.0388	   1.5209	        1.5214	          0.0004	   1.6475	2.125e-03	   0.004	     4.436
 113	29	 4.0718	 1.0405	   1.5209	        1.5214	          0.0004	   1.6582	1.376e-03	   0.003	     4.520
 114	29	 4.0709	 1.0453	   1.5209	        1.5214	          0.0004	   1.7069	7.474e-04	   0.006	     4.633
 115	29	 4.0705	 1.0408	   1.5209	        1.5214	          0.0004	   1.5885	1.214e-03	   0.004	     4.713
 116	29	 4.0708	 1.0386	   1.5209	        1.5214	          0.0004	   1.6186	2.182e-03	   0.014	     4.873
 117	30	 4.0708	 1.0406	   1.5209	        1.5214	          0.0004	   1.6601	1.296e-03	   0.012	     5.134
 118	30	 4.0687	 1.0411	   1.5209	        1.5214	          0.0004	   1.6435	1.093e-03	   0.021	     5.540
 119	30	 4.0717	 1.0408	   1.5209	        1.5214	          0.0004	   1.6587	1.223e-03	   0.032	     6.078
 120	30	 4.0706	 1.0408	   1.5209	        1.5214	          0.0004	   1.6429	1.242e-03	   0.035	     6.715
 121	31	 4.0718	 1.0407	   1.5209	        1.5214	          0.0004	   1.6510	1.286e-03	   0.034	     7.379
 122	31	 4.0712	 1.0409	   1.5209	        1.5214	          0.0004	   1.6456	1.166e-03	   0.038	     8.051
 123	31	 4.0693	 1.0349	   1.5209	        1.5214	          0.0004	   1.5487	3.879e-03	   0.036	     8.726
 124	31	 4.0718	 1.0405	   1.5209	        1.5214	          0.0004	   1.7291	1.358e-03	   0.039	     9.437
 125	32	 4.0757	 1.0422	   1.5209	        1.5214	          0.0004	   1.6816	6.183e-04	   0.034	    10.147
 126	32	 4.0741	 1.0406	   1.5209	        1.5214	          0.0004	   1.6131	1.299e-03	   0.039	    10.830
 127	32	 4.0749	 1.0409	   1.5209	        1.5214	          0.0004	   1.6515	1.192e-03	   0.038	    11.533
 128	32	 4.0732	 1.0404	   1.5209	        1.5214	          0.0004	   1.6330	1.409e-03	   0.039	    12.292
 129	33	 4.0737	 1.0383	   1.5209	        1.5214	          0.0004	   1.6128	2.344e-03	   0.036	    13.031
 130	33	 4.0761	 1.0396	   1.5209	        1.5214	          0.0004	   1.6786	1.767e-03	   0.037	    13.763
 131	33	 4.0765	 1.0396	   1.5209	        1.5214	          0.0004	   1.6456	1.761e-03	   0.038	    14.502
 132	33	 4.0735	 1.0405	   1.5209	        1.5214	          0.0004	   1.6425	1.362e-03	   0.037	    15.253
 133	34	 4.0745	 1.0432	   1.5209	        1.5214	          0.0004	   1.6904	1.679e-04	   0.043	    16.015
 134	34	 4.0752	 1.0442	   1.5209	        1.5214	          0.0004	   1.6616	3.022e-04	   0.042	    16.759
 135	34	 4.0760	 1.0392	   1.5209	        1.5214	          0.0004	   1.5684	1.922e-03	   0.039	    17.493
 136	34	 4.0728	 1.0431	   1.5209	        1.5214	          0.0004	   1.6912	2.365e-04	   0.039	    18.232
 137	35	 4.0705	 1.0439	   1.5209	        1.5214	          0.0004	   1.6538	1.704e-04	   0.034	    18.967
 138	35	 4.0706	 1.0477	   1.5209	        1.5214	          0.0004	   1.7045	1.803e-03	   0.044	    19.717
 139	35	 4.0713	 1.0452	   1.5209	        1.5214	          0.0004	   1.6037	7.167e-04	   0.041	    20.480
 140	35	 4.0732	 1.0441	   1.5209	        1.5214	          0.0004	   1.6372	2.391e-04	   0.046	    21.233
 141	36	 4.0731	 1.0440	   1.5209	        1.5214	          0.0004	   1.6425	2.176e-04	   0.033	    21.975
 142	36	 4.0733	 1.0432	   1.5209	        1.5214	          0.0004	   1.6384	1.652e-04	   0.039	    22.733
 143	36	 4.0741	 1.0438	   1.5209	        1.5214	          0.0004	   1.6569	1.432e-04	   0.037	    23.489
 144	36	 4.0720	 1.0445	   1.5209	        1.5214	          0.0004	   1.6500	4.143e-04	   0.035	    24.241
 145	37	 4.0741	 1.0493	   1.5209	        1.5214	          0.0004	   1.7381	2.503e-03	   0.041	    25.017
 146	37	 4.0761	 1.0482	   1.5209	        1.5214	          0.0004	   1.6384	2.014e-03	   0.040	    25.773
 147	37	 4.0750	 1.0465	   1.5209	        1.5214	          0.0004	   1.6090	1.288e-03	   0.048	    26.556
 148	37	 4.0726	 1.0429	   1.5209	        1.5214	          0.0004	   1.5783	3.164e-04	   0.035	    27.329
 149	38	 4.0736	 1.0419	   1.5209	        1.5214	          0.0004	   1.6335	7.254e-04	   0.040	    28.087
 150	38	 4.0719	 1.0407	   1.5209	        1.5214	          0.0004	   1.6183	1.277e-03	   0.039	    28.821
 151	38	 4.0738	 1.0430	   1.5209	        1.5214	          0.0004	   1.6951	2.465e-04	   0.040	    29.552
 152	38	 4.0731	 1.0435	   1.5209	        1.5214	          0.0004	   1.6486	9.499e-05	   0.039	    30.300
 153	39	 4.0742	 1.0415	   1.5209	        1.5214	          0.0004	   1.6142	9.194e-04	   0.039	    31.038
 154	39	 4.0743	 1.0383	   1.5209	        1.5214	          0.0004	   1.5871	2.315e-03	   0.042	    31.797
 155	39	 4.0745	 1.0388	   1.5209	        1.5214	          0.0004	   1.6522	2.098e-03	   0.035	    32.530
 156	39	 4.0736	 1.0431	   1.5209	        1.5214	          0.0004	   1.7158	2.364e-04	   0.043	    33.277
 157	40	 4.0727	 1.0392	   1.5209	        1.5214	          0.0004	   1.5663	1.954e-03	   0.045	    34.027
 158	40	 4.0722	 1.0391	   1.5209	        1.5214	          0.0004	   1.6378	1.965e-03	   0.037	    34.764
 159	40	 4.0719	 1.0445	   1.5209	        1.5214	          0.0004	   1.7405	3.993e-04	   0.035	    35.504
 160	40	 4.0731	 1.0437	   1.5209	        1.5214	          0.0004	   1.6437	1.035e-04	   0.036	    36.245
 161	41	 4.0729	 1.0464	   1.5209	        1.5214	          0.0004	   1.6987	1.236e-03	   0.023	    36.994
 162	41	 4.0721	 1.0500	   1.5209	        1.5214	          0.0004	   1.7039	2.768e-03	   0.039	    37.762
 163	41	 4.0734	 1.0470	   1.5209	        1.5214	          0.0004	   1.5972	1.482e-03	   0.041	    38.506
 164	41	 4.0736	 1.0430	   1.5209	        1.5214	          0.0004	   1.5734	2.702e-04	   0.038	    39.234
 165	42	 4.0729	 1.0451	   1.5209	        1.5214	          0.0004	   1.6781	6.714e-04	   0.041	    39.974
 166	42	 4.0719	 1.0450	   1.5209	        1.5214	          0.0004	   1.6477	6.498e-04	   0.037	    40.756
 167	42	 4.0701	 1.0436	   1.5209	        1.5214	          0.0004	   1.6032	8.297e-05	   0.042	    41.544
 168	42	 4.0720	 1.0448	   1.5209	        1.5214	          0.0004	   1.6839	5.487e-04	   0.043	    42.305
 169	43	 4.0712	 1.0452	   1.5209	        1.5214	          0.0004	   1.6508	7.048e-04	   0.042	    43.054
 170	43	 4.0722	 1.0432	   1.5209	        1.5214	          0.0004	   1.6056	1.930e-04	   0.040	    43.795
 171	43	 4.0715	 1.0443	   1.5209	        1.5214	          0.0004	   1.6634	3.278e-04	   0.040	    44.561
 172	43	 4.0734	 1.0464	   1.5209	        1.5214	          0.0004	   1.6976	1.236e-03	   0.040	    45.341
 173	44	 4.0718	 1.0457	   1.5209	        1.5214	          0.0004	   1.6252	9.522e-04	   0.036	    46.105
 174	44	 4.0721	 1.0417	   1.5209	        1.5214	          0.0004	   1.5681	8.104e-04	   0.042	    46.865
 175	44	 4.0729	 1.0416	   1.5209	        1.5214	          0.0004	   1.6544	8.580e-04	   0.038	    47.646
 176	44	 4.0744	 1.0445	   1.5209	        1.5214	          0.0004	   1.7043	4.353e-04	   0.042	    48.437
 177	45	 4.0743	 1.0432	   1.5209	        1.5214	          0.0004	   1.6180	1.936e-04	   0.036	    49.194
 178	45	 4.0744	 1.0447	   1.5209	        1.5214	          0.0004	   1.6808	5.082e-04	   0.040	    49.927
 179	45	 4.0749	 1.0445	   1.5209	        1.5214	          0.0004	   1.6463	4.056e-04	   0.042	    50.669
 180	45	 4.0735	 1.0431	   1.5209	        1.5214	          0.0004	   1.6071	2.088e-04	   0.043	    51.407
 181	46	 4.0747	 1.0447	   1.5209	        1.5214	          0.0004	   1.6773	4.897e-04	   0.040	    52.145
 182	46	 4.0743	 1.0443	   1.5209	        1.5214	          0.0004	   1.6401	3.353e-04	   0.036	    52.899
 183	46	 4.0728	 1.0429	   1.5209	        1.5214	          0.0004	   1.6120	3.137e-04	   0.038	    53.642
 184	46	 4.0725	 1.0425	   1.5209	        1.5214	          0.0004	   1.6334	4.809e-04	   0.039	    54.384
 185	47	 4.0726	 1.0411	   1.5209	        1.5214	          0.0004	   1.6189	1.073e-03	   0.043	    55.127
 186	47	 4.0726	 1.0393	   1.5209	        1.5214	          0.0004	   1.6062	1.886e-03	   0.039	    55.873
 187	47	 4.0717	 1.0415	   1.5209	        1.5214	          0.0004	   1.6859	9.143e-04	   0.032	    56.612
 188	47	 4.0723	 1.0400	   1.5209	        1.5214	          0.0004	   1.6153	1.586e-03	   0.040	    57.352
 189	48	 4.0699	 1.0388	   1.5209	        1.5214	          0.0004	   1.6036	2.111e-03	   0.043	    58.088
 190	48	 4.0707	 1.0376	   1.5209	        1.5214	          0.0004	   1.6257	2.635e-03	   0.036	    58.872
 191	48	 4.0706	 1.0371	   1.5209	        1.5214	          0.0004	   1.6323	2.866e-03	   0.041	    59.612
 192	48	 4.0705	 1.0393	   1.5209	        1.5214	          0.0004	   1.6867	1.873e-03	   0.042	    60.351
 193	49	 4.0704	 1.0390	   1.5209	        1.5214	          0.0004	   1.6419	2.027e-03	   0.041	    61.079
 194	49	 4.0698	 1.0389	   1.5209	        1.5214	          0.0004	   1.6353	2.069e-03	   0.036	    61.823
 195	49	 4.0704	 1.0383	   1.5209	        1.5214	          0.0004	   1.6286	2.318e-03	   0.035	    62.578
 196	49	 4.0709	 1.0388	   1.5209	        1.5214	          0.0004	   1.6534	2.114e-03	   0.040	    63.336
 197	50	 4.0710	 1.0395	   1.5209	        1.5214	          0.0004	   1.6553	1.795e-03	   0.039	    64.089
 198	50	 4.0704	 1.0366	   1.5209	        1.5214	          0.0004	   1.5763	3.096e-03	   0.044	    64.835
 199	50	 4.0707	 1.0405	   1.5209	        1.5214	          0.0004	   1.7348	1.359e-03	   0.039	    65.596
 200	50	 4.0702	 1.0416	   1.5209	        1.5214	          0.0004	   1.6651	8.893e-04	   0.044	    66.364
 201	51	 4.0709	 1.0417	   1.5209	        1.5214	          0.0004	   1.6470	8.428e-04	   0.032	    67.135
 202	51	 4.0702	 1.0411	   1.5209	        1.5214	          0.0004	   1.6289	1.101e-03	   0.039	    67.875
 203	51	 4.0704	 1.0409	   1.5209	        1.5214	          0.0004	   1.6371	1.200e-03	   0.045	    68.643
 204	51	 4.0708	 1.0417	   1.5209	        1.5214	          0.0004	   1.6729	8.393e-04	   0.042	    69.428
 205	52	 4.0701	 1.0420	   1.5209	        1.5214	          0.0004	   1.6457	6.861e-04	   0.042	    70.198
 206	52	 4.0705	 1.0411	   1.5209	        1.5214	          0.0004	   1.6236	1.092e-03	   0.037	    70.932
 207	52	 4.0710	 1.0431	   1.5209	        1.5214	          0.0004	   1.7028	2.351e-04	   0.041	    71.671
 208	52	 4.0711	 1.0430	   1.5209	        1.5214	          0.0004	   1.6406	2.759e-04	   0.036	    72.413
 209	53	 4.0700	 1.0434	   1.5209	        1.5214	          0.0004	   1.6481	1.240e-04	   0.037	    73.146
 210	53	 4.0706	 1.0456	   1.5209	        1.5214	          0.0004	   1.7044	8.898e-04	   0.037	    73.905
 211	53	 4.0692	 1.0437	   1.5209	        1.5214	          0.0004	   1.5931	9.156e-05	   0.037	    74.639
 212	53	 4.0707	 1.0434	   1.5209	        1.5214	          0.0004	   1.6490	1.184e-04	   0.043	    75.388
 213	54	 4.0701	 1.0435	   1.5209	        1.5214	          0.0004	   1.6482	8.899e-05	   0.038	    76.122
 214	54	 4.0696	 1.0450	   1.5209	        1.5214	          0.0004	   1.6814	6.519e-04	   0.040	    76.884
 215	54	 4.0700	 1.0414	   1.5209	        1.5214	          0.0004	   1.5475	9.724e-04	   0.037	    77.625
 216	54	 4.0706	 1.0426	   1.5209	        1.5214	          0.0004	   1.6783	4.189e-04	   0.040	    78.360
 217	55	 4.0700	 1.0428	   1.5209	        1.5214	          0.0004	   1.6455	3.396e-04	   0.036	    79.088
 218	55	 4.0701	 1.0430	   1.5209	        1.5214	          0.0004	   1.6442	2.608e-04	   0.042	    79.871
 219	55	 4.0703	 1.0410	   1.5209	        1.5214	          0.0004	   1.5980	1.143e-03	   0.046	    80.626
 220	55	 4.0705	 1.0433	   1.5209	        1.5214	          0.0004	   1.7062	1.411e-04	   0.044	    81.397
 221	56	 4.0731	 1.0442	   1.5209	        1.5214	          0.0004	   1.6852	2.941e-04	   0.042	    82.167
 222	56	 4.0733	 1.0424	   1.5209	        1.5214	          0.0004	   1.6033	5.295e-04	   0.042	    82.925
 223	56	 4.0712	 1.0404	   1.5209	        1.5214	          0.0004	   1.5788	1.396e-03	   0.045	    83.683
 224	56	 4.0717	 1.0429	   1.5209	        1.5214	          0.0004	   1.7089	3.140e-04	   0.036	    84.439
 225	57	 4.0713	 1.0427	   1.5209	        1.5214	          0.0004	   1.6384	3.940e-04	   0.046	    85.234
 226	57	 4.0704	 1.0431	   1.5209	        1.5214	          0.0004	   1.6559	2.107e-04	   0.047	    86.018
 227	57	 4.0718	 1.0406	   1.5209	        1.5214	          0.0004	   1.5859	1.299e-03	   0.054	    86.842
 228	57	 4.0721	 1.0412	   1.5209	        1.5214	          0.0004	   1.6602	1.032e-03	   0.036	    87.637
 229	58	 4.0715	 1.0407	   1.5209	        1.5214	          0.0004	   1.6222	1.275e-03	   0.038	    88.417
 230	58	 4.0712	 1.0404	   1.5209	        1.5214	          0.0004	   1.6329	1.395e-03	   0.038	    89.155
 231	58	 4.0721	 1.0423	   1.5209	        1.5214	          0.0004	   1.7020	5.853e-04	   0.040	    89.906
 232	58	 4.0719	 1.0423	   1.5209	        1.5214	          0.0004	   1.6496	5.620e-04	   0.041	    90.698
 233	59	 4.0704	 1.0402	   1.5209	        1.5214	          0.0004	   1.5807	1.497e-03	   0.038	    91.473
 234	59	 4.0704	 1.0424	   1.5209	        1.5214	          0.0004	   1.7031	5.130e-04	   0.045	    92.212
 235	59	 4.0705	 1.0409	   1.5209	        1.5214	          0.0004	   1.6111	1.161e-03	   0.038	    92.942
 236	59	 4.0720	 1.0415	   1.5209	        1.5214	          0.0004	   1.6676	9.041e-04	   0.039	    93.689
 237	60	 4.0727	 1.0411	   1.5209	        1.5214	          0.0004	   1.6355	1.099e-03	   0.038	    94.431
 238	60	 4.0719	 1.0406	   1.5209	        1.5214	          0.0004	   1.6295	1.309e-03	   0.042	    95.178
 239	60	 4.0734	 1.0402	   1.5209	        1.5214	          0.0004	   1.6463	1.467e-03	   0.046	    95.926
 240	60	 4.0727	 1.0412	   1.5209	        1.5214	          0.0004	   1.6638	1.030e-03	   0.038	    96.660
 241	61	 4.0739	 1.0439	   1.5209	        1.5214	          0.0004	   1.7241	1.788e-04	   0.043	    97.404
 242	61	 4.0735	 1.0435	   1.5209	        1.5214	          0.0004	   1.6349	8.938e-05	   0.039	    98.158
 243	61	 4.0734	 1.0433	   1.5209	        1.5214	          0.0004	   1.6464	1.492e-04	   0.039	    98.900
 244	61	 4.0721	 1.0421	   1.5209	        1.5214	          0.0004	   1.5978	6.517e-04	   0.040	    99.640
 245	62	 4.0722	 1.0441	   1.5209	        1.5214	          0.0004	   1.6989	2.358e-04	   0.037	   100.371
 246	62	 4.0710	 1.0448	   1.5209	        1.5214	          0.0004	   1.6574	5.404e-04	   0.042	   101.144
 247	62	 4.0712	 1.0419	   1.5209	        1.5214	          0.0004	   1.5730	7.352e-04	   0.038	   101.891
 248	62	 4.0713	 1.0429	   1.5209	        1.5214	          0.0004	   1.6723	3.147e-04	   0.045	   102.635
 249	63	 4.0704	 1.0447	   1.5209	        1.5214	          0.0004	   1.6928	5.196e-04	   0.041	   103.367
 250	63	 4.0710	 1.0440	   1.5209	        1.5214	          0.0004	   1.6298	1.937e-04	   0.045	   104.114
 251	63	 4.0711	 1.0438	   1.5209	        1.5214	          0.0004	   1.6334	1.183e-04	   0.037	   104.845
 252	63	 4.0719	 1.0432	   1.5209	        1.5214	          0.0004	   1.6446	1.829e-04	   0.043	   105.618
 253	64	 4.0712	 1.0443	   1.5209	        1.5214	          0.0004	   1.6758	3.528e-04	   0.037	   106.375
 254	64	 4.0727	 1.0456	   1.5209	        1.5214	          0.0004	   1.7007	8.876e-04	   0.043	   107.118
 255	64	 4.0733	 1.0430	   1.5209	        1.5214	          0.0004	   1.5764	2.596e-04	   0.049	   107.900
 256	64	 4.0725	 1.0428	   1.5209	        1.5214	          0.0004	   1.6205	3.399e-04	   0.043	   108.667
 257	65	 4.0723	 1.0425	   1.5209	        1.5214	          0.0004	   1.6359	4.692e-04	   0.037	   109.425
 258	65	 4.0731	 1.0424	   1.5209	        1.5214	          0.0004	   1.6518	5.180e-04	   0.043	   110.163
 259	65	 4.0735	 1.0415	   1.5209	        1.5214	          0.0004	   1.6185	9.339e-04	   0.035	   110.906
 260	65	 4.0741	 1.0406	   1.5209	        1.5214	          0.0004	   1.6251	1.303e-03	   0.038	   111.701
 261	66	 4.0748	 1.0415	   1.5209	        1.5214	          0.0004	   1.6782	9.060e-04	   0.046	   112.486
 262	66	 4.0738	 1.0426	   1.5209	        1.5214	          0.0004	   1.6725	4.420e-04	   0.044	   113.218
 263	66	 4.0742	 1.0424	   1.5209	        1.5214	          0.0004	   1.6379	5.246e-04	   0.043	   113.957
 264	66	 4.0733	 1.0418	   1.5209	        1.5214	          0.0004	   1.6198	7.986e-04	   0.036	   114.696
 265	67	 4.0739	 1.0421	   1.5209	        1.5214	          0.0004	   1.6648	6.510e-04	   0.042	   115.435
 266	67	 4.0750	 1.0420	   1.5209	        1.5214	          0.0004	   1.6500	6.911e-04	   0.037	   116.176
 267	67	 4.0742	 1.0420	   1.5209	        1.5214	          0.0004	   1.6416	6.801e-04	   0.042	   116.929
 268	67	 4.0735	 1.0414	   1.5209	        1.5214	          0.0004	   1.6128	9.649e-04	   0.042	   117.675
 269	68	 4.0740	 1.0406	   1.5209	        1.5214	          0.0004	   1.6244	1.330e-03	   0.043	   118.404
 270	68	 4.0741	 1.0405	   1.5209	        1.5214	          0.0004	   1.6463	1.354e-03	   0.042	   119.164
 271	68	 4.0751	 1.0398	   1.5209	        1.5214	          0.0004	   1.6290	1.683e-03	   0.041	   119.908
 272	68	 4.0746	 1.0392	   1.5209	        1.5214	          0.0004	   1.6134	1.952e-03	   0.044	   120.648
 273	69	 4.0751	 1.0397	   1.5209	        1.5214	          0.0004	   1.6656	1.720e-03	   0.040	   121.376
 274	69	 4.0743	 1.0397	   1.5209	        1.5214	          0.0004	   1.6349	1.703e-03	   0.042	   122.160
 275	69	 4.0752	 1.0403	   1.5209	        1.5214	          0.0004	   1.6779	1.428e-03	   0.040	   122.966
 276	69	 4.0743	 1.0404	   1.5209	        1.5214	          0.0004	   1.6397	1.401e-03	   0.042	   123.709
 277	70	 4.0740	 1.0398	   1.5209	        1.5214	          0.0004	   1.6219	1.669e-03	   0.042	   124.446
 278	70	 4.0738	 1.0407	   1.5209	        1.5214	          0.0004	   1.6764	1.278e-03	   0.040	   125.183
 279	70	 4.0735	 1.0427	   1.5209	        1.5214	          0.0004	   1.7006	3.937e-04	   0.040	   125.926
 280	70	 4.0739	 1.0415	   1.5209	        1.5214	          0.0004	   1.6114	9.197e-04	   0.044	   126.683
 281	71	 4.0754	 1.0404	   1.5209	        1.5214	          0.0004	   1.6202	1.403e-03	   0.044	   127.447
 282	71	 4.0748	 1.0396	   1.5209	        1.5214	          0.0004	   1.6142	1.774e-03	   0.036	   128.231
 283	71	 4.0741	 1.0408	   1.5209	        1.5214	          0.0004	   1.6761	1.228e-03	   0.049	   128.995
 284	71	 4.0735	 1.0407	   1.5209	        1.5214	          0.0004	   1.6425	1.253e-03	   0.042	   129.774
 285	72	 4.0734	 1.0415	   1.5209	        1.5214	          0.0004	   1.6708	8.953e-04	   0.050	   130.537
 286	72	 4.0733	 1.0410	   1.5209	        1.5214	          0.0004	   1.6242	1.151e-03	   0.036	   131.272
 287	72	 4.0726	 1.0414	   1.5209	        1.5214	          0.0004	   1.6507	9.692e-04	   0.042	   132.010
 288	72	 4.0732	 1.0414	   1.5209	        1.5214	          0.0004	   1.6492	9.538e-04	   0.036	   132.796
 289	73	 4.0749	 1.0427	   1.5209	        1.5214	          0.0004	   1.6930	3.896e-04	   0.040	   133.580
 290	73	 4.0751	 1.0426	   1.5209	        1.5214	          0.0004	   1.6480	4.163e-04	   0.043	   134.331
 291	73	 4.0734	 1.0433	   1.5209	        1.5214	          0.0004	   1.6558	1.602e-04	   0.039	   135.064
 292	73	 4.0738	 1.0417	   1.5209	        1.5214	          0.0004	   1.6007	8.123e-04	   0.045	   135.810
 293	74	 4.0741	 1.0432	   1.5209	        1.5214	          0.0004	   1.6947	1.964e-04	   0.036	   136.540
 294	74	 4.0740	 1.0429	   1.5209	        1.5214	          0.0004	   1.6388	3.168e-04	   0.046	   137.282
 295	74	 4.0737	 1.0430	   1.5209	        1.5214	          0.0004	   1.6464	2.686e-04	   0.041	   138.042
 296	74	 4.0735	 1.0419	   1.5209	        1.5214	          0.0004	   1.6081	7.337e-04	   0.044	   138.779
 297	75	 4.0731	 1.0423	   1.5209	        1.5214	          0.0004	   1.6502	5.433e-04	   0.041	   139.516
 298	75	 4.0729	 1.0419	   1.5209	        1.5214	          0.0004	   1.6257	7.560e-04	   0.041	   140.261
 299	75	 4.0740	 1.0415	   1.5209	        1.5214	          0.0004	   1.6436	9.118e-04	   0.043	   141.023
 300	75	 4.0736	 1.0421	   1.5209	        1.5214	          0.0004	   1.6675	6.425e-04	   0.039	   141.757
 301	76	 4.0730	 1.0412	   1.5209	        1.5214	          0.0004	   1.6075	1.029e-03	   0.040	   142.492
 302	76	 4.0732	 1.0412	   1.5209	        1.5214	          0.0004	   1.6472	1.061e-03	   0.039	   143.239
 303	76	 4.0720	 1.0413	   1.5209	        1.5214	          0.0004	   1.6349	1.012e-03	   0.042	   144.014
 304	76	 4.0732	 1.0427	   1.5209	        1.5214	          0.0004	   1.7089	3.878e-04	   0.041	   144.745
 305	77	 4.0737	 1.0434	   1.5209	        1.5214	          0.0004	   1.6774	1.121e-04	   0.038	   145.482
 306	77	 4.0733	 1.0430	   1.5209	        1.5214	          0.0004	   1.6301	2.462e-04	   0.039	   146.228
 307	77	 4.0728	 1.0422	   1.5209	        1.5214	          0.0004	   1.6089	6.102e-04	   0.042	   146.968
 308	77	 4.0727	 1.0424	   1.5209	        1.5214	          0.0004	   1.6520	5.165e-04	   0.046	   147.722
 309	78	 4.0722	 1.0431	   1.5209	        1.5214	          0.0004	   1.6686	2.064e-04	   0.041	   148.479
 310	78	 4.0727	 1.0433	   1.5209	        1.5214	          0.0004	   1.6572	1.347e-04	   0.041	   149.273
 311	78	 4.0731	 1.0430	   1.5209	        1.5214	          0.0004	   1.6351	2.677e-04	   0.038	   150.004
 312	78	 4.0724	 1.0421	   1.5209	        1.5214	          0.0004	   1.6066	6.551e-04	   0.043	   150.769
 313	79	 4.0715	 1.0414	   1.5209	        1.5214	          0.0004	   1.6125	9.804e-04	   0.046	   151.541
 314	79	 4.0707	 1.0412	   1.5209	        1.5214	          0.0004	   1.6371	1.065e-03	   0.045	   152.284
 315	79	 4.0710	 1.0407	   1.5209	        1.5214	          0.0004	   1.6317	1.274e-03	   0.040	   153.014
 316	79	 4.0727	 1.0415	   1.5209	        1.5214	          0.0004	   1.6841	9.277e-04	   0.038	   153.793
 317	80	 4.0726	 1.0418	   1.5209	        1.5214	          0.0004	   1.6560	7.858e-04	   0.041	   154.584
 318	80	 4.0731	 1.0420	   1.5209	        1.5214	          0.0004	   1.6533	6.945e-04	   0.042	   155.337
 319	80	 4.0725	 1.0416	   1.5209	        1.5214	          0.0004	   1.6248	8.821e-04	   0.042	   156.071
 320	80	 4.0726	 1.0419	   1.5209	        1.5214	          0.0004	   1.6627	7.174e-04	   0.037	   156.810
 321	81	 4.0732	 1.0414	   1.5209	        1.5214	          0.0004	   1.6284	9.410e-04	   0.043	   157.554
 322	81	 4.0730	 1.0421	   1.5209	        1.5214	          0.0004	   1.6699	6.322e-04	   0.039	   158.285
 323	81	 4.0732	 1.0417	   1.5209	        1.5214	          0.0004	   1.6241	8.135e-04	   0.040	   159.046
 324	81	 4.0729	 1.0419	   1.5209	        1.5214	          0.0004	   1.6562	7.388e-04	   0.041	   159.790
 325	82	 4.0729	 1.0421	   1.5209	        1.5214	          0.0004	   1.6511	6.579e-04	   0.042	   160.522
 326	82	 4.0722	 1.0400	   1.5209	        1.5214	          0.0004	   1.5579	1.584e-03	   0.043	   161.261
 327	82	 4.0723	 1.0428	   1.5209	        1.5214	          0.0004	   1.7536	3.484e-04	   0.042	   162.044
 328	82	 4.0726	 1.0423	   1.5209	        1.5214	          0.0004	   1.6267	5.767e-04	   0.042	   162.831
 329	83	 4.0726	 1.0435	   1.5209	        1.5214	          0.0004	   1.6860	9.501e-05	   0.039	   163.588
 330	83	 4.0724	 1.0434	   1.5209	        1.5214	          0.0004	   1.6456	1.239e-04	   0.042	   164.346
 331	83	 4.0730	 1.0427	   1.5209	        1.5214	          0.0004	   1.6284	3.890e-04	   0.043	   165.125
 332	83	 4.0729	 1.0426	   1.5209	        1.5214	          0.0004	   1.6401	4.505e-04	   0.040	   165.882
 333	84	 4.0728	 1.0417	   1.5209	        1.5214	          0.0004	   1.6201	8.151e-04	   0.041	   166.659
 334	84	 4.0729	 1.0419	   1.5209	        1.5214	          0.0004	   1.6577	7.257e-04	   0.040	   167.440
 335	84	 4.0728	 1.0420	   1.5209	        1.5214	          0.0004	   1.6463	6.879e-04	   0.039	   168.210
 336	84	 4.0722	 1.0433	   1.5209	        1.5214	          0.0004	   1.6797	1.311e-04	   0.044	   169.000
 337	85	 4.0722	 1.0440	   1.5209	        1.5214	          0.0004	   1.6675	2.022e-04	   0.041	   169.812
 338	85	 4.0725	 1.0445	   1.5209	        1.5214	          0.0004	   1.6711	4.255e-04	   0.042	   170.584
 339	85	 4.0724	 1.0432	   1.5209	        1.5214	          0.0004	   1.5893	1.745e-04	   0.041	   171.318
 340	85	 4.0714	 1.0432	   1.5209	        1.5214	          0.0004	   1.6412	1.797e-04	   0.040	   172.076
 341	86	 4.0716	 1.0435	   1.5209	        1.5214	          0.0004	   1.6593	9.267e-05	   0.046	   172.842
 342	86	 4.0720	 1.0423	   1.5209	        1.5214	          0.0004	   1.6019	5.649e-04	   0.043	   173.592
 343	86	 4.0717	 1.0429	   1.5209	        1.5214	          0.0004	   1.6653	3.161e-04	   0.043	   174.324
 344	86	 4.0722	 1.0427	   1.5209	        1.5214	          0.0004	   1.6480	3.712e-04	   0.039	   175.100
 345	87	 4.0706	 1.0435	   1.5209	        1.5214	          0.0004	   1.6614	9.178e-05	   0.044	   175.892
 346	87	 4.0711	 1.0443	   1.5209	        1.5214	          0.0004	   1.6877	3.394e-04	   0.037	   176.649
 347	87	 4.0711	 1.0439	   1.5209	        1.5214	          0.0004	   1.6245	1.743e-04	   0.037	   177.382
 348	87	 4.0715	 1.0434	   1.5209	        1.5214	          0.0004	   1.6312	1.060e-04	   0.037	   178.126
 349	88	 4.0714	 1.0435	   1.5209	        1.5214	          0.0004	   1.6451	9.566e-05	   0.039	   178.861
 350	88	 4.0718	 1.0417	   1.5209	        1.5214	          0.0004	   1.5752	8.379e-04	   0.044	   179.597
 351	88	 4.0722	 1.0413	   1.5209	        1.5214	          0.0004	   1.6336	9.995e-04	   0.036	   180.356
 352	88	 4.0716	 1.0419	   1.5209	        1.5214	          0.0004	   1.6654	7.576e-04	   0.042	   181.103
 353	89	 4.0721	 1.0411	   1.5209	        1.5214	          0.0004	   1.6187	1.109e-03	   0.040	   181.839
 354	89	 4.0721	 1.0426	   1.5209	        1.5214	          0.0004	   1.7098	4.353e-04	   0.046	   182.572
 355	89	 4.0715	 1.0423	   1.5209	        1.5214	          0.0004	   1.6162	5.790e-04	   0.038	   183.336
 356	89	 4.0712	 1.0418	   1.5209	        1.5214	          0.0004	   1.6279	8.024e-04	   0.040	   184.073
 357	90	 4.0708	 1.0425	   1.5209	        1.5214	          0.0004	   1.6767	4.669e-04	   0.043	   184.807
 358	90	 4.0707	 1.0426	   1.5209	        1.5214	          0.0004	   1.6385	4.503e-04	   0.036	   185.543
 359	90	 4.0699	 1.0437	   1.5209	        1.5214	          0.0004	   1.6861	9.665e-05	   0.043	   186.332
 360	90	 4.0708	 1.0426	   1.5209	        1.5214	          0.0004	   1.6100	4.156e-04	   0.043	   187.073
 361	91	 4.0713	 1.0407	   1.5209	        1.5214	          0.0004	   1.5661	1.286e-03	   0.042	   187.805
 362	91	 4.0714	 1.0405	   1.5209	        1.5214	          0.0004	   1.6432	1.337e-03	   0.037	   188.542
 363	91	 4.0714	 1.0405	   1.5209	        1.5214	          0.0004	   1.6433	1.353e-03	   0.040	   189.281
 364	91	 4.0710	 1.0424	   1.5209	        1.5214	          0.0004	   1.7181	5.028e-04	   0.045	   190.045
 365	92	 4.0720	 1.0429	   1.5209	        1.5214	          0.0004	   1.6749	3.262e-04	   0.039	   190.829
 366	92	 4.0715	 1.0424	   1.5209	        1.5214	          0.0004	   1.6167	5.370e-04	   0.041	   191.590
 367	92	 4.0712	 1.0424	   1.5209	        1.5214	          0.0004	   1.6371	5.148e-04	   0.042	   192.324
 368	92	 4.0712	 1.0419	   1.5209	        1.5214	          0.0004	   1.6284	7.265e-04	   0.043	   193.079
 369	93	 4.0719	 1.0416	   1.5209	        1.5214	          0.0004	   1.6465	8.631e-04	   0.033	   193.838
 370	93	 4.0714	 1.0423	   1.5209	        1.5214	          0.0004	   1.6668	5.655e-04	   0.041	   194.594
 371	93	 4.0706	 1.0428	   1.5209	        1.5214	          0.0004	   1.6506	3.646e-04	   0.039	   195.330
 372	93	 4.0710	 1.0421	   1.5209	        1.5214	          0.0004	   1.6260	6.458e-04	   0.044	   196.087
 373	94	 4.0708	 1.0402	   1.5209	        1.5214	          0.0004	   1.5668	1.467e-03	   0.041	   196.885
 374	94	 4.0709	 1.0406	   1.5209	        1.5214	          0.0004	   1.6584	1.299e-03	   0.041	   197.655
 375	94	 4.0706	 1.0423	   1.5209	        1.5214	          0.0004	   1.7114	5.806e-04	   0.037	   198.393
 376	94	 4.0712	 1.0424	   1.5209	        1.5214	          0.0004	   1.6614	5.030e-04	   0.037	   199.134
 377	95	 4.0705	 1.0420	   1.5209	        1.5214	          0.0004	   1.6208	7.083e-04	   0.043	   199.871
 378	95	 4.0708	 1.0422	   1.5209	        1.5214	          0.0004	   1.6520	5.921e-04	   0.038	   200.602
 379	95	 4.0698	 1.0411	   1.5209	        1.5214	          0.0004	   1.5865	1.102e-03	   0.042	   201.362
 380	95	 4.0706	 1.0424	   1.5209	        1.5214	          0.0004	   1.7137	5.081e-04	   0.042	   202.105
 381	96	 4.0704	 1.0421	   1.5209	        1.5214	          0.0004	   1.6313	6.572e-04	   0.042	   202.851
 382	96	 4.0699	 1.0425	   1.5209	        1.5214	          0.0004	   1.6540	4.946e-04	   0.041	   203.631
 383	96	 4.0707	 1.0423	   1.5209	        1.5214	          0.0004	   1.6503	5.464e-04	   0.040	   204.414
 384	96	 4.0702	 1.0424	   1.5209	        1.5214	          0.0004	   1.6443	5.293e-04	   0.045	   205.155
 385	97	 4.0704	 1.0435	   1.5209	        1.5214	          0.0004	   1.6950	9.046e-05	   0.038	   205.877
 386	97	 4.0698	 1.0439	   1.5209	        1.5214	          0.0004	   1.6484	1.634e-04	   0.044	   206.627
 387	97	 4.0701	 1.0426	   1.5209	        1.5214	          0.0004	   1.5976	4.132e-04	   0.042	   207.401
 388	97	 4.0693	 1.0427	   1.5209	        1.5214	          0.0004	   1.6409	3.895e-04	   0.045	   208.147
 389	98	 4.0699	 1.0439	   1.5209	        1.5214	          0.0004	   1.6993	1.708e-04	   0.038	   208.881
 390	98	 4.0704	 1.0422	   1.5209	        1.5214	          0.0004	   1.5778	6.001e-04	   0.038	   209.624
 391	98	 4.0695	 1.0430	   1.5209	        1.5214	          0.0004	   1.6650	2.787e-04	   0.041	   210.396
 392	98	 4.0692	 1.0438	   1.5209	        1.5214	          0.0004	   1.6895	1.466e-04	   0.039	   211.150
 393	99	 4.0684	 1.0447	   1.5209	        1.5214	          0.0004	   1.6732	4.857e-04	   0.038	   211.934
 394	99	 4.0683	 1.0439	   1.5209	        1.5214	          0.0004	   1.6157	1.705e-04	   0.038	   212.699
 395	99	 4.0685	 1.0438	   1.5209	        1.5214	          0.0004	   1.6386	1.224e-04	   0.045	   213.437
 396	99	 4.0688	 1.0440	   1.5209	        1.5214	          0.0004	   1.6610	2.131e-04	   0.044	   214.178
 397	100	 4.0687	 1.0445	   1.5209	        1.5214	          0.0004	   1.6629	4.059e-04	   0.038	   214.892
 398	100	 4.0690	 1.0443	   1.5209	        1.5214	          0.0004	   1.6399	3.142e-04	   0.029	   215.370
 399	100	 4.0691	 1.0442	   1.5209	        1.5214	          0.0004	   1.6448	2.973e-04	   0.032	   215.800
 400	100	 4.0692	 1.0424	   1.5209	        1.5214	          0.0004	   1.5662	5.076e-04	   0.025	   216.393
 401	101	 4.0703	 1.0439	   1.5209	        1.5214	          0.0004	   1.7299	1.763e-04	   0.030	   216.873
 402	101	 4.0697	 1.0438	   1.5209	        1.5214	          0.0004	   1.6327	1.170e-04	   0.030	   217.475
 403	101	 4.0694	 1.0427	   1.5209	        1.5214	          0.0004	   1.5918	4.036e-04	   0.036	   218.109
 404	101	 4.0691	 1.0425	   1.5209	        1.5214	          0.0004	   1.6350	4.597e-04	   0.023	   218.523
 405	102	 4.0692	 1.0418	   1.5209	        1.5214	          0.0004	   1.6099	7.774e-04	   0.026	   219.125
 406	102	 4.0694	 1.0419	   1.5209	        1.5214	          0.0004	   1.6517	7.355e-04	   0.024	   219.715
 407	102	 4.0697	 1.0418	   1.5209	        1.5214	          0.0004	   1.6426	7.883e-04	   0.024	   220.309
 408	102	 4.0700	 1.0417	   1.5209	        1.5214	          0.0004	   1.6486	8.055e-04	   0.025	   220.916
 409	103	 4.0707	 1.0402	   1.5209	        1.5214	          0.0004	   1.5765	1.507e-03	   0.026	   221.517
 410	103	 4.0709	 1.0408	   1.5209	        1.5214	          0.0004	   1.6714	1.245e-03	   0.029	   222.122
 411	103	 4.0703	 1.0413	   1.5209	        1.5214	          0.0004	   1.6652	1.022e-03	   0.024	   222.713
 412	103	 4.0700	 1.0419	   1.5209	        1.5214	          0.0004	   1.6767	7.344e-04	   0.029	   223.318
 413	104	 4.0708	 1.0417	   1.5209	        1.5214	          0.0004	   1.6401	8.105e-04	   0.024	   223.930
 414	104	 4.0710	 1.0408	   1.5209	        1.5214	          0.0004	   1.6033	1.242e-03	   0.029	   224.526
 415	104	 4.0704	 1.0417	   1.5209	        1.5214	          0.0004	   1.6906	8.335e-04	   0.026	   225.124
 416	104	 4.0701	 1.0416	   1.5209	        1.5214	          0.0004	   1.6373	8.566e-04	   0.031	   225.733
 417	105	 4.0703	 1.0435	   1.5209	        1.5214	          0.0004	   1.7421	8.981e-05	   0.030	   226.355
 418	105	 4.0701	 1.0420	   1.5209	        1.5214	          0.0004	   1.5693	6.901e-04	   0.027	   226.957
 419	105	 4.0702	 1.0416	   1.5209	        1.5214	          0.0004	   1.6255	8.843e-04	   0.026	   227.527
 420	105	 4.0698	 1.0417	   1.5209	        1.5214	          0.0004	   1.6471	8.104e-04	   0.030	   227.940
 421	106	 4.0694	 1.0413	   1.5209	        1.5214	          0.0004	   1.6259	9.953e-04	   0.035	   228.523
 422	106	 4.0698	 1.0425	   1.5209	        1.5214	          0.0004	   1.7017	4.927e-04	   0.029	   229.108
 423	106	 4.0699	 1.0415	   1.5209	        1.5214	          0.0004	   1.6032	8.945e-04	   0.033	   229.695
 424	106	 4.0701	 1.0414	   1.5209	        1.5214	          0.0004	   1.6369	9.577e-04	   0.029	   230.272
 425	107	 4.0703	 1.0411	   1.5209	        1.5214	          0.0004	   1.6322	1.080e-03	   0.034	   230.845
 426	107	 4.0697	 1.0402	   1.5209	        1.5214	          0.0004	   1.6027	1.469e-03	   0.032	   231.426
 427	107	 4.0706	 1.0412	   1.5209	        1.5214	          0.0004	   1.7013	1.052e-03	   0.035	   232.018
 428	107	 4.0704	 1.0412	   1.5209	        1.5214	          0.0004	   1.6351	1.057e-03	   0.031	   232.602
 429	108	 4.0698	 1.0407	   1.5209	        1.5214	          0.0004	   1.6176	1.254e-03	   0.031	   233.163
 430	108	 4.0704	 1.0405	   1.5209	        1.5214	          0.0004	   1.6377	1.374e-03	   0.031	   233.751
 431	108	 4.0702	 1.0403	   1.5209	        1.5214	          0.0004	   1.6284	1.424e-03	   0.027	   234.357
 432	108	 4.0701	 1.0419	   1.5209	        1.5214	          0.0004	   1.7231	7.405e-04	   0.028	   234.957
 433	109	 4.0697	 1.0424	   1.5209	        1.5214	          0.0004	   1.6645	5.006e-04	   0.028	   235.536
 434	109	 4.0699	 1.0421	   1.5209	        1.5214	          0.0004	   1.6363	6.541e-04	   0.031	   236.096
 435	109	 4.0697	 1.0420	   1.5209	        1.5214	          0.0004	   1.6375	6.941e-04	   0.034	   236.698
 436	109	 4.0703	 1.0419	   1.5209	        1.5214	          0.0004	   1.6500	7.365e-04	   0.031	   237.303
 437	110	 4.0711	 1.0426	   1.5209	        1.5214	          0.0004	   1.6901	4.288e-04	   0.033	   237.913
 438	110	 4.0711	 1.0426	   1.5209	        1.5214	          0.0004	   1.6481	4.345e-04	   0.030	   238.494
 439	110	 4.0709	 1.0414	   1.5209	        1.5214	          0.0004	   1.5745	9.620e-04	   0.032	   239.059
 440	110	 4.0704	 1.0413	   1.5209	        1.5214	          0.0004	   1.6374	9.990e-04	   0.031	   239.625
 441	111	 4.0698	 1.0411	   1.5209	        1.5214	          0.0004	   1.6269	1.100e-03	   0.032	   240.239
 442	111	 4.0704	 1.0409	   1.5209	        1.5214	          0.0004	   1.6366	1.190e-03	   0.031	   240.841
 443	111	 4.0699	 1.0410	   1.5209	        1.5214	          0.0004	   1.6491	1.123e-03	   0.035	   241.456
 444	111	 4.0703	 1.0414	   1.5209	        1.5214	          0.0004	   1.6750	9.390e-04	   0.029	   242.054
 445	112	 4.0701	 1.0414	   1.5209	        1.5214	          0.0004	   1.6410	9.625e-04	   0.030	   242.638
 446	112	 4.0695	 1.0414	   1.5209	        1.5214	          0.0004	   1.6437	9.789e-04	   0.029	   243.227
 447	112	 4.0693	 1.0415	   1.5209	        1.5214	          0.0004	   1.6439	9.205e-04	   0.026	   243.819
 448	112	 4.0702	 1.0412	   1.5209	        1.5214	          0.0004	   1.6341	1.040e-03	   0.035	   244.415
 449	113	 4.0699	 1.0414	   1.5209	        1.5214	          0.0004	   1.6517	9.599e-04	   0.031	   244.998
 450	113	 4.0697	 1.0423	   1.5209	        1.5214	          0.0004	   1.6936	5.440e-04	   0.039	   245.572
 451	113	 4.0698	 1.0416	   1.5209	        1.5214	          0.0004	   1.6043	8.595e-04	   0.030	   246.172
 452	113	 4.0698	 1.0416	   1.5209	        1.5214	          0.0004	   1.6440	8.804e-04	   0.033	   246.753
 453	114	 4.0691	 1.0419	   1.5209	        1.5214	          0.0004	   1.6501	7.480e-04	   0.031	   247.317
 454	114	 4.0684	 1.0419	   1.5209	        1.5214	          0.0004	   1.6366	7.497e-04	   0.031	   247.893
 455	114	 4.0686	 1.0409	   1.5209	        1.5214	          0.0004	   1.5919	1.188e-03	   0.029	   248.485
 456	114	 4.0691	 1.0415	   1.5209	        1.5214	          0.0004	   1.6910	8.980e-04	   0.030	   249.070
 457	115	 4.0693	 1.0417	   1.5209	        1.5214	          0.0004	   1.6473	8.360e-04	   0.033	   249.640
 458	115	 4.0695	 1.0415	   1.5209	        1.5214	          0.0004	   1.6363	9.161e-04	   0.031	   250.211
 459	115	 4.0691	 1.0418	   1.5209	        1.5214	          0.0004	   1.6577	7.980e-04	   0.033	   250.834
 460	115	 4.0689	 1.0416	   1.5209	        1.5214	          0.0004	   1.6347	8.801e-04	   0.028	   251.431
 461	116	 4.0691	 1.0403	   1.5209	        1.5214	          0.0004	   1.5797	1.444e-03	   0.030	   252.009
 462	116	 4.0688	 1.0420	   1.5209	        1.5214	          0.0004	   1.7232	7.138e-04	   0.033	   252.579
 463	116	 4.0684	 1.0416	   1.5209	        1.5214	          0.0004	   1.6220	8.552e-04	   0.030	   253.137
 464	116	 4.0686	 1.0407	   1.5209	        1.5214	          0.0004	   1.6057	1.274e-03	   0.032	   253.712
 465	117	 4.0680	 1.0417	   1.5209	        1.5214	          0.0004	   1.6898	8.299e-04	   0.028	   254.291
 466	117	 4.0687	 1.0405	   1.5209	        1.5214	          0.0004	   1.5913	1.350e-03	   0.030	   254.864
 467	117	 4.0685	 1.0400	   1.5209	        1.5214	          0.0004	   1.6182	1.585e-03	   0.029	   255.434
 468	117	 4.0685	 1.0403	   1.5209	        1.5214	          0.0004	   1.6600	1.434e-03	   0.028	   255.997
 469	118	 4.0674	 1.0399	   1.5209	        1.5214	          0.0004	   1.6091	1.636e-03	   0.032	   256.578
 470	118	 4.0681	 1.0405	   1.5209	        1.5214	          0.0004	   1.6835	1.353e-03	   0.030	   257.152
 471	118	 4.0685	 1.0405	   1.5209	        1.5214	          0.0004	   1.6455	1.377e-03	   0.033	   257.717
 472	118	 4.0685	 1.0407	   1.5209	        1.5214	          0.0004	   1.6579	1.278e-03	   0.037	   258.291
 473	119	 4.0683	 1.0416	   1.5209	        1.5214	          0.0004	   1.6963	8.626e-04	   0.031	   258.871
 474	119	 4.0687	 1.0414	   1.5209	        1.5214	          0.0004	   1.6317	9.628e-04	   0.030	   259.462
 475	119	 4.0687	 1.0409	   1.5209	        1.5214	          0.0004	   1.6253	1.158e-03	   0.031	   260.069
 476	119	 4.0684	 1.0408	   1.5209	        1.5214	          0.0004	   1.6330	1.225e-03	   0.026	   260.628
 477	120	 4.0686	 1.0408	   1.5209	        1.5214	          0.0004	   1.6506	1.203e-03	   0.030	   261.197
 478	120	 4.0681	 1.0411	   1.5209	        1.5214	          0.0004	   1.6446	1.092e-03	   0.029	   261.765
 479	120	 4.0684	 1.0412	   1.5209	        1.5214	          0.0004	   1.6481	1.038e-03	   0.033	   262.361
 480	120	 4.0685	 1.0410	   1.5209	        1.5214	          0.0004	   1.6419	1.143e-03	   0.031	   262.954
 481	121	 4.0687	 1.0405	   1.5209	        1.5214	          0.0004	   1.6169	1.351e-03	   0.031	   263.519
 482	121	 4.0676	 1.0411	   1.5209	        1.5214	          0.0004	   1.6654	1.084e-03	   0.033	   264.088
 483	121	 4.0677	 1.0424	   1.5209	        1.5214	          0.0004	   1.7202	5.115e-04	   0.033	   264.688
 484	121	 4.0684	 1.0410	   1.5209	        1.5214	          0.0004	   1.5782	1.149e-03	   0.031	   265.271
 485	122	 4.0680	 1.0411	   1.5209	        1.5214	          0.0004	   1.6510	1.113e-03	   0.035	   265.841
 486	122	 4.0680	 1.0403	   1.5209	        1.5214	          0.0004	   1.6014	1.448e-03	   0.034	   266.412
 487	122	 4.0681	 1.0397	   1.5209	        1.5214	          0.0004	   1.6066	1.723e-03	   0.032	   267.019
 488	122	 4.0684	 1.0415	   1.5209	        1.5214	          0.0004	   1.7536	9.109e-04	   0.028	   267.636
 489	123	 4.0678	 1.0422	   1.5209	        1.5214	          0.0004	   1.6819	5.936e-04	   0.028	   268.226
 490	123	 4.0675	 1.0414	   1.5209	        1.5214	          0.0004	   1.5901	9.517e-04	   0.031	   268.834
 491	123	 4.0676	 1.0409	   1.5209	        1.5214	          0.0004	   1.6246	1.165e-03	   0.029	   269.420
 492	123	 4.0680	 1.0410	   1.5209	        1.5214	          0.0004	   1.6519	1.137e-03	   0.032	   269.977
 493	124	 4.0679	 1.0415	   1.5209	        1.5214	          0.0004	   1.6736	9.169e-04	   0.036	   270.556
 494	124	 4.0681	 1.0416	   1.5209	        1.5214	          0.0004	   1.6585	8.647e-04	   0.033	   271.135
 495	124	 4.0683	 1.0410	   1.5209	        1.5214	          0.0004	   1.6098	1.148e-03	   0.034	   271.701
 496	124	 4.0681	 1.0407	   1.5209	        1.5214	          0.0004	   1.6261	1.251e-03	   0.029	   272.268
 497	125	 4.0685	 1.0402	   1.5209	        1.5214	          0.0004	   1.6263	1.509e-03	   0.031	   272.844
 498	125	 4.0685	 1.0397	   1.5209	        1.5214	          0.0004	   1.6190	1.690e-03	   0.032	   273.422
 499	125	 4.0690	 1.0400	   1.5209	        1.5214	          0.0004	   1.6609	1.575e-03	   0.031	   273.992
 500	125	 4.0686	 1.0401	   1.5209	        1.5214	          0.0004	   1.6424	1.522e-03	   0.030	   274.553
 501	126	 4.0682	 1.0395	   1.5209	        1.5214	          0.0004	   1.6043	1.781e-03	   0.036	   275.148
 502	126	 4.0677	 1.0396	   1.5209	        1.5214	          0.0004	   1.6339	1.768e-03	   0.032	   275.778
 503	126	 4.0678	 1.0404	   1.5209	        1.5214	          0.0004	   1.6938	1.411e-03	   0.032	   276.367
 504	126	 4.0683	 1.0401	   1.5209	        1.5214	          0.0004	   1.6369	1.518e-03	   0.029	   276.938
 505	127	 4.0688	 1.0404	   1.5209	        1.5214	          0.0004	   1.6678	1.390e-03	   0.025	   277.496
 506	127	 4.0690	 1.0406	   1.5209	        1.5214	          0.0004	   1.6631	1.329e-03	   0.034	   278.068
 507	127	 4.0688	 1.0394	   1.5209	        1.5214	          0.0004	   1.5771	1.829e-03	   0.031	   278.663
 508	127	 4.0682	 1.0398	   1.5209	        1.5214	          0.0004	   1.6511	1.671e-03	   0.040	   279.250
 509	128	 4.0680	 1.0390	   1.5209	        1.5214	          0.0004	   1.5960	2.042e-03	   0.029	   279.824
 510	128	 4.0678	 1.0397	   1.5209	        1.5214	          0.0004	   1.6773	1.726e-03	   0.030	   280.388
 511	128	 4.0674	 1.0400	   1.5209	        1.5214	          0.0004	   1.6590	1.592e-03	   0.031	   280.981
 512	128	 4.0678	 1.0406	   1.5209	        1.5214	          0.0004	   1.6847	1.328e-03	   0.034	   281.573
 513	129	 4.0677	 1.0409	   1.5209	        1.5214	          0.0004	   1.6563	1.196e-03	   0.028	   282.140
 514	129	 4.0676	 1.0401	   1.5209	        1.5214	          0.0004	   1.6043	1.518e-03	   0.031	   282.710
 515	129	 4.0676	 1.0405	   1.5209	        1.5214	          0.0004	   1.6644	1.366e-03	   0.037	   283.314
 516	129	 4.0684	 1.0411	   1.5209	        1.5214	          0.0004	   1.6923	1.109e-03	   0.035	   283.923
 517	130	 4.0681	 1.0422	   1.5209	        1.5214	          0.0004	   1.7051	6.259e-04	   0.032	   284.522
 518	130	 4.0683	 1.0418	   1.5209	        1.5214	          0.0004	   1.6282	8.025e-04	   0.029	   285.084
 519	130	 4.0683	 1.0414	   1.5209	        1.5214	          0.0004	   1.6242	9.682e-04	   0.029	   285.648
 520	130	 4.0688	 1.0409	   1.5209	        1.5214	          0.0004	   1.6229	1.183e-03	   0.030	   286.218
 521	131	 4.0689	 1.0407	   1.5209	        1.5214	          0.0004	   1.6332	1.262e-03	   0.034	   286.779
 522	131	 4.0684	 1.0406	   1.5209	        1.5214	          0.0004	   1.6329	1.292e-03	   0.033	   287.375
 523	131	 4.0683	 1.0409	   1.5209	        1.5214	          0.0004	   1.6619	1.165e-03	   0.029	   287.936
 524	131	 4.0687	 1.0407	   1.5209	        1.5214	          0.0004	   1.6385	1.257e-03	   0.029	   288.499
 525	132	 4.0685	 1.0412	   1.5209	        1.5214	          0.0004	   1.6658	1.030e-03	   0.030	   289.071
 526	132	 4.0684	 1.0416	   1.5209	        1.5214	          0.0004	   1.6707	8.533e-04	   0.028	   289.656
 527	132	 4.0688	 1.0411	   1.5209	        1.5214	          0.0004	   1.6117	1.096e-03	   0.033	   290.224
 528	132	 4.0691	 1.0406	   1.5209	        1.5214	          0.0004	   1.6195	1.329e-03	   0.032	   290.793
 529	133	 4.0693	 1.0401	   1.5209	        1.5214	          0.0004	   1.6160	1.546e-03	   0.036	   291.372
 530	133	 4.0688	 1.0402	   1.5209	        1.5214	          0.0004	   1.6420	1.490e-03	   0.037	   292.006
 531	133	 4.0693	 1.0408	   1.5209	        1.5214	          0.0004	   1.6969	1.228e-03	   0.032	   292.577
 532	133	 4.0690	 1.0408	   1.5209	        1.5214	          0.0004	   1.6400	1.236e-03	   0.030	   293.138
 533	134	 4.0693	 1.0407	   1.5209	        1.5214	          0.0004	   1.6450	1.273e-03	   0.026	   293.706
 534	134	 4.0691	 1.0397	   1.5209	        1.5214	          0.0004	   1.5892	1.690e-03	   0.024	   294.265
 535	134	 4.0686	 1.0405	   1.5209	        1.5214	          0.0004	   1.6787	1.341e-03	   0.033	   294.859
 536	134	 4.0693	 1.0405	   1.5209	        1.5214	          0.0004	   1.6527	1.365e-03	   0.030	   295.446
 537	135	 4.0691	 1.0399	   1.5209	        1.5214	          0.0004	   1.6052	1.616e-03	   0.032	   296.022
 538	135	 4.0694	 1.0400	   1.5209	        1.5214	          0.0004	   1.6508	1.591e-03	   0.032	   296.594
 539	135	 4.0692	 1.0400	   1.5209	        1.5214	          0.0004	   1.6428	1.595e-03	   0.034	   297.178
 540	135	 4.0694	 1.0401	   1.5209	        1.5214	          0.0004	   1.6614	1.519e-03	   0.034	   297.765
 541	136	 4.0692	 1.0416	   1.5209	        1.5214	          0.0004	   1.7266	8.859e-04	   0.033	   298.348
 542	136	 4.0692	 1.0403	   1.5209	        1.5214	          0.0004	   1.5631	1.453e-03	   0.031	   298.924
 543	136	 4.0695	 1.0402	   1.5209	        1.5214	          0.0004	   1.6413	1.482e-03	   0.036	   299.557
 544	136	 4.0695	 1.0408	   1.5209	        1.5214	          0.0004	   1.6822	1.235e-03	   0.040	   300.208
 545	137	 4.0695	 1.0407	   1.5209	        1.5214	          0.0004	   1.6434	1.248e-03	   0.032	   300.823
 546	137	 4.0694	 1.0408	   1.5209	        1.5214	          0.0004	   1.6522	1.244e-03	   0.028	   301.394
 547	137	 4.0694	 1.0412	   1.5209	        1.5214	          0.0004	   1.6725	1.055e-03	   0.027	   301.985
 548	137	 4.0696	 1.0411	   1.5209	        1.5214	          0.0004	   1.6375	1.083e-03	   0.030	   302.592
 549	138	 4.0691	 1.0402	   1.5209	        1.5214	          0.0004	   1.5804	1.507e-03	   0.031	   303.204
 550	138	 4.0692	 1.0405	   1.5209	        1.5214	          0.0004	   1.6684	1.346e-03	   0.033	   303.819
 551	138	 4.0697	 1.0413	   1.5209	        1.5214	          0.0004	   1.6984	9.972e-04	   0.034	   304.416
 552	138	 4.0695	 1.0416	   1.5209	        1.5214	          0.0004	   1.6538	8.766e-04	   0.032	   304.979
 553	139	 4.0694	 1.0418	   1.5209	        1.5214	          0.0004	   1.6480	8.047e-04	   0.032	   305.546
 554	139	 4.0699	 1.0419	   1.5209	        1.5214	          0.0004	   1.6627	7.394e-04	   0.032	   306.136
 555	139	 4.0700	 1.0421	   1.5209	        1.5214	          0.0004	   1.6585	6.678e-04	   0.028	   306.699
 556	139	 4.0697	 1.0419	   1.5209	        1.5214	          0.0004	   1.6354	7.494e-04	   0.032	   307.296
 557	140	 4.0693	 1.0429	   1.5209	        1.5214	          0.0004	   1.7015	3.188e-04	   0.032	   307.892
 558	140	 4.0695	 1.0423	   1.5209	        1.5214	          0.0004	   1.6215	5.543e-04	   0.032	   308.498
 559	140	 4.0693	 1.0412	   1.5209	        1.5214	          0.0004	   1.5619	1.057e-03	   0.033	   309.087
 560	140	 4.0696	 1.0414	   1.5209	        1.5214	          0.0004	   1.6627	9.492e-04	   0.026	   309.650
 561	141	 4.0694	 1.0409	   1.5209	        1.5214	          0.0004	   1.6095	1.158e-03	   0.032	   310.214
 562	141	 4.0694	 1.0416	   1.5209	        1.5214	          0.0004	   1.6875	8.659e-04	   0.029	   310.780
 563	141	 4.0693	 1.0415	   1.5209	        1.5214	          0.0004	   1.6358	9.334e-04	   0.027	   311.357
 564	141	 4.0694	 1.0414	   1.5209	        1.5214	          0.0004	   1.6391	9.428e-04	   0.035	   311.954
 565	142	 4.0698	 1.0422	   1.5209	        1.5214	          0.0004	   1.7063	6.010e-04	   0.028	   312.534
 566	142	 4.0700	 1.0419	   1.5209	        1.5214	          0.0004	   1.6219	7.600e-04	   0.035	   313.099
 567	142	 4.0703	 1.0417	   1.5209	        1.5214	          0.0004	   1.6391	8.389e-04	   0.032	   313.687
 568	142	 4.0697	 1.0416	   1.5209	        1.5214	          0.0004	   1.6268	8.642e-04	   0.032	   314.276
 569	143	 4.0694	 1.0413	   1.5209	        1.5214	          0.0004	   1.6203	1.015e-03	   0.029	   314.852
 570	143	 4.0695	 1.0417	   1.5209	        1.5214	          0.0004	   1.6753	8.081e-04	   0.029	   315.420
 571	143	 4.0697	 1.0424	   1.5209	        1.5214	          0.0004	   1.6911	4.989e-04	   0.028	   316.001
 572	143	 4.0693	 1.0421	   1.5209	        1.5214	          0.0004	   1.6180	6.370e-04	   0.034	   316.619
 573	144	 4.0693	 1.0434	   1.5209	        1.5214	          0.0004	   1.7269	1.187e-04	   0.035	   317.225
 574	144	 4.0694	 1.0439	   1.5209	        1.5214	          0.0004	   1.6786	1.679e-04	   0.031	   317.795
 575	144	 4.0691	 1.0432	   1.5209	        1.5214	          0.0004	   1.5947	1.976e-04	   0.031	   318.366
 576	144	 4.0689	 1.0429	   1.5209	        1.5214	          0.0004	   1.6261	3.068e-04	   0.028	   318.930
 577	145	 4.0687	 1.0429	   1.5209	        1.5214	          0.0004	   1.6448	3.003e-04	   0.029	   319.477
 578	145	 4.0686	 1.0428	   1.5209	        1.5214	          0.0004	   1.6417	3.422e-04	   0.028	   320.037
 579	145	 4.0685	 1.0436	   1.5209	        1.5214	          0.0004	   1.6950	8.109e-05	   0.029	   320.565
 580	145	 4.0688	 1.0429	   1.5209	        1.5214	          0.0004	   1.5999	3.125e-04	   0.026	   320.936
 581	146	 4.0685	 1.0426	   1.5209	        1.5214	          0.0004	   1.6296	4.140e-04	   0.023	   321.376
 582	146	 4.0690	 1.0423	   1.5209	        1.5214	          0.0004	   1.6256	5.803e-04	   0.020	   321.714
 583	146	 4.0689	 1.0426	   1.5209	        1.5214	          0.0004	   1.6623	4.542e-04	   0.018	   321.917
 584	146	 4.0688	 1.0428	   1.5209	        1.5214	          0.0004	   1.6603	3.573e-04	   0.019	   322.362
 585	147	 4.0690	 1.0430	   1.5209	        1.5214	          0.0004	   1.6655	2.831e-04	   0.017	   322.839
 586	147	 4.0690	 1.0427	   1.5209	        1.5214	          0.0004	   1.6265	3.902e-04	   0.016	   323.280
 587	147	 4.0690	 1.0424	   1.5209	        1.5214	          0.0004	   1.6244	5.240e-04	   0.020	   323.736
 588	147	 4.0691	 1.0425	   1.5209	        1.5214	          0.0004	   1.6518	4.964e-04	   0.020	   324.206
 589	148	 4.0695	 1.0426	   1.5209	        1.5214	          0.0004	   1.6589	4.425e-04	   0.021	   324.643
 590	148	 4.0693	 1.0419	   1.5209	        1.5214	          0.0004	   1.5925	7.388e-04	   0.019	   325.088
 591	148	 4.0693	 1.0425	   1.5209	        1.5214	          0.0004	   1.6876	4.749e-04	   0.018	   325.526
 592	148	 4.0689	 1.0422	   1.5209	        1.5214	          0.0004	   1.6197	6.167e-04	   0.018	   325.981
 593	149	 4.0688	 1.0412	   1.5209	        1.5214	          0.0004	   1.5760	1.036e-03	   0.018	   326.449
 594	149	 4.0683	 1.0417	   1.5209	        1.5214	          0.0004	   1.6689	8.460e-04	   0.016	   326.900
 595	149	 4.0684	 1.0417	   1.5209	        1.5214	          0.0004	   1.6536	8.193e-04	   0.023	   327.344
 596	149	 4.0688	 1.0419	   1.5209	        1.5214	          0.0004	   1.6673	7.286e-04	   0.020	   327.788
 597	150	 4.0687	 1.0428	   1.5209	        1.5214	          0.0004	   1.7087	3.644e-04	   0.024	   328.290
 598	150	 4.0687	 1.0418	   1.5209	        1.5214	          0.0004	   1.5710	7.836e-04	   0.020	   328.796
 599	150	 4.0690	 1.0413	   1.5209	        1.5214	          0.0004	   1.6227	9.929e-04	   0.018	   329.232
 600	150	 4.0690	 1.0417	   1.5209	        1.5214	          0.0004	   1.6699	8.087e-04	   0.015	   329.669
 601	151	 4.0688	 1.0417	   1.5209	        1.5214	          0.0004	   1.6355	8.229e-04	   0.022	   330.152
 602	151	 4.0686	 1.0419	   1.5209	        1.5214	          0.0004	   1.6530	7.430e-04	   0.015	   330.635
 603	151	 4.0687	 1.0422	   1.5209	        1.5214	          0.0004	   1.6686	6.075e-04	   0.021	   331.103
 604	151	 4.0691	 1.0421	   1.5209	        1.5214	          0.0004	   1.6535	6.499e-04	   0.015	   331.540
 605	152	 4.0691	 1.0410	   1.5209	        1.5214	          0.0004	   1.5704	1.120e-03	   0.021	   331.981
 606	152	 4.0691	 1.0399	   1.5209	        1.5214	          0.0004	   1.5729	1.625e-03	   0.018	   332.423
 607	152	 4.0692	 1.0402	   1.5209	        1.5214	          0.0004	   1.6646	1.505e-03	   0.020	   332.883
 608	152	 4.0692	 1.0413	   1.5209	        1.5214	          0.0004	   1.7221	9.918e-04	   0.018	   333.321
 609	153	 4.0696	 1.0419	   1.5209	        1.5214	          0.0004	   1.6956	7.191e-04	   0.020	   333.769
 610	153	 4.0698	 1.0420	   1.5209	        1.5214	          0.0004	   1.6599	6.992e-04	   0.018	   334.203
 611	153	 4.0693	 1.0414	   1.5209	        1.5214	          0.0004	   1.5917	9.565e-04	   0.026	   334.673
 612	153	 4.0690	 1.0424	   1.5209	        1.5214	          0.0004	   1.7050	5.327e-04	   0.018	   335.155
 613	154	 4.0689	 1.0421	   1.5209	        1.5214	          0.0004	   1.6210	6.721e-04	   0.021	   335.619
 614	154	 4.0692	 1.0423	   1.5209	        1.5214	          0.0004	   1.6753	5.437e-04	   0.015	   336.063
 615	154	 4.0695	 1.0432	   1.5209	        1.5214	          0.0004	   1.7035	1.936e-04	   0.018	   336.509
 616	154	 4.0692	 1.0426	   1.5209	        1.5214	          0.0004	   1.5979	4.418e-04	   0.020	   336.976
 617	155	 4.0693	 1.0432	   1.5209	        1.5214	          0.0004	   1.7012	1.654e-04	   0.018	   337.428
 618	155	 4.0684	 1.0423	   1.5209	        1.5214	          0.0004	   1.5586	5.562e-04	   0.021	   337.863
 619	155	 4.0681	 1.0426	   1.5209	        1.5214	          0.0004	   1.6602	4.230e-04	   0.019	   338.309
 620	155	 4.0684	 1.0427	   1.5209	        1.5214	          0.0004	   1.6589	3.862e-04	   0.020	   338.754
 621	156	 4.0688	 1.0425	   1.5209	        1.5214	          0.0004	   1.6349	4.574e-04	   0.018	   339.222
 622	156	 4.0688	 1.0428	   1.5209	        1.5214	          0.0004	   1.6681	3.466e-04	   0.018	   339.683
 623	156	 4.0689	 1.0434	   1.5209	        1.5214	          0.0004	   1.6825	1.258e-04	   0.016	   340.120
 624	156	 4.0692	 1.0426	   1.5209	        1.5214	          0.0004	   1.6000	4.216e-04	   0.023	   340.563
 625	157	 4.0694	 1.0430	   1.5209	        1.5214	          0.0004	   1.6833	2.736e-04	   0.019	   341.033
 626	157	 4.0689	 1.0428	   1.5209	        1.5214	          0.0004	   1.6222	3.503e-04	   0.023	   341.493
 627	157	 4.0684	 1.0431	   1.5209	        1.5214	          0.0004	   1.6511	2.335e-04	   0.020	   341.944
 628	157	 4.0685	 1.0422	   1.5209	        1.5214	          0.0004	   1.5806	5.932e-04	   0.018	   342.380
 629	158	 4.0681	 1.0424	   1.5209	        1.5214	          0.0004	   1.6488	5.268e-04	   0.017	   342.844
 630	158	 4.0681	 1.0412	   1.5209	        1.5214	          0.0004	   1.5572	1.036e-03	   0.022	   343.339
 631	158	 4.0688	 1.0415	   1.5209	        1.5214	          0.0004	   1.6832	9.102e-04	   0.014	   343.802
 632	158	 4.0686	 1.0421	   1.5209	        1.5214	          0.0004	   1.6885	6.301e-04	   0.021	   344.251
 633	159	 4.0689	 1.0434	   1.5209	        1.5214	          0.0004	   1.7389	1.079e-04	   0.015	   344.689
 634	159	 4.0680	 1.0425	   1.5209	        1.5214	          0.0004	   1.5647	4.864e-04	   0.021	   345.130
 635	159	 4.0681	 1.0428	   1.5209	        1.5214	          0.0004	   1.6735	3.588e-04	   0.020	   345.588
 636	159	 4.0683	 1.0425	   1.5209	        1.5214	          0.0004	   1.6284	4.906e-04	   0.019	   346.032
 637	160	 4.0679	 1.0420	   1.5209	        1.5214	          0.0004	   1.6028	7.110e-04	   0.017	   346.470
 638	160	 4.0685	 1.0423	   1.5209	        1.5214	          0.0004	   1.6777	5.796e-04	   0.020	   346.917
 639	160	 4.0686	 1.0430	   1.5209	        1.5214	          0.0004	   1.6972	2.660e-04	   0.022	   347.366
 640	160	 4.0684	 1.0424	   1.5209	        1.5214	          0.0004	   1.5982	5.143e-04	   0.022	   347.860
 641	161	 4.0686	 1.0427	   1.5209	        1.5214	          0.0004	   1.6700	3.980e-04	   0.017	   348.298
 642	161	 4.0687	 1.0422	   1.5209	        1.5214	          0.0004	   1.6151	5.919e-04	   0.019	   348.738
 643	161	 4.0689	 1.0428	   1.5209	        1.5214	          0.0004	   1.6912	3.504e-04	   0.015	   349.179
 644	161	 4.0685	 1.0421	   1.5209	        1.5214	          0.0004	   1.5812	6.709e-04	   0.018	   349.645
 645	162	 4.0686	 1.0424	   1.5209	        1.5214	          0.0004	   1.6674	5.362e-04	   0.018	   350.100
 646	162	 4.0679	 1.0415	   1.5209	        1.5214	          0.0004	   1.5740	9.314e-04	   0.018	   350.544
 647	162	 4.0681	 1.0427	   1.5209	        1.5214	          0.0004	   1.7311	4.101e-04	   0.021	   350.979
 648	162	 4.0682	 1.0428	   1.5209	        1.5214	          0.0004	   1.6582	3.675e-04	   0.019	   351.425
 649	163	 4.0682	 1.0428	   1.5209	        1.5214	          0.0004	   1.6444	3.540e-04	   0.020	   351.894
 650	163	 4.0681	 1.0426	   1.5209	        1.5214	          0.0004	   1.6378	4.175e-04	   0.018	   352.390
 651	163	 4.0681	 1.0429	   1.5209	        1.5214	          0.0004	   1.6614	2.892e-04	   0.018	   352.870
 652	163	 4.0680	 1.0432	   1.5209	        1.5214	          0.0004	   1.6685	1.897e-04	   0.018	   353.329
 653	164	 4.0680	 1.0428	   1.5209	        1.5214	          0.0004	   1.6211	3.622e-04	   0.024	   353.806
 654	164	 4.0681	 1.0434	   1.5209	        1.5214	          0.0004	   1.6911	1.254e-04	   0.020	   354.269
 655	164	 4.0683	 1.0440	   1.5209	        1.5214	          0.0004	   1.6951	2.228e-04	   0.023	   354.734
 656	164	 4.0682	 1.0435	   1.5209	        1.5214	          0.0004	   1.6050	8.163e-05	   0.022	   355.221
 657	165	 4.0690	 1.0431	   1.5209	        1.5214	          0.0004	   1.6197	2.330e-04	   0.022	   355.719
 658	165	 4.0685	 1.0426	   1.5209	        1.5214	          0.0004	   1.6065	4.122e-04	   0.019	   356.239
 659	165	 4.0688	 1.0432	   1.5209	        1.5214	          0.0004	   1.7017	1.802e-04	   0.019	   356.719
 660	165	 4.0685	 1.0432	   1.5209	        1.5214	          0.0004	   1.6340	1.941e-04	   0.012	   357.160
 661	166	 4.0686	 1.0444	   1.5209	        1.5214	          0.0004	   1.7404	3.707e-04	   0.021	   357.608
 662	166	 4.0683	 1.0442	   1.5209	        1.5214	          0.0004	   1.6212	2.967e-04	   0.015	   358.046
 663	166	 4.0686	 1.0436	   1.5209	        1.5214	          0.0004	   1.6134	8.414e-05	   0.023	   358.495
 664	166	 4.0686	 1.0436	   1.5209	        1.5214	          0.0004	   1.6450	8.444e-05	   0.018	   358.951
 665	167	 4.0687	 1.0442	   1.5209	        1.5214	          0.0004	   1.6879	3.001e-04	   0.018	   359.389
 666	167	 4.0684	 1.0446	   1.5209	        1.5214	          0.0004	   1.6618	4.598e-04	   0.020	   359.856
 667	167	 4.0684	 1.0441	   1.5209	        1.5214	          0.0004	   1.6128	2.458e-04	   0.021	   360.330
 668	167	 4.0685	 1.0434	   1.5209	        1.5214	          0.0004	   1.5999	1.037e-04	   0.018	   360.802
 669	168	 4.0682	 1.0432	   1.5209	        1.5214	          0.0004	   1.6243	1.823e-04	   0.022	   361.250
 670	168	 4.0682	 1.0433	   1.5209	        1.5214	          0.0004	   1.6551	1.377e-04	   0.017	   361.687
 671	168	 4.0684	 1.0436	   1.5209	        1.5214	          0.0004	   1.6762	8.546e-05	   0.019	   362.127
 672	168	 4.0684	 1.0430	   1.5209	        1.5214	          0.0004	   1.5959	2.512e-04	   0.015	   362.590
 673	169	 4.0685	 1.0429	   1.5209	        1.5214	          0.0004	   1.6407	3.046e-04	   0.016	   363.050
 674	169	 4.0689	 1.0427	   1.5209	        1.5214	          0.0004	   1.6243	3.817e-04	   0.018	   363.489
 675	169	 4.0688	 1.0426	   1.5209	        1.5214	          0.0004	   1.6354	4.520e-04	   0.018	   363.933
 676	169	 4.0686	 1.0432	   1.5209	        1.5214	          0.0004	   1.6955	1.821e-04	   0.021	   364.368
 677	170	 4.0686	 1.0425	   1.5209	        1.5214	          0.0004	   1.5878	4.936e-04	   0.021	   364.840
 678	170	 4.0684	 1.0431	   1.5209	        1.5214	          0.0004	   1.6924	2.243e-04	   0.020	   365.298
 679	170	 4.0685	 1.0420	   1.5209	        1.5214	          0.0004	   1.5664	6.772e-04	   0.016	   365.744
 680	170	 4.0685	 1.0429	   1.5209	        1.5214	          0.0004	   1.7074	3.227e-04	   0.018	   366.188
 681	171	 4.0682	 1.0428	   1.5209	        1.5214	          0.0004	   1.6360	3.403e-04	   0.016	   366.641
 682	171	 4.0686	 1.0425	   1.5209	        1.5214	          0.0004	   1.6280	4.887e-04	   0.023	   367.109
 683	171	 4.0681	 1.0422	   1.5209	        1.5214	          0.0004	   1.6196	5.884e-04	   0.018	   367.566
 684	171	 4.0681	 1.0432	   1.5209	        1.5214	          0.0004	   1.7249	1.655e-04	   0.021	   368.003
 685	172	 4.0681	 1.0432	   1.5209	        1.5214	          0.0004	   1.6456	1.755e-04	   0.022	   368.466
 686	172	 4.0684	 1.0436	   1.5209	        1.5214	          0.0004	   1.6718	8.118e-05	   0.020	   368.944
 687	172	 4.0683	 1.0427	   1.5209	        1.5214	          0.0004	   1.5771	3.714e-04	   0.015	   369.418
 688	172	 4.0682	 1.0427	   1.5209	        1.5214	          0.0004	   1.6493	3.781e-04	   0.018	   369.876
 689	173	 4.0683	 1.0420	   1.5209	        1.5214	          0.0004	   1.5969	6.757e-04	   0.012	   370.308
 690	173	 4.0683	 1.0427	   1.5209	        1.5214	          0.0004	   1.6946	4.029e-04	   0.021	   370.756
 691	173	 4.0682	 1.0424	   1.5209	        1.5214	          0.0004	   1.6228	5.252e-04	   0.015	   371.193
 692	173	 4.0684	 1.0420	   1.5209	        1.5214	          0.0004	   1.6133	6.869e-04	   0.021	   371.656
 693	174	 4.0683	 1.0425	   1.5209	        1.5214	          0.0004	   1.6874	4.585e-04	   0.017	   372.099
 694	174	 4.0686	 1.0424	   1.5209	        1.5214	          0.0004	   1.6405	5.396e-04	   0.021	   372.565
 695	174	 4.0682	 1.0426	   1.5209	        1.5214	          0.0004	   1.6538	4.373e-04	   0.018	   373.013
 696	174	 4.0680	 1.0422	   1.5209	        1.5214	          0.0004	   1.6073	6.204e-04	   0.021	   373.483
 697	175	 4.0680	 1.0424	   1.5209	        1.5214	          0.0004	   1.6630	5.360e-04	   0.018	   373.918
 698	175	 4.0680	 1.0435	   1.5209	        1.5214	          0.0004	   1.7407	9.391e-05	   0.022	   374.365
 699	175	 4.0684	 1.0428	   1.5209	        1.5214	          0.0004	   1.5980	3.299e-04	   0.018	   374.803
 700	175	 4.0680	 1.0421	   1.5209	        1.5214	          0.0004	   1.5707	6.690e-04	   0.020	   375.265
 701	176	 4.0683	 1.0421	   1.5209	        1.5214	          0.0004	   1.6529	6.730e-04	   0.015	   375.729
 702	176	 4.0681	 1.0420	   1.5209	        1.5214	          0.0004	   1.6346	6.953e-04	   0.016	   376.166
 703	176	 4.0680	 1.0424	   1.5209	        1.5214	          0.0004	   1.6764	5.272e-04	   0.018	   376.605
 704	176	 4.0674	 1.0418	   1.5209	        1.5214	          0.0004	   1.5778	7.957e-04	   0.020	   377.068
 705	177	 4.0676	 1.0417	   1.5209	        1.5214	          0.0004	   1.6491	8.205e-04	   0.025	   377.565
 706	177	 4.0673	 1.0424	   1.5209	        1.5214	          0.0004	   1.6884	5.420e-04	   0.019	   378.040
 707	177	 4.0672	 1.0424	   1.5209	        1.5214	          0.0004	   1.6503	5.001e-04	   0.018	   378.492
 708	177	 4.0673	 1.0420	   1.5209	        1.5214	          0.0004	   1.6037	7.108e-04	   0.016	   378.931
 709	178	 4.0678	 1.0413	   1.5209	        1.5214	          0.0004	   1.6002	1.020e-03	   0.020	   379.386
 710	178	 4.0676	 1.0416	   1.5209	        1.5214	          0.0004	   1.6608	8.682e-04	   0.017	   379.849
 711	178	 4.0678	 1.0412	   1.5209	        1.5214	          0.0004	   1.6187	1.054e-03	   0.020	   380.279
 712	178	 4.0673	 1.0414	   1.5209	        1.5214	          0.0004	   1.6533	9.579e-04	   0.002	   380.653
 713	179	 4.0677	 1.0414	   1.5209	        1.5214	          0.0004	   1.6574	9.501e-04	   0.019	   380.989
 714	179	 4.0673	 1.0417	   1.5209	        1.5214	          0.0004	   1.6608	8.407e-04	   0.024	   381.424
 715	179	 4.0676	 1.0419	   1.5209	        1.5214	          0.0004	   1.6658	7.483e-04	   0.025	   381.894
 716	179	 4.0677	 1.0415	   1.5209	        1.5214	          0.0004	   1.6099	9.032e-04	   0.021	   382.327
 717	180	 4.0678	 1.0416	   1.5209	        1.5214	          0.0004	   1.6558	8.566e-04	   0.021	   382.740
 718	180	 4.0678	 1.0418	   1.5209	        1.5214	          0.0004	   1.6616	7.784e-04	   0.021	   383.153
 719	180	 4.0680	 1.0418	   1.5209	        1.5214	          0.0004	   1.6442	7.951e-04	   0.025	   383.563
 720	180	 4.0677	 1.0418	   1.5209	        1.5214	          0.0004	   1.6400	7.997e-04	   0.028	   383.994
 721	181	 4.0671	 1.0422	   1.5209	        1.5214	          0.0004	   1.6697	6.257e-04	   0.026	   384.442
 722	181	 4.0669	 1.0425	   1.5209	        1.5214	          0.0004	   1.6632	4.904e-04	   0.021	   384.873
 723	181	 4.0672	 1.0419	   1.5209	        1.5214	          0.0004	   1.6073	7.287e-04	   0.022	   385.304
 724	181	 4.0676	 1.0417	   1.5209	        1.5214	          0.0004	   1.6376	8.244e-04	   0.022	   385.719
 725	182	 4.0676	 1.0416	   1.5209	        1.5214	          0.0004	   1.6289	8.837e-04	   0.021	   386.144
 726	182	 4.0678	 1.0415	   1.5209	        1.5214	          0.0004	   1.6529	9.217e-04	   0.021	   386.557
 727	182	 4.0676	 1.0420	   1.5209	        1.5214	          0.0004	   1.6839	6.754e-04	   0.018	   386.959
 728	182	 4.0674	 1.0419	   1.5209	        1.5214	          0.0004	   1.6306	7.334e-04	   0.024	   387.380
 729	183	 4.0677	 1.0426	   1.5209	        1.5214	          0.0004	   1.7121	4.455e-04	   0.021	   387.814
 730	183	 4.0677	 1.0424	   1.5209	        1.5214	          0.0004	   1.6309	5.246e-04	   0.024	   388.241
 731	183	 4.0675	 1.0423	   1.5209	        1.5214	          0.0004	   1.6283	5.756e-04	   0.023	   388.654
 732	183	 4.0675	 1.0421	   1.5209	        1.5214	          0.0004	   1.6254	6.598e-04	   0.022	   389.060
 733	184	 4.0674	 1.0415	   1.5209	        1.5214	          0.0004	   1.6013	9.042e-04	   0.023	   389.476
 734	184	 4.0676	 1.0417	   1.5209	        1.5214	          0.0004	   1.6576	8.462e-04	   0.021	   389.918
 735	184	 4.0677	 1.0414	   1.5209	        1.5214	          0.0004	   1.6266	9.518e-04	   0.022	   390.350
 736	184	 4.0675	 1.0423	   1.5209	        1.5214	          0.0004	   1.7075	5.760e-04	   0.024	   390.765
 737	185	 4.0674	 1.0415	   1.5209	        1.5214	          0.0004	   1.5834	9.087e-04	   0.023	   391.175
 738	185	 4.0675	 1.0417	   1.5209	        1.5214	          0.0004	   1.6582	8.325e-04	   0.026	   391.608
 739	185	 4.0677	 1.0420	   1.5209	        1.5214	          0.0004	   1.6721	7.080e-04	   0.022	   392.042
 740	185	 4.0677	 1.0420	   1.5209	        1.5214	          0.0004	   1.6463	6.994e-04	   0.018	   392.457
 741	186	 4.0673	 1.0419	   1.5209	        1.5214	          0.0004	   1.6332	7.552e-04	   0.021	   392.870
 742	186	 4.0669	 1.0415	   1.5209	        1.5214	          0.0004	   1.6030	8.976e-04	   0.020	   393.303
 743	186	 4.0672	 1.0410	   1.5209	        1.5214	          0.0004	   1.6063	1.130e-03	   0.028	   393.758
 744	186	 4.0672	 1.0422	   1.5209	        1.5214	          0.0004	   1.7460	6.225e-04	   0.023	   394.204
 745	187	 4.0675	 1.0425	   1.5209	        1.5214	          0.0004	   1.6787	4.643e-04	   0.020	   394.618
 746	187	 4.0674	 1.0429	   1.5209	        1.5214	          0.0004	   1.6783	2.883e-04	   0.021	   395.031
 747	187	 4.0671	 1.0424	   1.5209	        1.5214	          0.0004	   1.5986	5.330e-04	   0.021	   395.445
 748	187	 4.0672	 1.0425	   1.5209	        1.5214	          0.0004	   1.6533	4.805e-04	   0.027	   395.867
 749	188	 4.0677	 1.0419	   1.5209	        1.5214	          0.0004	   1.6012	7.360e-04	   0.027	   396.322
 750	188	 4.0675	 1.0424	   1.5209	        1.5214	          0.0004	   1.6853	5.290e-04	   0.024	   396.739
 751	188	 4.0675	 1.0419	   1.5209	        1.5214	          0.0004	   1.6032	7.518e-04	   0.021	   397.147
 752	188	 4.0673	 1.0422	   1.5209	        1.5214	          0.0004	   1.6639	6.248e-04	   0.022	   397.562
 753	189	 4.0670	 1.0426	   1.5209	        1.5214	          0.0004	   1.6889	4.193e-04	   0.020	   397.993
 754	189	 4.0668	 1.0429	   1.5209	        1.5214	          0.0004	   1.6659	2.847e-04	   0.021	   398.403
 755	189	 4.0667	 1.0431	   1.5209	        1.5214	          0.0004	   1.6509	2.364e-04	   0.021	   398.815
 756	189	 4.0671	 1.0423	   1.5209	        1.5214	          0.0004	   1.5790	5.676e-04	   0.018	   399.218
 757	190	 4.0671	 1.0426	   1.5209	        1.5214	          0.0004	   1.6648	4.392e-04	   0.024	   399.672
 758	190	 4.0673	 1.0424	   1.5209	        1.5214	          0.0004	   1.6372	5.008e-04	   0.021	   400.143
 759	190	 4.0676	 1.0424	   1.5209	        1.5214	          0.0004	   1.6457	5.232e-04	   0.026	   400.585
 760	190	 4.0673	 1.0422	   1.5209	        1.5214	          0.0004	   1.6239	6.243e-04	   0.023	   401.015
 761	191	 4.0673	 1.0422	   1.5209	        1.5214	          0.0004	   1.6466	6.192e-04	   0.024	   401.433
 762	191	 4.0672	 1.0421	   1.5209	        1.5214	          0.0004	   1.6315	6.630e-04	   0.024	   401.914
 763	191	 4.0673	 1.0419	   1.5209	        1.5214	          0.0004	   1.6310	7.456e-04	   0.025	   402.392
 764	191	 4.0672	 1.0417	   1.5209	        1.5214	          0.0004	   1.6290	8.220e-04	   0.022	   402.842
 765	192	 4.0668	 1.0418	   1.5209	        1.5214	          0.0004	   1.6449	7.792e-04	   0.024	   403.281
 766	192	 4.0668	 1.0413	   1.5209	        1.5214	          0.0004	   1.5944	9.959e-04	   0.025	   403.724
 767	192	 4.0673	 1.0411	   1.5209	        1.5214	          0.0004	   1.6399	1.093e-03	   0.024	   404.155
 768	192	 4.0671	 1.0417	   1.5209	        1.5214	          0.0004	   1.6874	8.303e-04	   0.021	   404.582
 769	193	 4.0667	 1.0416	   1.5209	        1.5214	          0.0004	   1.6330	8.552e-04	   0.018	   404.988
 770	193	 4.0664	 1.0418	   1.5209	        1.5214	          0.0004	   1.6567	7.691e-04	   0.021	   405.417
 771	193	 4.0668	 1.0413	   1.5209	        1.5214	          0.0004	   1.6073	9.921e-04	   0.021	   405.872
 772	193	 4.0671	 1.0416	   1.5209	        1.5214	          0.0004	   1.6785	8.515e-04	   0.024	   406.313
 773	194	 4.0677	 1.0412	   1.5209	        1.5214	          0.0004	   1.6230	1.026e-03	   0.021	   406.742
 774	194	 4.0671	 1.0415	   1.5209	        1.5214	          0.0004	   1.6482	9.076e-04	   0.020	   407.149
 775	194	 4.0674	 1.0415	   1.5209	        1.5214	          0.0004	   1.6462	9.371e-04	   0.023	   407.570
 776	194	 4.0672	 1.0417	   1.5209	        1.5214	          0.0004	   1.6673	8.371e-04	   0.026	   408.022
 777	195	 4.0669	 1.0422	   1.5209	        1.5214	          0.0004	   1.6901	6.075e-04	   0.026	   408.471
 778	195	 4.0666	 1.0414	   1.5209	        1.5214	          0.0004	   1.5656	9.573e-04	   0.025	   408.891
 779	195	 4.0669	 1.0415	   1.5209	        1.5214	          0.0004	   1.6553	9.139e-04	   0.024	   409.302
 780	195	 4.0673	 1.0415	   1.5209	        1.5214	          0.0004	   1.6629	9.002e-04	   0.021	   409.710
 781	196	 4.0674	 1.0411	   1.5209	        1.5214	          0.0004	   1.6093	1.097e-03	   0.022	   410.148
 782	196	 4.0674	 1.0412	   1.5209	        1.5214	          0.0004	   1.6544	1.049e-03	   0.020	   410.557
 783	196	 4.0673	 1.0421	   1.5209	        1.5214	          0.0004	   1.7260	6.423e-04	   0.021	   410.966
 784	196	 4.0672	 1.0420	   1.5209	        1.5214	          0.0004	   1.6336	6.915e-04	   0.021	   411.379
 785	197	 4.0676	 1.0412	   1.5209	        1.5214	          0.0004	   1.5936	1.026e-03	   0.018	   411.804
 786	197	 4.0674	 1.0417	   1.5209	        1.5214	          0.0004	   1.6720	8.400e-04	   0.022	   412.243
 787	197	 4.0673	 1.0416	   1.5209	        1.5214	          0.0004	   1.6324	8.824e-04	   0.019	   412.651
 788	197	 4.0676	 1.0418	   1.5209	        1.5214	          0.0004	   1.6749	7.709e-04	   0.024	   413.063
 789	198	 4.0676	 1.0419	   1.5209	        1.5214	          0.0004	   1.6469	7.318e-04	   0.023	   413.476
 790	198	 4.0678	 1.0416	   1.5209	        1.5214	          0.0004	   1.6261	8.800e-04	   0.023	   413.904
 791	198	 4.0679	 1.0417	   1.5209	        1.5214	          0.0004	   1.6617	8.372e-04	   0.023	   414.338
 792	198	 4.0676	 1.0421	   1.5209	        1.5214	          0.0004	   1.6724	6.523e-04	   0.021	   414.762
 793	199	 4.0674	 1.0426	   1.5209	        1.5214	          0.0004	   1.6761	4.543e-04	   0.022	   415.172
 794	199	 4.0672	 1.0425	   1.5209	        1.5214	          0.0004	   1.6396	4.929e-04	   0.026	   415.602
 795	199	 4.0673	 1.0419	   1.5209	        1.5214	          0.0004	   1.5912	7.382e-04	   0.023	   416.037
 796	199	 4.0672	 1.0420	   1.5209	        1.5214	          0.0004	   1.6538	6.745e-04	   0.024	   416.461
 797	200	 4.0666	 1.0415	   1.5209	        1.5214	          0.0004	   1.5755	9.219e-04	   0.020	   416.874
 798	200	 4.0665	 1.0419	   1.5209	        1.5214	          0.0004	   1.6821	7.548e-04	   0.020	   417.292
 799	200	 4.0665	 1.0424	   1.5209	        1.5214	          0.0004	   1.6927	5.279e-04	   0.024	   417.748
 800	200	 4.0673	 1.0422	   1.5209	        1.5214	          0.0004	   1.6497	5.979e-04	   0.019	   418.198

[BSGD] Finished on device cuda -> σ_f² ≈ 4.0673, σ_ε² ≈ 1.0422
