[GPU 4][JOB 125] 'python cli.py bsgd --n 1024 --lengthscale 0.5 --sigma-f2-true 4.0 --sigma-eps2-true 1.0 --n-epochs 200 --device auto --kernel-mode finite --theta-min 1e-4 --theta-max 20.0 --print-every 1 --seed 4 --batch-size 256 --sigma-f2-init 5.0 --sigma-eps2-init 3.0 --alpha1 9.0 '

=== BSGD (biased SGD on exact kernel) ===
iter	epoch	σ_f²	σ_ε²	real_nlml	real_nlml_true	real_nlml_abs_err	mini_nlml	||grad||	duration_s	wall_time_s
   1	 1	 4.6671	 2.0710	   1.6064	        1.5094	          0.0970	   1.6905	1.180e-01	   0.168	     0.278
   2	 1	 4.5625	 1.5999	   1.5519	        1.5094	          0.0425	   1.6846	1.095e-01	   0.027	     1.111
   3	 1	 4.5534	 1.2856	   1.5214	        1.5094	          0.0120	   1.6386	7.846e-02	   0.036	     1.770
   4	 1	 4.5441	 1.2289	   1.5173	        1.5094	          0.0079	   1.7034	6.789e-02	   0.039	     2.472
   5	 2	 4.5281	 1.1041	   1.5107	        1.5094	          0.0013	   1.6284	3.511e-02	   0.034	     3.175
   6	 2	 4.5447	 1.0211	   1.5091	        1.5094	          0.0004	   1.6054	2.993e-03	   0.030	     3.883
   7	 2	 4.5611	 1.0346	   1.5091	        1.5094	          0.0003	   1.6588	8.942e-03	   0.035	     4.604
   8	 2	 4.5498	 1.0555	   1.5094	        1.5094	          0.0000	   1.6669	1.756e-02	   0.037	     5.315
   9	 3	 4.5686	 1.0355	   1.5091	        1.5094	          0.0003	   1.6426	9.310e-03	   0.032	     6.018
  10	 3	 4.5752	 1.0867	   1.5101	        1.5094	          0.0007	   1.7072	2.921e-02	   0.036	     6.725
  11	 3	 4.5591	 1.0361	   1.5091	        1.5094	          0.0003	   1.5871	9.584e-03	   0.030	     7.441
  12	 3	 4.5403	 1.0295	   1.5091	        1.5094	          0.0003	   1.6320	6.725e-03	   0.036	     8.141
  13	 4	 4.5408	 1.0101	   1.5090	        1.5094	          0.0004	   1.6125	2.135e-03	   0.037	     8.880
  14	 4	 4.5232	 1.0242	   1.5091	        1.5094	          0.0004	   1.6507	4.352e-03	   0.034	     9.617
  15	 4	 4.5305	 1.0151	   1.5090	        1.5094	          0.0004	   1.6344	3.770e-04	   0.034	    10.379
  16	 4	 4.5406	 0.9962	   1.5091	        1.5094	          0.0003	   1.6077	8.904e-03	   0.038	    11.127
  17	 5	 4.5476	 0.9919	   1.5092	        1.5094	          0.0003	   1.6238	1.107e-02	   0.034	    11.860
  18	 5	 4.5531	 1.0293	   1.5091	        1.5094	          0.0003	   1.7088	6.656e-03	   0.041	    12.600
  19	 5	 4.5510	 1.0155	   1.5090	        1.5094	          0.0004	   1.6047	4.793e-04	   0.037	    13.334
  20	 5	 4.5405	 1.0253	   1.5091	        1.5094	          0.0004	   1.6550	4.867e-03	   0.032	    14.061
  21	 6	 4.5442	 1.0269	   1.5091	        1.5094	          0.0003	   1.6510	5.588e-03	   0.034	    14.803
  22	 6	 4.5545	 1.0042	   1.5091	        1.5094	          0.0004	   1.5977	4.943e-03	   0.041	    15.541
  23	 6	 4.5515	 1.0160	   1.5090	        1.5094	          0.0004	   1.6647	7.127e-04	   0.034	    16.264
  24	 6	 4.5414	 1.0306	   1.5091	        1.5094	          0.0003	   1.6690	7.190e-03	   0.035	    17.011
  25	 7	 4.5508	 1.0257	   1.5091	        1.5094	          0.0004	   1.6431	5.061e-03	   0.032	    17.736
  26	 7	 4.5373	 1.0414	   1.5092	        1.5094	          0.0002	   1.6808	1.182e-02	   0.041	    18.478
  27	 7	 4.5406	 1.0153	   1.5090	        1.5094	          0.0004	   1.5704	4.339e-04	   0.032	    19.265
  28	 7	 4.5383	 1.0227	   1.5091	        1.5094	          0.0004	   1.6546	3.724e-03	   0.037	    20.025
  29	 8	 4.5387	 1.0357	   1.5091	        1.5094	          0.0003	   1.6832	9.406e-03	   0.037	    20.844
  30	 8	 4.5264	 1.0158	   1.5090	        1.5094	          0.0004	   1.5678	6.225e-04	   0.040	    21.628
  31	 8	 4.5433	 1.0031	   1.5091	        1.5094	          0.0003	   1.6137	5.488e-03	   0.040	    22.396
  32	 8	 4.5403	 1.0278	   1.5091	        1.5094	          0.0003	   1.7167	5.995e-03	   0.041	    23.139
  33	 9	 4.5409	 1.0355	   1.5091	        1.5094	          0.0003	   1.6749	9.323e-03	   0.032	    23.861
  34	 9	 4.5512	 1.0517	   1.5093	        1.5094	          0.0001	   1.7279	1.605e-02	   0.037	    24.602
  35	 9	 4.5475	 1.0396	   1.5092	        1.5094	          0.0002	   1.5937	1.107e-02	   0.035	    25.339
  36	 9	 4.5466	 1.0211	   1.5091	        1.5094	          0.0004	   1.5735	2.986e-03	   0.037	    26.065
  37	10	 4.5396	 1.0192	   1.5090	        1.5094	          0.0004	   1.6246	2.120e-03	   0.035	    26.805
  38	10	 4.5414	 1.0239	   1.5091	        1.5094	          0.0004	   1.6641	4.226e-03	   0.028	    27.534
  39	10	 4.5455	 1.0266	   1.5091	        1.5094	          0.0003	   1.6593	5.457e-03	   0.038	    28.270
  40	10	 4.5481	 1.0204	   1.5091	        1.5094	          0.0004	   1.6213	2.693e-03	   0.032	    29.009
  41	11	 4.5489	 1.0166	   1.5090	        1.5094	          0.0004	   1.6374	9.459e-04	   0.035	    29.743
  42	11	 4.5582	 1.0162	   1.5090	        1.5094	          0.0004	   1.6414	7.923e-04	   0.036	    30.508
  43	11	 4.5571	 1.0126	   1.5090	        1.5094	          0.0004	   1.6211	9.648e-04	   0.037	    31.235
  44	11	 4.5500	 1.0050	   1.5091	        1.5094	          0.0004	   1.5884	4.567e-03	   0.038	    31.997
  45	12	 4.5509	 0.9944	   1.5091	        1.5094	          0.0003	   1.5802	9.802e-03	   0.039	    32.758
  46	12	 4.5546	 1.0135	   1.5090	        1.5094	          0.0004	   1.7270	5.772e-04	   0.035	    33.488
  47	12	 4.5446	 1.0139	   1.5090	        1.5094	          0.0004	   1.6229	4.261e-04	   0.038	    34.222
  48	12	 4.5509	 1.0051	   1.5091	        1.5094	          0.0004	   1.6056	4.503e-03	   0.035	    34.964
  49	13	 4.5482	 0.9937	   1.5091	        1.5094	          0.0003	   1.5688	1.016e-02	   0.037	    35.696
  50	13	 4.5509	 0.9940	   1.5091	        1.5094	          0.0003	   1.6294	1.001e-02	   0.034	    36.430
  51	13	 4.5473	 0.9957	   1.5091	        1.5094	          0.0003	   1.6340	9.141e-03	   0.032	    37.162
  52	13	 4.5420	 0.9984	   1.5091	        1.5094	          0.0003	   1.6357	7.779e-03	   0.031	    37.893
  53	14	 4.5423	 1.0042	   1.5091	        1.5094	          0.0004	   1.6618	4.952e-03	   0.037	    38.636
  54	14	 4.5385	 1.0037	   1.5091	        1.5094	          0.0004	   1.6264	5.196e-03	   0.040	    39.384
  55	14	 4.5443	 0.9997	   1.5091	        1.5094	          0.0003	   1.6192	7.149e-03	   0.038	    40.168
  56	14	 4.5480	 0.9990	   1.5091	        1.5094	          0.0003	   1.6411	7.484e-03	   0.035	    40.969
  57	15	 4.5444	 1.0046	   1.5091	        1.5094	          0.0004	   1.6690	4.766e-03	   0.042	    41.765
  58	15	 4.5533	 1.0025	   1.5091	        1.5094	          0.0003	   1.6346	5.793e-03	   0.041	    42.572
  59	15	 4.5531	 0.9965	   1.5091	        1.5094	          0.0003	   1.5965	8.735e-03	   0.039	    43.348
  60	15	 4.5527	 0.9993	   1.5091	        1.5094	          0.0003	   1.6445	7.357e-03	   0.035	    44.083
  61	16	 4.5504	 0.9991	   1.5091	        1.5094	          0.0003	   1.6235	7.441e-03	   0.035	    44.823
  62	16	 4.5593	 1.0016	   1.5091	        1.5094	          0.0003	   1.6696	6.227e-03	   0.033	    45.555
  63	16	 4.5584	 0.9968	   1.5091	        1.5094	          0.0003	   1.5944	8.558e-03	   0.036	    46.297
  64	16	 4.5543	 1.0021	   1.5091	        1.5094	          0.0003	   1.6670	5.947e-03	   0.036	    47.060
  65	17	 4.5589	 0.9955	   1.5091	        1.5094	          0.0003	   1.5958	9.217e-03	   0.036	    47.824
  66	17	 4.5620	 1.0006	   1.5091	        1.5094	          0.0003	   1.6736	6.702e-03	   0.037	    48.571
  67	17	 4.5563	 1.0037	   1.5091	        1.5094	          0.0004	   1.6427	5.189e-03	   0.031	    49.298
  68	17	 4.5552	 1.0015	   1.5091	        1.5094	          0.0003	   1.6161	6.265e-03	   0.040	    50.035
  69	18	 4.5524	 1.0008	   1.5091	        1.5094	          0.0003	   1.6192	6.603e-03	   0.032	    50.777
  70	18	 4.5534	 0.9953	   1.5091	        1.5094	          0.0003	   1.5957	9.314e-03	   0.035	    51.528
  71	18	 4.5531	 1.0014	   1.5091	        1.5094	          0.0003	   1.6721	6.294e-03	   0.037	    52.269
  72	18	 4.5547	 1.0034	   1.5091	        1.5094	          0.0004	   1.6550	5.341e-03	   0.040	    53.028
  73	19	 4.5562	 1.0011	   1.5091	        1.5094	          0.0003	   1.6203	6.438e-03	   0.032	    53.779
  74	19	 4.5568	 1.0003	   1.5091	        1.5094	          0.0003	   1.6241	6.865e-03	   0.035	    54.517
  75	19	 4.5577	 1.0022	   1.5091	        1.5094	          0.0003	   1.6541	5.918e-03	   0.034	    55.248
  76	19	 4.5567	 1.0009	   1.5091	        1.5094	          0.0003	   1.6250	6.530e-03	   0.040	    55.989
  77	20	 4.5569	 0.9990	   1.5091	        1.5094	          0.0003	   1.6160	7.513e-03	   0.036	    56.732
  78	20	 4.5567	 0.9974	   1.5091	        1.5094	          0.0003	   1.6140	8.294e-03	   0.036	    57.457
  79	20	 4.5584	 1.0055	   1.5091	        1.5094	          0.0004	   1.7081	4.325e-03	   0.031	    58.197
  80	20	 4.5565	 1.0055	   1.5091	        1.5094	          0.0004	   1.6310	4.296e-03	   0.031	    58.933
  81	21	 4.5620	 1.0099	   1.5090	        1.5094	          0.0004	   1.6905	2.222e-03	   0.035	    59.660
  82	21	 4.5623	 1.0096	   1.5090	        1.5094	          0.0004	   1.6400	2.353e-03	   0.042	    60.415
  83	21	 4.5641	 1.0074	   1.5091	        1.5094	          0.0004	   1.6205	3.423e-03	   0.033	    61.178
  84	21	 4.5588	 1.0048	   1.5091	        1.5094	          0.0004	   1.5945	4.640e-03	   0.039	    61.962
  85	22	 4.5580	 1.0055	   1.5091	        1.5094	          0.0004	   1.6482	4.340e-03	   0.033	    62.753
  86	22	 4.5575	 1.0047	   1.5091	        1.5094	          0.0004	   1.6270	4.706e-03	   0.039	    63.534
  87	22	 4.5556	 1.0070	   1.5091	        1.5094	          0.0004	   1.6512	3.606e-03	   0.032	    64.314
  88	22	 4.5567	 1.0074	   1.5091	        1.5094	          0.0004	   1.6363	3.417e-03	   0.037	    65.055
  89	23	 4.5558	 1.0047	   1.5091	        1.5094	          0.0004	   1.6024	4.685e-03	   0.038	    65.783
  90	23	 4.5571	 1.0070	   1.5091	        1.5094	          0.0004	   1.6669	3.581e-03	   0.036	    66.528
  91	23	 4.5532	 1.0094	   1.5090	        1.5094	          0.0004	   1.6456	2.463e-03	   0.040	    67.266
  92	23	 4.5563	 1.0125	   1.5090	        1.5094	          0.0004	   1.6817	1.041e-03	   0.039	    67.999
  93	24	 4.5581	 1.0128	   1.5090	        1.5094	          0.0004	   1.6525	8.731e-04	   0.032	    68.733
  94	24	 4.5552	 1.0105	   1.5090	        1.5094	          0.0004	   1.6017	1.922e-03	   0.033	    69.465
  95	24	 4.5547	 1.0107	   1.5090	        1.5094	          0.0004	   1.6300	1.870e-03	   0.037	    70.208
  96	24	 4.5559	 1.0121	   1.5090	        1.5094	          0.0004	   1.6580	1.214e-03	   0.029	    70.931
  97	25	 4.5589	 1.0193	   1.5090	        1.5094	          0.0004	   1.7277	2.178e-03	   0.033	    71.668
  98	25	 4.5635	 1.0148	   1.5090	        1.5094	          0.0004	   1.6130	2.766e-04	   0.031	    72.428
  99	25	 4.5624	 1.0123	   1.5090	        1.5094	          0.0004	   1.6060	1.106e-03	   0.037	    73.160
 100	25	 4.5575	 1.0080	   1.5091	        1.5094	          0.0004	   1.5678	3.129e-03	   0.039	    73.925
 101	26	 4.5568	 1.0132	   1.5090	        1.5094	          0.0004	   1.6920	7.040e-04	   0.031	    74.681
 102	26	 4.5591	 1.0079	   1.5091	        1.5094	          0.0004	   1.5894	3.158e-03	   0.034	    75.414
 103	26	 4.5556	 1.0052	   1.5091	        1.5094	          0.0004	   1.5945	4.456e-03	   0.036	    76.152
 104	26	 4.5549	 1.0119	   1.5090	        1.5094	          0.0004	   1.7055	1.303e-03	   0.037	    76.888
 105	27	 4.5570	 1.0144	   1.5090	        1.5094	          0.0004	   1.6763	2.791e-04	   0.041	    77.626
 106	27	 4.5601	 1.0147	   1.5090	        1.5094	          0.0004	   1.6564	2.653e-04	   0.035	    78.363
 107	27	 4.5593	 1.0106	   1.5090	        1.5094	          0.0004	   1.5854	1.900e-03	   0.034	    79.088
 108	27	 4.5570	 1.0128	   1.5090	        1.5094	          0.0004	   1.6503	8.791e-04	   0.032	    79.846
 109	28	 4.5583	 1.0180	   1.5090	        1.5094	          0.0004	   1.7098	1.592e-03	   0.036	    80.652
 110	28	 4.5580	 1.0169	   1.5090	        1.5094	          0.0004	   1.6134	1.081e-03	   0.035	    81.448
 111	28	 4.5573	 1.0128	   1.5090	        1.5094	          0.0004	   1.5927	8.665e-04	   0.038	    82.272
 112	28	 4.5568	 1.0131	   1.5090	        1.5094	          0.0004	   1.6426	7.612e-04	   0.037	    83.060
 113	29	 4.5565	 1.0138	   1.5090	        1.5094	          0.0004	   1.6486	4.754e-04	   0.043	    83.849
 114	29	 4.5544	 1.0131	   1.5090	        1.5094	          0.0004	   1.6286	7.419e-04	   0.037	    84.631
 115	29	 4.5559	 1.0137	   1.5090	        1.5094	          0.0004	   1.6428	5.100e-04	   0.040	    85.401
 116	29	 4.5578	 1.0109	   1.5090	        1.5094	          0.0004	   1.6050	1.770e-03	   0.032	    86.150
 117	30	 4.5583	 1.0117	   1.5090	        1.5094	          0.0004	   1.6531	1.399e-03	   0.032	    86.883
 118	30	 4.5585	 1.0108	   1.5090	        1.5094	          0.0004	   1.6241	1.810e-03	   0.042	    87.660
 119	30	 4.5577	 1.0076	   1.5091	        1.5094	          0.0004	   1.5961	3.329e-03	   0.039	    88.434
 120	30	 4.5562	 1.0082	   1.5091	        1.5094	          0.0004	   1.6326	3.036e-03	   0.032	    89.178
 121	31	 4.5563	 1.0099	   1.5090	        1.5094	          0.0004	   1.6686	2.211e-03	   0.037	    89.932
 122	31	 4.5579	 1.0078	   1.5091	        1.5094	          0.0004	   1.6092	3.229e-03	   0.031	    90.668
 123	31	 4.5587	 1.0064	   1.5091	        1.5094	          0.0004	   1.6182	3.863e-03	   0.035	    91.396
 124	31	 4.5596	 1.0047	   1.5091	        1.5094	          0.0004	   1.6184	4.722e-03	   0.035	    92.136
 125	32	 4.5602	 1.0030	   1.5091	        1.5094	          0.0004	   1.6151	5.529e-03	   0.030	    92.869
 126	32	 4.5614	 1.0024	   1.5091	        1.5094	          0.0003	   1.6352	5.820e-03	   0.040	    93.617
 127	32	 4.5604	 1.0044	   1.5091	        1.5094	          0.0004	   1.6578	4.852e-03	   0.038	    94.368
 128	32	 4.5604	 1.0044	   1.5091	        1.5094	          0.0004	   1.6297	4.834e-03	   0.040	    95.117
 129	33	 4.5627	 1.0045	   1.5091	        1.5094	          0.0004	   1.6503	4.799e-03	   0.034	    95.882
 130	33	 4.5618	 1.0075	   1.5091	        1.5094	          0.0004	   1.6642	3.376e-03	   0.033	    96.612
 131	33	 4.5611	 1.0058	   1.5091	        1.5094	          0.0004	   1.6111	4.170e-03	   0.029	    97.340
 132	33	 4.5616	 1.0070	   1.5091	        1.5094	          0.0004	   1.6602	3.583e-03	   0.037	    98.088
 133	34	 4.5600	 1.0022	   1.5091	        1.5094	          0.0003	   1.5593	5.921e-03	   0.036	    98.826
 134	34	 4.5603	 1.0071	   1.5091	        1.5094	          0.0004	   1.7102	3.536e-03	   0.041	    99.559
 135	34	 4.5604	 1.0041	   1.5091	        1.5094	          0.0004	   1.5971	4.980e-03	   0.036	   100.297
 136	34	 4.5613	 1.0081	   1.5090	        1.5094	          0.0004	   1.6963	3.055e-03	   0.030	   101.025
 137	35	 4.5627	 1.0066	   1.5091	        1.5094	          0.0004	   1.6233	3.777e-03	   0.037	   101.795
 138	35	 4.5646	 1.0091	   1.5090	        1.5094	          0.0004	   1.6828	2.591e-03	   0.032	   102.534
 139	35	 4.5636	 1.0074	   1.5091	        1.5094	          0.0004	   1.6070	3.430e-03	   0.036	   103.300
 140	35	 4.5641	 1.0051	   1.5091	        1.5094	          0.0004	   1.6061	4.514e-03	   0.034	   104.079
 141	36	 4.5635	 1.0057	   1.5091	        1.5094	          0.0004	   1.6388	4.199e-03	   0.039	   104.837
 142	36	 4.5650	 1.0090	   1.5090	        1.5094	          0.0004	   1.6995	2.643e-03	   0.042	   105.629
 143	36	 4.5637	 1.0072	   1.5091	        1.5094	          0.0004	   1.5970	3.523e-03	   0.031	   106.402
 144	36	 4.5635	 1.0061	   1.5091	        1.5094	          0.0004	   1.6184	4.047e-03	   0.037	   107.146
 145	37	 4.5656	 1.0080	   1.5090	        1.5094	          0.0004	   1.6826	3.136e-03	   0.032	   107.882
 146	37	 4.5652	 1.0074	   1.5091	        1.5094	          0.0004	   1.6211	3.410e-03	   0.035	   108.621
 147	37	 4.5645	 1.0067	   1.5091	        1.5094	          0.0004	   1.6201	3.731e-03	   0.037	   109.356
 148	37	 4.5643	 1.0056	   1.5091	        1.5094	          0.0004	   1.6167	4.258e-03	   0.039	   110.099
 149	38	 4.5656	 1.0037	   1.5091	        1.5094	          0.0004	   1.6079	5.176e-03	   0.035	   110.826
 150	38	 4.5657	 1.0042	   1.5091	        1.5094	          0.0004	   1.6444	4.967e-03	   0.039	   111.569
 151	38	 4.5655	 1.0066	   1.5091	        1.5094	          0.0004	   1.6756	3.802e-03	   0.037	   112.305
 152	38	 4.5667	 1.0061	   1.5091	        1.5094	          0.0004	   1.6344	4.005e-03	   0.032	   113.027
 153	39	 4.5668	 1.0049	   1.5091	        1.5094	          0.0004	   1.6098	4.603e-03	   0.036	   113.772
 154	39	 4.5645	 1.0033	   1.5091	        1.5094	          0.0004	   1.6033	5.390e-03	   0.031	   114.505
 155	39	 4.5636	 1.0050	   1.5091	        1.5094	          0.0004	   1.6587	4.536e-03	   0.041	   115.261
 156	39	 4.5673	 1.0085	   1.5090	        1.5094	          0.0004	   1.7159	2.872e-03	   0.036	   116.023
 157	40	 4.5672	 1.0074	   1.5090	        1.5094	          0.0004	   1.6153	3.391e-03	   0.035	   116.774
 158	40	 4.5669	 1.0076	   1.5090	        1.5094	          0.0004	   1.6412	3.292e-03	   0.035	   117.511
 159	40	 4.5673	 1.0059	   1.5091	        1.5094	          0.0004	   1.6100	4.144e-03	   0.033	   118.241
 160	40	 4.5680	 1.0084	   1.5090	        1.5094	          0.0004	   1.6873	2.917e-03	   0.036	   118.979
 161	41	 4.5707	 1.0047	   1.5091	        1.5094	          0.0004	   1.5840	4.685e-03	   0.038	   119.723
 162	41	 4.5695	 1.0065	   1.5091	        1.5094	          0.0004	   1.6625	3.821e-03	   0.038	   120.454
 163	41	 4.5688	 1.0041	   1.5091	        1.5094	          0.0004	   1.5886	5.000e-03	   0.037	   121.198
 164	41	 4.5680	 1.0090	   1.5090	        1.5094	          0.0004	   1.7253	2.634e-03	   0.040	   121.977
 165	42	 4.5696	 1.0062	   1.5091	        1.5094	          0.0004	   1.6011	3.959e-03	   0.037	   122.734
 166	42	 4.5682	 1.0111	   1.5090	        1.5094	          0.0004	   1.7138	1.677e-03	   0.031	   123.507
 167	42	 4.5687	 1.0116	   1.5090	        1.5094	          0.0004	   1.6492	1.407e-03	   0.036	   124.270
 168	42	 4.5688	 1.0092	   1.5090	        1.5094	          0.0004	   1.5942	2.530e-03	   0.033	   125.024
 169	43	 4.5705	 1.0097	   1.5090	        1.5094	          0.0004	   1.6560	2.304e-03	   0.047	   125.797
 170	43	 4.5705	 1.0085	   1.5090	        1.5094	          0.0004	   1.6205	2.897e-03	   0.040	   126.583
 171	43	 4.5696	 1.0097	   1.5090	        1.5094	          0.0004	   1.6476	2.299e-03	   0.039	   127.368
 172	43	 4.5697	 1.0096	   1.5090	        1.5094	          0.0004	   1.6373	2.345e-03	   0.031	   128.123
 173	44	 4.5689	 1.0094	   1.5090	        1.5094	          0.0004	   1.6255	2.476e-03	   0.041	   128.896
 174	44	 4.5666	 1.0104	   1.5090	        1.5094	          0.0004	   1.6362	1.997e-03	   0.037	   129.658
 175	44	 4.5681	 1.0083	   1.5090	        1.5094	          0.0004	   1.6112	2.959e-03	   0.035	   130.391
 176	44	 4.5690	 1.0094	   1.5090	        1.5094	          0.0004	   1.6612	2.449e-03	   0.038	   131.121
 177	45	 4.5690	 1.0114	   1.5090	        1.5094	          0.0004	   1.6771	1.497e-03	   0.036	   131.862
 178	45	 4.5699	 1.0111	   1.5090	        1.5094	          0.0004	   1.6407	1.653e-03	   0.035	   132.597
 179	45	 4.5693	 1.0086	   1.5090	        1.5094	          0.0004	   1.5876	2.837e-03	   0.034	   133.336
 180	45	 4.5693	 1.0102	   1.5090	        1.5094	          0.0004	   1.6630	2.095e-03	   0.032	   134.067
 181	46	 4.5696	 1.0105	   1.5090	        1.5094	          0.0004	   1.6436	1.939e-03	   0.033	   134.797
 182	46	 4.5701	 1.0119	   1.5090	        1.5094	          0.0004	   1.6659	1.301e-03	   0.036	   135.541
 183	46	 4.5701	 1.0103	   1.5090	        1.5094	          0.0004	   1.6063	2.033e-03	   0.035	   136.292
 184	46	 4.5702	 1.0099	   1.5090	        1.5094	          0.0004	   1.6327	2.238e-03	   0.043	   137.044
 185	47	 4.5701	 1.0079	   1.5090	        1.5094	          0.0004	   1.5964	3.180e-03	   0.033	   137.814
 186	47	 4.5708	 1.0088	   1.5090	        1.5094	          0.0004	   1.6587	2.742e-03	   0.035	   138.541
 187	47	 4.5717	 1.0101	   1.5090	        1.5094	          0.0004	   1.6728	2.135e-03	   0.038	   139.282
 188	47	 4.5709	 1.0103	   1.5090	        1.5094	          0.0004	   1.6356	2.039e-03	   0.031	   140.015
 189	48	 4.5708	 1.0095	   1.5090	        1.5094	          0.0004	   1.6113	2.408e-03	   0.035	   140.751
 190	48	 4.5704	 1.0099	   1.5090	        1.5094	          0.0004	   1.6435	2.206e-03	   0.039	   141.488
 191	48	 4.5733	 1.0095	   1.5090	        1.5094	          0.0004	   1.6507	2.399e-03	   0.037	   142.230
 192	48	 4.5724	 1.0097	   1.5090	        1.5094	          0.0004	   1.6396	2.296e-03	   0.043	   143.001
 193	49	 4.5722	 1.0125	   1.5090	        1.5094	          0.0004	   1.7000	9.982e-04	   0.037	   143.749
 194	49	 4.5739	 1.0113	   1.5090	        1.5094	          0.0004	   1.6227	1.584e-03	   0.033	   144.502
 195	49	 4.5732	 1.0098	   1.5090	        1.5094	          0.0004	   1.6029	2.256e-03	   0.032	   145.241
 196	49	 4.5725	 1.0079	   1.5090	        1.5094	          0.0004	   1.5897	3.183e-03	   0.035	   145.997
 197	50	 4.5734	 1.0078	   1.5090	        1.5094	          0.0004	   1.6480	3.217e-03	   0.042	   146.750
 198	50	 4.5725	 1.0088	   1.5090	        1.5094	          0.0004	   1.6486	2.755e-03	   0.039	   147.551
 199	50	 4.5722	 1.0100	   1.5090	        1.5094	          0.0004	   1.6658	2.151e-03	   0.032	   148.326
 200	50	 4.5730	 1.0071	   1.5090	        1.5094	          0.0004	   1.5742	3.561e-03	   0.038	   149.082
 201	51	 4.5710	 1.0054	   1.5091	        1.5094	          0.0004	   1.5899	4.340e-03	   0.032	   149.814
 202	51	 4.5710	 1.0064	   1.5091	        1.5094	          0.0004	   1.6597	3.891e-03	   0.036	   150.551
 203	51	 4.5712	 1.0085	   1.5090	        1.5094	          0.0004	   1.6807	2.890e-03	   0.035	   151.291
 204	51	 4.5707	 1.0079	   1.5090	        1.5094	          0.0004	   1.6163	3.154e-03	   0.041	   152.024
 205	52	 4.5700	 1.0059	   1.5091	        1.5094	          0.0004	   1.5786	4.146e-03	   0.040	   152.756
 206	52	 4.5701	 1.0063	   1.5091	        1.5094	          0.0004	   1.6499	3.952e-03	   0.039	   153.500
 207	52	 4.5700	 1.0081	   1.5090	        1.5094	          0.0004	   1.6813	3.057e-03	   0.035	   154.228
 208	52	 4.5711	 1.0078	   1.5090	        1.5094	          0.0004	   1.6327	3.228e-03	   0.036	   154.967
 209	53	 4.5700	 1.0090	   1.5090	        1.5094	          0.0004	   1.6561	2.628e-03	   0.030	   155.704
 210	53	 4.5691	 1.0091	   1.5090	        1.5094	          0.0004	   1.6312	2.591e-03	   0.032	   156.437
 211	53	 4.5701	 1.0104	   1.5090	        1.5094	          0.0004	   1.6799	2.008e-03	   0.039	   157.196
 212	53	 4.5702	 1.0091	   1.5090	        1.5094	          0.0004	   1.6053	2.602e-03	   0.031	   157.934
 213	54	 4.5714	 1.0116	   1.5090	        1.5094	          0.0004	   1.7138	1.413e-03	   0.038	   158.705
 214	54	 4.5708	 1.0116	   1.5090	        1.5094	          0.0004	   1.6299	1.431e-03	   0.036	   159.449
 215	54	 4.5698	 1.0093	   1.5090	        1.5094	          0.0004	   1.5734	2.515e-03	   0.043	   160.217
 216	54	 4.5709	 1.0087	   1.5090	        1.5094	          0.0004	   1.6320	2.763e-03	   0.038	   161.000
 217	55	 4.5695	 1.0061	   1.5091	        1.5094	          0.0004	   1.5590	4.038e-03	   0.040	   161.781
 218	55	 4.5690	 1.0068	   1.5091	        1.5094	          0.0004	   1.6530	3.707e-03	   0.039	   162.559
 219	55	 4.5705	 1.0092	   1.5090	        1.5094	          0.0004	   1.7023	2.541e-03	   0.043	   163.344
 220	55	 4.5717	 1.0088	   1.5090	        1.5094	          0.0004	   1.6407	2.746e-03	   0.041	   164.125
 221	56	 4.5707	 1.0072	   1.5090	        1.5094	          0.0004	   1.5951	3.485e-03	   0.042	   164.887
 222	56	 4.5701	 1.0095	   1.5090	        1.5094	          0.0004	   1.6777	2.418e-03	   0.037	   165.635
 223	56	 4.5708	 1.0085	   1.5090	        1.5094	          0.0004	   1.6183	2.869e-03	   0.030	   166.365
 224	56	 4.5706	 1.0088	   1.5090	        1.5094	          0.0004	   1.6465	2.760e-03	   0.037	   167.120
 225	57	 4.5703	 1.0092	   1.5090	        1.5094	          0.0004	   1.6420	2.541e-03	   0.038	   167.896
 226	57	 4.5703	 1.0080	   1.5090	        1.5094	          0.0004	   1.6096	3.110e-03	   0.042	   168.718
 227	57	 4.5708	 1.0075	   1.5090	        1.5094	          0.0004	   1.6300	3.378e-03	   0.042	   169.548
 228	57	 4.5710	 1.0082	   1.5090	        1.5094	          0.0004	   1.6592	3.026e-03	   0.034	   170.304
 229	58	 4.5713	 1.0073	   1.5090	        1.5094	          0.0004	   1.6214	3.429e-03	   0.042	   171.047
 230	58	 4.5721	 1.0083	   1.5090	        1.5094	          0.0004	   1.6660	2.994e-03	   0.034	   171.782
 231	58	 4.5709	 1.0104	   1.5090	        1.5094	          0.0004	   1.6749	2.005e-03	   0.042	   172.520
 232	58	 4.5698	 1.0088	   1.5090	        1.5094	          0.0004	   1.5923	2.738e-03	   0.035	   173.255
 233	59	 4.5701	 1.0079	   1.5090	        1.5094	          0.0004	   1.6182	3.183e-03	   0.041	   173.991
 234	59	 4.5719	 1.0091	   1.5090	        1.5094	          0.0004	   1.6815	2.598e-03	   0.039	   174.725
 235	59	 4.5710	 1.0077	   1.5090	        1.5094	          0.0004	   1.5928	3.246e-03	   0.037	   175.463
 236	59	 4.5705	 1.0091	   1.5090	        1.5094	          0.0004	   1.6690	2.602e-03	   0.035	   176.191
 237	60	 4.5715	 1.0101	   1.5090	        1.5094	          0.0004	   1.6786	2.131e-03	   0.036	   176.933
 238	60	 4.5713	 1.0086	   1.5090	        1.5094	          0.0004	   1.5937	2.848e-03	   0.036	   177.674
 239	60	 4.5707	 1.0094	   1.5090	        1.5094	          0.0004	   1.6532	2.434e-03	   0.035	   178.415
 240	60	 4.5706	 1.0096	   1.5090	        1.5094	          0.0004	   1.6395	2.381e-03	   0.041	   179.170
 241	61	 4.5707	 1.0128	   1.5090	        1.5094	          0.0004	   1.7255	8.799e-04	   0.033	   179.932
 242	61	 4.5705	 1.0125	   1.5090	        1.5094	          0.0004	   1.6289	1.034e-03	   0.042	   180.671
 243	61	 4.5702	 1.0109	   1.5090	        1.5094	          0.0004	   1.5933	1.758e-03	   0.037	   181.410
 244	61	 4.5716	 1.0091	   1.5090	        1.5094	          0.0004	   1.5940	2.583e-03	   0.036	   182.140
 245	62	 4.5708	 1.0081	   1.5090	        1.5094	          0.0004	   1.6037	3.074e-03	   0.036	   182.883
 246	62	 4.5706	 1.0081	   1.5090	        1.5094	          0.0004	   1.6389	3.054e-03	   0.037	   183.642
 247	62	 4.5706	 1.0098	   1.5090	        1.5094	          0.0004	   1.6724	2.258e-03	   0.039	   184.386
 248	62	 4.5712	 1.0097	   1.5090	        1.5094	          0.0004	   1.6465	2.295e-03	   0.041	   185.164
 249	63	 4.5707	 1.0081	   1.5090	        1.5094	          0.0004	   1.5868	3.090e-03	   0.036	   185.899
 250	63	 4.5711	 1.0083	   1.5090	        1.5094	          0.0004	   1.6456	2.962e-03	   0.040	   186.631
 251	63	 4.5702	 1.0088	   1.5090	        1.5094	          0.0004	   1.6381	2.751e-03	   0.036	   187.373
 252	63	 4.5702	 1.0098	   1.5090	        1.5094	          0.0004	   1.6684	2.274e-03	   0.038	   188.107
 253	64	 4.5712	 1.0088	   1.5090	        1.5094	          0.0004	   1.6250	2.730e-03	   0.038	   188.874
 254	64	 4.5721	 1.0090	   1.5090	        1.5094	          0.0004	   1.6573	2.637e-03	   0.042	   189.663
 255	64	 4.5704	 1.0084	   1.5090	        1.5094	          0.0004	   1.5997	2.926e-03	   0.035	   190.447
 256	64	 4.5705	 1.0093	   1.5090	        1.5094	          0.0004	   1.6606	2.523e-03	   0.041	   191.216
 257	65	 4.5700	 1.0078	   1.5090	        1.5094	          0.0004	   1.5918	3.192e-03	   0.034	   191.937
 258	65	 4.5716	 1.0081	   1.5090	        1.5094	          0.0004	   1.6623	3.050e-03	   0.037	   192.680
 259	65	 4.5705	 1.0092	   1.5090	        1.5094	          0.0004	   1.6521	2.532e-03	   0.033	   193.416
 260	65	 4.5710	 1.0099	   1.5090	        1.5094	          0.0004	   1.6653	2.240e-03	   0.039	   194.146
 261	66	 4.5717	 1.0106	   1.5090	        1.5094	          0.0004	   1.6642	1.897e-03	   0.038	   194.885
 262	66	 4.5703	 1.0101	   1.5090	        1.5094	          0.0004	   1.6023	2.120e-03	   0.036	   195.623
 263	66	 4.5700	 1.0113	   1.5090	        1.5094	          0.0004	   1.6716	1.588e-03	   0.040	   196.357
 264	66	 4.5695	 1.0103	   1.5090	        1.5094	          0.0004	   1.6077	2.038e-03	   0.038	   197.094
 265	67	 4.5697	 1.0109	   1.5090	        1.5094	          0.0004	   1.6577	1.751e-03	   0.038	   197.828
 266	67	 4.5695	 1.0108	   1.5090	        1.5094	          0.0004	   1.6416	1.777e-03	   0.043	   198.571
 267	67	 4.5697	 1.0084	   1.5090	        1.5094	          0.0004	   1.5702	2.925e-03	   0.036	   199.311
 268	67	 4.5698	 1.0106	   1.5090	        1.5094	          0.0004	   1.6978	1.910e-03	   0.037	   200.054
 269	68	 4.5703	 1.0089	   1.5090	        1.5094	          0.0004	   1.6002	2.680e-03	   0.037	   200.830
 270	68	 4.5704	 1.0076	   1.5090	        1.5094	          0.0004	   1.5947	3.292e-03	   0.032	   201.567
 271	68	 4.5705	 1.0090	   1.5090	        1.5094	          0.0004	   1.6751	2.633e-03	   0.039	   202.304
 272	68	 4.5703	 1.0109	   1.5090	        1.5094	          0.0004	   1.6932	1.761e-03	   0.036	   203.053
 273	69	 4.5686	 1.0110	   1.5090	        1.5094	          0.0004	   1.6301	1.698e-03	   0.036	   203.817
 274	69	 4.5700	 1.0112	   1.5090	        1.5094	          0.0004	   1.6530	1.616e-03	   0.046	   204.592
 275	69	 4.5697	 1.0110	   1.5090	        1.5094	          0.0004	   1.6282	1.705e-03	   0.041	   205.362
 276	69	 4.5705	 1.0109	   1.5090	        1.5094	          0.0004	   1.6442	1.744e-03	   0.037	   206.120
 277	70	 4.5714	 1.0102	   1.5090	        1.5094	          0.0004	   1.6274	2.097e-03	   0.039	   206.862
 278	70	 4.5711	 1.0096	   1.5090	        1.5094	          0.0004	   1.6148	2.338e-03	   0.034	   207.593
 279	70	 4.5695	 1.0110	   1.5090	        1.5094	          0.0004	   1.6591	1.699e-03	   0.043	   208.335
 280	70	 4.5694	 1.0112	   1.5090	        1.5094	          0.0004	   1.6433	1.607e-03	   0.038	   209.102
 281	71	 4.5692	 1.0102	   1.5090	        1.5094	          0.0004	   1.6015	2.070e-03	   0.027	   209.811
 282	71	 4.5699	 1.0096	   1.5090	        1.5094	          0.0004	   1.6257	2.346e-03	   0.037	   210.486
 283	71	 4.5703	 1.0111	   1.5090	        1.5094	          0.0004	   1.6876	1.670e-03	   0.031	   211.154
 284	71	 4.5699	 1.0111	   1.5090	        1.5094	          0.0004	   1.6369	1.653e-03	   0.027	   211.762
 285	72	 4.5702	 1.0111	   1.5090	        1.5094	          0.0004	   1.6435	1.654e-03	   0.034	   212.403
 286	72	 4.5700	 1.0102	   1.5090	        1.5094	          0.0004	   1.6001	2.070e-03	   0.035	   213.003
 287	72	 4.5710	 1.0119	   1.5090	        1.5094	          0.0004	   1.7010	1.295e-03	   0.040	   213.596
 288	72	 4.5702	 1.0114	   1.5090	        1.5094	          0.0004	   1.6190	1.502e-03	   0.035	   214.187
 289	73	 4.5711	 1.0134	   1.5090	        1.5094	          0.0004	   1.7144	6.049e-04	   0.032	   214.779
 290	73	 4.5701	 1.0122	   1.5090	        1.5094	          0.0004	   1.5892	1.153e-03	   0.030	   215.366
 291	73	 4.5698	 1.0117	   1.5090	        1.5094	          0.0004	   1.6256	1.386e-03	   0.026	   215.960
 292	73	 4.5692	 1.0124	   1.5090	        1.5094	          0.0004	   1.6532	1.058e-03	   0.030	   216.554
 293	74	 4.5693	 1.0119	   1.5090	        1.5094	          0.0004	   1.6229	1.301e-03	   0.034	   217.149
 294	74	 4.5685	 1.0133	   1.5090	        1.5094	          0.0004	   1.6784	6.388e-04	   0.032	   217.744
 295	74	 4.5686	 1.0126	   1.5090	        1.5094	          0.0004	   1.6151	9.551e-04	   0.032	   218.329
 296	74	 4.5691	 1.0123	   1.5090	        1.5094	          0.0004	   1.6325	1.123e-03	   0.027	   218.947
 297	75	 4.5698	 1.0128	   1.5090	        1.5094	          0.0004	   1.6652	8.776e-04	   0.029	   219.587
 298	75	 4.5704	 1.0103	   1.5090	        1.5094	          0.0004	   1.5647	2.033e-03	   0.038	   220.178
 299	75	 4.5701	 1.0120	   1.5090	        1.5094	          0.0004	   1.6872	1.240e-03	   0.040	   220.778
 300	75	 4.5695	 1.0110	   1.5090	        1.5094	          0.0004	   1.6004	1.706e-03	   0.038	   221.369
 301	76	 4.5694	 1.0116	   1.5090	        1.5094	          0.0004	   1.6631	1.436e-03	   0.036	   222.001
 302	76	 4.5687	 1.0118	   1.5090	        1.5094	          0.0004	   1.6384	1.341e-03	   0.027	   222.592
 303	76	 4.5697	 1.0109	   1.5090	        1.5094	          0.0004	   1.6207	1.739e-03	   0.031	   223.218
 304	76	 4.5695	 1.0115	   1.5090	        1.5094	          0.0004	   1.6544	1.459e-03	   0.031	   223.810
 305	77	 4.5703	 1.0109	   1.5090	        1.5094	          0.0004	   1.6258	1.764e-03	   0.032	   224.368
 306	77	 4.5700	 1.0104	   1.5090	        1.5094	          0.0004	   1.6111	1.970e-03	   0.030	   224.951
 307	77	 4.5689	 1.0121	   1.5090	        1.5094	          0.0004	   1.6840	1.198e-03	   0.028	   225.514
 308	77	 4.5695	 1.0115	   1.5090	        1.5094	          0.0004	   1.6299	1.468e-03	   0.025	   226.074
 309	78	 4.5700	 1.0112	   1.5090	        1.5094	          0.0004	   1.6404	1.623e-03	   0.029	   226.653
 310	78	 4.5701	 1.0121	   1.5090	        1.5094	          0.0004	   1.6691	1.187e-03	   0.032	   227.278
 311	78	 4.5708	 1.0122	   1.5090	        1.5094	          0.0004	   1.6452	1.145e-03	   0.027	   227.902
 312	78	 4.5697	 1.0114	   1.5090	        1.5094	          0.0004	   1.5981	1.502e-03	   0.032	   228.498
 313	79	 4.5693	 1.0122	   1.5090	        1.5094	          0.0004	   1.6605	1.153e-03	   0.028	   229.059
 314	79	 4.5691	 1.0124	   1.5090	        1.5094	          0.0004	   1.6377	1.072e-03	   0.032	   229.624
 315	79	 4.5695	 1.0131	   1.5090	        1.5094	          0.0004	   1.6768	7.236e-04	   0.023	   230.186
 316	79	 4.5700	 1.0130	   1.5090	        1.5094	          0.0004	   1.6331	7.982e-04	   0.030	   230.751
 317	80	 4.5705	 1.0121	   1.5090	        1.5094	          0.0004	   1.6150	1.187e-03	   0.027	   231.315
 318	80	 4.5705	 1.0119	   1.5090	        1.5094	          0.0004	   1.6394	1.268e-03	   0.030	   231.878
 319	80	 4.5701	 1.0123	   1.5090	        1.5094	          0.0004	   1.6427	1.117e-03	   0.024	   232.442
 320	80	 4.5698	 1.0134	   1.5090	        1.5094	          0.0004	   1.6718	6.135e-04	   0.027	   233.010
 321	81	 4.5696	 1.0120	   1.5090	        1.5094	          0.0004	   1.5803	1.254e-03	   0.029	   233.570
 322	81	 4.5690	 1.0122	   1.5090	        1.5094	          0.0004	   1.6382	1.162e-03	   0.031	   234.151
 323	81	 4.5693	 1.0139	   1.5090	        1.5094	          0.0004	   1.7037	4.080e-04	   0.029	   234.760
 324	81	 4.5695	 1.0130	   1.5090	        1.5094	          0.0004	   1.6131	7.716e-04	   0.029	   235.375
 325	82	 4.5698	 1.0120	   1.5090	        1.5094	          0.0004	   1.6094	1.246e-03	   0.025	   236.014
 326	82	 4.5693	 1.0122	   1.5090	        1.5094	          0.0004	   1.6363	1.133e-03	   0.024	   236.584
 327	82	 4.5696	 1.0132	   1.5090	        1.5094	          0.0004	   1.6821	6.784e-04	   0.035	   237.167
 328	82	 4.5700	 1.0129	   1.5090	        1.5094	          0.0004	   1.6286	8.198e-04	   0.033	   237.769
 329	83	 4.5702	 1.0131	   1.5090	        1.5094	          0.0004	   1.6437	7.464e-04	   0.035	   238.351
 330	83	 4.5699	 1.0127	   1.5090	        1.5094	          0.0004	   1.6182	9.306e-04	   0.030	   238.951
 331	83	 4.5692	 1.0122	   1.5090	        1.5094	          0.0004	   1.6062	1.167e-03	   0.026	   239.535
 332	83	 4.5703	 1.0127	   1.5090	        1.5094	          0.0004	   1.6753	9.242e-04	   0.028	   240.111
 333	84	 4.5726	 1.0118	   1.5090	        1.5094	          0.0004	   1.6358	1.349e-03	   0.031	   240.693
 334	84	 4.5720	 1.0102	   1.5090	        1.5094	          0.0004	   1.5638	2.070e-03	   0.029	   241.295
 335	84	 4.5717	 1.0119	   1.5090	        1.5094	          0.0004	   1.7004	1.271e-03	   0.030	   241.889
 336	84	 4.5712	 1.0116	   1.5090	        1.5094	          0.0004	   1.6192	1.415e-03	   0.030	   242.472
 337	85	 4.5705	 1.0121	   1.5090	        1.5094	          0.0004	   1.6445	1.188e-03	   0.027	   243.031
 338	85	 4.5702	 1.0116	   1.5090	        1.5094	          0.0004	   1.6170	1.428e-03	   0.026	   243.649
 339	85	 4.5703	 1.0111	   1.5090	        1.5094	          0.0004	   1.6200	1.646e-03	   0.028	   244.289
 340	85	 4.5713	 1.0115	   1.5090	        1.5094	          0.0004	   1.6679	1.467e-03	   0.024	   244.878
 341	86	 4.5712	 1.0121	   1.5090	        1.5094	          0.0004	   1.6582	1.181e-03	   0.032	   245.449
 342	86	 4.5708	 1.0121	   1.5090	        1.5094	          0.0004	   1.6341	1.178e-03	   0.022	   246.007
 343	86	 4.5715	 1.0123	   1.5090	        1.5094	          0.0004	   1.6549	1.104e-03	   0.030	   246.578
 344	86	 4.5715	 1.0119	   1.5090	        1.5094	          0.0004	   1.6262	1.275e-03	   0.028	   247.142
 345	87	 4.5708	 1.0115	   1.5090	        1.5094	          0.0004	   1.6190	1.457e-03	   0.033	   247.703
 346	87	 4.5709	 1.0108	   1.5090	        1.5094	          0.0004	   1.6120	1.792e-03	   0.030	   248.270
 347	87	 4.5712	 1.0111	   1.5090	        1.5094	          0.0004	   1.6497	1.660e-03	   0.029	   248.829
 348	87	 4.5718	 1.0118	   1.5090	        1.5094	          0.0004	   1.6707	1.337e-03	   0.024	   249.391
 349	88	 4.5711	 1.0136	   1.5090	        1.5094	          0.0004	   1.7006	5.214e-04	   0.026	   249.959
 350	88	 4.5708	 1.0146	   1.5090	        1.5094	          0.0004	   1.6806	2.497e-04	   0.029	   250.524
 351	88	 4.5720	 1.0130	   1.5090	        1.5094	          0.0004	   1.5909	7.953e-04	   0.029	   251.088
 352	88	 4.5721	 1.0126	   1.5090	        1.5094	          0.0004	   1.6146	9.816e-04	   0.029	   251.660
 353	89	 4.5719	 1.0136	   1.5090	        1.5094	          0.0004	   1.6750	5.187e-04	   0.028	   252.261
 354	89	 4.5713	 1.0141	   1.5090	        1.5094	          0.0004	   1.6572	3.394e-04	   0.023	   252.835
 355	89	 4.5713	 1.0139	   1.5090	        1.5094	          0.0004	   1.6315	4.271e-04	   0.026	   253.421
 356	89	 4.5719	 1.0138	   1.5090	        1.5094	          0.0004	   1.6423	4.549e-04	   0.032	   254.004
 357	90	 4.5727	 1.0149	   1.5090	        1.5094	          0.0004	   1.6982	2.954e-04	   0.032	   254.582
 358	90	 4.5729	 1.0142	   1.5090	        1.5094	          0.0004	   1.6078	3.092e-04	   0.032	   255.171
 359	90	 4.5723	 1.0140	   1.5090	        1.5094	          0.0004	   1.6235	3.589e-04	   0.030	   255.738
 360	90	 4.5720	 1.0134	   1.5090	        1.5094	          0.0004	   1.6127	6.253e-04	   0.024	   256.296
 361	91	 4.5716	 1.0121	   1.5090	        1.5094	          0.0004	   1.5772	1.196e-03	   0.023	   256.860
 362	91	 4.5713	 1.0127	   1.5090	        1.5094	          0.0004	   1.6557	9.024e-04	   0.027	   257.428
 363	91	 4.5710	 1.0137	   1.5090	        1.5094	          0.0004	   1.6739	4.732e-04	   0.029	   257.989
 364	91	 4.5710	 1.0137	   1.5090	        1.5094	          0.0004	   1.6431	4.940e-04	   0.031	   258.554
 365	92	 4.5704	 1.0118	   1.5090	        1.5094	          0.0004	   1.5590	1.332e-03	   0.027	   259.122
 366	92	 4.5704	 1.0127	   1.5090	        1.5094	          0.0004	   1.6716	9.054e-04	   0.026	   259.727
 367	92	 4.5706	 1.0136	   1.5090	        1.5094	          0.0004	   1.6745	5.284e-04	   0.030	   260.368
 368	92	 4.5710	 1.0143	   1.5090	        1.5094	          0.0004	   1.6744	2.811e-04	   0.029	   260.971
 369	93	 4.5707	 1.0147	   1.5090	        1.5094	          0.0004	   1.6492	2.524e-04	   0.028	   261.529
 370	93	 4.5709	 1.0158	   1.5090	        1.5094	          0.0004	   1.6851	6.108e-04	   0.031	   262.100
 371	93	 4.5707	 1.0152	   1.5090	        1.5094	          0.0004	   1.6195	3.854e-04	   0.021	   262.655
 372	93	 4.5704	 1.0152	   1.5090	        1.5094	          0.0004	   1.6277	3.608e-04	   0.029	   263.226
 373	94	 4.5699	 1.0165	   1.5090	        1.5094	          0.0004	   1.6981	9.345e-04	   0.027	   263.795
 374	94	 4.5708	 1.0175	   1.5090	        1.5094	          0.0004	   1.6961	1.341e-03	   0.032	   264.359
 375	94	 4.5702	 1.0169	   1.5090	        1.5094	          0.0004	   1.5977	1.077e-03	   0.030	   264.919
 376	94	 4.5694	 1.0165	   1.5090	        1.5094	          0.0004	   1.6144	9.322e-04	   0.030	   265.477
 377	95	 4.5693	 1.0160	   1.5090	        1.5094	          0.0004	   1.6219	7.154e-04	   0.025	   266.041
 378	95	 4.5701	 1.0156	   1.5090	        1.5094	          0.0004	   1.6333	5.254e-04	   0.029	   266.611
 379	95	 4.5700	 1.0147	   1.5090	        1.5094	          0.0004	   1.6046	2.585e-04	   0.024	   267.173
 380	95	 4.5702	 1.0152	   1.5090	        1.5094	          0.0004	   1.6523	3.583e-04	   0.029	   267.741
 381	96	 4.5709	 1.0160	   1.5090	        1.5094	          0.0004	   1.6923	7.107e-04	   0.028	   268.357
 382	96	 4.5706	 1.0151	   1.5090	        1.5094	          0.0004	   1.5922	3.473e-04	   0.030	   268.959
 383	96	 4.5702	 1.0137	   1.5090	        1.5094	          0.0004	   1.5711	4.950e-04	   0.026	   269.543
 384	96	 4.5703	 1.0148	   1.5090	        1.5094	          0.0004	   1.6878	2.683e-04	   0.023	   270.147
 385	97	 4.5697	 1.0144	   1.5090	        1.5094	          0.0004	   1.6167	2.626e-04	   0.031	   270.741
 386	97	 4.5700	 1.0141	   1.5090	        1.5094	          0.0004	   1.6233	3.416e-04	   0.031	   271.327
 387	97	 4.5704	 1.0151	   1.5090	        1.5094	          0.0004	   1.6923	3.442e-04	   0.036	   271.889
 388	97	 4.5706	 1.0142	   1.5090	        1.5094	          0.0004	   1.6016	3.125e-04	   0.029	   272.497
 389	98	 4.5704	 1.0149	   1.5090	        1.5094	          0.0004	   1.6540	2.755e-04	   0.022	   273.086
 390	98	 4.5698	 1.0152	   1.5090	        1.5094	          0.0004	   1.6515	3.637e-04	   0.028	   273.650
 391	98	 4.5697	 1.0148	   1.5090	        1.5094	          0.0004	   1.6215	2.684e-04	   0.030	   274.214
 392	98	 4.5697	 1.0150	   1.5090	        1.5094	          0.0004	   1.6476	3.124e-04	   0.030	   274.777
 393	99	 4.5687	 1.0150	   1.5090	        1.5094	          0.0004	   1.6129	3.017e-04	   0.030	   275.339
 394	99	 4.5684	 1.0150	   1.5090	        1.5094	          0.0004	   1.6428	3.259e-04	   0.029	   275.943
 395	99	 4.5690	 1.0146	   1.5090	        1.5094	          0.0004	   1.6315	2.508e-04	   0.028	   276.578
 396	99	 4.5701	 1.0146	   1.5090	        1.5094	          0.0004	   1.6558	2.498e-04	   0.029	   277.195
 397	100	 4.5705	 1.0143	   1.5090	        1.5094	          0.0004	   1.6380	2.954e-04	   0.027	   277.762
 398	100	 4.5698	 1.0137	   1.5090	        1.5094	          0.0004	   1.6051	4.695e-04	   0.027	   278.315
 399	100	 4.5689	 1.0147	   1.5090	        1.5094	          0.0004	   1.6671	2.524e-04	   0.033	   278.882
 400	100	 4.5698	 1.0144	   1.5090	        1.5094	          0.0004	   1.6387	2.724e-04	   0.023	   279.440
 401	101	 4.5688	 1.0139	   1.5090	        1.5094	          0.0004	   1.6042	3.940e-04	   0.032	   280.013
 402	101	 4.5694	 1.0152	   1.5090	        1.5094	          0.0004	   1.7032	3.702e-04	   0.026	   280.579
 403	101	 4.5700	 1.0143	   1.5090	        1.5094	          0.0004	   1.6092	2.918e-04	   0.030	   281.142
 404	101	 4.5704	 1.0139	   1.5090	        1.5094	          0.0004	   1.6316	4.101e-04	   0.030	   281.707
 405	102	 4.5708	 1.0150	   1.5090	        1.5094	          0.0004	   1.6899	3.125e-04	   0.032	   282.269
 406	102	 4.5701	 1.0150	   1.5090	        1.5094	          0.0004	   1.6245	3.072e-04	   0.026	   282.827
 407	102	 4.5700	 1.0141	   1.5090	        1.5094	          0.0004	   1.6000	3.483e-04	   0.023	   283.393
 408	102	 4.5701	 1.0141	   1.5090	        1.5094	          0.0004	   1.6472	3.418e-04	   0.026	   283.956
 409	103	 4.5706	 1.0148	   1.5090	        1.5094	          0.0004	   1.6836	2.708e-04	   0.030	   284.571
 410	103	 4.5701	 1.0145	   1.5090	        1.5094	          0.0004	   1.6106	2.551e-04	   0.029	   285.187
 411	103	 4.5701	 1.0145	   1.5090	        1.5094	          0.0004	   1.6405	2.523e-04	   0.025	   285.750
 412	103	 4.5702	 1.0141	   1.5090	        1.5094	          0.0004	   1.6190	3.435e-04	   0.026	   286.341
 413	104	 4.5699	 1.0145	   1.5090	        1.5094	          0.0004	   1.6468	2.541e-04	   0.026	   286.917
 414	104	 4.5702	 1.0144	   1.5090	        1.5094	          0.0004	   1.6403	2.734e-04	   0.034	   287.478
 415	104	 4.5701	 1.0137	   1.5090	        1.5094	          0.0004	   1.6134	4.748e-04	   0.032	   288.049
 416	104	 4.5705	 1.0138	   1.5090	        1.5094	          0.0004	   1.6493	4.597e-04	   0.033	   288.607
 417	105	 4.5704	 1.0142	   1.5090	        1.5094	          0.0004	   1.6566	3.207e-04	   0.026	   289.172
 418	105	 4.5700	 1.0147	   1.5090	        1.5094	          0.0004	   1.6575	2.536e-04	   0.022	   289.734
 419	105	 4.5698	 1.0139	   1.5090	        1.5094	          0.0004	   1.5962	4.035e-04	   0.030	   290.307
 420	105	 4.5698	 1.0144	   1.5090	        1.5094	          0.0004	   1.6669	2.627e-04	   0.027	   290.870
 421	106	 4.5693	 1.0149	   1.5090	        1.5094	          0.0004	   1.6551	2.841e-04	   0.029	   291.428
 422	106	 4.5700	 1.0163	   1.5090	        1.5094	          0.0004	   1.7192	8.435e-04	   0.033	   292.017
 423	106	 4.5699	 1.0167	   1.5090	        1.5094	          0.0004	   1.6566	1.012e-03	   0.030	   292.663
 424	106	 4.5695	 1.0146	   1.5090	        1.5094	          0.0004	   1.5330	2.504e-04	   0.030	   293.277
 425	107	 4.5695	 1.0137	   1.5090	        1.5094	          0.0004	   1.5936	4.885e-04	   0.025	   293.845
 426	107	 4.5688	 1.0137	   1.5090	        1.5094	          0.0004	   1.6269	4.829e-04	   0.025	   294.411
 427	107	 4.5693	 1.0133	   1.5090	        1.5094	          0.0004	   1.6222	6.773e-04	   0.025	   294.970
 428	107	 4.5695	 1.0139	   1.5090	        1.5094	          0.0004	   1.6750	4.175e-04	   0.037	   295.573
 429	108	 4.5701	 1.0132	   1.5090	        1.5094	          0.0004	   1.6165	6.816e-04	   0.026	   296.167
 430	108	 4.5700	 1.0132	   1.5090	        1.5094	          0.0004	   1.6320	7.183e-04	   0.029	   296.776
 431	108	 4.5701	 1.0144	   1.5090	        1.5094	          0.0004	   1.6976	2.748e-04	   0.025	   297.373
 432	108	 4.5694	 1.0138	   1.5090	        1.5094	          0.0004	   1.5987	4.361e-04	   0.031	   297.958
 433	109	 4.5694	 1.0154	   1.5090	        1.5094	          0.0004	   1.7189	4.644e-04	   0.031	   298.524
 434	109	 4.5689	 1.0147	   1.5090	        1.5094	          0.0004	   1.5975	2.585e-04	   0.029	   299.087
 435	109	 4.5692	 1.0142	   1.5090	        1.5094	          0.0004	   1.6143	3.167e-04	   0.022	   299.646
 436	109	 4.5694	 1.0141	   1.5090	        1.5094	          0.0004	   1.6397	3.431e-04	   0.028	   300.225
 437	110	 4.5691	 1.0147	   1.5090	        1.5094	          0.0004	   1.6606	2.531e-04	   0.032	   300.863
 438	110	 4.5686	 1.0142	   1.5090	        1.5094	          0.0004	   1.6096	3.210e-04	   0.031	   301.477
 439	110	 4.5694	 1.0137	   1.5090	        1.5094	          0.0004	   1.6253	4.869e-04	   0.026	   302.079
 440	110	 4.5697	 1.0137	   1.5090	        1.5094	          0.0004	   1.6429	5.037e-04	   0.025	   302.661
 441	111	 4.5697	 1.0134	   1.5090	        1.5094	          0.0004	   1.6260	6.049e-04	   0.023	   303.276
 442	111	 4.5696	 1.0145	   1.5090	        1.5094	          0.0004	   1.6921	2.540e-04	   0.026	   303.878
 443	111	 4.5702	 1.0133	   1.5090	        1.5094	          0.0004	   1.5861	6.606e-04	   0.032	   304.465
 444	111	 4.5699	 1.0130	   1.5090	        1.5094	          0.0004	   1.6216	8.037e-04	   0.030	   305.032
 445	112	 4.5702	 1.0132	   1.5090	        1.5094	          0.0004	   1.6595	7.097e-04	   0.031	   305.586
 446	112	 4.5696	 1.0117	   1.5090	        1.5094	          0.0004	   1.5511	1.370e-03	   0.024	   306.153
 447	112	 4.5697	 1.0120	   1.5090	        1.5094	          0.0004	   1.6615	1.223e-03	   0.023	   306.718
 448	112	 4.5696	 1.0127	   1.5090	        1.5094	          0.0004	   1.6668	9.344e-04	   0.024	   307.283
 449	113	 4.5698	 1.0130	   1.5090	        1.5094	          0.0004	   1.6531	8.096e-04	   0.026	   307.851
 450	113	 4.5688	 1.0132	   1.5090	        1.5094	          0.0004	   1.6404	6.917e-04	   0.031	   308.431
 451	113	 4.5692	 1.0131	   1.5090	        1.5094	          0.0004	   1.6374	7.313e-04	   0.037	   309.079
 452	113	 4.5695	 1.0138	   1.5090	        1.5094	          0.0004	   1.6814	4.672e-04	   0.028	   309.695
 453	114	 4.5695	 1.0134	   1.5090	        1.5094	          0.0004	   1.6294	6.028e-04	   0.019	   310.259
 454	114	 4.5694	 1.0128	   1.5090	        1.5094	          0.0004	   1.6057	8.601e-04	   0.022	   310.805
 455	114	 4.5701	 1.0126	   1.5090	        1.5094	          0.0004	   1.6416	9.565e-04	   0.026	   311.359
 456	114	 4.5703	 1.0132	   1.5090	        1.5094	          0.0004	   1.6698	6.965e-04	   0.021	   311.855
 457	115	 4.5701	 1.0136	   1.5090	        1.5094	          0.0004	   1.6549	5.157e-04	   0.025	   312.352
 458	115	 4.5703	 1.0130	   1.5090	        1.5094	          0.0004	   1.6101	8.041e-04	   0.026	   312.822
 459	115	 4.5694	 1.0138	   1.5090	        1.5094	          0.0004	   1.6638	4.680e-04	   0.024	   313.284
 460	115	 4.5692	 1.0133	   1.5090	        1.5094	          0.0004	   1.6115	6.586e-04	   0.023	   313.754
 461	116	 4.5688	 1.0133	   1.5090	        1.5094	          0.0004	   1.6264	6.725e-04	   0.019	   314.224
 462	116	 4.5692	 1.0136	   1.5090	        1.5094	          0.0004	   1.6681	5.286e-04	   0.026	   314.699
 463	116	 4.5693	 1.0141	   1.5090	        1.5094	          0.0004	   1.6585	3.545e-04	   0.022	   315.157
 464	116	 4.5691	 1.0138	   1.5090	        1.5094	          0.0004	   1.6241	4.572e-04	   0.027	   315.606
 465	117	 4.5693	 1.0133	   1.5090	        1.5094	          0.0004	   1.6200	6.649e-04	   0.020	   316.110
 466	117	 4.5690	 1.0134	   1.5090	        1.5094	          0.0004	   1.6365	6.088e-04	   0.017	   316.578
 467	117	 4.5690	 1.0136	   1.5090	        1.5094	          0.0004	   1.6547	5.165e-04	   0.019	   317.056
 468	117	 4.5692	 1.0134	   1.5090	        1.5094	          0.0004	   1.6259	6.202e-04	   0.023	   317.494
 469	118	 4.5688	 1.0135	   1.5090	        1.5094	          0.0004	   1.6429	5.922e-04	   0.020	   317.929
 470	118	 4.5693	 1.0129	   1.5090	        1.5094	          0.0004	   1.6176	8.252e-04	   0.024	   318.365
 471	118	 4.5698	 1.0143	   1.5090	        1.5094	          0.0004	   1.7130	2.861e-04	   0.017	   318.804
 472	118	 4.5696	 1.0138	   1.5090	        1.5094	          0.0004	   1.6155	4.335e-04	   0.019	   319.242
 473	119	 4.5698	 1.0137	   1.5090	        1.5094	          0.0004	   1.6375	4.832e-04	   0.020	   319.681
 474	119	 4.5696	 1.0137	   1.5090	        1.5094	          0.0004	   1.6366	4.873e-04	   0.022	   320.121
 475	119	 4.5697	 1.0141	   1.5090	        1.5094	          0.0004	   1.6600	3.434e-04	   0.020	   320.553
 476	119	 4.5696	 1.0134	   1.5090	        1.5094	          0.0004	   1.6001	6.298e-04	   0.023	   320.992
 477	120	 4.5693	 1.0133	   1.5090	        1.5094	          0.0004	   1.6288	6.756e-04	   0.014	   321.426
 478	120	 4.5690	 1.0141	   1.5090	        1.5094	          0.0004	   1.6731	3.535e-04	   0.023	   321.891
 479	120	 4.5695	 1.0138	   1.5090	        1.5094	          0.0004	   1.6386	4.325e-04	   0.025	   322.396
 480	120	 4.5697	 1.0131	   1.5090	        1.5094	          0.0004	   1.5994	7.643e-04	   0.026	   322.895
 481	121	 4.5699	 1.0123	   1.5090	        1.5094	          0.0004	   1.6027	1.120e-03	   0.020	   323.344
 482	121	 4.5693	 1.0136	   1.5090	        1.5094	          0.0004	   1.7051	5.204e-04	   0.021	   323.783
 483	121	 4.5694	 1.0139	   1.5090	        1.5094	          0.0004	   1.6515	4.136e-04	   0.013	   324.214
 484	121	 4.5696	 1.0135	   1.5090	        1.5094	          0.0004	   1.6156	5.913e-04	   0.021	   324.659
 485	122	 4.5693	 1.0139	   1.5090	        1.5094	          0.0004	   1.6651	4.159e-04	   0.021	   325.095
 486	122	 4.5694	 1.0134	   1.5090	        1.5094	          0.0004	   1.6190	5.950e-04	   0.023	   325.534
 487	122	 4.5694	 1.0130	   1.5090	        1.5094	          0.0004	   1.6107	7.753e-04	   0.023	   325.972
 488	122	 4.5693	 1.0133	   1.5090	        1.5094	          0.0004	   1.6451	6.537e-04	   0.018	   326.405
 489	123	 4.5700	 1.0130	   1.5090	        1.5094	          0.0004	   1.6397	7.674e-04	   0.015	   326.841
 490	123	 4.5697	 1.0128	   1.5090	        1.5094	          0.0004	   1.6206	8.903e-04	   0.019	   327.285
 491	123	 4.5694	 1.0137	   1.5090	        1.5094	          0.0004	   1.6831	4.696e-04	   0.025	   327.747
 492	123	 4.5692	 1.0135	   1.5090	        1.5094	          0.0004	   1.6199	5.848e-04	   0.024	   328.215
 493	124	 4.5695	 1.0139	   1.5090	        1.5094	          0.0004	   1.6709	4.093e-04	   0.028	   328.713
 494	124	 4.5694	 1.0132	   1.5090	        1.5094	          0.0004	   1.6023	6.978e-04	   0.019	   329.219
 495	124	 4.5693	 1.0134	   1.5090	        1.5094	          0.0004	   1.6416	6.327e-04	   0.019	   329.703
 496	124	 4.5694	 1.0135	   1.5090	        1.5094	          0.0004	   1.6443	5.878e-04	   0.019	   330.182
 497	125	 4.5690	 1.0140	   1.5090	        1.5094	          0.0004	   1.6588	3.734e-04	   0.022	   330.626
 498	125	 4.5689	 1.0142	   1.5090	        1.5094	          0.0004	   1.6512	3.116e-04	   0.020	   331.061
 499	125	 4.5693	 1.0134	   1.5090	        1.5094	          0.0004	   1.6057	6.012e-04	   0.024	   331.497
 500	125	 4.5690	 1.0137	   1.5090	        1.5094	          0.0004	   1.6489	4.729e-04	   0.017	   331.936
 501	126	 4.5693	 1.0137	   1.5090	        1.5094	          0.0004	   1.6442	4.932e-04	   0.019	   332.374
 502	126	 4.5693	 1.0145	   1.5090	        1.5094	          0.0004	   1.6773	2.585e-04	   0.020	   332.813
 503	126	 4.5694	 1.0142	   1.5090	        1.5094	          0.0004	   1.6267	3.068e-04	   0.022	   333.253
 504	126	 4.5694	 1.0134	   1.5090	        1.5094	          0.0004	   1.5933	6.164e-04	   0.020	   333.685
 505	127	 4.5692	 1.0138	   1.5090	        1.5094	          0.0004	   1.6669	4.455e-04	   0.023	   334.124
 506	127	 4.5687	 1.0143	   1.5090	        1.5094	          0.0004	   1.6596	2.944e-04	   0.017	   334.577
 507	127	 4.5693	 1.0137	   1.5090	        1.5094	          0.0004	   1.6144	5.023e-04	   0.025	   335.080
 508	127	 4.5695	 1.0136	   1.5090	        1.5094	          0.0004	   1.6286	5.159e-04	   0.022	   335.580
 509	128	 4.5698	 1.0129	   1.5090	        1.5094	          0.0004	   1.6058	8.206e-04	   0.024	   336.043
 510	128	 4.5697	 1.0134	   1.5090	        1.5094	          0.0004	   1.6601	6.104e-04	   0.021	   336.477
 511	128	 4.5697	 1.0123	   1.5090	        1.5094	          0.0004	   1.5782	1.086e-03	   0.021	   336.915
 512	128	 4.5699	 1.0134	   1.5090	        1.5094	          0.0004	   1.7033	6.189e-04	   0.013	   337.347
 513	129	 4.5696	 1.0127	   1.5090	        1.5094	          0.0004	   1.5929	9.218e-04	   0.021	   337.792
 514	129	 4.5696	 1.0125	   1.5090	        1.5094	          0.0004	   1.6299	1.005e-03	   0.021	   338.228
 515	129	 4.5697	 1.0141	   1.5090	        1.5094	          0.0004	   1.7239	3.555e-04	   0.023	   338.667
 516	129	 4.5702	 1.0131	   1.5090	        1.5094	          0.0004	   1.6004	7.324e-04	   0.023	   339.104
 517	130	 4.5700	 1.0125	   1.5090	        1.5094	          0.0004	   1.6016	1.009e-03	   0.018	   339.538
 518	130	 4.5700	 1.0122	   1.5090	        1.5094	          0.0004	   1.6312	1.126e-03	   0.015	   339.974
 519	130	 4.5695	 1.0131	   1.5090	        1.5094	          0.0004	   1.6734	7.600e-04	   0.021	   340.447
 520	130	 4.5696	 1.0129	   1.5090	        1.5094	          0.0004	   1.6307	8.133e-04	   0.023	   340.892
 521	131	 4.5700	 1.0132	   1.5090	        1.5094	          0.0004	   1.6549	7.190e-04	   0.025	   341.374
 522	131	 4.5705	 1.0147	   1.5090	        1.5094	          0.0004	   1.7421	2.572e-04	   0.025	   341.872
 523	131	 4.5697	 1.0135	   1.5090	        1.5094	          0.0004	   1.5538	5.696e-04	   0.018	   342.308
 524	131	 4.5695	 1.0127	   1.5090	        1.5094	          0.0004	   1.5859	9.335e-04	   0.017	   342.746
 525	132	 4.5694	 1.0119	   1.5090	        1.5094	          0.0004	   1.5889	1.268e-03	   0.018	   343.186
 526	132	 4.5693	 1.0122	   1.5090	        1.5094	          0.0004	   1.6578	1.156e-03	   0.023	   343.624
 527	132	 4.5694	 1.0120	   1.5090	        1.5094	          0.0004	   1.6300	1.246e-03	   0.020	   344.060
 528	132	 4.5697	 1.0116	   1.5090	        1.5094	          0.0004	   1.6216	1.429e-03	   0.024	   344.496
 529	133	 4.5699	 1.0121	   1.5090	        1.5094	          0.0004	   1.6692	1.208e-03	   0.017	   344.934
 530	133	 4.5698	 1.0116	   1.5090	        1.5094	          0.0004	   1.6013	1.448e-03	   0.019	   345.372
 531	133	 4.5698	 1.0115	   1.5090	        1.5094	          0.0004	   1.6368	1.483e-03	   0.020	   345.811
 532	133	 4.5701	 1.0117	   1.5090	        1.5094	          0.0004	   1.6568	1.379e-03	   0.022	   346.251
 533	134	 4.5700	 1.0109	   1.5090	        1.5094	          0.0004	   1.5866	1.759e-03	   0.020	   346.683
 534	134	 4.5701	 1.0106	   1.5090	        1.5094	          0.0004	   1.6215	1.912e-03	   0.025	   347.138
 535	134	 4.5705	 1.0107	   1.5090	        1.5094	          0.0004	   1.6557	1.833e-03	   0.021	   347.656
 536	134	 4.5700	 1.0118	   1.5090	        1.5094	          0.0004	   1.6992	1.322e-03	   0.025	   348.205
 537	135	 4.5696	 1.0113	   1.5090	        1.5094	          0.0004	   1.6014	1.563e-03	   0.023	   348.715
 538	135	 4.5691	 1.0105	   1.5090	        1.5094	          0.0004	   1.5755	1.937e-03	   0.024	   349.176
 539	135	 4.5693	 1.0112	   1.5090	        1.5094	          0.0004	   1.6865	1.597e-03	   0.021	   349.609
 540	135	 4.5702	 1.0111	   1.5090	        1.5094	          0.0004	   1.6506	1.672e-03	   0.022	   350.048
 541	136	 4.5704	 1.0109	   1.5090	        1.5094	          0.0004	   1.6248	1.765e-03	   0.013	   350.479
 542	136	 4.5707	 1.0109	   1.5090	        1.5094	          0.0004	   1.6444	1.765e-03	   0.021	   350.925
 543	136	 4.5707	 1.0108	   1.5090	        1.5094	          0.0004	   1.6345	1.797e-03	   0.021	   351.361
 544	136	 4.5703	 1.0104	   1.5090	        1.5094	          0.0004	   1.6046	1.963e-03	   0.023	   351.799
 545	137	 4.5704	 1.0112	   1.5090	        1.5094	          0.0004	   1.6798	1.630e-03	   0.025	   352.243
 546	137	 4.5705	 1.0105	   1.5090	        1.5094	          0.0004	   1.6026	1.938e-03	   0.021	   352.713
 547	137	 4.5702	 1.0116	   1.5090	        1.5094	          0.0004	   1.7121	1.408e-03	   0.018	   353.170
 548	137	 4.5701	 1.0109	   1.5090	        1.5094	          0.0004	   1.5833	1.772e-03	   0.023	   353.684
 549	138	 4.5700	 1.0106	   1.5090	        1.5094	          0.0004	   1.6237	1.870e-03	   0.023	   354.199
 550	138	 4.5700	 1.0125	   1.5090	        1.5094	          0.0004	   1.7588	9.917e-04	   0.025	   354.717
 551	138	 4.5701	 1.0126	   1.5090	        1.5094	          0.0004	   1.6504	9.500e-04	   0.024	   355.171
 552	138	 4.5696	 1.0112	   1.5090	        1.5094	          0.0004	   1.5333	1.612e-03	   0.018	   355.608
 553	139	 4.5696	 1.0119	   1.5090	        1.5094	          0.0004	   1.6778	1.303e-03	   0.017	   356.045
 554	139	 4.5700	 1.0120	   1.5090	        1.5094	          0.0004	   1.6526	1.245e-03	   0.018	   356.486
 555	139	 4.5698	 1.0126	   1.5090	        1.5094	          0.0004	   1.6720	9.846e-04	   0.022	   356.923
 556	139	 4.5690	 1.0120	   1.5090	        1.5094	          0.0004	   1.5848	1.250e-03	   0.020	   357.359
 557	140	 4.5690	 1.0122	   1.5090	        1.5094	          0.0004	   1.6492	1.161e-03	   0.024	   357.795
 558	140	 4.5689	 1.0123	   1.5090	        1.5094	          0.0004	   1.6460	1.094e-03	   0.017	   358.233
 559	140	 4.5688	 1.0122	   1.5090	        1.5094	          0.0004	   1.6324	1.129e-03	   0.019	   358.671
 560	140	 4.5689	 1.0119	   1.5090	        1.5094	          0.0004	   1.6180	1.277e-03	   0.020	   359.110
 561	141	 4.5694	 1.0122	   1.5090	        1.5094	          0.0004	   1.6612	1.150e-03	   0.022	   359.551
 562	141	 4.5692	 1.0122	   1.5090	        1.5094	          0.0004	   1.6371	1.151e-03	   0.022	   359.995
 563	141	 4.5692	 1.0126	   1.5090	        1.5094	          0.0004	   1.6639	9.613e-04	   0.028	   360.479
 564	141	 4.5687	 1.0123	   1.5090	        1.5094	          0.0004	   1.6131	1.098e-03	   0.017	   360.986
 565	142	 4.5686	 1.0117	   1.5090	        1.5094	          0.0004	   1.5960	1.368e-03	   0.021	   361.463
 566	142	 4.5687	 1.0120	   1.5090	        1.5094	          0.0004	   1.6610	1.250e-03	   0.021	   361.901
 567	142	 4.5685	 1.0121	   1.5090	        1.5094	          0.0004	   1.6384	1.200e-03	   0.024	   362.340
 568	142	 4.5687	 1.0121	   1.5090	        1.5094	          0.0004	   1.6422	1.214e-03	   0.020	   362.774
 569	143	 4.5685	 1.0126	   1.5090	        1.5094	          0.0004	   1.6712	9.532e-04	   0.021	   363.213
 570	143	 4.5683	 1.0135	   1.5090	        1.5094	          0.0004	   1.6873	5.903e-04	   0.013	   363.645
 571	143	 4.5686	 1.0128	   1.5090	        1.5094	          0.0004	   1.6052	8.570e-04	   0.021	   364.090
 572	143	 4.5690	 1.0119	   1.5090	        1.5094	          0.0004	   1.5918	1.273e-03	   0.021	   364.526
 573	144	 4.5689	 1.0110	   1.5090	        1.5094	          0.0004	   1.5783	1.723e-03	   0.025	   364.973
 574	144	 4.5685	 1.0115	   1.5090	        1.5094	          0.0004	   1.6602	1.473e-03	   0.023	   365.440
 575	144	 4.5691	 1.0109	   1.5090	        1.5094	          0.0004	   1.6125	1.732e-03	   0.018	   365.874
 576	144	 4.5690	 1.0113	   1.5090	        1.5094	          0.0004	   1.6626	1.563e-03	   0.016	   366.349
 577	145	 4.5696	 1.0119	   1.5090	        1.5094	          0.0004	   1.6980	1.267e-03	   0.020	   366.813
 578	145	 4.5697	 1.0117	   1.5090	        1.5094	          0.0004	   1.6181	1.390e-03	   0.027	   367.285
 579	145	 4.5691	 1.0125	   1.5090	        1.5094	          0.0004	   1.6835	1.005e-03	   0.023	   367.733
 580	145	 4.5690	 1.0116	   1.5090	        1.5094	          0.0004	   1.5722	1.434e-03	   0.024	   368.169
 581	146	 4.5693	 1.0112	   1.5090	        1.5094	          0.0004	   1.6192	1.595e-03	   0.018	   368.604
 582	146	 4.5687	 1.0110	   1.5090	        1.5094	          0.0004	   1.5999	1.726e-03	   0.014	   368.985
 583	146	 4.5690	 1.0114	   1.5090	        1.5094	          0.0004	   1.6756	1.538e-03	   0.019	   369.430
 584	146	 4.5693	 1.0118	   1.5090	        1.5094	          0.0004	   1.6807	1.337e-03	   0.024	   369.811
 585	147	 4.5698	 1.0117	   1.5090	        1.5094	          0.0004	   1.6440	1.373e-03	   0.023	   370.191
 586	147	 4.5696	 1.0107	   1.5090	        1.5094	          0.0004	   1.5651	1.855e-03	   0.023	   370.565
 587	147	 4.5695	 1.0108	   1.5090	        1.5094	          0.0004	   1.6412	1.780e-03	   0.023	   370.950
 588	147	 4.5694	 1.0115	   1.5090	        1.5094	          0.0004	   1.6791	1.494e-03	   0.018	   371.322
 589	148	 4.5698	 1.0112	   1.5090	        1.5094	          0.0004	   1.6331	1.600e-03	   0.020	   371.701
 590	148	 4.5700	 1.0113	   1.5090	        1.5094	          0.0004	   1.6542	1.549e-03	   0.020	   372.111
 591	148	 4.5696	 1.0111	   1.5090	        1.5094	          0.0004	   1.6133	1.655e-03	   0.023	   372.510
 592	148	 4.5693	 1.0110	   1.5090	        1.5094	          0.0004	   1.6152	1.714e-03	   0.027	   372.961
 593	149	 4.5692	 1.0110	   1.5090	        1.5094	          0.0004	   1.6413	1.691e-03	   0.017	   373.375
 594	149	 4.5693	 1.0114	   1.5090	        1.5094	          0.0004	   1.6652	1.498e-03	   0.024	   373.759
 595	149	 4.5692	 1.0115	   1.5090	        1.5094	          0.0004	   1.6372	1.474e-03	   0.020	   374.140
 596	149	 4.5691	 1.0117	   1.5090	        1.5094	          0.0004	   1.6564	1.370e-03	   0.024	   374.518
 597	150	 4.5687	 1.0115	   1.5090	        1.5094	          0.0004	   1.6082	1.486e-03	   0.023	   374.895
 598	150	 4.5689	 1.0116	   1.5090	        1.5094	          0.0004	   1.6411	1.447e-03	   0.023	   375.274
 599	150	 4.5690	 1.0121	   1.5090	        1.5094	          0.0004	   1.6781	1.181e-03	   0.018	   375.649
 600	150	 4.5691	 1.0123	   1.5090	        1.5094	          0.0004	   1.6619	1.105e-03	   0.024	   376.060
 601	151	 4.5693	 1.0117	   1.5090	        1.5094	          0.0004	   1.5982	1.387e-03	   0.021	   376.467
 602	151	 4.5692	 1.0117	   1.5090	        1.5094	          0.0004	   1.6367	1.389e-03	   0.026	   376.889
 603	151	 4.5686	 1.0127	   1.5090	        1.5094	          0.0004	   1.6968	9.279e-04	   0.023	   377.345
 604	151	 4.5690	 1.0122	   1.5090	        1.5094	          0.0004	   1.6148	1.166e-03	   0.020	   377.756
 605	152	 4.5693	 1.0129	   1.5090	        1.5094	          0.0004	   1.6996	8.331e-04	   0.020	   378.155
 606	152	 4.5691	 1.0120	   1.5090	        1.5094	          0.0004	   1.5765	1.220e-03	   0.022	   378.560
 607	152	 4.5694	 1.0113	   1.5090	        1.5094	          0.0004	   1.5949	1.547e-03	   0.025	   378.956
 608	152	 4.5688	 1.0121	   1.5090	        1.5094	          0.0004	   1.6754	1.203e-03	   0.024	   379.340
 609	153	 4.5687	 1.0123	   1.5090	        1.5094	          0.0004	   1.6507	1.102e-03	   0.025	   379.715
 610	153	 4.5691	 1.0120	   1.5090	        1.5094	          0.0004	   1.6149	1.248e-03	   0.019	   380.092
 611	153	 4.5687	 1.0115	   1.5090	        1.5094	          0.0004	   1.5998	1.464e-03	   0.018	   380.472
 612	153	 4.5690	 1.0117	   1.5090	        1.5094	          0.0004	   1.6637	1.378e-03	   0.019	   380.851
 613	154	 4.5691	 1.0119	   1.5090	        1.5094	          0.0004	   1.6591	1.281e-03	   0.023	   381.232
 614	154	 4.5692	 1.0120	   1.5090	        1.5094	          0.0004	   1.6518	1.230e-03	   0.023	   381.611
 615	154	 4.5692	 1.0117	   1.5090	        1.5094	          0.0004	   1.6093	1.390e-03	   0.023	   381.986
 616	154	 4.5690	 1.0115	   1.5090	        1.5094	          0.0004	   1.6225	1.479e-03	   0.023	   382.370
 617	155	 4.5689	 1.0125	   1.5090	        1.5094	          0.0004	   1.7053	1.015e-03	   0.017	   382.743
 618	155	 4.5695	 1.0121	   1.5090	        1.5094	          0.0004	   1.6247	1.211e-03	   0.022	   383.148
 619	155	 4.5698	 1.0112	   1.5090	        1.5094	          0.0004	   1.5896	1.590e-03	   0.021	   383.551
 620	155	 4.5692	 1.0109	   1.5090	        1.5094	          0.0004	   1.5996	1.730e-03	   0.023	   383.987
 621	156	 4.5693	 1.0110	   1.5090	        1.5094	          0.0004	   1.6464	1.686e-03	   0.028	   384.421
 622	156	 4.5691	 1.0116	   1.5090	        1.5094	          0.0004	   1.6617	1.447e-03	   0.017	   384.796
 623	156	 4.5691	 1.0109	   1.5090	        1.5094	          0.0004	   1.5960	1.766e-03	   0.024	   385.179
 624	156	 4.5691	 1.0109	   1.5090	        1.5094	          0.0004	   1.6356	1.765e-03	   0.020	   385.560
 625	157	 4.5688	 1.0106	   1.5090	        1.5094	          0.0004	   1.6080	1.908e-03	   0.024	   385.938
 626	157	 4.5686	 1.0115	   1.5090	        1.5094	          0.0004	   1.6946	1.473e-03	   0.023	   386.315
 627	157	 4.5686	 1.0106	   1.5090	        1.5094	          0.0004	   1.5735	1.894e-03	   0.023	   386.695
 628	157	 4.5691	 1.0106	   1.5090	        1.5094	          0.0004	   1.6546	1.910e-03	   0.020	   387.098
 629	158	 4.5693	 1.0101	   1.5090	        1.5094	          0.0004	   1.6143	2.103e-03	   0.022	   387.492
 630	158	 4.5693	 1.0118	   1.5090	        1.5094	          0.0004	   1.7576	1.352e-03	   0.023	   387.891
 631	158	 4.5693	 1.0112	   1.5090	        1.5094	          0.0004	   1.5951	1.627e-03	   0.022	   388.284
 632	158	 4.5689	 1.0112	   1.5090	        1.5094	          0.0004	   1.6326	1.599e-03	   0.021	   388.667
 633	159	 4.5691	 1.0109	   1.5090	        1.5094	          0.0004	   1.6174	1.770e-03	   0.018	   389.059
 634	159	 4.5688	 1.0120	   1.5090	        1.5094	          0.0004	   1.7136	1.247e-03	   0.024	   389.452
 635	159	 4.5685	 1.0118	   1.5090	        1.5094	          0.0004	   1.6184	1.330e-03	   0.018	   389.864
 636	159	 4.5684	 1.0116	   1.5090	        1.5094	          0.0004	   1.6165	1.442e-03	   0.025	   390.241
 637	160	 4.5682	 1.0110	   1.5090	        1.5094	          0.0004	   1.5949	1.704e-03	   0.024	   390.625
 638	160	 4.5679	 1.0115	   1.5090	        1.5094	          0.0004	   1.6638	1.493e-03	   0.025	   390.999
 639	160	 4.5682	 1.0112	   1.5090	        1.5094	          0.0004	   1.6277	1.589e-03	   0.019	   391.377
 640	160	 4.5683	 1.0117	   1.5090	        1.5094	          0.0004	   1.6737	1.383e-03	   0.020	   391.759
 641	161	 4.5679	 1.0119	   1.5090	        1.5094	          0.0004	   1.6384	1.306e-03	   0.021	   392.179
 642	161	 4.5677	 1.0123	   1.5090	        1.5094	          0.0004	   1.6682	1.122e-03	   0.026	   392.602
 643	161	 4.5675	 1.0115	   1.5090	        1.5094	          0.0004	   1.5762	1.490e-03	   0.026	   393.022
 644	161	 4.5680	 1.0111	   1.5090	        1.5094	          0.0004	   1.6162	1.674e-03	   0.024	   393.422
 645	162	 4.5678	 1.0106	   1.5090	        1.5094	          0.0004	   1.5964	1.899e-03	   0.023	   393.821
 646	162	 4.5677	 1.0107	   1.5090	        1.5094	          0.0004	   1.6415	1.860e-03	   0.018	   394.216
 647	162	 4.5680	 1.0101	   1.5090	        1.5094	          0.0004	   1.6110	2.104e-03	   0.023	   394.616
 648	162	 4.5679	 1.0113	   1.5090	        1.5094	          0.0004	   1.7197	1.560e-03	   0.023	   395.060
 649	163	 4.5676	 1.0113	   1.5090	        1.5094	          0.0004	   1.6290	1.570e-03	   0.022	   395.473
 650	163	 4.5677	 1.0106	   1.5090	        1.5094	          0.0004	   1.5906	1.905e-03	   0.024	   395.874
 651	163	 4.5674	 1.0110	   1.5090	        1.5094	          0.0004	   1.6576	1.714e-03	   0.017	   396.247
 652	163	 4.5677	 1.0114	   1.5090	        1.5094	          0.0004	   1.6775	1.526e-03	   0.024	   396.630
 653	164	 4.5679	 1.0112	   1.5090	        1.5094	          0.0004	   1.6321	1.624e-03	   0.020	   397.011
 654	164	 4.5676	 1.0115	   1.5090	        1.5094	          0.0004	   1.6515	1.474e-03	   0.026	   397.395
 655	164	 4.5684	 1.0113	   1.5090	        1.5094	          0.0004	   1.6477	1.552e-03	   0.028	   397.823
 656	164	 4.5680	 1.0114	   1.5090	        1.5094	          0.0004	   1.6361	1.500e-03	   0.027	   398.265
 657	165	 4.5680	 1.0107	   1.5090	        1.5094	          0.0004	   1.5797	1.824e-03	   0.022	   398.713
 658	165	 4.5682	 1.0110	   1.5090	        1.5094	          0.0004	   1.6594	1.686e-03	   0.022	   399.134
 659	165	 4.5685	 1.0114	   1.5090	        1.5094	          0.0004	   1.6767	1.523e-03	   0.021	   399.527
 660	165	 4.5681	 1.0113	   1.5090	        1.5094	          0.0004	   1.6265	1.572e-03	   0.022	   399.903
 661	166	 4.5683	 1.0118	   1.5090	        1.5094	          0.0004	   1.6763	1.333e-03	   0.020	   400.308
 662	166	 4.5680	 1.0115	   1.5090	        1.5094	          0.0004	   1.6154	1.476e-03	   0.020	   400.680
 663	166	 4.5685	 1.0111	   1.5090	        1.5094	          0.0004	   1.6241	1.664e-03	   0.020	   401.103
 664	166	 4.5683	 1.0113	   1.5090	        1.5094	          0.0004	   1.6372	1.575e-03	   0.018	   401.483
 665	167	 4.5684	 1.0115	   1.5090	        1.5094	          0.0004	   1.6614	1.457e-03	   0.025	   401.860
 666	167	 4.5681	 1.0123	   1.5090	        1.5094	          0.0004	   1.6858	1.121e-03	   0.024	   402.244
 667	167	 4.5682	 1.0118	   1.5090	        1.5094	          0.0004	   1.6103	1.313e-03	   0.025	   402.618
 668	167	 4.5680	 1.0115	   1.5090	        1.5094	          0.0004	   1.6020	1.477e-03	   0.019	   402.996
 669	168	 4.5678	 1.0113	   1.5090	        1.5094	          0.0004	   1.6243	1.584e-03	   0.018	   403.376
 670	168	 4.5676	 1.0114	   1.5090	        1.5094	          0.0004	   1.6401	1.529e-03	   0.019	   403.755
 671	168	 4.5675	 1.0113	   1.5090	        1.5094	          0.0004	   1.6263	1.563e-03	   0.023	   404.136
 672	168	 4.5681	 1.0112	   1.5090	        1.5094	          0.0004	   1.6350	1.623e-03	   0.023	   404.516
 673	169	 4.5680	 1.0112	   1.5090	        1.5094	          0.0004	   1.6384	1.621e-03	   0.023	   404.890
 674	169	 4.5684	 1.0109	   1.5090	        1.5094	          0.0004	   1.6309	1.764e-03	   0.025	   405.295
 675	169	 4.5679	 1.0104	   1.5090	        1.5094	          0.0004	   1.5951	1.964e-03	   0.017	   405.687
 676	169	 4.5678	 1.0111	   1.5090	        1.5094	          0.0004	   1.6761	1.655e-03	   0.024	   406.123
 677	170	 4.5677	 1.0105	   1.5090	        1.5094	          0.0004	   1.5818	1.944e-03	   0.020	   406.548
 678	170	 4.5679	 1.0110	   1.5090	        1.5094	          0.0004	   1.6848	1.705e-03	   0.019	   406.941
 679	170	 4.5677	 1.0110	   1.5090	        1.5094	          0.0004	   1.6337	1.695e-03	   0.024	   407.327
 680	170	 4.5679	 1.0119	   1.5090	        1.5094	          0.0004	   1.7163	1.284e-03	   0.017	   407.700
 681	171	 4.5674	 1.0121	   1.5090	        1.5094	          0.0004	   1.6429	1.207e-03	   0.024	   408.084
 682	171	 4.5674	 1.0113	   1.5090	        1.5094	          0.0004	   1.5713	1.582e-03	   0.022	   408.473
 683	171	 4.5680	 1.0115	   1.5090	        1.5094	          0.0004	   1.6680	1.470e-03	   0.024	   408.881
 684	171	 4.5678	 1.0118	   1.5090	        1.5094	          0.0004	   1.6613	1.344e-03	   0.023	   409.258
 685	172	 4.5676	 1.0126	   1.5090	        1.5094	          0.0004	   1.7061	9.574e-04	   0.023	   409.676
 686	172	 4.5681	 1.0132	   1.5090	        1.5094	          0.0004	   1.6958	6.875e-04	   0.018	   410.051
 687	172	 4.5685	 1.0124	   1.5090	        1.5094	          0.0004	   1.5767	1.080e-03	   0.022	   410.436
 688	172	 4.5682	 1.0123	   1.5090	        1.5094	          0.0004	   1.6291	1.088e-03	   0.021	   410.814
 689	173	 4.5681	 1.0125	   1.5090	        1.5094	          0.0004	   1.6483	1.006e-03	   0.024	   411.207
 690	173	 4.5678	 1.0123	   1.5090	        1.5094	          0.0004	   1.6181	1.093e-03	   0.021	   411.594
 691	173	 4.5677	 1.0123	   1.5090	        1.5094	          0.0004	   1.6281	1.109e-03	   0.018	   412.008
 692	173	 4.5680	 1.0124	   1.5090	        1.5094	          0.0004	   1.6525	1.069e-03	   0.020	   412.389
 693	174	 4.5677	 1.0120	   1.5090	        1.5094	          0.0004	   1.6041	1.250e-03	   0.018	   412.769
 694	174	 4.5675	 1.0123	   1.5090	        1.5094	          0.0004	   1.6627	1.090e-03	   0.025	   413.145
 695	174	 4.5675	 1.0122	   1.5090	        1.5094	          0.0004	   1.6271	1.164e-03	   0.024	   413.530
 696	174	 4.5678	 1.0125	   1.5090	        1.5094	          0.0004	   1.6669	1.024e-03	   0.025	   413.904
 697	175	 4.5682	 1.0123	   1.5090	        1.5094	          0.0004	   1.6368	1.120e-03	   0.019	   414.282
 698	175	 4.5680	 1.0124	   1.5090	        1.5094	          0.0004	   1.6407	1.072e-03	   0.018	   414.662
 699	175	 4.5683	 1.0122	   1.5090	        1.5094	          0.0004	   1.6284	1.161e-03	   0.019	   415.041
 700	175	 4.5678	 1.0120	   1.5090	        1.5094	          0.0004	   1.6126	1.234e-03	   0.023	   415.422
 701	176	 4.5680	 1.0125	   1.5090	        1.5094	          0.0004	   1.6773	1.027e-03	   0.023	   415.802
 702	176	 4.5674	 1.0124	   1.5090	        1.5094	          0.0004	   1.6174	1.063e-03	   0.026	   416.180
 703	176	 4.5678	 1.0127	   1.5090	        1.5094	          0.0004	   1.6722	9.439e-04	   0.025	   416.596
 704	176	 4.5677	 1.0121	   1.5090	        1.5094	          0.0004	   1.5847	1.212e-03	   0.021	   417.024
 705	177	 4.5674	 1.0121	   1.5090	        1.5094	          0.0004	   1.6379	1.174e-03	   0.023	   417.448
 706	177	 4.5673	 1.0120	   1.5090	        1.5094	          0.0004	   1.6229	1.255e-03	   0.019	   417.858
 707	177	 4.5672	 1.0122	   1.5090	        1.5094	          0.0004	   1.6578	1.136e-03	   0.019	   418.227
 708	177	 4.5679	 1.0117	   1.5090	        1.5094	          0.0004	   1.6158	1.387e-03	   0.024	   418.613
 709	178	 4.5678	 1.0118	   1.5090	        1.5094	          0.0004	   1.6320	1.354e-03	   0.019	   419.013
 710	178	 4.5675	 1.0115	   1.5090	        1.5094	          0.0004	   1.6086	1.488e-03	   0.027	   419.466
 711	178	 4.5676	 1.0116	   1.5090	        1.5094	          0.0004	   1.6577	1.403e-03	   0.022	   419.910
 712	178	 4.5682	 1.0113	   1.5090	        1.5094	          0.0004	   1.6304	1.561e-03	   0.024	   420.319
 713	179	 4.5684	 1.0113	   1.5090	        1.5094	          0.0004	   1.6354	1.566e-03	   0.023	   420.717
 714	179	 4.5684	 1.0112	   1.5090	        1.5094	          0.0004	   1.6301	1.596e-03	   0.023	   421.097
 715	179	 4.5683	 1.0112	   1.5090	        1.5094	          0.0004	   1.6362	1.600e-03	   0.018	   421.471
 716	179	 4.5681	 1.0117	   1.5090	        1.5094	          0.0004	   1.6812	1.360e-03	   0.022	   421.856
 717	180	 4.5686	 1.0114	   1.5090	        1.5094	          0.0004	   1.6322	1.518e-03	   0.023	   422.249
 718	180	 4.5684	 1.0109	   1.5090	        1.5094	          0.0004	   1.5918	1.737e-03	   0.022	   422.632
 719	180	 4.5684	 1.0113	   1.5090	        1.5094	          0.0004	   1.6621	1.572e-03	   0.023	   423.058
 720	180	 4.5680	 1.0119	   1.5090	        1.5094	          0.0004	   1.6757	1.291e-03	   0.018	   423.430
 721	181	 4.5678	 1.0123	   1.5090	        1.5094	          0.0004	   1.6586	1.104e-03	   0.020	   423.810
 722	181	 4.5677	 1.0126	   1.5090	        1.5094	          0.0004	   1.6602	9.898e-04	   0.018	   424.190
 723	181	 4.5680	 1.0116	   1.5090	        1.5094	          0.0004	   1.5640	1.420e-03	   0.025	   424.567
 724	181	 4.5680	 1.0119	   1.5090	        1.5094	          0.0004	   1.6629	1.302e-03	   0.024	   424.951
 725	182	 4.5683	 1.0118	   1.5090	        1.5094	          0.0004	   1.6375	1.321e-03	   0.025	   425.326
 726	182	 4.5683	 1.0110	   1.5090	        1.5094	          0.0004	   1.5716	1.687e-03	   0.019	   425.703
 727	182	 4.5680	 1.0118	   1.5090	        1.5094	          0.0004	   1.6935	1.343e-03	   0.018	   426.083
 728	182	 4.5682	 1.0120	   1.5090	        1.5094	          0.0004	   1.6651	1.235e-03	   0.019	   426.462
 729	183	 4.5683	 1.0123	   1.5090	        1.5094	          0.0004	   1.6673	1.111e-03	   0.023	   426.843
 730	183	 4.5678	 1.0121	   1.5090	        1.5094	          0.0004	   1.6036	1.199e-03	   0.023	   427.223
 731	183	 4.5682	 1.0122	   1.5090	        1.5094	          0.0004	   1.6601	1.152e-03	   0.024	   427.630
 732	183	 4.5683	 1.0120	   1.5090	        1.5094	          0.0004	   1.6267	1.223e-03	   0.028	   428.061
 733	184	 4.5686	 1.0124	   1.5090	        1.5094	          0.0004	   1.6685	1.077e-03	   0.019	   428.485
 734	184	 4.5685	 1.0123	   1.5090	        1.5094	          0.0004	   1.6310	1.120e-03	   0.020	   428.897
 735	184	 4.5683	 1.0122	   1.5090	        1.5094	          0.0004	   1.6237	1.168e-03	   0.019	   429.279
 736	184	 4.5686	 1.0119	   1.5090	        1.5094	          0.0004	   1.6213	1.290e-03	   0.019	   429.649
 737	185	 4.5686	 1.0118	   1.5090	        1.5094	          0.0004	   1.6372	1.316e-03	   0.026	   430.063
 738	185	 4.5690	 1.0121	   1.5090	        1.5094	          0.0004	   1.6778	1.173e-03	   0.017	   430.446
 739	185	 4.5689	 1.0122	   1.5090	        1.5094	          0.0004	   1.6437	1.140e-03	   0.026	   430.850
 740	185	 4.5683	 1.0121	   1.5090	        1.5094	          0.0004	   1.6076	1.201e-03	   0.021	   431.248
 741	186	 4.5687	 1.0121	   1.5090	        1.5094	          0.0004	   1.6376	1.211e-03	   0.024	   431.626
 742	186	 4.5686	 1.0121	   1.5090	        1.5094	          0.0004	   1.6442	1.177e-03	   0.024	   432.003
 743	186	 4.5686	 1.0126	   1.5090	        1.5094	          0.0004	   1.6775	9.633e-04	   0.023	   432.383
 744	186	 4.5687	 1.0122	   1.5090	        1.5094	          0.0004	   1.6060	1.169e-03	   0.018	   432.757
 745	187	 4.5691	 1.0128	   1.5090	        1.5094	          0.0004	   1.7016	8.832e-04	   0.024	   433.152
 746	187	 4.5691	 1.0131	   1.5090	        1.5094	          0.0004	   1.6696	7.230e-04	   0.021	   433.542
 747	187	 4.5691	 1.0124	   1.5090	        1.5094	          0.0004	   1.5685	1.079e-03	   0.024	   433.954
 748	187	 4.5690	 1.0122	   1.5090	        1.5094	          0.0004	   1.6238	1.134e-03	   0.023	   434.386
 749	188	 4.5692	 1.0115	   1.5090	        1.5094	          0.0004	   1.5761	1.472e-03	   0.020	   434.797
 750	188	 4.5694	 1.0116	   1.5090	        1.5094	          0.0004	   1.6518	1.424e-03	   0.022	   435.218
 751	188	 4.5690	 1.0118	   1.5090	        1.5094	          0.0004	   1.6499	1.343e-03	   0.018	   435.610
 752	188	 4.5689	 1.0121	   1.5090	        1.5094	          0.0004	   1.6649	1.195e-03	   0.025	   435.986
 753	189	 4.5691	 1.0122	   1.5090	        1.5094	          0.0004	   1.6401	1.169e-03	   0.024	   436.371
 754	189	 4.5693	 1.0121	   1.5090	        1.5094	          0.0004	   1.6397	1.211e-03	   0.025	   436.745
 755	189	 4.5693	 1.0120	   1.5090	        1.5094	          0.0004	   1.6264	1.264e-03	   0.019	   437.123
 756	189	 4.5689	 1.0124	   1.5090	        1.5094	          0.0004	   1.6741	1.052e-03	   0.019	   437.503
 757	190	 4.5689	 1.0128	   1.5090	        1.5094	          0.0004	   1.6615	8.982e-04	   0.019	   437.882
 758	190	 4.5688	 1.0128	   1.5090	        1.5094	          0.0004	   1.6447	8.649e-04	   0.024	   438.263
 759	190	 4.5686	 1.0127	   1.5090	        1.5094	          0.0004	   1.6194	9.441e-04	   0.026	   438.673
 760	190	 4.5687	 1.0127	   1.5090	        1.5094	          0.0004	   1.6417	9.444e-04	   0.028	   439.087
 761	191	 4.5688	 1.0124	   1.5090	        1.5094	          0.0004	   1.6110	1.072e-03	   0.026	   439.527
 762	191	 4.5688	 1.0125	   1.5090	        1.5094	          0.0004	   1.6499	1.006e-03	   0.022	   439.939
 763	191	 4.5690	 1.0128	   1.5090	        1.5094	          0.0004	   1.6697	8.584e-04	   0.025	   440.366
 764	191	 4.5689	 1.0128	   1.5090	        1.5094	          0.0004	   1.6386	8.604e-04	   0.022	   440.817
 765	192	 4.5692	 1.0129	   1.5090	        1.5094	          0.0004	   1.6515	8.439e-04	   0.023	   441.231
 766	192	 4.5689	 1.0133	   1.5090	        1.5094	          0.0004	   1.6626	6.692e-04	   0.026	   441.664
 767	192	 4.5688	 1.0124	   1.5090	        1.5094	          0.0004	   1.5691	1.040e-03	   0.017	   442.057
 768	192	 4.5688	 1.0128	   1.5090	        1.5094	          0.0004	   1.6690	8.674e-04	   0.024	   442.456
 769	193	 4.5692	 1.0134	   1.5090	        1.5094	          0.0004	   1.7003	6.258e-04	   0.020	   442.837
 770	193	 4.5688	 1.0125	   1.5090	        1.5094	          0.0004	   1.5511	1.005e-03	   0.024	   443.214
 771	193	 4.5689	 1.0125	   1.5090	        1.5094	          0.0004	   1.6342	1.017e-03	   0.023	   443.591
 772	193	 4.5689	 1.0125	   1.5090	        1.5094	          0.0004	   1.6422	1.000e-03	   0.023	   443.971
 773	194	 4.5688	 1.0127	   1.5090	        1.5094	          0.0004	   1.6534	9.342e-04	   0.020	   444.351
 774	194	 4.5683	 1.0119	   1.5090	        1.5094	          0.0004	   1.5534	1.290e-03	   0.022	   444.752
 775	194	 4.5687	 1.0124	   1.5090	        1.5094	          0.0004	   1.6892	1.063e-03	   0.022	   445.159
 776	194	 4.5684	 1.0126	   1.5090	        1.5094	          0.0004	   1.6481	9.490e-04	   0.022	   445.550
 777	195	 4.5686	 1.0123	   1.5090	        1.5094	          0.0004	   1.6209	1.109e-03	   0.020	   445.934
 778	195	 4.5686	 1.0128	   1.5090	        1.5094	          0.0004	   1.6779	8.714e-04	   0.018	   446.304
 779	195	 4.5686	 1.0125	   1.5090	        1.5094	          0.0004	   1.6129	1.003e-03	   0.020	   446.684
 780	195	 4.5686	 1.0126	   1.5090	        1.5094	          0.0004	   1.6438	9.485e-04	   0.018	   447.064
 781	196	 4.5683	 1.0130	   1.5090	        1.5094	          0.0004	   1.6705	7.685e-04	   0.025	   447.441
 782	196	 4.5684	 1.0128	   1.5090	        1.5094	          0.0004	   1.6219	8.615e-04	   0.024	   447.825
 783	196	 4.5686	 1.0129	   1.5090	        1.5094	          0.0004	   1.6479	8.309e-04	   0.025	   448.200
 784	196	 4.5686	 1.0124	   1.5090	        1.5094	          0.0004	   1.5913	1.068e-03	   0.019	   448.578
 785	197	 4.5685	 1.0119	   1.5090	        1.5094	          0.0004	   1.5968	1.280e-03	   0.018	   448.958
 786	197	 4.5688	 1.0122	   1.5090	        1.5094	          0.0004	   1.6741	1.149e-03	   0.019	   449.337
 787	197	 4.5688	 1.0119	   1.5090	        1.5094	          0.0004	   1.6100	1.296e-03	   0.025	   449.729
 788	197	 4.5689	 1.0122	   1.5090	        1.5094	          0.0004	   1.6677	1.139e-03	   0.026	   450.148
 789	198	 4.5684	 1.0117	   1.5090	        1.5094	          0.0004	   1.5816	1.369e-03	   0.026	   450.589
 790	198	 4.5684	 1.0119	   1.5090	        1.5094	          0.0004	   1.6481	1.290e-03	   0.024	   451.010
 791	198	 4.5687	 1.0121	   1.5090	        1.5094	          0.0004	   1.6571	1.216e-03	   0.020	   451.399
 792	198	 4.5690	 1.0123	   1.5090	        1.5094	          0.0004	   1.6812	1.089e-03	   0.021	   451.808
 793	199	 4.5685	 1.0131	   1.5090	        1.5094	          0.0004	   1.6947	7.269e-04	   0.019	   452.190
 794	199	 4.5687	 1.0124	   1.5090	        1.5094	          0.0004	   1.5793	1.040e-03	   0.019	   452.598
 795	199	 4.5687	 1.0122	   1.5090	        1.5094	          0.0004	   1.6217	1.167e-03	   0.024	   452.983
 796	199	 4.5689	 1.0120	   1.5090	        1.5094	          0.0004	   1.6342	1.220e-03	   0.017	   453.356
 797	200	 4.5688	 1.0119	   1.5090	        1.5094	          0.0004	   1.6288	1.277e-03	   0.024	   453.740
 798	200	 4.5687	 1.0118	   1.5090	        1.5094	          0.0004	   1.6223	1.334e-03	   0.019	   454.118
 799	200	 4.5690	 1.0122	   1.5090	        1.5094	          0.0004	   1.6847	1.152e-03	   0.023	   454.465
 800	200	 4.5691	 1.0117	   1.5090	        1.5094	          0.0004	   1.5904	1.399e-03	   0.015	   454.778

[BSGD] Finished on device cuda -> σ_f² ≈ 4.5691, σ_ε² ≈ 1.0117
