[GPU 6][JOB 135] 'python cli.py bsgd --n 1024 --lengthscale 0.5 --sigma-f2-true 4.0 --sigma-eps2-true 1.0 --n-epochs 200 --device auto --kernel-mode finite --theta-min 1e-4 --theta-max 20.0 --print-every 1 --seed 4 --batch-size 512 --sigma-f2-init 5.0 --sigma-eps2-init 3.0 --alpha1 9.0 '

=== BSGD (biased SGD on exact kernel) ===
iter	epoch	σ_f²	σ_ε²	real_nlml	real_nlml_true	real_nlml_abs_err	mini_nlml	||grad||	duration_s	wall_time_s
   1	 1	 4.6849	 2.0532	   1.6043	        1.5094	          0.0949	   1.6384	1.180e-01	   0.115	     0.202
   2	 1	 4.6749	 1.5767	   1.5494	        1.5094	          0.0400	   1.6216	1.083e-01	   0.049	     0.691
   3	 2	 4.6520	 1.2424	   1.5182	        1.5094	          0.0088	   1.5533	7.065e-02	   0.061	     1.355
   4	 2	 4.6662	 1.1082	   1.5108	        1.5094	          0.0014	   1.5791	3.650e-02	   0.074	     2.109
   5	 3	 4.6601	 1.0944	   1.5104	        1.5094	          0.0009	   1.5941	3.189e-02	   0.061	     2.894
   6	 3	 4.6490	 1.0156	   1.5090	        1.5094	          0.0004	   1.5329	5.355e-04	   0.074	     3.712
   7	 4	 4.6394	 1.0194	   1.5090	        1.5094	          0.0004	   1.5628	2.217e-03	   0.072	     4.524
   8	 4	 4.6634	 1.0045	   1.5090	        1.5094	          0.0004	   1.5534	4.773e-03	   0.071	     5.344
   9	 5	 4.6767	 1.0263	   1.5090	        1.5094	          0.0004	   1.5826	5.328e-03	   0.080	     6.163
  10	 5	 4.6631	 1.0184	   1.5090	        1.5094	          0.0004	   1.5533	1.781e-03	   0.063	     6.975
  11	 6	 4.6851	 0.9983	   1.5091	        1.5094	          0.0003	   1.5437	7.803e-03	   0.077	     7.789
  12	 6	 4.6761	 1.0188	   1.5090	        1.5094	          0.0004	   1.5787	1.963e-03	   0.073	     8.628
  13	 7	 4.6753	 1.0335	   1.5091	        1.5094	          0.0003	   1.5868	8.495e-03	   0.073	     9.463
  14	 7	 4.6801	 1.0113	   1.5090	        1.5094	          0.0004	   1.5326	1.538e-03	   0.077	    10.299
  15	 8	 4.6755	 1.0026	   1.5090	        1.5094	          0.0004	   1.5434	5.696e-03	   0.073	    11.127
  16	 8	 4.6925	 1.0156	   1.5090	        1.5094	          0.0004	   1.5845	5.112e-04	   0.071	    11.944
  17	 9	 4.7055	 1.0473	   1.5093	        1.5094	          0.0002	   1.6273	1.429e-02	   0.065	    12.757
  18	 9	 4.6996	 1.0098	   1.5090	        1.5094	          0.0004	   1.4910	2.230e-03	   0.072	    13.571
  19	10	 4.6914	 1.0222	   1.5090	        1.5094	          0.0004	   1.5815	3.506e-03	   0.078	    14.396
  20	10	 4.6995	 1.0133	   1.5090	        1.5094	          0.0004	   1.5490	5.590e-04	   0.075	    15.201
  21	11	 4.7032	 1.0267	   1.5090	        1.5094	          0.0004	   1.5953	5.522e-03	   0.067	    16.012
  22	11	 4.6922	 1.0138	   1.5090	        1.5094	          0.0004	   1.5285	3.769e-04	   0.068	    16.829
  23	12	 4.6936	 1.0204	   1.5090	        1.5094	          0.0004	   1.5764	2.688e-03	   0.065	    17.643
  24	12	 4.6962	 1.0111	   1.5090	        1.5094	          0.0004	   1.5420	1.607e-03	   0.075	    18.484
  25	13	 4.6911	 1.0049	   1.5090	        1.5094	          0.0004	   1.5384	4.560e-03	   0.067	    19.367
  26	13	 4.6866	 1.0057	   1.5090	        1.5094	          0.0004	   1.5576	4.177e-03	   0.076	    20.236
  27	14	 4.6843	 1.0094	   1.5090	        1.5094	          0.0004	   1.5649	2.430e-03	   0.073	    21.095
  28	14	 4.6922	 1.0042	   1.5090	        1.5094	          0.0004	   1.5484	4.891e-03	   0.070	    21.953
  29	15	 4.6931	 1.0093	   1.5090	        1.5094	          0.0004	   1.5754	2.476e-03	   0.080	    22.798
  30	15	 4.6945	 1.0048	   1.5090	        1.5094	          0.0004	   1.5442	4.617e-03	   0.060	    23.598
  31	16	 4.6973	 1.0104	   1.5090	        1.5094	          0.0004	   1.5786	1.937e-03	   0.075	    24.417
  32	16	 4.6931	 1.0087	   1.5090	        1.5094	          0.0004	   1.5515	2.721e-03	   0.070	    25.224
  33	17	 4.7014	 1.0031	   1.5090	        1.5094	          0.0004	   1.5440	5.433e-03	   0.068	    26.036
  34	17	 4.6940	 1.0039	   1.5090	        1.5094	          0.0004	   1.5536	5.053e-03	   0.074	    26.860
  35	18	 4.6952	 0.9985	   1.5091	        1.5094	          0.0003	   1.5360	7.691e-03	   0.066	    27.670
  36	18	 4.6925	 1.0086	   1.5090	        1.5094	          0.0004	   1.5921	2.801e-03	   0.073	    28.491
  37	19	 4.6936	 1.0043	   1.5090	        1.5094	          0.0004	   1.5401	4.847e-03	   0.076	    29.323
  38	19	 4.6955	 1.0068	   1.5090	        1.5094	          0.0004	   1.5711	3.627e-03	   0.072	    30.155
  39	20	 4.6943	 1.0045	   1.5090	        1.5094	          0.0004	   1.5446	4.738e-03	   0.076	    30.973
  40	20	 4.6962	 1.0103	   1.5090	        1.5094	          0.0004	   1.5854	1.975e-03	   0.071	    31.835
  41	21	 4.6976	 1.0176	   1.5090	        1.5094	          0.0004	   1.5950	1.449e-03	   0.077	    32.653
  42	21	 4.6933	 1.0111	   1.5090	        1.5094	          0.0004	   1.5268	1.604e-03	   0.078	    33.464
  43	22	 4.6905	 1.0080	   1.5090	        1.5094	          0.0004	   1.5448	3.077e-03	   0.064	    34.273
  44	22	 4.6898	 1.0121	   1.5090	        1.5094	          0.0004	   1.5754	1.132e-03	   0.078	    35.093
  45	23	 4.6888	 1.0115	   1.5090	        1.5094	          0.0004	   1.5573	1.404e-03	   0.057	    35.893
  46	23	 4.6901	 1.0153	   1.5090	        1.5094	          0.0004	   1.5813	3.999e-04	   0.078	    36.723
  47	24	 4.6933	 1.0120	   1.5090	        1.5094	          0.0004	   1.5484	1.192e-03	   0.074	    37.578
  48	24	 4.6940	 1.0149	   1.5090	        1.5094	          0.0004	   1.5753	2.272e-04	   0.075	    38.484
  49	25	 4.7016	 1.0185	   1.5090	        1.5094	          0.0004	   1.5919	1.858e-03	   0.078	    39.384
  50	25	 4.6946	 1.0120	   1.5090	        1.5094	          0.0004	   1.5163	1.195e-03	   0.070	    40.256
  51	26	 4.6980	 1.0111	   1.5090	        1.5094	          0.0004	   1.5600	1.612e-03	   0.065	    41.106
  52	26	 4.6931	 1.0142	   1.5090	        1.5094	          0.0004	   1.5723	2.007e-04	   0.085	    41.999
  53	27	 4.6968	 1.0173	   1.5090	        1.5094	          0.0004	   1.5858	1.303e-03	   0.062	    42.837
  54	27	 4.6920	 1.0149	   1.5090	        1.5094	          0.0004	   1.5405	2.087e-04	   0.075	    43.657
  55	28	 4.6931	 1.0171	   1.5090	        1.5094	          0.0004	   1.5741	1.204e-03	   0.071	    44.468
  56	28	 4.6930	 1.0127	   1.5090	        1.5094	          0.0004	   1.5376	8.678e-04	   0.063	    45.279
  57	29	 4.6897	 1.0153	   1.5090	        1.5094	          0.0004	   1.5765	3.776e-04	   0.074	    46.095
  58	29	 4.6951	 1.0124	   1.5090	        1.5094	          0.0004	   1.5460	1.008e-03	   0.068	    46.957
  59	30	 4.6978	 1.0160	   1.5090	        1.5094	          0.0004	   1.5887	6.840e-04	   0.076	    47.800
  60	30	 4.6944	 1.0132	   1.5090	        1.5094	          0.0004	   1.5386	6.319e-04	   0.072	    48.608
  61	31	 4.6943	 1.0137	   1.5090	        1.5094	          0.0004	   1.5659	4.127e-04	   0.070	    49.429
  62	31	 4.6960	 1.0121	   1.5090	        1.5094	          0.0004	   1.5515	1.159e-03	   0.071	    50.281
  63	32	 4.6967	 1.0123	   1.5090	        1.5094	          0.0004	   1.5646	1.021e-03	   0.069	    51.101
  64	32	 4.6954	 1.0131	   1.5090	        1.5094	          0.0004	   1.5618	6.885e-04	   0.074	    51.932
  65	33	 4.6974	 1.0150	   1.5090	        1.5094	          0.0004	   1.5764	2.445e-04	   0.078	    52.773
  66	33	 4.6953	 1.0135	   1.5090	        1.5094	          0.0004	   1.5492	5.133e-04	   0.063	    53.581
  67	34	 4.6938	 1.0133	   1.5090	        1.5094	          0.0004	   1.5588	5.697e-04	   0.066	    54.395
  68	34	 4.6960	 1.0129	   1.5090	        1.5094	          0.0004	   1.5614	7.425e-04	   0.073	    55.218
  69	35	 4.6981	 1.0142	   1.5090	        1.5094	          0.0004	   1.5731	2.009e-04	   0.064	    56.031
  70	35	 4.6955	 1.0122	   1.5090	        1.5094	          0.0004	   1.5435	1.100e-03	   0.067	    56.845
  71	36	 4.6960	 1.0160	   1.5090	        1.5094	          0.0004	   1.5926	6.906e-04	   0.061	    57.652
  72	36	 4.6939	 1.0129	   1.5090	        1.5094	          0.0004	   1.5329	7.853e-04	   0.077	    58.470
  73	37	 4.6943	 1.0151	   1.5090	        1.5094	          0.0004	   1.5806	3.088e-04	   0.078	    59.327
  74	37	 4.6950	 1.0128	   1.5090	        1.5094	          0.0004	   1.5430	8.237e-04	   0.067	    60.218
  75	38	 4.6967	 1.0109	   1.5090	        1.5094	          0.0004	   1.5474	1.685e-03	   0.076	    61.068
  76	38	 4.6939	 1.0135	   1.5090	        1.5094	          0.0004	   1.5779	4.834e-04	   0.078	    61.931
  77	39	 4.6913	 1.0098	   1.5090	        1.5094	          0.0004	   1.5252	2.220e-03	   0.083	    62.796
  78	39	 4.6939	 1.0143	   1.5090	        1.5094	          0.0004	   1.6019	1.661e-04	   0.066	    63.610
  79	40	 4.6937	 1.0126	   1.5090	        1.5094	          0.0004	   1.5458	9.241e-04	   0.065	    64.426
  80	40	 4.6958	 1.0135	   1.5090	        1.5094	          0.0004	   1.5737	4.797e-04	   0.078	    65.251
  81	41	 4.6970	 1.0110	   1.5090	        1.5094	          0.0004	   1.5400	1.644e-03	   0.069	    66.057
  82	41	 4.6957	 1.0135	   1.5090	        1.5094	          0.0004	   1.5818	4.846e-04	   0.071	    66.876
  83	42	 4.6958	 1.0152	   1.5090	        1.5094	          0.0004	   1.5786	3.434e-04	   0.072	    67.687
  84	42	 4.6944	 1.0142	   1.5090	        1.5094	          0.0004	   1.5492	1.862e-04	   0.065	    68.497
  85	43	 4.6945	 1.0139	   1.5090	        1.5094	          0.0004	   1.5595	3.128e-04	   0.074	    69.318
  86	43	 4.6940	 1.0147	   1.5090	        1.5094	          0.0004	   1.5679	1.693e-04	   0.069	    70.151
  87	44	 4.6911	 1.0155	   1.5090	        1.5094	          0.0004	   1.5617	4.935e-04	   0.066	    70.990
  88	44	 4.6938	 1.0133	   1.5090	        1.5094	          0.0004	   1.5471	5.800e-04	   0.076	    71.803
  89	45	 4.6957	 1.0145	   1.5090	        1.5094	          0.0004	   1.5775	1.309e-04	   0.066	    72.662
  90	45	 4.6944	 1.0137	   1.5090	        1.5094	          0.0004	   1.5494	4.252e-04	   0.067	    73.476
  91	46	 4.6930	 1.0154	   1.5090	        1.5094	          0.0004	   1.5744	4.230e-04	   0.060	    74.282
  92	46	 4.6939	 1.0132	   1.5090	        1.5094	          0.0004	   1.5433	6.232e-04	   0.078	    75.112
  93	47	 4.6935	 1.0119	   1.5090	        1.5094	          0.0004	   1.5461	1.212e-03	   0.071	    75.937
  94	47	 4.6943	 1.0142	   1.5090	        1.5094	          0.0004	   1.5868	2.067e-04	   0.072	    76.809
  95	48	 4.6931	 1.0139	   1.5090	        1.5094	          0.0004	   1.5542	2.989e-04	   0.080	    77.700
  96	48	 4.6943	 1.0143	   1.5090	        1.5094	          0.0004	   1.5704	1.583e-04	   0.069	    78.579
  97	49	 4.6946	 1.0152	   1.5090	        1.5094	          0.0004	   1.5727	3.574e-04	   0.079	    79.474
  98	49	 4.6942	 1.0118	   1.5090	        1.5094	          0.0004	   1.5230	1.263e-03	   0.067	    80.354
  99	50	 4.6947	 1.0127	   1.5090	        1.5094	          0.0004	   1.5721	8.633e-04	   0.070	    81.215
 100	50	 4.6947	 1.0109	   1.5090	        1.5094	          0.0004	   1.5401	1.717e-03	   0.085	    82.060
 101	51	 4.6927	 1.0098	   1.5090	        1.5094	          0.0004	   1.5460	2.202e-03	   0.067	    82.928
 102	51	 4.6920	 1.0119	   1.5090	        1.5094	          0.0004	   1.5783	1.253e-03	   0.067	    83.782
 103	52	 4.6921	 1.0102	   1.5090	        1.5094	          0.0004	   1.5410	2.028e-03	   0.071	    84.595
 104	52	 4.6929	 1.0119	   1.5090	        1.5094	          0.0004	   1.5798	1.247e-03	   0.073	    85.430
 105	53	 4.6908	 1.0129	   1.5090	        1.5094	          0.0004	   1.5686	7.483e-04	   0.083	    86.287
 106	53	 4.6936	 1.0125	   1.5090	        1.5094	          0.0004	   1.5624	9.437e-04	   0.066	    87.118
 107	54	 4.6942	 1.0156	   1.5090	        1.5094	          0.0004	   1.5998	5.003e-04	   0.068	    87.953
 108	54	 4.6953	 1.0121	   1.5090	        1.5094	          0.0004	   1.5221	1.125e-03	   0.074	    88.770
 109	55	 4.6925	 1.0096	   1.5090	        1.5094	          0.0004	   1.5241	2.312e-03	   0.069	    89.587
 110	55	 4.6949	 1.0122	   1.5090	        1.5094	          0.0004	   1.5966	1.105e-03	   0.081	    90.409
 111	56	 4.6923	 1.0133	   1.5090	        1.5094	          0.0004	   1.5669	5.847e-04	   0.054	    91.241
 112	56	 4.6936	 1.0127	   1.5090	        1.5094	          0.0004	   1.5577	8.801e-04	   0.083	    92.072
 113	57	 4.6931	 1.0117	   1.5090	        1.5094	          0.0004	   1.5464	1.340e-03	   0.075	    92.913
 114	57	 4.6935	 1.0122	   1.5090	        1.5094	          0.0004	   1.5684	1.113e-03	   0.065	    93.741
 115	58	 4.6953	 1.0123	   1.5090	        1.5094	          0.0004	   1.5675	1.055e-03	   0.079	    94.559
 116	58	 4.6930	 1.0127	   1.5090	        1.5094	          0.0004	   1.5596	8.522e-04	   0.061	    95.366
 117	59	 4.6945	 1.0131	   1.5090	        1.5094	          0.0004	   1.5687	6.737e-04	   0.079	    96.186
 118	59	 4.6927	 1.0126	   1.5090	        1.5094	          0.0004	   1.5489	9.088e-04	   0.065	    96.993
 119	60	 4.6935	 1.0124	   1.5090	        1.5094	          0.0004	   1.5600	1.008e-03	   0.066	    97.818
 120	60	 4.6926	 1.0126	   1.5090	        1.5094	          0.0004	   1.5602	9.078e-04	   0.073	    98.628
 121	61	 4.6933	 1.0159	   1.5090	        1.5094	          0.0004	   1.6068	6.465e-04	   0.071	    99.484
 122	61	 4.6936	 1.0118	   1.5090	        1.5094	          0.0004	   1.5055	1.257e-03	   0.077	   100.322
 123	62	 4.6926	 1.0103	   1.5090	        1.5094	          0.0004	   1.5364	1.996e-03	   0.074	   101.198
 124	62	 4.6934	 1.0122	   1.5090	        1.5094	          0.0004	   1.5886	1.071e-03	   0.068	   102.033
 125	63	 4.6938	 1.0106	   1.5090	        1.5094	          0.0004	   1.5389	1.819e-03	   0.075	   102.901
 126	63	 4.6933	 1.0118	   1.5090	        1.5094	          0.0004	   1.5745	1.267e-03	   0.071	   103.776
 127	64	 4.6954	 1.0113	   1.5090	        1.5094	          0.0004	   1.5616	1.507e-03	   0.070	   104.583
 128	64	 4.6939	 1.0109	   1.5090	        1.5094	          0.0004	   1.5477	1.710e-03	   0.070	   105.400
 129	65	 4.6949	 1.0100	   1.5090	        1.5094	          0.0004	   1.5501	2.134e-03	   0.070	   106.217
 130	65	 4.6947	 1.0115	   1.5090	        1.5094	          0.0004	   1.5813	1.413e-03	   0.068	   107.028
 131	66	 4.6941	 1.0122	   1.5090	        1.5094	          0.0004	   1.5661	1.094e-03	   0.061	   107.841
 132	66	 4.6933	 1.0118	   1.5090	        1.5094	          0.0004	   1.5549	1.276e-03	   0.080	   108.664
 133	67	 4.6939	 1.0121	   1.5090	        1.5094	          0.0004	   1.5683	1.138e-03	   0.072	   109.471
 134	67	 4.6931	 1.0121	   1.5090	        1.5094	          0.0004	   1.5579	1.138e-03	   0.072	   110.287
 135	68	 4.6932	 1.0093	   1.5090	        1.5094	          0.0004	   1.5195	2.456e-03	   0.079	   111.134
 136	68	 4.6930	 1.0121	   1.5090	        1.5094	          0.0004	   1.5995	1.144e-03	   0.068	   111.965
 137	69	 4.6926	 1.0126	   1.5090	        1.5094	          0.0004	   1.5689	8.876e-04	   0.073	   112.779
 138	69	 4.6929	 1.0123	   1.5090	        1.5094	          0.0004	   1.5551	1.049e-03	   0.076	   113.636
 139	70	 4.6945	 1.0115	   1.5090	        1.5094	          0.0004	   1.5533	1.421e-03	   0.071	   114.445
 140	70	 4.6932	 1.0126	   1.5090	        1.5094	          0.0004	   1.5729	9.012e-04	   0.068	   115.260
 141	71	 4.6933	 1.0106	   1.5090	        1.5094	          0.0004	   1.5273	1.857e-03	   0.076	   116.125
 142	71	 4.6936	 1.0124	   1.5090	        1.5094	          0.0004	   1.5913	9.848e-04	   0.073	   116.967
 143	72	 4.6929	 1.0117	   1.5090	        1.5094	          0.0004	   1.5459	1.314e-03	   0.066	   117.777
 144	72	 4.6933	 1.0123	   1.5090	        1.5094	          0.0004	   1.5719	1.043e-03	   0.073	   118.619
 145	73	 4.6939	 1.0124	   1.5090	        1.5094	          0.0004	   1.5644	9.832e-04	   0.079	   119.467
 146	73	 4.6934	 1.0126	   1.5090	        1.5094	          0.0004	   1.5627	9.092e-04	   0.073	   120.297
 147	74	 4.6931	 1.0131	   1.5090	        1.5094	          0.0004	   1.5676	6.728e-04	   0.072	   121.168
 148	74	 4.6934	 1.0115	   1.5090	        1.5094	          0.0004	   1.5367	1.399e-03	   0.076	   122.026
 149	75	 4.6951	 1.0109	   1.5090	        1.5094	          0.0004	   1.5565	1.703e-03	   0.076	   122.871
 150	75	 4.6931	 1.0121	   1.5090	        1.5094	          0.0004	   1.5718	1.154e-03	   0.073	   123.739
 151	76	 4.6925	 1.0126	   1.5090	        1.5094	          0.0004	   1.5692	9.138e-04	   0.058	   124.569
 152	76	 4.6933	 1.0122	   1.5090	        1.5094	          0.0004	   1.5570	1.076e-03	   0.080	   125.446
 153	77	 4.6945	 1.0117	   1.5090	        1.5094	          0.0004	   1.5543	1.329e-03	   0.070	   126.282
 154	77	 4.6940	 1.0120	   1.5090	        1.5094	          0.0004	   1.5647	1.200e-03	   0.061	   127.089
 155	78	 4.6937	 1.0128	   1.5090	        1.5094	          0.0004	   1.5764	8.092e-04	   0.080	   127.916
 156	78	 4.6943	 1.0122	   1.5090	        1.5094	          0.0004	   1.5499	1.113e-03	   0.062	   128.717
 157	79	 4.6930	 1.0128	   1.5090	        1.5094	          0.0004	   1.5656	8.349e-04	   0.072	   129.539
 158	79	 4.6936	 1.0129	   1.5090	        1.5094	          0.0004	   1.5660	7.718e-04	   0.067	   130.350
 159	80	 4.6941	 1.0113	   1.5090	        1.5094	          0.0004	   1.5363	1.495e-03	   0.073	   131.183
 160	80	 4.6938	 1.0126	   1.5090	        1.5094	          0.0004	   1.5804	9.047e-04	   0.075	   132.030
 161	81	 4.6928	 1.0113	   1.5090	        1.5094	          0.0004	   1.5324	1.523e-03	   0.069	   132.835
 162	81	 4.6932	 1.0128	   1.5090	        1.5094	          0.0004	   1.5902	8.010e-04	   0.079	   133.700
 163	82	 4.6925	 1.0117	   1.5090	        1.5094	          0.0004	   1.5374	1.322e-03	   0.067	   134.511
 164	82	 4.6936	 1.0125	   1.5090	        1.5094	          0.0004	   1.5787	9.726e-04	   0.071	   135.327
 165	83	 4.6927	 1.0134	   1.5090	        1.5094	          0.0004	   1.5739	5.374e-04	   0.079	   136.148
 166	83	 4.6935	 1.0131	   1.5090	        1.5094	          0.0004	   1.5595	6.577e-04	   0.069	   136.954
 167	84	 4.6959	 1.0115	   1.5090	        1.5094	          0.0004	   1.5381	1.413e-03	   0.073	   137.774
 168	84	 4.6947	 1.0131	   1.5090	        1.5094	          0.0004	   1.5855	6.614e-04	   0.079	   138.608
 169	85	 4.6935	 1.0138	   1.5090	        1.5094	          0.0004	   1.5686	3.651e-04	   0.064	   139.440
 170	85	 4.6949	 1.0137	   1.5090	        1.5094	          0.0004	   1.5641	4.232e-04	   0.079	   140.259
 171	86	 4.6945	 1.0138	   1.5090	        1.5094	          0.0004	   1.5604	3.736e-04	   0.070	   141.099
 172	86	 4.6951	 1.0138	   1.5090	        1.5094	          0.0004	   1.5652	3.694e-04	   0.075	   141.975
 173	87	 4.6943	 1.0123	   1.5090	        1.5094	          0.0004	   1.5307	1.050e-03	   0.072	   142.798
 174	87	 4.6955	 1.0127	   1.5090	        1.5094	          0.0004	   1.5717	8.611e-04	   0.066	   143.681
 175	88	 4.6943	 1.0152	   1.5090	        1.5094	          0.0004	   1.6068	3.318e-04	   0.079	   144.549
 176	88	 4.6952	 1.0130	   1.5090	        1.5094	          0.0004	   1.5195	7.305e-04	   0.065	   145.357
 177	89	 4.6944	 1.0144	   1.5090	        1.5094	          0.0004	   1.5864	1.379e-04	   0.073	   146.175
 178	89	 4.6948	 1.0137	   1.5090	        1.5094	          0.0004	   1.5504	3.811e-04	   0.067	   146.976
 179	90	 4.6963	 1.0148	   1.5090	        1.5094	          0.0004	   1.5869	1.784e-04	   0.069	   147.800
 180	90	 4.6949	 1.0140	   1.5090	        1.5094	          0.0004	   1.5418	2.730e-04	   0.072	   148.614
 181	91	 4.6940	 1.0131	   1.5090	        1.5094	          0.0004	   1.5374	6.648e-04	   0.066	   149.430
 182	91	 4.6944	 1.0145	   1.5090	        1.5094	          0.0004	   1.5925	1.341e-04	   0.073	   150.252
 183	92	 4.6939	 1.0129	   1.5090	        1.5094	          0.0004	   1.5289	7.440e-04	   0.064	   151.053
 184	92	 4.6947	 1.0152	   1.5090	        1.5094	          0.0004	   1.6086	3.257e-04	   0.075	   151.910
 185	93	 4.6946	 1.0167	   1.5090	        1.5094	          0.0004	   1.5949	1.038e-03	   0.074	   152.728
 186	93	 4.6940	 1.0156	   1.5090	        1.5094	          0.0004	   1.5361	5.168e-04	   0.065	   153.549
 187	94	 4.6942	 1.0177	   1.5090	        1.5094	          0.0004	   1.6102	1.490e-03	   0.084	   154.485
 188	94	 4.6932	 1.0161	   1.5090	        1.5094	          0.0004	   1.5205	7.361e-04	   0.083	   155.380
 189	95	 4.6938	 1.0156	   1.5090	        1.5094	          0.0004	   1.5563	5.321e-04	   0.073	   156.262
 190	95	 4.6938	 1.0152	   1.5090	        1.5094	          0.0004	   1.5515	3.413e-04	   0.073	   157.102
 191	96	 4.6941	 1.0151	   1.5090	        1.5094	          0.0004	   1.5616	3.036e-04	   0.064	   157.945
 192	96	 4.6944	 1.0151	   1.5090	        1.5094	          0.0004	   1.5618	2.872e-04	   0.086	   158.810
 193	97	 4.6946	 1.0145	   1.5090	        1.5094	          0.0004	   1.5487	1.322e-04	   0.071	   159.633
 194	97	 4.6948	 1.0148	   1.5090	        1.5094	          0.0004	   1.5706	1.949e-04	   0.067	   160.448
 195	98	 4.6939	 1.0158	   1.5090	        1.5094	          0.0004	   1.5788	5.868e-04	   0.079	   161.279
 196	98	 4.6944	 1.0151	   1.5090	        1.5094	          0.0004	   1.5485	2.939e-04	   0.073	   162.146
 197	99	 4.6930	 1.0148	   1.5090	        1.5094	          0.0004	   1.5501	2.021e-04	   0.078	   163.002
 198	99	 4.6944	 1.0148	   1.5090	        1.5094	          0.0004	   1.5667	1.841e-04	   0.070	   163.892
 199	100	 4.6940	 1.0141	   1.5090	        1.5094	          0.0004	   1.5472	2.326e-04	   0.084	   164.803
 200	100	 4.6945	 1.0145	   1.5090	        1.5094	          0.0004	   1.5701	1.327e-04	   0.073	   165.652
 201	101	 4.6936	 1.0155	   1.5090	        1.5094	          0.0004	   1.5790	4.760e-04	   0.066	   166.465
 202	101	 4.6946	 1.0140	   1.5090	        1.5094	          0.0004	   1.5341	2.784e-04	   0.073	   167.282
 203	102	 4.6938	 1.0152	   1.5090	        1.5094	          0.0004	   1.5811	3.377e-04	   0.063	   168.098
 204	102	 4.6943	 1.0142	   1.5090	        1.5094	          0.0004	   1.5450	1.874e-04	   0.073	   168.913
 205	103	 4.6942	 1.0145	   1.5090	        1.5094	          0.0004	   1.5660	1.355e-04	   0.077	   169.729
 206	103	 4.6942	 1.0138	   1.5090	        1.5094	          0.0004	   1.5457	3.687e-04	   0.064	   170.537
 207	104	 4.6943	 1.0138	   1.5090	        1.5094	          0.0004	   1.5625	3.458e-04	   0.070	   171.352
 208	104	 4.6944	 1.0136	   1.5090	        1.5094	          0.0004	   1.5576	4.453e-04	   0.076	   172.197
 209	105	 4.6933	 1.0146	   1.5090	        1.5094	          0.0004	   1.5800	1.341e-04	   0.064	   173.029
 210	105	 4.6937	 1.0139	   1.5090	        1.5094	          0.0004	   1.5475	3.025e-04	   0.069	   173.845
 211	106	 4.6935	 1.0163	   1.5090	        1.5094	          0.0004	   1.6168	8.510e-04	   0.065	   174.697
 212	106	 4.6933	 1.0142	   1.5090	        1.5094	          0.0004	   1.5094	2.115e-04	   0.071	   175.511
 213	107	 4.6926	 1.0141	   1.5090	        1.5094	          0.0004	   1.5549	2.531e-04	   0.074	   176.332
 214	107	 4.6934	 1.0142	   1.5090	        1.5094	          0.0004	   1.5683	1.908e-04	   0.060	   177.140
 215	108	 4.6935	 1.0134	   1.5090	        1.5094	          0.0004	   1.5425	5.487e-04	   0.080	   177.973
 216	108	 4.6929	 1.0139	   1.5090	        1.5094	          0.0004	   1.5704	3.143e-04	   0.069	   178.816
 217	109	 4.6922	 1.0151	   1.5090	        1.5094	          0.0004	   1.5864	2.895e-04	   0.074	   179.624
 218	109	 4.6922	 1.0143	   1.5090	        1.5094	          0.0004	   1.5446	1.564e-04	   0.066	   180.435
 219	110	 4.6912	 1.0141	   1.5090	        1.5094	          0.0004	   1.5512	2.371e-04	   0.063	   181.251
 220	110	 4.6926	 1.0138	   1.5090	        1.5094	          0.0004	   1.5586	3.791e-04	   0.086	   182.124
 221	111	 4.6925	 1.0146	   1.5090	        1.5094	          0.0004	   1.5807	1.406e-04	   0.072	   182.980
 222	111	 4.6929	 1.0133	   1.5090	        1.5094	          0.0004	   1.5320	5.894e-04	   0.081	   183.815
 223	112	 4.6929	 1.0120	   1.5090	        1.5094	          0.0004	   1.5287	1.178e-03	   0.071	   184.692
 224	112	 4.6929	 1.0132	   1.5090	        1.5094	          0.0004	   1.5921	6.190e-04	   0.069	   185.543
 225	113	 4.6922	 1.0134	   1.5090	        1.5094	          0.0004	   1.5624	5.249e-04	   0.075	   186.365
 226	113	 4.6933	 1.0137	   1.5090	        1.5094	          0.0004	   1.5750	3.850e-04	   0.069	   187.173
 227	114	 4.6926	 1.0133	   1.5090	        1.5094	          0.0004	   1.5484	5.829e-04	   0.066	   187.990
 228	114	 4.6939	 1.0132	   1.5090	        1.5094	          0.0004	   1.5644	6.160e-04	   0.078	   188.808
 229	115	 4.6937	 1.0133	   1.5090	        1.5094	          0.0004	   1.5614	5.988e-04	   0.067	   189.617
 230	115	 4.6933	 1.0135	   1.5090	        1.5094	          0.0004	   1.5645	4.967e-04	   0.067	   190.431
 231	116	 4.6933	 1.0135	   1.5090	        1.5094	          0.0004	   1.5624	4.806e-04	   0.063	   191.239
 232	116	 4.6930	 1.0137	   1.5090	        1.5094	          0.0004	   1.5636	4.067e-04	   0.074	   192.067
 233	117	 4.6935	 1.0136	   1.5090	        1.5094	          0.0004	   1.5620	4.276e-04	   0.081	   192.918
 234	117	 4.6934	 1.0134	   1.5090	        1.5094	          0.0004	   1.5551	5.414e-04	   0.069	   193.761
 235	118	 4.6933	 1.0126	   1.5090	        1.5094	          0.0004	   1.5403	9.174e-04	   0.082	   194.633
 236	118	 4.6937	 1.0134	   1.5090	        1.5094	          0.0004	   1.5826	5.550e-04	   0.063	   195.472
 237	119	 4.6932	 1.0132	   1.5090	        1.5094	          0.0004	   1.5564	6.186e-04	   0.074	   196.296
 238	119	 4.6937	 1.0132	   1.5090	        1.5094	          0.0004	   1.5634	6.064e-04	   0.067	   197.102
 239	120	 4.6927	 1.0141	   1.5090	        1.5094	          0.0004	   1.5767	2.391e-04	   0.076	   197.965
 240	120	 4.6935	 1.0134	   1.5090	        1.5094	          0.0004	   1.5477	5.380e-04	   0.077	   198.806
 241	121	 4.6935	 1.0141	   1.5090	        1.5094	          0.0004	   1.5830	2.316e-04	   0.062	   199.610
 242	121	 4.6936	 1.0137	   1.5090	        1.5094	          0.0004	   1.5490	3.957e-04	   0.075	   200.442
 243	122	 4.6936	 1.0138	   1.5090	        1.5094	          0.0004	   1.5659	3.614e-04	   0.061	   201.224
 244	122	 4.6939	 1.0140	   1.5090	        1.5094	          0.0004	   1.5626	2.848e-04	   0.070	   201.910
 245	123	 4.6945	 1.0133	   1.5090	        1.5094	          0.0004	   1.5464	6.025e-04	   0.078	   202.609
 246	123	 4.6938	 1.0143	   1.5090	        1.5094	          0.0004	   1.5837	1.818e-04	   0.062	   203.408
 247	124	 4.6940	 1.0142	   1.5090	        1.5094	          0.0004	   1.5643	2.015e-04	   0.060	   204.102
 248	124	 4.6940	 1.0138	   1.5090	        1.5094	          0.0004	   1.5466	3.628e-04	   0.063	   204.831
 249	125	 4.6940	 1.0144	   1.5090	        1.5094	          0.0004	   1.5779	1.462e-04	   0.054	   205.503
 250	125	 4.6942	 1.0138	   1.5090	        1.5094	          0.0004	   1.5477	3.460e-04	   0.036	   206.142
 251	126	 4.6947	 1.0148	   1.5090	        1.5094	          0.0004	   1.5920	2.000e-04	   0.058	   206.753
 252	126	 4.6950	 1.0135	   1.5090	        1.5094	          0.0004	   1.5257	4.920e-04	   0.057	   207.412
 253	127	 4.6945	 1.0143	   1.5090	        1.5094	          0.0004	   1.5843	1.647e-04	   0.060	   208.062
 254	127	 4.6955	 1.0136	   1.5090	        1.5094	          0.0004	   1.5433	4.356e-04	   0.050	   208.706
 255	128	 4.6956	 1.0136	   1.5090	        1.5094	          0.0004	   1.5593	4.508e-04	   0.053	   209.323
 256	128	 4.6956	 1.0137	   1.5090	        1.5094	          0.0004	   1.5666	3.893e-04	   0.059	   209.907
 257	129	 4.6949	 1.0132	   1.5090	        1.5094	          0.0004	   1.5410	6.421e-04	   0.055	   210.531
 258	129	 4.6956	 1.0141	   1.5090	        1.5094	          0.0004	   1.5930	2.199e-04	   0.056	   211.128
 259	130	 4.6955	 1.0133	   1.5090	        1.5094	          0.0004	   1.5389	5.816e-04	   0.055	   211.720
 260	130	 4.6949	 1.0140	   1.5090	        1.5094	          0.0004	   1.5756	2.726e-04	   0.056	   212.237
 261	131	 4.6960	 1.0158	   1.5090	        1.5094	          0.0004	   1.6206	6.184e-04	   0.049	   212.861
 262	131	 4.6948	 1.0136	   1.5090	        1.5094	          0.0004	   1.4895	4.624e-04	   0.046	   213.442
 263	132	 4.6946	 1.0134	   1.5090	        1.5094	          0.0004	   1.5567	5.213e-04	   0.047	   214.019
 264	132	 4.6950	 1.0136	   1.5090	        1.5094	          0.0004	   1.5667	4.689e-04	   0.043	   214.643
 265	133	 4.6949	 1.0135	   1.5090	        1.5094	          0.0004	   1.5599	4.755e-04	   0.050	   215.228
 266	133	 4.6952	 1.0135	   1.5090	        1.5094	          0.0004	   1.5639	4.712e-04	   0.049	   215.814
 267	134	 4.6950	 1.0122	   1.5090	        1.5094	          0.0004	   1.5189	1.102e-03	   0.052	   216.401
 268	134	 4.6954	 1.0135	   1.5090	        1.5094	          0.0004	   1.6031	4.926e-04	   0.047	   216.982
 269	135	 4.6944	 1.0121	   1.5090	        1.5094	          0.0004	   1.5120	1.126e-03	   0.055	   217.613
 270	135	 4.6955	 1.0130	   1.5090	        1.5094	          0.0004	   1.5948	7.271e-04	   0.049	   218.237
 271	136	 4.6959	 1.0130	   1.5090	        1.5094	          0.0004	   1.5623	7.289e-04	   0.050	   218.841
 272	136	 4.6957	 1.0132	   1.5090	        1.5094	          0.0004	   1.5675	6.121e-04	   0.051	   219.422
 273	137	 4.6958	 1.0133	   1.5090	        1.5094	          0.0004	   1.5612	5.997e-04	   0.057	   220.081
 274	137	 4.6958	 1.0130	   1.5090	        1.5094	          0.0004	   1.5541	7.286e-04	   0.058	   220.708
 275	138	 4.6964	 1.0144	   1.5090	        1.5094	          0.0004	   1.6100	1.422e-04	   0.044	   221.278
 276	138	 4.6962	 1.0129	   1.5090	        1.5094	          0.0004	   1.5108	7.880e-04	   0.048	   221.867
 277	139	 4.6965	 1.0136	   1.5090	        1.5094	          0.0004	   1.5852	4.395e-04	   0.050	   222.445
 278	139	 4.6956	 1.0133	   1.5090	        1.5094	          0.0004	   1.5489	5.677e-04	   0.052	   223.031
 279	140	 4.6956	 1.0135	   1.5090	        1.5094	          0.0004	   1.5658	5.028e-04	   0.053	   223.618
 280	140	 4.6954	 1.0131	   1.5090	        1.5094	          0.0004	   1.5490	6.582e-04	   0.047	   224.195
 281	141	 4.6958	 1.0133	   1.5090	        1.5094	          0.0004	   1.5690	5.691e-04	   0.064	   224.861
 282	141	 4.6950	 1.0132	   1.5090	        1.5094	          0.0004	   1.5535	6.229e-04	   0.055	   225.557
 283	142	 4.6948	 1.0129	   1.5090	        1.5094	          0.0004	   1.5494	7.762e-04	   0.055	   226.211
 284	142	 4.6952	 1.0131	   1.5090	        1.5094	          0.0004	   1.5705	6.568e-04	   0.052	   226.810
 285	143	 4.6947	 1.0145	   1.5090	        1.5094	          0.0004	   1.6006	1.339e-04	   0.055	   227.407
 286	143	 4.6953	 1.0126	   1.5090	        1.5094	          0.0004	   1.5050	9.187e-04	   0.058	   228.029
 287	144	 4.6954	 1.0122	   1.5090	        1.5094	          0.0004	   1.5503	1.083e-03	   0.055	   228.644
 288	144	 4.6954	 1.0121	   1.5090	        1.5094	          0.0004	   1.5569	1.139e-03	   0.048	   229.255
 289	145	 4.6960	 1.0123	   1.5090	        1.5094	          0.0004	   1.5712	1.061e-03	   0.052	   229.842
 290	145	 4.6951	 1.0122	   1.5090	        1.5094	          0.0004	   1.5525	1.084e-03	   0.047	   230.421
 291	146	 4.6947	 1.0116	   1.5090	        1.5094	          0.0004	   1.5342	1.385e-03	   0.055	   231.012
 292	146	 4.6953	 1.0124	   1.5090	        1.5094	          0.0004	   1.5942	1.001e-03	   0.052	   231.609
 293	147	 4.6960	 1.0114	   1.5090	        1.5094	          0.0004	   1.5312	1.480e-03	   0.050	   232.258
 294	147	 4.6957	 1.0125	   1.5090	        1.5094	          0.0004	   1.5948	9.482e-04	   0.066	   232.927
 295	148	 4.6964	 1.0127	   1.5090	        1.5094	          0.0004	   1.5740	8.511e-04	   0.042	   233.551
 296	148	 4.6957	 1.0122	   1.5090	        1.5094	          0.0004	   1.5377	1.079e-03	   0.053	   234.136
 297	149	 4.6959	 1.0124	   1.5090	        1.5094	          0.0004	   1.5676	1.006e-03	   0.052	   234.758
 298	149	 4.6955	 1.0124	   1.5090	        1.5094	          0.0004	   1.5608	9.767e-04	   0.059	   235.402
 299	150	 4.6954	 1.0122	   1.5090	        1.5094	          0.0004	   1.5459	1.107e-03	   0.051	   235.991
 300	150	 4.6955	 1.0130	   1.5090	        1.5094	          0.0004	   1.5930	7.126e-04	   0.044	   236.578
 301	151	 4.6952	 1.0126	   1.5090	        1.5094	          0.0004	   1.5424	9.062e-04	   0.053	   237.165
 302	151	 4.6952	 1.0131	   1.5090	        1.5094	          0.0004	   1.5789	6.929e-04	   0.041	   237.740
 303	152	 4.6953	 1.0129	   1.5090	        1.5094	          0.0004	   1.5590	7.485e-04	   0.052	   238.330
 304	152	 4.6949	 1.0130	   1.5090	        1.5094	          0.0004	   1.5596	7.170e-04	   0.047	   238.904
 305	153	 4.6950	 1.0131	   1.5090	        1.5094	          0.0004	   1.5591	6.966e-04	   0.043	   239.494
 306	153	 4.6951	 1.0129	   1.5090	        1.5094	          0.0004	   1.5606	7.498e-04	   0.057	   240.103
 307	154	 4.6954	 1.0131	   1.5090	        1.5094	          0.0004	   1.5696	6.705e-04	   0.051	   240.707
 308	154	 4.6954	 1.0127	   1.5090	        1.5094	          0.0004	   1.5454	8.612e-04	   0.052	   241.295
 309	155	 4.6958	 1.0131	   1.5090	        1.5094	          0.0004	   1.5766	6.934e-04	   0.047	   241.867
 310	155	 4.6959	 1.0123	   1.5090	        1.5094	          0.0004	   1.5344	1.045e-03	   0.049	   242.501
 311	156	 4.6959	 1.0131	   1.5090	        1.5094	          0.0004	   1.5887	6.675e-04	   0.063	   243.112
 312	156	 4.6956	 1.0123	   1.5090	        1.5094	          0.0004	   1.5321	1.030e-03	   0.050	   243.703
 313	157	 4.6947	 1.0133	   1.5090	        1.5094	          0.0004	   1.5853	6.012e-04	   0.055	   244.290
 314	157	 4.6953	 1.0126	   1.5090	        1.5094	          0.0004	   1.5429	9.209e-04	   0.054	   244.872
 315	158	 4.6959	 1.0134	   1.5090	        1.5094	          0.0004	   1.5978	5.155e-04	   0.051	   245.459
 316	158	 4.6955	 1.0127	   1.5090	        1.5094	          0.0004	   1.5291	8.756e-04	   0.054	   246.036
 317	159	 4.6958	 1.0134	   1.5090	        1.5094	          0.0004	   1.5923	5.149e-04	   0.047	   246.617
 318	159	 4.6953	 1.0127	   1.5090	        1.5094	          0.0004	   1.5306	8.456e-04	   0.060	   247.256
 319	160	 4.6947	 1.0126	   1.5090	        1.5094	          0.0004	   1.5527	8.964e-04	   0.052	   247.882
 320	160	 4.6953	 1.0130	   1.5090	        1.5094	          0.0004	   1.5771	7.264e-04	   0.049	   248.481
 321	161	 4.6949	 1.0141	   1.5090	        1.5094	          0.0004	   1.5993	2.309e-04	   0.058	   249.071
 322	161	 4.6956	 1.0128	   1.5090	        1.5094	          0.0004	   1.5177	8.038e-04	   0.041	   249.720
 323	162	 4.6955	 1.0122	   1.5090	        1.5094	          0.0004	   1.5364	1.086e-03	   0.052	   250.334
 324	162	 4.6957	 1.0131	   1.5090	        1.5094	          0.0004	   1.5940	6.922e-04	   0.045	   250.917
 325	163	 4.6955	 1.0120	   1.5090	        1.5094	          0.0004	   1.5217	1.178e-03	   0.048	   251.504
 326	163	 4.6957	 1.0128	   1.5090	        1.5094	          0.0004	   1.5913	7.980e-04	   0.051	   252.088
 327	164	 4.6955	 1.0128	   1.5090	        1.5094	          0.0004	   1.5593	8.050e-04	   0.050	   252.677
 328	164	 4.6958	 1.0127	   1.5090	        1.5094	          0.0004	   1.5606	8.385e-04	   0.054	   253.288
 329	165	 4.6960	 1.0125	   1.5090	        1.5094	          0.0004	   1.5516	9.380e-04	   0.044	   253.906
 330	165	 4.6958	 1.0129	   1.5090	        1.5094	          0.0004	   1.5772	7.547e-04	   0.054	   254.494
 331	166	 4.6958	 1.0129	   1.5090	        1.5094	          0.0004	   1.5607	7.713e-04	   0.050	   255.117
 332	166	 4.6959	 1.0129	   1.5090	        1.5094	          0.0004	   1.5615	7.544e-04	   0.053	   255.705
 333	167	 4.6960	 1.0139	   1.5090	        1.5094	          0.0004	   1.6007	3.070e-04	   0.050	   256.282
 334	167	 4.6960	 1.0130	   1.5090	        1.5094	          0.0004	   1.5251	7.283e-04	   0.066	   256.924
 335	168	 4.6957	 1.0124	   1.5090	        1.5094	          0.0004	   1.5405	9.808e-04	   0.047	   257.550
 336	168	 4.6961	 1.0123	   1.5090	        1.5094	          0.0004	   1.5551	1.037e-03	   0.051	   258.149
 337	169	 4.6963	 1.0118	   1.5090	        1.5094	          0.0004	   1.5473	1.256e-03	   0.055	   258.737
 338	169	 4.6957	 1.0124	   1.5090	        1.5094	          0.0004	   1.5739	1.010e-03	   0.051	   259.312
 339	170	 4.6956	 1.0120	   1.5090	        1.5094	          0.0004	   1.5445	1.193e-03	   0.060	   259.915
 340	170	 4.6958	 1.0124	   1.5090	        1.5094	          0.0004	   1.5810	9.835e-04	   0.051	   260.539
 341	171	 4.6956	 1.0115	   1.5090	        1.5094	          0.0004	   1.5230	1.421e-03	   0.054	   261.140
 342	171	 4.6956	 1.0125	   1.5090	        1.5094	          0.0004	   1.5986	9.665e-04	   0.052	   261.739
 343	172	 4.6958	 1.0138	   1.5090	        1.5094	          0.0004	   1.6147	3.760e-04	   0.056	   262.379
 344	172	 4.6957	 1.0129	   1.5090	        1.5094	          0.0004	   1.5260	7.505e-04	   0.054	   262.997
 345	173	 4.6952	 1.0129	   1.5090	        1.5094	          0.0004	   1.5543	7.828e-04	   0.050	   263.576
 346	173	 4.6952	 1.0132	   1.5090	        1.5094	          0.0004	   1.5729	6.265e-04	   0.059	   264.214
 347	174	 4.6951	 1.0131	   1.5090	        1.5094	          0.0004	   1.5583	6.688e-04	   0.063	   264.852
 348	174	 4.6953	 1.0131	   1.5090	        1.5094	          0.0004	   1.5619	6.614e-04	   0.047	   265.437
 349	175	 4.6958	 1.0130	   1.5090	        1.5094	          0.0004	   1.5620	7.008e-04	   0.047	   266.015
 350	175	 4.6955	 1.0130	   1.5090	        1.5094	          0.0004	   1.5565	7.135e-04	   0.046	   266.593
 351	176	 4.6949	 1.0132	   1.5090	        1.5094	          0.0004	   1.5666	6.068e-04	   0.043	   267.181
 352	176	 4.6953	 1.0130	   1.5090	        1.5094	          0.0004	   1.5526	7.266e-04	   0.049	   267.762
 353	177	 4.6950	 1.0131	   1.5090	        1.5094	          0.0004	   1.5647	6.622e-04	   0.046	   268.348
 354	177	 4.6953	 1.0131	   1.5090	        1.5094	          0.0004	   1.5640	6.624e-04	   0.053	   268.936
 355	178	 4.6948	 1.0130	   1.5090	        1.5094	          0.0004	   1.5518	7.024e-04	   0.046	   269.543
 356	178	 4.6955	 1.0128	   1.5090	        1.5094	          0.0004	   1.5570	8.296e-04	   0.047	   270.144
 357	179	 4.6958	 1.0125	   1.5090	        1.5094	          0.0004	   1.5515	9.278e-04	   0.047	   270.719
 358	179	 4.6953	 1.0129	   1.5090	        1.5094	          0.0004	   1.5738	7.604e-04	   0.049	   271.316
 359	180	 4.6956	 1.0121	   1.5090	        1.5094	          0.0004	   1.5317	1.146e-03	   0.047	   271.973
 360	180	 4.6950	 1.0133	   1.5090	        1.5094	          0.0004	   1.6028	5.894e-04	   0.042	   272.554
 361	181	 4.6947	 1.0139	   1.5090	        1.5094	          0.0004	   1.5840	3.169e-04	   0.052	   273.149
 362	181	 4.6950	 1.0133	   1.5090	        1.5094	          0.0004	   1.5368	6.021e-04	   0.039	   273.716
 363	182	 4.6950	 1.0125	   1.5090	        1.5094	          0.0004	   1.5294	9.437e-04	   0.042	   274.306
 364	182	 4.6951	 1.0134	   1.5090	        1.5094	          0.0004	   1.5987	5.255e-04	   0.046	   274.886
 365	183	 4.6944	 1.0136	   1.5090	        1.5094	          0.0004	   1.5637	4.442e-04	   0.044	   275.471
 366	183	 4.6950	 1.0136	   1.5090	        1.5094	          0.0004	   1.5658	4.434e-04	   0.053	   276.062
 367	184	 4.6955	 1.0136	   1.5090	        1.5094	          0.0004	   1.5644	4.533e-04	   0.051	   276.696
 368	184	 4.6953	 1.0133	   1.5090	        1.5094	          0.0004	   1.5468	5.939e-04	   0.053	   277.334
 369	185	 4.6958	 1.0137	   1.5090	        1.5094	          0.0004	   1.5838	4.041e-04	   0.046	   277.912
 370	185	 4.6952	 1.0136	   1.5090	        1.5094	          0.0004	   1.5507	4.631e-04	   0.057	   278.516
 371	186	 4.6953	 1.0139	   1.5090	        1.5094	          0.0004	   1.5734	3.303e-04	   0.053	   279.164
 372	186	 4.6955	 1.0135	   1.5090	        1.5094	          0.0004	   1.5510	4.696e-04	   0.047	   279.770
 373	187	 4.6959	 1.0144	   1.5090	        1.5094	          0.0004	   1.5996	1.391e-04	   0.059	   280.391
 374	187	 4.6956	 1.0135	   1.5090	        1.5094	          0.0004	   1.5213	4.848e-04	   0.061	   281.047
 375	188	 4.6964	 1.0129	   1.5090	        1.5094	          0.0004	   1.5389	7.693e-04	   0.047	   281.717
 376	188	 4.6960	 1.0133	   1.5090	        1.5094	          0.0004	   1.5795	5.599e-04	   0.058	   282.357
 377	189	 4.6964	 1.0132	   1.5090	        1.5094	          0.0004	   1.5561	6.309e-04	   0.044	   282.953
 378	189	 4.6962	 1.0134	   1.5090	        1.5094	          0.0004	   1.5714	5.199e-04	   0.051	   283.543
 379	190	 4.6963	 1.0137	   1.5090	        1.5094	          0.0004	   1.5731	3.935e-04	   0.051	   284.127
 380	190	 4.6962	 1.0135	   1.5090	        1.5094	          0.0004	   1.5536	4.717e-04	   0.038	   284.751
 381	191	 4.6962	 1.0134	   1.5090	        1.5094	          0.0004	   1.5527	5.343e-04	   0.056	   285.342
 382	191	 4.6966	 1.0135	   1.5090	        1.5094	          0.0004	   1.5717	4.737e-04	   0.039	   285.959
 383	192	 4.6969	 1.0140	   1.5090	        1.5094	          0.0004	   1.5842	2.698e-04	   0.056	   286.606
 384	192	 4.6966	 1.0135	   1.5090	        1.5094	          0.0004	   1.5370	4.916e-04	   0.044	   287.196
 385	193	 4.6969	 1.0132	   1.5090	        1.5094	          0.0004	   1.5529	6.141e-04	   0.047	   287.793
 386	193	 4.6968	 1.0135	   1.5090	        1.5094	          0.0004	   1.5723	4.752e-04	   0.055	   288.421
 387	194	 4.6964	 1.0128	   1.5090	        1.5094	          0.0004	   1.5271	7.901e-04	   0.045	   289.040
 388	194	 4.6968	 1.0136	   1.5090	        1.5094	          0.0004	   1.5977	4.350e-04	   0.048	   289.639
 389	195	 4.6970	 1.0136	   1.5090	        1.5094	          0.0004	   1.5641	4.331e-04	   0.042	   290.215
 390	195	 4.6969	 1.0137	   1.5090	        1.5094	          0.0004	   1.5614	4.107e-04	   0.050	   290.806
 391	196	 4.6968	 1.0140	   1.5090	        1.5094	          0.0004	   1.5753	2.631e-04	   0.057	   291.409
 392	196	 4.6965	 1.0134	   1.5090	        1.5094	          0.0004	   1.5334	5.162e-04	   0.047	   292.054
 393	197	 4.6967	 1.0132	   1.5090	        1.5094	          0.0004	   1.5531	6.198e-04	   0.050	   292.662
 394	197	 4.6966	 1.0132	   1.5090	        1.5094	          0.0004	   1.5595	6.257e-04	   0.051	   293.249
 395	198	 4.6960	 1.0127	   1.5090	        1.5094	          0.0004	   1.5300	8.654e-04	   0.050	   293.890
 396	198	 4.6967	 1.0128	   1.5090	        1.5094	          0.0004	   1.5754	8.019e-04	   0.052	   294.520
 397	199	 4.6968	 1.0131	   1.5090	        1.5094	          0.0004	   1.5739	6.673e-04	   0.047	   295.106
 398	199	 4.6969	 1.0128	   1.5090	        1.5094	          0.0004	   1.5497	8.063e-04	   0.050	   295.664
 399	200	 4.6967	 1.0126	   1.5090	        1.5094	          0.0004	   1.5518	8.942e-04	   0.052	   296.216
 400	200	 4.6970	 1.0128	   1.5090	        1.5094	          0.0004	   1.5730	7.937e-04	   0.045	   296.762

[BSGD] Finished on device cuda -> σ_f² ≈ 4.6970, σ_ε² ≈ 1.0128
