[GPU 4][JOB 141] 'python cli.py bsgd --n 1024 --lengthscale 0.5 --sigma-f2-true 4.0 --sigma-eps2-true 1.0 --n-epochs 200 --device auto --kernel-mode finite --theta-min 1e-4 --theta-max 20.0 --print-every 1 --seed 0 --batch-size 1024 --sigma-f2-init 5.0 --sigma-eps2-init 3.0 --alpha1 9.0 '

=== BSGD (biased SGD on exact kernel) ===
iter	epoch	σ_f²	σ_ε²	real_nlml	real_nlml_true	real_nlml_abs_err	mini_nlml	||grad||	duration_s	wall_time_s
   1	 1	 4.5194	 2.0491	   1.5987	        1.5052	          0.0935	   1.5987	1.175e-01	   0.291	     0.319
   2	 2	 4.3250	 1.5206	   1.5385	        1.5052	          0.0333	   1.5385	1.034e-01	   0.063	     0.803
   3	 3	 4.2160	 1.2103	   1.5116	        1.5052	          0.0065	   1.5116	6.155e-02	   0.076	     1.382
   4	 4	 4.1456	 1.0718	   1.5057	        1.5052	          0.0005	   1.5057	2.063e-02	   0.089	     2.190
   5	 5	 4.0957	 1.0347	   1.5051	        1.5052	          0.0000	   1.5051	5.512e-03	   0.095	     3.114
   6	 6	 4.0576	 1.0264	   1.5051	        1.5052	          0.0001	   1.5051	1.885e-03	   0.098	     4.112
   7	 7	 4.0272	 1.0241	   1.5051	        1.5052	          0.0001	   1.5051	8.795e-04	   0.103	     5.131
   8	 8	 4.0022	 1.0232	   1.5051	        1.5052	          0.0001	   1.5051	5.604e-04	   0.108	     6.132
   9	 9	 3.9812	 1.0229	   1.5051	        1.5052	          0.0001	   1.5051	4.497e-04	   0.111	     7.137
  10	10	 3.9632	 1.0227	   1.5051	        1.5052	          0.0001	   1.5051	4.032e-04	   0.113	     8.151
  11	11	 3.9476	 1.0226	   1.5050	        1.5052	          0.0001	   1.5050	3.775e-04	   0.118	     9.187
  12	12	 3.9339	 1.0226	   1.5050	        1.5052	          0.0001	   1.5050	3.596e-04	   0.114	    10.233
  13	13	 3.9217	 1.0225	   1.5050	        1.5052	          0.0001	   1.5050	3.453e-04	   0.123	    11.280
  14	14	 3.9108	 1.0225	   1.5050	        1.5052	          0.0002	   1.5050	3.331e-04	   0.114	    12.331
  15	15	 3.9010	 1.0225	   1.5050	        1.5052	          0.0002	   1.5050	3.222e-04	   0.115	    13.357
  16	16	 3.8921	 1.0225	   1.5050	        1.5052	          0.0002	   1.5050	3.124e-04	   0.114	    14.388
  17	17	 3.8839	 1.0225	   1.5050	        1.5052	          0.0002	   1.5050	3.034e-04	   0.110	    15.416
  18	18	 3.8765	 1.0225	   1.5050	        1.5052	          0.0002	   1.5050	2.951e-04	   0.113	    16.436
  19	19	 3.8696	 1.0225	   1.5050	        1.5052	          0.0002	   1.5050	2.874e-04	   0.102	    17.461
  20	20	 3.8632	 1.0225	   1.5050	        1.5052	          0.0002	   1.5050	2.802e-04	   0.115	    18.530
  21	21	 3.8573	 1.0225	   1.5050	        1.5052	          0.0002	   1.5050	2.735e-04	   0.110	    19.569
  22	22	 3.8518	 1.0225	   1.5050	        1.5052	          0.0002	   1.5050	2.673e-04	   0.110	    20.634
  23	23	 3.8466	 1.0225	   1.5050	        1.5052	          0.0002	   1.5050	2.614e-04	   0.113	    21.702
  24	24	 3.8418	 1.0225	   1.5050	        1.5052	          0.0002	   1.5050	2.559e-04	   0.106	    22.768
  25	25	 3.8373	 1.0225	   1.5050	        1.5052	          0.0002	   1.5050	2.506e-04	   0.114	    23.841
  26	26	 3.8330	 1.0225	   1.5050	        1.5052	          0.0002	   1.5050	2.457e-04	   0.111	    24.884
  27	27	 3.8290	 1.0225	   1.5050	        1.5052	          0.0002	   1.5050	2.410e-04	   0.123	    25.956
  28	28	 3.8252	 1.0225	   1.5050	        1.5052	          0.0002	   1.5050	2.365e-04	   0.117	    26.986
  29	29	 3.8215	 1.0225	   1.5050	        1.5052	          0.0002	   1.5050	2.323e-04	   0.116	    28.010
  30	30	 3.8181	 1.0225	   1.5050	        1.5052	          0.0002	   1.5050	2.282e-04	   0.122	    29.042
  31	31	 3.8149	 1.0225	   1.5050	        1.5052	          0.0002	   1.5050	2.244e-04	   0.112	    30.064
  32	32	 3.8117	 1.0225	   1.5050	        1.5052	          0.0002	   1.5050	2.207e-04	   0.120	    31.120
  33	33	 3.8088	 1.0225	   1.5050	        1.5052	          0.0002	   1.5050	2.172e-04	   0.104	    32.146
  34	34	 3.8060	 1.0225	   1.5050	        1.5052	          0.0002	   1.5050	2.138e-04	   0.105	    33.199
  35	35	 3.8032	 1.0225	   1.5050	        1.5052	          0.0002	   1.5050	2.105e-04	   0.103	    34.251
  36	36	 3.8007	 1.0225	   1.5050	        1.5052	          0.0002	   1.5050	2.074e-04	   0.107	    35.280
  37	37	 3.7982	 1.0225	   1.5050	        1.5052	          0.0002	   1.5050	2.044e-04	   0.111	    36.320
  38	38	 3.7958	 1.0225	   1.5050	        1.5052	          0.0002	   1.5050	2.016e-04	   0.115	    37.351
  39	39	 3.7935	 1.0225	   1.5050	        1.5052	          0.0002	   1.5050	1.988e-04	   0.124	    38.434
  40	40	 3.7913	 1.0225	   1.5050	        1.5052	          0.0002	   1.5050	1.961e-04	   0.113	    39.526
  41	41	 3.7892	 1.0225	   1.5050	        1.5052	          0.0002	   1.5050	1.935e-04	   0.119	    40.580
  42	42	 3.7871	 1.0225	   1.5050	        1.5052	          0.0002	   1.5050	1.911e-04	   0.116	    41.647
  43	43	 3.7852	 1.0225	   1.5050	        1.5052	          0.0002	   1.5050	1.887e-04	   0.121	    42.699
  44	44	 3.7833	 1.0225	   1.5050	        1.5052	          0.0002	   1.5050	1.863e-04	   0.108	    43.758
  45	45	 3.7814	 1.0225	   1.5050	        1.5052	          0.0002	   1.5050	1.841e-04	   0.119	    44.843
  46	46	 3.7797	 1.0225	   1.5050	        1.5052	          0.0002	   1.5050	1.819e-04	   0.114	    45.924
  47	47	 3.7779	 1.0225	   1.5050	        1.5052	          0.0002	   1.5050	1.798e-04	   0.110	    46.978
  48	48	 3.7763	 1.0225	   1.5050	        1.5052	          0.0002	   1.5050	1.778e-04	   0.109	    48.022
  49	49	 3.7747	 1.0225	   1.5050	        1.5052	          0.0002	   1.5050	1.758e-04	   0.105	    49.048
  50	50	 3.7731	 1.0225	   1.5050	        1.5052	          0.0002	   1.5050	1.739e-04	   0.118	    50.082
  51	51	 3.7716	 1.0225	   1.5050	        1.5052	          0.0002	   1.5050	1.720e-04	   0.107	    51.113
  52	52	 3.7701	 1.0225	   1.5050	        1.5052	          0.0002	   1.5050	1.702e-04	   0.106	    52.160
  53	53	 3.7687	 1.0225	   1.5050	        1.5052	          0.0002	   1.5050	1.684e-04	   0.105	    53.198
  54	54	 3.7673	 1.0225	   1.5050	        1.5052	          0.0002	   1.5050	1.667e-04	   0.107	    54.245
  55	55	 3.7660	 1.0225	   1.5050	        1.5052	          0.0002	   1.5050	1.650e-04	   0.131	    55.309
  56	56	 3.7647	 1.0225	   1.5050	        1.5052	          0.0002	   1.5050	1.634e-04	   0.116	    56.337
  57	57	 3.7634	 1.0225	   1.5050	        1.5052	          0.0002	   1.5050	1.618e-04	   0.119	    57.366
  58	58	 3.7622	 1.0225	   1.5050	        1.5052	          0.0002	   1.5050	1.603e-04	   0.112	    58.389
  59	59	 3.7610	 1.0225	   1.5050	        1.5052	          0.0002	   1.5050	1.588e-04	   0.127	    59.427
  60	60	 3.7598	 1.0225	   1.5050	        1.5052	          0.0002	   1.5050	1.573e-04	   0.116	    60.487
  61	61	 3.7587	 1.0225	   1.5050	        1.5052	          0.0002	   1.5050	1.558e-04	   0.112	    61.514
  62	62	 3.7576	 1.0225	   1.5050	        1.5052	          0.0002	   1.5050	1.544e-04	   0.111	    62.577
  63	63	 3.7565	 1.0225	   1.5050	        1.5052	          0.0002	   1.5050	1.531e-04	   0.100	    63.623
  64	64	 3.7554	 1.0225	   1.5050	        1.5052	          0.0002	   1.5050	1.517e-04	   0.109	    64.702
  65	65	 3.7544	 1.0225	   1.5050	        1.5052	          0.0002	   1.5050	1.504e-04	   0.108	    65.783
  66	66	 3.7534	 1.0225	   1.5050	        1.5052	          0.0002	   1.5050	1.492e-04	   0.118	    66.862
  67	67	 3.7524	 1.0225	   1.5050	        1.5052	          0.0002	   1.5050	1.479e-04	   0.109	    67.904
  68	68	 3.7514	 1.0225	   1.5050	        1.5052	          0.0002	   1.5050	1.467e-04	   0.113	    68.931
  69	69	 3.7505	 1.0225	   1.5050	        1.5052	          0.0002	   1.5050	1.455e-04	   0.115	    69.965
  70	70	 3.7495	 1.0225	   1.5050	        1.5052	          0.0002	   1.5050	1.444e-04	   0.115	    70.993
  71	71	 3.7486	 1.0225	   1.5050	        1.5052	          0.0002	   1.5050	1.432e-04	   0.115	    72.024
  72	72	 3.7478	 1.0225	   1.5050	        1.5052	          0.0002	   1.5050	1.421e-04	   0.113	    73.057
  73	73	 3.7469	 1.0225	   1.5050	        1.5052	          0.0002	   1.5050	1.410e-04	   0.112	    74.099
  74	74	 3.7461	 1.0225	   1.5050	        1.5052	          0.0002	   1.5050	1.399e-04	   0.121	    75.212
  75	75	 3.7452	 1.0225	   1.5050	        1.5052	          0.0002	   1.5050	1.389e-04	   0.124	    76.317
  76	76	 3.7444	 1.0225	   1.5050	        1.5052	          0.0002	   1.5050	1.378e-04	   0.107	    77.368
  77	77	 3.7436	 1.0225	   1.5050	        1.5052	          0.0002	   1.5050	1.368e-04	   0.111	    78.413
  78	78	 3.7429	 1.0225	   1.5050	        1.5052	          0.0002	   1.5050	1.358e-04	   0.126	    79.512
  79	79	 3.7421	 1.0225	   1.5050	        1.5052	          0.0002	   1.5050	1.349e-04	   0.121	    80.616
  80	80	 3.7413	 1.0225	   1.5050	        1.5052	          0.0002	   1.5050	1.339e-04	   0.112	    81.663
  81	81	 3.7406	 1.0225	   1.5050	        1.5052	          0.0002	   1.5050	1.330e-04	   0.101	    82.692
  82	82	 3.7399	 1.0225	   1.5050	        1.5052	          0.0002	   1.5050	1.321e-04	   0.110	    83.748
  83	83	 3.7392	 1.0225	   1.5050	        1.5052	          0.0002	   1.5050	1.312e-04	   0.106	    84.810
  84	84	 3.7385	 1.0225	   1.5050	        1.5052	          0.0002	   1.5050	1.303e-04	   0.126	    85.886
  85	85	 3.7378	 1.0225	   1.5050	        1.5052	          0.0002	   1.5050	1.294e-04	   0.133	    87.001
  86	86	 3.7372	 1.0225	   1.5050	        1.5052	          0.0002	   1.5050	1.285e-04	   0.118	    88.069
  87	87	 3.7365	 1.0225	   1.5050	        1.5052	          0.0002	   1.5050	1.277e-04	   0.123	    89.114
  88	88	 3.7359	 1.0225	   1.5050	        1.5052	          0.0002	   1.5050	1.269e-04	   0.111	    90.136
  89	89	 3.7352	 1.0225	   1.5050	        1.5052	          0.0002	   1.5050	1.261e-04	   0.120	    91.170
  90	90	 3.7346	 1.0225	   1.5050	        1.5052	          0.0002	   1.5050	1.253e-04	   0.107	    92.191
  91	91	 3.7340	 1.0225	   1.5050	        1.5052	          0.0002	   1.5050	1.245e-04	   0.106	    93.219
  92	92	 3.7334	 1.0225	   1.5050	        1.5052	          0.0002	   1.5050	1.237e-04	   0.110	    94.259
  93	93	 3.7328	 1.0225	   1.5050	        1.5052	          0.0002	   1.5050	1.229e-04	   0.102	    95.309
  94	94	 3.7322	 1.0225	   1.5050	        1.5052	          0.0002	   1.5050	1.222e-04	   0.117	    96.365
  95	95	 3.7317	 1.0225	   1.5050	        1.5052	          0.0002	   1.5050	1.215e-04	   0.113	    97.405
  96	96	 3.7311	 1.0225	   1.5050	        1.5052	          0.0002	   1.5050	1.207e-04	   0.114	    98.448
  97	97	 3.7305	 1.0225	   1.5050	        1.5052	          0.0002	   1.5050	1.200e-04	   0.111	    99.481
  98	98	 3.7300	 1.0225	   1.5050	        1.5052	          0.0002	   1.5050	1.193e-04	   0.118	   100.521
  99	99	 3.7295	 1.0225	   1.5050	        1.5052	          0.0002	   1.5050	1.186e-04	   0.122	   101.580
 100	100	 3.7289	 1.0225	   1.5050	        1.5052	          0.0002	   1.5050	1.180e-04	   0.115	   102.602
 101	101	 3.7284	 1.0225	   1.5050	        1.5052	          0.0002	   1.5050	1.173e-04	   0.117	   103.634
 102	102	 3.7279	 1.0225	   1.5050	        1.5052	          0.0002	   1.5050	1.166e-04	   0.115	   104.683
 103	103	 3.7274	 1.0225	   1.5050	        1.5052	          0.0002	   1.5050	1.160e-04	   0.114	   105.746
 104	104	 3.7269	 1.0225	   1.5050	        1.5052	          0.0002	   1.5050	1.153e-04	   0.113	   106.815
 105	105	 3.7264	 1.0225	   1.5050	        1.5052	          0.0002	   1.5050	1.147e-04	   0.123	   107.921
 106	106	 3.7259	 1.0225	   1.5050	        1.5052	          0.0002	   1.5050	1.141e-04	   0.103	   108.980
 107	107	 3.7255	 1.0225	   1.5050	        1.5052	          0.0002	   1.5050	1.135e-04	   0.111	   110.012
 108	108	 3.7250	 1.0225	   1.5050	        1.5052	          0.0002	   1.5050	1.129e-04	   0.110	   111.044
 109	109	 3.7246	 1.0225	   1.5050	        1.5052	          0.0002	   1.5050	1.123e-04	   0.110	   112.071
 110	110	 3.7241	 1.0225	   1.5050	        1.5052	          0.0002	   1.5050	1.117e-04	   0.110	   113.105
 111	111	 3.7237	 1.0225	   1.5050	        1.5052	          0.0002	   1.5050	1.111e-04	   0.096	   114.129
 112	112	 3.7232	 1.0225	   1.5050	        1.5052	          0.0002	   1.5050	1.105e-04	   0.113	   115.168
 113	113	 3.7228	 1.0225	   1.5050	        1.5052	          0.0002	   1.5050	1.100e-04	   0.114	   116.220
 114	114	 3.7224	 1.0225	   1.5050	        1.5052	          0.0002	   1.5050	1.094e-04	   0.132	   117.274
 115	115	 3.7219	 1.0225	   1.5050	        1.5052	          0.0002	   1.5050	1.089e-04	   0.127	   118.314
 116	116	 3.7215	 1.0225	   1.5050	        1.5052	          0.0002	   1.5050	1.083e-04	   0.117	   119.365
 117	117	 3.7211	 1.0225	   1.5050	        1.5052	          0.0002	   1.5050	1.078e-04	   0.127	   120.469
 118	118	 3.7207	 1.0225	   1.5050	        1.5052	          0.0002	   1.5050	1.073e-04	   0.107	   121.528
 119	119	 3.7203	 1.0225	   1.5050	        1.5052	          0.0002	   1.5050	1.067e-04	   0.114	   122.576
 120	120	 3.7199	 1.0225	   1.5050	        1.5052	          0.0002	   1.5050	1.062e-04	   0.105	   123.606
 121	121	 3.7195	 1.0225	   1.5050	        1.5052	          0.0002	   1.5050	1.057e-04	   0.104	   124.634
 122	122	 3.7191	 1.0225	   1.5050	        1.5052	          0.0002	   1.5050	1.052e-04	   0.115	   125.692
 123	123	 3.7188	 1.0225	   1.5050	        1.5052	          0.0002	   1.5050	1.047e-04	   0.110	   126.749
 124	124	 3.7184	 1.0225	   1.5050	        1.5052	          0.0002	   1.5050	1.042e-04	   0.128	   127.859
 125	125	 3.7180	 1.0225	   1.5050	        1.5052	          0.0002	   1.5050	1.037e-04	   0.122	   128.968
 126	126	 3.7176	 1.0225	   1.5050	        1.5052	          0.0002	   1.5050	1.033e-04	   0.112	   130.027
 127	127	 3.7173	 1.0225	   1.5050	        1.5052	          0.0002	   1.5050	1.028e-04	   0.108	   131.057
 128	128	 3.7169	 1.0225	   1.5050	        1.5052	          0.0002	   1.5050	1.023e-04	   0.118	   132.084
 129	129	 3.7166	 1.0225	   1.5050	        1.5052	          0.0002	   1.5050	1.019e-04	   0.118	   133.120
 130	130	 3.7162	 1.0225	   1.5050	        1.5052	          0.0002	   1.5050	1.014e-04	   0.118	   134.145
 131	131	 3.7159	 1.0225	   1.5050	        1.5052	          0.0002	   1.5050	1.010e-04	   0.107	   135.172
 132	132	 3.7156	 1.0225	   1.5050	        1.5052	          0.0002	   1.5050	1.005e-04	   0.110	   136.198
 133	133	 3.7152	 1.0226	   1.5050	        1.5052	          0.0002	   1.5050	1.001e-04	   0.115	   137.256
 134	134	 3.7149	 1.0226	   1.5050	        1.5052	          0.0002	   1.5050	9.964e-05	   0.113	   138.297
 135	135	 3.7146	 1.0226	   1.5050	        1.5052	          0.0002	   1.5050	9.921e-05	   0.113	   139.340
 136	136	 3.7142	 1.0226	   1.5050	        1.5052	          0.0002	   1.5050	9.878e-05	   0.104	   140.386
 137	137	 3.7139	 1.0226	   1.5050	        1.5052	          0.0002	   1.5050	9.836e-05	   0.119	   141.437
 138	138	 3.7136	 1.0226	   1.5050	        1.5052	          0.0002	   1.5050	9.795e-05	   0.117	   142.496
 139	139	 3.7133	 1.0226	   1.5050	        1.5052	          0.0002	   1.5050	9.754e-05	   0.104	   143.519
 140	140	 3.7130	 1.0226	   1.5050	        1.5052	          0.0002	   1.5050	9.713e-05	   0.105	   144.549
 141	141	 3.7127	 1.0226	   1.5050	        1.5052	          0.0002	   1.5050	9.673e-05	   0.104	   145.574
 142	142	 3.7124	 1.0226	   1.5050	        1.5052	          0.0002	   1.5050	9.633e-05	   0.129	   146.628
 143	143	 3.7121	 1.0226	   1.5050	        1.5052	          0.0002	   1.5050	9.594e-05	   0.127	   147.696
 144	144	 3.7118	 1.0226	   1.5050	        1.5052	          0.0002	   1.5050	9.555e-05	   0.131	   148.795
 145	145	 3.7115	 1.0226	   1.5050	        1.5052	          0.0002	   1.5050	9.517e-05	   0.122	   149.871
 146	146	 3.7112	 1.0226	   1.5050	        1.5052	          0.0002	   1.5050	9.478e-05	   0.113	   150.924
 147	147	 3.7109	 1.0226	   1.5050	        1.5052	          0.0002	   1.5050	9.441e-05	   0.120	   151.961
 148	148	 3.7106	 1.0226	   1.5050	        1.5052	          0.0002	   1.5050	9.404e-05	   0.106	   152.984
 149	149	 3.7104	 1.0226	   1.5050	        1.5052	          0.0002	   1.5050	9.367e-05	   0.112	   154.019
 150	150	 3.7101	 1.0226	   1.5050	        1.5052	          0.0002	   1.5050	9.330e-05	   0.107	   155.103
 151	151	 3.7098	 1.0226	   1.5050	        1.5052	          0.0002	   1.5050	9.294e-05	   0.116	   156.195
 152	152	 3.7095	 1.0226	   1.5050	        1.5052	          0.0002	   1.5050	9.258e-05	   0.109	   157.264
 153	153	 3.7093	 1.0226	   1.5050	        1.5052	          0.0002	   1.5050	9.223e-05	   0.112	   158.330
 154	154	 3.7090	 1.0226	   1.5050	        1.5052	          0.0002	   1.5050	9.188e-05	   0.126	   159.405
 155	155	 3.7087	 1.0226	   1.5050	        1.5052	          0.0002	   1.5050	9.153e-05	   0.115	   160.488
 156	156	 3.7085	 1.0226	   1.5050	        1.5052	          0.0002	   1.5050	9.119e-05	   0.120	   161.587
 157	157	 3.7082	 1.0226	   1.5050	        1.5052	          0.0002	   1.5050	9.085e-05	   0.113	   162.653
 158	158	 3.7080	 1.0226	   1.5050	        1.5052	          0.0002	   1.5050	9.051e-05	   0.116	   163.699
 159	159	 3.7077	 1.0226	   1.5050	        1.5052	          0.0002	   1.5050	9.018e-05	   0.112	   164.727
 160	160	 3.7075	 1.0226	   1.5050	        1.5052	          0.0002	   1.5050	8.985e-05	   0.113	   165.750
 161	161	 3.7072	 1.0226	   1.5050	        1.5052	          0.0002	   1.5050	8.952e-05	   0.116	   166.786
 162	162	 3.7070	 1.0226	   1.5050	        1.5052	          0.0002	   1.5050	8.919e-05	   0.114	   167.819
 163	163	 3.7067	 1.0226	   1.5050	        1.5052	          0.0002	   1.5050	8.887e-05	   0.115	   168.921
 164	164	 3.7065	 1.0226	   1.5050	        1.5052	          0.0002	   1.5050	8.856e-05	   0.110	   170.024
 165	165	 3.7062	 1.0226	   1.5050	        1.5052	          0.0002	   1.5050	8.824e-05	   0.118	   171.103
 166	166	 3.7060	 1.0226	   1.5050	        1.5052	          0.0002	   1.5050	8.793e-05	   0.112	   172.171
 167	167	 3.7058	 1.0226	   1.5050	        1.5052	          0.0002	   1.5050	8.762e-05	   0.113	   173.203
 168	168	 3.7055	 1.0226	   1.5050	        1.5052	          0.0002	   1.5050	8.731e-05	   0.106	   174.231
 169	169	 3.7053	 1.0226	   1.5050	        1.5052	          0.0002	   1.5050	8.701e-05	   0.106	   175.260
 170	170	 3.7051	 1.0226	   1.5050	        1.5052	          0.0002	   1.5050	8.671e-05	   0.115	   176.294
 171	171	 3.7049	 1.0226	   1.5050	        1.5052	          0.0002	   1.5050	8.641e-05	   0.118	   177.327
 172	172	 3.7046	 1.0226	   1.5050	        1.5052	          0.0002	   1.5050	8.611e-05	   0.120	   178.359
 173	173	 3.7044	 1.0226	   1.5050	        1.5052	          0.0002	   1.5050	8.582e-05	   0.112	   179.404
 174	174	 3.7042	 1.0226	   1.5050	        1.5052	          0.0002	   1.5050	8.553e-05	   0.126	   180.435
 175	175	 3.7040	 1.0226	   1.5050	        1.5052	          0.0002	   1.5050	8.524e-05	   0.116	   181.485
 176	176	 3.7038	 1.0226	   1.5050	        1.5052	          0.0002	   1.5050	8.496e-05	   0.119	   182.555
 177	177	 3.7036	 1.0226	   1.5050	        1.5052	          0.0002	   1.5050	8.468e-05	   0.110	   183.603
 178	178	 3.7034	 1.0226	   1.5050	        1.5052	          0.0002	   1.5050	8.440e-05	   0.102	   184.624
 179	179	 3.7031	 1.0226	   1.5050	        1.5052	          0.0002	   1.5050	8.412e-05	   0.111	   185.663
 180	180	 3.7029	 1.0226	   1.5050	        1.5052	          0.0002	   1.5050	8.384e-05	   0.100	   186.690
 181	181	 3.7027	 1.0226	   1.5050	        1.5052	          0.0002	   1.5050	8.357e-05	   0.108	   187.723
 182	182	 3.7025	 1.0226	   1.5050	        1.5052	          0.0002	   1.5050	8.330e-05	   0.113	   188.759
 183	183	 3.7023	 1.0226	   1.5050	        1.5052	          0.0002	   1.5050	8.303e-05	   0.120	   189.868
 184	184	 3.7021	 1.0226	   1.5050	        1.5052	          0.0002	   1.5050	8.277e-05	   0.125	   190.943
 185	185	 3.7019	 1.0226	   1.5050	        1.5052	          0.0002	   1.5050	8.250e-05	   0.112	   192.008
 186	186	 3.7017	 1.0226	   1.5050	        1.5052	          0.0002	   1.5050	8.224e-05	   0.123	   193.077
 187	187	 3.7015	 1.0226	   1.5050	        1.5052	          0.0002	   1.5050	8.198e-05	   0.113	   194.108
 188	188	 3.7013	 1.0226	   1.5050	        1.5052	          0.0002	   1.5050	8.172e-05	   0.117	   195.137
 189	189	 3.7011	 1.0226	   1.5050	        1.5052	          0.0002	   1.5050	8.147e-05	   0.114	   196.168
 190	190	 3.7010	 1.0226	   1.5050	        1.5052	          0.0002	   1.5050	8.122e-05	   0.116	   197.197
 191	191	 3.7008	 1.0226	   1.5050	        1.5052	          0.0002	   1.5050	8.096e-05	   0.111	   198.225
 192	192	 3.7006	 1.0226	   1.5050	        1.5052	          0.0002	   1.5050	8.072e-05	   0.109	   199.252
 193	193	 3.7004	 1.0226	   1.5050	        1.5052	          0.0002	   1.5050	8.047e-05	   0.118	   200.345
 194	194	 3.7002	 1.0226	   1.5050	        1.5052	          0.0002	   1.5050	8.022e-05	   0.111	   201.408
 195	195	 3.7000	 1.0226	   1.5050	        1.5052	          0.0002	   1.5050	7.998e-05	   0.117	   202.483
 196	196	 3.6999	 1.0226	   1.5050	        1.5052	          0.0002	   1.5050	7.974e-05	   0.125	   203.587
 197	197	 3.6997	 1.0226	   1.5050	        1.5052	          0.0002	   1.5050	7.950e-05	   0.110	   204.613
 198	198	 3.6995	 1.0226	   1.5050	        1.5052	          0.0002	   1.5050	7.926e-05	   0.100	   205.643
 199	199	 3.6993	 1.0226	   1.5050	        1.5052	          0.0002	   1.5050	7.903e-05	   0.114	   206.677
 200	200	 3.6991	 1.0226	   1.5050	        1.5052	          0.0002	   1.5050	7.879e-05	   0.122	   207.712

[BSGD] Finished on device cuda -> σ_f² ≈ 3.6991, σ_ε² ≈ 1.0226
