[GPU 1][JOB 146] 'python cli.py bsgd --n 1024 --lengthscale 0.5 --sigma-f2-true 4.0 --sigma-eps2-true 1.0 --n-epochs 200 --device auto --kernel-mode finite --theta-min 1e-4 --theta-max 20.0 --print-every 1 --seed 5 --batch-size 1024 --sigma-f2-init 5.0 --sigma-eps2-init 3.0 --alpha1 9.0 '

=== BSGD (biased SGD on exact kernel) ===
iter	epoch	σ_f²	σ_ε²	real_nlml	real_nlml_true	real_nlml_abs_err	mini_nlml	||grad||	duration_s	wall_time_s
   1	 1	 5.1363	 2.0199	   1.5855	        1.4829	          0.1027	   1.5855	1.245e-01	   0.450	     0.560
   2	 2	 5.1973	 1.4598	   1.5175	        1.4829	          0.0346	   1.5175	1.117e-01	   0.081	     1.342
   3	 3	 5.2376	 1.1248	   1.4868	        1.4829	          0.0039	   1.4868	6.064e-02	   0.088	     2.244
   4	 4	 5.2677	 0.9883	   1.4815	        1.4829	          0.0013	   1.4815	1.132e-02	   0.100	     3.197
   5	 5	 5.2907	 0.9679	   1.4814	        1.4829	          0.0015	   1.4814	1.359e-03	   0.115	     4.196
   6	 6	 5.3088	 0.9659	   1.4814	        1.4829	          0.0015	   1.4814	3.866e-04	   0.104	     5.132
   7	 7	 5.3234	 0.9655	   1.4814	        1.4829	          0.0015	   1.4814	2.450e-04	   0.098	     6.067
   8	 8	 5.3357	 0.9654	   1.4814	        1.4829	          0.0015	   1.4814	2.171e-04	   0.095	     7.018
   9	 9	 5.3461	 0.9654	   1.4814	        1.4829	          0.0015	   1.4814	2.062e-04	   0.106	     8.007
  10	10	 5.3552	 0.9654	   1.4814	        1.4829	          0.0015	   1.4814	1.990e-04	   0.118	     9.010
  11	11	 5.3632	 0.9653	   1.4814	        1.4829	          0.0015	   1.4814	1.931e-04	   0.112	    10.003
  12	12	 5.3703	 0.9653	   1.4814	        1.4829	          0.0015	   1.4814	1.881e-04	   0.102	    10.987
  13	13	 5.3767	 0.9653	   1.4814	        1.4829	          0.0015	   1.4814	1.836e-04	   0.108	    11.973
  14	14	 5.3826	 0.9653	   1.4814	        1.4829	          0.0015	   1.4814	1.796e-04	   0.104	    12.959
  15	15	 5.3879	 0.9653	   1.4814	        1.4829	          0.0015	   1.4814	1.760e-04	   0.113	    13.951
  16	16	 5.3927	 0.9653	   1.4814	        1.4829	          0.0015	   1.4814	1.726e-04	   0.097	    14.928
  17	17	 5.3972	 0.9653	   1.4814	        1.4829	          0.0015	   1.4814	1.696e-04	   0.102	    15.912
  18	18	 5.4014	 0.9653	   1.4814	        1.4829	          0.0015	   1.4814	1.667e-04	   0.105	    16.921
  19	19	 5.4053	 0.9653	   1.4814	        1.4829	          0.0015	   1.4814	1.641e-04	   0.098	    17.965
  20	20	 5.4089	 0.9653	   1.4814	        1.4829	          0.0015	   1.4814	1.616e-04	   0.116	    19.051
  21	21	 5.4123	 0.9653	   1.4814	        1.4829	          0.0015	   1.4814	1.593e-04	   0.101	    20.083
  22	22	 5.4156	 0.9653	   1.4814	        1.4829	          0.0015	   1.4814	1.572e-04	   0.101	    21.096
  23	23	 5.4186	 0.9653	   1.4814	        1.4829	          0.0015	   1.4814	1.552e-04	   0.103	    22.103
  24	24	 5.4214	 0.9653	   1.4814	        1.4829	          0.0015	   1.4814	1.532e-04	   0.106	    23.085
  25	25	 5.4242	 0.9653	   1.4814	        1.4829	          0.0015	   1.4814	1.514e-04	   0.120	    24.082
  26	26	 5.4267	 0.9653	   1.4814	        1.4829	          0.0015	   1.4814	1.497e-04	   0.105	    25.057
  27	27	 5.4292	 0.9653	   1.4814	        1.4829	          0.0015	   1.4814	1.481e-04	   0.112	    26.039
  28	28	 5.4315	 0.9653	   1.4814	        1.4829	          0.0015	   1.4814	1.465e-04	   0.102	    27.025
  29	29	 5.4338	 0.9653	   1.4814	        1.4829	          0.0015	   1.4814	1.450e-04	   0.105	    28.037
  30	30	 5.4359	 0.9653	   1.4814	        1.4829	          0.0015	   1.4814	1.436e-04	   0.123	    29.052
  31	31	 5.4380	 0.9653	   1.4814	        1.4829	          0.0015	   1.4814	1.422e-04	   0.090	    30.043
  32	32	 5.4399	 0.9653	   1.4814	        1.4829	          0.0015	   1.4814	1.409e-04	   0.094	    31.053
  33	33	 5.4418	 0.9653	   1.4814	        1.4829	          0.0015	   1.4814	1.397e-04	   0.097	    32.048
  34	34	 5.4437	 0.9653	   1.4814	        1.4829	          0.0015	   1.4814	1.385e-04	   0.102	    33.037
  35	35	 5.4454	 0.9653	   1.4814	        1.4829	          0.0015	   1.4814	1.373e-04	   0.115	    34.034
  36	36	 5.4471	 0.9653	   1.4814	        1.4829	          0.0015	   1.4814	1.362e-04	   0.105	    35.011
  37	37	 5.4487	 0.9653	   1.4814	        1.4829	          0.0015	   1.4814	1.352e-04	   0.103	    35.987
  38	38	 5.4503	 0.9653	   1.4814	        1.4829	          0.0015	   1.4814	1.341e-04	   0.122	    37.020
  39	39	 5.4518	 0.9653	   1.4814	        1.4829	          0.0015	   1.4814	1.331e-04	   0.113	    38.130
  40	40	 5.4533	 0.9653	   1.4814	        1.4829	          0.0015	   1.4814	1.322e-04	   0.124	    39.213
  41	41	 5.4547	 0.9653	   1.4814	        1.4829	          0.0015	   1.4814	1.312e-04	   0.098	    40.237
  42	42	 5.4561	 0.9653	   1.4814	        1.4829	          0.0015	   1.4814	1.303e-04	   0.109	    41.263
  43	43	 5.4575	 0.9653	   1.4814	        1.4829	          0.0015	   1.4814	1.294e-04	   0.106	    42.271
  44	44	 5.4588	 0.9653	   1.4814	        1.4829	          0.0015	   1.4814	1.286e-04	   0.099	    43.257
  45	45	 5.4600	 0.9653	   1.4814	        1.4829	          0.0015	   1.4814	1.278e-04	   0.114	    44.249
  46	46	 5.4613	 0.9653	   1.4814	        1.4829	          0.0015	   1.4814	1.270e-04	   0.104	    45.228
  47	47	 5.4625	 0.9653	   1.4814	        1.4829	          0.0015	   1.4814	1.262e-04	   0.104	    46.211
  48	48	 5.4636	 0.9653	   1.4814	        1.4829	          0.0015	   1.4814	1.254e-04	   0.093	    47.201
  49	49	 5.4648	 0.9653	   1.4814	        1.4829	          0.0015	   1.4814	1.247e-04	   0.095	    48.206
  50	50	 5.4659	 0.9653	   1.4814	        1.4829	          0.0015	   1.4814	1.240e-04	   0.123	    49.219
  51	51	 5.4669	 0.9653	   1.4814	        1.4829	          0.0015	   1.4814	1.233e-04	   0.101	    50.230
  52	52	 5.4680	 0.9653	   1.4814	        1.4829	          0.0015	   1.4814	1.226e-04	   0.115	    51.239
  53	53	 5.4690	 0.9653	   1.4814	        1.4829	          0.0015	   1.4814	1.219e-04	   0.108	    52.230
  54	54	 5.4700	 0.9653	   1.4814	        1.4829	          0.0015	   1.4814	1.213e-04	   0.104	    53.212
  55	55	 5.4710	 0.9653	   1.4814	        1.4829	          0.0015	   1.4814	1.207e-04	   0.119	    54.206
  56	56	 5.4720	 0.9653	   1.4814	        1.4829	          0.0015	   1.4814	1.200e-04	   0.108	    55.180
  57	57	 5.4729	 0.9653	   1.4814	        1.4829	          0.0015	   1.4814	1.194e-04	   0.108	    56.164
  58	58	 5.4738	 0.9653	   1.4814	        1.4829	          0.0015	   1.4814	1.188e-04	   0.109	    57.165
  59	59	 5.4747	 0.9653	   1.4814	        1.4829	          0.0015	   1.4814	1.183e-04	   0.104	    58.217
  60	60	 5.4756	 0.9653	   1.4814	        1.4829	          0.0015	   1.4814	1.177e-04	   0.110	    59.274
  61	61	 5.4764	 0.9653	   1.4814	        1.4829	          0.0015	   1.4814	1.172e-04	   0.095	    60.312
  62	62	 5.4773	 0.9653	   1.4814	        1.4829	          0.0015	   1.4814	1.166e-04	   0.106	    61.341
  63	63	 5.4781	 0.9653	   1.4814	        1.4829	          0.0015	   1.4814	1.161e-04	   0.099	    62.347
  64	64	 5.4789	 0.9653	   1.4814	        1.4829	          0.0015	   1.4814	1.156e-04	   0.100	    63.335
  65	65	 5.4797	 0.9653	   1.4814	        1.4829	          0.0015	   1.4814	1.151e-04	   0.112	    64.329
  66	66	 5.4804	 0.9653	   1.4814	        1.4829	          0.0015	   1.4814	1.146e-04	   0.107	    65.308
  67	67	 5.4812	 0.9653	   1.4814	        1.4829	          0.0015	   1.4814	1.141e-04	   0.108	    66.293
  68	68	 5.4819	 0.9653	   1.4814	        1.4829	          0.0015	   1.4814	1.136e-04	   0.105	    67.284
  69	69	 5.4827	 0.9653	   1.4814	        1.4829	          0.0015	   1.4814	1.131e-04	   0.107	    68.282
  70	70	 5.4834	 0.9653	   1.4814	        1.4829	          0.0015	   1.4814	1.127e-04	   0.117	    69.283
  71	71	 5.4841	 0.9653	   1.4814	        1.4829	          0.0015	   1.4814	1.122e-04	   0.102	    70.305
  72	72	 5.4848	 0.9653	   1.4814	        1.4829	          0.0015	   1.4814	1.118e-04	   0.110	    71.305
  73	73	 5.4855	 0.9653	   1.4814	        1.4829	          0.0015	   1.4814	1.114e-04	   0.099	    72.301
  74	74	 5.4861	 0.9653	   1.4814	        1.4829	          0.0015	   1.4814	1.109e-04	   0.096	    73.283
  75	75	 5.4868	 0.9653	   1.4814	        1.4829	          0.0015	   1.4814	1.105e-04	   0.119	    74.283
  76	76	 5.4874	 0.9653	   1.4814	        1.4829	          0.0015	   1.4814	1.101e-04	   0.102	    75.264
  77	77	 5.4881	 0.9653	   1.4814	        1.4829	          0.0015	   1.4814	1.097e-04	   0.103	    76.264
  78	78	 5.4887	 0.9653	   1.4814	        1.4829	          0.0015	   1.4814	1.093e-04	   0.095	    77.352
  79	79	 5.4893	 0.9653	   1.4814	        1.4829	          0.0015	   1.4814	1.089e-04	   0.109	    78.421
  80	80	 5.4899	 0.9653	   1.4814	        1.4829	          0.0015	   1.4814	1.085e-04	   0.124	    79.499
  81	81	 5.4905	 0.9653	   1.4814	        1.4829	          0.0015	   1.4814	1.081e-04	   0.113	    80.578
  82	82	 5.4911	 0.9653	   1.4814	        1.4829	          0.0015	   1.4814	1.078e-04	   0.123	    81.649
  83	83	 5.4917	 0.9653	   1.4814	        1.4829	          0.0015	   1.4814	1.074e-04	   0.106	    82.698
  84	84	 5.4922	 0.9653	   1.4814	        1.4829	          0.0015	   1.4814	1.070e-04	   0.108	    83.685
  85	85	 5.4928	 0.9653	   1.4814	        1.4829	          0.0015	   1.4814	1.067e-04	   0.118	    84.678
  86	86	 5.4933	 0.9653	   1.4814	        1.4829	          0.0015	   1.4814	1.063e-04	   0.109	    85.697
  87	87	 5.4939	 0.9653	   1.4814	        1.4829	          0.0015	   1.4814	1.060e-04	   0.112	    86.741
  88	88	 5.4944	 0.9653	   1.4814	        1.4829	          0.0015	   1.4814	1.057e-04	   0.094	    87.758
  89	89	 5.4949	 0.9653	   1.4814	        1.4829	          0.0015	   1.4814	1.053e-04	   0.103	    88.757
  90	90	 5.4955	 0.9653	   1.4814	        1.4829	          0.0015	   1.4814	1.050e-04	   0.104	    89.765
  91	91	 5.4960	 0.9653	   1.4814	        1.4829	          0.0015	   1.4814	1.047e-04	   0.097	    90.792
  92	92	 5.4965	 0.9653	   1.4814	        1.4829	          0.0015	   1.4814	1.043e-04	   0.110	    91.784
  93	93	 5.4970	 0.9653	   1.4814	        1.4829	          0.0015	   1.4814	1.040e-04	   0.099	    92.789
  94	94	 5.4975	 0.9653	   1.4814	        1.4829	          0.0015	   1.4814	1.037e-04	   0.102	    93.781
  95	95	 5.4979	 0.9653	   1.4814	        1.4829	          0.0015	   1.4814	1.034e-04	   0.114	    94.775
  96	96	 5.4984	 0.9653	   1.4814	        1.4829	          0.0015	   1.4814	1.031e-04	   0.108	    95.751
  97	97	 5.4989	 0.9653	   1.4814	        1.4829	          0.0015	   1.4814	1.028e-04	   0.119	    96.746
  98	98	 5.4994	 0.9653	   1.4814	        1.4829	          0.0015	   1.4814	1.025e-04	   0.106	    97.764
  99	99	 5.4998	 0.9653	   1.4814	        1.4829	          0.0015	   1.4814	1.022e-04	   0.103	    98.776
 100	100	 5.5003	 0.9653	   1.4814	        1.4829	          0.0015	   1.4814	1.019e-04	   0.118	    99.833
 101	101	 5.5007	 0.9653	   1.4814	        1.4829	          0.0015	   1.4814	1.017e-04	   0.108	   100.882
 102	102	 5.5012	 0.9653	   1.4814	        1.4829	          0.0015	   1.4814	1.014e-04	   0.106	   101.890
 103	103	 5.5016	 0.9653	   1.4814	        1.4829	          0.0015	   1.4814	1.011e-04	   0.101	   102.913
 104	104	 5.5020	 0.9653	   1.4814	        1.4829	          0.0015	   1.4814	1.008e-04	   0.102	   103.901
 105	105	 5.5025	 0.9653	   1.4814	        1.4829	          0.0015	   1.4814	1.006e-04	   0.117	   104.899
 106	106	 5.5029	 0.9653	   1.4814	        1.4829	          0.0015	   1.4814	1.003e-04	   0.095	   105.871
 107	107	 5.5033	 0.9653	   1.4814	        1.4829	          0.0015	   1.4814	1.000e-04	   0.100	   106.858
 108	108	 5.5037	 0.9653	   1.4814	        1.4829	          0.0015	   1.4814	9.977e-05	   0.098	   107.852
 109	109	 5.5041	 0.9653	   1.4814	        1.4829	          0.0015	   1.4814	9.952e-05	   0.106	   108.843
 110	110	 5.5045	 0.9653	   1.4814	        1.4829	          0.0015	   1.4814	9.926e-05	   0.114	   109.855
 111	111	 5.5049	 0.9653	   1.4814	        1.4829	          0.0015	   1.4814	9.901e-05	   0.105	   110.876
 112	112	 5.5053	 0.9653	   1.4814	        1.4829	          0.0015	   1.4814	9.876e-05	   0.117	   111.863
 113	113	 5.5057	 0.9653	   1.4814	        1.4829	          0.0015	   1.4814	9.852e-05	   0.107	   112.874
 114	114	 5.5061	 0.9653	   1.4814	        1.4829	          0.0015	   1.4814	9.828e-05	   0.103	   113.856
 115	115	 5.5064	 0.9653	   1.4814	        1.4829	          0.0015	   1.4814	9.804e-05	   0.115	   114.846
 116	116	 5.5068	 0.9653	   1.4814	        1.4829	          0.0015	   1.4814	9.780e-05	   0.114	   115.845
 117	117	 5.5072	 0.9653	   1.4814	        1.4829	          0.0015	   1.4814	9.757e-05	   0.109	   116.935
 118	118	 5.5076	 0.9653	   1.4814	        1.4829	          0.0015	   1.4814	9.734e-05	   0.095	   117.941
 119	119	 5.5079	 0.9653	   1.4814	        1.4829	          0.0015	   1.4814	9.711e-05	   0.097	   118.951
 120	120	 5.5083	 0.9653	   1.4814	        1.4829	          0.0015	   1.4814	9.689e-05	   0.118	   120.010
 121	121	 5.5086	 0.9653	   1.4814	        1.4829	          0.0015	   1.4814	9.666e-05	   0.115	   121.060
 122	122	 5.5090	 0.9653	   1.4814	        1.4829	          0.0015	   1.4814	9.644e-05	   0.112	   122.076
 123	123	 5.5093	 0.9653	   1.4814	        1.4829	          0.0015	   1.4814	9.622e-05	   0.103	   123.096
 124	124	 5.5097	 0.9653	   1.4814	        1.4829	          0.0015	   1.4814	9.601e-05	   0.101	   124.081
 125	125	 5.5100	 0.9653	   1.4814	        1.4829	          0.0015	   1.4814	9.579e-05	   0.120	   125.077
 126	126	 5.5103	 0.9653	   1.4814	        1.4829	          0.0015	   1.4814	9.558e-05	   0.108	   126.057
 127	127	 5.5107	 0.9653	   1.4814	        1.4829	          0.0015	   1.4814	9.537e-05	   0.103	   127.041
 128	128	 5.5110	 0.9653	   1.4814	        1.4829	          0.0015	   1.4814	9.516e-05	   0.101	   128.026
 129	129	 5.5113	 0.9653	   1.4814	        1.4829	          0.0015	   1.4814	9.496e-05	   0.100	   129.010
 130	130	 5.5117	 0.9653	   1.4814	        1.4829	          0.0015	   1.4814	9.475e-05	   0.114	   130.029
 131	131	 5.5120	 0.9653	   1.4814	        1.4829	          0.0015	   1.4814	9.455e-05	   0.101	   131.056
 132	132	 5.5123	 0.9653	   1.4814	        1.4829	          0.0015	   1.4814	9.435e-05	   0.100	   132.033
 133	133	 5.5126	 0.9653	   1.4814	        1.4829	          0.0015	   1.4814	9.416e-05	   0.103	   133.051
 134	134	 5.5129	 0.9653	   1.4814	        1.4829	          0.0015	   1.4814	9.396e-05	   0.099	   134.035
 135	135	 5.5132	 0.9653	   1.4814	        1.4829	          0.0015	   1.4814	9.377e-05	   0.110	   135.031
 136	136	 5.5135	 0.9653	   1.4814	        1.4829	          0.0015	   1.4814	9.358e-05	   0.098	   136.017
 137	137	 5.5138	 0.9653	   1.4814	        1.4829	          0.0015	   1.4814	9.339e-05	   0.100	   137.035
 138	138	 5.5141	 0.9653	   1.4814	        1.4829	          0.0015	   1.4814	9.320e-05	   0.098	   138.026
 139	139	 5.5144	 0.9653	   1.4814	        1.4829	          0.0015	   1.4814	9.301e-05	   0.108	   139.034
 140	140	 5.5147	 0.9653	   1.4814	        1.4829	          0.0015	   1.4814	9.283e-05	   0.134	   140.090
 141	141	 5.5150	 0.9653	   1.4814	        1.4829	          0.0015	   1.4814	9.264e-05	   0.122	   141.138
 142	142	 5.5153	 0.9653	   1.4814	        1.4829	          0.0015	   1.4814	9.246e-05	   0.120	   142.152
 143	143	 5.5156	 0.9653	   1.4814	        1.4829	          0.0015	   1.4814	9.228e-05	   0.109	   143.164
 144	144	 5.5159	 0.9653	   1.4814	        1.4829	          0.0015	   1.4814	9.210e-05	   0.104	   144.159
 145	145	 5.5162	 0.9653	   1.4814	        1.4829	          0.0015	   1.4814	9.193e-05	   0.118	   145.155
 146	146	 5.5164	 0.9653	   1.4814	        1.4829	          0.0015	   1.4814	9.175e-05	   0.093	   146.127
 147	147	 5.5167	 0.9653	   1.4814	        1.4829	          0.0015	   1.4814	9.158e-05	   0.096	   147.112
 148	148	 5.5170	 0.9653	   1.4814	        1.4829	          0.0015	   1.4814	9.141e-05	   0.095	   148.104
 149	149	 5.5173	 0.9653	   1.4814	        1.4829	          0.0015	   1.4814	9.124e-05	   0.102	   149.098
 150	150	 5.5175	 0.9653	   1.4814	        1.4829	          0.0015	   1.4814	9.107e-05	   0.115	   150.116
 151	151	 5.5178	 0.9653	   1.4814	        1.4829	          0.0015	   1.4814	9.090e-05	   0.105	   151.138
 152	152	 5.5181	 0.9653	   1.4814	        1.4829	          0.0015	   1.4814	9.074e-05	   0.096	   152.118
 153	153	 5.5183	 0.9653	   1.4814	        1.4829	          0.0015	   1.4814	9.057e-05	   0.102	   153.129
 154	154	 5.5186	 0.9653	   1.4814	        1.4829	          0.0015	   1.4814	9.041e-05	   0.111	   154.142
 155	155	 5.5189	 0.9653	   1.4814	        1.4829	          0.0015	   1.4814	9.025e-05	   0.127	   155.199
 156	156	 5.5191	 0.9653	   1.4814	        1.4829	          0.0015	   1.4814	9.009e-05	   0.104	   156.246
 157	157	 5.5194	 0.9653	   1.4814	        1.4829	          0.0015	   1.4814	8.993e-05	   0.110	   157.282
 158	158	 5.5196	 0.9653	   1.4814	        1.4829	          0.0015	   1.4814	8.977e-05	   0.115	   158.337
 159	159	 5.5199	 0.9653	   1.4814	        1.4829	          0.0015	   1.4814	8.962e-05	   0.105	   159.380
 160	160	 5.5201	 0.9653	   1.4814	        1.4829	          0.0015	   1.4814	8.946e-05	   0.128	   160.449
 161	161	 5.5204	 0.9653	   1.4814	        1.4829	          0.0015	   1.4814	8.931e-05	   0.103	   161.497
 162	162	 5.5206	 0.9653	   1.4814	        1.4829	          0.0015	   1.4814	8.915e-05	   0.118	   162.561
 163	163	 5.5208	 0.9653	   1.4814	        1.4829	          0.0015	   1.4814	8.900e-05	   0.107	   163.650
 164	164	 5.5211	 0.9653	   1.4814	        1.4829	          0.0015	   1.4814	8.885e-05	   0.099	   164.686
 165	165	 5.5213	 0.9653	   1.4814	        1.4829	          0.0015	   1.4814	8.870e-05	   0.108	   165.702
 166	166	 5.5216	 0.9653	   1.4814	        1.4829	          0.0015	   1.4814	8.856e-05	   0.098	   166.682
 167	167	 5.5218	 0.9653	   1.4814	        1.4829	          0.0015	   1.4814	8.841e-05	   0.108	   167.673
 168	168	 5.5220	 0.9653	   1.4814	        1.4829	          0.0015	   1.4814	8.826e-05	   0.104	   168.663
 169	169	 5.5223	 0.9653	   1.4814	        1.4829	          0.0015	   1.4814	8.812e-05	   0.103	   169.645
 170	170	 5.5225	 0.9653	   1.4814	        1.4829	          0.0015	   1.4814	8.798e-05	   0.121	   170.665
 171	171	 5.5227	 0.9653	   1.4814	        1.4829	          0.0015	   1.4814	8.783e-05	   0.109	   171.681
 172	172	 5.5229	 0.9653	   1.4814	        1.4829	          0.0015	   1.4814	8.769e-05	   0.110	   172.666
 173	173	 5.5232	 0.9653	   1.4814	        1.4829	          0.0015	   1.4814	8.755e-05	   0.104	   173.676
 174	174	 5.5234	 0.9653	   1.4814	        1.4829	          0.0015	   1.4814	8.741e-05	   0.103	   174.659
 175	175	 5.5236	 0.9653	   1.4814	        1.4829	          0.0015	   1.4814	8.728e-05	   0.110	   175.661
 176	176	 5.5238	 0.9653	   1.4814	        1.4829	          0.0015	   1.4814	8.714e-05	   0.095	   176.665
 177	177	 5.5241	 0.9653	   1.4814	        1.4829	          0.0015	   1.4814	8.700e-05	   0.098	   177.653
 178	178	 5.5243	 0.9653	   1.4814	        1.4829	          0.0015	   1.4814	8.687e-05	   0.096	   178.644
 179	179	 5.5245	 0.9653	   1.4814	        1.4829	          0.0015	   1.4814	8.673e-05	   0.107	   179.648
 180	180	 5.5247	 0.9653	   1.4814	        1.4829	          0.0015	   1.4814	8.660e-05	   0.124	   180.680
 181	181	 5.5249	 0.9653	   1.4814	        1.4829	          0.0015	   1.4814	8.647e-05	   0.104	   181.743
 182	182	 5.5251	 0.9653	   1.4814	        1.4829	          0.0015	   1.4814	8.634e-05	   0.105	   182.754
 183	183	 5.5253	 0.9653	   1.4814	        1.4829	          0.0015	   1.4814	8.621e-05	   0.107	   183.786
 184	184	 5.5255	 0.9653	   1.4814	        1.4829	          0.0015	   1.4814	8.608e-05	   0.104	   184.785
 185	185	 5.5257	 0.9653	   1.4814	        1.4829	          0.0015	   1.4814	8.595e-05	   0.115	   185.777
 186	186	 5.5260	 0.9653	   1.4814	        1.4829	          0.0015	   1.4814	8.582e-05	   0.097	   186.753
 187	187	 5.5262	 0.9653	   1.4814	        1.4829	          0.0015	   1.4814	8.570e-05	   0.109	   187.741
 188	188	 5.5264	 0.9653	   1.4814	        1.4829	          0.0015	   1.4814	8.557e-05	   0.102	   188.731
 189	189	 5.5266	 0.9653	   1.4814	        1.4829	          0.0015	   1.4814	8.545e-05	   0.095	   189.713
 190	190	 5.5268	 0.9653	   1.4814	        1.4829	          0.0015	   1.4814	8.532e-05	   0.113	   190.732
 191	191	 5.5270	 0.9653	   1.4814	        1.4829	          0.0015	   1.4814	8.520e-05	   0.104	   191.754
 192	192	 5.5272	 0.9653	   1.4814	        1.4829	          0.0015	   1.4814	8.508e-05	   0.102	   192.741
 193	193	 5.5273	 0.9653	   1.4814	        1.4829	          0.0015	   1.4814	8.496e-05	   0.106	   193.786
 194	194	 5.5275	 0.9653	   1.4814	        1.4829	          0.0015	   1.4814	8.484e-05	   0.101	   194.822
 195	195	 5.5277	 0.9653	   1.4814	        1.4829	          0.0015	   1.4814	8.472e-05	   0.109	   195.860
 196	196	 5.5279	 0.9653	   1.4814	        1.4829	          0.0015	   1.4814	8.460e-05	   0.102	   196.859
 197	197	 5.5281	 0.9653	   1.4814	        1.4829	          0.0015	   1.4814	8.448e-05	   0.107	   197.844
 198	198	 5.5283	 0.9653	   1.4814	        1.4829	          0.0015	   1.4814	8.436e-05	   0.103	   198.830
 199	199	 5.5285	 0.9653	   1.4814	        1.4829	          0.0015	   1.4814	8.424e-05	   0.117	   199.828
 200	200	 5.5287	 0.9653	   1.4814	        1.4829	          0.0015	   1.4814	8.413e-05	   0.119	   200.821

[BSGD] Finished on device cuda -> σ_f² ≈ 5.5287, σ_ε² ≈ 0.9653
