[GPU 3][JOB 164] 'python cli.py bsgd --n 1024 --lengthscale 0.5 --sigma-f2-true 4.0 --sigma-eps2-true 1.0 --n-epochs 200 --device auto --kernel-mode finite --theta-min 1e-4 --theta-max 20.0 --print-every 1 --seed 3 --batch-size 512 --sigma-f2-init 5.0 --sigma-eps2-init 3.0 --alpha1 6.0 '

=== BSGD (biased SGD on exact kernel) ===
iter	epoch	σ_f²	σ_ε²	real_nlml	real_nlml_true	real_nlml_abs_err	mini_nlml	||grad||	duration_s	wall_time_s
   1	 1	 4.6944	 2.4068	   1.6501	        1.5214	          0.1287	   1.7018	1.127e-01	   0.159	     0.248
   2	 1	 4.5655	 2.0793	   1.6126	        1.5214	          0.0913	   1.6565	1.147e-01	   0.055	     1.009
   3	 2	 4.4826	 1.8638	   1.5880	        1.5214	          0.0666	   1.6409	1.130e-01	   0.052	     1.677
   4	 2	 4.4401	 1.6997	   1.5697	        1.5214	          0.0484	   1.6162	1.087e-01	   0.065	     2.443
   5	 3	 4.4173	 1.5611	   1.5551	        1.5214	          0.0337	   1.5864	1.016e-01	   0.074	     3.249
   6	 3	 4.3779	 1.4773	   1.5468	        1.5214	          0.0255	   1.6151	9.506e-02	   0.062	     4.063
   7	 4	 4.3570	 1.4062	   1.5403	        1.5214	          0.0189	   1.6013	8.771e-02	   0.068	     4.888
   8	 4	 4.3429	 1.3376	   1.5346	        1.5214	          0.0132	   1.5763	7.860e-02	   0.067	     5.694
   9	 5	 4.3261	 1.3108	   1.5325	        1.5214	          0.0112	   1.6319	7.438e-02	   0.068	     6.510
  10	 5	 4.3130	 1.2450	   1.5280	        1.5214	          0.0066	   1.5224	6.216e-02	   0.082	     7.371
  11	 6	 4.3096	 1.2300	   1.5271	        1.5214	          0.0057	   1.6226	5.895e-02	   0.058	     8.200
  12	 6	 4.2974	 1.1851	   1.5247	        1.5214	          0.0033	   1.5283	4.820e-02	   0.089	     9.058
  13	 7	 4.2838	 1.1652	   1.5238	        1.5214	          0.0024	   1.5762	4.286e-02	   0.068	     9.909
  14	 7	 4.2817	 1.1478	   1.5231	        1.5214	          0.0017	   1.5752	3.785e-02	   0.073	    10.768
  15	 8	 4.2763	 1.1320	   1.5225	        1.5214	          0.0011	   1.5716	3.301e-02	   0.076	    11.611
  16	 8	 4.2683	 1.1247	   1.5223	        1.5214	          0.0009	   1.5850	3.069e-02	   0.067	    12.464
  17	 9	 4.2561	 1.1197	   1.5221	        1.5214	          0.0008	   1.5876	2.906e-02	   0.078	    13.308
  18	 9	 4.2570	 1.1059	   1.5218	        1.5214	          0.0004	   1.5590	2.438e-02	   0.070	    14.144
  19	10	 4.2481	 1.0978	   1.5216	        1.5214	          0.0002	   1.5699	2.156e-02	   0.071	    15.001
  20	10	 4.2507	 1.0929	   1.5215	        1.5214	          0.0001	   1.5774	1.976e-02	   0.074	    15.841
  21	11	 4.2542	 1.0880	   1.5214	        1.5214	          0.0000	   1.5777	1.797e-02	   0.084	    16.708
  22	11	 4.2450	 1.0806	   1.5212	        1.5214	          0.0001	   1.5571	1.520e-02	   0.086	    17.590
  23	12	 4.2422	 1.0797	   1.5212	        1.5214	          0.0001	   1.5855	1.486e-02	   0.083	    18.488
  24	12	 4.2375	 1.0732	   1.5211	        1.5214	          0.0002	   1.5563	1.234e-02	   0.071	    19.393
  25	13	 4.2349	 1.0664	   1.5211	        1.5214	          0.0003	   1.5535	9.651e-03	   0.080	    20.287
  26	13	 4.2307	 1.0687	   1.5211	        1.5214	          0.0003	   1.5910	1.056e-02	   0.080	    21.198
  27	14	 4.2243	 1.0632	   1.5210	        1.5214	          0.0003	   1.5552	8.360e-03	   0.072	    22.038
  28	14	 4.2249	 1.0674	   1.5211	        1.5214	          0.0003	   1.6007	1.002e-02	   0.073	    22.887
  29	15	 4.2234	 1.0606	   1.5210	        1.5214	          0.0003	   1.5452	7.285e-03	   0.084	    23.746
  30	15	 4.2220	 1.0605	   1.5210	        1.5214	          0.0004	   1.5804	7.220e-03	   0.069	    24.576
  31	16	 4.2200	 1.0585	   1.5210	        1.5214	          0.0004	   1.5694	6.405e-03	   0.068	    25.430
  32	16	 4.2166	 1.0593	   1.5210	        1.5214	          0.0004	   1.5796	6.727e-03	   0.077	    26.277
  33	17	 4.2104	 1.0574	   1.5210	        1.5214	          0.0004	   1.5646	5.932e-03	   0.064	    27.116
  34	17	 4.2114	 1.0569	   1.5210	        1.5214	          0.0004	   1.5755	5.750e-03	   0.085	    27.977
  35	18	 4.2107	 1.0574	   1.5210	        1.5214	          0.0004	   1.5806	5.968e-03	   0.070	    28.857
  36	18	 4.2099	 1.0551	   1.5210	        1.5214	          0.0004	   1.5642	4.995e-03	   0.069	    29.726
  37	19	 4.2095	 1.0601	   1.5210	        1.5214	          0.0004	   1.6112	7.087e-03	   0.076	    30.588
  38	19	 4.2057	 1.0527	   1.5210	        1.5214	          0.0004	   1.5257	3.996e-03	   0.063	    31.450
  39	20	 4.2055	 1.0461	   1.5210	        1.5214	          0.0004	   1.5284	1.149e-03	   0.078	    32.300
  40	20	 4.2041	 1.0532	   1.5210	        1.5214	          0.0004	   1.6247	4.204e-03	   0.064	    33.142
  41	21	 4.2006	 1.0506	   1.5210	        1.5214	          0.0004	   1.5524	3.098e-03	   0.078	    33.998
  42	21	 4.2014	 1.0523	   1.5210	        1.5214	          0.0004	   1.5908	3.809e-03	   0.079	    34.850
  43	22	 4.1974	 1.0539	   1.5210	        1.5214	          0.0004	   1.5832	4.493e-03	   0.060	    35.697
  44	22	 4.1993	 1.0515	   1.5210	        1.5214	          0.0004	   1.5621	3.462e-03	   0.075	    36.539
  45	23	 4.1961	 1.0534	   1.5210	        1.5214	          0.0004	   1.5865	4.261e-03	   0.067	    37.387
  46	23	 4.1988	 1.0493	   1.5210	        1.5214	          0.0004	   1.5484	2.538e-03	   0.080	    38.256
  47	24	 4.1966	 1.0531	   1.5210	        1.5214	          0.0004	   1.6003	4.145e-03	   0.084	    39.209
  48	24	 4.1956	 1.0501	   1.5210	        1.5214	          0.0004	   1.5529	2.872e-03	   0.070	    40.138
  49	25	 4.1941	 1.0517	   1.5210	        1.5214	          0.0004	   1.5911	3.550e-03	   0.097	    41.055
  50	25	 4.1942	 1.0488	   1.5210	        1.5214	          0.0004	   1.5465	2.310e-03	   0.088	    41.972
  51	26	 4.1960	 1.0486	   1.5210	        1.5214	          0.0004	   1.5789	2.246e-03	   0.069	    42.832
  52	26	 4.1955	 1.0462	   1.5210	        1.5214	          0.0004	   1.5502	1.218e-03	   0.081	    43.681
  53	27	 4.1936	 1.0451	   1.5209	        1.5214	          0.0004	   1.5576	7.340e-04	   0.076	    44.536
  54	27	 4.1932	 1.0461	   1.5209	        1.5214	          0.0004	   1.5857	1.151e-03	   0.079	    45.377
  55	28	 4.1915	 1.0453	   1.5209	        1.5214	          0.0004	   1.5655	8.037e-04	   0.083	    46.237
  56	28	 4.1918	 1.0457	   1.5209	        1.5214	          0.0004	   1.5761	1.008e-03	   0.066	    47.074
  57	29	 4.1898	 1.0517	   1.5210	        1.5214	          0.0004	   1.6284	3.536e-03	   0.073	    47.919
  58	29	 4.1885	 1.0469	   1.5209	        1.5214	          0.0004	   1.5264	1.491e-03	   0.079	    48.777
  59	30	 4.1862	 1.0480	   1.5210	        1.5214	          0.0004	   1.5797	1.968e-03	   0.065	    49.608
  60	30	 4.1881	 1.0466	   1.5209	        1.5214	          0.0004	   1.5660	1.365e-03	   0.070	    50.511
  61	31	 4.1877	 1.0474	   1.5210	        1.5214	          0.0004	   1.5837	1.698e-03	   0.078	    51.384
  62	31	 4.1873	 1.0460	   1.5209	        1.5214	          0.0004	   1.5584	1.109e-03	   0.077	    52.248
  63	32	 4.1869	 1.0458	   1.5209	        1.5214	          0.0004	   1.5711	1.045e-03	   0.072	    53.102
  64	32	 4.1857	 1.0455	   1.5209	        1.5214	          0.0004	   1.5669	8.825e-04	   0.061	    53.943
  65	33	 4.1860	 1.0448	   1.5209	        1.5214	          0.0004	   1.5683	6.257e-04	   0.070	    54.793
  66	33	 4.1840	 1.0458	   1.5209	        1.5214	          0.0004	   1.5799	1.015e-03	   0.075	    55.643
  67	34	 4.1856	 1.0467	   1.5209	        1.5214	          0.0004	   1.5872	1.398e-03	   0.066	    56.486
  68	34	 4.1829	 1.0461	   1.5209	        1.5214	          0.0004	   1.5611	1.152e-03	   0.076	    57.336
  69	35	 4.1799	 1.0492	   1.5210	        1.5214	          0.0004	   1.6068	2.472e-03	   0.068	    58.190
  70	35	 4.1815	 1.0466	   1.5209	        1.5214	          0.0004	   1.5450	1.375e-03	   0.082	    59.044
  71	36	 4.1824	 1.0450	   1.5209	        1.5214	          0.0004	   1.5557	6.960e-04	   0.072	    59.913
  72	36	 4.1808	 1.0465	   1.5209	        1.5214	          0.0004	   1.5899	1.340e-03	   0.073	    60.814
  73	37	 4.1831	 1.0487	   1.5210	        1.5214	          0.0004	   1.6062	2.252e-03	   0.082	    61.721
  74	37	 4.1803	 1.0452	   1.5209	        1.5214	          0.0004	   1.5250	7.857e-04	   0.075	    62.658
  75	38	 4.1788	 1.0437	   1.5209	        1.5214	          0.0004	   1.5519	2.291e-04	   0.078	    63.533
  76	38	 4.1780	 1.0450	   1.5209	        1.5214	          0.0004	   1.5872	6.762e-04	   0.069	    64.381
  77	39	 4.1787	 1.0417	   1.5209	        1.5214	          0.0004	   1.5292	8.271e-04	   0.072	    65.237
  78	39	 4.1768	 1.0454	   1.5209	        1.5214	          0.0004	   1.6190	8.366e-04	   0.072	    66.067
  79	40	 4.1766	 1.0424	   1.5209	        1.5214	          0.0004	   1.5292	5.347e-04	   0.084	    66.927
  80	40	 4.1757	 1.0449	   1.5209	        1.5214	          0.0004	   1.6075	6.392e-04	   0.069	    67.763
  81	41	 4.1743	 1.0491	   1.5210	        1.5214	          0.0004	   1.6293	2.451e-03	   0.082	    68.620
  82	41	 4.1756	 1.0452	   1.5209	        1.5214	          0.0004	   1.5219	7.865e-04	   0.085	    69.483
  83	42	 4.1745	 1.0458	   1.5209	        1.5214	          0.0004	   1.5796	1.007e-03	   0.070	    70.311
  84	42	 4.1743	 1.0456	   1.5209	        1.5214	          0.0004	   1.5704	9.304e-04	   0.085	    71.210
  85	43	 4.1739	 1.0437	   1.5209	        1.5214	          0.0004	   1.5437	2.159e-04	   0.071	    72.053
  86	43	 4.1737	 1.0459	   1.5209	        1.5214	          0.0004	   1.6046	1.076e-03	   0.074	    72.920
  87	44	 4.1719	 1.0431	   1.5209	        1.5214	          0.0004	   1.5267	2.545e-04	   0.081	    73.802
  88	44	 4.1733	 1.0457	   1.5209	        1.5214	          0.0004	   1.6150	9.815e-04	   0.064	    74.635
  89	45	 4.1737	 1.0471	   1.5209	        1.5214	          0.0004	   1.5965	1.588e-03	   0.080	    75.501
  90	45	 4.1729	 1.0458	   1.5209	        1.5214	          0.0004	   1.5517	1.024e-03	   0.078	    76.342
  91	46	 4.1736	 1.0463	   1.5209	        1.5214	          0.0004	   1.5825	1.235e-03	   0.064	    77.180
  92	46	 4.1722	 1.0449	   1.5209	        1.5214	          0.0004	   1.5493	6.365e-04	   0.082	    78.038
  93	47	 4.1715	 1.0430	   1.5209	        1.5214	          0.0004	   1.5425	2.816e-04	   0.071	    78.948
  94	47	 4.1711	 1.0436	   1.5209	        1.5214	          0.0004	   1.5806	2.039e-04	   0.083	    79.892
  95	48	 4.1701	 1.0426	   1.5209	        1.5214	          0.0004	   1.5535	4.412e-04	   0.082	    80.809
  96	48	 4.1694	 1.0441	   1.5209	        1.5214	          0.0004	   1.5949	3.352e-04	   0.067	    81.725
  97	49	 4.1676	 1.0439	   1.5209	        1.5214	          0.0004	   1.5674	2.709e-04	   0.083	    82.685
  98	49	 4.1682	 1.0438	   1.5209	        1.5214	          0.0004	   1.5700	2.387e-04	   0.073	    83.592
  99	50	 4.1684	 1.0414	   1.5209	        1.5214	          0.0004	   1.5311	9.411e-04	   0.077	    84.487
 100	50	 4.1671	 1.0446	   1.5209	        1.5214	          0.0004	   1.6238	5.254e-04	   0.072	    85.345
 101	51	 4.1665	 1.0440	   1.5209	        1.5214	          0.0004	   1.5578	2.771e-04	   0.073	    86.201
 102	51	 4.1664	 1.0440	   1.5209	        1.5214	          0.0004	   1.5754	2.853e-04	   0.085	    87.047
 103	52	 4.1657	 1.0435	   1.5209	        1.5214	          0.0004	   1.5600	1.897e-04	   0.063	    87.895
 104	52	 4.1656	 1.0447	   1.5209	        1.5214	          0.0004	   1.5953	5.471e-04	   0.071	    88.741
 105	53	 4.1652	 1.0469	   1.5209	        1.5214	          0.0004	   1.6117	1.483e-03	   0.073	    89.587
 106	53	 4.1647	 1.0451	   1.5209	        1.5214	          0.0004	   1.5405	7.310e-04	   0.070	    90.438
 107	54	 4.1630	 1.0465	   1.5209	        1.5214	          0.0004	   1.5969	1.326e-03	   0.083	    91.278
 108	54	 4.1630	 1.0451	   1.5209	        1.5214	          0.0004	   1.5453	7.312e-04	   0.076	    92.135
 109	55	 4.1619	 1.0453	   1.5209	        1.5214	          0.0004	   1.5713	8.195e-04	   0.076	    93.028
 110	55	 4.1619	 1.0452	   1.5209	        1.5214	          0.0004	   1.5713	7.477e-04	   0.082	    93.900
 111	56	 4.1638	 1.0446	   1.5209	        1.5214	          0.0004	   1.5691	5.131e-04	   0.077	    94.766
 112	56	 4.1617	 1.0452	   1.5209	        1.5214	          0.0004	   1.5787	7.735e-04	   0.078	    95.604
 113	57	 4.1608	 1.0456	   1.5209	        1.5214	          0.0004	   1.5789	9.226e-04	   0.077	    96.459
 114	57	 4.1607	 1.0448	   1.5209	        1.5214	          0.0004	   1.5550	5.856e-04	   0.080	    97.308
 115	58	 4.1604	 1.0438	   1.5209	        1.5214	          0.0004	   1.5496	2.188e-04	   0.072	    98.155
 116	58	 4.1603	 1.0448	   1.5209	        1.5214	          0.0004	   1.5940	5.956e-04	   0.078	    99.017
 117	59	 4.1588	 1.0445	   1.5209	        1.5214	          0.0004	   1.5620	4.704e-04	   0.067	    99.844
 118	59	 4.1591	 1.0449	   1.5209	        1.5214	          0.0004	   1.5828	6.415e-04	   0.071	   100.696
 119	60	 4.1589	 1.0438	   1.5209	        1.5214	          0.0004	   1.5508	2.267e-04	   0.076	   101.542
 120	60	 4.1590	 1.0444	   1.5209	        1.5214	          0.0004	   1.5826	4.112e-04	   0.070	   102.412
 121	61	 4.1597	 1.0452	   1.5209	        1.5214	          0.0004	   1.5919	7.634e-04	   0.087	   103.358
 122	61	 4.1581	 1.0440	   1.5209	        1.5214	          0.0004	   1.5439	2.900e-04	   0.074	   104.277
 123	62	 4.1564	 1.0455	   1.5209	        1.5214	          0.0004	   1.5973	8.874e-04	   0.072	   105.172
 124	62	 4.1565	 1.0441	   1.5209	        1.5214	          0.0004	   1.5441	3.080e-04	   0.075	   106.043
 125	63	 4.1563	 1.0444	   1.5209	        1.5214	          0.0004	   1.5780	4.124e-04	   0.062	   106.884
 126	63	 4.1561	 1.0441	   1.5209	        1.5214	          0.0004	   1.5676	3.168e-04	   0.080	   107.742
 127	64	 4.1564	 1.0459	   1.5209	        1.5214	          0.0004	   1.6167	1.064e-03	   0.065	   108.586
 128	64	 4.1555	 1.0439	   1.5209	        1.5214	          0.0004	   1.5223	2.508e-04	   0.078	   109.438
 129	65	 4.1555	 1.0443	   1.5209	        1.5214	          0.0004	   1.5836	4.048e-04	   0.076	   110.288
 130	65	 4.1555	 1.0440	   1.5209	        1.5214	          0.0004	   1.5640	2.718e-04	   0.069	   111.136
 131	66	 4.1557	 1.0450	   1.5209	        1.5214	          0.0004	   1.5977	6.705e-04	   0.073	   111.975
 132	66	 4.1550	 1.0442	   1.5209	        1.5214	          0.0004	   1.5501	3.586e-04	   0.071	   112.828
 133	67	 4.1557	 1.0445	   1.5209	        1.5214	          0.0004	   1.5816	4.536e-04	   0.081	   113.712
 134	67	 4.1544	 1.0443	   1.5209	        1.5214	          0.0004	   1.5617	3.709e-04	   0.083	   114.572
 135	68	 4.1544	 1.0438	   1.5209	        1.5214	          0.0004	   1.5653	2.267e-04	   0.071	   115.443
 136	68	 4.1544	 1.0431	   1.5209	        1.5214	          0.0004	   1.5523	2.514e-04	   0.073	   116.304
 137	69	 4.1536	 1.0435	   1.5209	        1.5214	          0.0004	   1.5763	1.773e-04	   0.079	   117.165
 138	69	 4.1537	 1.0435	   1.5209	        1.5214	          0.0004	   1.5759	1.766e-04	   0.070	   118.001
 139	70	 4.1532	 1.0437	   1.5209	        1.5214	          0.0004	   1.5779	2.003e-04	   0.085	   118.854
 140	70	 4.1533	 1.0439	   1.5209	        1.5214	          0.0004	   1.5737	2.443e-04	   0.083	   119.721
 141	71	 4.1533	 1.0426	   1.5209	        1.5214	          0.0004	   1.5399	4.536e-04	   0.082	   120.603
 142	71	 4.1522	 1.0437	   1.5209	        1.5214	          0.0004	   1.5970	1.950e-04	   0.089	   121.478
 143	72	 4.1517	 1.0438	   1.5209	        1.5214	          0.0004	   1.5716	2.044e-04	   0.063	   122.312
 144	72	 4.1514	 1.0438	   1.5209	        1.5214	          0.0004	   1.5725	2.166e-04	   0.074	   123.186
 145	73	 4.1521	 1.0452	   1.5209	        1.5214	          0.0004	   1.6075	7.425e-04	   0.083	   124.126
 146	73	 4.1509	 1.0441	   1.5209	        1.5214	          0.0004	   1.5422	2.955e-04	   0.071	   125.045
 147	74	 4.1507	 1.0448	   1.5209	        1.5214	          0.0004	   1.5915	5.986e-04	   0.082	   125.938
 148	74	 4.1500	 1.0444	   1.5209	        1.5214	          0.0004	   1.5592	4.151e-04	   0.071	   126.825
 149	75	 4.1495	 1.0441	   1.5209	        1.5214	          0.0004	   1.5624	3.180e-04	   0.070	   127.694
 150	75	 4.1495	 1.0441	   1.5209	        1.5214	          0.0004	   1.5730	2.941e-04	   0.082	   128.549
 151	76	 4.1489	 1.0431	   1.5209	        1.5214	          0.0004	   1.5454	2.485e-04	   0.060	   129.378
 152	76	 4.1487	 1.0443	   1.5209	        1.5214	          0.0004	   1.6032	3.951e-04	   0.075	   130.230
 153	77	 4.1486	 1.0447	   1.5209	        1.5214	          0.0004	   1.5825	5.527e-04	   0.072	   131.077
 154	77	 4.1482	 1.0448	   1.5209	        1.5214	          0.0004	   1.5724	5.665e-04	   0.071	   131.930
 155	78	 4.1481	 1.0453	   1.5209	        1.5214	          0.0004	   1.5875	7.916e-04	   0.076	   132.782
 156	78	 4.1478	 1.0448	   1.5209	        1.5214	          0.0004	   1.5566	5.664e-04	   0.062	   133.628
 157	79	 4.1462	 1.0441	   1.5209	        1.5214	          0.0004	   1.5507	3.008e-04	   0.081	   134.480
 158	79	 4.1474	 1.0444	   1.5209	        1.5214	          0.0004	   1.5859	4.378e-04	   0.066	   135.358
 159	80	 4.1473	 1.0450	   1.5209	        1.5214	          0.0004	   1.5872	6.778e-04	   0.071	   136.238
 160	80	 4.1469	 1.0447	   1.5209	        1.5214	          0.0004	   1.5638	5.538e-04	   0.082	   137.099
 161	81	 4.1469	 1.0447	   1.5209	        1.5214	          0.0004	   1.5712	5.613e-04	   0.076	   137.964
 162	81	 4.1462	 1.0447	   1.5209	        1.5214	          0.0004	   1.5689	5.275e-04	   0.084	   138.810
 163	82	 4.1457	 1.0433	   1.5209	        1.5214	          0.0004	   1.5316	1.855e-04	   0.072	   139.649
 164	82	 4.1458	 1.0447	   1.5209	        1.5214	          0.0004	   1.6132	5.348e-04	   0.064	   140.500
 165	83	 4.1454	 1.0450	   1.5209	        1.5214	          0.0004	   1.5804	6.737e-04	   0.076	   141.339
 166	83	 4.1461	 1.0444	   1.5209	        1.5214	          0.0004	   1.5592	4.287e-04	   0.078	   142.201
 167	84	 4.1460	 1.0440	   1.5209	        1.5214	          0.0004	   1.5641	2.689e-04	   0.075	   143.039
 168	84	 4.1454	 1.0449	   1.5209	        1.5214	          0.0004	   1.5924	6.377e-04	   0.083	   143.897
 169	85	 4.1456	 1.0460	   1.5209	        1.5214	          0.0004	   1.6050	1.111e-03	   0.086	   144.811
 170	85	 4.1448	 1.0453	   1.5209	        1.5214	          0.0004	   1.5495	8.054e-04	   0.079	   145.702
 171	86	 4.1450	 1.0450	   1.5209	        1.5214	          0.0004	   1.5633	6.580e-04	   0.077	   146.620
 172	86	 4.1446	 1.0453	   1.5209	        1.5214	          0.0004	   1.5827	8.029e-04	   0.079	   147.510
 173	87	 4.1437	 1.0463	   1.5209	        1.5214	          0.0004	   1.5996	1.215e-03	   0.079	   148.383
 174	87	 4.1439	 1.0452	   1.5209	        1.5214	          0.0004	   1.5393	7.400e-04	   0.089	   149.245
 175	88	 4.1439	 1.0442	   1.5209	        1.5214	          0.0004	   1.5447	3.556e-04	   0.066	   150.073
 176	88	 4.1435	 1.0448	   1.5209	        1.5214	          0.0004	   1.5898	5.962e-04	   0.066	   150.932
 177	89	 4.1438	 1.0455	   1.5209	        1.5214	          0.0004	   1.5969	8.982e-04	   0.074	   151.782
 178	89	 4.1433	 1.0447	   1.5209	        1.5214	          0.0004	   1.5441	5.488e-04	   0.061	   152.618
 179	90	 4.1428	 1.0450	   1.5209	        1.5214	          0.0004	   1.5770	6.506e-04	   0.081	   153.475
 180	90	 4.1427	 1.0451	   1.5209	        1.5214	          0.0004	   1.5774	7.080e-04	   0.063	   154.309
 181	91	 4.1430	 1.0437	   1.5209	        1.5214	          0.0004	   1.5317	1.855e-04	   0.068	   155.168
 182	91	 4.1424	 1.0451	   1.5209	        1.5214	          0.0004	   1.6135	7.186e-04	   0.087	   156.058
 183	92	 4.1427	 1.0452	   1.5209	        1.5214	          0.0004	   1.5765	7.424e-04	   0.061	   156.914
 184	92	 4.1418	 1.0452	   1.5209	        1.5214	          0.0004	   1.5693	7.699e-04	   0.075	   157.782
 185	93	 4.1421	 1.0454	   1.5209	        1.5214	          0.0004	   1.5791	8.146e-04	   0.065	   158.656
 186	93	 4.1413	 1.0453	   1.5209	        1.5214	          0.0004	   1.5680	7.931e-04	   0.085	   159.564
 187	94	 4.1414	 1.0441	   1.5209	        1.5214	          0.0004	   1.5352	3.123e-04	   0.083	   160.509
 188	94	 4.1410	 1.0452	   1.5209	        1.5214	          0.0004	   1.6064	7.522e-04	   0.066	   161.422
 189	95	 4.1405	 1.0449	   1.5209	        1.5214	          0.0004	   1.5611	6.385e-04	   0.087	   162.316
 190	95	 4.1406	 1.0449	   1.5209	        1.5214	          0.0004	   1.5747	6.381e-04	   0.071	   163.167
 191	96	 4.1404	 1.0451	   1.5209	        1.5214	          0.0004	   1.5750	6.871e-04	   0.080	   164.012
 192	96	 4.1402	 1.0449	   1.5209	        1.5214	          0.0004	   1.5675	6.171e-04	   0.077	   164.895
 193	97	 4.1404	 1.0456	   1.5209	        1.5214	          0.0004	   1.5937	9.139e-04	   0.069	   165.777
 194	97	 4.1398	 1.0448	   1.5209	        1.5214	          0.0004	   1.5462	5.740e-04	   0.090	   166.678
 195	98	 4.1404	 1.0441	   1.5209	        1.5214	          0.0004	   1.5502	2.962e-04	   0.089	   167.608
 196	98	 4.1395	 1.0450	   1.5209	        1.5214	          0.0004	   1.5987	6.468e-04	   0.071	   168.477
 197	99	 4.1390	 1.0449	   1.5209	        1.5214	          0.0004	   1.5713	6.300e-04	   0.081	   169.371
 198	99	 4.1391	 1.0448	   1.5209	        1.5214	          0.0004	   1.5671	5.744e-04	   0.072	   170.238
 199	100	 4.1390	 1.0449	   1.5209	        1.5214	          0.0004	   1.5753	6.277e-04	   0.075	   171.075
 200	100	 4.1389	 1.0441	   1.5209	        1.5214	          0.0004	   1.5451	2.938e-04	   0.079	   171.935
 201	101	 4.1391	 1.0448	   1.5209	        1.5214	          0.0004	   1.5984	5.646e-04	   0.074	   172.776
 202	101	 4.1385	 1.0442	   1.5209	        1.5214	          0.0004	   1.5479	3.285e-04	   0.082	   173.629
 203	102	 4.1384	 1.0439	   1.5209	        1.5214	          0.0004	   1.5607	2.190e-04	   0.074	   174.480
 204	102	 4.1384	 1.0439	   1.5209	        1.5214	          0.0004	   1.5758	2.429e-04	   0.059	   175.310
 205	103	 4.1388	 1.0429	   1.5209	        1.5214	          0.0004	   1.5361	3.095e-04	   0.071	   176.169
 206	103	 4.1380	 1.0437	   1.5209	        1.5214	          0.0004	   1.5983	1.849e-04	   0.076	   177.018
 207	104	 4.1389	 1.0429	   1.5209	        1.5214	          0.0004	   1.5470	3.044e-04	   0.068	   177.903
 208	104	 4.1380	 1.0435	   1.5209	        1.5214	          0.0004	   1.5869	1.623e-04	   0.081	   178.780
 209	105	 4.1380	 1.0435	   1.5209	        1.5214	          0.0004	   1.5754	1.595e-04	   0.071	   179.640
 210	105	 4.1377	 1.0434	   1.5209	        1.5214	          0.0004	   1.5664	1.684e-04	   0.074	   180.503
 211	106	 4.1372	 1.0441	   1.5209	        1.5214	          0.0004	   1.5968	3.013e-04	   0.069	   181.347
 212	106	 4.1374	 1.0436	   1.5209	        1.5214	          0.0004	   1.5542	1.611e-04	   0.070	   182.192
 213	107	 4.1369	 1.0426	   1.5209	        1.5214	          0.0004	   1.5352	4.358e-04	   0.076	   183.039
 214	107	 4.1375	 1.0431	   1.5209	        1.5214	          0.0004	   1.5922	2.332e-04	   0.069	   183.887
 215	108	 4.1374	 1.0427	   1.5209	        1.5214	          0.0004	   1.5558	3.994e-04	   0.079	   184.742
 216	108	 4.1371	 1.0434	   1.5209	        1.5214	          0.0004	   1.5936	1.726e-04	   0.069	   185.623
 217	109	 4.1367	 1.0435	   1.5209	        1.5214	          0.0004	   1.5778	1.581e-04	   0.070	   186.479
 218	109	 4.1372	 1.0433	   1.5209	        1.5214	          0.0004	   1.5657	1.886e-04	   0.081	   187.333
 219	110	 4.1374	 1.0438	   1.5209	        1.5214	          0.0004	   1.5942	2.061e-04	   0.078	   188.250
 220	110	 4.1367	 1.0432	   1.5209	        1.5214	          0.0004	   1.5440	2.137e-04	   0.080	   189.154
 221	111	 4.1365	 1.0430	   1.5209	        1.5214	          0.0004	   1.5623	2.785e-04	   0.081	   190.053
 222	111	 4.1362	 1.0436	   1.5209	        1.5214	          0.0004	   1.5945	1.598e-04	   0.081	   190.940
 223	112	 4.1359	 1.0433	   1.5209	        1.5214	          0.0004	   1.5637	1.780e-04	   0.075	   191.778
 224	112	 4.1361	 1.0434	   1.5209	        1.5214	          0.0004	   1.5702	1.691e-04	   0.076	   192.633
 225	113	 4.1361	 1.0439	   1.5209	        1.5214	          0.0004	   1.5961	2.401e-04	   0.068	   193.464
 226	113	 4.1359	 1.0432	   1.5209	        1.5214	          0.0004	   1.5395	2.195e-04	   0.080	   194.319
 227	114	 4.1349	 1.0437	   1.5209	        1.5214	          0.0004	   1.5860	1.705e-04	   0.078	   195.174
 228	114	 4.1357	 1.0432	   1.5209	        1.5214	          0.0004	   1.5565	2.149e-04	   0.073	   196.011
 229	115	 4.1360	 1.0431	   1.5209	        1.5214	          0.0004	   1.5663	2.625e-04	   0.087	   196.878
 230	115	 4.1357	 1.0430	   1.5209	        1.5214	          0.0004	   1.5704	2.867e-04	   0.070	   197.711
 231	116	 4.1355	 1.0434	   1.5209	        1.5214	          0.0004	   1.5846	1.699e-04	   0.077	   198.586
 232	116	 4.1351	 1.0429	   1.5209	        1.5214	          0.0004	   1.5535	3.188e-04	   0.082	   199.457
 233	117	 4.1350	 1.0429	   1.5209	        1.5214	          0.0004	   1.5687	3.327e-04	   0.064	   200.312
 234	117	 4.1347	 1.0427	   1.5209	        1.5214	          0.0004	   1.5637	4.035e-04	   0.082	   201.244
 235	118	 4.1341	 1.0429	   1.5209	        1.5214	          0.0004	   1.5787	3.130e-04	   0.075	   202.111
 236	118	 4.1345	 1.0428	   1.5209	        1.5214	          0.0004	   1.5695	3.425e-04	   0.061	   202.953
 237	119	 4.1346	 1.0428	   1.5209	        1.5214	          0.0004	   1.5720	3.466e-04	   0.083	   203.814
 238	119	 4.1343	 1.0426	   1.5209	        1.5214	          0.0004	   1.5608	4.403e-04	   0.057	   204.643
 239	120	 4.1339	 1.0428	   1.5209	        1.5214	          0.0004	   1.5734	3.660e-04	   0.077	   205.537
 240	120	 4.1339	 1.0423	   1.5209	        1.5214	          0.0004	   1.5541	5.627e-04	   0.073	   206.404
 241	121	 4.1331	 1.0425	   1.5209	        1.5214	          0.0004	   1.5750	4.793e-04	   0.070	   207.267
 242	121	 4.1335	 1.0423	   1.5209	        1.5214	          0.0004	   1.5679	5.554e-04	   0.086	   208.121
 243	122	 4.1335	 1.0417	   1.5209	        1.5214	          0.0004	   1.5471	8.221e-04	   0.066	   209.016
 244	122	 4.1336	 1.0424	   1.5209	        1.5214	          0.0004	   1.6001	5.251e-04	   0.085	   209.917
 245	123	 4.1330	 1.0427	   1.5209	        1.5214	          0.0004	   1.5828	3.813e-04	   0.066	   210.723
 246	123	 4.1331	 1.0425	   1.5209	        1.5214	          0.0004	   1.5623	4.964e-04	   0.060	   211.626
 247	124	 4.1329	 1.0433	   1.5209	        1.5214	          0.0004	   1.6075	1.830e-04	   0.065	   212.418
 248	124	 4.1326	 1.0426	   1.5209	        1.5214	          0.0004	   1.5405	4.223e-04	   0.065	   213.148
 249	125	 4.1325	 1.0421	   1.5209	        1.5214	          0.0004	   1.5500	6.523e-04	   0.062	   213.869
 250	125	 4.1326	 1.0423	   1.5209	        1.5214	          0.0004	   1.5801	5.499e-04	   0.067	   214.593
 251	126	 4.1318	 1.0418	   1.5209	        1.5214	          0.0004	   1.5432	7.711e-04	   0.061	   215.317
 252	126	 4.1320	 1.0421	   1.5209	        1.5214	          0.0004	   1.5853	6.623e-04	   0.063	   216.028
 253	127	 4.1324	 1.0425	   1.5209	        1.5214	          0.0004	   1.5928	4.937e-04	   0.060	   216.749
 254	127	 4.1318	 1.0420	   1.5209	        1.5214	          0.0004	   1.5475	6.796e-04	   0.059	   217.444
 255	128	 4.1315	 1.0418	   1.5209	        1.5214	          0.0004	   1.5569	7.978e-04	   0.055	   218.125
 256	128	 4.1319	 1.0421	   1.5209	        1.5214	          0.0004	   1.5889	6.609e-04	   0.054	   218.824
 257	129	 4.1316	 1.0417	   1.5209	        1.5214	          0.0004	   1.5531	8.094e-04	   0.058	   219.502
 258	129	 4.1319	 1.0422	   1.5209	        1.5214	          0.0004	   1.5973	5.848e-04	   0.058	   220.172
 259	130	 4.1317	 1.0425	   1.5209	        1.5214	          0.0004	   1.5840	4.610e-04	   0.058	   220.823
 260	130	 4.1317	 1.0421	   1.5209	        1.5214	          0.0004	   1.5535	6.345e-04	   0.058	   221.476
 261	131	 4.1314	 1.0420	   1.5209	        1.5214	          0.0004	   1.5603	7.087e-04	   0.060	   222.128
 262	131	 4.1317	 1.0419	   1.5209	        1.5214	          0.0004	   1.5721	7.273e-04	   0.053	   222.773
 263	132	 4.1315	 1.0429	   1.5209	        1.5214	          0.0004	   1.6133	3.358e-04	   0.063	   223.448
 264	132	 4.1315	 1.0421	   1.5209	        1.5214	          0.0004	   1.5373	6.413e-04	   0.056	   224.111
 265	133	 4.1313	 1.0420	   1.5209	        1.5214	          0.0004	   1.5612	6.975e-04	   0.054	   224.760
 266	133	 4.1312	 1.0423	   1.5209	        1.5214	          0.0004	   1.5869	5.716e-04	   0.060	   225.416
 267	134	 4.1312	 1.0417	   1.5209	        1.5214	          0.0004	   1.5468	8.202e-04	   0.064	   226.101
 268	134	 4.1309	 1.0425	   1.5209	        1.5214	          0.0004	   1.6053	4.836e-04	   0.058	   226.799
 269	135	 4.1308	 1.0424	   1.5209	        1.5214	          0.0004	   1.5664	5.223e-04	   0.058	   227.507
 270	135	 4.1306	 1.0425	   1.5209	        1.5214	          0.0004	   1.5747	4.959e-04	   0.066	   228.215
 271	136	 4.1305	 1.0424	   1.5209	        1.5214	          0.0004	   1.5667	5.260e-04	   0.051	   228.881
 272	136	 4.1306	 1.0426	   1.5209	        1.5214	          0.0004	   1.5803	4.538e-04	   0.065	   229.537
 273	137	 4.1307	 1.0422	   1.5209	        1.5214	          0.0004	   1.5603	5.882e-04	   0.062	   230.190
 274	137	 4.1306	 1.0423	   1.5209	        1.5214	          0.0004	   1.5732	5.440e-04	   0.056	   230.838
 275	138	 4.1302	 1.0419	   1.5209	        1.5214	          0.0004	   1.5515	7.279e-04	   0.055	   231.489
 276	138	 4.1302	 1.0426	   1.5209	        1.5214	          0.0004	   1.6011	4.402e-04	   0.055	   232.135
 277	139	 4.1302	 1.0429	   1.5209	        1.5214	          0.0004	   1.5868	3.056e-04	   0.056	   232.787
 278	139	 4.1301	 1.0427	   1.5209	        1.5214	          0.0004	   1.5638	3.796e-04	   0.057	   233.437
 279	140	 4.1301	 1.0431	   1.5209	        1.5214	          0.0004	   1.5912	2.485e-04	   0.067	   234.143
 280	140	 4.1298	 1.0425	   1.5209	        1.5214	          0.0004	   1.5383	4.768e-04	   0.071	   234.938
 281	141	 4.1295	 1.0428	   1.5209	        1.5214	          0.0004	   1.5867	3.378e-04	   0.066	   235.670
 282	141	 4.1294	 1.0426	   1.5209	        1.5214	          0.0004	   1.5568	4.459e-04	   0.052	   236.342
 283	142	 4.1295	 1.0429	   1.5209	        1.5214	          0.0004	   1.5864	3.320e-04	   0.065	   237.021
 284	142	 4.1291	 1.0426	   1.5209	        1.5214	          0.0004	   1.5577	4.170e-04	   0.056	   237.665
 285	143	 4.1290	 1.0425	   1.5209	        1.5214	          0.0004	   1.5668	4.584e-04	   0.058	   238.315
 286	143	 4.1288	 1.0427	   1.5209	        1.5214	          0.0004	   1.5756	4.084e-04	   0.066	   238.990
 287	144	 4.1290	 1.0436	   1.5209	        1.5214	          0.0004	   1.6171	1.521e-04	   0.063	   239.678
 288	144	 4.1288	 1.0428	   1.5209	        1.5214	          0.0004	   1.5300	3.722e-04	   0.060	   240.344
 289	145	 4.1287	 1.0426	   1.5209	        1.5214	          0.0004	   1.5629	4.491e-04	   0.052	   240.987
 290	145	 4.1289	 1.0426	   1.5209	        1.5214	          0.0004	   1.5753	4.227e-04	   0.065	   241.644
 291	146	 4.1290	 1.0423	   1.5209	        1.5214	          0.0004	   1.5556	5.765e-04	   0.052	   242.288
 292	146	 4.1288	 1.0428	   1.5209	        1.5214	          0.0004	   1.5961	3.587e-04	   0.066	   243.006
 293	147	 4.1286	 1.0428	   1.5209	        1.5214	          0.0004	   1.5714	3.547e-04	   0.065	   243.724
 294	147	 4.1288	 1.0427	   1.5209	        1.5214	          0.0004	   1.5675	3.967e-04	   0.058	   244.414
 295	148	 4.1288	 1.0423	   1.5209	        1.5214	          0.0004	   1.5520	5.495e-04	   0.055	   245.098
 296	148	 4.1284	 1.0426	   1.5209	        1.5214	          0.0004	   1.5839	4.261e-04	   0.057	   245.761
 297	149	 4.1278	 1.0422	   1.5209	        1.5214	          0.0004	   1.5453	5.999e-04	   0.058	   246.415
 298	149	 4.1280	 1.0426	   1.5209	        1.5214	          0.0004	   1.5944	4.277e-04	   0.058	   247.061
 299	150	 4.1280	 1.0428	   1.5209	        1.5214	          0.0004	   1.5820	3.524e-04	   0.061	   247.714
 300	150	 4.1280	 1.0427	   1.5209	        1.5214	          0.0004	   1.5651	3.981e-04	   0.057	   248.367
 301	151	 4.1276	 1.0426	   1.5209	        1.5214	          0.0004	   1.5631	4.260e-04	   0.062	   249.018
 302	151	 4.1279	 1.0428	   1.5209	        1.5214	          0.0004	   1.5840	3.682e-04	   0.054	   249.664
 303	152	 4.1279	 1.0414	   1.5209	        1.5214	          0.0004	   1.5039	9.347e-04	   0.061	   250.314
 304	152	 4.1278	 1.0424	   1.5209	        1.5214	          0.0004	   1.6204	5.136e-04	   0.063	   250.971
 305	153	 4.1281	 1.0427	   1.5209	        1.5214	          0.0004	   1.5903	4.049e-04	   0.057	   251.658
 306	153	 4.1276	 1.0426	   1.5209	        1.5214	          0.0004	   1.5633	4.199e-04	   0.058	   252.334
 307	154	 4.1275	 1.0425	   1.5209	        1.5214	          0.0004	   1.5666	4.665e-04	   0.061	   253.010
 308	154	 4.1273	 1.0427	   1.5209	        1.5214	          0.0004	   1.5769	4.041e-04	   0.058	   253.657
 309	155	 4.1270	 1.0424	   1.5209	        1.5214	          0.0004	   1.5590	4.991e-04	   0.052	   254.303
 310	155	 4.1269	 1.0428	   1.5209	        1.5214	          0.0004	   1.5908	3.465e-04	   0.062	   254.958
 311	156	 4.1268	 1.0429	   1.5209	        1.5214	          0.0004	   1.5760	3.182e-04	   0.048	   255.639
 312	156	 4.1271	 1.0427	   1.5209	        1.5214	          0.0004	   1.5615	4.059e-04	   0.062	   256.297
 313	157	 4.1268	 1.0430	   1.5209	        1.5214	          0.0004	   1.5877	2.935e-04	   0.064	   256.950
 314	157	 4.1266	 1.0425	   1.5209	        1.5214	          0.0004	   1.5439	4.588e-04	   0.055	   257.599
 315	158	 4.1263	 1.0420	   1.5209	        1.5214	          0.0004	   1.5378	6.958e-04	   0.053	   258.248
 316	158	 4.1265	 1.0427	   1.5209	        1.5214	          0.0004	   1.6114	4.041e-04	   0.063	   258.927
 317	159	 4.1259	 1.0430	   1.5209	        1.5214	          0.0004	   1.5820	2.918e-04	   0.061	   259.631
 318	159	 4.1260	 1.0429	   1.5209	        1.5214	          0.0004	   1.5712	3.179e-04	   0.058	   260.341
 319	160	 4.1260	 1.0427	   1.5209	        1.5214	          0.0004	   1.5650	3.765e-04	   0.068	   261.047
 320	160	 4.1257	 1.0429	   1.5209	        1.5214	          0.0004	   1.5761	3.222e-04	   0.058	   261.723
 321	161	 4.1258	 1.0429	   1.5209	        1.5214	          0.0004	   1.5739	3.179e-04	   0.057	   262.373
 322	161	 4.1257	 1.0428	   1.5209	        1.5214	          0.0004	   1.5643	3.645e-04	   0.055	   263.018
 323	162	 4.1252	 1.0422	   1.5209	        1.5214	          0.0004	   1.5363	6.135e-04	   0.057	   263.669
 324	162	 4.1255	 1.0429	   1.5209	        1.5214	          0.0004	   1.6125	3.255e-04	   0.057	   264.320
 325	163	 4.1253	 1.0427	   1.5209	        1.5214	          0.0004	   1.5614	3.954e-04	   0.059	   264.968
 326	163	 4.1252	 1.0429	   1.5209	        1.5214	          0.0004	   1.5846	3.020e-04	   0.060	   265.624
 327	164	 4.1254	 1.0430	   1.5209	        1.5214	          0.0004	   1.5778	2.873e-04	   0.062	   266.321
 328	164	 4.1252	 1.0431	   1.5209	        1.5214	          0.0004	   1.5730	2.547e-04	   0.059	   266.996
 329	165	 4.1254	 1.0427	   1.5209	        1.5214	          0.0004	   1.5498	4.114e-04	   0.061	   267.683
 330	165	 4.1252	 1.0430	   1.5209	        1.5214	          0.0004	   1.5895	2.854e-04	   0.070	   268.345
 331	166	 4.1251	 1.0436	   1.5209	        1.5214	          0.0004	   1.6020	1.460e-04	   0.052	   269.009
 332	166	 4.1252	 1.0431	   1.5209	        1.5214	          0.0004	   1.5489	2.362e-04	   0.059	   269.683
 333	167	 4.1248	 1.0437	   1.5209	        1.5214	          0.0004	   1.5993	1.636e-04	   0.065	   270.341
 334	167	 4.1250	 1.0431	   1.5209	        1.5214	          0.0004	   1.5399	2.573e-04	   0.058	   271.026
 335	168	 4.1247	 1.0430	   1.5209	        1.5214	          0.0004	   1.5689	2.662e-04	   0.056	   271.698
 336	168	 4.1248	 1.0429	   1.5209	        1.5214	          0.0004	   1.5673	3.030e-04	   0.056	   272.356
 337	169	 4.1250	 1.0427	   1.5209	        1.5214	          0.0004	   1.5560	3.936e-04	   0.059	   273.008
 338	169	 4.1247	 1.0428	   1.5209	        1.5214	          0.0004	   1.5806	3.418e-04	   0.054	   273.655
 339	170	 4.1246	 1.0428	   1.5209	        1.5214	          0.0004	   1.5685	3.568e-04	   0.060	   274.308
 340	170	 4.1245	 1.0427	   1.5209	        1.5214	          0.0004	   1.5682	3.787e-04	   0.054	   274.959
 341	171	 4.1246	 1.0423	   1.5209	        1.5214	          0.0004	   1.5434	5.801e-04	   0.064	   275.673
 342	171	 4.1243	 1.0426	   1.5209	        1.5214	          0.0004	   1.5932	4.160e-04	   0.056	   276.384
 343	172	 4.1246	 1.0430	   1.5209	        1.5214	          0.0004	   1.5944	2.629e-04	   0.066	   277.078
 344	172	 4.1242	 1.0427	   1.5209	        1.5214	          0.0004	   1.5516	3.891e-04	   0.057	   277.765
 345	173	 4.1241	 1.0428	   1.5209	        1.5214	          0.0004	   1.5762	3.574e-04	   0.059	   278.429
 346	173	 4.1243	 1.0425	   1.5209	        1.5214	          0.0004	   1.5553	4.751e-04	   0.062	   279.084
 347	174	 4.1243	 1.0426	   1.5209	        1.5214	          0.0004	   1.5796	4.381e-04	   0.055	   279.733
 348	174	 4.1238	 1.0425	   1.5209	        1.5214	          0.0004	   1.5620	4.619e-04	   0.062	   280.385
 349	175	 4.1238	 1.0434	   1.5209	        1.5214	          0.0004	   1.6246	1.628e-04	   0.053	   281.028
 350	175	 4.1235	 1.0426	   1.5209	        1.5214	          0.0004	   1.5195	4.415e-04	   0.062	   281.684
 351	176	 4.1236	 1.0424	   1.5209	        1.5214	          0.0004	   1.5622	5.187e-04	   0.054	   282.329
 352	176	 4.1233	 1.0424	   1.5209	        1.5214	          0.0004	   1.5701	5.062e-04	   0.059	   282.984
 353	177	 4.1230	 1.0428	   1.5209	        1.5214	          0.0004	   1.5919	3.601e-04	   0.063	   283.637
 354	177	 4.1230	 1.0424	   1.5209	        1.5214	          0.0004	   1.5474	5.134e-04	   0.057	   284.330
 355	178	 4.1231	 1.0422	   1.5209	        1.5214	          0.0004	   1.5607	5.877e-04	   0.056	   285.001
 356	178	 4.1230	 1.0423	   1.5209	        1.5214	          0.0004	   1.5740	5.705e-04	   0.061	   285.669
 357	179	 4.1228	 1.0424	   1.5209	        1.5214	          0.0004	   1.5821	5.074e-04	   0.061	   286.327
 358	179	 4.1230	 1.0423	   1.5209	        1.5214	          0.0004	   1.5607	5.707e-04	   0.058	   286.996
 359	180	 4.1228	 1.0426	   1.5209	        1.5214	          0.0004	   1.5922	4.243e-04	   0.065	   287.664
 360	180	 4.1228	 1.0424	   1.5209	        1.5214	          0.0004	   1.5608	5.056e-04	   0.059	   288.319
 361	181	 4.1223	 1.0430	   1.5209	        1.5214	          0.0004	   1.6014	2.867e-04	   0.057	   288.966
 362	181	 4.1227	 1.0424	   1.5209	        1.5214	          0.0004	   1.5381	5.301e-04	   0.061	   289.620
 363	182	 4.1230	 1.0422	   1.5209	        1.5214	          0.0004	   1.5655	6.038e-04	   0.060	   290.266
 364	182	 4.1225	 1.0425	   1.5209	        1.5214	          0.0004	   1.5833	4.835e-04	   0.053	   290.913
 365	183	 4.1227	 1.0428	   1.5209	        1.5214	          0.0004	   1.5925	3.703e-04	   0.066	   291.593
 366	183	 4.1224	 1.0425	   1.5209	        1.5214	          0.0004	   1.5538	4.594e-04	   0.061	   292.298
 367	184	 4.1226	 1.0421	   1.5209	        1.5214	          0.0004	   1.5487	6.362e-04	   0.058	   293.013
 368	184	 4.1225	 1.0426	   1.5209	        1.5214	          0.0004	   1.5971	4.487e-04	   0.062	   293.715
 369	185	 4.1224	 1.0420	   1.5209	        1.5214	          0.0004	   1.5361	6.870e-04	   0.050	   294.380
 370	185	 4.1222	 1.0425	   1.5209	        1.5214	          0.0004	   1.6004	4.733e-04	   0.063	   295.039
 371	186	 4.1217	 1.0422	   1.5209	        1.5214	          0.0004	   1.5470	6.076e-04	   0.057	   295.729
 372	186	 4.1220	 1.0424	   1.5209	        1.5214	          0.0004	   1.5884	5.091e-04	   0.063	   296.430
 373	187	 4.1220	 1.0428	   1.5209	        1.5214	          0.0004	   1.5945	3.510e-04	   0.070	   297.171
 374	187	 4.1217	 1.0425	   1.5209	        1.5214	          0.0004	   1.5516	4.699e-04	   0.063	   297.886
 375	188	 4.1221	 1.0424	   1.5209	        1.5214	          0.0004	   1.5674	5.151e-04	   0.057	   298.561
 376	188	 4.1218	 1.0423	   1.5209	        1.5214	          0.0004	   1.5634	5.503e-04	   0.053	   299.207
 377	189	 4.1214	 1.0427	   1.5209	        1.5214	          0.0004	   1.5948	4.021e-04	   0.063	   299.864
 378	189	 4.1218	 1.0423	   1.5209	        1.5214	          0.0004	   1.5491	5.431e-04	   0.062	   300.546
 379	190	 4.1219	 1.0424	   1.5209	        1.5214	          0.0004	   1.5760	5.100e-04	   0.062	   301.208
 380	190	 4.1218	 1.0423	   1.5209	        1.5214	          0.0004	   1.5633	5.592e-04	   0.060	   301.883
 381	191	 4.1219	 1.0422	   1.5209	        1.5214	          0.0004	   1.5662	5.954e-04	   0.058	   302.575
 382	191	 4.1218	 1.0421	   1.5209	        1.5214	          0.0004	   1.5665	6.307e-04	   0.057	   303.258
 383	192	 4.1214	 1.0419	   1.5209	        1.5214	          0.0004	   1.5495	7.520e-04	   0.062	   303.924
 384	192	 4.1216	 1.0422	   1.5209	        1.5214	          0.0004	   1.5933	6.129e-04	   0.055	   304.573
 385	193	 4.1209	 1.0424	   1.5209	        1.5214	          0.0004	   1.5789	5.353e-04	   0.058	   305.222
 386	193	 4.1214	 1.0420	   1.5209	        1.5214	          0.0004	   1.5525	6.796e-04	   0.062	   305.879
 387	194	 4.1212	 1.0420	   1.5209	        1.5214	          0.0004	   1.5691	6.721e-04	   0.055	   306.527
 388	194	 4.1211	 1.0421	   1.5209	        1.5214	          0.0004	   1.5757	6.439e-04	   0.064	   307.180
 389	195	 4.1205	 1.0420	   1.5209	        1.5214	          0.0004	   1.5569	7.058e-04	   0.054	   307.824
 390	195	 4.1210	 1.0420	   1.5209	        1.5214	          0.0004	   1.5766	7.072e-04	   0.067	   308.534
 391	196	 4.1209	 1.0417	   1.5209	        1.5214	          0.0004	   1.5532	8.177e-04	   0.062	   309.253
 392	196	 4.1208	 1.0421	   1.5209	        1.5214	          0.0004	   1.5994	6.298e-04	   0.063	   309.942
 393	197	 4.1210	 1.0419	   1.5209	        1.5214	          0.0004	   1.5578	7.368e-04	   0.061	   310.635
 394	197	 4.1210	 1.0420	   1.5209	        1.5214	          0.0004	   1.5776	6.906e-04	   0.055	   311.301
 395	198	 4.1210	 1.0417	   1.5209	        1.5214	          0.0004	   1.5527	8.050e-04	   0.056	   311.947
 396	198	 4.1207	 1.0420	   1.5209	        1.5214	          0.0004	   1.5854	7.066e-04	   0.053	   312.596
 397	199	 4.1203	 1.0422	   1.5209	        1.5214	          0.0004	   1.5830	6.202e-04	   0.060	   313.251
 398	199	 4.1204	 1.0418	   1.5209	        1.5214	          0.0004	   1.5475	7.652e-04	   0.045	   313.853
 399	200	 4.1198	 1.0416	   1.5209	        1.5214	          0.0004	   1.5519	8.525e-04	   0.057	   314.475
 400	200	 4.1203	 1.0418	   1.5209	        1.5214	          0.0004	   1.5859	7.883e-04	   0.048	   315.056

[BSGD] Finished on device cuda -> σ_f² ≈ 4.1203, σ_ε² ≈ 1.0418
