[GPU 5][JOB 222] 'python cli.py scgd --n 1024 --lengthscale 0.5 --sigma-f2-true 4.0 --sigma-eps2-true 1.0 --n-epochs 200 --device auto --kernel-mode finite --a0 3e-3 --a-decay 0.75 --w-init-scale 0.1 --num-features 128 --print-every 1 --seed 1 --batch-size 512 --b0 0.1 --b-decay 0.5 --decay-start-epoch 0 --sigma-f2-init 5.0 --sigma-eps2-init 3.0 '

=== SCGD + ORF (TMLR Algorithm 2) ===
iter	epoch	σ_f²	σ_ε²	real_nlml	real_nlml_true	real_nlml_abs_err	orf_nlml	orf_nlml_true	approx_nlml	|F~ - F|/|F|	||grad||	||∇_w||	duration_s	wall_time_s
   1	 1	 4.6997	 2.3479	   1.6311	        1.5046	          0.1265	   1.6311	        1.5046	     1.4283	6.913e-02	1.146e-01	4.559e+01	   1.471	     1.720
   2	 1	 4.8899	 1.9601	   1.5866	        1.5046	          0.0820	   1.5866	        1.5046	     1.3364	2.354e-02	1.159e-01	9.849e+01	   1.064	     2.785
   3	 2	 4.9351	 1.6819	   1.5550	        1.5046	          0.0504	   1.5550	        1.5046	     1.2754	1.764e-02	1.102e-01	6.312e+01	   1.081	     3.866
   4	 2	 4.5328	 1.4583	   1.5309	        1.5046	          0.0263	   1.5309	        1.5046	     1.2296	1.024e-01	9.607e-02	1.344e+02	   1.066	     4.932
   5	 3	 5.1253	 1.2972	   1.5181	        1.5046	          0.0135	   1.5181	        1.5046	     1.2063	3.195e-02	7.546e-02	1.520e+02	   1.086	     6.019
   6	 3	 4.4188	 1.2437	   1.5130	        1.5046	          0.0084	   1.5130	        1.5046	     1.1986	1.282e-01	6.548e-02	2.218e+02	   1.072	     7.091
   7	 4	 4.7054	 1.1778	   1.5097	        1.5046	          0.0051	   1.5097	        1.5046	     1.1849	5.715e-02	5.025e-02	1.335e+02	   1.071	     8.163
   8	 4	 4.8268	 1.1523	   1.5087	        1.5046	          0.0041	   1.5087	        1.5046	     1.1823	2.945e-02	4.329e-02	1.296e+02	   1.104	     9.266
   9	 5	 4.6944	 1.0822	   1.5062	        1.5046	          0.0016	   1.5062	        1.5046	     1.1784	5.649e-02	2.040e-02	9.264e+01	   1.072	    10.339
  10	 5	 4.8493	 1.1384	   1.5082	        1.5046	          0.0036	   1.5082	        1.5046	     1.1808	2.273e-02	3.922e-02	1.227e+02	   1.069	    11.408
  11	 6	 4.6754	 1.1069	   1.5068	        1.5046	          0.0022	   1.5068	        1.5046	     1.1826	5.849e-02	2.916e-02	2.214e+02	   1.061	    12.470
  12	 6	 4.8621	 1.1279	   1.5079	        1.5046	          0.0032	   1.5079	        1.5046	     1.1804	1.845e-02	3.601e-02	2.845e+02	   1.075	    13.545
  13	 7	 4.7896	 1.1286	   1.5077	        1.5046	          0.0031	   1.5077	        1.5046	     1.1804	3.109e-02	3.622e-02	1.265e+02	   1.105	    14.651
  14	 7	 4.7707	 1.1064	   1.5070	        1.5046	          0.0024	   1.5070	        1.5046	     1.1783	3.458e-02	2.899e-02	1.527e+02	   1.111	    15.763
  15	 8	 4.7289	 1.0783	   1.5062	        1.5046	          0.0016	   1.5062	        1.5046	     1.1776	4.264e-02	1.898e-02	1.249e+02	   1.104	    16.867
  16	 8	 4.7955	 1.1068	   1.5070	        1.5046	          0.0024	   1.5070	        1.5046	     1.1783	2.765e-02	2.912e-02	1.522e+02	   1.083	    17.950
  17	 9	 4.7999	 1.1128	   1.5072	        1.5046	          0.0026	   1.5072	        1.5046	     1.1794	2.637e-02	3.113e-02	1.313e+02	   1.072	    19.023
  18	 9	 4.7467	 1.0971	   1.5067	        1.5046	          0.0021	   1.5067	        1.5046	     1.1776	3.635e-02	2.578e-02	1.662e+02	   1.083	    20.106
  19	10	 4.8707	 1.0815	   1.5066	        1.5046	          0.0020	   1.5066	        1.5046	     1.1789	1.284e-02	2.018e-02	1.765e+02	   1.062	    21.168
  20	10	 4.6751	 1.0993	   1.5066	        1.5046	          0.0020	   1.5066	        1.5046	     1.1780	5.065e-02	2.657e-02	2.342e+02	   1.107	    22.275
  21	11	 4.7366	 1.0808	   1.5063	        1.5046	          0.0017	   1.5063	        1.5046	     1.1771	3.653e-02	1.992e-02	1.102e+02	   1.069	    23.345
  22	11	 4.7169	 1.0983	   1.5066	        1.5046	          0.0020	   1.5066	        1.5046	     1.1776	3.972e-02	2.621e-02	1.211e+02	   1.070	    24.415
  23	12	 4.7330	 1.1025	   1.5068	        1.5046	          0.0022	   1.5068	        1.5046	     1.1779	3.534e-02	2.767e-02	8.525e+01	   1.087	    25.502
  24	12	 4.7347	 1.0918	   1.5065	        1.5046	          0.0019	   1.5065	        1.5046	     1.1772	3.444e-02	2.392e-02	9.713e+01	   1.068	    26.570
  25	13	 4.7349	 1.0929	   1.5065	        1.5046	          0.0019	   1.5065	        1.5046	     1.1775	3.388e-02	2.430e-02	1.154e+02	   1.080	    27.651
  26	13	 4.7317	 1.0889	   1.5064	        1.5046	          0.0018	   1.5064	        1.5046	     1.1770	3.374e-02	2.286e-02	1.365e+02	   1.073	    28.724
  27	14	 4.7748	 1.0831	   1.5064	        1.5046	          0.0018	   1.5064	        1.5046	     1.1770	2.417e-02	2.077e-02	1.207e+02	   1.091	    29.815
  28	14	 4.7162	 1.0881	   1.5064	        1.5046	          0.0018	   1.5064	        1.5046	     1.1769	3.591e-02	2.257e-02	1.356e+02	   1.098	    30.914
  29	15	 4.7931	 1.0804	   1.5064	        1.5046	          0.0018	   1.5064	        1.5046	     1.1769	1.961e-02	1.976e-02	1.204e+02	   1.095	    32.009
  30	15	 4.7014	 1.0877	   1.5064	        1.5046	          0.0017	   1.5064	        1.5046	     1.1769	3.804e-02	2.244e-02	1.318e+02	   1.102	    33.111
  31	16	 4.7379	 1.0952	   1.5066	        1.5046	          0.0020	   1.5066	        1.5046	     1.1773	2.945e-02	2.512e-02	9.523e+01	   1.070	    34.181
  32	16	 4.7050	 1.0844	   1.5063	        1.5046	          0.0017	   1.5063	        1.5046	     1.1767	3.610e-02	2.124e-02	1.072e+02	   1.088	    35.269
  33	17	 4.6527	 1.0854	   1.5062	        1.5046	          0.0016	   1.5062	        1.5046	     1.1771	4.714e-02	2.161e-02	1.248e+02	   1.137	    36.406
  34	17	 4.7270	 1.0835	   1.5063	        1.5046	          0.0017	   1.5063	        1.5046	     1.1766	3.002e-02	2.091e-02	1.436e+02	   1.119	    37.525
  35	18	 4.7581	 1.0870	   1.5064	        1.5046	          0.0018	   1.5064	        1.5046	     1.1770	2.304e-02	2.217e-02	1.274e+02	   1.103	    38.628
  36	18	 4.7099	 1.0820	   1.5062	        1.5046	          0.0016	   1.5062	        1.5046	     1.1765	3.274e-02	2.035e-02	1.425e+02	   1.065	    39.693
  37	19	 4.6809	 1.0833	   1.5062	        1.5046	          0.0016	   1.5062	        1.5046	     1.1767	3.849e-02	2.082e-02	1.228e+02	   1.094	    40.791
  38	19	 4.7158	 1.0811	   1.5062	        1.5046	          0.0016	   1.5062	        1.5046	     1.1765	3.033e-02	2.002e-02	1.354e+02	   1.065	    41.856
  39	20	 4.6675	 1.0826	   1.5062	        1.5046	          0.0016	   1.5062	        1.5046	     1.1768	3.990e-02	2.056e-02	1.425e+02	   1.114	    42.970
  40	20	 4.7169	 1.0805	   1.5062	        1.5046	          0.0016	   1.5062	        1.5046	     1.1764	2.900e-02	1.980e-02	1.643e+02	   1.082	    44.053
  41	21	 4.7068	 1.0849	   1.5063	        1.5046	          0.0017	   1.5063	        1.5046	     1.1766	3.063e-02	2.140e-02	1.234e+02	   1.074	    45.127
  42	21	 4.7119	 1.0792	   1.5062	        1.5046	          0.0016	   1.5062	        1.5046	     1.1763	2.913e-02	1.929e-02	1.338e+02	   1.072	    46.199
  43	22	 4.7275	 1.0894	   1.5064	        1.5046	          0.0018	   1.5064	        1.5046	     1.1768	2.569e-02	2.304e-02	1.249e+02	   1.084	    47.284
  44	22	 4.7002	 1.0774	   1.5061	        1.5046	          0.0015	   1.5061	        1.5046	     1.1762	3.081e-02	1.864e-02	1.352e+02	   1.085	    48.369
  45	23	 4.7091	 1.0787	   1.5062	        1.5046	          0.0016	   1.5062	        1.5046	     1.1765	2.842e-02	1.912e-02	1.546e+02	   1.062	    49.432
  46	23	 4.6946	 1.0772	   1.5061	        1.5046	          0.0015	   1.5061	        1.5046	     1.1762	3.112e-02	1.856e-02	1.749e+02	   1.080	    50.512
  47	24	 4.6691	 1.0741	   1.5060	        1.5046	          0.0014	   1.5060	        1.5046	     1.1763	3.594e-02	1.739e-02	1.313e+02	   1.103	    51.616
  48	24	 4.6989	 1.0774	   1.5061	        1.5046	          0.0015	   1.5061	        1.5046	     1.1762	2.923e-02	1.861e-02	1.477e+02	   1.078	    52.694
  49	25	 4.7059	 1.0743	   1.5061	        1.5046	          0.0015	   1.5061	        1.5046	     1.1762	2.764e-02	1.743e-02	1.228e+02	   1.057	    53.751
  50	25	 4.6915	 1.0771	   1.5061	        1.5046	          0.0015	   1.5061	        1.5046	     1.1761	3.000e-02	1.851e-02	1.332e+02	   1.068	    54.820
  51	26	 4.6674	 1.0757	   1.5060	        1.5046	          0.0014	   1.5060	        1.5046	     1.1762	3.494e-02	1.798e-02	1.237e+02	   1.070	    55.890
  52	26	 4.6937	 1.0766	   1.5061	        1.5046	          0.0015	   1.5061	        1.5046	     1.1761	2.864e-02	1.832e-02	1.347e+02	   1.120	    57.010
  53	27	 4.6923	 1.0794	   1.5062	        1.5046	          0.0016	   1.5062	        1.5046	     1.1762	2.869e-02	1.937e-02	1.139e+02	   1.125	    58.135
  54	27	 4.6891	 1.0755	   1.5061	        1.5046	          0.0015	   1.5061	        1.5046	     1.1760	2.884e-02	1.789e-02	1.206e+02	   1.096	    59.232
  55	28	 4.6712	 1.0783	   1.5061	        1.5046	          0.0015	   1.5061	        1.5046	     1.1762	3.243e-02	1.897e-02	1.314e+02	   1.070	    60.302
  56	28	 4.6863	 1.0746	   1.5061	        1.5046	          0.0015	   1.5061	        1.5046	     1.1760	2.864e-02	1.757e-02	1.407e+02	   1.063	    61.365
  57	29	 4.6834	 1.0749	   1.5061	        1.5046	          0.0015	   1.5061	        1.5046	     1.1760	2.859e-02	1.769e-02	8.638e+01	   1.092	    62.458
  58	29	 4.6797	 1.0739	   1.5060	        1.5046	          0.0014	   1.5060	        1.5046	     1.1759	2.930e-02	1.729e-02	9.381e+01	   1.102	    63.561
  59	30	 4.6222	 1.0777	   1.5060	        1.5046	          0.0014	   1.5060	        1.5046	     1.1763	4.135e-02	1.874e-02	1.453e+02	   1.069	    64.630
  60	30	 4.6863	 1.0733	   1.5060	        1.5046	          0.0014	   1.5060	        1.5046	     1.1759	2.696e-02	1.708e-02	1.632e+02	   1.063	    65.693
  61	31	 4.6771	 1.0647	   1.5059	        1.5046	          0.0013	   1.5059	        1.5046	     1.1758	2.885e-02	1.372e-02	1.402e+02	   1.069	    66.763
  62	31	 4.6798	 1.0740	   1.5060	        1.5046	          0.0014	   1.5060	        1.5046	     1.1759	2.766e-02	1.733e-02	1.533e+02	   1.097	    67.860
  63	32	 4.6723	 1.0703	   1.5060	        1.5046	          0.0014	   1.5060	        1.5046	     1.1758	2.906e-02	1.593e-02	8.573e+01	   1.065	    68.925
  64	32	 4.6754	 1.0735	   1.5060	        1.5046	          0.0014	   1.5060	        1.5046	     1.1759	2.789e-02	1.714e-02	9.149e+01	   1.083	    70.009
  65	33	 4.6881	 1.0748	   1.5061	        1.5046	          0.0015	   1.5061	        1.5046	     1.1760	2.487e-02	1.764e-02	1.220e+02	   1.059	    71.067
  66	33	 4.6666	 1.0726	   1.5060	        1.5046	          0.0014	   1.5060	        1.5046	     1.1758	2.916e-02	1.680e-02	1.339e+02	   1.156	    72.223
  67	34	 4.6569	 1.0714	   1.5059	        1.5046	          0.0013	   1.5059	        1.5046	     1.1758	3.096e-02	1.633e-02	9.872e+01	   1.184	    73.407
  68	34	 4.6660	 1.0720	   1.5060	        1.5046	          0.0014	   1.5060	        1.5046	     1.1758	2.855e-02	1.656e-02	1.043e+02	   1.150	    74.558
  69	35	 4.6866	 1.0685	   1.5060	        1.5046	          0.0014	   1.5060	        1.5046	     1.1757	2.404e-02	1.522e-02	1.020e+02	   1.069	    75.627
  70	35	 4.6593	 1.0716	   1.5060	        1.5046	          0.0014	   1.5060	        1.5046	     1.1757	2.937e-02	1.643e-02	1.048e+02	   1.075	    76.702
  71	36	 4.6719	 1.0789	   1.5061	        1.5046	          0.0015	   1.5061	        1.5046	     1.1760	2.631e-02	1.920e-02	1.307e+02	   1.133	    77.836
  72	36	 4.6552	 1.0704	   1.5059	        1.5046	          0.0013	   1.5059	        1.5046	     1.1757	2.962e-02	1.596e-02	1.366e+02	   1.127	    78.963
  73	37	 4.6597	 1.0776	   1.5061	        1.5046	          0.0015	   1.5061	        1.5046	     1.1759	2.807e-02	1.869e-02	1.094e+02	   1.109	    80.072
  74	37	 4.6532	 1.0693	   1.5059	        1.5046	          0.0013	   1.5059	        1.5046	     1.1756	2.938e-02	1.553e-02	1.149e+02	   1.073	    81.145
  75	38	 4.6758	 1.0734	   1.5060	        1.5046	          0.0014	   1.5060	        1.5046	     1.1758	2.424e-02	1.712e-02	9.851e+01	   1.065	    82.210
  76	38	 4.6485	 1.0685	   1.5059	        1.5046	          0.0013	   1.5059	        1.5046	     1.1756	2.979e-02	1.524e-02	1.027e+02	   1.107	    83.318
  77	39	 4.7100	 1.0699	   1.5060	        1.5046	          0.0014	   1.5060	        1.5046	     1.1758	1.646e-02	1.578e-02	1.204e+02	   1.113	    84.431
  78	39	 4.6369	 1.0682	   1.5059	        1.5046	          0.0013	   1.5059	        1.5046	     1.1756	3.179e-02	1.512e-02	1.272e+02	   1.075	    85.506
  79	40	 4.6254	 1.0662	   1.5058	        1.5046	          0.0012	   1.5058	        1.5046	     1.1756	3.391e-02	1.433e-02	1.106e+02	   1.069	    86.575
  80	40	 4.6402	 1.0681	   1.5059	        1.5046	          0.0013	   1.5059	        1.5046	     1.1755	3.035e-02	1.508e-02	1.191e+02	   1.058	    87.633
  81	41	 4.6575	 1.0701	   1.5059	        1.5046	          0.0013	   1.5059	        1.5046	     1.1757	2.602e-02	1.585e-02	1.293e+02	   1.095	    88.728
  82	41	 4.6356	 1.0676	   1.5058	        1.5046	          0.0012	   1.5058	        1.5046	     1.1755	3.072e-02	1.488e-02	1.360e+02	   1.071	    89.799
  83	42	 4.6323	 1.0637	   1.5058	        1.5046	          0.0012	   1.5058	        1.5046	     1.1755	3.106e-02	1.333e-02	1.341e+02	   1.085	    90.885
  84	42	 4.6374	 1.0677	   1.5059	        1.5046	          0.0012	   1.5059	        1.5046	     1.1755	2.965e-02	1.491e-02	1.436e+02	   1.063	    91.948
  85	43	 4.6382	 1.0614	   1.5058	        1.5046	          0.0012	   1.5058	        1.5046	     1.1754	2.914e-02	1.243e-02	1.037e+02	   1.083	    93.031
  86	43	 4.6366	 1.0678	   1.5059	        1.5046	          0.0012	   1.5059	        1.5046	     1.1755	2.920e-02	1.496e-02	1.106e+02	   1.106	    94.138
  87	44	 4.6451	 1.0669	   1.5059	        1.5046	          0.0013	   1.5059	        1.5046	     1.1756	2.687e-02	1.459e-02	1.610e+02	   1.068	    95.206
  88	44	 4.6323	 1.0675	   1.5058	        1.5046	          0.0012	   1.5058	        1.5046	     1.1755	2.954e-02	1.483e-02	1.728e+02	   1.065	    96.272
  89	45	 4.6449	 1.0716	   1.5059	        1.5046	          0.0013	   1.5059	        1.5046	     1.1756	2.667e-02	1.640e-02	1.251e+02	   1.064	    97.336
  90	45	 4.6290	 1.0667	   1.5058	        1.5046	          0.0012	   1.5058	        1.5046	     1.1754	2.968e-02	1.450e-02	1.340e+02	   1.110	    98.446
  91	46	 4.6573	 1.0631	   1.5058	        1.5046	          0.0012	   1.5058	        1.5046	     1.1754	2.321e-02	1.310e-02	1.211e+02	   1.106	    99.553
  92	46	 4.6241	 1.0665	   1.5058	        1.5046	          0.0012	   1.5058	        1.5046	     1.1754	3.020e-02	1.445e-02	1.247e+02	   1.105	   100.658
  93	47	 4.6148	 1.0679	   1.5058	        1.5046	          0.0012	   1.5058	        1.5046	     1.1755	3.192e-02	1.499e-02	1.027e+02	   1.102	   101.760
  94	47	 4.6254	 1.0659	   1.5058	        1.5046	          0.0012	   1.5058	        1.5046	     1.1754	2.927e-02	1.421e-02	1.086e+02	   1.057	   102.817
  95	48	 4.6310	 1.0676	   1.5058	        1.5046	          0.0012	   1.5058	        1.5046	     1.1755	2.775e-02	1.486e-02	1.300e+02	   1.080	   103.898
  96	48	 4.6229	 1.0654	   1.5058	        1.5046	          0.0012	   1.5058	        1.5046	     1.1753	2.924e-02	1.399e-02	1.357e+02	   1.111	   105.009
  97	49	 4.6305	 1.0653	   1.5058	        1.5046	          0.0012	   1.5058	        1.5046	     1.1754	2.713e-02	1.396e-02	1.272e+02	   1.081	   106.090
  98	49	 4.6206	 1.0650	   1.5058	        1.5046	          0.0012	   1.5058	        1.5046	     1.1753	2.917e-02	1.383e-02	1.336e+02	   1.056	   107.146
  99	50	 4.5803	 1.0662	   1.5057	        1.5046	          0.0011	   1.5057	        1.5046	     1.1754	3.800e-02	1.430e-02	1.108e+02	   1.069	   108.216
 100	50	 4.6243	 1.0646	   1.5058	        1.5046	          0.0012	   1.5058	        1.5046	     1.1753	2.771e-02	1.368e-02	1.210e+02	   1.066	   109.282
 101	51	 4.6035	 1.0600	   1.5057	        1.5046	          0.0011	   1.5057	        1.5046	     1.1753	3.192e-02	1.188e-02	1.563e+02	   1.089	   110.372
 102	51	 4.6245	 1.0647	   1.5058	        1.5046	          0.0012	   1.5058	        1.5046	     1.1753	2.706e-02	1.372e-02	1.670e+02	   1.089	   111.461
 103	52	 4.6252	 1.0633	   1.5058	        1.5046	          0.0012	   1.5058	        1.5046	     1.1753	2.679e-02	1.320e-02	1.171e+02	   1.065	   112.526
 104	52	 4.6221	 1.0643	   1.5058	        1.5046	          0.0012	   1.5058	        1.5046	     1.1753	2.706e-02	1.357e-02	1.224e+02	   1.130	   113.656
 105	53	 4.5655	 1.0637	   1.5057	        1.5046	          0.0010	   1.5057	        1.5046	     1.1754	3.945e-02	1.334e-02	1.422e+02	   1.108	   114.764
 106	53	 4.6254	 1.0641	   1.5058	        1.5046	          0.0012	   1.5058	        1.5046	     1.1753	2.571e-02	1.350e-02	1.587e+02	   1.088	   115.852
 107	54	 4.6357	 1.0538	   1.5057	        1.5046	          0.0011	   1.5057	        1.5046	     1.1751	2.325e-02	9.372e-03	1.133e+02	   1.062	   116.914
 108	54	 4.6183	 1.0646	   1.5058	        1.5046	          0.0012	   1.5058	        1.5046	     1.1752	2.678e-02	1.369e-02	1.227e+02	   1.088	   118.002
 109	55	 4.6138	 1.0669	   1.5058	        1.5046	          0.0012	   1.5058	        1.5046	     1.1753	2.755e-02	1.459e-02	9.609e+01	   1.097	   119.100
 110	55	 4.6156	 1.0638	   1.5058	        1.5046	          0.0011	   1.5058	        1.5046	     1.1752	2.686e-02	1.338e-02	1.004e+02	   1.121	   120.221
 111	56	 4.6285	 1.0625	   1.5058	        1.5046	          0.0012	   1.5058	        1.5046	     1.1752	2.379e-02	1.287e-02	1.085e+02	   1.088	   121.309
 112	56	 4.6113	 1.0633	   1.5057	        1.5046	          0.0011	   1.5057	        1.5046	     1.1752	2.733e-02	1.320e-02	1.106e+02	   1.109	   122.419
 113	57	 4.6169	 1.0654	   1.5058	        1.5046	          0.0012	   1.5058	        1.5046	     1.1752	2.581e-02	1.401e-02	7.831e+01	   1.075	   123.494
 114	57	 4.6083	 1.0627	   1.5057	        1.5046	          0.0011	   1.5057	        1.5046	     1.1752	2.750e-02	1.292e-02	7.870e+01	   1.101	   124.595
 115	58	 4.5787	 1.0599	   1.5056	        1.5046	          0.0010	   1.5056	        1.5046	     1.1752	3.378e-02	1.185e-02	1.576e+02	   1.119	   125.715
 116	58	 4.6099	 1.0626	   1.5057	        1.5046	          0.0011	   1.5057	        1.5046	     1.1751	2.657e-02	1.289e-02	1.717e+02	   1.071	   126.786
 117	59	 4.6101	 1.0661	   1.5058	        1.5046	          0.0012	   1.5058	        1.5046	     1.1753	2.631e-02	1.428e-02	1.319e+02	   1.071	   127.857
 118	59	 4.6069	 1.0619	   1.5057	        1.5046	          0.0011	   1.5057	        1.5046	     1.1751	2.675e-02	1.263e-02	1.375e+02	   1.061	   128.918
 119	60	 4.6013	 1.0627	   1.5057	        1.5046	          0.0011	   1.5057	        1.5046	     1.1751	2.773e-02	1.295e-02	9.956e+01	   1.067	   129.985
 120	60	 4.6041	 1.0614	   1.5057	        1.5046	          0.0011	   1.5057	        1.5046	     1.1751	2.688e-02	1.244e-02	1.050e+02	   1.087	   131.073
 121	61	 4.6218	 1.0611	   1.5057	        1.5046	          0.0011	   1.5057	        1.5046	     1.1751	2.260e-02	1.230e-02	9.642e+01	   1.069	   132.142
 122	61	 4.5997	 1.0611	   1.5057	        1.5046	          0.0011	   1.5057	        1.5046	     1.1751	2.741e-02	1.229e-02	9.802e+01	   1.092	   133.235
 123	62	 4.6337	 1.0637	   1.5058	        1.5046	          0.0012	   1.5058	        1.5046	     1.1752	1.972e-02	1.334e-02	1.385e+02	   1.063	   134.299
 124	62	 4.5933	 1.0606	   1.5057	        1.5046	          0.0011	   1.5057	        1.5046	     1.1751	2.839e-02	1.211e-02	1.422e+02	   1.094	   135.393
 125	63	 4.5853	 1.0586	   1.5056	        1.5046	          0.0010	   1.5056	        1.5046	     1.1750	2.989e-02	1.132e-02	1.305e+02	   1.091	   136.484
 126	63	 4.5932	 1.0604	   1.5057	        1.5046	          0.0011	   1.5057	        1.5046	     1.1750	2.790e-02	1.205e-02	1.353e+02	   1.069	   137.553
 127	64	 4.5657	 1.0624	   1.5056	        1.5046	          0.0010	   1.5056	        1.5046	     1.1751	3.371e-02	1.280e-02	1.122e+02	   1.066	   138.620
 128	64	 4.5954	 1.0600	   1.5057	        1.5046	          0.0011	   1.5057	        1.5046	     1.1750	2.687e-02	1.189e-02	1.238e+02	   1.111	   139.731
 129	65	 4.6229	 1.0593	   1.5057	        1.5046	          0.0011	   1.5057	        1.5046	     1.1751	2.057e-02	1.160e-02	1.493e+02	   1.080	   140.811
 130	65	 4.5896	 1.0598	   1.5057	        1.5046	          0.0010	   1.5057	        1.5046	     1.1750	2.774e-02	1.180e-02	1.558e+02	   1.100	   141.911
 131	66	 4.6089	 1.0525	   1.5056	        1.5046	          0.0010	   1.5056	        1.5046	     1.1749	2.333e-02	8.837e-03	1.221e+02	   1.104	   143.016
 132	66	 4.5857	 1.0601	   1.5056	        1.5046	          0.0010	   1.5056	        1.5046	     1.1750	2.815e-02	1.191e-02	1.258e+02	   1.086	   144.102
 133	67	 4.6008	 1.0566	   1.5056	        1.5046	          0.0010	   1.5056	        1.5046	     1.1750	2.456e-02	1.049e-02	1.190e+02	   1.096	   145.199
 134	67	 4.5825	 1.0600	   1.5056	        1.5046	          0.0010	   1.5056	        1.5046	     1.1750	2.842e-02	1.186e-02	1.240e+02	   1.088	   146.287
 135	68	 4.5889	 1.0577	   1.5056	        1.5046	          0.0010	   1.5056	        1.5046	     1.1750	2.673e-02	1.096e-02	1.216e+02	   1.074	   147.361
 136	68	 4.5809	 1.0597	   1.5056	        1.5046	          0.0010	   1.5056	        1.5046	     1.1750	2.829e-02	1.176e-02	1.258e+02	   1.059	   148.423
 137	69	 4.5657	 1.0576	   1.5056	        1.5046	          0.0010	   1.5056	        1.5046	     1.1750	3.140e-02	1.091e-02	1.489e+02	   1.074	   149.497
 138	69	 4.5820	 1.0595	   1.5056	        1.5046	          0.0010	   1.5056	        1.5046	     1.1749	2.754e-02	1.169e-02	1.599e+02	   1.057	   150.555
 139	70	 4.5547	 1.0567	   1.5056	        1.5046	          0.0009	   1.5056	        1.5046	     1.1750	3.341e-02	1.054e-02	1.567e+02	   1.085	   151.640
 140	70	 4.5834	 1.0594	   1.5056	        1.5046	          0.0010	   1.5056	        1.5046	     1.1749	2.672e-02	1.164e-02	1.688e+02	   1.138	   152.779
 141	71	 4.5821	 1.0658	   1.5057	        1.5046	          0.0011	   1.5057	        1.5046	     1.1751	2.690e-02	1.414e-02	1.389e+02	   1.202	   153.981
 142	71	 4.5816	 1.0587	   1.5056	        1.5046	          0.0010	   1.5056	        1.5046	     1.1749	2.668e-02	1.136e-02	1.416e+02	   1.137	   155.118
 143	72	 4.5908	 1.0562	   1.5056	        1.5046	          0.0010	   1.5056	        1.5046	     1.1749	2.459e-02	1.033e-02	1.678e+02	   1.097	   156.216
 144	72	 4.5784	 1.0586	   1.5056	        1.5046	          0.0010	   1.5056	        1.5046	     1.1749	2.695e-02	1.131e-02	1.751e+02	   1.099	   157.315
 145	73	 4.5788	 1.0596	   1.5056	        1.5046	          0.0010	   1.5056	        1.5046	     1.1749	2.672e-02	1.169e-02	1.248e+02	   1.074	   158.390
 146	73	 4.5765	 1.0582	   1.5056	        1.5046	          0.0010	   1.5056	        1.5046	     1.1749	2.694e-02	1.115e-02	1.295e+02	   1.113	   159.503
 147	74	 4.5945	 1.0617	   1.5057	        1.5046	          0.0011	   1.5057	        1.5046	     1.1750	2.277e-02	1.254e-02	1.291e+02	   1.097	   160.600
 148	74	 4.5732	 1.0577	   1.5056	        1.5046	          0.0010	   1.5056	        1.5046	     1.1749	2.727e-02	1.094e-02	1.324e+02	   1.071	   161.671
 149	75	 4.5877	 1.0557	   1.5056	        1.5046	          0.0010	   1.5056	        1.5046	     1.1748	2.379e-02	1.016e-02	1.101e+02	   1.093	   162.765
 150	75	 4.5702	 1.0575	   1.5056	        1.5046	          0.0010	   1.5056	        1.5046	     1.1748	2.751e-02	1.086e-02	1.120e+02	   1.107	   163.872
 151	76	 4.5738	 1.0503	   1.5055	        1.5046	          0.0009	   1.5055	        1.5046	     1.1747	2.653e-02	7.937e-03	1.093e+02	   1.108	   164.983
 152	76	 4.5692	 1.0577	   1.5056	        1.5046	          0.0010	   1.5056	        1.5046	     1.1748	2.729e-02	1.095e-02	1.122e+02	   1.121	   166.104
 153	77	 4.5586	 1.0516	   1.5055	        1.5046	          0.0009	   1.5055	        1.5046	     1.1748	2.926e-02	8.466e-03	1.132e+02	   1.079	   167.184
 154	77	 4.5693	 1.0578	   1.5056	        1.5046	          0.0010	   1.5056	        1.5046	     1.1748	2.681e-02	1.099e-02	1.190e+02	   1.085	   168.269
 155	78	 4.5573	 1.0597	   1.5056	        1.5046	          0.0010	   1.5056	        1.5046	     1.1749	2.938e-02	1.175e-02	1.314e+02	   1.068	   169.337
 156	78	 4.5691	 1.0573	   1.5056	        1.5046	          0.0010	   1.5056	        1.5046	     1.1748	2.642e-02	1.080e-02	1.370e+02	   1.064	   170.401
 157	79	 4.5783	 1.0569	   1.5056	        1.5046	          0.0010	   1.5056	        1.5046	     1.1748	2.408e-02	1.062e-02	1.225e+02	   1.073	   171.474
 158	79	 4.5661	 1.0570	   1.5056	        1.5046	          0.0010	   1.5056	        1.5046	     1.1748	2.668e-02	1.066e-02	1.258e+02	   1.061	   172.536
 159	80	 4.5711	 1.0594	   1.5056	        1.5046	          0.0010	   1.5056	        1.5046	     1.1749	2.540e-02	1.164e-02	1.097e+02	   1.087	   173.623
 160	80	 4.5642	 1.0565	   1.5056	        1.5046	          0.0010	   1.5056	        1.5046	     1.1748	2.670e-02	1.047e-02	1.136e+02	   1.077	   174.700
 161	81	 4.5914	 1.0596	   1.5057	        1.5046	          0.0010	   1.5057	        1.5046	     1.1749	2.039e-02	1.171e-02	1.485e+02	   1.076	   175.777
 162	81	 4.5600	 1.0561	   1.5056	        1.5046	          0.0010	   1.5056	        1.5046	     1.1748	2.728e-02	1.031e-02	1.514e+02	   1.073	   176.850
 163	82	 4.5718	 1.0556	   1.5056	        1.5046	          0.0010	   1.5056	        1.5046	     1.1748	2.445e-02	1.011e-02	1.073e+02	   1.094	   177.945
 164	82	 4.5583	 1.0559	   1.5055	        1.5046	          0.0009	   1.5055	        1.5046	     1.1747	2.724e-02	1.020e-02	1.093e+02	   1.086	   179.031
 165	83	 4.5533	 1.0542	   1.5055	        1.5046	          0.0009	   1.5055	        1.5046	     1.1747	2.826e-02	9.534e-03	1.144e+02	   1.087	   180.118
 166	83	 4.5582	 1.0557	   1.5055	        1.5046	          0.0009	   1.5055	        1.5046	     1.1747	2.684e-02	1.014e-02	1.204e+02	   1.088	   181.206
 167	84	 4.5578	 1.0561	   1.5056	        1.5046	          0.0009	   1.5056	        1.5046	     1.1748	2.676e-02	1.032e-02	1.116e+02	   1.062	   182.268
 168	84	 4.5571	 1.0554	   1.5055	        1.5046	          0.0009	   1.5055	        1.5046	     1.1747	2.666e-02	1.002e-02	1.153e+02	   1.099	   183.367
 169	85	 4.5551	 1.0531	   1.5055	        1.5046	          0.0009	   1.5055	        1.5046	     1.1747	2.693e-02	9.082e-03	1.490e+02	   1.086	   184.453
 170	85	 4.5562	 1.0553	   1.5055	        1.5046	          0.0009	   1.5055	        1.5046	     1.1747	2.645e-02	9.982e-03	1.561e+02	   1.110	   185.563
 171	86	 4.5689	 1.0565	   1.5056	        1.5046	          0.0010	   1.5056	        1.5046	     1.1748	2.346e-02	1.048e-02	1.868e+02	   1.121	   186.684
 172	86	 4.5531	 1.0551	   1.5055	        1.5046	          0.0009	   1.5055	        1.5046	     1.1747	2.676e-02	9.881e-03	1.931e+02	   1.066	   187.750
 173	87	 4.5710	 1.0562	   1.5056	        1.5046	          0.0010	   1.5056	        1.5046	     1.1748	2.250e-02	1.036e-02	1.544e+02	   1.093	   188.844
 174	87	 4.5502	 1.0548	   1.5055	        1.5046	          0.0009	   1.5055	        1.5046	     1.1747	2.706e-02	9.771e-03	1.600e+02	   1.061	   189.905
 175	88	 4.5574	 1.0559	   1.5055	        1.5046	          0.0009	   1.5055	        1.5046	     1.1747	2.528e-02	1.023e-02	1.287e+02	   1.069	   190.974
 176	88	 4.5491	 1.0545	   1.5055	        1.5046	          0.0009	   1.5055	        1.5046	     1.1747	2.691e-02	9.652e-03	1.309e+02	   1.060	   192.034
 177	89	 4.5656	 1.0542	   1.5055	        1.5046	          0.0009	   1.5055	        1.5046	     1.1747	2.295e-02	9.524e-03	1.342e+02	   1.081	   193.115
 178	89	 4.5468	 1.0543	   1.5055	        1.5046	          0.0009	   1.5055	        1.5046	     1.1747	2.705e-02	9.574e-03	1.358e+02	   1.140	   194.255
 179	90	 4.5458	 1.0550	   1.5055	        1.5046	          0.0009	   1.5055	        1.5046	     1.1747	2.710e-02	9.842e-03	1.122e+02	   1.078	   195.333
 180	90	 4.5462	 1.0540	   1.5055	        1.5046	          0.0009	   1.5055	        1.5046	     1.1746	2.677e-02	9.468e-03	1.164e+02	   1.083	   196.416
 181	91	 4.5232	 1.0557	   1.5055	        1.5046	          0.0009	   1.5055	        1.5046	     1.1747	3.190e-02	1.015e-02	9.871e+01	   1.077	   197.493
 182	91	 4.5473	 1.0538	   1.5055	        1.5046	          0.0009	   1.5055	        1.5046	     1.1746	2.609e-02	9.358e-03	1.084e+02	   1.086	   198.579
 183	92	 4.5325	 1.0515	   1.5055	        1.5046	          0.0009	   1.5055	        1.5046	     1.1746	2.939e-02	8.425e-03	1.604e+02	   1.105	   199.685
 184	92	 4.5472	 1.0538	   1.5055	        1.5046	          0.0009	   1.5055	        1.5046	     1.1746	2.571e-02	9.353e-03	1.693e+02	   1.113	   200.798
 185	93	 4.5317	 1.0528	   1.5055	        1.5046	          0.0009	   1.5055	        1.5046	     1.1746	2.904e-02	8.966e-03	1.094e+02	   1.085	   201.883
 186	93	 4.5471	 1.0536	   1.5055	        1.5046	          0.0009	   1.5055	        1.5046	     1.1746	2.533e-02	9.289e-03	1.164e+02	   1.064	   202.947
 187	94	 4.5477	 1.0537	   1.5055	        1.5046	          0.0009	   1.5055	        1.5046	     1.1746	2.502e-02	9.335e-03	1.704e+02	   1.074	   204.021
 188	94	 4.5454	 1.0534	   1.5055	        1.5046	          0.0009	   1.5055	        1.5046	     1.1746	2.536e-02	9.216e-03	1.765e+02	   1.060	   205.081
 189	95	 4.5456	 1.0506	   1.5055	        1.5046	          0.0009	   1.5055	        1.5046	     1.1746	2.509e-02	8.053e-03	1.221e+02	   1.007	   206.089
 190	95	 4.5434	 1.0534	   1.5055	        1.5046	          0.0009	   1.5055	        1.5046	     1.1746	2.543e-02	9.194e-03	1.254e+02	   0.999	   207.088
 191	96	 4.5387	 1.0501	   1.5055	        1.5046	          0.0009	   1.5055	        1.5046	     1.1746	2.623e-02	7.876e-03	1.238e+02	   0.945	   208.034
 192	96	 4.5423	 1.0533	   1.5055	        1.5046	          0.0009	   1.5055	        1.5046	     1.1746	2.532e-02	9.179e-03	1.286e+02	   0.887	   208.921
 193	97	 4.5271	 1.0508	   1.5054	        1.5046	          0.0008	   1.5054	        1.5046	     1.1746	2.859e-02	8.131e-03	1.127e+02	   0.860	   209.781
 194	97	 4.5418	 1.0532	   1.5055	        1.5046	          0.0009	   1.5055	        1.5046	     1.1746	2.502e-02	9.144e-03	1.186e+02	   0.857	   210.638
 195	98	 4.5075	 1.0523	   1.5054	        1.5046	          0.0008	   1.5054	        1.5046	     1.1746	3.246e-02	8.777e-03	1.778e+02	   0.857	   211.495
 196	98	 4.5431	 1.0532	   1.5055	        1.5046	          0.0009	   1.5055	        1.5046	     1.1746	2.434e-02	9.115e-03	1.928e+02	   0.864	   212.359
 197	99	 4.5388	 1.0530	   1.5055	        1.5046	          0.0009	   1.5055	        1.5046	     1.1746	2.511e-02	9.042e-03	1.291e+02	   0.849	   213.208
 198	99	 4.5410	 1.0529	   1.5055	        1.5046	          0.0009	   1.5055	        1.5046	     1.1746	2.444e-02	9.017e-03	1.336e+02	   0.885	   214.094
 199	100	 4.5573	 1.0542	   1.5055	        1.5046	          0.0009	   1.5055	        1.5046	     1.1746	2.073e-02	9.517e-03	1.151e+02	   0.842	   214.936
 200	100	 4.5377	 1.0526	   1.5055	        1.5046	          0.0009	   1.5055	        1.5046	     1.1745	2.487e-02	8.894e-03	1.166e+02	   0.814	   215.751
 201	101	 4.5479	 1.0507	   1.5055	        1.5046	          0.0009	   1.5055	        1.5046	     1.1745	2.222e-02	8.122e-03	1.434e+02	   0.849	   216.600
 202	101	 4.5349	 1.0525	   1.5055	        1.5046	          0.0009	   1.5055	        1.5046	     1.1745	2.517e-02	8.850e-03	1.475e+02	   0.834	   217.435
 203	102	 4.5411	 1.0539	   1.5055	        1.5046	          0.0009	   1.5055	        1.5046	     1.1746	2.369e-02	9.429e-03	1.198e+02	   0.863	   218.298
 204	102	 4.5332	 1.0522	   1.5055	        1.5046	          0.0009	   1.5055	        1.5046	     1.1745	2.522e-02	8.730e-03	1.219e+02	   0.824	   219.123
 205	103	 4.5216	 1.0489	   1.5054	        1.5046	          0.0008	   1.5054	        1.5046	     1.1745	2.765e-02	7.391e-03	1.019e+02	   0.817	   219.940
 206	103	 4.5326	 1.0522	   1.5055	        1.5046	          0.0009	   1.5055	        1.5046	     1.1745	2.497e-02	8.717e-03	1.065e+02	   0.818	   220.759
 207	104	 4.5190	 1.0526	   1.5054	        1.5046	          0.0008	   1.5054	        1.5046	     1.1745	2.776e-02	8.870e-03	1.330e+02	   0.850	   221.609
 208	104	 4.5321	 1.0520	   1.5055	        1.5046	          0.0009	   1.5055	        1.5046	     1.1745	2.472e-02	8.629e-03	1.396e+02	   0.869	   222.478
 209	105	 4.5386	 1.0513	   1.5055	        1.5046	          0.0009	   1.5055	        1.5046	     1.1745	2.325e-02	8.359e-03	1.430e+02	   0.871	   223.349
 210	105	 4.5298	 1.0518	   1.5055	        1.5046	          0.0009	   1.5055	        1.5046	     1.1745	2.490e-02	8.561e-03	1.468e+02	   0.818	   224.167
 211	106	 4.5221	 1.0546	   1.5055	        1.5046	          0.0009	   1.5055	        1.5046	     1.1746	2.663e-02	9.701e-03	1.626e+02	   0.837	   225.005
 212	106	 4.5288	 1.0515	   1.5055	        1.5046	          0.0008	   1.5055	        1.5046	     1.1745	2.479e-02	8.445e-03	1.695e+02	   0.823	   225.828
 213	107	 4.5432	 1.0507	   1.5055	        1.5046	          0.0009	   1.5055	        1.5046	     1.1745	2.129e-02	8.099e-03	1.059e+02	   0.817	   226.646
 214	107	 4.5261	 1.0514	   1.5054	        1.5046	          0.0008	   1.5054	        1.5046	     1.1745	2.507e-02	8.380e-03	1.054e+02	   0.893	   227.539
 215	108	 4.5287	 1.0551	   1.5055	        1.5046	          0.0009	   1.5055	        1.5046	     1.1745	2.429e-02	9.895e-03	1.545e+02	   0.930	   228.470
 216	108	 4.5244	 1.0511	   1.5054	        1.5046	          0.0008	   1.5054	        1.5046	     1.1745	2.512e-02	8.253e-03	1.593e+02	   0.865	   229.335
 217	109	 4.5200	 1.0486	   1.5054	        1.5046	          0.0008	   1.5054	        1.5046	     1.1744	2.608e-02	7.249e-03	1.071e+02	   0.841	   230.177
 218	109	 4.5234	 1.0510	   1.5054	        1.5046	          0.0008	   1.5054	        1.5046	     1.1744	2.501e-02	8.234e-03	1.117e+02	   0.825	   231.002
 219	110	 4.5037	 1.0519	   1.5054	        1.5046	          0.0008	   1.5054	        1.5046	     1.1745	2.935e-02	8.601e-03	1.494e+02	   0.833	   231.835
 220	110	 4.5235	 1.0508	   1.5054	        1.5046	          0.0008	   1.5054	        1.5046	     1.1744	2.462e-02	8.165e-03	1.584e+02	   0.829	   232.664
 221	111	 4.5186	 1.0543	   1.5055	        1.5046	          0.0009	   1.5055	        1.5046	     1.1745	2.552e-02	9.567e-03	1.322e+02	   0.882	   233.546
 222	111	 4.5224	 1.0505	   1.5054	        1.5046	          0.0008	   1.5054	        1.5046	     1.1744	2.453e-02	8.044e-03	1.349e+02	   0.855	   234.402
 223	112	 4.5183	 1.0477	   1.5054	        1.5046	          0.0008	   1.5054	        1.5046	     1.1744	2.529e-02	6.892e-03	1.174e+02	   0.826	   235.228
 224	112	 4.5211	 1.0505	   1.5054	        1.5046	          0.0008	   1.5054	        1.5046	     1.1744	2.448e-02	8.039e-03	1.203e+02	   0.823	   236.051
 225	113	 4.5242	 1.0530	   1.5055	        1.5046	          0.0009	   1.5055	        1.5046	     1.1745	2.360e-02	9.062e-03	9.819e+01	   0.813	   236.864
 226	113	 4.5194	 1.0502	   1.5054	        1.5046	          0.0008	   1.5054	        1.5046	     1.1744	2.455e-02	7.924e-03	9.941e+01	   0.853	   237.717
 227	114	 4.5197	 1.0507	   1.5054	        1.5046	          0.0008	   1.5054	        1.5046	     1.1744	2.435e-02	8.124e-03	1.218e+02	   0.887	   238.605
 228	114	 4.5179	 1.0501	   1.5054	        1.5046	          0.0008	   1.5054	        1.5046	     1.1744	2.457e-02	7.854e-03	1.256e+02	   0.879	   239.484
 229	115	 4.5068	 1.0486	   1.5054	        1.5046	          0.0008	   1.5054	        1.5046	     1.1744	2.696e-02	7.249e-03	1.466e+02	   0.825	   240.309
 230	115	 4.5172	 1.0500	   1.5054	        1.5046	          0.0008	   1.5054	        1.5046	     1.1744	2.439e-02	7.835e-03	1.518e+02	   0.826	   241.135
 231	116	 4.5098	 1.0505	   1.5054	        1.5046	          0.0008	   1.5054	        1.5046	     1.1744	2.604e-02	8.018e-03	1.472e+02	   0.832	   241.968
 232	116	 4.5164	 1.0499	   1.5054	        1.5046	          0.0008	   1.5054	        1.5046	     1.1744	2.423e-02	7.775e-03	1.532e+02	   0.820	   242.788
 233	117	 4.5125	 1.0525	   1.5054	        1.5046	          0.0008	   1.5054	        1.5046	     1.1744	2.509e-02	8.823e-03	1.623e+02	   0.816	   243.604
 234	117	 4.5151	 1.0497	   1.5054	        1.5046	          0.0008	   1.5054	        1.5046	     1.1744	2.421e-02	7.685e-03	1.672e+02	   0.825	   244.429
 235	118	 4.5258	 1.0511	   1.5054	        1.5046	          0.0008	   1.5054	        1.5046	     1.1744	2.162e-02	8.265e-03	1.083e+02	   0.819	   245.249
 236	118	 4.5130	 1.0495	   1.5054	        1.5046	          0.0008	   1.5054	        1.5046	     1.1744	2.438e-02	7.602e-03	1.078e+02	   0.835	   246.084
 237	119	 4.5154	 1.0486	   1.5054	        1.5046	          0.0008	   1.5054	        1.5046	     1.1744	2.374e-02	7.271e-03	1.211e+02	   0.815	   246.899
 238	119	 4.5114	 1.0494	   1.5054	        1.5046	          0.0008	   1.5054	        1.5046	     1.1744	2.444e-02	7.564e-03	1.238e+02	   0.839	   247.738
 239	120	 4.5083	 1.0497	   1.5054	        1.5046	          0.0008	   1.5054	        1.5046	     1.1744	2.494e-02	7.683e-03	1.073e+02	   0.820	   248.558
 240	120	 4.5103	 1.0492	   1.5054	        1.5046	          0.0008	   1.5054	        1.5046	     1.1743	2.435e-02	7.504e-03	1.094e+02	   0.869	   249.428
 241	121	 4.5181	 1.0497	   1.5054	        1.5046	          0.0008	   1.5054	        1.5046	     1.1744	2.255e-02	7.720e-03	1.244e+02	   0.852	   250.280
 242	121	 4.5085	 1.0491	   1.5054	        1.5046	          0.0008	   1.5054	        1.5046	     1.1743	2.447e-02	7.443e-03	1.267e+02	   0.820	   251.099
 243	122	 4.5115	 1.0457	   1.5054	        1.5046	          0.0008	   1.5054	        1.5046	     1.1743	2.365e-02	6.089e-03	1.062e+02	   0.823	   251.922
 244	122	 4.5071	 1.0491	   1.5054	        1.5046	          0.0008	   1.5054	        1.5046	     1.1743	2.448e-02	7.458e-03	1.083e+02	   0.818	   252.740
 245	123	 4.5293	 1.0504	   1.5054	        1.5046	          0.0008	   1.5054	        1.5046	     1.1744	1.925e-02	7.979e-03	1.227e+02	   0.833	   253.573
 246	123	 4.5044	 1.0489	   1.5054	        1.5046	          0.0008	   1.5054	        1.5046	     1.1743	2.482e-02	7.388e-03	1.227e+02	   0.893	   254.466
 247	124	 4.5086	 1.0462	   1.5054	        1.5046	          0.0008	   1.5054	        1.5046	     1.1743	2.371e-02	6.288e-03	1.075e+02	   0.848	   255.314
 248	124	 4.5033	 1.0489	   1.5054	        1.5046	          0.0008	   1.5054	        1.5046	     1.1743	2.475e-02	7.385e-03	1.092e+02	   0.837	   256.152
 249	125	 4.5131	 1.0476	   1.5054	        1.5046	          0.0008	   1.5054	        1.5046	     1.1743	2.227e-02	6.862e-03	9.793e+01	   0.818	   256.970
 250	125	 4.5016	 1.0488	   1.5054	        1.5046	          0.0008	   1.5054	        1.5046	     1.1743	2.483e-02	7.349e-03	9.802e+01	   0.845	   257.815
 251	126	 4.5082	 1.0521	   1.5054	        1.5046	          0.0008	   1.5054	        1.5046	     1.1744	2.319e-02	8.683e-03	1.309e+02	   0.815	   258.630
 252	126	 4.5003	 1.0486	   1.5054	        1.5046	          0.0008	   1.5054	        1.5046	     1.1743	2.482e-02	7.248e-03	1.324e+02	   0.878	   259.509
 253	127	 4.4853	 1.0498	   1.5054	        1.5046	          0.0007	   1.5054	        1.5046	     1.1743	2.808e-02	7.736e-03	1.181e+02	   0.827	   260.336
 254	127	 4.5006	 1.0484	   1.5054	        1.5046	          0.0008	   1.5054	        1.5046	     1.1743	2.442e-02	7.185e-03	1.263e+02	   0.823	   261.159
 255	128	 4.5094	 1.0476	   1.5054	        1.5046	          0.0008	   1.5054	        1.5046	     1.1743	2.227e-02	6.866e-03	9.825e+01	   0.823	   261.983
 256	128	 4.4989	 1.0483	   1.5054	        1.5046	          0.0008	   1.5054	        1.5046	     1.1743	2.452e-02	7.146e-03	9.825e+01	   0.825	   262.809
 257	129	 4.4797	 1.0481	   1.5053	        1.5046	          0.0007	   1.5053	        1.5046	     1.1743	2.878e-02	7.050e-03	1.657e+02	   0.846	   263.655
 258	129	 4.4992	 1.0483	   1.5054	        1.5046	          0.0008	   1.5054	        1.5046	     1.1743	2.412e-02	7.124e-03	1.768e+02	   0.816	   264.471
 259	130	 4.5045	 1.0481	   1.5054	        1.5046	          0.0008	   1.5054	        1.5046	     1.1743	2.288e-02	7.034e-03	1.573e+02	   0.889	   265.360
 260	130	 4.4976	 1.0482	   1.5054	        1.5046	          0.0008	   1.5054	        1.5046	     1.1743	2.420e-02	7.086e-03	1.600e+02	   0.865	   266.225
 261	131	 4.5009	 1.0474	   1.5054	        1.5046	          0.0008	   1.5054	        1.5046	     1.1743	2.327e-02	6.751e-03	1.105e+02	   0.820	   267.046
 262	131	 4.4961	 1.0481	   1.5054	        1.5046	          0.0008	   1.5054	        1.5046	     1.1743	2.425e-02	7.047e-03	1.126e+02	   0.816	   267.862
 263	132	 4.5026	 1.0429	   1.5053	        1.5046	          0.0007	   1.5053	        1.5046	     1.1742	2.266e-02	4.963e-03	1.292e+02	   0.822	   268.685
 264	132	 4.4945	 1.0482	   1.5054	        1.5046	          0.0008	   1.5054	        1.5046	     1.1743	2.431e-02	7.106e-03	1.309e+02	   0.839	   269.523
 265	133	 4.4888	 1.0484	   1.5053	        1.5046	          0.0007	   1.5053	        1.5046	     1.1743	2.554e-02	7.181e-03	1.718e+02	   0.897	   270.421
 266	133	 4.4938	 1.0481	   1.5054	        1.5046	          0.0008	   1.5054	        1.5046	     1.1743	2.417e-02	7.059e-03	1.780e+02	   0.863	   271.284
 267	134	 4.4861	 1.0471	   1.5053	        1.5046	          0.0007	   1.5053	        1.5046	     1.1742	2.577e-02	6.641e-03	1.342e+02	   0.844	   272.129
 268	134	 4.4933	 1.0480	   1.5054	        1.5046	          0.0008	   1.5054	        1.5046	     1.1742	2.397e-02	7.024e-03	1.391e+02	   0.823	   272.952
 269	135	 4.5034	 1.0475	   1.5054	        1.5046	          0.0008	   1.5054	        1.5046	     1.1743	2.157e-02	6.818e-03	1.297e+02	   0.830	   273.782
 270	135	 4.4915	 1.0479	   1.5054	        1.5046	          0.0007	   1.5054	        1.5046	     1.1742	2.410e-02	6.977e-03	1.312e+02	   0.829	   274.612
 271	136	 4.5011	 1.0508	   1.5054	        1.5046	          0.0008	   1.5054	        1.5046	     1.1743	2.175e-02	8.149e-03	8.842e+01	   0.806	   275.418
 272	136	 4.4899	 1.0477	   1.5053	        1.5046	          0.0007	   1.5053	        1.5046	     1.1742	2.418e-02	6.875e-03	8.682e+01	   0.826	   276.244
 273	137	 4.4982	 1.0477	   1.5054	        1.5046	          0.0008	   1.5054	        1.5046	     1.1742	2.225e-02	6.869e-03	1.336e+02	   0.822	   277.067
 274	137	 4.4885	 1.0476	   1.5053	        1.5046	          0.0007	   1.5053	        1.5046	     1.1742	2.422e-02	6.827e-03	1.357e+02	   0.820	   277.887
 275	138	 4.4955	 1.0488	   1.5054	        1.5046	          0.0008	   1.5054	        1.5046	     1.1742	2.248e-02	7.336e-03	1.299e+02	   0.836	   278.723
 276	138	 4.4873	 1.0474	   1.5053	        1.5046	          0.0007	   1.5053	        1.5046	     1.1742	2.422e-02	6.761e-03	1.307e+02	   0.820	   279.543
 277	139	 4.4943	 1.0472	   1.5054	        1.5046	          0.0007	   1.5054	        1.5046	     1.1742	2.244e-02	6.676e-03	1.306e+02	   0.838	   280.382
 278	139	 4.4860	 1.0473	   1.5053	        1.5046	          0.0007	   1.5053	        1.5046	     1.1742	2.423e-02	6.719e-03	1.326e+02	   0.852	   281.234
 279	140	 4.4963	 1.0483	   1.5054	        1.5046	          0.0008	   1.5054	        1.5046	     1.1742	2.176e-02	7.148e-03	1.216e+02	   0.856	   282.090
 280	140	 4.4843	 1.0471	   1.5053	        1.5046	          0.0007	   1.5053	        1.5046	     1.1742	2.434e-02	6.658e-03	1.233e+02	   0.832	   282.922
 281	141	 4.4848	 1.0510	   1.5054	        1.5046	          0.0008	   1.5054	        1.5046	     1.1742	2.422e-02	8.244e-03	1.096e+02	   0.820	   283.742
 282	141	 4.4836	 1.0469	   1.5053	        1.5046	          0.0007	   1.5053	        1.5046	     1.1742	2.421e-02	6.563e-03	1.114e+02	   0.814	   284.557
 283	142	 4.4710	 1.0445	   1.5053	        1.5046	          0.0007	   1.5053	        1.5046	     1.1742	2.692e-02	5.570e-03	1.273e+02	   0.822	   285.379
 284	142	 4.4838	 1.0469	   1.5053	        1.5046	          0.0007	   1.5053	        1.5046	     1.1742	2.387e-02	6.575e-03	1.341e+02	   0.886	   286.265
 285	143	 4.5002	 1.0473	   1.5054	        1.5046	          0.0008	   1.5054	        1.5046	     1.1742	2.013e-02	6.739e-03	1.306e+02	   0.844	   287.109
 286	143	 4.4819	 1.0468	   1.5053	        1.5046	          0.0007	   1.5053	        1.5046	     1.1742	2.406e-02	6.531e-03	1.303e+02	   0.857	   287.966
 287	144	 4.4806	 1.0487	   1.5053	        1.5046	          0.0007	   1.5053	        1.5046	     1.1742	2.422e-02	7.299e-03	1.852e+02	   0.874	   288.840
 288	144	 4.4811	 1.0467	   1.5053	        1.5046	          0.0007	   1.5053	        1.5046	     1.1742	2.395e-02	6.478e-03	1.908e+02	   0.917	   289.758
 289	145	 4.5028	 1.0471	   1.5054	        1.5046	          0.0008	   1.5054	        1.5046	     1.1742	1.886e-02	6.625e-03	1.308e+02	   0.926	   290.684
 290	145	 4.4787	 1.0466	   1.5053	        1.5046	          0.0007	   1.5053	        1.5046	     1.1742	2.424e-02	6.441e-03	1.314e+02	   0.852	   291.536
 291	146	 4.4697	 1.0466	   1.5053	        1.5046	          0.0007	   1.5053	        1.5046	     1.1742	2.613e-02	6.431e-03	7.460e+01	   0.813	   292.350
 292	146	 4.4785	 1.0465	   1.5053	        1.5046	          0.0007	   1.5053	        1.5046	     1.1742	2.399e-02	6.399e-03	7.900e+01	   0.824	   293.174
 293	147	 4.4799	 1.0481	   1.5053	        1.5046	          0.0007	   1.5053	        1.5046	     1.1742	2.356e-02	7.048e-03	1.220e+02	   0.820	   293.995
 294	147	 4.4777	 1.0464	   1.5053	        1.5046	          0.0007	   1.5053	        1.5046	     1.1742	2.390e-02	6.339e-03	1.237e+02	   0.837	   294.832
 295	148	 4.4849	 1.0468	   1.5053	        1.5046	          0.0007	   1.5053	        1.5046	     1.1742	2.210e-02	6.517e-03	1.091e+02	   0.819	   295.651
 296	148	 4.4764	 1.0462	   1.5053	        1.5046	          0.0007	   1.5053	        1.5046	     1.1741	2.392e-02	6.295e-03	1.092e+02	   0.862	   296.513
 297	149	 4.4804	 1.0454	   1.5053	        1.5046	          0.0007	   1.5053	        1.5046	     1.1741	2.298e-02	5.947e-03	1.228e+02	   0.854	   297.367
 298	149	 4.4754	 1.0462	   1.5053	        1.5046	          0.0007	   1.5053	        1.5046	     1.1741	2.389e-02	6.274e-03	1.249e+02	   0.854	   298.222
 299	150	 4.4635	 1.0465	   1.5053	        1.5046	          0.0007	   1.5053	        1.5046	     1.1741	2.652e-02	6.405e-03	1.166e+02	   0.844	   299.066
 300	150	 4.4752	 1.0461	   1.5053	        1.5046	          0.0007	   1.5053	        1.5046	     1.1741	2.363e-02	6.238e-03	1.222e+02	   0.816	   299.882
 301	151	 4.4815	 1.0481	   1.5053	        1.5046	          0.0007	   1.5053	        1.5046	     1.1742	2.204e-02	7.051e-03	9.809e+01	   0.818	   300.700
 302	151	 4.4740	 1.0459	   1.5053	        1.5046	          0.0007	   1.5053	        1.5046	     1.1741	2.365e-02	6.173e-03	9.737e+01	   0.854	   301.554
 303	152	 4.4711	 1.0423	   1.5053	        1.5046	          0.0007	   1.5053	        1.5046	     1.1741	2.416e-02	4.723e-03	1.297e+02	   0.867	   302.422
 304	152	 4.4733	 1.0460	   1.5053	        1.5046	          0.0007	   1.5053	        1.5046	     1.1741	2.352e-02	6.208e-03	1.340e+02	   0.857	   303.278
 305	153	 4.4568	 1.0471	   1.5053	        1.5046	          0.0007	   1.5053	        1.5046	     1.1741	2.723e-02	6.647e-03	1.290e+02	   0.850	   304.128
 306	153	 4.4735	 1.0459	   1.5053	        1.5046	          0.0007	   1.5053	        1.5046	     1.1741	2.320e-02	6.165e-03	1.367e+02	   0.841	   304.970
 307	154	 4.4854	 1.0488	   1.5053	        1.5046	          0.0007	   1.5053	        1.5046	     1.1742	2.035e-02	7.320e-03	1.590e+02	   0.818	   305.788
 308	154	 4.4715	 1.0458	   1.5053	        1.5046	          0.0007	   1.5053	        1.5046	     1.1741	2.340e-02	6.101e-03	1.625e+02	   0.830	   306.618
 309	155	 4.4632	 1.0440	   1.5053	        1.5046	          0.0007	   1.5053	        1.5046	     1.1741	2.522e-02	5.368e-03	1.096e+02	   0.779	   307.397
 310	155	 4.4711	 1.0458	   1.5053	        1.5046	          0.0007	   1.5053	        1.5046	     1.1741	2.321e-02	6.098e-03	1.146e+02	   0.763	   308.161
 311	156	 4.4906	 1.0494	   1.5054	        1.5046	          0.0008	   1.5054	        1.5046	     1.1742	1.858e-02	7.573e-03	1.426e+02	   0.731	   308.892
 312	156	 4.4690	 1.0456	   1.5053	        1.5046	          0.0007	   1.5053	        1.5046	     1.1741	2.346e-02	6.028e-03	1.423e+02	   0.716	   309.609
 313	157	 4.4695	 1.0483	   1.5053	        1.5046	          0.0007	   1.5053	        1.5046	     1.1741	2.327e-02	7.124e-03	1.504e+02	   0.680	   310.289
 314	157	 4.4680	 1.0454	   1.5053	        1.5046	          0.0007	   1.5053	        1.5046	     1.1741	2.342e-02	5.967e-03	1.536e+02	   0.686	   310.975
 315	158	 4.4539	 1.0469	   1.5053	        1.5046	          0.0007	   1.5053	        1.5046	     1.1741	2.647e-02	6.553e-03	1.451e+02	   0.668	   311.643
 316	158	 4.4679	 1.0453	   1.5053	        1.5046	          0.0007	   1.5053	        1.5046	     1.1741	2.316e-02	5.929e-03	1.505e+02	   0.661	   312.304
 317	159	 4.4568	 1.0438	   1.5053	        1.5046	          0.0007	   1.5053	        1.5046	     1.1741	2.550e-02	5.321e-03	1.276e+02	   0.670	   312.974
 318	159	 4.4677	 1.0453	   1.5053	        1.5046	          0.0007	   1.5053	        1.5046	     1.1741	2.294e-02	5.929e-03	1.335e+02	   0.659	   313.633
 319	160	 4.4726	 1.0455	   1.5053	        1.5046	          0.0007	   1.5053	        1.5046	     1.1741	2.170e-02	6.008e-03	1.907e+02	   0.641	   314.274
 320	160	 4.4665	 1.0453	   1.5053	        1.5046	          0.0007	   1.5053	        1.5046	     1.1741	2.297e-02	5.909e-03	1.943e+02	   0.629	   314.903
 321	161	 4.4772	 1.0457	   1.5053	        1.5046	          0.0007	   1.5053	        1.5046	     1.1741	2.040e-02	6.056e-03	1.577e+02	   0.668	   315.572
 322	161	 4.4648	 1.0452	   1.5053	        1.5046	          0.0007	   1.5053	        1.5046	     1.1741	2.310e-02	5.880e-03	1.592e+02	   0.639	   316.211
 323	162	 4.4666	 1.0460	   1.5053	        1.5046	          0.0007	   1.5053	        1.5046	     1.1741	2.260e-02	6.181e-03	1.422e+02	   0.675	   316.886
 324	162	 4.4637	 1.0451	   1.5053	        1.5046	          0.0007	   1.5053	        1.5046	     1.1741	2.309e-02	5.842e-03	1.454e+02	   0.659	   317.546
 325	163	 4.4594	 1.0445	   1.5053	        1.5046	          0.0007	   1.5053	        1.5046	     1.1741	2.392e-02	5.600e-03	1.006e+02	   0.672	   318.218
 326	163	 4.4632	 1.0451	   1.5053	        1.5046	          0.0007	   1.5053	        1.5046	     1.1741	2.295e-02	5.819e-03	1.040e+02	   0.708	   318.926
 327	164	 4.4653	 1.0451	   1.5053	        1.5046	          0.0007	   1.5053	        1.5046	     1.1741	2.246e-02	5.821e-03	1.185e+02	   0.660	   319.587
 328	164	 4.4622	 1.0450	   1.5053	        1.5046	          0.0007	   1.5053	        1.5046	     1.1740	2.295e-02	5.788e-03	1.199e+02	   0.644	   320.231
 329	165	 4.4584	 1.0451	   1.5053	        1.5046	          0.0007	   1.5053	        1.5046	     1.1740	2.371e-02	5.812e-03	8.363e+01	   0.629	   320.861
 330	165	 4.4615	 1.0449	   1.5053	        1.5046	          0.0007	   1.5053	        1.5046	     1.1740	2.284e-02	5.754e-03	8.598e+01	   0.637	   321.498
 331	166	 4.4695	 1.0440	   1.5053	        1.5046	          0.0007	   1.5053	        1.5046	     1.1740	2.081e-02	5.373e-03	1.354e+02	   0.631	   322.128
 332	166	 4.4601	 1.0449	   1.5053	        1.5046	          0.0007	   1.5053	        1.5046	     1.1740	2.291e-02	5.741e-03	1.363e+02	   0.638	   322.767
 333	167	 4.4519	 1.0429	   1.5052	        1.5046	          0.0006	   1.5052	        1.5046	     1.1740	2.472e-02	4.953e-03	1.617e+02	   0.655	   323.423
 334	167	 4.4600	 1.0449	   1.5053	        1.5046	          0.0007	   1.5053	        1.5046	     1.1740	2.269e-02	5.752e-03	1.692e+02	   0.674	   324.097
 335	168	 4.4634	 1.0453	   1.5053	        1.5046	          0.0007	   1.5053	        1.5046	     1.1740	2.185e-02	5.902e-03	1.392e+02	   0.687	   324.784
 336	168	 4.4589	 1.0448	   1.5053	        1.5046	          0.0007	   1.5053	        1.5046	     1.1740	2.269e-02	5.717e-03	1.405e+02	   0.639	   325.424
 337	169	 4.4372	 1.0486	   1.5052	        1.5046	          0.0006	   1.5052	        1.5046	     1.1741	2.754e-02	7.237e-03	1.302e+02	   0.680	   326.104
 338	169	 4.4591	 1.0447	   1.5053	        1.5046	          0.0007	   1.5053	        1.5046	     1.1740	2.237e-02	5.658e-03	1.405e+02	   0.641	   326.744
 339	170	 4.4516	 1.0442	   1.5053	        1.5046	          0.0006	   1.5053	        1.5046	     1.1740	2.399e-02	5.482e-03	1.504e+02	   0.651	   327.396
 340	170	 4.4584	 1.0446	   1.5053	        1.5046	          0.0007	   1.5053	        1.5046	     1.1740	2.228e-02	5.641e-03	1.561e+02	   0.674	   328.070
 341	171	 4.4540	 1.0441	   1.5053	        1.5046	          0.0007	   1.5053	        1.5046	     1.1740	2.329e-02	5.412e-03	1.090e+02	   0.654	   328.725
 342	171	 4.4575	 1.0446	   1.5053	        1.5046	          0.0007	   1.5053	        1.5046	     1.1740	2.223e-02	5.619e-03	1.120e+02	   0.657	   329.381
 343	172	 4.4720	 1.0449	   1.5053	        1.5046	          0.0007	   1.5053	        1.5046	     1.1740	1.881e-02	5.730e-03	1.241e+02	   0.663	   330.045
 344	172	 4.4556	 1.0445	   1.5053	        1.5046	          0.0007	   1.5053	        1.5046	     1.1740	2.246e-02	5.588e-03	1.246e+02	   0.671	   330.716
 345	173	 4.4444	 1.0439	   1.5052	        1.5046	          0.0006	   1.5052	        1.5046	     1.1740	2.489e-02	5.325e-03	1.505e+02	   0.648	   331.364
 346	173	 4.4552	 1.0445	   1.5053	        1.5046	          0.0007	   1.5053	        1.5046	     1.1740	2.228e-02	5.576e-03	1.567e+02	   0.640	   332.005
 347	174	 4.4542	 1.0459	   1.5053	        1.5046	          0.0007	   1.5053	        1.5046	     1.1740	2.243e-02	6.141e-03	1.004e+02	   0.656	   332.661
 348	174	 4.4543	 1.0444	   1.5053	        1.5046	          0.0007	   1.5053	        1.5046	     1.1740	2.225e-02	5.527e-03	1.021e+02	   0.643	   333.304
 349	175	 4.4614	 1.0433	   1.5053	        1.5046	          0.0007	   1.5053	        1.5046	     1.1740	2.062e-02	5.093e-03	1.209e+02	   0.629	   333.933
 350	175	 4.4529	 1.0443	   1.5053	        1.5046	          0.0006	   1.5053	        1.5046	     1.1740	2.235e-02	5.514e-03	1.219e+02	   0.637	   334.570
 351	176	 4.4483	 1.0439	   1.5052	        1.5046	          0.0006	   1.5052	        1.5046	     1.1740	2.326e-02	5.331e-03	1.136e+02	   0.630	   335.201
 352	176	 4.4520	 1.0443	   1.5053	        1.5046	          0.0006	   1.5053	        1.5046	     1.1740	2.231e-02	5.492e-03	1.169e+02	   0.659	   335.860
 353	177	 4.4500	 1.0433	   1.5052	        1.5046	          0.0006	   1.5052	        1.5046	     1.1740	2.262e-02	5.104e-03	1.264e+02	   0.667	   336.527
 354	177	 4.4512	 1.0442	   1.5053	        1.5046	          0.0006	   1.5053	        1.5046	     1.1740	2.226e-02	5.478e-03	1.298e+02	   0.659	   337.186
 355	178	 4.4314	 1.0444	   1.5052	        1.5046	          0.0006	   1.5052	        1.5046	     1.1740	2.662e-02	5.558e-03	1.419e+02	   0.638	   337.824
 356	178	 4.4512	 1.0442	   1.5053	        1.5046	          0.0006	   1.5053	        1.5046	     1.1740	2.199e-02	5.460e-03	1.507e+02	   0.667	   338.490
 357	179	 4.4480	 1.0458	   1.5053	        1.5046	          0.0006	   1.5053	        1.5046	     1.1740	2.275e-02	6.096e-03	7.643e+01	   0.663	   339.154
 358	179	 4.4503	 1.0441	   1.5052	        1.5046	          0.0006	   1.5052	        1.5046	     1.1740	2.195e-02	5.407e-03	7.900e+01	   0.630	   339.784
 359	180	 4.4510	 1.0448	   1.5053	        1.5046	          0.0006	   1.5053	        1.5046	     1.1740	2.172e-02	5.687e-03	1.380e+02	   0.680	   340.464
 360	180	 4.4494	 1.0440	   1.5052	        1.5046	          0.0006	   1.5052	        1.5046	     1.1740	2.195e-02	5.373e-03	1.409e+02	   0.630	   341.094
 361	181	 4.4382	 1.0470	   1.5052	        1.5046	          0.0006	   1.5052	        1.5046	     1.1740	2.442e-02	6.577e-03	1.073e+02	   0.707	   341.801
 362	181	 4.4488	 1.0438	   1.5052	        1.5046	          0.0006	   1.5052	        1.5046	     1.1740	2.183e-02	5.317e-03	1.121e+02	   0.761	   342.562
 363	182	 4.4459	 1.0429	   1.5052	        1.5046	          0.0006	   1.5052	        1.5046	     1.1739	2.236e-02	4.934e-03	1.231e+02	   0.729	   343.292
 364	182	 4.4477	 1.0438	   1.5052	        1.5046	          0.0006	   1.5052	        1.5046	     1.1739	2.184e-02	5.307e-03	1.268e+02	   0.686	   343.978
 365	183	 4.4560	 1.0427	   1.5053	        1.5046	          0.0006	   1.5053	        1.5046	     1.1740	1.994e-02	4.886e-03	1.322e+02	   0.631	   344.609
 366	183	 4.4462	 1.0438	   1.5052	        1.5046	          0.0006	   1.5052	        1.5046	     1.1739	2.197e-02	5.299e-03	1.337e+02	   0.662	   345.271
 367	184	 4.4434	 1.0429	   1.5052	        1.5046	          0.0006	   1.5052	        1.5046	     1.1739	2.249e-02	4.947e-03	1.084e+02	   0.634	   345.905
 368	184	 4.4454	 1.0438	   1.5052	        1.5046	          0.0006	   1.5052	        1.5046	     1.1739	2.194e-02	5.285e-03	1.110e+02	   0.642	   346.548
 369	185	 4.4445	 1.0458	   1.5052	        1.5046	          0.0006	   1.5052	        1.5046	     1.1740	2.209e-02	6.128e-03	1.327e+02	   0.629	   347.178
 370	185	 4.4445	 1.0436	   1.5052	        1.5046	          0.0006	   1.5052	        1.5046	     1.1739	2.191e-02	5.237e-03	1.343e+02	   0.637	   347.815
 371	186	 4.4459	 1.0436	   1.5052	        1.5046	          0.0006	   1.5052	        1.5046	     1.1739	2.153e-02	5.233e-03	1.038e+02	   0.645	   348.460
 372	186	 4.4435	 1.0436	   1.5052	        1.5046	          0.0006	   1.5052	        1.5046	     1.1739	2.191e-02	5.211e-03	1.052e+02	   0.702	   349.162
 373	187	 4.4389	 1.0426	   1.5052	        1.5046	          0.0006	   1.5052	        1.5046	     1.1739	2.284e-02	4.845e-03	1.320e+02	   0.663	   349.825
 374	187	 4.4429	 1.0435	   1.5052	        1.5046	          0.0006	   1.5052	        1.5046	     1.1739	2.182e-02	5.203e-03	1.355e+02	   0.639	   350.463
 375	188	 4.4358	 1.0462	   1.5052	        1.5046	          0.0006	   1.5052	        1.5046	     1.1739	2.342e-02	6.256e-03	1.328e+02	   0.658	   351.122
 376	188	 4.4423	 1.0434	   1.5052	        1.5046	          0.0006	   1.5052	        1.5046	     1.1739	2.172e-02	5.154e-03	1.374e+02	   0.665	   351.787
 377	189	 4.4431	 1.0414	   1.5052	        1.5046	          0.0006	   1.5052	        1.5046	     1.1739	2.143e-02	4.342e-03	1.211e+02	   0.676	   352.463
 378	189	 4.4413	 1.0434	   1.5052	        1.5046	          0.0006	   1.5052	        1.5046	     1.1739	2.173e-02	5.162e-03	1.234e+02	   0.667	   353.131
 379	190	 4.4503	 1.0416	   1.5052	        1.5046	          0.0006	   1.5052	        1.5046	     1.1739	1.959e-02	4.452e-03	1.169e+02	   0.643	   353.774
 380	190	 4.4399	 1.0434	   1.5052	        1.5046	          0.0006	   1.5052	        1.5046	     1.1739	2.184e-02	5.163e-03	1.170e+02	   0.629	   354.403
 381	191	 4.4348	 1.0426	   1.5052	        1.5046	          0.0006	   1.5052	        1.5046	     1.1739	2.286e-02	4.841e-03	9.441e+01	   0.675	   355.078
 382	191	 4.4393	 1.0434	   1.5052	        1.5046	          0.0006	   1.5052	        1.5046	     1.1739	2.175e-02	5.147e-03	9.749e+01	   0.652	   355.729
 383	192	 4.4370	 1.0413	   1.5052	        1.5046	          0.0006	   1.5052	        1.5046	     1.1739	2.225e-02	4.314e-03	1.228e+02	   0.673	   356.403
 384	192	 4.4384	 1.0434	   1.5052	        1.5046	          0.0006	   1.5052	        1.5046	     1.1739	2.172e-02	5.153e-03	1.259e+02	   0.648	   357.051
 385	193	 4.4494	 1.0437	   1.5052	        1.5046	          0.0006	   1.5052	        1.5046	     1.1739	1.912e-02	5.280e-03	1.436e+02	   0.643	   357.695
 386	193	 4.4370	 1.0434	   1.5052	        1.5046	          0.0006	   1.5052	        1.5046	     1.1739	2.185e-02	5.126e-03	1.440e+02	   0.650	   358.345
 387	194	 4.4143	 1.0428	   1.5052	        1.5046	          0.0006	   1.5052	        1.5046	     1.1739	2.700e-02	4.911e-03	1.293e+02	   0.634	   358.980
 388	194	 4.4372	 1.0433	   1.5052	        1.5046	          0.0006	   1.5052	        1.5046	     1.1739	2.154e-02	5.121e-03	1.401e+02	   0.643	   359.622
 389	195	 4.4480	 1.0416	   1.5052	        1.5046	          0.0006	   1.5052	        1.5046	     1.1739	1.897e-02	4.423e-03	1.291e+02	   0.629	   360.251
 390	195	 4.4356	 1.0433	   1.5052	        1.5046	          0.0006	   1.5052	        1.5046	     1.1739	2.172e-02	5.120e-03	1.311e+02	   0.637	   360.888
 391	196	 4.4341	 1.0440	   1.5052	        1.5046	          0.0006	   1.5052	        1.5046	     1.1739	2.194e-02	5.364e-03	1.195e+02	   0.690	   361.579
 392	196	 4.4348	 1.0433	   1.5052	        1.5046	          0.0006	   1.5052	        1.5046	     1.1739	2.167e-02	5.085e-03	1.221e+02	   0.639	   362.218
 393	197	 4.4219	 1.0443	   1.5052	        1.5046	          0.0006	   1.5052	        1.5046	     1.1739	2.458e-02	5.494e-03	1.487e+02	   0.656	   362.874
 394	197	 4.4345	 1.0432	   1.5052	        1.5046	          0.0006	   1.5052	        1.5046	     1.1739	2.151e-02	5.055e-03	1.548e+02	   0.631	   363.505
 395	198	 4.4328	 1.0429	   1.5052	        1.5046	          0.0006	   1.5052	        1.5046	     1.1739	2.179e-02	4.946e-03	1.327e+02	   0.676	   364.181
 396	198	 4.4337	 1.0431	   1.5052	        1.5046	          0.0006	   1.5052	        1.5046	     1.1739	2.147e-02	5.033e-03	1.349e+02	   0.627	   364.808
 397	199	 4.4282	 1.0435	   1.5052	        1.5046	          0.0006	   1.5052	        1.5046	     1.1739	2.271e-02	5.182e-03	1.276e+02	   0.623	   365.431
 398	199	 4.4330	 1.0431	   1.5052	        1.5046	          0.0006	   1.5052	        1.5046	     1.1739	2.143e-02	5.005e-03	1.311e+02	   0.587	   366.019
 399	200	 4.4177	 1.0440	   1.5052	        1.5046	          0.0006	   1.5052	        1.5046	     1.1739	2.481e-02	5.374e-03	1.238e+02	   0.605	   366.624
 400	200	 4.4328	 1.0430	   1.5052	        1.5046	          0.0006	   1.5052	        1.5046	     1.1739	2.124e-02	4.976e-03	1.312e+02	   0.665	   367.289

[SCGD] Finished on device cuda -> σ_f² ≈ 4.4328, σ_ε² ≈ 1.0430
