[GPU 6][JOB 223] 'python cli.py scgd --n 1024 --lengthscale 0.5 --sigma-f2-true 4.0 --sigma-eps2-true 1.0 --n-epochs 200 --device auto --kernel-mode finite --a0 1e-3 --a-decay 0.75 --w-init-scale 0.1 --warm-start-w --num-features 128 --print-every 1 --seed 2 --batch-size 512 --b0 0.1 --b-decay 0.5 --decay-start-epoch 0 --sigma-f2-init 5.0 --sigma-eps2-init 3.0 '

=== SCGD + ORF (TMLR Algorithm 2) ===
iter	epoch	σ_f²	σ_ε²	real_nlml	real_nlml_true	real_nlml_abs_err	orf_nlml	orf_nlml_true	approx_nlml	|F~ - F|/|F|	||grad||	||∇_w||	duration_s	wall_time_s
   1	 1	 4.9649	 2.7718	   1.6657	        1.4710	          0.1947	   1.6657	        1.4710	     1.4936	1.624e-02	1.134e-01	3.538e+01	   1.372	     1.437
   2	 1	 4.9249	 2.6390	   1.6504	        1.4710	          0.1794	   1.6504	        1.4710	     1.4630	1.664e-02	1.159e-01	4.485e+01	   0.969	     2.406
   3	 2	 4.9408	 2.5377	   1.6386	        1.4710	          0.1676	   1.6386	        1.4710	     1.4394	1.692e-02	1.177e-01	4.240e+01	   1.038	     3.444
   4	 2	 4.9151	 2.4537	   1.6286	        1.4710	          0.1576	   1.6286	        1.4710	     1.4195	1.794e-02	1.192e-01	4.717e+01	   1.028	     4.472
   5	 3	 4.8780	 2.3817	   1.6199	        1.4710	          0.1489	   1.6199	        1.4710	     1.4024	2.527e-02	1.204e-01	6.230e+01	   1.029	     5.502
   6	 3	 4.9172	 2.3205	   1.6126	        1.4710	          0.1416	   1.6126	        1.4710	     1.3875	1.638e-02	1.213e-01	7.031e+01	   1.023	     6.525
   7	 4	 4.9191	 2.2603	   1.6053	        1.4710	          0.1343	   1.6053	        1.4710	     1.3729	1.649e-02	1.222e-01	6.359e+01	   1.030	     7.555
   8	 4	 4.9177	 2.2139	   1.5996	        1.4710	          0.1286	   1.5996	        1.4710	     1.3615	1.569e-02	1.228e-01	6.882e+01	   1.049	     8.605
   9	 5	 4.9601	 2.1655	   1.5937	        1.4710	          0.1227	   1.5937	        1.4710	     1.3497	8.637e-03	1.233e-01	6.894e+01	   1.051	     9.656
  10	 5	 4.9170	 2.1244	   1.5885	        1.4710	          0.1175	   1.5885	        1.4710	     1.3395	1.559e-02	1.238e-01	7.139e+01	   1.059	    10.715
  11	 6	 4.9009	 2.0834	   1.5834	        1.4710	          0.1124	   1.5834	        1.4710	     1.3294	1.941e-02	1.241e-01	5.715e+01	   1.033	    11.749
  12	 6	 4.9215	 2.0467	   1.5789	        1.4710	          0.1079	   1.5789	        1.4710	     1.3203	1.423e-02	1.244e-01	6.320e+01	   1.026	    12.775
  13	 7	 4.9265	 2.0095	   1.5743	        1.4710	          0.1033	   1.5743	        1.4710	     1.3111	1.390e-02	1.246e-01	6.857e+01	   1.023	    13.798
  14	 7	 4.9238	 1.9779	   1.5703	        1.4710	          0.0993	   1.5703	        1.4710	     1.3032	1.349e-02	1.247e-01	7.307e+01	   1.032	    14.830
  15	 8	 4.9447	 1.9460	   1.5664	        1.4710	          0.0954	   1.5664	        1.4710	     1.2953	1.046e-02	1.247e-01	5.579e+01	   1.025	    15.855
  16	 8	 4.9254	 1.9160	   1.5626	        1.4710	          0.0916	   1.5626	        1.4710	     1.2878	1.302e-02	1.247e-01	5.578e+01	   1.028	    16.883
  17	 9	 4.9087	 1.8875	   1.5590	        1.4710	          0.0880	   1.5590	        1.4710	     1.2808	1.561e-02	1.247e-01	8.436e+01	   1.012	    17.900
  18	 9	 4.9299	 1.8599	   1.5556	        1.4710	          0.0846	   1.5556	        1.4710	     1.2739	1.194e-02	1.245e-01	9.251e+01	   1.086	    18.987
  19	10	 4.9478	 1.8335	   1.5524	        1.4710	          0.0814	   1.5524	        1.4710	     1.2674	9.426e-03	1.244e-01	1.134e+02	   1.110	    20.100
  20	10	 4.9313	 1.8084	   1.5492	        1.4710	          0.0782	   1.5492	        1.4710	     1.2611	1.160e-02	1.241e-01	1.192e+02	   1.086	    21.186
  21	11	 4.9237	 1.7834	   1.5461	        1.4710	          0.0751	   1.5461	        1.4710	     1.2550	1.306e-02	1.238e-01	1.012e+02	   1.082	    22.268
  22	11	 4.9355	 1.7610	   1.5434	        1.4710	          0.0724	   1.5434	        1.4710	     1.2494	1.075e-02	1.235e-01	1.093e+02	   1.025	    23.294
  23	12	 4.9388	 1.7379	   1.5405	        1.4710	          0.0695	   1.5405	        1.4710	     1.2437	1.030e-02	1.231e-01	5.900e+01	   1.030	    24.325
  24	12	 4.9385	 1.7170	   1.5380	        1.4710	          0.0669	   1.5380	        1.4710	     1.2386	1.020e-02	1.227e-01	6.166e+01	   1.023	    25.348
  25	13	 4.9286	 1.6977	   1.5356	        1.4710	          0.0646	   1.5356	        1.4710	     1.2340	1.196e-02	1.223e-01	9.825e+01	   1.029	    26.381
  26	13	 4.9420	 1.6761	   1.5330	        1.4710	          0.0620	   1.5330	        1.4710	     1.2287	9.583e-03	1.218e-01	1.027e+02	   1.016	    27.397
  27	14	 4.9520	 1.6548	   1.5304	        1.4710	          0.0594	   1.5304	        1.4710	     1.2235	8.946e-03	1.212e-01	8.910e+01	   1.034	    28.432
  28	14	 4.9442	 1.6380	   1.5283	        1.4710	          0.0573	   1.5283	        1.4710	     1.2195	9.265e-03	1.207e-01	9.243e+01	   1.047	    29.479
  29	15	 4.9487	 1.6190	   1.5261	        1.4710	          0.0551	   1.5261	        1.4710	     1.2149	9.135e-03	1.200e-01	9.170e+01	   1.051	    30.533
  30	15	 4.9468	 1.6023	   1.5241	        1.4710	          0.0531	   1.5241	        1.4710	     1.2110	8.899e-03	1.194e-01	9.532e+01	   1.056	    31.590
  31	16	 4.9524	 1.5852	   1.5220	        1.4710	          0.0510	   1.5220	        1.4710	     1.2069	8.467e-03	1.187e-01	7.668e+01	   1.040	    32.630
  32	16	 4.9495	 1.5688	   1.5201	        1.4710	          0.0491	   1.5201	        1.4710	     1.2031	8.548e-03	1.180e-01	7.845e+01	   1.026	    33.656
  33	17	 4.9430	 1.5520	   1.5181	        1.4710	          0.0471	   1.5181	        1.4710	     1.1991	9.492e-03	1.172e-01	7.552e+01	   1.023	    34.680
  34	17	 4.9527	 1.5374	   1.5164	        1.4710	          0.0454	   1.5164	        1.4710	     1.1958	8.171e-03	1.164e-01	7.889e+01	   1.031	    35.711
  35	18	 4.9384	 1.5234	   1.5148	        1.4710	          0.0438	   1.5148	        1.4710	     1.1925	1.029e-02	1.157e-01	9.721e+01	   1.026	    36.737
  36	18	 4.9560	 1.5079	   1.5130	        1.4710	          0.0420	   1.5130	        1.4710	     1.1890	7.823e-03	1.148e-01	1.052e+02	   1.086	    37.824
  37	19	 4.9444	 1.4937	   1.5114	        1.4710	          0.0404	   1.5114	        1.4710	     1.1858	9.263e-03	1.139e-01	9.529e+01	   1.060	    38.884
  38	19	 4.9592	 1.4802	   1.5098	        1.4710	          0.0388	   1.5098	        1.4710	     1.1827	7.552e-03	1.130e-01	1.019e+02	   1.137	    40.021
  39	20	 4.9490	 1.4684	   1.5085	        1.4710	          0.0375	   1.5085	        1.4710	     1.1801	8.821e-03	1.122e-01	8.600e+01	   1.072	    41.093
  40	20	 4.9622	 1.4540	   1.5069	        1.4710	          0.0359	   1.5069	        1.4710	     1.1769	7.348e-03	1.111e-01	8.974e+01	   1.101	    42.194
  41	21	 4.9526	 1.4414	   1.5055	        1.4710	          0.0345	   1.5055	        1.4710	     1.1741	8.242e-03	1.102e-01	8.148e+01	   1.050	    43.245
  42	21	 4.9648	 1.4294	   1.5042	        1.4710	          0.0332	   1.5042	        1.4710	     1.1715	7.203e-03	1.092e-01	8.737e+01	   1.025	    44.270
  43	22	 4.9680	 1.4177	   1.5029	        1.4710	          0.0319	   1.5029	        1.4710	     1.1690	7.248e-03	1.082e-01	5.258e+01	   1.031	    45.301
  44	22	 4.9667	 1.4062	   1.5017	        1.4710	          0.0307	   1.5017	        1.4710	     1.1665	7.119e-03	1.072e-01	5.340e+01	   1.036	    46.337
  45	23	 4.9669	 1.3939	   1.5004	        1.4710	          0.0294	   1.5004	        1.4710	     1.1639	7.215e-03	1.060e-01	1.013e+02	   1.079	    47.417
  46	23	 4.9688	 1.3843	   1.4994	        1.4710	          0.0284	   1.4994	        1.4710	     1.1619	7.043e-03	1.051e-01	1.053e+02	   1.028	    48.445
  47	24	 4.9657	 1.3738	   1.4983	        1.4710	          0.0273	   1.4983	        1.4710	     1.1597	7.352e-03	1.040e-01	9.068e+01	   1.037	    49.482
  48	24	 4.9709	 1.3636	   1.4972	        1.4710	          0.0262	   1.4972	        1.4710	     1.1576	6.980e-03	1.029e-01	9.330e+01	   1.063	    50.546
  49	25	 4.9564	 1.3522	   1.4960	        1.4710	          0.0250	   1.4960	        1.4710	     1.1553	7.923e-03	1.016e-01	8.817e+01	   1.027	    51.573
  50	25	 4.9736	 1.3442	   1.4953	        1.4710	          0.0243	   1.4953	        1.4710	     1.1537	6.938e-03	1.007e-01	9.380e+01	   1.073	    52.647
  51	26	 4.9600	 1.3373	   1.4945	        1.4710	          0.0235	   1.4945	        1.4710	     1.1524	7.396e-03	9.991e-02	1.086e+02	   1.026	    53.673
  52	26	 4.9760	 1.3258	   1.4934	        1.4710	          0.0224	   1.4934	        1.4710	     1.1501	6.927e-03	9.849e-02	1.125e+02	   1.026	    54.700
  53	27	 4.9666	 1.3156	   1.4924	        1.4710	          0.0214	   1.4924	        1.4710	     1.1481	7.147e-03	9.719e-02	1.266e+02	   1.025	    55.725
  54	27	 4.9781	 1.3084	   1.4917	        1.4710	          0.0207	   1.4917	        1.4710	     1.1467	6.926e-03	9.624e-02	1.322e+02	   1.034	    56.760
  55	28	 4.9918	 1.3017	   1.4911	        1.4710	          0.0201	   1.4911	        1.4710	     1.1455	7.979e-03	9.532e-02	9.715e+01	   1.024	    57.784
  56	28	 4.9788	 1.2920	   1.4902	        1.4710	          0.0192	   1.4902	        1.4710	     1.1437	6.882e-03	9.396e-02	9.884e+01	   1.027	    58.811
  57	29	 4.9835	 1.2840	   1.4894	        1.4710	          0.0184	   1.4894	        1.4710	     1.1422	7.290e-03	9.279e-02	7.416e+01	   1.118	    59.930
  58	29	 4.9802	 1.2766	   1.4887	        1.4710	          0.0177	   1.4887	        1.4710	     1.1408	6.861e-03	9.167e-02	7.645e+01	   1.080	    61.009
  59	30	 4.9828	 1.2707	   1.4882	        1.4710	          0.0172	   1.4882	        1.4710	     1.1397	7.156e-03	9.076e-02	8.920e+01	   1.086	    62.095
  60	30	 4.9816	 1.2620	   1.4874	        1.4710	          0.0164	   1.4874	        1.4710	     1.1382	6.850e-03	8.938e-02	8.998e+01	   1.081	    63.177
  61	31	 4.9697	 1.2556	   1.4868	        1.4710	          0.0158	   1.4868	        1.4710	     1.1371	6.883e-03	8.834e-02	1.160e+02	   1.025	    64.202
  62	31	 4.9838	 1.2482	   1.4862	        1.4710	          0.0152	   1.4862	        1.4710	     1.1358	6.888e-03	8.711e-02	1.190e+02	   1.025	    65.227
  63	32	 4.9791	 1.2410	   1.4856	        1.4710	          0.0146	   1.4856	        1.4710	     1.1346	6.865e-03	8.587e-02	1.015e+02	   1.030	    66.258
  64	32	 4.9854	 1.2352	   1.4851	        1.4710	          0.0141	   1.4851	        1.4710	     1.1336	6.903e-03	8.485e-02	1.059e+02	   1.027	    67.285
  65	33	 4.9952	 1.2291	   1.4846	        1.4710	          0.0136	   1.4846	        1.4710	     1.1326	7.843e-03	8.374e-02	8.868e+01	   1.026	    68.311
  66	33	 4.9864	 1.2230	   1.4841	        1.4710	          0.0131	   1.4841	        1.4710	     1.1316	6.870e-03	8.260e-02	8.931e+01	   1.019	    69.331
  67	34	 4.9880	 1.2178	   1.4837	        1.4710	          0.0127	   1.4837	        1.4710	     1.1308	7.006e-03	8.163e-02	1.491e+02	   1.064	    70.395
  68	34	 4.9875	 1.2114	   1.4831	        1.4710	          0.0121	   1.4831	        1.4710	     1.1297	6.852e-03	8.039e-02	1.559e+02	   1.034	    71.429
  69	35	 4.9945	 1.2049	   1.4826	        1.4710	          0.0116	   1.4826	        1.4710	     1.1287	7.481e-03	7.910e-02	1.260e+02	   1.073	    72.503
  70	35	 4.9885	 1.2005	   1.4823	        1.4710	          0.0113	   1.4823	        1.4710	     1.1280	6.822e-03	7.821e-02	1.296e+02	   1.027	    73.531
  71	36	 4.9794	 1.1952	   1.4818	        1.4710	          0.0108	   1.4818	        1.4710	     1.1272	6.586e-03	7.712e-02	1.009e+02	   1.027	    74.557
  72	36	 4.9904	 1.1902	   1.4815	        1.4710	          0.0105	   1.4815	        1.4710	     1.1264	6.876e-03	7.607e-02	1.051e+02	   1.026	    75.583
  73	37	 4.9946	 1.1848	   1.4811	        1.4710	          0.0101	   1.4811	        1.4710	     1.1256	7.164e-03	7.489e-02	8.180e+01	   1.081	    76.665
  74	37	 4.9914	 1.1805	   1.4808	        1.4710	          0.0098	   1.4808	        1.4710	     1.1250	6.857e-03	7.397e-02	8.529e+01	   1.120	    77.786
  75	38	 5.0121	 1.1774	   1.4805	        1.4710	          0.0095	   1.4805	        1.4710	     1.1246	9.190e-03	7.327e-02	1.315e+02	   1.130	    78.916
  76	38	 4.9915	 1.1713	   1.4801	        1.4710	          0.0091	   1.4801	        1.4710	     1.1237	6.748e-03	7.191e-02	1.352e+02	   1.100	    80.017
  77	39	 5.0078	 1.1669	   1.4798	        1.4710	          0.0088	   1.4798	        1.4710	     1.1231	8.476e-03	7.088e-02	1.448e+02	   1.098	    81.115
  78	39	 4.9918	 1.1627	   1.4795	        1.4710	          0.0085	   1.4795	        1.4710	     1.1225	6.656e-03	6.990e-02	1.505e+02	   1.074	    82.189
  79	40	 4.9989	 1.1606	   1.4793	        1.4710	          0.0083	   1.4793	        1.4710	     1.1222	7.412e-03	6.941e-02	8.490e+01	   1.096	    83.285
  80	40	 4.9929	 1.1545	   1.4789	        1.4710	          0.0079	   1.4789	        1.4710	     1.1214	6.638e-03	6.793e-02	8.412e+01	   1.042	    84.327
  81	41	 4.9879	 1.1499	   1.4786	        1.4710	          0.0076	   1.4786	        1.4710	     1.1208	6.392e-03	6.680e-02	1.191e+02	   1.042	    85.370
  82	41	 4.9944	 1.1468	   1.4784	        1.4710	          0.0074	   1.4784	        1.4710	     1.1204	6.679e-03	6.602e-02	1.224e+02	   1.078	    86.448
  83	42	 4.9963	 1.1412	   1.4780	        1.4710	          0.0070	   1.4780	        1.4710	     1.1197	6.951e-03	6.461e-02	9.081e+01	   1.064	    87.512
  84	42	 4.9957	 1.1396	   1.4779	        1.4710	          0.0069	   1.4779	        1.4710	     1.1194	6.684e-03	6.417e-02	9.144e+01	   1.031	    88.543
  85	43	 5.0098	 1.1376	   1.4778	        1.4710	          0.0068	   1.4778	        1.4710	     1.1192	8.312e-03	6.367e-02	1.121e+02	   1.028	    89.571
  86	43	 4.9962	 1.1327	   1.4775	        1.4710	          0.0065	   1.4775	        1.4710	     1.1186	6.622e-03	6.237e-02	1.138e+02	   1.037	    90.608
  87	44	 5.0038	 1.1281	   1.4772	        1.4710	          0.0062	   1.4772	        1.4710	     1.1180	7.555e-03	6.114e-02	1.201e+02	   1.052	    91.661
  88	44	 4.9970	 1.1262	   1.4771	        1.4710	          0.0061	   1.4771	        1.4710	     1.1178	6.584e-03	6.063e-02	1.232e+02	   1.030	    92.691
  89	45	 5.0060	 1.1256	   1.4771	        1.4710	          0.0061	   1.4771	        1.4710	     1.1177	7.718e-03	6.047e-02	1.055e+02	   1.071	    93.762
  90	45	 4.9979	 1.1200	   1.4767	        1.4710	          0.0057	   1.4767	        1.4710	     1.1171	6.553e-03	5.893e-02	1.059e+02	   1.028	    94.791
  91	46	 4.9870	 1.1201	   1.4767	        1.4710	          0.0057	   1.4767	        1.4710	     1.1171	5.836e-03	5.894e-02	1.212e+02	   1.023	    95.814
  92	46	 4.9994	 1.1142	   1.4764	        1.4710	          0.0054	   1.4764	        1.4710	     1.1164	6.618e-03	5.728e-02	1.234e+02	   1.030	    96.844
  93	47	 4.9892	 1.1099	   1.4761	        1.4710	          0.0051	   1.4761	        1.4710	     1.1160	5.913e-03	5.604e-02	1.517e+02	   1.024	    97.868
  94	47	 5.0008	 1.1088	   1.4761	        1.4710	          0.0051	   1.4761	        1.4710	     1.1158	6.669e-03	5.571e-02	1.571e+02	   1.041	    98.909
  95	48	 5.0147	 1.1050	   1.4759	        1.4710	          0.0049	   1.4759	        1.4710	     1.1154	8.652e-03	5.460e-02	9.381e+01	   1.059	    99.968
  96	48	 5.0011	 1.1036	   1.4758	        1.4710	          0.0048	   1.4758	        1.4710	     1.1153	6.584e-03	5.419e-02	9.384e+01	   1.095	   101.063
  97	49	 5.0073	 1.1000	   1.4756	        1.4710	          0.0046	   1.4756	        1.4710	     1.1149	7.509e-03	5.312e-02	1.447e+02	   1.053	   102.116
  98	49	 5.0019	 1.0987	   1.4755	        1.4710	          0.0045	   1.4755	        1.4710	     1.1148	6.547e-03	5.273e-02	1.483e+02	   1.109	   103.225
  99	50	 5.0049	 1.0970	   1.4755	        1.4710	          0.0044	   1.4755	        1.4710	     1.1146	6.965e-03	5.220e-02	1.029e+02	   1.059	   104.284
 100	50	 5.0026	 1.0941	   1.4753	        1.4710	          0.0043	   1.4753	        1.4710	     1.1143	6.520e-03	5.131e-02	1.063e+02	   1.027	   105.315
 101	51	 4.9968	 1.0926	   1.4752	        1.4710	          0.0042	   1.4752	        1.4710	     1.1141	5.965e-03	5.086e-02	7.752e+01	   1.021	   106.336
 102	51	 5.0037	 1.0897	   1.4751	        1.4710	          0.0041	   1.4751	        1.4710	     1.1138	6.550e-03	4.993e-02	8.060e+01	   1.027	   107.362
 103	52	 5.0110	 1.0890	   1.4751	        1.4710	          0.0041	   1.4751	        1.4710	     1.1138	7.560e-03	4.973e-02	1.144e+02	   1.031	   108.393
 104	52	 5.0042	 1.0855	   1.4749	        1.4710	          0.0039	   1.4749	        1.4710	     1.1134	6.489e-03	4.861e-02	1.176e+02	   1.029	   109.422
 105	53	 5.0092	 1.0833	   1.4748	        1.4710	          0.0038	   1.4748	        1.4710	     1.1132	7.219e-03	4.792e-02	1.464e+02	   1.024	   110.447
 106	53	 5.0048	 1.0815	   1.4747	        1.4710	          0.0037	   1.4747	        1.4710	     1.1131	6.447e-03	4.734e-02	1.488e+02	   1.068	   111.515
 107	54	 5.0050	 1.0817	   1.4747	        1.4710	          0.0037	   1.4747	        1.4710	     1.1131	6.382e-03	4.740e-02	1.449e+02	   1.027	   112.542
 108	54	 5.0055	 1.0778	   1.4745	        1.4710	          0.0035	   1.4745	        1.4710	     1.1127	6.430e-03	4.611e-02	1.484e+02	   1.071	   113.613
 109	55	 5.0004	 1.0785	   1.4745	        1.4710	          0.0035	   1.4745	        1.4710	     1.1128	5.827e-03	4.633e-02	1.338e+02	   1.029	   114.645
 110	55	 5.0064	 1.0742	   1.4743	        1.4710	          0.0033	   1.4743	        1.4710	     1.1124	6.443e-03	4.493e-02	1.380e+02	   1.046	   115.692
 111	56	 5.0105	 1.0739	   1.4743	        1.4710	          0.0033	   1.4743	        1.4710	     1.1124	7.115e-03	4.481e-02	1.384e+02	   1.076	   116.768
 112	56	 5.0070	 1.0708	   1.4742	        1.4710	          0.0032	   1.4742	        1.4710	     1.1121	6.405e-03	4.379e-02	1.420e+02	   1.030	   117.798
 113	57	 5.0158	 1.0695	   1.4742	        1.4710	          0.0031	   1.4742	        1.4710	     1.1120	7.494e-03	4.335e-02	1.535e+02	   1.068	   118.866
 114	57	 5.0073	 1.0677	   1.4741	        1.4710	          0.0031	   1.4741	        1.4710	     1.1118	6.322e-03	4.271e-02	1.581e+02	   1.058	   119.924
 115	58	 5.0133	 1.0655	   1.4740	        1.4710	          0.0030	   1.4740	        1.4710	     1.1117	7.144e-03	4.196e-02	1.347e+02	   1.072	   120.996
 116	58	 5.0076	 1.0646	   1.4739	        1.4710	          0.0029	   1.4739	        1.4710	     1.1116	6.257e-03	4.167e-02	1.384e+02	   1.081	   122.077
 117	59	 5.0063	 1.0634	   1.4739	        1.4710	          0.0029	   1.4739	        1.4710	     1.1115	6.131e-03	4.124e-02	1.050e+02	   1.073	   123.150
 118	59	 5.0084	 1.0618	   1.4738	        1.4710	          0.0028	   1.4738	        1.4710	     1.1114	6.249e-03	4.067e-02	1.064e+02	   1.095	   124.245
 119	60	 5.0043	 1.0611	   1.4738	        1.4710	          0.0028	   1.4738	        1.4710	     1.1113	5.781e-03	4.044e-02	1.139e+02	   1.066	   125.312
 120	60	 5.0092	 1.0590	   1.4737	        1.4710	          0.0027	   1.4737	        1.4710	     1.1111	6.257e-03	3.970e-02	1.159e+02	   1.061	   126.373
 121	61	 5.0157	 1.0568	   1.4736	        1.4710	          0.0026	   1.4736	        1.4710	     1.1110	7.164e-03	3.892e-02	1.837e+02	   1.024	   127.397
 122	61	 5.0094	 1.0565	   1.4736	        1.4710	          0.0026	   1.4736	        1.4710	     1.1110	6.175e-03	3.878e-02	1.889e+02	   1.025	   128.422
 123	62	 5.0048	 1.0550	   1.4735	        1.4710	          0.0025	   1.4735	        1.4710	     1.1109	5.650e-03	3.824e-02	1.669e+02	   1.031	   129.453
 124	62	 5.0102	 1.0540	   1.4735	        1.4710	          0.0025	   1.4735	        1.4710	     1.1108	6.183e-03	3.790e-02	1.709e+02	   1.024	   130.477
 125	63	 5.0062	 1.0531	   1.4735	        1.4710	          0.0025	   1.4735	        1.4710	     1.1107	5.809e-03	3.756e-02	1.125e+02	   1.051	   131.528
 126	63	 5.0109	 1.0516	   1.4734	        1.4710	          0.0024	   1.4734	        1.4710	     1.1106	6.191e-03	3.704e-02	1.126e+02	   1.039	   132.568
 127	64	 5.0177	 1.0502	   1.4734	        1.4710	          0.0024	   1.4734	        1.4710	     1.1105	7.075e-03	3.650e-02	1.385e+02	   1.064	   133.632
 128	64	 5.0112	 1.0494	   1.4733	        1.4710	          0.0023	   1.4733	        1.4710	     1.1104	6.121e-03	3.622e-02	1.407e+02	   1.034	   134.667
 129	65	 5.0193	 1.0479	   1.4733	        1.4710	          0.0023	   1.4733	        1.4710	     1.1103	7.250e-03	3.567e-02	1.527e+02	   1.030	   135.697
 130	65	 5.0114	 1.0473	   1.4733	        1.4710	          0.0023	   1.4733	        1.4710	     1.1103	6.035e-03	3.544e-02	1.558e+02	   1.028	   136.726
 131	66	 5.0210	 1.0458	   1.4732	        1.4710	          0.0022	   1.4732	        1.4710	     1.1102	7.434e-03	3.489e-02	1.420e+02	   1.026	   137.754
 132	66	 5.0115	 1.0453	   1.4732	        1.4710	          0.0022	   1.4732	        1.4710	     1.1101	5.940e-03	3.468e-02	1.445e+02	   1.058	   138.812
 133	67	 5.0161	 1.0443	   1.4732	        1.4710	          0.0022	   1.4732	        1.4710	     1.1101	6.649e-03	3.432e-02	1.340e+02	   1.027	   139.839
 134	67	 5.0118	 1.0433	   1.4731	        1.4710	          0.0021	   1.4731	        1.4710	     1.1100	5.883e-03	3.395e-02	1.380e+02	   1.054	   140.893
 135	68	 5.0167	 1.0424	   1.4731	        1.4710	          0.0021	   1.4731	        1.4710	     1.1100	6.612e-03	3.361e-02	1.396e+02	   1.098	   141.991
 136	68	 5.0121	 1.0415	   1.4731	        1.4710	          0.0021	   1.4731	        1.4710	     1.1099	5.827e-03	3.325e-02	1.422e+02	   1.053	   143.044
 137	69	 5.0040	 1.0394	   1.4730	        1.4710	          0.0020	   1.4730	        1.4710	     1.1098	4.959e-03	3.246e-02	9.719e+01	   1.090	   144.137
 138	69	 5.0129	 1.0397	   1.4730	        1.4710	          0.0020	   1.4730	        1.4710	     1.1098	5.851e-03	3.258e-02	9.734e+01	   1.060	   145.197
 139	70	 5.0213	 1.0383	   1.4730	        1.4710	          0.0020	   1.4730	        1.4710	     1.1097	7.347e-03	3.204e-02	1.947e+02	   1.030	   146.227
 140	70	 5.0130	 1.0380	   1.4730	        1.4710	          0.0020	   1.4730	        1.4710	     1.1097	5.764e-03	3.193e-02	1.984e+02	   1.031	   147.258
 141	71	 5.0203	 1.0367	   1.4729	        1.4710	          0.0019	   1.4729	        1.4710	     1.1096	6.962e-03	3.141e-02	1.230e+02	   1.020	   148.279
 142	71	 5.0132	 1.0364	   1.4729	        1.4710	          0.0019	   1.4729	        1.4710	     1.1096	5.694e-03	3.131e-02	1.256e+02	   1.028	   149.307
 143	72	 5.0169	 1.0362	   1.4729	        1.4710	          0.0019	   1.4729	        1.4710	     1.1096	6.169e-03	3.121e-02	1.157e+02	   1.032	   150.339
 144	72	 5.0135	 1.0348	   1.4729	        1.4710	          0.0019	   1.4729	        1.4710	     1.1095	5.641e-03	3.070e-02	1.180e+02	   1.037	   151.377
 145	73	 5.0058	 1.0332	   1.4728	        1.4710	          0.0018	   1.4728	        1.4710	     1.1094	4.876e-03	3.004e-02	1.270e+02	   1.059	   152.436
 146	73	 5.0141	 1.0334	   1.4728	        1.4710	          0.0018	   1.4728	        1.4710	     1.1094	5.656e-03	3.012e-02	1.284e+02	   1.024	   153.460
 147	74	 5.0078	 1.0340	   1.4728	        1.4710	          0.0018	   1.4728	        1.4710	     1.1094	4.899e-03	3.038e-02	1.431e+02	   1.150	   154.611
 148	74	 5.0147	 1.0319	   1.4728	        1.4710	          0.0018	   1.4728	        1.4710	     1.1093	5.662e-03	2.956e-02	1.438e+02	   1.125	   155.736
 149	75	 5.0074	 1.0312	   1.4727	        1.4710	          0.0017	   1.4727	        1.4710	     1.1093	4.717e-03	2.925e-02	1.311e+02	   1.092	   156.828
 150	75	 5.0153	 1.0306	   1.4727	        1.4710	          0.0017	   1.4727	        1.4710	     1.1092	5.664e-03	2.902e-02	1.336e+02	   1.069	   157.898
 151	76	 5.0166	 1.0282	   1.4727	        1.4710	          0.0017	   1.4727	        1.4710	     1.1091	5.841e-03	2.808e-02	1.004e+02	   1.064	   158.962
 152	76	 5.0156	 1.0293	   1.4727	        1.4710	          0.0017	   1.4727	        1.4710	     1.1092	5.616e-03	2.851e-02	9.928e+01	   1.044	   160.006
 153	77	 5.0090	 1.0296	   1.4727	        1.4710	          0.0017	   1.4727	        1.4710	     1.1092	4.780e-03	2.862e-02	1.681e+02	   1.021	   161.028
 154	77	 5.0160	 1.0280	   1.4727	        1.4710	          0.0017	   1.4727	        1.4710	     1.1091	5.605e-03	2.800e-02	1.736e+02	   1.095	   162.124
 155	78	 5.0188	 1.0281	   1.4727	        1.4710	          0.0017	   1.4727	        1.4710	     1.1091	5.972e-03	2.804e-02	1.301e+02	   1.078	   163.202
 156	78	 5.0162	 1.0268	   1.4726	        1.4710	          0.0016	   1.4726	        1.4710	     1.1090	5.540e-03	2.751e-02	1.309e+02	   1.148	   164.350
 157	79	 5.0235	 1.0253	   1.4726	        1.4710	          0.0016	   1.4726	        1.4710	     1.1089	6.702e-03	2.691e-02	1.292e+02	   1.098	   165.449
 158	79	 5.0162	 1.0257	   1.4726	        1.4710	          0.0016	   1.4726	        1.4710	     1.1090	5.448e-03	2.705e-02	1.336e+02	   1.035	   166.484
 159	80	 5.0131	 1.0264	   1.4726	        1.4710	          0.0016	   1.4726	        1.4710	     1.1090	5.131e-03	2.736e-02	1.178e+02	   1.030	   167.515
 160	80	 5.0166	 1.0245	   1.4726	        1.4710	          0.0016	   1.4726	        1.4710	     1.1089	5.431e-03	2.658e-02	1.157e+02	   1.026	   168.541
 161	81	 5.0243	 1.0231	   1.4725	        1.4710	          0.0015	   1.4725	        1.4710	     1.1088	6.665e-03	2.601e-02	1.005e+02	   1.020	   169.564
 162	81	 5.0166	 1.0235	   1.4725	        1.4710	          0.0015	   1.4725	        1.4710	     1.1088	5.346e-03	2.615e-02	9.761e+01	   1.026	   170.591
 163	82	 5.0067	 1.0227	   1.4725	        1.4710	          0.0015	   1.4725	        1.4710	     1.1088	4.095e-03	2.586e-02	1.348e+02	   1.034	   171.625
 164	82	 5.0172	 1.0224	   1.4725	        1.4710	          0.0015	   1.4725	        1.4710	     1.1088	5.366e-03	2.573e-02	1.365e+02	   1.060	   172.685
 165	83	 5.0210	 1.0207	   1.4725	        1.4710	          0.0015	   1.4725	        1.4710	     1.1087	5.939e-03	2.504e-02	1.238e+02	   1.039	   173.724
 166	83	 5.0173	 1.0215	   1.4725	        1.4710	          0.0015	   1.4725	        1.4710	     1.1087	5.294e-03	2.533e-02	1.263e+02	   1.062	   174.786
 167	84	 5.0204	 1.0194	   1.4724	        1.4710	          0.0014	   1.4724	        1.4710	     1.1086	5.764e-03	2.450e-02	1.012e+02	   1.031	   175.818
 168	84	 5.0174	 1.0205	   1.4725	        1.4710	          0.0015	   1.4725	        1.4710	     1.1087	5.229e-03	2.494e-02	1.059e+02	   1.027	   176.845
 169	85	 5.0283	 1.0191	   1.4724	        1.4710	          0.0014	   1.4724	        1.4710	     1.1086	7.090e-03	2.434e-02	1.281e+02	   1.030	   177.875
 170	85	 5.0173	 1.0196	   1.4724	        1.4710	          0.0014	   1.4724	        1.4710	     1.1086	5.121e-03	2.457e-02	1.300e+02	   1.064	   178.939
 171	86	 5.0208	 1.0184	   1.4724	        1.4710	          0.0014	   1.4724	        1.4710	     1.1086	5.637e-03	2.408e-02	1.135e+02	   1.026	   179.965
 172	86	 5.0175	 1.0187	   1.4724	        1.4710	          0.0014	   1.4724	        1.4710	     1.1086	5.065e-03	2.420e-02	1.120e+02	   1.026	   180.991
 173	87	 5.0209	 1.0173	   1.4724	        1.4710	          0.0014	   1.4724	        1.4710	     1.1085	5.606e-03	2.359e-02	1.326e+02	   1.062	   182.053
 174	87	 5.0176	 1.0179	   1.4724	        1.4710	          0.0014	   1.4724	        1.4710	     1.1086	5.007e-03	2.385e-02	1.343e+02	   1.088	   183.142
 175	88	 5.0191	 1.0173	   1.4724	        1.4710	          0.0014	   1.4724	        1.4710	     1.1085	5.290e-03	2.360e-02	1.302e+02	   1.075	   184.217
 176	88	 5.0178	 1.0170	   1.4724	        1.4710	          0.0014	   1.4724	        1.4710	     1.1085	4.960e-03	2.350e-02	1.335e+02	   1.099	   185.317
 177	89	 5.0159	 1.0176	   1.4724	        1.4710	          0.0014	   1.4724	        1.4710	     1.1085	4.677e-03	2.373e-02	1.392e+02	   1.023	   186.340
 178	89	 5.0180	 1.0162	   1.4724	        1.4710	          0.0014	   1.4724	        1.4710	     1.1085	4.924e-03	2.315e-02	1.425e+02	   1.029	   187.370
 179	90	 5.0062	 1.0159	   1.4723	        1.4710	          0.0013	   1.4723	        1.4710	     1.1085	3.615e-03	2.303e-02	1.243e+02	   1.028	   188.398
 180	90	 5.0185	 1.0155	   1.4723	        1.4710	          0.0013	   1.4723	        1.4710	     1.1084	4.943e-03	2.283e-02	1.262e+02	   1.029	   189.427
 181	91	 5.0174	 1.0151	   1.4723	        1.4710	          0.0013	   1.4723	        1.4710	     1.1084	4.860e-03	2.268e-02	1.431e+02	   1.021	   190.448
 182	91	 5.0187	 1.0147	   1.4723	        1.4710	          0.0013	   1.4723	        1.4710	     1.1084	4.900e-03	2.251e-02	1.481e+02	   1.028	   191.476
 183	92	 5.0178	 1.0137	   1.4723	        1.4710	          0.0013	   1.4723	        1.4710	     1.1084	4.760e-03	2.208e-02	1.211e+02	   1.049	   192.525
 184	92	 5.0189	 1.0140	   1.4723	        1.4710	          0.0013	   1.4723	        1.4710	     1.1084	4.861e-03	2.220e-02	1.216e+02	   1.068	   193.594
 185	93	 5.0295	 1.0135	   1.4723	        1.4710	          0.0013	   1.4723	        1.4710	     1.1084	6.551e-03	2.198e-02	1.218e+02	   1.091	   194.685
 186	93	 5.0187	 1.0133	   1.4723	        1.4710	          0.0013	   1.4723	        1.4710	     1.1083	4.758e-03	2.190e-02	1.248e+02	   1.052	   195.738
 187	94	 5.0171	 1.0134	   1.4723	        1.4710	          0.0013	   1.4723	        1.4710	     1.1083	4.536e-03	2.197e-02	1.732e+02	   1.026	   196.764
 188	94	 5.0189	 1.0126	   1.4723	        1.4710	          0.0013	   1.4723	        1.4710	     1.1083	4.723e-03	2.161e-02	1.771e+02	   1.065	   197.829
 189	95	 5.0200	 1.0130	   1.4723	        1.4710	          0.0013	   1.4723	        1.4710	     1.1083	4.812e-03	2.181e-02	1.617e+02	   1.062	   198.891
 190	95	 5.0191	 1.0119	   1.4723	        1.4710	          0.0013	   1.4723	        1.4710	     1.1083	4.678e-03	2.132e-02	1.629e+02	   1.029	   199.921
 191	96	 5.0199	 1.0112	   1.4723	        1.4710	          0.0013	   1.4723	        1.4710	     1.1082	4.829e-03	2.100e-02	1.353e+02	   1.020	   200.941
 192	96	 5.0192	 1.0113	   1.4723	        1.4710	          0.0013	   1.4723	        1.4710	     1.1082	4.630e-03	2.105e-02	1.369e+02	   1.018	   201.959
 193	97	 5.0110	 1.0109	   1.4722	        1.4710	          0.0012	   1.4722	        1.4710	     1.1082	3.585e-03	2.090e-02	1.090e+02	   1.124	   203.083
 194	97	 5.0195	 1.0107	   1.4722	        1.4710	          0.0012	   1.4722	        1.4710	     1.1082	4.632e-03	2.078e-02	1.110e+02	   0.924	   204.008
 195	98	 5.0292	 1.0109	   1.4723	        1.4710	          0.0013	   1.4723	        1.4710	     1.1082	6.342e-03	2.088e-02	1.233e+02	   0.903	   204.912
 196	98	 5.0195	 1.0100	   1.4722	        1.4710	          0.0012	   1.4722	        1.4710	     1.1082	4.541e-03	2.052e-02	1.216e+02	   0.851	   205.762
 197	99	 5.0105	 1.0096	   1.4722	        1.4710	          0.0012	   1.4722	        1.4710	     1.1082	3.366e-03	2.034e-02	1.244e+02	   0.928	   206.691
 198	99	 5.0198	 1.0095	   1.4722	        1.4710	          0.0012	   1.4722	        1.4710	     1.1082	4.550e-03	2.027e-02	1.259e+02	   0.852	   207.543
 199	100	 5.0138	 1.0092	   1.4722	        1.4710	          0.0012	   1.4722	        1.4710	     1.1082	3.766e-03	2.014e-02	1.164e+02	   0.818	   208.362
 200	100	 5.0201	 1.0089	   1.4722	        1.4710	          0.0012	   1.4722	        1.4710	     1.1081	4.535e-03	2.002e-02	1.189e+02	   0.794	   209.156
 201	101	 5.0115	 1.0089	   1.4722	        1.4710	          0.0012	   1.4722	        1.4710	     1.1081	3.440e-03	2.001e-02	1.335e+02	   0.830	   209.987
 202	101	 5.0204	 1.0083	   1.4722	        1.4710	          0.0012	   1.4722	        1.4710	     1.1081	4.531e-03	1.978e-02	1.360e+02	   0.791	   210.778
 203	102	 5.0246	 1.0090	   1.4722	        1.4710	          0.0012	   1.4722	        1.4710	     1.1081	5.216e-03	2.006e-02	1.435e+02	   0.731	   211.510
 204	102	 5.0203	 1.0078	   1.4722	        1.4710	          0.0012	   1.4722	        1.4710	     1.1081	4.453e-03	1.954e-02	1.463e+02	   0.830	   212.340
 205	103	 5.0259	 1.0075	   1.4722	        1.4710	          0.0012	   1.4722	        1.4710	     1.1081	5.400e-03	1.941e-02	1.066e+02	   0.775	   213.115
 206	103	 5.0203	 1.0073	   1.4722	        1.4710	          0.0012	   1.4722	        1.4710	     1.1081	4.373e-03	1.931e-02	1.110e+02	   0.737	   213.853
 207	104	 5.0215	 1.0066	   1.4722	        1.4710	          0.0012	   1.4722	        1.4710	     1.1081	4.583e-03	1.901e-02	1.921e+02	   0.771	   214.624
 208	104	 5.0203	 1.0068	   1.4722	        1.4710	          0.0012	   1.4722	        1.4710	     1.1081	4.314e-03	1.909e-02	1.976e+02	   0.738	   215.362
 209	105	 5.0174	 1.0060	   1.4721	        1.4710	          0.0011	   1.4721	        1.4710	     1.1080	3.865e-03	1.877e-02	1.176e+02	   0.736	   216.098
 210	105	 5.0204	 1.0063	   1.4722	        1.4710	          0.0012	   1.4722	        1.4710	     1.1080	4.285e-03	1.888e-02	1.203e+02	   0.733	   216.831
 211	106	 5.0193	 1.0054	   1.4721	        1.4710	          0.0011	   1.4721	        1.4710	     1.1080	4.093e-03	1.852e-02	1.060e+02	   0.778	   217.609
 212	106	 5.0206	 1.0058	   1.4721	        1.4710	          0.0011	   1.4721	        1.4710	     1.1080	4.250e-03	1.867e-02	1.068e+02	   0.793	   218.402
 213	107	 5.0190	 1.0054	   1.4721	        1.4710	          0.0011	   1.4721	        1.4710	     1.1080	3.894e-03	1.849e-02	1.448e+02	   0.750	   219.153
 214	107	 5.0207	 1.0053	   1.4721	        1.4710	          0.0011	   1.4721	        1.4710	     1.1080	4.215e-03	1.846e-02	1.482e+02	   0.782	   219.935
 215	108	 5.0154	 1.0054	   1.4721	        1.4710	          0.0011	   1.4721	        1.4710	     1.1080	3.525e-03	1.851e-02	1.303e+02	   0.795	   220.730
 216	108	 5.0209	 1.0049	   1.4721	        1.4710	          0.0011	   1.4721	        1.4710	     1.1080	4.197e-03	1.826e-02	1.342e+02	   0.731	   221.462
 217	109	 5.0198	 1.0045	   1.4721	        1.4710	          0.0011	   1.4721	        1.4710	     1.1080	4.026e-03	1.812e-02	1.190e+02	   0.740	   222.202
 218	109	 5.0210	 1.0044	   1.4721	        1.4710	          0.0011	   1.4721	        1.4710	     1.1080	4.157e-03	1.806e-02	1.210e+02	   0.730	   222.932
 219	110	 5.0179	 1.0040	   1.4721	        1.4710	          0.0011	   1.4721	        1.4710	     1.1080	3.807e-03	1.786e-02	9.821e+01	   0.738	   223.670
 220	110	 5.0211	 1.0040	   1.4721	        1.4710	          0.0011	   1.4721	        1.4710	     1.1079	4.127e-03	1.787e-02	1.009e+02	   0.743	   224.414
 221	111	 5.0136	 1.0036	   1.4721	        1.4710	          0.0011	   1.4721	        1.4710	     1.1079	3.130e-03	1.770e-02	1.439e+02	   0.864	   225.278
 222	111	 5.0214	 1.0035	   1.4721	        1.4710	          0.0011	   1.4721	        1.4710	     1.1079	4.118e-03	1.768e-02	1.480e+02	   0.856	   226.134
 223	112	 5.0215	 1.0029	   1.4721	        1.4710	          0.0011	   1.4721	        1.4710	     1.1079	4.189e-03	1.740e-02	1.045e+02	   0.757	   226.891
 224	112	 5.0214	 1.0031	   1.4721	        1.4710	          0.0011	   1.4721	        1.4710	     1.1079	4.070e-03	1.750e-02	1.072e+02	   0.782	   227.673
 225	113	 5.0193	 1.0034	   1.4721	        1.4710	          0.0011	   1.4721	        1.4710	     1.1079	3.741e-03	1.762e-02	1.661e+02	   0.752	   228.425
 226	113	 5.0215	 1.0027	   1.4721	        1.4710	          0.0011	   1.4721	        1.4710	     1.1079	4.035e-03	1.732e-02	1.671e+02	   0.774	   229.199
 227	114	 5.0234	 1.0025	   1.4721	        1.4710	          0.0011	   1.4721	        1.4710	     1.1079	4.309e-03	1.720e-02	1.495e+02	   0.744	   229.944
 228	114	 5.0215	 1.0023	   1.4721	        1.4710	          0.0011	   1.4721	        1.4710	     1.1079	3.977e-03	1.714e-02	1.529e+02	   0.740	   230.684
 229	115	 5.0211	 1.0027	   1.4721	        1.4710	          0.0011	   1.4721	        1.4710	     1.1079	4.040e-03	1.729e-02	1.073e+02	   0.735	   231.420
 230	115	 5.0215	 1.0019	   1.4721	        1.4710	          0.0011	   1.4721	        1.4710	     1.1079	3.932e-03	1.696e-02	1.085e+02	   0.806	   232.226
 231	116	 5.0216	 1.0021	   1.4721	        1.4710	          0.0011	   1.4721	        1.4710	     1.1079	4.178e-03	1.706e-02	1.600e+02	   0.840	   233.066
 232	116	 5.0215	 1.0015	   1.4721	        1.4710	          0.0011	   1.4721	        1.4710	     1.1079	3.882e-03	1.679e-02	1.634e+02	   0.771	   233.837
 233	117	 5.0203	 1.0015	   1.4721	        1.4710	          0.0011	   1.4721	        1.4710	     1.1079	3.805e-03	1.678e-02	9.098e+01	   0.756	   234.594
 234	117	 5.0216	 1.0012	   1.4721	        1.4710	          0.0011	   1.4721	        1.4710	     1.1078	3.846e-03	1.662e-02	9.021e+01	   0.801	   235.394
 235	118	 5.0240	 1.0011	   1.4721	        1.4710	          0.0011	   1.4721	        1.4710	     1.1078	4.282e-03	1.659e-02	1.403e+02	   0.757	   236.152
 236	118	 5.0215	 1.0008	   1.4721	        1.4710	          0.0011	   1.4721	        1.4710	     1.1078	3.784e-03	1.646e-02	1.431e+02	   0.734	   236.886
 237	119	 5.0225	 1.0006	   1.4721	        1.4710	          0.0011	   1.4721	        1.4710	     1.1078	4.005e-03	1.636e-02	1.101e+02	   0.736	   237.623
 238	119	 5.0215	 1.0004	   1.4721	        1.4710	          0.0011	   1.4721	        1.4710	     1.1078	3.738e-03	1.630e-02	1.107e+02	   0.733	   238.356
 239	120	 5.0250	 1.0007	   1.4721	        1.4710	          0.0011	   1.4721	        1.4710	     1.1078	4.320e-03	1.640e-02	1.070e+02	   0.736	   239.092
 240	120	 5.0215	 1.0001	   1.4721	        1.4710	          0.0010	   1.4721	        1.4710	     1.1078	3.682e-03	1.614e-02	1.079e+02	   0.735	   239.827
 241	121	 5.0252	 1.0000	   1.4721	        1.4710	          0.0011	   1.4721	        1.4710	     1.1078	4.320e-03	1.611e-02	9.430e+01	   0.778	   240.605
 242	121	 5.0215	 0.9997	   1.4720	        1.4710	          0.0010	   1.4720	        1.4710	     1.1078	3.626e-03	1.599e-02	9.343e+01	   0.740	   241.346
 243	122	 5.0195	 0.9995	   1.4720	        1.4710	          0.0010	   1.4720	        1.4710	     1.1078	3.341e-03	1.590e-02	9.201e+01	   0.733	   242.079
 244	122	 5.0215	 0.9994	   1.4720	        1.4710	          0.0010	   1.4720	        1.4710	     1.1078	3.594e-03	1.584e-02	9.418e+01	   0.787	   242.866
 245	123	 5.0231	 0.9990	   1.4720	        1.4710	          0.0010	   1.4720	        1.4710	     1.1078	3.975e-03	1.565e-02	1.204e+02	   0.764	   243.631
 246	123	 5.0215	 0.9991	   1.4720	        1.4710	          0.0010	   1.4720	        1.4710	     1.1078	3.545e-03	1.569e-02	1.235e+02	   0.735	   244.366
 247	124	 5.0133	 0.9989	   1.4720	        1.4710	          0.0010	   1.4720	        1.4710	     1.1078	2.487e-03	1.562e-02	1.500e+02	   0.732	   245.099
 248	124	 5.0217	 0.9988	   1.4720	        1.4710	          0.0010	   1.4720	        1.4710	     1.1078	3.539e-03	1.555e-02	1.535e+02	   0.740	   245.839
 249	125	 5.0251	 0.9990	   1.4720	        1.4710	          0.0010	   1.4720	        1.4710	     1.1078	4.070e-03	1.564e-02	1.241e+02	   0.734	   246.574
 250	125	 5.0217	 0.9984	   1.4720	        1.4710	          0.0010	   1.4720	        1.4710	     1.1077	3.482e-03	1.540e-02	1.254e+02	   0.790	   247.365
 251	126	 5.0301	 0.9972	   1.4720	        1.4710	          0.0010	   1.4720	        1.4710	     1.1077	4.962e-03	1.484e-02	1.649e+02	   0.790	   248.155
 252	126	 5.0214	 0.9982	   1.4720	        1.4710	          0.0010	   1.4720	        1.4710	     1.1077	3.397e-03	1.527e-02	1.670e+02	   0.734	   248.889
 253	127	 5.0203	 0.9988	   1.4720	        1.4710	          0.0010	   1.4720	        1.4710	     1.1078	3.294e-03	1.557e-02	1.857e+02	   0.811	   249.700
 254	127	 5.0215	 0.9979	   1.4720	        1.4710	          0.0010	   1.4720	        1.4710	     1.1077	3.368e-03	1.513e-02	1.882e+02	   0.765	   250.465
 255	128	 5.0229	 0.9968	   1.4720	        1.4710	          0.0010	   1.4720	        1.4710	     1.1077	3.578e-03	1.468e-02	1.254e+02	   0.743	   251.208
 256	128	 5.0215	 0.9976	   1.4720	        1.4710	          0.0010	   1.4720	        1.4710	     1.1077	3.324e-03	1.501e-02	1.281e+02	   0.730	   251.938
 257	129	 5.0196	 0.9960	   1.4720	        1.4710	          0.0010	   1.4720	        1.4710	     1.1077	3.172e-03	1.428e-02	1.354e+02	   0.740	   252.678
 258	129	 5.0216	 0.9973	   1.4720	        1.4710	          0.0010	   1.4720	        1.4710	     1.1077	3.297e-03	1.488e-02	1.384e+02	   0.771	   253.449
 259	130	 5.0217	 0.9980	   1.4720	        1.4710	          0.0010	   1.4720	        1.4710	     1.1077	3.403e-03	1.520e-02	1.196e+02	   0.767	   254.217
 260	130	 5.0216	 0.9970	   1.4720	        1.4710	          0.0010	   1.4720	        1.4710	     1.1077	3.261e-03	1.475e-02	1.196e+02	   0.768	   254.985
 261	131	 5.0205	 0.9965	   1.4720	        1.4710	          0.0010	   1.4720	        1.4710	     1.1077	3.052e-03	1.450e-02	7.762e+01	   0.744	   255.730
 262	131	 5.0217	 0.9967	   1.4720	        1.4710	          0.0010	   1.4720	        1.4710	     1.1077	3.233e-03	1.462e-02	8.109e+01	   0.738	   256.468
 263	132	 5.0213	 0.9968	   1.4720	        1.4710	          0.0010	   1.4720	        1.4710	     1.1077	3.213e-03	1.464e-02	1.328e+02	   0.820	   257.288
 264	132	 5.0217	 0.9964	   1.4720	        1.4710	          0.0010	   1.4720	        1.4710	     1.1077	3.203e-03	1.450e-02	1.334e+02	   0.766	   258.054
 265	133	 5.0218	 0.9960	   1.4720	        1.4710	          0.0010	   1.4720	        1.4710	     1.1077	3.313e-03	1.428e-02	2.082e+02	   0.732	   258.786
 266	133	 5.0217	 0.9962	   1.4720	        1.4710	          0.0010	   1.4720	        1.4710	     1.1077	3.165e-03	1.438e-02	2.111e+02	   0.737	   259.523
 267	134	 5.0211	 0.9955	   1.4720	        1.4710	          0.0010	   1.4720	        1.4710	     1.1076	3.163e-03	1.408e-02	1.865e+02	   0.766	   260.289
 268	134	 5.0218	 0.9959	   1.4720	        1.4710	          0.0010	   1.4720	        1.4710	     1.1077	3.136e-03	1.426e-02	1.885e+02	   0.776	   261.066
 269	135	 5.0200	 0.9962	   1.4720	        1.4710	          0.0010	   1.4720	        1.4710	     1.1077	2.977e-03	1.437e-02	1.082e+02	   0.754	   261.820
 270	135	 5.0218	 0.9957	   1.4720	        1.4710	          0.0010	   1.4720	        1.4710	     1.1076	3.110e-03	1.414e-02	1.097e+02	   0.807	   262.627
 271	136	 5.0188	 0.9952	   1.4720	        1.4710	          0.0010	   1.4720	        1.4710	     1.1076	2.701e-03	1.393e-02	1.387e+02	   0.752	   263.380
 272	136	 5.0219	 0.9954	   1.4720	        1.4710	          0.0010	   1.4720	        1.4710	     1.1076	3.088e-03	1.402e-02	1.411e+02	   0.774	   264.154
 273	137	 5.0207	 0.9944	   1.4720	        1.4710	          0.0010	   1.4720	        1.4710	     1.1076	2.856e-03	1.358e-02	1.666e+02	   0.807	   264.961
 274	137	 5.0220	 0.9952	   1.4720	        1.4710	          0.0010	   1.4720	        1.4710	     1.1076	3.060e-03	1.392e-02	1.697e+02	   0.726	   265.687
 275	138	 5.0247	 0.9946	   1.4720	        1.4710	          0.0010	   1.4720	        1.4710	     1.1076	3.608e-03	1.366e-02	1.511e+02	   0.741	   266.428
 276	138	 5.0219	 0.9949	   1.4720	        1.4710	          0.0010	   1.4720	        1.4710	     1.1076	3.017e-03	1.380e-02	1.514e+02	   0.732	   267.161
 277	139	 5.0185	 0.9950	   1.4720	        1.4710	          0.0010	   1.4720	        1.4710	     1.1076	2.612e-03	1.385e-02	1.578e+02	   0.736	   267.897
 278	139	 5.0220	 0.9947	   1.4720	        1.4710	          0.0010	   1.4720	        1.4710	     1.1076	2.993e-03	1.369e-02	1.618e+02	   0.735	   268.632
 279	140	 5.0252	 0.9952	   1.4720	        1.4710	          0.0010	   1.4720	        1.4710	     1.1076	3.560e-03	1.393e-02	1.122e+02	   0.747	   269.379
 280	140	 5.0219	 0.9944	   1.4720	        1.4710	          0.0010	   1.4720	        1.4710	     1.1076	2.943e-03	1.358e-02	1.145e+02	   0.768	   270.148
 281	141	 5.0182	 0.9937	   1.4720	        1.4710	          0.0010	   1.4720	        1.4710	     1.1076	2.420e-03	1.324e-02	1.123e+02	   0.733	   270.881
 282	141	 5.0220	 0.9942	   1.4720	        1.4710	          0.0010	   1.4720	        1.4710	     1.1076	2.927e-03	1.347e-02	1.133e+02	   0.790	   271.672
 283	142	 5.0202	 0.9938	   1.4720	        1.4710	          0.0010	   1.4720	        1.4710	     1.1076	2.818e-03	1.327e-02	1.666e+02	   0.764	   272.436
 284	142	 5.0221	 0.9940	   1.4720	        1.4710	          0.0010	   1.4720	        1.4710	     1.1076	2.902e-03	1.337e-02	1.679e+02	   0.738	   273.174
 285	143	 5.0296	 0.9940	   1.4720	        1.4710	          0.0010	   1.4720	        1.4710	     1.1076	4.202e-03	1.337e-02	1.587e+02	   0.731	   273.906
 286	143	 5.0219	 0.9937	   1.4720	        1.4710	          0.0010	   1.4720	        1.4710	     1.1076	2.834e-03	1.326e-02	1.594e+02	   0.738	   274.644
 287	144	 5.0275	 0.9936	   1.4720	        1.4710	          0.0010	   1.4720	        1.4710	     1.1076	3.830e-03	1.320e-02	1.664e+02	   0.729	   275.373
 288	144	 5.0218	 0.9935	   1.4720	        1.4710	          0.0010	   1.4720	        1.4710	     1.1076	2.776e-03	1.316e-02	1.683e+02	   0.739	   276.112
 289	145	 5.0233	 0.9929	   1.4719	        1.4710	          0.0009	   1.4719	        1.4710	     1.1076	2.926e-03	1.290e-02	1.472e+02	   0.806	   276.919
 290	145	 5.0217	 0.9933	   1.4720	        1.4710	          0.0010	   1.4720	        1.4710	     1.1076	2.740e-03	1.306e-02	1.496e+02	   0.772	   277.691
 291	146	 5.0210	 0.9937	   1.4720	        1.4710	          0.0010	   1.4720	        1.4710	     1.1076	2.723e-03	1.325e-02	1.180e+02	   0.739	   278.430
 292	146	 5.0218	 0.9931	   1.4719	        1.4710	          0.0009	   1.4719	        1.4710	     1.1076	2.716e-03	1.296e-02	1.169e+02	   0.811	   279.241
 293	147	 5.0179	 0.9935	   1.4720	        1.4710	          0.0009	   1.4720	        1.4710	     1.1076	2.195e-03	1.314e-02	1.266e+02	   0.768	   280.009
 294	147	 5.0219	 0.9929	   1.4719	        1.4710	          0.0009	   1.4719	        1.4710	     1.1076	2.703e-03	1.285e-02	1.270e+02	   0.793	   280.803
 295	148	 5.0260	 0.9935	   1.4720	        1.4710	          0.0010	   1.4720	        1.4710	     1.1076	3.379e-03	1.313e-02	1.370e+02	   0.856	   281.660
 296	148	 5.0218	 0.9926	   1.4719	        1.4710	          0.0009	   1.4719	        1.4710	     1.1075	2.656e-03	1.275e-02	1.381e+02	   0.807	   282.467
 297	149	 5.0239	 0.9927	   1.4719	        1.4710	          0.0009	   1.4719	        1.4710	     1.1075	3.021e-03	1.278e-02	1.425e+02	   0.751	   283.218
 298	149	 5.0218	 0.9924	   1.4719	        1.4710	          0.0009	   1.4719	        1.4710	     1.1075	2.619e-03	1.266e-02	1.429e+02	   0.733	   283.952
 299	150	 5.0216	 0.9927	   1.4719	        1.4710	          0.0009	   1.4719	        1.4710	     1.1075	2.674e-03	1.278e-02	1.106e+02	   0.781	   284.734
 300	150	 5.0218	 0.9922	   1.4719	        1.4710	          0.0009	   1.4719	        1.4710	     1.1075	2.594e-03	1.256e-02	1.102e+02	   0.742	   285.475
 301	151	 5.0197	 0.9925	   1.4719	        1.4710	          0.0009	   1.4719	        1.4710	     1.1075	2.328e-03	1.270e-02	1.759e+02	   0.784	   286.260
 302	151	 5.0219	 0.9920	   1.4719	        1.4710	          0.0009	   1.4719	        1.4710	     1.1075	2.577e-03	1.246e-02	1.762e+02	   0.796	   287.056
 303	152	 5.0201	 0.9920	   1.4719	        1.4710	          0.0009	   1.4719	        1.4710	     1.1075	2.419e-03	1.244e-02	1.478e+02	   0.738	   287.794
 304	152	 5.0219	 0.9918	   1.4719	        1.4710	          0.0009	   1.4719	        1.4710	     1.1075	2.559e-03	1.237e-02	1.488e+02	   0.794	   288.589
 305	153	 5.0255	 0.9918	   1.4719	        1.4710	          0.0009	   1.4719	        1.4710	     1.1075	3.292e-03	1.235e-02	1.071e+02	   0.764	   289.353
 306	153	 5.0219	 0.9916	   1.4719	        1.4710	          0.0009	   1.4719	        1.4710	     1.1075	2.519e-03	1.228e-02	1.079e+02	   0.745	   290.098
 307	154	 5.0177	 0.9916	   1.4719	        1.4710	          0.0009	   1.4719	        1.4710	     1.1075	2.104e-03	1.229e-02	1.197e+02	   0.732	   290.830
 308	154	 5.0219	 0.9914	   1.4719	        1.4710	          0.0009	   1.4719	        1.4710	     1.1075	2.506e-03	1.219e-02	1.224e+02	   0.783	   291.614
 309	155	 5.0229	 0.9918	   1.4719	        1.4710	          0.0009	   1.4719	        1.4710	     1.1075	2.704e-03	1.235e-02	1.159e+02	   0.795	   292.409
 310	155	 5.0219	 0.9912	   1.4719	        1.4710	          0.0009	   1.4719	        1.4710	     1.1075	2.476e-03	1.210e-02	1.165e+02	   0.738	   293.147
 311	156	 5.0217	 0.9904	   1.4719	        1.4710	          0.0009	   1.4719	        1.4710	     1.1075	2.479e-03	1.173e-02	1.289e+02	   0.794	   293.942
 312	156	 5.0219	 0.9910	   1.4719	        1.4710	          0.0009	   1.4719	        1.4710	     1.1075	2.448e-03	1.201e-02	1.314e+02	   0.787	   294.729
 313	157	 5.0235	 0.9914	   1.4719	        1.4710	          0.0009	   1.4719	        1.4710	     1.1075	2.734e-03	1.217e-02	1.559e+02	   0.733	   295.463
 314	157	 5.0219	 0.9908	   1.4719	        1.4710	          0.0009	   1.4719	        1.4710	     1.1075	2.415e-03	1.192e-02	1.578e+02	   0.683	   296.146
 315	158	 5.0193	 0.9911	   1.4719	        1.4710	          0.0009	   1.4719	        1.4710	     1.1075	2.114e-03	1.203e-02	1.076e+02	   0.694	   296.841
 316	158	 5.0219	 0.9907	   1.4719	        1.4710	          0.0009	   1.4719	        1.4710	     1.1075	2.398e-03	1.184e-02	1.085e+02	   0.688	   297.529
 317	159	 5.0226	 0.9911	   1.4719	        1.4710	          0.0009	   1.4719	        1.4710	     1.1075	2.545e-03	1.204e-02	1.088e+02	   0.643	   298.172
 318	159	 5.0219	 0.9905	   1.4719	        1.4710	          0.0009	   1.4719	        1.4710	     1.1075	2.372e-03	1.175e-02	1.063e+02	   0.680	   298.853
 319	160	 5.0265	 0.9915	   1.4719	        1.4710	          0.0009	   1.4719	        1.4710	     1.1075	3.043e-03	1.223e-02	1.193e+02	   0.614	   299.467
 320	160	 5.0219	 0.9903	   1.4719	        1.4710	          0.0009	   1.4719	        1.4710	     1.1075	2.328e-03	1.166e-02	1.204e+02	   0.639	   300.106
 321	161	 5.0242	 0.9902	   1.4719	        1.4710	          0.0009	   1.4719	        1.4710	     1.1075	2.796e-03	1.162e-02	1.228e+02	   0.642	   300.749
 322	161	 5.0218	 0.9901	   1.4719	        1.4710	          0.0009	   1.4719	        1.4710	     1.1075	2.290e-03	1.158e-02	1.244e+02	   0.593	   301.342
 323	162	 5.0241	 0.9904	   1.4719	        1.4710	          0.0009	   1.4719	        1.4710	     1.1075	2.737e-03	1.172e-02	1.146e+02	   0.597	   301.939
 324	162	 5.0217	 0.9899	   1.4719	        1.4710	          0.0009	   1.4719	        1.4710	     1.1075	2.257e-03	1.149e-02	1.143e+02	   0.601	   302.540
 325	163	 5.0274	 0.9893	   1.4719	        1.4710	          0.0009	   1.4719	        1.4710	     1.1074	3.310e-03	1.121e-02	1.281e+02	   0.600	   303.140
 326	163	 5.0216	 0.9898	   1.4719	        1.4710	          0.0009	   1.4719	        1.4710	     1.1075	2.210e-03	1.142e-02	1.281e+02	   0.598	   303.738
 327	164	 5.0219	 0.9900	   1.4719	        1.4710	          0.0009	   1.4719	        1.4710	     1.1075	2.353e-03	1.154e-02	1.505e+02	   0.622	   304.361
 328	164	 5.0216	 0.9896	   1.4719	        1.4710	          0.0009	   1.4719	        1.4710	     1.1074	2.185e-03	1.134e-02	1.523e+02	   0.665	   305.027
 329	165	 5.0237	 0.9891	   1.4719	        1.4710	          0.0009	   1.4719	        1.4710	     1.1074	2.686e-03	1.111e-02	9.066e+01	   0.615	   305.642
 330	165	 5.0216	 0.9894	   1.4719	        1.4710	          0.0009	   1.4719	        1.4710	     1.1074	2.155e-03	1.126e-02	8.730e+01	   0.631	   306.273
 331	166	 5.0183	 0.9891	   1.4719	        1.4710	          0.0009	   1.4719	        1.4710	     1.1074	1.793e-03	1.109e-02	1.257e+02	   0.667	   306.941
 332	166	 5.0217	 0.9893	   1.4719	        1.4710	          0.0009	   1.4719	        1.4710	     1.1074	2.148e-03	1.119e-02	1.252e+02	   0.649	   307.590
 333	167	 5.0207	 0.9903	   1.4719	        1.4710	          0.0009	   1.4719	        1.4710	     1.1075	2.051e-03	1.167e-02	1.513e+02	   0.622	   308.212
 334	167	 5.0217	 0.9891	   1.4719	        1.4710	          0.0009	   1.4719	        1.4710	     1.1074	2.130e-03	1.110e-02	1.529e+02	   0.600	   308.813
 335	168	 5.0219	 0.9890	   1.4719	        1.4710	          0.0009	   1.4719	        1.4710	     1.1074	2.363e-03	1.105e-02	1.084e+02	   0.600	   309.412
 336	168	 5.0217	 0.9889	   1.4719	        1.4710	          0.0009	   1.4719	        1.4710	     1.1074	2.104e-03	1.103e-02	1.118e+02	   0.599	   310.011
 337	169	 5.0213	 0.9886	   1.4719	        1.4710	          0.0009	   1.4719	        1.4710	     1.1074	2.213e-03	1.088e-02	1.157e+02	   0.616	   310.628
 338	169	 5.0217	 0.9888	   1.4719	        1.4710	          0.0009	   1.4719	        1.4710	     1.1074	2.082e-03	1.096e-02	1.178e+02	   0.656	   311.284
 339	170	 5.0240	 0.9877	   1.4719	        1.4710	          0.0009	   1.4719	        1.4710	     1.1074	2.427e-03	1.047e-02	1.405e+02	   0.637	   311.921
 340	170	 5.0216	 0.9886	   1.4719	        1.4710	          0.0009	   1.4719	        1.4710	     1.1074	2.049e-03	1.089e-02	1.413e+02	   0.609	   312.530
 341	171	 5.0248	 0.9893	   1.4719	        1.4710	          0.0009	   1.4719	        1.4710	     1.1074	2.604e-03	1.120e-02	1.340e+02	   0.665	   313.196
 342	171	 5.0216	 0.9885	   1.4719	        1.4710	          0.0009	   1.4719	        1.4710	     1.1074	2.017e-03	1.081e-02	1.321e+02	   0.632	   313.828
 343	172	 5.0175	 0.9882	   1.4719	        1.4710	          0.0009	   1.4719	        1.4710	     1.1074	1.527e-03	1.067e-02	1.036e+02	   0.597	   314.425
 344	172	 5.0217	 0.9883	   1.4719	        1.4710	          0.0009	   1.4719	        1.4710	     1.1074	2.011e-03	1.074e-02	1.064e+02	   0.601	   315.026
 345	173	 5.0263	 0.9879	   1.4719	        1.4710	          0.0009	   1.4719	        1.4710	     1.1074	2.881e-03	1.055e-02	1.220e+02	   0.600	   315.627
 346	173	 5.0216	 0.9882	   1.4719	        1.4710	          0.0009	   1.4719	        1.4710	     1.1074	1.972e-03	1.067e-02	1.221e+02	   0.606	   316.233
 347	174	 5.0202	 0.9874	   1.4719	        1.4710	          0.0009	   1.4719	        1.4710	     1.1074	1.913e-03	1.030e-02	1.510e+02	   0.659	   316.893
 348	174	 5.0216	 0.9880	   1.4719	        1.4710	          0.0009	   1.4719	        1.4710	     1.1074	1.953e-03	1.061e-02	1.534e+02	   0.635	   317.528
 349	175	 5.0241	 0.9889	   1.4719	        1.4710	          0.0009	   1.4719	        1.4710	     1.1074	2.374e-03	1.100e-02	1.787e+02	   0.600	   318.128
 350	175	 5.0215	 0.9879	   1.4719	        1.4710	          0.0009	   1.4719	        1.4710	     1.1074	1.920e-03	1.053e-02	1.803e+02	   0.680	   318.808
 351	176	 5.0148	 0.9884	   1.4719	        1.4710	          0.0009	   1.4719	        1.4710	     1.1074	1.338e-03	1.079e-02	1.373e+02	   0.629	   319.437
 352	176	 5.0216	 0.9877	   1.4719	        1.4710	          0.0009	   1.4719	        1.4710	     1.1074	1.923e-03	1.046e-02	1.410e+02	   0.595	   320.033
 353	177	 5.0236	 0.9878	   1.4719	        1.4710	          0.0009	   1.4719	        1.4710	     1.1074	2.334e-03	1.050e-02	1.554e+02	   0.596	   320.629
 354	177	 5.0216	 0.9876	   1.4719	        1.4710	          0.0009	   1.4719	        1.4710	     1.1074	1.893e-03	1.040e-02	1.561e+02	   0.601	   321.229
 355	178	 5.0219	 0.9874	   1.4719	        1.4710	          0.0009	   1.4719	        1.4710	     1.1074	1.945e-03	1.033e-02	1.526e+02	   0.599	   321.829
 356	178	 5.0216	 0.9874	   1.4719	        1.4710	          0.0009	   1.4719	        1.4710	     1.1074	1.872e-03	1.033e-02	1.545e+02	   0.599	   322.428
 357	179	 5.0237	 0.9876	   1.4719	        1.4710	          0.0009	   1.4719	        1.4710	     1.1074	2.192e-03	1.040e-02	1.219e+02	   0.660	   323.088
 358	179	 5.0215	 0.9873	   1.4719	        1.4710	          0.0009	   1.4719	        1.4710	     1.1074	1.843e-03	1.026e-02	1.210e+02	   0.617	   323.705
 359	180	 5.0251	 0.9879	   1.4719	        1.4710	          0.0009	   1.4719	        1.4710	     1.1074	2.547e-03	1.054e-02	1.313e+02	   0.601	   324.306
 360	180	 5.0215	 0.9871	   1.4719	        1.4710	          0.0009	   1.4719	        1.4710	     1.1074	1.811e-03	1.019e-02	1.314e+02	   0.644	   324.951
 361	181	 5.0230	 0.9871	   1.4719	        1.4710	          0.0009	   1.4719	        1.4710	     1.1074	2.093e-03	1.018e-02	1.426e+02	   0.598	   325.549
 362	181	 5.0214	 0.9870	   1.4719	        1.4710	          0.0009	   1.4719	        1.4710	     1.1074	1.786e-03	1.013e-02	1.441e+02	   0.593	   326.142
 363	182	 5.0204	 0.9864	   1.4719	        1.4710	          0.0009	   1.4719	        1.4710	     1.1074	1.766e-03	9.851e-03	1.229e+02	   0.597	   326.739
 364	182	 5.0214	 0.9869	   1.4719	        1.4710	          0.0009	   1.4719	        1.4710	     1.1074	1.770e-03	1.007e-02	1.250e+02	   0.602	   327.341
 365	183	 5.0222	 0.9870	   1.4719	        1.4710	          0.0009	   1.4719	        1.4710	     1.1074	1.877e-03	1.011e-02	1.445e+02	   0.600	   327.941
 366	183	 5.0214	 0.9867	   1.4719	        1.4710	          0.0009	   1.4719	        1.4710	     1.1074	1.749e-03	1.000e-02	1.458e+02	   0.643	   328.585
 367	184	 5.0211	 0.9874	   1.4719	        1.4710	          0.0009	   1.4719	        1.4710	     1.1074	1.847e-03	1.033e-02	1.277e+02	   0.652	   329.237
 368	184	 5.0214	 0.9866	   1.4719	        1.4710	          0.0009	   1.4719	        1.4710	     1.1074	1.733e-03	9.936e-03	1.277e+02	   0.679	   329.916
 369	185	 5.0226	 0.9857	   1.4719	        1.4710	          0.0009	   1.4719	        1.4710	     1.1073	1.962e-03	9.534e-03	1.351e+02	   0.763	   330.680
 370	185	 5.0214	 0.9865	   1.4719	        1.4710	          0.0009	   1.4719	        1.4710	     1.1074	1.708e-03	9.879e-03	1.382e+02	   0.710	   331.390
 371	186	 5.0189	 0.9863	   1.4719	        1.4710	          0.0009	   1.4719	        1.4710	     1.1073	1.486e-03	9.781e-03	1.336e+02	   0.597	   331.987
 372	186	 5.0214	 0.9864	   1.4719	        1.4710	          0.0009	   1.4719	        1.4710	     1.1073	1.699e-03	9.818e-03	1.334e+02	   0.595	   332.583
 373	187	 5.0212	 0.9862	   1.4719	        1.4710	          0.0009	   1.4719	        1.4710	     1.1073	1.749e-03	9.728e-03	1.876e+02	   0.595	   333.178
 374	187	 5.0214	 0.9862	   1.4719	        1.4710	          0.0009	   1.4719	        1.4710	     1.1073	1.682e-03	9.759e-03	1.882e+02	   0.601	   333.779
 375	188	 5.0246	 0.9863	   1.4719	        1.4710	          0.0009	   1.4719	        1.4710	     1.1073	2.236e-03	9.808e-03	1.819e+02	   0.602	   334.381
 376	188	 5.0213	 0.9861	   1.4719	        1.4710	          0.0009	   1.4719	        1.4710	     1.1073	1.650e-03	9.699e-03	1.848e+02	   0.670	   335.051
 377	189	 5.0198	 0.9861	   1.4719	        1.4710	          0.0009	   1.4719	        1.4710	     1.1073	1.562e-03	9.687e-03	1.392e+02	   0.637	   335.688
 378	189	 5.0214	 0.9860	   1.4719	        1.4710	          0.0009	   1.4719	        1.4710	     1.1073	1.638e-03	9.639e-03	1.400e+02	   0.658	   336.347
 379	190	 5.0250	 0.9861	   1.4719	        1.4710	          0.0009	   1.4719	        1.4710	     1.1073	2.165e-03	9.709e-03	1.289e+02	   0.671	   337.018
 380	190	 5.0213	 0.9858	   1.4719	        1.4710	          0.0009	   1.4719	        1.4710	     1.1073	1.608e-03	9.579e-03	1.295e+02	   0.617	   337.635
 381	191	 5.0222	 0.9848	   1.4719	        1.4710	          0.0009	   1.4719	        1.4710	     1.1073	1.823e-03	9.103e-03	9.363e+01	   0.598	   338.234
 382	191	 5.0213	 0.9857	   1.4719	        1.4710	          0.0009	   1.4719	        1.4710	     1.1073	1.587e-03	9.526e-03	9.605e+01	   0.593	   338.827
 383	192	 5.0213	 0.9856	   1.4719	        1.4710	          0.0009	   1.4719	        1.4710	     1.1073	1.722e-03	9.465e-03	1.540e+02	   0.597	   339.424
 384	192	 5.0212	 0.9856	   1.4719	        1.4710	          0.0009	   1.4719	        1.4710	     1.1073	1.568e-03	9.469e-03	1.554e+02	   0.601	   340.026
 385	193	 5.0159	 0.9854	   1.4719	        1.4710	          0.0009	   1.4719	        1.4710	     1.1073	1.204e-03	9.384e-03	1.238e+02	   0.621	   340.647
 386	193	 5.0213	 0.9855	   1.4719	        1.4710	          0.0009	   1.4719	        1.4710	     1.1073	1.565e-03	9.412e-03	1.273e+02	   0.669	   341.316
 387	194	 5.0191	 0.9853	   1.4719	        1.4710	          0.0009	   1.4719	        1.4710	     1.1073	1.385e-03	9.324e-03	1.280e+02	   0.613	   341.930
 388	194	 5.0213	 0.9854	   1.4719	        1.4710	          0.0009	   1.4719	        1.4710	     1.1073	1.555e-03	9.356e-03	1.298e+02	   0.609	   342.539
 389	195	 5.0213	 0.9859	   1.4719	        1.4710	          0.0009	   1.4719	        1.4710	     1.1073	1.626e-03	9.603e-03	1.218e+02	   0.671	   343.211
 390	195	 5.0213	 0.9853	   1.4719	        1.4710	          0.0009	   1.4719	        1.4710	     1.1073	1.536e-03	9.297e-03	1.230e+02	   0.628	   343.839
 391	196	 5.0213	 0.9846	   1.4719	        1.4710	          0.0009	   1.4719	        1.4710	     1.1073	1.743e-03	9.012e-03	1.309e+02	   0.597	   344.436
 392	196	 5.0213	 0.9851	   1.4719	        1.4710	          0.0009	   1.4719	        1.4710	     1.1073	1.519e-03	9.245e-03	1.328e+02	   0.595	   345.032
 393	197	 5.0200	 0.9861	   1.4719	        1.4710	          0.0009	   1.4719	        1.4710	     1.1073	1.437e-03	9.685e-03	1.524e+02	   0.595	   345.627
 394	197	 5.0213	 0.9850	   1.4719	        1.4710	          0.0009	   1.4719	        1.4710	     1.1073	1.504e-03	9.186e-03	1.528e+02	   0.600	   346.228
 395	198	 5.0206	 0.9844	   1.4719	        1.4710	          0.0009	   1.4719	        1.4710	     1.1073	1.510e-03	8.871e-03	1.257e+02	   0.650	   346.878
 396	198	 5.0213	 0.9849	   1.4719	        1.4710	          0.0009	   1.4719	        1.4710	     1.1073	1.487e-03	9.135e-03	1.273e+02	   0.630	   347.509
 397	199	 5.0142	 0.9849	   1.4719	        1.4710	          0.0008	   1.4719	        1.4710	     1.1073	1.134e-03	9.138e-03	1.699e+02	   0.596	   348.105
 398	199	 5.0214	 0.9848	   1.4719	        1.4710	          0.0009	   1.4719	        1.4710	     1.1073	1.493e-03	9.082e-03	1.721e+02	   0.599	   348.704
 399	200	 5.0211	 0.9845	   1.4719	        1.4710	          0.0009	   1.4719	        1.4710	     1.1073	1.480e-03	8.954e-03	1.444e+02	   0.645	   349.349
 400	200	 5.0213	 0.9847	   1.4719	        1.4710	          0.0009	   1.4719	        1.4710	     1.1073	1.476e-03	9.030e-03	1.461e+02	   0.601	   349.950

[SCGD] Finished on device cuda -> σ_f² ≈ 5.0213, σ_ε² ≈ 0.9847
