[GPU 2][JOB 235] 'python cli.py scgd --n 1024 --lengthscale 0.5 --sigma-f2-true 4.0 --sigma-eps2-true 1.0 --n-epochs 200 --device auto --kernel-mode finite --a0 1e-3 --a-decay 0.75 --w-init-scale 0.1 --warm-start-w --num-features 128 --print-every 1 --seed 4 --batch-size 1024 --b0 0.1 --b-decay 0.5 --decay-start-epoch 0 --sigma-f2-init 5.0 --sigma-eps2-init 3.0 '

=== SCGD + ORF (TMLR Algorithm 2) ===
iter	epoch	σ_f²	σ_ε²	real_nlml	real_nlml_true	real_nlml_abs_err	orf_nlml	orf_nlml_true	approx_nlml	|F~ - F|/|F|	||grad||	||∇_w||	duration_s	wall_time_s
   1	 1	 4.9785	 2.7834	   1.6881	        1.5094	          0.1786	   1.6881	        1.5094	     1.5383	5.285e-03	1.094e-01	3.879e-06	   1.502	     1.665
   2	 2	 4.9864	 2.6517	   1.6735	        1.5094	          0.1641	   1.6735	        1.5094	     1.5092	4.437e-03	1.116e-01	2.827e+00	   1.244	     2.910
   3	 3	 4.9911	 2.5532	   1.6624	        1.5094	          0.1530	   1.6624	        1.5094	     1.4871	4.327e-03	1.131e-01	2.276e+00	   1.062	     3.972
   4	 4	 4.9949	 2.4731	   1.6533	        1.5094	          0.1439	   1.6533	        1.5094	     1.4689	4.394e-03	1.143e-01	2.215e+00	   1.075	     5.047
   5	 5	 4.9983	 2.4049	   1.6455	        1.5094	          0.1361	   1.6455	        1.5094	     1.4533	4.533e-03	1.152e-01	2.290e+00	   1.064	     6.112
   6	 6	 5.0014	 2.3452	   1.6386	        1.5094	          0.1292	   1.6386	        1.5094	     1.4396	4.707e-03	1.159e-01	2.425e+00	   1.091	     7.203
   7	 7	 5.0043	 2.2919	   1.6324	        1.5094	          0.1230	   1.6324	        1.5094	     1.4272	4.896e-03	1.165e-01	2.590e+00	   1.089	     8.292
   8	 8	 5.0071	 2.2435	   1.6268	        1.5094	          0.1174	   1.6268	        1.5094	     1.4160	5.092e-03	1.170e-01	2.769e+00	   1.077	     9.370
   9	 9	 5.0097	 2.1992	   1.6216	        1.5094	          0.1122	   1.6216	        1.5094	     1.4056	5.289e-03	1.174e-01	2.955e+00	   1.081	    10.451
  10	10	 5.0122	 2.1582	   1.6168	        1.5094	          0.1073	   1.6168	        1.5094	     1.3960	5.484e-03	1.176e-01	3.145e+00	   1.081	    11.533
  11	11	 5.0146	 2.1200	   1.6123	        1.5094	          0.1029	   1.6123	        1.5094	     1.3871	5.676e-03	1.178e-01	3.334e+00	   1.079	    12.612
  12	12	 5.0169	 2.0843	   1.6081	        1.5094	          0.0986	   1.6081	        1.5094	     1.3787	5.863e-03	1.180e-01	3.523e+00	   1.063	    13.675
  13	13	 5.0191	 2.0507	   1.6041	        1.5094	          0.0947	   1.6041	        1.5094	     1.3708	6.044e-03	1.180e-01	3.710e+00	   1.078	    14.754
  14	14	 5.0212	 2.0189	   1.6004	        1.5094	          0.0909	   1.6004	        1.5094	     1.3633	6.221e-03	1.180e-01	3.894e+00	   1.065	    15.820
  15	15	 5.0233	 1.9889	   1.5968	        1.5094	          0.0874	   1.5968	        1.5094	     1.3563	6.392e-03	1.180e-01	4.075e+00	   1.080	    16.900
  16	16	 5.0254	 1.9603	   1.5934	        1.5094	          0.0840	   1.5934	        1.5094	     1.3496	6.558e-03	1.179e-01	4.254e+00	   1.087	    17.988
  17	17	 5.0274	 1.9331	   1.5902	        1.5094	          0.0808	   1.5902	        1.5094	     1.3432	6.718e-03	1.178e-01	4.431e+00	   1.135	    19.123
  18	18	 5.0293	 1.9071	   1.5872	        1.5094	          0.0777	   1.5872	        1.5094	     1.3371	6.874e-03	1.176e-01	4.604e+00	   1.084	    20.208
  19	19	 5.0312	 1.8822	   1.5843	        1.5094	          0.0748	   1.5843	        1.5094	     1.3313	7.024e-03	1.173e-01	4.774e+00	   1.081	    21.289
  20	20	 5.0331	 1.8584	   1.5815	        1.5094	          0.0720	   1.5815	        1.5094	     1.3258	7.170e-03	1.171e-01	4.942e+00	   1.160	    22.450
  21	21	 5.0349	 1.8355	   1.5788	        1.5094	          0.0694	   1.5788	        1.5094	     1.3204	7.311e-03	1.167e-01	5.107e+00	   1.111	    23.562
  22	22	 5.0367	 1.8135	   1.5762	        1.5094	          0.0668	   1.5762	        1.5094	     1.3154	7.448e-03	1.164e-01	5.270e+00	   1.065	    24.627
  23	23	 5.0384	 1.7924	   1.5738	        1.5094	          0.0643	   1.5738	        1.5094	     1.3105	7.581e-03	1.160e-01	5.430e+00	   1.070	    25.697
  24	24	 5.0401	 1.7720	   1.5714	        1.5094	          0.0620	   1.5714	        1.5094	     1.3058	7.709e-03	1.156e-01	5.587e+00	   1.076	    26.774
  25	25	 5.0418	 1.7524	   1.5691	        1.5094	          0.0597	   1.5691	        1.5094	     1.3013	7.834e-03	1.151e-01	5.742e+00	   1.068	    27.842
  26	26	 5.0435	 1.7334	   1.5670	        1.5094	          0.0575	   1.5670	        1.5094	     1.2970	7.955e-03	1.146e-01	5.895e+00	   1.092	    28.934
  27	27	 5.0451	 1.7151	   1.5649	        1.5094	          0.0555	   1.5649	        1.5094	     1.2928	8.072e-03	1.141e-01	6.045e+00	   1.087	    30.021
  28	28	 5.0467	 1.6974	   1.5629	        1.5094	          0.0534	   1.5629	        1.5094	     1.2889	8.186e-03	1.135e-01	6.193e+00	   1.069	    31.091
  29	29	 5.0483	 1.6803	   1.5609	        1.5094	          0.0515	   1.5609	        1.5094	     1.2850	8.297e-03	1.130e-01	6.338e+00	   1.064	    32.155
  30	30	 5.0499	 1.6638	   1.5591	        1.5094	          0.0496	   1.5591	        1.5094	     1.2813	8.404e-03	1.124e-01	6.481e+00	   1.094	    33.249
  31	31	 5.0514	 1.6477	   1.5573	        1.5094	          0.0478	   1.5573	        1.5094	     1.2778	8.509e-03	1.117e-01	6.622e+00	   1.094	    34.343
  32	32	 5.0529	 1.6322	   1.5555	        1.5094	          0.0461	   1.5555	        1.5094	     1.2743	8.610e-03	1.111e-01	6.761e+00	   1.061	    35.404
  33	33	 5.0544	 1.6171	   1.5539	        1.5094	          0.0444	   1.5539	        1.5094	     1.2710	8.708e-03	1.104e-01	6.897e+00	   1.078	    36.482
  34	34	 5.0558	 1.6025	   1.5523	        1.5094	          0.0428	   1.5523	        1.5094	     1.2679	8.804e-03	1.097e-01	7.031e+00	   1.074	    37.557
  35	35	 5.0573	 1.5884	   1.5507	        1.5094	          0.0413	   1.5507	        1.5094	     1.2648	8.897e-03	1.090e-01	7.163e+00	   1.074	    38.631
  36	36	 5.0587	 1.5746	   1.5492	        1.5094	          0.0398	   1.5492	        1.5094	     1.2619	8.987e-03	1.082e-01	7.293e+00	   1.111	    39.742
  37	37	 5.0601	 1.5613	   1.5478	        1.5094	          0.0384	   1.5478	        1.5094	     1.2590	9.075e-03	1.075e-01	7.421e+00	   1.120	    40.863
  38	38	 5.0615	 1.5483	   1.5464	        1.5094	          0.0370	   1.5464	        1.5094	     1.2563	9.160e-03	1.067e-01	7.546e+00	   1.103	    41.966
  39	39	 5.0628	 1.5358	   1.5451	        1.5094	          0.0356	   1.5451	        1.5094	     1.2536	9.243e-03	1.059e-01	7.670e+00	   1.187	    43.153
  40	40	 5.0642	 1.5236	   1.5438	        1.5094	          0.0344	   1.5438	        1.5094	     1.2511	9.323e-03	1.051e-01	7.791e+00	   1.157	    44.311
  41	41	 5.0655	 1.5117	   1.5425	        1.5094	          0.0331	   1.5425	        1.5094	     1.2486	9.401e-03	1.042e-01	7.910e+00	   1.086	    45.397
  42	42	 5.0668	 1.5001	   1.5413	        1.5094	          0.0319	   1.5413	        1.5094	     1.2463	9.477e-03	1.034e-01	8.027e+00	   1.076	    46.473
  43	43	 5.0681	 1.4889	   1.5402	        1.5094	          0.0308	   1.5402	        1.5094	     1.2440	9.551e-03	1.025e-01	8.142e+00	   1.063	    47.536
  44	44	 5.0694	 1.4780	   1.5391	        1.5094	          0.0296	   1.5391	        1.5094	     1.2418	9.622e-03	1.016e-01	8.255e+00	   1.077	    48.614
  45	45	 5.0707	 1.4674	   1.5380	        1.5094	          0.0286	   1.5380	        1.5094	     1.2397	9.692e-03	1.008e-01	8.366e+00	   1.067	    49.681
  46	46	 5.0719	 1.4571	   1.5370	        1.5094	          0.0275	   1.5370	        1.5094	     1.2377	9.759e-03	9.986e-02	8.475e+00	   1.104	    50.785
  47	47	 5.0731	 1.4471	   1.5360	        1.5094	          0.0265	   1.5360	        1.5094	     1.2357	9.825e-03	9.896e-02	8.582e+00	   1.079	    51.865
  48	48	 5.0744	 1.4373	   1.5350	        1.5094	          0.0256	   1.5350	        1.5094	     1.2338	9.888e-03	9.805e-02	8.686e+00	   1.070	    52.936
  49	49	 5.0756	 1.4279	   1.5341	        1.5094	          0.0247	   1.5341	        1.5094	     1.2320	9.950e-03	9.713e-02	8.789e+00	   1.082	    54.021
  50	50	 5.0767	 1.4186	   1.5332	        1.5094	          0.0238	   1.5332	        1.5094	     1.2302	1.001e-02	9.620e-02	8.889e+00	   1.097	    55.119
  51	51	 5.0779	 1.4096	   1.5323	        1.5094	          0.0229	   1.5323	        1.5094	     1.2285	1.007e-02	9.526e-02	8.988e+00	   1.066	    56.185
  52	52	 5.0791	 1.4009	   1.5315	        1.5094	          0.0221	   1.5315	        1.5094	     1.2269	1.012e-02	9.432e-02	9.085e+00	   1.061	    57.247
  53	53	 5.0802	 1.3924	   1.5307	        1.5094	          0.0213	   1.5307	        1.5094	     1.2253	1.018e-02	9.338e-02	9.179e+00	   1.081	    58.328
  54	54	 5.0813	 1.3841	   1.5299	        1.5094	          0.0205	   1.5299	        1.5094	     1.2238	1.023e-02	9.243e-02	9.272e+00	   1.069	    59.397
  55	55	 5.0824	 1.3761	   1.5292	        1.5094	          0.0198	   1.5292	        1.5094	     1.2224	1.028e-02	9.148e-02	9.362e+00	   1.097	    60.495
  56	56	 5.0836	 1.3682	   1.5285	        1.5094	          0.0191	   1.5285	        1.5094	     1.2210	1.033e-02	9.052e-02	9.451e+00	   1.126	    61.621
  57	57	 5.0846	 1.3606	   1.5278	        1.5094	          0.0184	   1.5278	        1.5094	     1.2196	1.038e-02	8.957e-02	9.537e+00	   1.097	    62.719
  58	58	 5.0857	 1.3532	   1.5271	        1.5094	          0.0177	   1.5271	        1.5094	     1.2183	1.043e-02	8.861e-02	9.622e+00	   1.105	    63.824
  59	59	 5.0868	 1.3459	   1.5265	        1.5094	          0.0171	   1.5265	        1.5094	     1.2171	1.047e-02	8.765e-02	9.705e+00	   1.120	    64.945
  60	60	 5.0878	 1.3389	   1.5259	        1.5094	          0.0165	   1.5259	        1.5094	     1.2159	1.052e-02	8.669e-02	9.786e+00	   1.118	    66.064
  61	61	 5.0889	 1.3320	   1.5253	        1.5094	          0.0159	   1.5253	        1.5094	     1.2147	1.056e-02	8.574e-02	9.865e+00	   1.074	    67.138
  62	62	 5.0899	 1.3253	   1.5247	        1.5094	          0.0153	   1.5247	        1.5094	     1.2136	1.060e-02	8.478e-02	9.942e+00	   1.074	    68.212
  63	63	 5.0909	 1.3188	   1.5242	        1.5094	          0.0147	   1.5242	        1.5094	     1.2125	1.064e-02	8.383e-02	1.002e+01	   1.064	    69.276
  64	64	 5.0919	 1.3125	   1.5236	        1.5094	          0.0142	   1.5236	        1.5094	     1.2115	1.068e-02	8.288e-02	1.009e+01	   1.074	    70.350
  65	65	 5.0929	 1.3063	   1.5231	        1.5094	          0.0137	   1.5231	        1.5094	     1.2105	1.071e-02	8.194e-02	1.016e+01	   1.094	    71.444
  66	66	 5.0939	 1.3003	   1.5226	        1.5094	          0.0132	   1.5226	        1.5094	     1.2096	1.075e-02	8.099e-02	1.023e+01	   1.097	    72.542
  67	67	 5.0948	 1.2945	   1.5222	        1.5094	          0.0128	   1.5222	        1.5094	     1.2086	1.078e-02	8.006e-02	1.030e+01	   1.062	    73.604
  68	68	 5.0958	 1.2888	   1.5217	        1.5094	          0.0123	   1.5217	        1.5094	     1.2078	1.081e-02	7.912e-02	1.037e+01	   1.068	    74.673
  69	69	 5.0967	 1.2832	   1.5213	        1.5094	          0.0119	   1.5213	        1.5094	     1.2069	1.085e-02	7.820e-02	1.043e+01	   1.101	    75.774
  70	70	 5.0977	 1.2778	   1.5209	        1.5094	          0.0114	   1.5209	        1.5094	     1.2061	1.088e-02	7.727e-02	1.049e+01	   1.084	    76.858
  71	71	 5.0986	 1.2726	   1.5205	        1.5094	          0.0110	   1.5205	        1.5094	     1.2053	1.090e-02	7.636e-02	1.055e+01	   1.073	    77.931
  72	72	 5.0995	 1.2674	   1.5201	        1.5094	          0.0107	   1.5201	        1.5094	     1.2045	1.093e-02	7.545e-02	1.061e+01	   1.077	    79.008
  73	73	 5.1004	 1.2624	   1.5197	        1.5094	          0.0103	   1.5197	        1.5094	     1.2038	1.096e-02	7.455e-02	1.067e+01	   1.140	    80.148
  74	74	 5.1013	 1.2576	   1.5193	        1.5094	          0.0099	   1.5193	        1.5094	     1.2031	1.098e-02	7.365e-02	1.073e+01	   1.130	    81.279
  75	75	 5.1022	 1.2528	   1.5190	        1.5094	          0.0096	   1.5190	        1.5094	     1.2024	1.101e-02	7.276e-02	1.078e+01	   1.146	    82.425
  76	76	 5.1030	 1.2482	   1.5187	        1.5094	          0.0092	   1.5187	        1.5094	     1.2018	1.103e-02	7.188e-02	1.084e+01	   1.185	    83.610
  77	77	 5.1039	 1.2437	   1.5183	        1.5094	          0.0089	   1.5183	        1.5094	     1.2012	1.106e-02	7.101e-02	1.089e+01	   1.146	    84.756
  78	78	 5.1048	 1.2393	   1.5180	        1.5094	          0.0086	   1.5180	        1.5094	     1.2006	1.108e-02	7.015e-02	1.094e+01	   1.109	    85.866
  79	79	 5.1056	 1.2351	   1.5177	        1.5094	          0.0083	   1.5177	        1.5094	     1.2000	1.110e-02	6.929e-02	1.099e+01	   1.130	    86.996
  80	80	 5.1064	 1.2309	   1.5174	        1.5094	          0.0080	   1.5174	        1.5094	     1.1994	1.112e-02	6.845e-02	1.103e+01	   1.092	    88.089
  81	81	 5.1072	 1.2268	   1.5172	        1.5094	          0.0077	   1.5172	        1.5094	     1.1989	1.114e-02	6.761e-02	1.108e+01	   1.063	    89.152
  82	82	 5.1081	 1.2229	   1.5169	        1.5094	          0.0075	   1.5169	        1.5094	     1.1984	1.115e-02	6.678e-02	1.112e+01	   1.071	    90.224
  83	83	 5.1089	 1.2190	   1.5166	        1.5094	          0.0072	   1.5166	        1.5094	     1.1979	1.117e-02	6.596e-02	1.116e+01	   1.060	    91.284
  84	84	 5.1097	 1.2153	   1.5164	        1.5094	          0.0070	   1.5164	        1.5094	     1.1974	1.118e-02	6.515e-02	1.121e+01	   1.082	    92.366
  85	85	 5.1104	 1.2116	   1.5162	        1.5094	          0.0067	   1.5162	        1.5094	     1.1969	1.120e-02	6.436e-02	1.125e+01	   1.094	    93.460
  86	86	 5.1112	 1.2080	   1.5159	        1.5094	          0.0065	   1.5159	        1.5094	     1.1965	1.121e-02	6.357e-02	1.128e+01	   1.094	    94.554
  87	87	 5.1120	 1.2046	   1.5157	        1.5094	          0.0063	   1.5157	        1.5094	     1.1961	1.123e-02	6.279e-02	1.132e+01	   1.060	    95.615
  88	88	 5.1128	 1.2012	   1.5155	        1.5094	          0.0061	   1.5155	        1.5094	     1.1957	1.124e-02	6.202e-02	1.136e+01	   1.097	    96.712
  89	89	 5.1135	 1.1979	   1.5153	        1.5094	          0.0059	   1.5153	        1.5094	     1.1953	1.125e-02	6.126e-02	1.139e+01	   1.086	    97.798
  90	90	 5.1143	 1.1946	   1.5151	        1.5094	          0.0057	   1.5151	        1.5094	     1.1949	1.126e-02	6.050e-02	1.143e+01	   1.074	    98.872
  91	91	 5.1150	 1.1915	   1.5149	        1.5094	          0.0055	   1.5149	        1.5094	     1.1945	1.127e-02	5.976e-02	1.146e+01	   1.066	    99.938
  92	92	 5.1157	 1.1884	   1.5147	        1.5094	          0.0053	   1.5147	        1.5094	     1.1942	1.128e-02	5.903e-02	1.149e+01	   1.065	   101.006
  93	93	 5.1164	 1.1855	   1.5146	        1.5094	          0.0051	   1.5146	        1.5094	     1.1938	1.129e-02	5.831e-02	1.152e+01	   1.076	   102.083
  94	94	 5.1172	 1.1825	   1.5144	        1.5094	          0.0050	   1.5144	        1.5094	     1.1935	1.130e-02	5.760e-02	1.155e+01	   1.101	   103.184
  95	95	 5.1179	 1.1797	   1.5142	        1.5094	          0.0048	   1.5142	        1.5094	     1.1932	1.130e-02	5.690e-02	1.158e+01	   1.138	   104.322
  96	96	 5.1186	 1.1769	   1.5141	        1.5094	          0.0046	   1.5141	        1.5094	     1.1929	1.131e-02	5.622e-02	1.160e+01	   1.122	   105.444
  97	97	 5.1193	 1.1742	   1.5139	        1.5094	          0.0045	   1.5139	        1.5094	     1.1926	1.132e-02	5.554e-02	1.163e+01	   1.082	   106.526
  98	98	 5.1199	 1.1716	   1.5138	        1.5094	          0.0044	   1.5138	        1.5094	     1.1923	1.132e-02	5.487e-02	1.166e+01	   1.116	   107.643
  99	99	 5.1206	 1.1690	   1.5136	        1.5094	          0.0042	   1.5136	        1.5094	     1.1921	1.133e-02	5.421e-02	1.168e+01	   1.115	   108.758
 100	100	 5.1213	 1.1665	   1.5135	        1.5094	          0.0041	   1.5135	        1.5094	     1.1918	1.133e-02	5.356e-02	1.170e+01	   1.072	   109.830
 101	101	 5.1219	 1.1640	   1.5134	        1.5094	          0.0039	   1.5134	        1.5094	     1.1915	1.133e-02	5.292e-02	1.172e+01	   1.063	   110.894
 102	102	 5.1226	 1.1617	   1.5132	        1.5094	          0.0038	   1.5132	        1.5094	     1.1913	1.133e-02	5.229e-02	1.175e+01	   1.072	   111.966
 103	103	 5.1232	 1.1593	   1.5131	        1.5094	          0.0037	   1.5131	        1.5094	     1.1911	1.134e-02	5.167e-02	1.177e+01	   1.067	   113.034
 104	104	 5.1239	 1.1570	   1.5130	        1.5094	          0.0036	   1.5130	        1.5094	     1.1908	1.134e-02	5.105e-02	1.179e+01	   1.098	   114.135
 105	105	 5.1245	 1.1548	   1.5129	        1.5094	          0.0035	   1.5129	        1.5094	     1.1906	1.134e-02	5.045e-02	1.180e+01	   1.089	   115.224
 106	106	 5.1252	 1.1527	   1.5128	        1.5094	          0.0034	   1.5128	        1.5094	     1.1904	1.134e-02	4.986e-02	1.182e+01	   1.074	   116.298
 107	107	 5.1258	 1.1505	   1.5127	        1.5094	          0.0033	   1.5127	        1.5094	     1.1902	1.134e-02	4.928e-02	1.184e+01	   1.064	   117.362
 108	108	 5.1264	 1.1485	   1.5126	        1.5094	          0.0032	   1.5126	        1.5094	     1.1900	1.134e-02	4.871e-02	1.185e+01	   1.100	   118.463
 109	109	 5.1270	 1.1464	   1.5125	        1.5094	          0.0031	   1.5125	        1.5094	     1.1898	1.134e-02	4.814e-02	1.187e+01	   1.077	   119.540
 110	110	 5.1276	 1.1445	   1.5124	        1.5094	          0.0030	   1.5124	        1.5094	     1.1897	1.134e-02	4.759e-02	1.188e+01	   1.068	   120.608
 111	111	 5.1282	 1.1426	   1.5123	        1.5094	          0.0029	   1.5123	        1.5094	     1.1895	1.133e-02	4.704e-02	1.190e+01	   1.071	   121.680
 112	112	 5.1288	 1.1407	   1.5122	        1.5094	          0.0028	   1.5122	        1.5094	     1.1893	1.133e-02	4.651e-02	1.191e+01	   1.061	   122.741
 113	113	 5.1294	 1.1388	   1.5121	        1.5094	          0.0027	   1.5121	        1.5094	     1.1891	1.133e-02	4.598e-02	1.192e+01	   1.128	   123.870
 114	114	 5.1300	 1.1370	   1.5120	        1.5094	          0.0026	   1.5120	        1.5094	     1.1890	1.132e-02	4.546e-02	1.194e+01	   1.193	   125.062
 115	115	 5.1305	 1.1353	   1.5120	        1.5094	          0.0025	   1.5120	        1.5094	     1.1888	1.132e-02	4.495e-02	1.195e+01	   1.157	   126.219
 116	116	 5.1311	 1.1336	   1.5119	        1.5094	          0.0025	   1.5119	        1.5094	     1.1887	1.131e-02	4.445e-02	1.196e+01	   1.061	   127.283
 117	117	 5.1317	 1.1319	   1.5118	        1.5094	          0.0024	   1.5118	        1.5094	     1.1886	1.131e-02	4.395e-02	1.197e+01	   1.108	   128.392
 118	118	 5.1322	 1.1303	   1.5117	        1.5094	          0.0023	   1.5117	        1.5094	     1.1884	1.130e-02	4.347e-02	1.198e+01	   1.126	   129.518
 119	119	 5.1328	 1.1287	   1.5117	        1.5094	          0.0022	   1.5117	        1.5094	     1.1883	1.130e-02	4.299e-02	1.199e+01	   1.085	   130.603
 120	120	 5.1333	 1.1271	   1.5116	        1.5094	          0.0022	   1.5116	        1.5094	     1.1882	1.129e-02	4.252e-02	1.199e+01	   1.067	   131.670
 121	121	 5.1339	 1.1256	   1.5115	        1.5094	          0.0021	   1.5115	        1.5094	     1.1880	1.129e-02	4.206e-02	1.200e+01	   1.065	   132.735
 122	122	 5.1344	 1.1241	   1.5115	        1.5094	          0.0021	   1.5115	        1.5094	     1.1879	1.128e-02	4.161e-02	1.201e+01	   1.075	   133.810
 123	123	 5.1350	 1.1226	   1.5114	        1.5094	          0.0020	   1.5114	        1.5094	     1.1878	1.127e-02	4.116e-02	1.201e+01	   1.069	   134.880
 124	124	 5.1355	 1.1212	   1.5114	        1.5094	          0.0019	   1.5114	        1.5094	     1.1877	1.127e-02	4.072e-02	1.202e+01	   1.105	   135.985
 125	125	 5.1360	 1.1198	   1.5113	        1.5094	          0.0019	   1.5113	        1.5094	     1.1876	1.126e-02	4.029e-02	1.203e+01	   1.076	   137.064
 126	126	 5.1365	 1.1184	   1.5112	        1.5094	          0.0018	   1.5112	        1.5094	     1.1875	1.125e-02	3.987e-02	1.203e+01	   1.081	   138.145
 127	127	 5.1370	 1.1171	   1.5112	        1.5094	          0.0018	   1.5112	        1.5094	     1.1874	1.124e-02	3.945e-02	1.204e+01	   1.083	   139.229
 128	128	 5.1376	 1.1158	   1.5111	        1.5094	          0.0017	   1.5111	        1.5094	     1.1873	1.123e-02	3.904e-02	1.204e+01	   1.091	   140.320
 129	129	 5.1381	 1.1145	   1.5111	        1.5094	          0.0017	   1.5111	        1.5094	     1.1872	1.122e-02	3.864e-02	1.204e+01	   1.064	   141.384
 130	130	 5.1386	 1.1133	   1.5110	        1.5094	          0.0016	   1.5110	        1.5094	     1.1871	1.121e-02	3.824e-02	1.205e+01	   1.078	   142.462
 131	131	 5.1391	 1.1120	   1.5110	        1.5094	          0.0016	   1.5110	        1.5094	     1.1870	1.120e-02	3.785e-02	1.205e+01	   1.062	   143.524
 132	132	 5.1395	 1.1108	   1.5110	        1.5094	          0.0015	   1.5110	        1.5094	     1.1869	1.119e-02	3.747e-02	1.205e+01	   1.065	   144.589
 133	133	 5.1400	 1.1097	   1.5109	        1.5094	          0.0015	   1.5109	        1.5094	     1.1868	1.118e-02	3.709e-02	1.206e+01	   1.139	   145.728
 134	134	 5.1405	 1.1085	   1.5109	        1.5094	          0.0014	   1.5109	        1.5094	     1.1867	1.117e-02	3.672e-02	1.206e+01	   1.143	   146.871
 135	135	 5.1410	 1.1074	   1.5108	        1.5094	          0.0014	   1.5108	        1.5094	     1.1867	1.116e-02	3.636e-02	1.206e+01	   1.084	   147.955
 136	136	 5.1415	 1.1063	   1.5108	        1.5094	          0.0014	   1.5108	        1.5094	     1.1866	1.115e-02	3.600e-02	1.206e+01	   1.082	   149.037
 137	137	 5.1419	 1.1052	   1.5108	        1.5094	          0.0013	   1.5108	        1.5094	     1.1865	1.114e-02	3.565e-02	1.206e+01	   1.130	   150.168
 138	138	 5.1424	 1.1042	   1.5107	        1.5094	          0.0013	   1.5107	        1.5094	     1.1864	1.113e-02	3.530e-02	1.206e+01	   1.102	   151.270
 139	139	 5.1429	 1.1031	   1.5107	        1.5094	          0.0013	   1.5107	        1.5094	     1.1864	1.112e-02	3.496e-02	1.206e+01	   1.064	   152.335
 140	140	 5.1433	 1.1021	   1.5106	        1.5094	          0.0012	   1.5106	        1.5094	     1.1863	1.111e-02	3.463e-02	1.206e+01	   1.073	   153.408
 141	141	 5.1438	 1.1011	   1.5106	        1.5094	          0.0012	   1.5106	        1.5094	     1.1862	1.109e-02	3.430e-02	1.206e+01	   1.066	   154.474
 142	142	 5.1442	 1.1002	   1.5106	        1.5094	          0.0012	   1.5106	        1.5094	     1.1862	1.108e-02	3.398e-02	1.206e+01	   1.076	   155.550
 143	143	 5.1447	 1.0992	   1.5105	        1.5094	          0.0011	   1.5105	        1.5094	     1.1861	1.107e-02	3.366e-02	1.206e+01	   1.084	   156.634
 144	144	 5.1451	 1.0983	   1.5105	        1.5094	          0.0011	   1.5105	        1.5094	     1.1861	1.106e-02	3.335e-02	1.206e+01	   1.098	   157.732
 145	145	 5.1456	 1.0974	   1.5105	        1.5094	          0.0011	   1.5105	        1.5094	     1.1860	1.104e-02	3.304e-02	1.206e+01	   1.059	   158.804
 146	146	 5.1460	 1.0965	   1.5105	        1.5094	          0.0010	   1.5105	        1.5094	     1.1859	1.103e-02	3.274e-02	1.206e+01	   1.136	   159.940
 147	147	 5.1464	 1.0956	   1.5104	        1.5094	          0.0010	   1.5104	        1.5094	     1.1859	1.102e-02	3.244e-02	1.205e+01	   1.153	   161.093
 148	148	 5.1469	 1.0947	   1.5104	        1.5094	          0.0010	   1.5104	        1.5094	     1.1858	1.100e-02	3.215e-02	1.205e+01	   1.113	   162.206
 149	149	 5.1473	 1.0939	   1.5104	        1.5094	          0.0009	   1.5104	        1.5094	     1.1858	1.099e-02	3.186e-02	1.205e+01	   1.090	   163.296
 150	150	 5.1477	 1.0931	   1.5103	        1.5094	          0.0009	   1.5103	        1.5094	     1.1857	1.098e-02	3.158e-02	1.205e+01	   1.129	   164.425
 151	151	 5.1481	 1.0923	   1.5103	        1.5094	          0.0009	   1.5103	        1.5094	     1.1857	1.096e-02	3.130e-02	1.204e+01	   1.111	   165.536
 152	152	 5.1486	 1.0915	   1.5103	        1.5094	          0.0009	   1.5103	        1.5094	     1.1856	1.095e-02	3.102e-02	1.204e+01	   1.133	   166.669
 153	153	 5.1490	 1.0907	   1.5103	        1.5094	          0.0008	   1.5103	        1.5094	     1.1856	1.093e-02	3.075e-02	1.204e+01	   1.158	   167.827
 154	154	 5.1494	 1.0899	   1.5102	        1.5094	          0.0008	   1.5102	        1.5094	     1.1855	1.092e-02	3.049e-02	1.203e+01	   1.101	   168.929
 155	155	 5.1498	 1.0892	   1.5102	        1.5094	          0.0008	   1.5102	        1.5094	     1.1855	1.090e-02	3.023e-02	1.203e+01	   1.076	   170.005
 156	156	 5.1502	 1.0884	   1.5102	        1.5094	          0.0008	   1.5102	        1.5094	     1.1855	1.089e-02	2.997e-02	1.203e+01	   1.108	   171.114
 157	157	 5.1506	 1.0877	   1.5102	        1.5094	          0.0008	   1.5102	        1.5094	     1.1854	1.088e-02	2.972e-02	1.202e+01	   1.126	   172.240
 158	158	 5.1510	 1.0870	   1.5102	        1.5094	          0.0007	   1.5102	        1.5094	     1.1854	1.086e-02	2.947e-02	1.202e+01	   1.075	   173.315
 159	159	 5.1514	 1.0863	   1.5101	        1.5094	          0.0007	   1.5101	        1.5094	     1.1853	1.085e-02	2.923e-02	1.201e+01	   1.068	   174.383
 160	160	 5.1518	 1.0856	   1.5101	        1.5094	          0.0007	   1.5101	        1.5094	     1.1853	1.083e-02	2.898e-02	1.201e+01	   1.070	   175.454
 161	161	 5.1522	 1.0849	   1.5101	        1.5094	          0.0007	   1.5101	        1.5094	     1.1853	1.082e-02	2.875e-02	1.200e+01	   1.072	   176.526
 162	162	 5.1525	 1.0843	   1.5101	        1.5094	          0.0007	   1.5101	        1.5094	     1.1852	1.080e-02	2.851e-02	1.200e+01	   1.077	   177.604
 163	163	 5.1529	 1.0836	   1.5101	        1.5094	          0.0006	   1.5101	        1.5094	     1.1852	1.078e-02	2.828e-02	1.200e+01	   1.094	   178.698
 164	164	 5.1533	 1.0830	   1.5100	        1.5094	          0.0006	   1.5100	        1.5094	     1.1852	1.077e-02	2.806e-02	1.199e+01	   1.082	   179.781
 165	165	 5.1537	 1.0824	   1.5100	        1.5094	          0.0006	   1.5100	        1.5094	     1.1851	1.075e-02	2.784e-02	1.199e+01	   1.070	   180.851
 166	166	 5.1541	 1.0818	   1.5100	        1.5094	          0.0006	   1.5100	        1.5094	     1.1851	1.074e-02	2.762e-02	1.198e+01	   1.098	   181.950
 167	167	 5.1544	 1.0812	   1.5100	        1.5094	          0.0006	   1.5100	        1.5094	     1.1851	1.072e-02	2.740e-02	1.197e+01	   1.073	   183.023
 168	168	 5.1548	 1.0806	   1.5100	        1.5094	          0.0006	   1.5100	        1.5094	     1.1850	1.071e-02	2.719e-02	1.197e+01	   1.072	   184.095
 169	169	 5.1552	 1.0800	   1.5100	        1.5094	          0.0005	   1.5100	        1.5094	     1.1850	1.069e-02	2.698e-02	1.196e+01	   1.070	   185.165
 170	170	 5.1555	 1.0794	   1.5099	        1.5094	          0.0005	   1.5099	        1.5094	     1.1850	1.067e-02	2.677e-02	1.196e+01	   1.068	   186.234
 171	171	 5.1559	 1.0789	   1.5099	        1.5094	          0.0005	   1.5099	        1.5094	     1.1849	1.066e-02	2.657e-02	1.195e+01	   1.105	   187.339
 172	172	 5.1562	 1.0783	   1.5099	        1.5094	          0.0005	   1.5099	        1.5094	     1.1849	1.064e-02	2.637e-02	1.195e+01	   1.109	   188.448
 173	173	 5.1566	 1.0778	   1.5099	        1.5094	          0.0005	   1.5099	        1.5094	     1.1849	1.062e-02	2.617e-02	1.194e+01	   1.133	   189.582
 174	174	 5.1570	 1.0772	   1.5099	        1.5094	          0.0005	   1.5099	        1.5094	     1.1848	1.061e-02	2.598e-02	1.193e+01	   1.082	   190.664
 175	175	 5.1573	 1.0767	   1.5099	        1.5094	          0.0005	   1.5099	        1.5094	     1.1848	1.059e-02	2.579e-02	1.193e+01	   1.094	   191.758
 176	176	 5.1576	 1.0762	   1.5099	        1.5094	          0.0004	   1.5099	        1.5094	     1.1848	1.057e-02	2.560e-02	1.192e+01	   1.133	   192.891
 177	177	 5.1580	 1.0757	   1.5098	        1.5094	          0.0004	   1.5098	        1.5094	     1.1848	1.056e-02	2.542e-02	1.192e+01	   1.098	   193.989
 178	178	 5.1583	 1.0752	   1.5098	        1.5094	          0.0004	   1.5098	        1.5094	     1.1847	1.054e-02	2.523e-02	1.191e+01	   1.060	   195.049
 179	179	 5.1587	 1.0747	   1.5098	        1.5094	          0.0004	   1.5098	        1.5094	     1.1847	1.052e-02	2.505e-02	1.190e+01	   1.069	   196.118
 180	180	 5.1590	 1.0742	   1.5098	        1.5094	          0.0004	   1.5098	        1.5094	     1.1847	1.051e-02	2.488e-02	1.190e+01	   1.078	   197.196
 181	181	 5.1594	 1.0737	   1.5098	        1.5094	          0.0004	   1.5098	        1.5094	     1.1847	1.049e-02	2.470e-02	1.189e+01	   1.062	   198.258
 182	182	 5.1597	 1.0733	   1.5098	        1.5094	          0.0004	   1.5098	        1.5094	     1.1846	1.047e-02	2.453e-02	1.188e+01	   1.096	   199.355
 183	183	 5.1600	 1.0728	   1.5098	        1.5094	          0.0004	   1.5098	        1.5094	     1.1846	1.046e-02	2.436e-02	1.188e+01	   1.084	   200.439
 184	184	 5.1604	 1.0724	   1.5098	        1.5094	          0.0003	   1.5098	        1.5094	     1.1846	1.044e-02	2.419e-02	1.187e+01	   1.083	   201.523
 185	185	 5.1607	 1.0719	   1.5098	        1.5094	          0.0003	   1.5098	        1.5094	     1.1846	1.042e-02	2.402e-02	1.186e+01	   1.077	   202.600
 186	186	 5.1610	 1.0715	   1.5097	        1.5094	          0.0003	   1.5097	        1.5094	     1.1846	1.041e-02	2.386e-02	1.186e+01	   1.108	   203.709
 187	187	 5.1613	 1.0711	   1.5097	        1.5094	          0.0003	   1.5097	        1.5094	     1.1845	1.039e-02	2.370e-02	1.185e+01	   1.093	   204.803
 188	188	 5.1617	 1.0706	   1.5097	        1.5094	          0.0003	   1.5097	        1.5094	     1.1845	1.037e-02	2.354e-02	1.184e+01	   1.108	   205.912
 189	189	 5.1620	 1.0702	   1.5097	        1.5094	          0.0003	   1.5097	        1.5094	     1.1845	1.035e-02	2.339e-02	1.184e+01	   1.087	   206.999
 190	190	 5.1623	 1.0698	   1.5097	        1.5094	          0.0003	   1.5097	        1.5094	     1.1845	1.034e-02	2.323e-02	1.183e+01	   1.049	   208.049
 191	191	 5.1626	 1.0694	   1.5097	        1.5094	          0.0003	   1.5097	        1.5094	     1.1845	1.032e-02	2.308e-02	1.182e+01	   1.003	   209.052
 192	192	 5.1629	 1.0690	   1.5097	        1.5094	          0.0003	   1.5097	        1.5094	     1.1844	1.030e-02	2.293e-02	1.181e+01	   1.006	   210.059
 193	193	 5.1632	 1.0686	   1.5097	        1.5094	          0.0003	   1.5097	        1.5094	     1.1844	1.029e-02	2.278e-02	1.181e+01	   0.922	   210.981
 194	194	 5.1635	 1.0682	   1.5097	        1.5094	          0.0002	   1.5097	        1.5094	     1.1844	1.027e-02	2.264e-02	1.180e+01	   0.892	   211.874
 195	195	 5.1638	 1.0678	   1.5097	        1.5094	          0.0002	   1.5097	        1.5094	     1.1844	1.025e-02	2.249e-02	1.179e+01	   0.976	   212.850
 196	196	 5.1641	 1.0675	   1.5097	        1.5094	          0.0002	   1.5097	        1.5094	     1.1844	1.023e-02	2.235e-02	1.179e+01	   0.875	   213.725
 197	197	 5.1645	 1.0671	   1.5096	        1.5094	          0.0002	   1.5096	        1.5094	     1.1844	1.022e-02	2.221e-02	1.178e+01	   0.861	   214.587
 198	198	 5.1648	 1.0667	   1.5096	        1.5094	          0.0002	   1.5096	        1.5094	     1.1843	1.020e-02	2.207e-02	1.177e+01	   0.871	   215.458
 199	199	 5.1651	 1.0664	   1.5096	        1.5094	          0.0002	   1.5096	        1.5094	     1.1843	1.018e-02	2.194e-02	1.176e+01	   0.864	   216.322
 200	200	 5.1654	 1.0660	   1.5096	        1.5094	          0.0002	   1.5096	        1.5094	     1.1843	1.016e-02	2.180e-02	1.176e+01	   0.868	   217.190

[SCGD] Finished on device cuda -> σ_f² ≈ 5.1654, σ_ε² ≈ 1.0660
