[GPU 2][JOB 107] 'python cli.py bsgd --n 1024 --lengthscale 0.5 --sigma-f2-true 4.0 --sigma-eps2-true 1.0 --n-epochs 200 --device auto --kernel-mode finite --theta-min 1e-4 --theta-max 20.0 --print-every 1 --seed 6 --batch-size 512 --sigma-f2-init 5.0 --sigma-eps2-init 3.0 --alpha1 9.0 '

=== BSGD (biased SGD on exact kernel) ===
iter	epoch	σ_f²	σ_ε²	real_nlml	real_nlml_true	real_nlml_abs_err	mini_nlml	||grad||	duration_s	wall_time_s
   1	 1	 4.9742	 2.0715	   1.6102	        1.5159	          0.0944	   1.6553	1.168e-01	   0.159	     0.347
   2	 1	 4.8629	 1.5988	   1.5562	        1.5159	          0.0404	   1.6252	1.075e-01	   0.049	     1.028
   3	 2	 4.8825	 1.2554	   1.5245	        1.5159	          0.0086	   1.5535	6.988e-02	   0.062	     1.737
   4	 2	 4.8768	 1.1385	   1.5178	        1.5159	          0.0020	   1.5949	4.177e-02	   0.069	     2.528
   5	 3	 4.8893	 1.0690	   1.5157	        1.5159	          0.0002	   1.5724	1.827e-02	   0.062	     3.335
   6	 3	 4.8884	 1.0401	   1.5153	        1.5159	          0.0005	   1.5659	6.496e-03	   0.081	     4.157
   7	 4	 4.8913	 0.9924	   1.5155	        1.5159	          0.0003	   1.5385	1.605e-02	   0.072	     4.998
   8	 4	 4.8782	 1.0536	   1.5155	        1.5159	          0.0004	   1.5995	1.216e-02	   0.064	     5.832
   9	 5	 4.8724	 1.0447	   1.5154	        1.5159	          0.0005	   1.5685	8.486e-03	   0.074	     6.692
  10	 5	 4.8886	 1.0381	   1.5153	        1.5159	          0.0005	   1.5756	5.646e-03	   0.079	     7.560
  11	 6	 4.8828	 1.0434	   1.5154	        1.5159	          0.0005	   1.5763	7.914e-03	   0.075	     8.423
  12	 6	 4.8911	 1.0262	   1.5153	        1.5159	          0.0006	   1.5579	3.818e-04	   0.072	     9.263
  13	 7	 4.8852	 1.0088	   1.5153	        1.5159	          0.0005	   1.5402	7.804e-03	   0.078	    10.168
  14	 7	 4.9024	 1.0263	   1.5153	        1.5159	          0.0006	   1.5934	4.019e-04	   0.079	    11.041
  15	 8	 4.9168	 1.0141	   1.5153	        1.5159	          0.0005	   1.5516	5.252e-03	   0.062	    11.907
  16	 8	 4.9119	 1.0202	   1.5153	        1.5159	          0.0006	   1.5749	2.377e-03	   0.077	    12.770
  17	 9	 4.9186	 1.0219	   1.5153	        1.5159	          0.0006	   1.5683	1.599e-03	   0.084	    13.621
  18	 9	 4.9125	 1.0237	   1.5153	        1.5159	          0.0006	   1.5732	7.898e-04	   0.060	    14.465
  19	10	 4.9175	 1.0242	   1.5153	        1.5159	          0.0006	   1.5684	5.636e-04	   0.078	    15.327
  20	10	 4.9161	 1.0249	   1.5153	        1.5159	          0.0006	   1.5714	2.428e-04	   0.070	    16.190
  21	11	 4.9141	 1.0223	   1.5153	        1.5159	          0.0006	   1.5639	1.399e-03	   0.080	    17.055
  22	11	 4.9161	 1.0263	   1.5153	        1.5159	          0.0006	   1.5769	4.255e-04	   0.073	    17.902
  23	12	 4.9245	 1.0316	   1.5153	        1.5159	          0.0006	   1.5843	2.776e-03	   0.075	    18.810
  24	12	 4.9177	 1.0262	   1.5153	        1.5159	          0.0006	   1.5559	3.723e-04	   0.078	    19.706
  25	13	 4.9258	 1.0125	   1.5153	        1.5159	          0.0005	   1.5307	6.039e-03	   0.075	    20.583
  26	13	 4.9240	 1.0295	   1.5153	        1.5159	          0.0006	   1.6136	1.840e-03	   0.093	    21.505
  27	14	 4.9189	 1.0243	   1.5153	        1.5159	          0.0006	   1.5529	5.199e-04	   0.078	    22.401
  28	14	 4.9269	 1.0282	   1.5153	        1.5159	          0.0006	   1.5850	1.264e-03	   0.077	    23.277
  29	15	 4.9286	 1.0266	   1.5153	        1.5159	          0.0006	   1.5641	5.622e-04	   0.072	    24.136
  30	15	 4.9300	 1.0292	   1.5153	        1.5159	          0.0006	   1.5823	1.746e-03	   0.077	    24.999
  31	16	 4.9346	 1.0271	   1.5153	        1.5159	          0.0006	   1.5656	7.756e-04	   0.065	    25.853
  32	16	 4.9278	 1.0285	   1.5153	        1.5159	          0.0006	   1.5716	1.398e-03	   0.066	    26.705
  33	17	 4.9289	 1.0264	   1.5153	        1.5159	          0.0006	   1.5619	4.501e-04	   0.078	    27.571
  34	17	 4.9294	 1.0273	   1.5153	        1.5159	          0.0006	   1.5746	8.643e-04	   0.080	    28.422
  35	18	 4.9320	 1.0285	   1.5153	        1.5159	          0.0006	   1.5822	1.401e-03	   0.066	    29.273
  36	18	 4.9329	 1.0234	   1.5153	        1.5159	          0.0006	   1.5424	9.232e-04	   0.075	    30.152
  37	19	 4.9338	 1.0192	   1.5153	        1.5159	          0.0006	   1.5515	2.874e-03	   0.076	    31.016
  38	19	 4.9323	 1.0221	   1.5153	        1.5159	          0.0006	   1.5771	1.517e-03	   0.073	    31.893
  39	20	 4.9314	 1.0199	   1.5153	        1.5159	          0.0006	   1.5561	2.521e-03	   0.084	    32.766
  40	20	 4.9317	 1.0200	   1.5153	        1.5159	          0.0006	   1.5678	2.498e-03	   0.081	    33.633
  41	21	 4.9341	 1.0224	   1.5153	        1.5159	          0.0006	   1.5787	1.371e-03	   0.075	    34.503
  42	21	 4.9341	 1.0193	   1.5153	        1.5159	          0.0006	   1.5538	2.796e-03	   0.068	    35.350
  43	22	 4.9391	 1.0106	   1.5153	        1.5159	          0.0005	   1.5272	6.911e-03	   0.073	    36.214
  44	22	 4.9365	 1.0219	   1.5153	        1.5159	          0.0006	   1.6154	1.596e-03	   0.076	    37.068
  45	23	 4.9348	 1.0313	   1.5153	        1.5159	          0.0006	   1.6132	2.662e-03	   0.076	    37.912
  46	23	 4.9370	 1.0218	   1.5153	        1.5159	          0.0006	   1.5231	1.654e-03	   0.084	    38.796
  47	24	 4.9340	 1.0295	   1.5153	        1.5159	          0.0006	   1.6071	1.845e-03	   0.085	    39.757
  48	24	 4.9365	 1.0223	   1.5153	        1.5159	          0.0006	   1.5315	1.426e-03	   0.068	    40.665
  49	25	 4.9384	 1.0285	   1.5153	        1.5159	          0.0006	   1.6019	1.422e-03	   0.079	    41.549
  50	25	 4.9366	 1.0245	   1.5153	        1.5159	          0.0006	   1.5467	4.082e-04	   0.080	    42.455
  51	26	 4.9388	 1.0235	   1.5153	        1.5159	          0.0006	   1.5633	8.835e-04	   0.070	    43.338
  52	26	 4.9393	 1.0249	   1.5153	        1.5159	          0.0006	   1.5802	2.154e-04	   0.068	    44.231
  53	27	 4.9413	 1.0289	   1.5153	        1.5159	          0.0006	   1.5929	1.600e-03	   0.077	    45.125
  54	27	 4.9405	 1.0243	   1.5153	        1.5159	          0.0006	   1.5436	5.199e-04	   0.080	    45.992
  55	28	 4.9383	 1.0229	   1.5153	        1.5159	          0.0006	   1.5599	1.135e-03	   0.065	    46.834
  56	28	 4.9418	 1.0256	   1.5153	        1.5159	          0.0006	   1.5873	1.270e-04	   0.085	    47.694
  57	29	 4.9400	 1.0284	   1.5153	        1.5159	          0.0006	   1.5864	1.385e-03	   0.068	    48.541
  58	29	 4.9400	 1.0272	   1.5153	        1.5159	          0.0006	   1.5606	8.437e-04	   0.072	    49.397
  59	30	 4.9406	 1.0267	   1.5153	        1.5159	          0.0006	   1.5644	5.955e-04	   0.076	    50.254
  60	30	 4.9402	 1.0275	   1.5153	        1.5159	          0.0006	   1.5773	9.421e-04	   0.078	    51.140
  61	31	 4.9395	 1.0349	   1.5153	        1.5159	          0.0006	   1.6210	4.239e-03	   0.075	    51.998
  62	31	 4.9417	 1.0263	   1.5153	        1.5159	          0.0006	   1.5135	4.286e-04	   0.076	    52.854
  63	32	 4.9406	 1.0268	   1.5153	        1.5159	          0.0006	   1.5723	6.600e-04	   0.072	    53.743
  64	32	 4.9435	 1.0256	   1.5153	        1.5159	          0.0006	   1.5636	1.048e-04	   0.071	    54.599
  65	33	 4.9451	 1.0238	   1.5153	        1.5159	          0.0006	   1.5601	7.251e-04	   0.067	    55.477
  66	33	 4.9448	 1.0247	   1.5153	        1.5159	          0.0006	   1.5734	3.274e-04	   0.085	    56.339
  67	34	 4.9450	 1.0203	   1.5153	        1.5159	          0.0006	   1.5337	2.349e-03	   0.083	    57.197
  68	34	 4.9456	 1.0253	   1.5153	        1.5159	          0.0006	   1.6081	6.112e-05	   0.071	    58.041
  69	35	 4.9446	 1.0255	   1.5153	        1.5159	          0.0006	   1.5700	7.774e-05	   0.079	    58.903
  70	35	 4.9456	 1.0237	   1.5153	        1.5159	          0.0006	   1.5547	7.865e-04	   0.072	    59.757
  71	36	 4.9438	 1.0200	   1.5153	        1.5159	          0.0006	   1.5357	2.466e-03	   0.077	    60.647
  72	36	 4.9463	 1.0244	   1.5153	        1.5159	          0.0006	   1.6056	4.648e-04	   0.073	    61.530
  73	37	 4.9459	 1.0246	   1.5153	        1.5159	          0.0006	   1.5672	3.675e-04	   0.084	    62.414
  74	37	 4.9457	 1.0241	   1.5153	        1.5159	          0.0006	   1.5678	5.675e-04	   0.077	    63.300
  75	38	 4.9459	 1.0213	   1.5153	        1.5159	          0.0006	   1.5426	1.879e-03	   0.071	    64.215
  76	38	 4.9458	 1.0222	   1.5153	        1.5159	          0.0006	   1.5772	1.478e-03	   0.079	    65.109
  77	39	 4.9449	 1.0248	   1.5153	        1.5159	          0.0006	   1.5879	2.760e-04	   0.079	    65.994
  78	39	 4.9466	 1.0227	   1.5153	        1.5159	          0.0006	   1.5533	1.229e-03	   0.071	    66.855
  79	40	 4.9474	 1.0232	   1.5153	        1.5159	          0.0006	   1.5768	1.008e-03	   0.077	    67.699
  80	40	 4.9473	 1.0235	   1.5153	        1.5159	          0.0006	   1.5683	8.480e-04	   0.077	    68.570
  81	41	 4.9449	 1.0186	   1.5153	        1.5159	          0.0006	   1.5162	3.116e-03	   0.074	    69.428
  82	41	 4.9469	 1.0237	   1.5153	        1.5159	          0.0006	   1.6189	7.635e-04	   0.074	    70.284
  83	42	 4.9492	 1.0261	   1.5153	        1.5159	          0.0006	   1.5941	3.107e-04	   0.074	    71.135
  84	42	 4.9468	 1.0225	   1.5153	        1.5159	          0.0006	   1.5324	1.304e-03	   0.084	    71.993
  85	43	 4.9454	 1.0221	   1.5153	        1.5159	          0.0006	   1.5628	1.524e-03	   0.062	    72.850
  86	43	 4.9458	 1.0223	   1.5153	        1.5159	          0.0006	   1.5698	1.397e-03	   0.083	    73.720
  87	44	 4.9458	 1.0269	   1.5153	        1.5159	          0.0006	   1.6133	7.113e-04	   0.079	    74.615
  88	44	 4.9466	 1.0238	   1.5153	        1.5159	          0.0006	   1.5405	7.256e-04	   0.071	    75.486
  89	45	 4.9457	 1.0216	   1.5153	        1.5159	          0.0006	   1.5456	1.733e-03	   0.081	    76.355
  90	45	 4.9483	 1.0243	   1.5153	        1.5159	          0.0006	   1.5980	4.931e-04	   0.076	    77.209
  91	46	 4.9479	 1.0250	   1.5153	        1.5159	          0.0006	   1.5756	1.850e-04	   0.077	    78.120
  92	46	 4.9475	 1.0223	   1.5153	        1.5159	          0.0006	   1.5388	1.425e-03	   0.070	    79.008
  93	47	 4.9473	 1.0245	   1.5153	        1.5159	          0.0006	   1.5903	4.032e-04	   0.085	    79.957
  94	47	 4.9473	 1.0221	   1.5153	        1.5159	          0.0006	   1.5440	1.499e-03	   0.087	    80.880
  95	48	 4.9492	 1.0253	   1.5153	        1.5159	          0.0006	   1.6040	6.842e-05	   0.073	    81.780
  96	48	 4.9480	 1.0220	   1.5153	        1.5159	          0.0006	   1.5334	1.536e-03	   0.088	    82.666
  97	49	 4.9482	 1.0173	   1.5153	        1.5159	          0.0006	   1.5161	3.736e-03	   0.078	    83.549
  98	49	 4.9488	 1.0216	   1.5153	        1.5159	          0.0006	   1.6136	1.733e-03	   0.070	    84.426
  99	50	 4.9486	 1.0222	   1.5153	        1.5159	          0.0006	   1.5747	1.448e-03	   0.082	    85.340
 100	50	 4.9498	 1.0216	   1.5153	        1.5159	          0.0006	   1.5638	1.719e-03	   0.083	    86.240
 101	51	 4.9483	 1.0245	   1.5153	        1.5159	          0.0006	   1.5988	3.852e-04	   0.086	    87.130
 102	51	 4.9500	 1.0214	   1.5153	        1.5159	          0.0006	   1.5360	1.813e-03	   0.064	    87.995
 103	52	 4.9492	 1.0208	   1.5153	        1.5159	          0.0006	   1.5579	2.118e-03	   0.073	    88.857
 104	52	 4.9497	 1.0216	   1.5153	        1.5159	          0.0006	   1.5780	1.758e-03	   0.073	    89.720
 105	53	 4.9487	 1.0221	   1.5153	        1.5159	          0.0006	   1.5700	1.489e-03	   0.071	    90.568
 106	53	 4.9506	 1.0209	   1.5153	        1.5159	          0.0006	   1.5587	2.049e-03	   0.085	    91.427
 107	54	 4.9491	 1.0248	   1.5153	        1.5159	          0.0006	   1.6124	2.606e-04	   0.076	    92.277
 108	54	 4.9491	 1.0205	   1.5153	        1.5159	          0.0006	   1.5145	2.236e-03	   0.069	    93.138
 109	55	 4.9504	 1.0196	   1.5153	        1.5159	          0.0006	   1.5589	2.642e-03	   0.080	    94.012
 110	55	 4.9505	 1.0213	   1.5153	        1.5159	          0.0006	   1.5873	1.895e-03	   0.071	    94.877
 111	56	 4.9514	 1.0237	   1.5153	        1.5159	          0.0006	   1.6024	7.737e-04	   0.074	    95.747
 112	56	 4.9511	 1.0222	   1.5153	        1.5159	          0.0006	   1.5461	1.463e-03	   0.073	    96.616
 113	57	 4.9506	 1.0240	   1.5153	        1.5159	          0.0006	   1.5897	6.356e-04	   0.074	    97.474
 114	57	 4.9507	 1.0224	   1.5153	        1.5159	          0.0006	   1.5483	1.378e-03	   0.081	    98.366
 115	58	 4.9522	 1.0238	   1.5153	        1.5159	          0.0006	   1.5896	7.280e-04	   0.060	    99.211
 116	58	 4.9508	 1.0222	   1.5153	        1.5159	          0.0006	   1.5449	1.462e-03	   0.081	   100.078
 117	59	 4.9495	 1.0221	   1.5153	        1.5159	          0.0006	   1.5657	1.483e-03	   0.078	   100.933
 118	59	 4.9516	 1.0230	   1.5153	        1.5159	          0.0006	   1.5832	1.113e-03	   0.071	   101.782
 119	60	 4.9534	 1.0206	   1.5153	        1.5159	          0.0006	   1.5405	2.198e-03	   0.075	   102.668
 120	60	 4.9531	 1.0228	   1.5153	        1.5159	          0.0006	   1.5960	1.201e-03	   0.074	   103.530
 121	61	 4.9537	 1.0236	   1.5153	        1.5159	          0.0006	   1.5776	8.187e-04	   0.077	   104.426
 122	61	 4.9534	 1.0231	   1.5153	        1.5159	          0.0006	   1.5630	1.067e-03	   0.071	   105.297
 123	62	 4.9536	 1.0209	   1.5153	        1.5159	          0.0006	   1.5400	2.050e-03	   0.088	   106.195
 124	62	 4.9529	 1.0233	   1.5153	        1.5159	          0.0006	   1.5975	9.480e-04	   0.083	   107.101
 125	63	 4.9515	 1.0219	   1.5153	        1.5159	          0.0006	   1.5439	1.593e-03	   0.072	   107.983
 126	63	 4.9534	 1.0238	   1.5153	        1.5159	          0.0006	   1.6009	7.347e-04	   0.083	   108.869
 127	64	 4.9539	 1.0259	   1.5153	        1.5159	          0.0006	   1.5998	2.242e-04	   0.077	   109.746
 128	64	 4.9548	 1.0228	   1.5153	        1.5159	          0.0006	   1.5269	1.206e-03	   0.071	   110.598
 129	65	 4.9549	 1.0216	   1.5153	        1.5159	          0.0006	   1.5504	1.756e-03	   0.084	   111.446
 130	65	 4.9548	 1.0234	   1.5153	        1.5159	          0.0006	   1.5951	9.021e-04	   0.065	   112.296
 131	66	 4.9553	 1.0226	   1.5153	        1.5159	          0.0006	   1.5602	1.290e-03	   0.070	   113.157
 132	66	 4.9554	 1.0228	   1.5153	        1.5159	          0.0006	   1.5688	1.161e-03	   0.067	   114.011
 133	67	 4.9563	 1.0230	   1.5153	        1.5159	          0.0006	   1.5713	1.097e-03	   0.082	   114.877
 134	67	 4.9551	 1.0234	   1.5153	        1.5159	          0.0006	   1.5733	8.920e-04	   0.082	   115.757
 135	68	 4.9564	 1.0233	   1.5153	        1.5159	          0.0006	   1.5695	9.450e-04	   0.064	   116.592
 136	68	 4.9557	 1.0236	   1.5153	        1.5159	          0.0006	   1.5718	8.120e-04	   0.084	   117.499
 137	69	 4.9543	 1.0211	   1.5153	        1.5159	          0.0006	   1.5285	1.959e-03	   0.075	   118.360
 138	69	 4.9552	 1.0245	   1.5153	        1.5159	          0.0006	   1.6199	3.965e-04	   0.070	   119.239
 139	70	 4.9559	 1.0245	   1.5153	        1.5159	          0.0006	   1.5711	3.954e-04	   0.081	   120.093
 140	70	 4.9552	 1.0251	   1.5153	        1.5159	          0.0006	   1.5751	1.571e-04	   0.086	   120.972
 141	71	 4.9550	 1.0241	   1.5153	        1.5159	          0.0006	   1.5561	5.961e-04	   0.079	   121.876
 142	71	 4.9552	 1.0252	   1.5153	        1.5159	          0.0006	   1.5843	1.019e-04	   0.071	   122.768
 143	72	 4.9557	 1.0246	   1.5153	        1.5159	          0.0006	   1.5568	3.492e-04	   0.071	   123.654
 144	72	 4.9558	 1.0252	   1.5153	        1.5159	          0.0006	   1.5830	1.017e-04	   0.076	   124.515
 145	73	 4.9555	 1.0263	   1.5153	        1.5159	          0.0006	   1.5856	4.112e-04	   0.068	   125.374
 146	73	 4.9553	 1.0252	   1.5153	        1.5159	          0.0006	   1.5511	1.099e-04	   0.083	   126.254
 147	74	 4.9541	 1.0250	   1.5153	        1.5159	          0.0006	   1.5632	2.010e-04	   0.077	   127.147
 148	74	 4.9555	 1.0256	   1.5153	        1.5159	          0.0006	   1.5827	1.104e-04	   0.071	   128.055
 149	75	 4.9559	 1.0270	   1.5153	        1.5159	          0.0006	   1.5918	7.164e-04	   0.078	   128.956
 150	75	 4.9560	 1.0257	   1.5153	        1.5159	          0.0006	   1.5526	1.738e-04	   0.076	   129.846
 151	76	 4.9557	 1.0261	   1.5153	        1.5159	          0.0006	   1.5752	3.113e-04	   0.076	   130.718
 152	76	 4.9556	 1.0262	   1.5153	        1.5159	          0.0006	   1.5709	3.782e-04	   0.073	   131.560
 153	77	 4.9556	 1.0266	   1.5153	        1.5159	          0.0006	   1.5739	5.418e-04	   0.078	   132.427
 154	77	 4.9563	 1.0254	   1.5153	        1.5159	          0.0006	   1.5532	6.109e-05	   0.079	   133.292
 155	78	 4.9561	 1.0280	   1.5153	        1.5159	          0.0006	   1.6125	1.191e-03	   0.064	   134.141
 156	78	 4.9566	 1.0258	   1.5153	        1.5159	          0.0006	   1.5358	2.183e-04	   0.082	   134.999
 157	79	 4.9573	 1.0223	   1.5153	        1.5159	          0.0006	   1.5104	1.426e-03	   0.082	   135.849
 158	79	 4.9565	 1.0251	   1.5153	        1.5159	          0.0006	   1.6138	1.484e-04	   0.065	   136.714
 159	80	 4.9561	 1.0270	   1.5153	        1.5159	          0.0006	   1.6070	7.533e-04	   0.076	   137.576
 160	80	 4.9558	 1.0254	   1.5153	        1.5159	          0.0006	   1.5356	6.167e-05	   0.073	   138.466
 161	81	 4.9549	 1.0248	   1.5153	        1.5159	          0.0006	   1.5573	2.832e-04	   0.081	   139.350
 162	81	 4.9560	 1.0248	   1.5153	        1.5159	          0.0006	   1.5722	2.594e-04	   0.073	   140.197
 163	82	 4.9553	 1.0244	   1.5153	        1.5159	          0.0006	   1.5595	4.419e-04	   0.074	   141.063
 164	82	 4.9560	 1.0249	   1.5153	        1.5159	          0.0006	   1.5788	2.237e-04	   0.077	   141.929
 165	83	 4.9553	 1.0259	   1.5153	        1.5159	          0.0006	   1.5894	2.584e-04	   0.066	   142.774
 166	83	 4.9562	 1.0246	   1.5153	        1.5159	          0.0006	   1.5441	3.443e-04	   0.089	   143.681
 167	84	 4.9547	 1.0247	   1.5153	        1.5159	          0.0006	   1.5643	2.996e-04	   0.078	   144.537
 168	84	 4.9562	 1.0246	   1.5153	        1.5159	          0.0006	   1.5708	3.612e-04	   0.075	   145.389
 169	85	 4.9556	 1.0242	   1.5153	        1.5159	          0.0006	   1.5578	5.350e-04	   0.070	   146.235
 170	85	 4.9559	 1.0242	   1.5153	        1.5159	          0.0006	   1.5693	5.585e-04	   0.075	   147.125
 171	86	 4.9555	 1.0229	   1.5153	        1.5159	          0.0006	   1.5432	1.129e-03	   0.067	   148.008
 172	86	 4.9563	 1.0244	   1.5153	        1.5159	          0.0006	   1.6006	4.346e-04	   0.073	   148.908
 173	87	 4.9565	 1.0257	   1.5153	        1.5159	          0.0006	   1.5909	1.416e-04	   0.078	   149.818
 174	87	 4.9569	 1.0243	   1.5153	        1.5159	          0.0006	   1.5466	4.970e-04	   0.081	   150.707
 175	88	 4.9567	 1.0244	   1.5153	        1.5159	          0.0006	   1.5711	4.404e-04	   0.070	   151.587
 176	88	 4.9571	 1.0246	   1.5153	        1.5159	          0.0006	   1.5735	3.507e-04	   0.078	   152.450
 177	89	 4.9570	 1.0264	   1.5153	        1.5159	          0.0006	   1.6058	4.581e-04	   0.076	   153.313
 178	89	 4.9565	 1.0257	   1.5153	        1.5159	          0.0006	   1.5525	1.597e-04	   0.072	   154.165
 179	90	 4.9561	 1.0238	   1.5153	        1.5159	          0.0006	   1.5277	7.052e-04	   0.081	   155.015
 180	90	 4.9569	 1.0259	   1.5153	        1.5159	          0.0006	   1.6154	2.423e-04	   0.080	   155.870
 181	91	 4.9575	 1.0275	   1.5153	        1.5159	          0.0006	   1.6064	9.748e-04	   0.079	   156.735
 182	91	 4.9566	 1.0256	   1.5153	        1.5159	          0.0006	   1.5255	1.140e-04	   0.065	   157.579
 183	92	 4.9563	 1.0244	   1.5153	        1.5159	          0.0006	   1.5444	4.541e-04	   0.076	   158.493
 184	92	 4.9565	 1.0259	   1.5153	        1.5159	          0.0006	   1.6012	2.440e-04	   0.088	   159.403
 185	93	 4.9562	 1.0259	   1.5153	        1.5159	          0.0006	   1.5684	2.305e-04	   0.084	   160.331
 186	93	 4.9565	 1.0266	   1.5153	        1.5159	          0.0006	   1.5868	5.473e-04	   0.083	   161.234
 187	94	 4.9569	 1.0273	   1.5153	        1.5159	          0.0006	   1.5860	8.699e-04	   0.079	   162.184
 188	94	 4.9571	 1.0266	   1.5153	        1.5159	          0.0006	   1.5569	5.399e-04	   0.071	   163.069
 189	95	 4.9578	 1.0261	   1.5153	        1.5159	          0.0006	   1.5645	3.541e-04	   0.082	   163.969
 190	95	 4.9569	 1.0262	   1.5153	        1.5159	          0.0006	   1.5672	3.779e-04	   0.075	   164.845
 191	96	 4.9564	 1.0245	   1.5153	        1.5159	          0.0006	   1.5276	4.152e-04	   0.070	   165.702
 192	96	 4.9571	 1.0253	   1.5153	        1.5159	          0.0006	   1.5927	6.477e-05	   0.067	   166.557
 193	97	 4.9577	 1.0268	   1.5153	        1.5159	          0.0006	   1.6024	6.574e-04	   0.078	   167.424
 194	97	 4.9575	 1.0257	   1.5153	        1.5159	          0.0006	   1.5444	1.386e-04	   0.085	   168.303
 195	98	 4.9575	 1.0244	   1.5153	        1.5159	          0.0006	   1.5434	4.462e-04	   0.066	   169.174
 196	98	 4.9577	 1.0259	   1.5153	        1.5159	          0.0006	   1.6024	2.515e-04	   0.090	   170.068
 197	99	 4.9579	 1.0253	   1.5153	        1.5159	          0.0006	   1.5578	8.264e-05	   0.074	   170.974
 198	99	 4.9579	 1.0255	   1.5153	        1.5159	          0.0006	   1.5716	9.696e-05	   0.076	   171.866
 199	100	 4.9579	 1.0254	   1.5153	        1.5159	          0.0006	   1.5646	6.469e-05	   0.073	   172.754
 200	100	 4.9577	 1.0253	   1.5153	        1.5159	          0.0006	   1.5682	6.647e-05	   0.076	   173.637
 201	101	 4.9585	 1.0238	   1.5153	        1.5159	          0.0006	   1.5330	7.425e-04	   0.080	   174.497
 202	101	 4.9577	 1.0245	   1.5153	        1.5159	          0.0006	   1.5824	4.164e-04	   0.066	   175.331
 203	102	 4.9577	 1.0240	   1.5153	        1.5159	          0.0006	   1.5581	6.238e-04	   0.073	   176.195
 204	102	 4.9578	 1.0249	   1.5153	        1.5159	          0.0006	   1.5892	2.230e-04	   0.074	   177.052
 205	103	 4.9579	 1.0261	   1.5153	        1.5159	          0.0006	   1.5981	3.488e-04	   0.067	   177.905
 206	103	 4.9577	 1.0251	   1.5153	        1.5159	          0.0006	   1.5432	1.565e-04	   0.086	   178.768
 207	104	 4.9579	 1.0257	   1.5153	        1.5159	          0.0006	   1.5818	1.406e-04	   0.082	   179.641
 208	104	 4.9583	 1.0252	   1.5153	        1.5159	          0.0006	   1.5623	1.058e-04	   0.074	   180.495
 209	105	 4.9570	 1.0251	   1.5153	        1.5159	          0.0006	   1.5638	1.574e-04	   0.079	   181.376
 210	105	 4.9586	 1.0247	   1.5153	        1.5159	          0.0006	   1.5627	3.177e-04	   0.070	   182.252
 211	106	 4.9579	 1.0258	   1.5153	        1.5159	          0.0006	   1.5908	1.952e-04	   0.075	   183.125
 212	106	 4.9585	 1.0245	   1.5153	        1.5159	          0.0006	   1.5421	3.951e-04	   0.069	   183.979
 213	107	 4.9587	 1.0233	   1.5153	        1.5159	          0.0006	   1.5407	9.590e-04	   0.090	   184.859
 214	107	 4.9588	 1.0246	   1.5153	        1.5159	          0.0006	   1.6010	3.407e-04	   0.070	   185.733
 215	108	 4.9592	 1.0253	   1.5153	        1.5159	          0.0006	   1.5855	7.260e-05	   0.065	   186.586
 216	108	 4.9584	 1.0242	   1.5153	        1.5159	          0.0006	   1.5398	5.327e-04	   0.078	   187.450
 217	109	 4.9593	 1.0245	   1.5153	        1.5159	          0.0006	   1.5794	4.138e-04	   0.079	   188.308
 218	109	 4.9584	 1.0248	   1.5153	        1.5159	          0.0006	   1.5717	2.909e-04	   0.070	   189.155
 219	110	 4.9588	 1.0251	   1.5153	        1.5159	          0.0006	   1.5776	1.511e-04	   0.078	   190.026
 220	110	 4.9583	 1.0250	   1.5153	        1.5159	          0.0006	   1.5666	1.805e-04	   0.082	   190.924
 221	111	 4.9578	 1.0246	   1.5153	        1.5159	          0.0006	   1.5543	3.500e-04	   0.082	   191.839
 222	111	 4.9579	 1.0251	   1.5153	        1.5159	          0.0006	   1.5828	1.623e-04	   0.071	   192.731
 223	112	 4.9583	 1.0259	   1.5153	        1.5159	          0.0006	   1.5913	2.578e-04	   0.078	   193.625
 224	112	 4.9585	 1.0249	   1.5153	        1.5159	          0.0006	   1.5440	2.191e-04	   0.086	   194.507
 225	113	 4.9589	 1.0266	   1.5153	        1.5159	          0.0006	   1.6084	5.616e-04	   0.061	   195.348
 226	113	 4.9591	 1.0247	   1.5153	        1.5159	          0.0006	   1.5238	3.278e-04	   0.087	   196.219
 227	114	 4.9591	 1.0256	   1.5153	        1.5159	          0.0006	   1.5934	1.027e-04	   0.072	   197.076
 228	114	 4.9597	 1.0244	   1.5153	        1.5159	          0.0006	   1.5420	4.433e-04	   0.071	   197.937
 229	115	 4.9598	 1.0254	   1.5153	        1.5159	          0.0006	   1.5931	6.354e-05	   0.078	   198.788
 230	115	 4.9600	 1.0246	   1.5153	        1.5159	          0.0006	   1.5510	3.795e-04	   0.071	   199.634
 231	116	 4.9610	 1.0242	   1.5153	        1.5159	          0.0006	   1.5618	5.647e-04	   0.070	   200.494
 232	116	 4.9600	 1.0249	   1.5153	        1.5159	          0.0006	   1.5844	2.482e-04	   0.065	   201.362
 233	117	 4.9604	 1.0261	   1.5153	        1.5159	          0.0006	   1.6073	3.348e-04	   0.088	   202.252
 234	117	 4.9600	 1.0246	   1.5153	        1.5159	          0.0006	   1.5258	3.557e-04	   0.081	   203.196
 235	118	 4.9596	 1.0245	   1.5153	        1.5159	          0.0006	   1.5664	3.986e-04	   0.070	   204.054
 236	118	 4.9598	 1.0244	   1.5153	        1.5159	          0.0006	   1.5661	4.331e-04	   0.087	   204.946
 237	119	 4.9596	 1.0241	   1.5153	        1.5159	          0.0006	   1.5586	5.910e-04	   0.082	   205.843
 238	119	 4.9598	 1.0246	   1.5153	        1.5159	          0.0006	   1.5815	3.628e-04	   0.066	   206.712
 239	120	 4.9597	 1.0245	   1.5153	        1.5159	          0.0006	   1.5652	3.955e-04	   0.072	   207.547
 240	120	 4.9600	 1.0247	   1.5153	        1.5159	          0.0006	   1.5745	3.254e-04	   0.076	   208.364
 241	121	 4.9595	 1.0247	   1.5153	        1.5159	          0.0006	   1.5668	3.168e-04	   0.073	   209.181
 242	121	 4.9601	 1.0250	   1.5153	        1.5159	          0.0006	   1.5807	1.889e-04	   0.067	   209.988
 243	122	 4.9606	 1.0254	   1.5153	        1.5159	          0.0006	   1.5832	6.448e-05	   0.075	   210.821
 244	122	 4.9599	 1.0252	   1.5153	        1.5159	          0.0006	   1.5601	9.984e-05	   0.065	   211.637
 245	123	 4.9600	 1.0251	   1.5153	        1.5159	          0.0006	   1.5674	1.526e-04	   0.063	   212.402
 246	123	 4.9596	 1.0247	   1.5153	        1.5159	          0.0006	   1.5566	2.976e-04	   0.062	   213.163
 247	124	 4.9596	 1.0244	   1.5153	        1.5159	          0.0006	   1.5591	4.552e-04	   0.084	   213.871
 248	124	 4.9597	 1.0243	   1.5153	        1.5159	          0.0006	   1.5694	4.807e-04	   0.059	   214.555
 249	125	 4.9603	 1.0252	   1.5153	        1.5159	          0.0006	   1.5939	1.016e-04	   0.063	   215.237
 250	125	 4.9597	 1.0248	   1.5153	        1.5159	          0.0006	   1.5589	2.593e-04	   0.054	   215.883
 251	126	 4.9594	 1.0264	   1.5153	        1.5159	          0.0006	   1.6133	4.574e-04	   0.061	   216.548
 252	126	 4.9596	 1.0249	   1.5153	        1.5159	          0.0006	   1.5279	2.164e-04	   0.060	   217.201
 253	127	 4.9599	 1.0244	   1.5153	        1.5159	          0.0006	   1.5562	4.390e-04	   0.053	   217.846
 254	127	 4.9597	 1.0249	   1.5153	        1.5159	          0.0006	   1.5827	2.295e-04	   0.067	   218.515
 255	128	 4.9593	 1.0249	   1.5153	        1.5159	          0.0006	   1.5682	2.218e-04	   0.069	   219.178
 256	128	 4.9595	 1.0250	   1.5153	        1.5159	          0.0006	   1.5717	1.812e-04	   0.059	   219.850
 257	129	 4.9598	 1.0245	   1.5153	        1.5159	          0.0006	   1.5559	4.216e-04	   0.065	   220.513
 258	129	 4.9597	 1.0245	   1.5153	        1.5159	          0.0006	   1.5678	3.959e-04	   0.059	   221.197
 259	130	 4.9596	 1.0251	   1.5153	        1.5159	          0.0006	   1.5841	1.590e-04	   0.054	   221.862
 260	130	 4.9597	 1.0247	   1.5153	        1.5159	          0.0006	   1.5588	3.302e-04	   0.061	   222.535
 261	131	 4.9601	 1.0255	   1.5153	        1.5159	          0.0006	   1.5925	7.219e-05	   0.062	   223.239
 262	131	 4.9597	 1.0248	   1.5153	        1.5159	          0.0006	   1.5478	2.941e-04	   0.064	   223.909
 263	132	 4.9594	 1.0238	   1.5153	        1.5159	          0.0006	   1.5378	7.115e-04	   0.049	   224.556
 264	132	 4.9598	 1.0249	   1.5153	        1.5159	          0.0006	   1.6023	2.470e-04	   0.064	   225.220
 265	133	 4.9595	 1.0238	   1.5153	        1.5159	          0.0006	   1.5369	7.031e-04	   0.053	   225.872
 266	133	 4.9601	 1.0245	   1.5153	        1.5159	          0.0006	   1.5941	3.893e-04	   0.056	   226.525
 267	134	 4.9605	 1.0257	   1.5153	        1.5159	          0.0006	   1.6076	1.696e-04	   0.065	   227.182
 268	134	 4.9599	 1.0247	   1.5153	        1.5159	          0.0006	   1.5342	3.337e-04	   0.072	   227.875
 269	135	 4.9604	 1.0239	   1.5153	        1.5159	          0.0006	   1.5482	6.855e-04	   0.072	   228.572
 270	135	 4.9601	 1.0247	   1.5153	        1.5159	          0.0006	   1.5923	3.342e-04	   0.060	   229.275
 271	136	 4.9601	 1.0240	   1.5153	        1.5159	          0.0006	   1.5490	6.490e-04	   0.064	   229.981
 272	136	 4.9602	 1.0250	   1.5153	        1.5159	          0.0006	   1.6017	1.734e-04	   0.062	   230.664
 273	137	 4.9603	 1.0251	   1.5153	        1.5159	          0.0006	   1.5713	1.342e-04	   0.050	   231.339
 274	137	 4.9602	 1.0252	   1.5153	        1.5159	          0.0006	   1.5728	1.043e-04	   0.064	   232.002
 275	138	 4.9599	 1.0252	   1.5153	        1.5159	          0.0006	   1.5662	1.091e-04	   0.065	   232.669
 276	138	 4.9603	 1.0254	   1.5153	        1.5159	          0.0006	   1.5792	6.555e-05	   0.052	   233.323
 277	139	 4.9606	 1.0249	   1.5153	        1.5159	          0.0006	   1.5532	2.273e-04	   0.068	   234.031
 278	139	 4.9601	 1.0258	   1.5153	        1.5159	          0.0006	   1.5949	1.794e-04	   0.056	   234.727
 279	140	 4.9597	 1.0268	   1.5153	        1.5159	          0.0006	   1.6010	6.657e-04	   0.059	   235.427
 280	140	 4.9601	 1.0259	   1.5153	        1.5159	          0.0006	   1.5430	2.388e-04	   0.061	   236.122
 281	141	 4.9597	 1.0261	   1.5153	        1.5159	          0.0006	   1.5736	3.395e-04	   0.068	   236.845
 282	141	 4.9600	 1.0258	   1.5153	        1.5159	          0.0006	   1.5598	1.953e-04	   0.067	   237.549
 283	142	 4.9601	 1.0250	   1.5153	        1.5159	          0.0006	   1.5461	1.733e-04	   0.057	   238.226
 284	142	 4.9603	 1.0256	   1.5153	        1.5159	          0.0006	   1.5868	1.027e-04	   0.067	   238.923
 285	143	 4.9605	 1.0261	   1.5153	        1.5159	          0.0006	   1.5892	3.504e-04	   0.063	   239.622
 286	143	 4.9604	 1.0255	   1.5153	        1.5159	          0.0006	   1.5471	7.624e-05	   0.054	   240.282
 287	144	 4.9608	 1.0250	   1.5153	        1.5159	          0.0006	   1.5587	1.783e-04	   0.064	   240.939
 288	144	 4.9606	 1.0258	   1.5153	        1.5159	          0.0006	   1.5924	2.058e-04	   0.066	   241.610
 289	145	 4.9602	 1.0258	   1.5153	        1.5159	          0.0006	   1.5668	2.131e-04	   0.060	   242.265
 290	145	 4.9608	 1.0255	   1.5153	        1.5159	          0.0006	   1.5626	7.198e-05	   0.056	   242.921
 291	146	 4.9605	 1.0259	   1.5153	        1.5159	          0.0006	   1.5831	2.593e-04	   0.053	   243.576
 292	146	 4.9611	 1.0254	   1.5153	        1.5159	          0.0006	   1.5549	6.460e-05	   0.063	   244.240
 293	147	 4.9609	 1.0265	   1.5153	        1.5159	          0.0006	   1.6046	5.278e-04	   0.047	   244.918
 294	147	 4.9613	 1.0253	   1.5153	        1.5159	          0.0006	   1.5320	7.224e-05	   0.076	   245.636
 295	148	 4.9611	 1.0260	   1.5153	        1.5159	          0.0006	   1.5890	2.695e-04	   0.065	   246.358
 296	148	 4.9617	 1.0254	   1.5153	        1.5159	          0.0006	   1.5551	6.888e-05	   0.065	   247.046
 297	149	 4.9620	 1.0260	   1.5153	        1.5159	          0.0006	   1.5874	2.790e-04	   0.064	   247.729
 298	149	 4.9619	 1.0255	   1.5153	        1.5159	          0.0006	   1.5559	1.002e-04	   0.057	   248.395
 299	150	 4.9624	 1.0247	   1.5153	        1.5159	          0.0006	   1.5418	3.345e-04	   0.058	   249.054
 300	150	 4.9624	 1.0254	   1.5153	        1.5159	          0.0006	   1.5947	6.626e-05	   0.058	   249.698
 301	151	 4.9629	 1.0254	   1.5153	        1.5159	          0.0006	   1.5712	6.840e-05	   0.061	   250.367
 302	151	 4.9628	 1.0253	   1.5153	        1.5159	          0.0006	   1.5670	7.371e-05	   0.059	   251.027
 303	152	 4.9633	 1.0256	   1.5153	        1.5159	          0.0006	   1.5839	1.334e-04	   0.053	   251.680
 304	152	 4.9627	 1.0255	   1.5153	        1.5159	          0.0006	   1.5614	8.223e-05	   0.059	   252.340
 305	153	 4.9620	 1.0251	   1.5153	        1.5159	          0.0006	   1.5537	1.490e-04	   0.062	   253.010
 306	153	 4.9628	 1.0252	   1.5153	        1.5159	          0.0006	   1.5753	9.158e-05	   0.051	   253.666
 307	154	 4.9628	 1.0241	   1.5153	        1.5159	          0.0006	   1.5275	5.789e-04	   0.072	   254.366
 308	154	 4.9631	 1.0247	   1.5153	        1.5159	          0.0006	   1.5933	3.034e-04	   0.072	   255.063
 309	155	 4.9626	 1.0245	   1.5153	        1.5159	          0.0006	   1.5560	4.115e-04	   0.067	   255.756
 310	155	 4.9629	 1.0251	   1.5153	        1.5159	          0.0006	   1.5925	1.607e-04	   0.056	   256.411
 311	156	 4.9629	 1.0241	   1.5153	        1.5159	          0.0006	   1.5367	5.880e-04	   0.063	   257.068
 312	156	 4.9630	 1.0254	   1.5153	        1.5159	          0.0006	   1.6140	6.606e-05	   0.058	   257.723
 313	157	 4.9626	 1.0254	   1.5153	        1.5159	          0.0006	   1.5662	6.658e-05	   0.054	   258.369
 314	157	 4.9630	 1.0254	   1.5153	        1.5159	          0.0006	   1.5735	6.754e-05	   0.067	   259.034
 315	158	 4.9632	 1.0249	   1.5153	        1.5159	          0.0006	   1.5556	2.089e-04	   0.061	   259.696
 316	158	 4.9633	 1.0254	   1.5153	        1.5159	          0.0006	   1.5841	6.628e-05	   0.058	   260.359
 317	159	 4.9632	 1.0251	   1.5153	        1.5159	          0.0006	   1.5583	1.599e-04	   0.061	   261.034
 318	159	 4.9636	 1.0247	   1.5153	        1.5159	          0.0006	   1.5579	3.114e-04	   0.061	   261.734
 319	160	 4.9636	 1.0251	   1.5153	        1.5159	          0.0006	   1.5816	1.406e-04	   0.054	   262.440
 320	160	 4.9640	 1.0245	   1.5153	        1.5159	          0.0006	   1.5529	3.945e-04	   0.062	   263.136
 321	161	 4.9647	 1.0247	   1.5153	        1.5159	          0.0006	   1.5827	3.264e-04	   0.065	   263.837
 322	161	 4.9642	 1.0246	   1.5153	        1.5159	          0.0006	   1.5571	3.704e-04	   0.067	   264.523
 323	162	 4.9646	 1.0243	   1.5153	        1.5159	          0.0006	   1.5616	4.885e-04	   0.050	   265.173
 324	162	 4.9643	 1.0247	   1.5153	        1.5159	          0.0006	   1.5798	3.371e-04	   0.070	   265.837
 325	163	 4.9643	 1.0248	   1.5153	        1.5159	          0.0006	   1.5766	2.593e-04	   0.060	   266.489
 326	163	 4.9645	 1.0247	   1.5153	        1.5159	          0.0006	   1.5635	3.359e-04	   0.054	   267.136
 327	164	 4.9645	 1.0237	   1.5153	        1.5159	          0.0006	   1.5353	7.680e-04	   0.073	   267.836
 328	164	 4.9643	 1.0246	   1.5153	        1.5159	          0.0006	   1.6004	3.485e-04	   0.064	   268.530
 329	165	 4.9643	 1.0253	   1.5153	        1.5159	          0.0006	   1.5929	7.512e-05	   0.060	   269.194
 330	165	 4.9644	 1.0248	   1.5153	        1.5159	          0.0006	   1.5522	2.707e-04	   0.051	   269.863
 331	166	 4.9644	 1.0253	   1.5153	        1.5159	          0.0006	   1.5863	8.642e-05	   0.065	   270.567
 332	166	 4.9644	 1.0250	   1.5153	        1.5159	          0.0006	   1.5593	1.959e-04	   0.055	   271.277
 333	167	 4.9644	 1.0245	   1.5153	        1.5159	          0.0006	   1.5480	4.086e-04	   0.057	   271.947
 334	167	 4.9646	 1.0253	   1.5153	        1.5159	          0.0006	   1.6022	7.639e-05	   0.066	   272.628
 335	168	 4.9645	 1.0244	   1.5153	        1.5159	          0.0006	   1.5352	4.426e-04	   0.067	   273.296
 336	168	 4.9650	 1.0253	   1.5153	        1.5159	          0.0006	   1.6042	8.541e-05	   0.060	   273.953
 337	169	 4.9649	 1.0258	   1.5153	        1.5159	          0.0006	   1.5869	1.843e-04	   0.067	   274.611
 338	169	 4.9646	 1.0251	   1.5153	        1.5159	          0.0006	   1.5436	1.317e-04	   0.055	   275.265
 339	170	 4.9645	 1.0256	   1.5153	        1.5159	          0.0006	   1.5868	1.232e-04	   0.061	   275.917
 340	170	 4.9649	 1.0251	   1.5153	        1.5159	          0.0006	   1.5520	1.257e-04	   0.055	   276.566
 341	171	 4.9649	 1.0251	   1.5153	        1.5159	          0.0006	   1.5702	1.284e-04	   0.071	   277.239
 342	171	 4.9646	 1.0251	   1.5153	        1.5159	          0.0006	   1.5662	1.282e-04	   0.065	   277.937
 343	172	 4.9647	 1.0248	   1.5153	        1.5159	          0.0006	   1.5575	2.633e-04	   0.057	   278.646
 344	172	 4.9646	 1.0249	   1.5153	        1.5159	          0.0006	   1.5716	2.334e-04	   0.066	   279.363
 345	173	 4.9648	 1.0250	   1.5153	        1.5159	          0.0006	   1.5762	1.711e-04	   0.054	   280.039
 346	173	 4.9645	 1.0248	   1.5153	        1.5159	          0.0006	   1.5593	2.636e-04	   0.054	   280.721
 347	174	 4.9646	 1.0253	   1.5153	        1.5159	          0.0006	   1.5904	7.344e-05	   0.061	   281.389
 348	174	 4.9646	 1.0246	   1.5153	        1.5159	          0.0006	   1.5433	3.407e-04	   0.066	   282.057
 349	175	 4.9648	 1.0245	   1.5153	        1.5159	          0.0006	   1.5669	3.898e-04	   0.058	   282.719
 350	175	 4.9647	 1.0245	   1.5153	        1.5159	          0.0006	   1.5627	4.236e-04	   0.058	   283.370
 351	176	 4.9645	 1.0250	   1.5153	        1.5159	          0.0006	   1.5911	1.690e-04	   0.057	   284.028
 352	176	 4.9648	 1.0246	   1.5153	        1.5159	          0.0006	   1.5560	3.413e-04	   0.064	   284.686
 353	177	 4.9648	 1.0244	   1.5153	        1.5159	          0.0006	   1.5599	4.550e-04	   0.054	   285.332
 354	177	 4.9651	 1.0244	   1.5153	        1.5159	          0.0006	   1.5706	4.556e-04	   0.073	   286.007
 355	178	 4.9656	 1.0242	   1.5153	        1.5159	          0.0006	   1.5602	5.547e-04	   0.073	   286.695
 356	178	 4.9651	 1.0243	   1.5153	        1.5159	          0.0006	   1.5731	4.779e-04	   0.061	   287.419
 357	179	 4.9658	 1.0238	   1.5153	        1.5159	          0.0006	   1.5506	7.203e-04	   0.061	   288.080
 358	179	 4.9653	 1.0241	   1.5153	        1.5159	          0.0006	   1.5784	5.775e-04	   0.049	   288.752
 359	180	 4.9654	 1.0230	   1.5153	        1.5159	          0.0006	   1.5263	1.089e-03	   0.056	   289.408
 360	180	 4.9654	 1.0239	   1.5153	        1.5159	          0.0006	   1.6042	6.585e-04	   0.050	   290.056
 361	181	 4.9653	 1.0246	   1.5153	        1.5159	          0.0006	   1.5940	3.780e-04	   0.064	   290.727
 362	181	 4.9655	 1.0239	   1.5153	        1.5159	          0.0006	   1.5404	6.983e-04	   0.062	   291.390
 363	182	 4.9657	 1.0245	   1.5153	        1.5159	          0.0006	   1.5916	4.227e-04	   0.055	   292.044
 364	182	 4.9657	 1.0240	   1.5153	        1.5159	          0.0006	   1.5515	6.340e-04	   0.068	   292.707
 365	183	 4.9656	 1.0243	   1.5153	        1.5159	          0.0006	   1.5795	4.972e-04	   0.060	   293.355
 366	183	 4.9658	 1.0243	   1.5153	        1.5159	          0.0006	   1.5719	4.837e-04	   0.055	   294.032
 367	184	 4.9660	 1.0254	   1.5153	        1.5159	          0.0006	   1.6147	6.862e-05	   0.078	   294.735
 368	184	 4.9657	 1.0243	   1.5153	        1.5159	          0.0006	   1.5211	4.856e-04	   0.076	   295.465
 369	185	 4.9654	 1.0248	   1.5153	        1.5159	          0.0006	   1.5878	2.816e-04	   0.069	   296.207
 370	185	 4.9657	 1.0246	   1.5153	        1.5159	          0.0006	   1.5628	3.405e-04	   0.062	   296.940
 371	186	 4.9659	 1.0248	   1.5153	        1.5159	          0.0006	   1.5737	2.804e-04	   0.057	   297.656
 372	186	 4.9656	 1.0242	   1.5153	        1.5159	          0.0006	   1.5436	5.393e-04	   0.063	   298.344
 373	187	 4.9649	 1.0244	   1.5153	        1.5159	          0.0006	   1.5705	4.646e-04	   0.052	   299.017
 374	187	 4.9654	 1.0242	   1.5153	        1.5159	          0.0006	   1.5675	5.210e-04	   0.071	   299.729
 375	188	 4.9653	 1.0232	   1.5153	        1.5159	          0.0006	   1.5241	9.819e-04	   0.064	   300.417
 376	188	 4.9654	 1.0242	   1.5153	        1.5159	          0.0006	   1.6134	5.270e-04	   0.058	   301.078
 377	189	 4.9655	 1.0247	   1.5153	        1.5159	          0.0006	   1.5882	3.038e-04	   0.059	   301.736
 378	189	 4.9654	 1.0245	   1.5153	        1.5159	          0.0006	   1.5619	3.950e-04	   0.059	   302.392
 379	190	 4.9658	 1.0243	   1.5153	        1.5159	          0.0006	   1.5580	5.133e-04	   0.058	   303.108
 380	190	 4.9654	 1.0248	   1.5153	        1.5159	          0.0006	   1.5901	2.919e-04	   0.064	   303.809
 381	191	 4.9655	 1.0247	   1.5153	        1.5159	          0.0006	   1.5626	3.374e-04	   0.066	   304.499
 382	191	 4.9658	 1.0248	   1.5153	        1.5159	          0.0006	   1.5797	2.724e-04	   0.069	   305.167
 383	192	 4.9662	 1.0252	   1.5153	        1.5159	          0.0006	   1.5905	9.632e-05	   0.056	   305.839
 384	192	 4.9661	 1.0246	   1.5153	        1.5159	          0.0006	   1.5394	3.791e-04	   0.065	   306.496
 385	193	 4.9657	 1.0245	   1.5153	        1.5159	          0.0006	   1.5584	4.270e-04	   0.056	   307.150
 386	193	 4.9660	 1.0248	   1.5153	        1.5159	          0.0006	   1.5885	2.917e-04	   0.048	   307.797
 387	194	 4.9661	 1.0247	   1.5153	        1.5159	          0.0006	   1.5692	3.089e-04	   0.066	   308.459
 388	194	 4.9659	 1.0251	   1.5153	        1.5159	          0.0006	   1.5832	1.360e-04	   0.059	   309.122
 389	195	 4.9656	 1.0253	   1.5153	        1.5159	          0.0006	   1.5750	8.690e-05	   0.062	   309.787
 390	195	 4.9658	 1.0254	   1.5153	        1.5159	          0.0006	   1.5750	6.840e-05	   0.058	   310.440
 391	196	 4.9658	 1.0260	   1.5153	        1.5159	          0.0006	   1.5958	2.868e-04	   0.063	   311.137
 392	196	 4.9660	 1.0252	   1.5153	        1.5159	          0.0006	   1.5363	1.112e-04	   0.068	   311.862
 393	197	 4.9662	 1.0250	   1.5153	        1.5159	          0.0006	   1.5597	1.701e-04	   0.056	   312.548
 394	197	 4.9663	 1.0252	   1.5153	        1.5159	          0.0006	   1.5798	1.071e-04	   0.072	   313.252
 395	198	 4.9662	 1.0245	   1.5153	        1.5159	          0.0006	   1.5382	4.103e-04	   0.073	   313.941
 396	198	 4.9665	 1.0250	   1.5153	        1.5159	          0.0006	   1.5936	1.658e-04	   0.056	   314.604
 397	199	 4.9661	 1.0254	   1.5153	        1.5159	          0.0006	   1.5811	6.928e-05	   0.066	   315.261
 398	199	 4.9666	 1.0249	   1.5153	        1.5159	          0.0006	   1.5508	2.274e-04	   0.053	   315.913
 399	200	 4.9666	 1.0247	   1.5153	        1.5159	          0.0006	   1.5627	3.343e-04	   0.052	   316.565
 400	200	 4.9665	 1.0249	   1.5153	        1.5159	          0.0006	   1.5740	2.430e-04	   0.057	   317.221

[BSGD] Finished on device cuda -> σ_f² ≈ 4.9665, σ_ε² ≈ 1.0249
