[GPU 2][JOB 115] 'python cli.py bsgd --n 1024 --lengthscale 0.5 --sigma-f2-true 4.0 --sigma-eps2-true 1.0 --n-epochs 200 --device auto --kernel-mode finite --theta-min 1e-4 --theta-max 20.0 --print-every 1 --seed 4 --batch-size 1024 --sigma-f2-init 5.0 --sigma-eps2-init 3.0 --alpha1 9.0 '

=== BSGD (biased SGD on exact kernel) ===
iter	epoch	σ_f²	σ_ε²	real_nlml	real_nlml_true	real_nlml_abs_err	mini_nlml	||grad||	duration_s	wall_time_s
   1	 1	 4.8138	 2.0483	   1.6038	        1.5094	          0.0944	   1.6038	1.180e-01	   0.191	     0.249
   2	 2	 4.7723	 1.5173	   1.5431	        1.5094	          0.0336	   1.5431	1.046e-01	   0.073	     0.758
   3	 3	 4.7636	 1.2036	   1.5156	        1.5094	          0.0062	   1.5156	6.249e-02	   0.102	     1.515
   4	 4	 4.7659	 1.0630	   1.5095	        1.5094	          0.0001	   1.5095	2.056e-02	   0.110	     2.451
   5	 5	 4.7708	 1.0260	   1.5090	        1.5094	          0.0004	   1.5090	5.245e-03	   0.100	     3.436
   6	 6	 4.7754	 1.0181	   1.5090	        1.5094	          0.0004	   1.5090	1.696e-03	   0.101	     4.448
   7	 7	 4.7792	 1.0160	   1.5090	        1.5094	          0.0004	   1.5090	6.955e-04	   0.111	     5.461
   8	 8	 4.7824	 1.0152	   1.5090	        1.5094	          0.0004	   1.5090	3.375e-04	   0.116	     6.492
   9	 9	 4.7851	 1.0148	   1.5090	        1.5094	          0.0004	   1.5090	1.869e-04	   0.125	     7.548
  10	10	 4.7875	 1.0147	   1.5090	        1.5094	          0.0004	   1.5090	1.167e-04	   0.106	     8.591
  11	11	 4.7896	 1.0146	   1.5090	        1.5094	          0.0004	   1.5090	8.215e-05	   0.112	     9.655
  12	12	 4.7914	 1.0146	   1.5090	        1.5094	          0.0004	   1.5090	6.455e-05	   0.114	    10.723
  13	13	 4.7930	 1.0145	   1.5090	        1.5094	          0.0004	   1.5090	5.527e-05	   0.119	    11.786
  14	14	 4.7945	 1.0145	   1.5090	        1.5094	          0.0004	   1.5090	5.009e-05	   0.115	    12.834
  15	15	 4.7958	 1.0145	   1.5090	        1.5094	          0.0004	   1.5090	4.694e-05	   0.105	    13.864
  16	16	 4.7971	 1.0145	   1.5090	        1.5094	          0.0004	   1.5090	4.483e-05	   0.108	    14.912
  17	17	 4.7982	 1.0145	   1.5090	        1.5094	          0.0004	   1.5090	4.329e-05	   0.117	    15.958
  18	18	 4.7992	 1.0145	   1.5090	        1.5094	          0.0004	   1.5090	4.207e-05	   0.121	    17.002
  19	19	 4.8002	 1.0145	   1.5090	        1.5094	          0.0004	   1.5090	4.106e-05	   0.119	    18.049
  20	20	 4.8011	 1.0145	   1.5090	        1.5094	          0.0004	   1.5090	4.018e-05	   0.102	    19.144
  21	21	 4.8019	 1.0145	   1.5090	        1.5094	          0.0004	   1.5090	3.940e-05	   0.113	    20.230
  22	22	 4.8027	 1.0145	   1.5090	        1.5094	          0.0004	   1.5090	3.869e-05	   0.122	    21.327
  23	23	 4.8035	 1.0145	   1.5090	        1.5094	          0.0004	   1.5090	3.804e-05	   0.124	    22.428
  24	24	 4.8042	 1.0145	   1.5090	        1.5094	          0.0004	   1.5090	3.743e-05	   0.118	    23.492
  25	25	 4.8048	 1.0145	   1.5090	        1.5094	          0.0004	   1.5090	3.687e-05	   0.107	    24.533
  26	26	 4.8055	 1.0145	   1.5090	        1.5094	          0.0004	   1.5090	3.634e-05	   0.107	    25.584
  27	27	 4.8060	 1.0145	   1.5090	        1.5094	          0.0004	   1.5090	3.583e-05	   0.115	    26.630
  28	28	 4.8066	 1.0145	   1.5090	        1.5094	          0.0004	   1.5090	3.536e-05	   0.119	    27.672
  29	29	 4.8072	 1.0145	   1.5090	        1.5094	          0.0004	   1.5090	3.491e-05	   0.112	    28.707
  30	30	 4.8077	 1.0145	   1.5090	        1.5094	          0.0004	   1.5090	3.448e-05	   0.110	    29.763
  31	31	 4.8082	 1.0145	   1.5090	        1.5094	          0.0004	   1.5090	3.407e-05	   0.112	    30.816
  32	32	 4.8086	 1.0145	   1.5090	        1.5094	          0.0004	   1.5090	3.368e-05	   0.115	    31.883
  33	33	 4.8091	 1.0145	   1.5090	        1.5094	          0.0004	   1.5090	3.330e-05	   0.119	    32.945
  34	34	 4.8095	 1.0144	   1.5090	        1.5094	          0.0004	   1.5090	3.294e-05	   0.112	    34.004
  35	35	 4.8099	 1.0144	   1.5090	        1.5094	          0.0004	   1.5090	3.260e-05	   0.108	    35.037
  36	36	 4.8103	 1.0144	   1.5090	        1.5094	          0.0004	   1.5090	3.227e-05	   0.107	    36.089
  37	37	 4.8107	 1.0144	   1.5090	        1.5094	          0.0004	   1.5090	3.195e-05	   0.108	    37.132
  38	38	 4.8111	 1.0144	   1.5090	        1.5094	          0.0004	   1.5090	3.164e-05	   0.122	    38.176
  39	39	 4.8115	 1.0144	   1.5090	        1.5094	          0.0004	   1.5090	3.135e-05	   0.127	    39.281
  40	40	 4.8118	 1.0144	   1.5090	        1.5094	          0.0004	   1.5090	3.106e-05	   0.116	    40.414
  41	41	 4.8121	 1.0144	   1.5090	        1.5094	          0.0004	   1.5090	3.078e-05	   0.116	    41.500
  42	42	 4.8125	 1.0144	   1.5090	        1.5094	          0.0004	   1.5090	3.052e-05	   0.115	    42.600
  43	43	 4.8128	 1.0144	   1.5090	        1.5094	          0.0004	   1.5090	3.026e-05	   0.117	    43.686
  44	44	 4.8131	 1.0144	   1.5090	        1.5094	          0.0004	   1.5090	3.001e-05	   0.116	    44.764
  45	45	 4.8134	 1.0144	   1.5090	        1.5094	          0.0004	   1.5090	2.976e-05	   0.112	    45.817
  46	46	 4.8137	 1.0144	   1.5090	        1.5094	          0.0004	   1.5090	2.953e-05	   0.108	    46.866
  47	47	 4.8139	 1.0144	   1.5090	        1.5094	          0.0004	   1.5090	2.930e-05	   0.113	    47.908
  48	48	 4.8142	 1.0144	   1.5090	        1.5094	          0.0004	   1.5090	2.908e-05	   0.121	    48.947
  49	49	 4.8145	 1.0144	   1.5090	        1.5094	          0.0004	   1.5090	2.886e-05	   0.117	    49.989
  50	50	 4.8147	 1.0144	   1.5090	        1.5094	          0.0004	   1.5090	2.865e-05	   0.114	    51.039
  51	51	 4.8150	 1.0144	   1.5090	        1.5094	          0.0004	   1.5090	2.845e-05	   0.111	    52.098
  52	52	 4.8152	 1.0144	   1.5090	        1.5094	          0.0004	   1.5090	2.825e-05	   0.109	    53.155
  53	53	 4.8155	 1.0144	   1.5090	        1.5094	          0.0004	   1.5090	2.806e-05	   0.120	    54.221
  54	54	 4.8157	 1.0144	   1.5090	        1.5094	          0.0004	   1.5090	2.787e-05	   0.117	    55.282
  55	55	 4.8159	 1.0144	   1.5090	        1.5094	          0.0004	   1.5090	2.768e-05	   0.108	    56.318
  56	56	 4.8161	 1.0144	   1.5090	        1.5094	          0.0004	   1.5090	2.750e-05	   0.108	    57.368
  57	57	 4.8163	 1.0144	   1.5090	        1.5094	          0.0004	   1.5090	2.733e-05	   0.111	    58.408
  58	58	 4.8165	 1.0144	   1.5090	        1.5094	          0.0004	   1.5090	2.716e-05	   0.116	    59.449
  59	59	 4.8168	 1.0144	   1.5090	        1.5094	          0.0004	   1.5090	2.699e-05	   0.121	    60.511
  60	60	 4.8170	 1.0144	   1.5090	        1.5094	          0.0004	   1.5090	2.683e-05	   0.109	    61.596
  61	61	 4.8171	 1.0144	   1.5090	        1.5094	          0.0004	   1.5090	2.667e-05	   0.108	    62.667
  62	62	 4.8173	 1.0144	   1.5090	        1.5094	          0.0004	   1.5090	2.651e-05	   0.119	    63.768
  63	63	 4.8175	 1.0144	   1.5090	        1.5094	          0.0004	   1.5090	2.636e-05	   0.125	    64.862
  64	64	 4.8177	 1.0144	   1.5090	        1.5094	          0.0004	   1.5090	2.621e-05	   0.119	    65.944
  65	65	 4.8179	 1.0144	   1.5090	        1.5094	          0.0004	   1.5090	2.607e-05	   0.103	    66.988
  66	66	 4.8181	 1.0144	   1.5090	        1.5094	          0.0004	   1.5090	2.592e-05	   0.105	    68.038
  67	67	 4.8182	 1.0144	   1.5090	        1.5094	          0.0004	   1.5090	2.578e-05	   0.110	    69.079
  68	68	 4.8184	 1.0144	   1.5090	        1.5094	          0.0004	   1.5090	2.564e-05	   0.122	    70.125
  69	69	 4.8186	 1.0144	   1.5090	        1.5094	          0.0004	   1.5090	2.551e-05	   0.117	    71.166
  70	70	 4.8187	 1.0144	   1.5090	        1.5094	          0.0004	   1.5090	2.538e-05	   0.114	    72.208
  71	71	 4.8189	 1.0144	   1.5090	        1.5094	          0.0004	   1.5090	2.525e-05	   0.114	    73.269
  72	72	 4.8190	 1.0144	   1.5090	        1.5094	          0.0004	   1.5090	2.512e-05	   0.117	    74.330
  73	73	 4.8192	 1.0144	   1.5090	        1.5094	          0.0004	   1.5090	2.500e-05	   0.124	    75.399
  74	74	 4.8193	 1.0144	   1.5090	        1.5094	          0.0004	   1.5090	2.487e-05	   0.122	    76.460
  75	75	 4.8195	 1.0144	   1.5090	        1.5094	          0.0004	   1.5090	2.475e-05	   0.110	    77.505
  76	76	 4.8196	 1.0144	   1.5090	        1.5094	          0.0004	   1.5090	2.464e-05	   0.117	    78.616
  77	77	 4.8198	 1.0144	   1.5090	        1.5094	          0.0004	   1.5090	2.452e-05	   0.104	    79.743
  78	78	 4.8199	 1.0144	   1.5090	        1.5094	          0.0004	   1.5090	2.441e-05	   0.133	    80.859
  79	79	 4.8201	 1.0144	   1.5090	        1.5094	          0.0004	   1.5090	2.430e-05	   0.117	    81.961
  80	80	 4.8202	 1.0144	   1.5090	        1.5094	          0.0004	   1.5090	2.419e-05	   0.110	    83.033
  81	81	 4.8203	 1.0144	   1.5090	        1.5094	          0.0004	   1.5090	2.408e-05	   0.109	    84.110
  82	82	 4.8204	 1.0144	   1.5090	        1.5094	          0.0004	   1.5090	2.397e-05	   0.121	    85.212
  83	83	 4.8206	 1.0144	   1.5090	        1.5094	          0.0004	   1.5090	2.387e-05	   0.125	    86.307
  84	84	 4.8207	 1.0144	   1.5090	        1.5094	          0.0004	   1.5090	2.376e-05	   0.121	    87.386
  85	85	 4.8208	 1.0144	   1.5090	        1.5094	          0.0004	   1.5090	2.366e-05	   0.107	    88.431
  86	86	 4.8209	 1.0144	   1.5090	        1.5094	          0.0004	   1.5090	2.356e-05	   0.113	    89.486
  87	87	 4.8211	 1.0144	   1.5090	        1.5094	          0.0004	   1.5090	2.347e-05	   0.117	    90.530
  88	88	 4.8212	 1.0144	   1.5090	        1.5094	          0.0004	   1.5090	2.337e-05	   0.118	    91.570
  89	89	 4.8213	 1.0144	   1.5090	        1.5094	          0.0004	   1.5090	2.328e-05	   0.112	    92.607
  90	90	 4.8214	 1.0144	   1.5090	        1.5094	          0.0004	   1.5090	2.318e-05	   0.109	    93.642
  91	91	 4.8215	 1.0144	   1.5090	        1.5094	          0.0004	   1.5090	2.309e-05	   0.112	    94.716
  92	92	 4.8216	 1.0144	   1.5090	        1.5094	          0.0004	   1.5090	2.300e-05	   0.122	    95.781
  93	93	 4.8217	 1.0144	   1.5090	        1.5094	          0.0004	   1.5090	2.291e-05	   0.121	    96.846
  94	94	 4.8219	 1.0144	   1.5090	        1.5094	          0.0004	   1.5090	2.282e-05	   0.124	    97.900
  95	95	 4.8220	 1.0144	   1.5090	        1.5094	          0.0004	   1.5090	2.274e-05	   0.107	    98.936
  96	96	 4.8221	 1.0144	   1.5090	        1.5094	          0.0004	   1.5090	2.265e-05	   0.114	    99.991
  97	97	 4.8222	 1.0144	   1.5090	        1.5094	          0.0004	   1.5090	2.257e-05	   0.117	   101.035
  98	98	 4.8223	 1.0144	   1.5090	        1.5094	          0.0004	   1.5090	2.248e-05	   0.123	   102.093
  99	99	 4.8224	 1.0144	   1.5090	        1.5094	          0.0004	   1.5090	2.240e-05	   0.117	   103.150
 100	100	 4.8225	 1.0144	   1.5090	        1.5094	          0.0004	   1.5090	2.232e-05	   0.114	   104.203
 101	101	 4.8226	 1.0144	   1.5090	        1.5094	          0.0004	   1.5090	2.224e-05	   0.115	   105.291
 102	102	 4.8227	 1.0144	   1.5090	        1.5094	          0.0004	   1.5090	2.216e-05	   0.125	   106.385
 103	103	 4.8228	 1.0144	   1.5090	        1.5094	          0.0004	   1.5090	2.208e-05	   0.127	   107.478
 104	104	 4.8229	 1.0144	   1.5090	        1.5094	          0.0004	   1.5090	2.201e-05	   0.122	   108.557
 105	105	 4.8230	 1.0144	   1.5090	        1.5094	          0.0004	   1.5090	2.193e-05	   0.104	   109.609
 106	106	 4.8230	 1.0144	   1.5090	        1.5094	          0.0004	   1.5090	2.186e-05	   0.109	   110.664
 107	107	 4.8231	 1.0144	   1.5090	        1.5094	          0.0004	   1.5090	2.178e-05	   0.114	   111.702
 108	108	 4.8232	 1.0144	   1.5090	        1.5094	          0.0004	   1.5090	2.171e-05	   0.121	   112.743
 109	109	 4.8233	 1.0144	   1.5090	        1.5094	          0.0004	   1.5090	2.164e-05	   0.121	   113.787
 110	110	 4.8234	 1.0144	   1.5090	        1.5094	          0.0004	   1.5090	2.157e-05	   0.110	   114.820
 111	111	 4.8235	 1.0144	   1.5090	        1.5094	          0.0004	   1.5090	2.150e-05	   0.109	   115.892
 112	112	 4.8236	 1.0144	   1.5090	        1.5094	          0.0004	   1.5090	2.143e-05	   0.116	   116.947
 113	113	 4.8237	 1.0144	   1.5090	        1.5094	          0.0004	   1.5090	2.136e-05	   0.124	   118.020
 114	114	 4.8237	 1.0144	   1.5090	        1.5094	          0.0004	   1.5090	2.129e-05	   0.124	   119.074
 115	115	 4.8238	 1.0144	   1.5090	        1.5094	          0.0004	   1.5090	2.123e-05	   0.106	   120.116
 116	116	 4.8239	 1.0144	   1.5090	        1.5094	          0.0004	   1.5090	2.116e-05	   0.119	   121.200
 117	117	 4.8240	 1.0144	   1.5090	        1.5094	          0.0004	   1.5090	2.109e-05	   0.123	   122.300
 118	118	 4.8241	 1.0144	   1.5090	        1.5094	          0.0004	   1.5090	2.103e-05	   0.122	   123.372
 119	119	 4.8241	 1.0144	   1.5090	        1.5094	          0.0004	   1.5090	2.097e-05	   0.118	   124.430
 120	120	 4.8242	 1.0144	   1.5090	        1.5094	          0.0004	   1.5090	2.090e-05	   0.111	   125.478
 121	121	 4.8243	 1.0144	   1.5090	        1.5094	          0.0004	   1.5090	2.084e-05	   0.113	   126.558
 122	122	 4.8244	 1.0144	   1.5090	        1.5094	          0.0004	   1.5090	2.078e-05	   0.124	   127.652
 123	123	 4.8244	 1.0144	   1.5090	        1.5094	          0.0004	   1.5090	2.072e-05	   0.127	   128.747
 124	124	 4.8245	 1.0144	   1.5090	        1.5094	          0.0004	   1.5090	2.066e-05	   0.124	   129.834
 125	125	 4.8246	 1.0144	   1.5090	        1.5094	          0.0004	   1.5090	2.060e-05	   0.105	   130.886
 126	126	 4.8247	 1.0144	   1.5090	        1.5094	          0.0004	   1.5090	2.054e-05	   0.110	   131.936
 127	127	 4.8247	 1.0144	   1.5090	        1.5094	          0.0004	   1.5090	2.048e-05	   0.113	   132.976
 128	128	 4.8248	 1.0144	   1.5090	        1.5094	          0.0004	   1.5090	2.042e-05	   0.122	   134.023
 129	129	 4.8249	 1.0144	   1.5090	        1.5094	          0.0004	   1.5090	2.037e-05	   0.117	   135.066
 130	130	 4.8249	 1.0144	   1.5090	        1.5094	          0.0004	   1.5090	2.031e-05	   0.104	   136.092
 131	131	 4.8250	 1.0144	   1.5090	        1.5094	          0.0004	   1.5090	2.025e-05	   0.111	   137.165
 132	132	 4.8251	 1.0144	   1.5090	        1.5094	          0.0004	   1.5090	2.020e-05	   0.122	   138.222
 133	133	 4.8251	 1.0144	   1.5090	        1.5094	          0.0004	   1.5090	2.014e-05	   0.122	   139.298
 134	134	 4.8252	 1.0144	   1.5090	        1.5094	          0.0004	   1.5090	2.009e-05	   0.118	   140.346
 135	135	 4.8253	 1.0144	   1.5090	        1.5094	          0.0004	   1.5090	2.004e-05	   0.101	   141.386
 136	136	 4.8253	 1.0144	   1.5090	        1.5094	          0.0004	   1.5090	1.998e-05	   0.111	   142.440
 137	137	 4.8254	 1.0144	   1.5090	        1.5094	          0.0004	   1.5090	1.993e-05	   0.122	   143.510
 138	138	 4.8255	 1.0144	   1.5090	        1.5094	          0.0004	   1.5090	1.988e-05	   0.121	   144.566
 139	139	 4.8255	 1.0144	   1.5090	        1.5094	          0.0004	   1.5090	1.983e-05	   0.115	   145.606
 140	140	 4.8256	 1.0144	   1.5090	        1.5094	          0.0004	   1.5090	1.978e-05	   0.113	   146.643
 141	141	 4.8257	 1.0144	   1.5090	        1.5094	          0.0004	   1.5090	1.973e-05	   0.112	   147.727
 142	142	 4.8257	 1.0144	   1.5090	        1.5094	          0.0004	   1.5090	1.968e-05	   0.129	   148.826
 143	143	 4.8258	 1.0144	   1.5090	        1.5094	          0.0004	   1.5090	1.963e-05	   0.123	   149.924
 144	144	 4.8258	 1.0144	   1.5090	        1.5094	          0.0004	   1.5090	1.958e-05	   0.114	   151.002
 145	145	 4.8259	 1.0144	   1.5090	        1.5094	          0.0004	   1.5090	1.953e-05	   0.107	   152.061
 146	146	 4.8260	 1.0144	   1.5090	        1.5094	          0.0004	   1.5090	1.948e-05	   0.110	   153.112
 147	147	 4.8260	 1.0144	   1.5090	        1.5094	          0.0004	   1.5090	1.943e-05	   0.116	   154.157
 148	148	 4.8261	 1.0144	   1.5090	        1.5094	          0.0004	   1.5090	1.939e-05	   0.124	   155.201
 149	149	 4.8261	 1.0144	   1.5090	        1.5094	          0.0004	   1.5090	1.934e-05	   0.115	   156.236
 150	150	 4.8262	 1.0144	   1.5090	        1.5094	          0.0004	   1.5090	1.929e-05	   0.105	   157.266
 151	151	 4.8263	 1.0144	   1.5090	        1.5094	          0.0004	   1.5090	1.925e-05	   0.113	   158.359
 152	152	 4.8263	 1.0144	   1.5090	        1.5094	          0.0004	   1.5090	1.920e-05	   0.124	   159.467
 153	153	 4.8264	 1.0144	   1.5090	        1.5094	          0.0004	   1.5090	1.916e-05	   0.125	   160.599
 154	154	 4.8264	 1.0144	   1.5090	        1.5094	          0.0004	   1.5090	1.911e-05	   0.130	   161.711
 155	155	 4.8265	 1.0144	   1.5090	        1.5094	          0.0004	   1.5090	1.907e-05	   0.113	   162.819
 156	156	 4.8265	 1.0144	   1.5090	        1.5094	          0.0004	   1.5090	1.902e-05	   0.120	   163.919
 157	157	 4.8266	 1.0144	   1.5090	        1.5094	          0.0004	   1.5090	1.898e-05	   0.116	   164.990
 158	158	 4.8266	 1.0144	   1.5090	        1.5094	          0.0004	   1.5090	1.894e-05	   0.116	   166.038
 159	159	 4.8267	 1.0144	   1.5090	        1.5094	          0.0004	   1.5090	1.889e-05	   0.116	   167.079
 160	160	 4.8267	 1.0144	   1.5090	        1.5094	          0.0004	   1.5090	1.885e-05	   0.113	   168.118
 161	161	 4.8268	 1.0144	   1.5090	        1.5094	          0.0004	   1.5090	1.881e-05	   0.115	   169.211
 162	162	 4.8268	 1.0144	   1.5090	        1.5094	          0.0004	   1.5090	1.877e-05	   0.121	   170.295
 163	163	 4.8269	 1.0144	   1.5090	        1.5094	          0.0004	   1.5090	1.873e-05	   0.122	   171.395
 164	164	 4.8269	 1.0144	   1.5090	        1.5094	          0.0004	   1.5090	1.868e-05	   0.121	   172.478
 165	165	 4.8270	 1.0144	   1.5090	        1.5094	          0.0004	   1.5090	1.864e-05	   0.112	   173.543
 166	166	 4.8270	 1.0144	   1.5090	        1.5094	          0.0004	   1.5090	1.860e-05	   0.111	   174.593
 167	167	 4.8271	 1.0144	   1.5090	        1.5094	          0.0004	   1.5090	1.856e-05	   0.111	   175.630
 168	168	 4.8271	 1.0144	   1.5090	        1.5094	          0.0004	   1.5090	1.852e-05	   0.127	   176.678
 169	169	 4.8272	 1.0144	   1.5090	        1.5094	          0.0004	   1.5090	1.848e-05	   0.116	   177.713
 170	170	 4.8272	 1.0144	   1.5090	        1.5094	          0.0004	   1.5090	1.845e-05	   0.108	   178.748
 171	171	 4.8273	 1.0144	   1.5090	        1.5094	          0.0004	   1.5090	1.841e-05	   0.115	   179.822
 172	172	 4.8273	 1.0144	   1.5090	        1.5094	          0.0004	   1.5090	1.837e-05	   0.117	   180.865
 173	173	 4.8274	 1.0144	   1.5090	        1.5094	          0.0004	   1.5090	1.833e-05	   0.121	   181.946
 174	174	 4.8274	 1.0144	   1.5090	        1.5094	          0.0004	   1.5090	1.829e-05	   0.116	   182.991
 175	175	 4.8275	 1.0144	   1.5090	        1.5094	          0.0004	   1.5090	1.825e-05	   0.103	   184.043
 176	176	 4.8275	 1.0144	   1.5090	        1.5094	          0.0004	   1.5090	1.822e-05	   0.117	   185.126
 177	177	 4.8276	 1.0144	   1.5090	        1.5094	          0.0004	   1.5090	1.818e-05	   0.113	   186.172
 178	178	 4.8276	 1.0144	   1.5090	        1.5094	          0.0004	   1.5090	1.814e-05	   0.123	   187.219
 179	179	 4.8277	 1.0144	   1.5090	        1.5094	          0.0004	   1.5090	1.811e-05	   0.117	   188.260
 180	180	 4.8277	 1.0144	   1.5090	        1.5094	          0.0004	   1.5090	1.807e-05	   0.102	   189.288
 181	181	 4.8277	 1.0144	   1.5090	        1.5094	          0.0004	   1.5090	1.803e-05	   0.112	   190.377
 182	182	 4.8278	 1.0144	   1.5090	        1.5094	          0.0004	   1.5090	1.800e-05	   0.121	   191.460
 183	183	 4.8278	 1.0144	   1.5090	        1.5094	          0.0004	   1.5090	1.796e-05	   0.129	   192.576
 184	184	 4.8279	 1.0144	   1.5090	        1.5094	          0.0004	   1.5090	1.793e-05	   0.119	   193.655
 185	185	 4.8279	 1.0144	   1.5090	        1.5094	          0.0004	   1.5090	1.789e-05	   0.109	   194.718
 186	186	 4.8280	 1.0144	   1.5090	        1.5094	          0.0004	   1.5090	1.786e-05	   0.114	   195.765
 187	187	 4.8280	 1.0144	   1.5090	        1.5094	          0.0004	   1.5090	1.783e-05	   0.111	   196.806
 188	188	 4.8280	 1.0144	   1.5090	        1.5094	          0.0004	   1.5090	1.779e-05	   0.127	   197.852
 189	189	 4.8281	 1.0144	   1.5090	        1.5094	          0.0004	   1.5090	1.776e-05	   0.117	   198.892
 190	190	 4.8281	 1.0144	   1.5090	        1.5094	          0.0004	   1.5090	1.772e-05	   0.105	   199.920
 191	191	 4.8282	 1.0144	   1.5090	        1.5094	          0.0004	   1.5090	1.769e-05	   0.118	   200.990
 192	192	 4.8282	 1.0144	   1.5090	        1.5094	          0.0004	   1.5090	1.766e-05	   0.116	   202.036
 193	193	 4.8282	 1.0144	   1.5090	        1.5094	          0.0004	   1.5090	1.762e-05	   0.132	   203.177
 194	194	 4.8283	 1.0144	   1.5090	        1.5094	          0.0004	   1.5090	1.759e-05	   0.123	   204.241
 195	195	 4.8283	 1.0144	   1.5090	        1.5094	          0.0004	   1.5090	1.756e-05	   0.111	   205.318
 196	196	 4.8284	 1.0144	   1.5090	        1.5094	          0.0004	   1.5090	1.753e-05	   0.117	   206.402
 197	197	 4.8284	 1.0144	   1.5090	        1.5094	          0.0004	   1.5090	1.750e-05	   0.107	   207.437
 198	198	 4.8284	 1.0144	   1.5090	        1.5094	          0.0004	   1.5090	1.746e-05	   0.110	   208.429
 199	199	 4.8285	 1.0144	   1.5090	        1.5094	          0.0004	   1.5090	1.743e-05	   0.107	   209.423
 200	200	 4.8285	 1.0144	   1.5090	        1.5094	          0.0004	   1.5090	1.740e-05	   0.100	   210.406

[BSGD] Finished on device cuda -> σ_f² ≈ 4.8285, σ_ε² ≈ 1.0144
