[GPU 4][JOB 117] 'python cli.py bsgd --n 1024 --lengthscale 0.5 --sigma-f2-true 4.0 --sigma-eps2-true 1.0 --n-epochs 200 --device auto --kernel-mode finite --theta-min 1e-4 --theta-max 20.0 --print-every 1 --seed 6 --batch-size 1024 --sigma-f2-init 5.0 --sigma-eps2-init 3.0 --alpha1 9.0 '

=== BSGD (biased SGD on exact kernel) ===
iter	epoch	σ_f²	σ_ε²	real_nlml	real_nlml_true	real_nlml_abs_err	mini_nlml	||grad||	duration_s	wall_time_s
   1	 1	 4.8983	 2.0531	   1.6081	        1.5159	          0.0922	   1.6081	1.168e-01	   0.635	     0.769
   2	 2	 4.8755	 1.5273	   1.5487	        1.5159	          0.0329	   1.5487	1.031e-01	   0.087	     1.593
   3	 3	 4.8691	 1.2181	   1.5220	        1.5159	          0.0061	   1.5220	6.220e-02	   0.090	     2.477
   4	 4	 4.8681	 1.0782	   1.5159	        1.5159	          0.0000	   1.5159	2.174e-02	   0.109	     3.408
   5	 5	 4.8687	 1.0390	   1.5153	        1.5159	          0.0005	   1.5153	6.051e-03	   0.088	     4.350
   6	 6	 4.8694	 1.0300	   1.5153	        1.5159	          0.0006	   1.5153	2.061e-03	   0.103	     5.295
   7	 7	 4.8701	 1.0273	   1.5153	        1.5159	          0.0006	   1.5153	8.697e-04	   0.117	     6.302
   8	 8	 4.8706	 1.0263	   1.5153	        1.5159	          0.0006	   1.5153	4.268e-04	   0.100	     7.323
   9	 9	 4.8711	 1.0259	   1.5153	        1.5159	          0.0006	   1.5153	2.332e-04	   0.115	     8.370
  10	10	 4.8715	 1.0257	   1.5153	        1.5159	          0.0006	   1.5153	1.380e-04	   0.103	     9.455
  11	11	 4.8719	 1.0256	   1.5153	        1.5159	          0.0006	   1.5153	8.691e-05	   0.119	    10.505
  12	12	 4.8722	 1.0255	   1.5153	        1.5159	          0.0006	   1.5153	5.762e-05	   0.114	    11.564
  13	13	 4.8725	 1.0255	   1.5153	        1.5159	          0.0006	   1.5153	3.992e-05	   0.104	    12.598
  14	14	 4.8728	 1.0255	   1.5153	        1.5159	          0.0006	   1.5153	2.880e-05	   0.115	    13.645
  15	15	 4.8730	 1.0254	   1.5153	        1.5159	          0.0006	   1.5153	2.159e-05	   0.102	    14.683
  16	16	 4.8732	 1.0254	   1.5153	        1.5159	          0.0006	   1.5153	1.683e-05	   0.112	    15.725
  17	17	 4.8734	 1.0254	   1.5153	        1.5159	          0.0006	   1.5153	1.363e-05	   0.110	    16.765
  18	18	 4.8736	 1.0254	   1.5153	        1.5159	          0.0006	   1.5153	1.146e-05	   0.113	    17.812
  19	19	 4.8738	 1.0254	   1.5153	        1.5159	          0.0006	   1.5153	9.973e-06	   0.122	    18.917
  20	20	 4.8739	 1.0254	   1.5153	        1.5159	          0.0006	   1.5153	8.946e-06	   0.110	    20.033
  21	21	 4.8741	 1.0254	   1.5153	        1.5159	          0.0006	   1.5153	8.223e-06	   0.119	    21.125
  22	22	 4.8742	 1.0254	   1.5153	        1.5159	          0.0006	   1.5153	7.704e-06	   0.114	    22.200
  23	23	 4.8743	 1.0254	   1.5153	        1.5159	          0.0006	   1.5153	7.322e-06	   0.104	    23.251
  24	24	 4.8745	 1.0254	   1.5153	        1.5159	          0.0006	   1.5153	7.033e-06	   0.114	    24.296
  25	25	 4.8746	 1.0254	   1.5153	        1.5159	          0.0006	   1.5153	6.806e-06	   0.103	    25.339
  26	26	 4.8747	 1.0254	   1.5153	        1.5159	          0.0006	   1.5153	6.623e-06	   0.109	    26.376
  27	27	 4.8748	 1.0254	   1.5153	        1.5159	          0.0006	   1.5153	6.471e-06	   0.117	    27.420
  28	28	 4.8749	 1.0254	   1.5153	        1.5159	          0.0006	   1.5153	6.341e-06	   0.104	    28.456
  29	29	 4.8750	 1.0254	   1.5153	        1.5159	          0.0006	   1.5153	6.228e-06	   0.116	    29.500
  30	30	 4.8751	 1.0254	   1.5153	        1.5159	          0.0006	   1.5153	6.127e-06	   0.113	    30.557
  31	31	 4.8752	 1.0254	   1.5153	        1.5159	          0.0006	   1.5153	6.035e-06	   0.108	    31.623
  32	32	 4.8752	 1.0254	   1.5153	        1.5159	          0.0006	   1.5153	5.952e-06	   0.121	    32.691
  33	33	 4.8753	 1.0254	   1.5153	        1.5159	          0.0006	   1.5153	5.874e-06	   0.101	    33.726
  34	34	 4.8754	 1.0254	   1.5153	        1.5159	          0.0006	   1.5153	5.802e-06	   0.116	    34.772
  35	35	 4.8755	 1.0254	   1.5153	        1.5159	          0.0006	   1.5153	5.734e-06	   0.102	    35.812
  36	36	 4.8755	 1.0254	   1.5153	        1.5159	          0.0006	   1.5153	5.670e-06	   0.112	    36.852
  37	37	 4.8756	 1.0254	   1.5153	        1.5159	          0.0006	   1.5153	5.609e-06	   0.117	    37.900
  38	38	 4.8757	 1.0254	   1.5153	        1.5159	          0.0006	   1.5153	5.551e-06	   0.115	    39.003
  39	39	 4.8757	 1.0254	   1.5153	        1.5159	          0.0006	   1.5153	5.495e-06	   0.130	    40.161
  40	40	 4.8758	 1.0254	   1.5153	        1.5159	          0.0006	   1.5153	5.441e-06	   0.105	    41.279
  41	41	 4.8759	 1.0254	   1.5153	        1.5159	          0.0006	   1.5153	5.390e-06	   0.114	    42.383
  42	42	 4.8759	 1.0254	   1.5153	        1.5159	          0.0006	   1.5153	5.341e-06	   0.120	    43.463
  43	43	 4.8760	 1.0254	   1.5153	        1.5159	          0.0006	   1.5153	5.293e-06	   0.103	    44.517
  44	44	 4.8760	 1.0254	   1.5153	        1.5159	          0.0006	   1.5153	5.247e-06	   0.117	    45.563
  45	45	 4.8761	 1.0254	   1.5153	        1.5159	          0.0006	   1.5153	5.203e-06	   0.100	    46.599
  46	46	 4.8761	 1.0254	   1.5153	        1.5159	          0.0006	   1.5153	5.160e-06	   0.111	    47.642
  47	47	 4.8762	 1.0254	   1.5153	        1.5159	          0.0006	   1.5153	5.118e-06	   0.115	    48.689
  48	48	 4.8762	 1.0254	   1.5153	        1.5159	          0.0006	   1.5153	5.078e-06	   0.103	    49.722
  49	49	 4.8763	 1.0254	   1.5153	        1.5159	          0.0006	   1.5153	5.038e-06	   0.114	    50.766
  50	50	 4.8763	 1.0254	   1.5153	        1.5159	          0.0006	   1.5153	5.000e-06	   0.103	    51.810
  51	51	 4.8764	 1.0254	   1.5153	        1.5159	          0.0006	   1.5153	4.963e-06	   0.111	    52.892
  52	52	 4.8764	 1.0254	   1.5153	        1.5159	          0.0006	   1.5153	4.927e-06	   0.126	    53.954
  53	53	 4.8764	 1.0254	   1.5153	        1.5159	          0.0006	   1.5153	4.892e-06	   0.104	    54.996
  54	54	 4.8765	 1.0254	   1.5153	        1.5159	          0.0006	   1.5153	4.858e-06	   0.112	    56.036
  55	55	 4.8765	 1.0254	   1.5153	        1.5159	          0.0006	   1.5153	4.824e-06	   0.105	    57.080
  56	56	 4.8766	 1.0254	   1.5153	        1.5159	          0.0006	   1.5153	4.792e-06	   0.108	    58.118
  57	57	 4.8766	 1.0254	   1.5153	        1.5159	          0.0006	   1.5153	4.760e-06	   0.118	    59.165
  58	58	 4.8766	 1.0254	   1.5153	        1.5159	          0.0006	   1.5153	4.729e-06	   0.108	    60.230
  59	59	 4.8767	 1.0254	   1.5153	        1.5159	          0.0006	   1.5153	4.699e-06	   0.117	    61.320
  60	60	 4.8767	 1.0254	   1.5153	        1.5159	          0.0006	   1.5153	4.670e-06	   0.110	    62.402
  61	61	 4.8767	 1.0254	   1.5153	        1.5159	          0.0006	   1.5153	4.641e-06	   0.120	    63.511
  62	62	 4.8768	 1.0254	   1.5153	        1.5159	          0.0006	   1.5153	4.613e-06	   0.121	    64.588
  63	63	 4.8768	 1.0254	   1.5153	        1.5159	          0.0006	   1.5153	4.585e-06	   0.099	    65.644
  64	64	 4.8768	 1.0254	   1.5153	        1.5159	          0.0006	   1.5153	4.558e-06	   0.118	    66.692
  65	65	 4.8769	 1.0254	   1.5153	        1.5159	          0.0006	   1.5153	4.532e-06	   0.104	    67.732
  66	66	 4.8769	 1.0254	   1.5153	        1.5159	          0.0006	   1.5153	4.506e-06	   0.109	    68.773
  67	67	 4.8769	 1.0254	   1.5153	        1.5159	          0.0006	   1.5153	4.481e-06	   0.117	    69.820
  68	68	 4.8769	 1.0254	   1.5153	        1.5159	          0.0006	   1.5153	4.456e-06	   0.102	    70.850
  69	69	 4.8770	 1.0254	   1.5153	        1.5159	          0.0006	   1.5153	4.432e-06	   0.118	    71.899
  70	70	 4.8770	 1.0254	   1.5153	        1.5159	          0.0006	   1.5153	4.408e-06	   0.103	    72.937
  71	71	 4.8770	 1.0254	   1.5153	        1.5159	          0.0006	   1.5153	4.385e-06	   0.110	    74.022
  72	72	 4.8771	 1.0254	   1.5153	        1.5159	          0.0006	   1.5153	4.362e-06	   0.122	    75.074
  73	73	 4.8771	 1.0254	   1.5153	        1.5159	          0.0006	   1.5153	4.339e-06	   0.111	    76.151
  74	74	 4.8771	 1.0254	   1.5153	        1.5159	          0.0006	   1.5153	4.317e-06	   0.121	    77.253
  75	75	 4.8771	 1.0254	   1.5153	        1.5159	          0.0006	   1.5153	4.296e-06	   0.107	    78.345
  76	76	 4.8772	 1.0254	   1.5153	        1.5159	          0.0006	   1.5153	4.274e-06	   0.116	    79.400
  77	77	 4.8772	 1.0254	   1.5153	        1.5159	          0.0006	   1.5153	4.254e-06	   0.121	    80.527
  78	78	 4.8772	 1.0254	   1.5153	        1.5159	          0.0006	   1.5153	4.233e-06	   0.119	    81.672
  79	79	 4.8772	 1.0254	   1.5153	        1.5159	          0.0006	   1.5153	4.213e-06	   0.112	    82.757
  80	80	 4.8773	 1.0254	   1.5153	        1.5159	          0.0006	   1.5153	4.193e-06	   0.113	    83.828
  81	81	 4.8773	 1.0254	   1.5153	        1.5159	          0.0006	   1.5153	4.174e-06	   0.119	    84.935
  82	82	 4.8773	 1.0254	   1.5153	        1.5159	          0.0006	   1.5153	4.155e-06	   0.121	    86.017
  83	83	 4.8773	 1.0254	   1.5153	        1.5159	          0.0006	   1.5153	4.136e-06	   0.104	    87.085
  84	84	 4.8773	 1.0254	   1.5153	        1.5159	          0.0006	   1.5153	4.117e-06	   0.115	    88.130
  85	85	 4.8774	 1.0254	   1.5153	        1.5159	          0.0006	   1.5153	4.099e-06	   0.106	    89.171
  86	86	 4.8774	 1.0254	   1.5153	        1.5159	          0.0006	   1.5153	4.081e-06	   0.106	    90.207
  87	87	 4.8774	 1.0254	   1.5153	        1.5159	          0.0006	   1.5153	4.064e-06	   0.119	    91.254
  88	88	 4.8774	 1.0254	   1.5153	        1.5159	          0.0006	   1.5153	4.046e-06	   0.105	    92.289
  89	89	 4.8775	 1.0254	   1.5153	        1.5159	          0.0006	   1.5153	4.029e-06	   0.115	    93.336
  90	90	 4.8775	 1.0254	   1.5153	        1.5159	          0.0006	   1.5153	4.012e-06	   0.104	    94.376
  91	91	 4.8775	 1.0254	   1.5153	        1.5159	          0.0006	   1.5153	3.996e-06	   0.108	    95.456
  92	92	 4.8775	 1.0254	   1.5153	        1.5159	          0.0006	   1.5153	3.980e-06	   0.117	    96.504
  93	93	 4.8775	 1.0254	   1.5153	        1.5159	          0.0006	   1.5153	3.964e-06	   0.103	    97.561
  94	94	 4.8775	 1.0254	   1.5153	        1.5159	          0.0006	   1.5153	3.948e-06	   0.114	    98.605
  95	95	 4.8776	 1.0254	   1.5153	        1.5159	          0.0006	   1.5153	3.932e-06	   0.102	    99.646
  96	96	 4.8776	 1.0254	   1.5153	        1.5159	          0.0006	   1.5153	3.917e-06	   0.111	   100.686
  97	97	 4.8776	 1.0254	   1.5153	        1.5159	          0.0006	   1.5153	3.902e-06	   0.122	   101.763
  98	98	 4.8776	 1.0254	   1.5153	        1.5159	          0.0006	   1.5153	3.887e-06	   0.105	   102.844
  99	99	 4.8776	 1.0254	   1.5153	        1.5159	          0.0006	   1.5153	3.872e-06	   0.114	   103.888
 100	100	 4.8777	 1.0254	   1.5153	        1.5159	          0.0006	   1.5153	3.857e-06	   0.111	   104.942
 101	101	 4.8777	 1.0254	   1.5153	        1.5159	          0.0006	   1.5153	3.843e-06	   0.116	   106.053
 102	102	 4.8777	 1.0254	   1.5153	        1.5159	          0.0006	   1.5153	3.829e-06	   0.115	   107.141
 103	103	 4.8777	 1.0254	   1.5153	        1.5159	          0.0006	   1.5153	3.815e-06	   0.112	   108.213
 104	104	 4.8777	 1.0254	   1.5153	        1.5159	          0.0006	   1.5153	3.801e-06	   0.113	   109.258
 105	105	 4.8777	 1.0254	   1.5153	        1.5159	          0.0006	   1.5153	3.788e-06	   0.104	   110.298
 106	106	 4.8778	 1.0254	   1.5153	        1.5159	          0.0006	   1.5153	3.774e-06	   0.108	   111.341
 107	107	 4.8778	 1.0254	   1.5153	        1.5159	          0.0006	   1.5153	3.761e-06	   0.114	   112.383
 108	108	 4.8778	 1.0254	   1.5153	        1.5159	          0.0006	   1.5153	3.748e-06	   0.105	   113.421
 109	109	 4.8778	 1.0254	   1.5153	        1.5159	          0.0006	   1.5153	3.735e-06	   0.109	   114.460
 110	110	 4.8778	 1.0254	   1.5153	        1.5159	          0.0006	   1.5153	3.722e-06	   0.106	   115.505
 111	111	 4.8778	 1.0254	   1.5153	        1.5159	          0.0006	   1.5153	3.710e-06	   0.113	   116.590
 112	112	 4.8778	 1.0254	   1.5153	        1.5159	          0.0006	   1.5153	3.697e-06	   0.116	   117.634
 113	113	 4.8779	 1.0254	   1.5153	        1.5159	          0.0006	   1.5153	3.685e-06	   0.104	   118.694
 114	114	 4.8779	 1.0254	   1.5153	        1.5159	          0.0006	   1.5153	3.673e-06	   0.111	   119.733
 115	115	 4.8779	 1.0254	   1.5153	        1.5159	          0.0006	   1.5153	3.661e-06	   0.110	   120.788
 116	116	 4.8779	 1.0254	   1.5153	        1.5159	          0.0006	   1.5153	3.649e-06	   0.125	   121.920
 117	117	 4.8779	 1.0254	   1.5153	        1.5159	          0.0006	   1.5153	3.637e-06	   0.126	   123.045
 118	118	 4.8779	 1.0254	   1.5153	        1.5159	          0.0006	   1.5153	3.626e-06	   0.103	   124.110
 119	119	 4.8779	 1.0254	   1.5153	        1.5159	          0.0006	   1.5153	3.614e-06	   0.116	   125.154
 120	120	 4.8780	 1.0254	   1.5153	        1.5159	          0.0006	   1.5153	3.603e-06	   0.107	   126.200
 121	121	 4.8780	 1.0254	   1.5153	        1.5159	          0.0006	   1.5153	3.592e-06	   0.116	   127.316
 122	122	 4.8780	 1.0254	   1.5153	        1.5159	          0.0006	   1.5153	3.581e-06	   0.121	   128.405
 123	123	 4.8780	 1.0254	   1.5153	        1.5159	          0.0006	   1.5153	3.570e-06	   0.107	   129.469
 124	124	 4.8780	 1.0254	   1.5153	        1.5159	          0.0006	   1.5153	3.559e-06	   0.115	   130.525
 125	125	 4.8780	 1.0254	   1.5153	        1.5159	          0.0006	   1.5153	3.548e-06	   0.101	   131.565
 126	126	 4.8780	 1.0254	   1.5153	        1.5159	          0.0006	   1.5153	3.538e-06	   0.112	   132.607
 127	127	 4.8780	 1.0254	   1.5153	        1.5159	          0.0006	   1.5153	3.527e-06	   0.114	   133.651
 128	128	 4.8781	 1.0254	   1.5153	        1.5159	          0.0006	   1.5153	3.517e-06	   0.108	   134.687
 129	129	 4.8781	 1.0254	   1.5153	        1.5159	          0.0006	   1.5153	3.507e-06	   0.117	   135.733
 130	130	 4.8781	 1.0254	   1.5153	        1.5159	          0.0006	   1.5153	3.497e-06	   0.102	   136.770
 131	131	 4.8781	 1.0254	   1.5153	        1.5159	          0.0006	   1.5153	3.487e-06	   0.118	   137.854
 132	132	 4.8781	 1.0254	   1.5153	        1.5159	          0.0006	   1.5153	3.477e-06	   0.111	   138.898
 133	133	 4.8781	 1.0254	   1.5153	        1.5159	          0.0006	   1.5153	3.467e-06	   0.107	   139.960
 134	134	 4.8781	 1.0254	   1.5153	        1.5159	          0.0006	   1.5153	3.457e-06	   0.116	   141.003
 135	135	 4.8781	 1.0254	   1.5153	        1.5159	          0.0006	   1.5153	3.448e-06	   0.103	   142.044
 136	136	 4.8782	 1.0254	   1.5153	        1.5159	          0.0006	   1.5153	3.438e-06	   0.123	   143.121
 137	137	 4.8782	 1.0254	   1.5153	        1.5159	          0.0006	   1.5153	3.429e-06	   0.114	   144.204
 138	138	 4.8782	 1.0254	   1.5153	        1.5159	          0.0006	   1.5153	3.420e-06	   0.104	   145.240
 139	139	 4.8782	 1.0254	   1.5153	        1.5159	          0.0006	   1.5153	3.410e-06	   0.113	   146.285
 140	140	 4.8782	 1.0254	   1.5153	        1.5159	          0.0006	   1.5153	3.401e-06	   0.102	   147.326
 141	141	 4.8782	 1.0254	   1.5153	        1.5159	          0.0006	   1.5153	3.392e-06	   0.117	   148.439
 142	142	 4.8782	 1.0254	   1.5153	        1.5159	          0.0006	   1.5153	3.383e-06	   0.123	   149.526
 143	143	 4.8782	 1.0254	   1.5153	        1.5159	          0.0006	   1.5153	3.374e-06	   0.103	   150.597
 144	144	 4.8782	 1.0254	   1.5153	        1.5159	          0.0006	   1.5153	3.365e-06	   0.116	   151.656
 145	145	 4.8782	 1.0254	   1.5153	        1.5159	          0.0006	   1.5153	3.357e-06	   0.103	   152.696
 146	146	 4.8783	 1.0254	   1.5153	        1.5159	          0.0006	   1.5153	3.348e-06	   0.108	   153.734
 147	147	 4.8783	 1.0254	   1.5153	        1.5159	          0.0006	   1.5153	3.340e-06	   0.116	   154.781
 148	148	 4.8783	 1.0254	   1.5153	        1.5159	          0.0006	   1.5153	3.331e-06	   0.101	   155.815
 149	149	 4.8783	 1.0254	   1.5153	        1.5159	          0.0006	   1.5153	3.323e-06	   0.122	   156.886
 150	150	 4.8783	 1.0254	   1.5153	        1.5159	          0.0006	   1.5153	3.314e-06	   0.108	   157.984
 151	151	 4.8783	 1.0254	   1.5153	        1.5159	          0.0006	   1.5153	3.306e-06	   0.127	   159.107
 152	152	 4.8783	 1.0254	   1.5153	        1.5159	          0.0006	   1.5153	3.298e-06	   0.122	   160.197
 153	153	 4.8783	 1.0254	   1.5153	        1.5159	          0.0006	   1.5153	3.290e-06	   0.109	   161.280
 154	154	 4.8783	 1.0254	   1.5153	        1.5159	          0.0006	   1.5153	3.282e-06	   0.120	   162.379
 155	155	 4.8783	 1.0254	   1.5153	        1.5159	          0.0006	   1.5153	3.274e-06	   0.106	   163.476
 156	156	 4.8784	 1.0254	   1.5153	        1.5159	          0.0006	   1.5153	3.266e-06	   0.120	   164.599
 157	157	 4.8784	 1.0254	   1.5153	        1.5159	          0.0006	   1.5153	3.258e-06	   0.117	   165.674
 158	158	 4.8784	 1.0254	   1.5153	        1.5159	          0.0006	   1.5153	3.251e-06	   0.104	   166.708
 159	159	 4.8784	 1.0254	   1.5153	        1.5159	          0.0006	   1.5153	3.243e-06	   0.117	   167.756
 160	160	 4.8784	 1.0254	   1.5153	        1.5159	          0.0006	   1.5153	3.235e-06	   0.101	   168.791
 161	161	 4.8784	 1.0254	   1.5153	        1.5159	          0.0006	   1.5153	3.228e-06	   0.120	   169.897
 162	162	 4.8784	 1.0254	   1.5153	        1.5159	          0.0006	   1.5153	3.220e-06	   0.116	   170.989
 163	163	 4.8784	 1.0254	   1.5153	        1.5159	          0.0006	   1.5153	3.213e-06	   0.108	   172.066
 164	164	 4.8784	 1.0254	   1.5153	        1.5159	          0.0006	   1.5153	3.206e-06	   0.116	   173.124
 165	165	 4.8784	 1.0254	   1.5153	        1.5159	          0.0006	   1.5153	3.198e-06	   0.104	   174.162
 166	166	 4.8784	 1.0254	   1.5153	        1.5159	          0.0006	   1.5153	3.191e-06	   0.112	   175.205
 167	167	 4.8785	 1.0254	   1.5153	        1.5159	          0.0006	   1.5153	3.184e-06	   0.114	   176.249
 168	168	 4.8785	 1.0254	   1.5153	        1.5159	          0.0006	   1.5153	3.177e-06	   0.104	   177.283
 169	169	 4.8785	 1.0254	   1.5153	        1.5159	          0.0006	   1.5153	3.170e-06	   0.112	   178.325
 170	170	 4.8785	 1.0254	   1.5153	        1.5159	          0.0006	   1.5153	3.163e-06	   0.105	   179.368
 171	171	 4.8785	 1.0254	   1.5153	        1.5159	          0.0006	   1.5153	3.156e-06	   0.118	   180.424
 172	172	 4.8785	 1.0254	   1.5153	        1.5159	          0.0006	   1.5153	3.149e-06	   0.120	   181.502
 173	173	 4.8785	 1.0254	   1.5153	        1.5159	          0.0006	   1.5153	3.142e-06	   0.106	   182.554
 174	174	 4.8785	 1.0254	   1.5153	        1.5159	          0.0006	   1.5153	3.135e-06	   0.118	   183.600
 175	175	 4.8785	 1.0254	   1.5153	        1.5159	          0.0006	   1.5153	3.129e-06	   0.114	   184.677
 176	176	 4.8785	 1.0254	   1.5153	        1.5159	          0.0006	   1.5153	3.122e-06	   0.112	   185.759
 177	177	 4.8785	 1.0254	   1.5153	        1.5159	          0.0006	   1.5153	3.115e-06	   0.119	   186.806
 178	178	 4.8785	 1.0254	   1.5153	        1.5159	          0.0006	   1.5153	3.109e-06	   0.100	   187.837
 179	179	 4.8785	 1.0254	   1.5153	        1.5159	          0.0006	   1.5153	3.102e-06	   0.116	   188.883
 180	180	 4.8786	 1.0254	   1.5153	        1.5159	          0.0006	   1.5153	3.096e-06	   0.104	   189.923
 181	181	 4.8786	 1.0254	   1.5153	        1.5159	          0.0006	   1.5153	3.089e-06	   0.121	   191.016
 182	182	 4.8786	 1.0254	   1.5153	        1.5159	          0.0006	   1.5153	3.083e-06	   0.122	   192.123
 183	183	 4.8786	 1.0254	   1.5153	        1.5159	          0.0006	   1.5153	3.077e-06	   0.103	   193.186
 184	184	 4.8786	 1.0254	   1.5153	        1.5159	          0.0006	   1.5153	3.071e-06	   0.115	   194.251
 185	185	 4.8786	 1.0254	   1.5153	        1.5159	          0.0006	   1.5153	3.064e-06	   0.105	   195.295
 186	186	 4.8786	 1.0254	   1.5153	        1.5159	          0.0006	   1.5153	3.058e-06	   0.110	   196.333
 187	187	 4.8786	 1.0254	   1.5153	        1.5159	          0.0006	   1.5153	3.052e-06	   0.115	   197.377
 188	188	 4.8786	 1.0254	   1.5153	        1.5159	          0.0006	   1.5153	3.046e-06	   0.105	   198.412
 189	189	 4.8786	 1.0254	   1.5153	        1.5159	          0.0006	   1.5153	3.040e-06	   0.116	   199.458
 190	190	 4.8786	 1.0254	   1.5153	        1.5159	          0.0006	   1.5153	3.034e-06	   0.107	   200.501
 191	191	 4.8786	 1.0254	   1.5153	        1.5159	          0.0006	   1.5153	3.028e-06	   0.114	   201.543
 192	192	 4.8786	 1.0254	   1.5153	        1.5159	          0.0006	   1.5153	3.022e-06	   0.123	   202.662
 193	193	 4.8786	 1.0254	   1.5153	        1.5159	          0.0006	   1.5153	3.016e-06	   0.111	   203.748
 194	194	 4.8787	 1.0254	   1.5153	        1.5159	          0.0006	   1.5153	3.010e-06	   0.122	   204.834
 195	195	 4.8787	 1.0254	   1.5153	        1.5159	          0.0006	   1.5153	3.004e-06	   0.117	   205.958
 196	196	 4.8787	 1.0254	   1.5153	        1.5159	          0.0006	   1.5153	2.999e-06	   0.108	   207.023
 197	197	 4.8787	 1.0254	   1.5153	        1.5159	          0.0006	   1.5153	2.993e-06	   0.118	   208.067
 198	198	 4.8787	 1.0254	   1.5153	        1.5159	          0.0006	   1.5153	2.987e-06	   0.105	   209.105
 199	199	 4.8787	 1.0254	   1.5153	        1.5159	          0.0006	   1.5153	2.982e-06	   0.105	   210.108
 200	200	 4.8787	 1.0254	   1.5153	        1.5159	          0.0006	   1.5153	2.976e-06	   0.101	   211.119

[BSGD] Finished on device cuda -> σ_f² ≈ 4.8787, σ_ε² ≈ 1.0254
