[GPU 3][JOB 124] 'python cli.py bsgd --n 1024 --lengthscale 0.5 --sigma-f2-true 4.0 --sigma-eps2-true 1.0 --n-epochs 200 --device auto --kernel-mode finite --theta-min 1e-4 --theta-max 20.0 --print-every 1 --seed 3 --batch-size 256 --sigma-f2-init 5.0 --sigma-eps2-init 3.0 --alpha1 9.0 '

=== BSGD (biased SGD on exact kernel) ===
iter	epoch	σ_f²	σ_ε²	real_nlml	real_nlml_true	real_nlml_abs_err	mini_nlml	||grad||	duration_s	wall_time_s
   1	 1	 4.4755	 2.1944	   1.6258	        1.5214	          0.1044	   1.7510	1.144e-01	   0.269	     0.323
   2	 1	 4.3031	 1.7487	   1.5750	        1.5214	          0.0537	   1.7071	1.103e-01	   0.027	     0.828
   3	 1	 4.2445	 1.4599	   1.5451	        1.5214	          0.0238	   1.6676	9.342e-02	   0.029	     1.318
   4	 1	 4.1715	 1.2747	   1.5299	        1.5214	          0.0085	   1.6538	6.800e-02	   0.036	     1.929
   5	 2	 4.1349	 1.1481	   1.5230	        1.5214	          0.0017	   1.6273	3.791e-02	   0.035	     2.630
   6	 2	 4.1167	 1.1320	   1.5225	        1.5214	          0.0011	   1.6774	3.300e-02	   0.035	     3.338
   7	 2	 4.1623	 1.0882	   1.5214	        1.5214	          0.0000	   1.6488	1.805e-02	   0.039	     4.058
   8	 2	 4.1196	 1.0791	   1.5212	        1.5214	          0.0002	   1.6436	1.460e-02	   0.039	     4.781
   9	 3	 4.1058	 1.0531	   1.5210	        1.5214	          0.0004	   1.6336	4.108e-03	   0.035	     5.517
  10	 3	 4.1253	 1.0316	   1.5210	        1.5214	          0.0004	   1.6298	5.370e-03	   0.032	     6.266
  11	 3	 4.1083	 1.0421	   1.5209	        1.5214	          0.0004	   1.6468	6.475e-04	   0.031	     7.001
  12	 3	 4.1171	 1.0620	   1.5210	        1.5214	          0.0004	   1.6744	7.824e-03	   0.040	     7.755
  13	 4	 4.1054	 1.0837	   1.5213	        1.5214	          0.0001	   1.6783	1.634e-02	   0.041	     8.506
  14	 4	 4.1025	 1.0630	   1.5210	        1.5214	          0.0004	   1.6272	8.209e-03	   0.041	     9.264
  15	 4	 4.0783	 1.0602	   1.5210	        1.5214	          0.0004	   1.6412	7.058e-03	   0.034	    10.007
  16	 4	 4.0870	 1.0484	   1.5209	        1.5214	          0.0004	   1.6370	2.089e-03	   0.040	    10.866
  17	 5	 4.0916	 1.0665	   1.5210	        1.5214	          0.0003	   1.6940	9.628e-03	   0.032	    11.626
  18	 5	 4.0759	 1.0961	   1.5215	        1.5214	          0.0001	   1.7087	2.091e-02	   0.038	    12.372
  19	 5	 4.0697	 1.0512	   1.5209	        1.5214	          0.0004	   1.5491	3.287e-03	   0.042	    13.127
  20	 5	 4.0753	 1.0365	   1.5209	        1.5214	          0.0004	   1.6184	3.140e-03	   0.037	    13.869
  21	 6	 4.0756	 1.0704	   1.5211	        1.5214	          0.0003	   1.7240	1.120e-02	   0.041	    14.622
  22	 6	 4.0773	 1.0720	   1.5211	        1.5214	          0.0003	   1.6692	1.182e-02	   0.033	    15.353
  23	 6	 4.0751	 1.0469	   1.5209	        1.5214	          0.0004	   1.5857	1.439e-03	   0.040	    16.102
  24	 6	 4.0731	 1.0292	   1.5210	        1.5214	          0.0004	   1.5880	6.490e-03	   0.037	    16.840
  25	 7	 4.0739	 1.0404	   1.5209	        1.5214	          0.0004	   1.6717	1.408e-03	   0.037	    17.580
  26	 7	 4.0576	 1.0307	   1.5210	        1.5214	          0.0004	   1.6027	5.805e-03	   0.038	    18.333
  27	 7	 4.0683	 1.0463	   1.5209	        1.5214	          0.0004	   1.6941	1.189e-03	   0.034	    19.084
  28	 7	 4.0667	 1.0288	   1.5210	        1.5214	          0.0004	   1.5894	6.655e-03	   0.044	    19.860
  29	 8	 4.0561	 1.0226	   1.5210	        1.5214	          0.0003	   1.6137	9.591e-03	   0.036	    20.653
  30	 8	 4.0714	 1.0248	   1.5210	        1.5214	          0.0004	   1.6616	8.515e-03	   0.044	    21.451
  31	 8	 4.0637	 1.0313	   1.5210	        1.5214	          0.0004	   1.6496	5.503e-03	   0.033	    22.248
  32	 8	 4.0705	 1.0414	   1.5209	        1.5214	          0.0004	   1.6821	9.587e-04	   0.044	    23.043
  33	 9	 4.0655	 1.0587	   1.5210	        1.5214	          0.0004	   1.6993	6.461e-03	   0.042	    23.799
  34	 9	 4.0604	 1.0532	   1.5209	        1.5214	          0.0004	   1.6314	4.150e-03	   0.037	    24.542
  35	 9	 4.0644	 1.0434	   1.5209	        1.5214	          0.0004	   1.6140	1.139e-04	   0.039	    25.291
  36	 9	 4.0651	 1.0488	   1.5209	        1.5214	          0.0004	   1.6686	2.285e-03	   0.031	    26.026
  37	10	 4.0628	 1.0387	   1.5209	        1.5214	          0.0004	   1.6041	2.143e-03	   0.041	    26.779
  38	10	 4.0644	 1.0403	   1.5209	        1.5214	          0.0004	   1.6568	1.430e-03	   0.036	    27.515
  39	10	 4.0646	 1.0407	   1.5209	        1.5214	          0.0004	   1.6489	1.277e-03	   0.039	    28.255
  40	10	 4.0686	 1.0437	   1.5209	        1.5214	          0.0004	   1.6572	1.011e-04	   0.037	    29.005
  41	11	 4.0821	 1.0489	   1.5209	        1.5214	          0.0004	   1.6896	2.336e-03	   0.035	    29.746
  42	11	 4.0791	 1.0441	   1.5209	        1.5214	          0.0004	   1.6160	2.370e-04	   0.044	    30.511
  43	11	 4.0705	 1.0483	   1.5209	        1.5214	          0.0004	   1.6548	2.061e-03	   0.036	    31.260
  44	11	 4.0700	 1.0405	   1.5209	        1.5214	          0.0004	   1.6065	1.377e-03	   0.039	    32.011
  45	12	 4.0801	 1.0387	   1.5209	        1.5214	          0.0004	   1.6467	2.174e-03	   0.035	    32.792
  46	12	 4.0729	 1.0439	   1.5209	        1.5214	          0.0004	   1.6654	1.517e-04	   0.043	    33.554
  47	12	 4.0744	 1.0429	   1.5209	        1.5214	          0.0004	   1.6399	3.035e-04	   0.042	    34.304
  48	12	 4.0676	 1.0389	   1.5209	        1.5214	          0.0004	   1.6148	2.060e-03	   0.035	    35.043
  49	13	 4.0671	 1.0431	   1.5209	        1.5214	          0.0004	   1.6611	2.164e-04	   0.037	    35.794
  50	13	 4.0677	 1.0370	   1.5209	        1.5214	          0.0004	   1.6124	2.932e-03	   0.031	    36.530
  51	13	 4.0711	 1.0323	   1.5210	        1.5214	          0.0004	   1.6249	5.061e-03	   0.041	    37.284
  52	13	 4.0647	 1.0461	   1.5209	        1.5214	          0.0004	   1.7061	1.093e-03	   0.034	    38.022
  53	14	 4.0624	 1.0477	   1.5209	        1.5214	          0.0004	   1.6530	1.801e-03	   0.041	    38.765
  54	14	 4.0621	 1.0421	   1.5209	        1.5214	          0.0004	   1.6173	6.670e-04	   0.042	    39.532
  55	14	 4.0571	 1.0449	   1.5209	        1.5214	          0.0004	   1.6509	5.848e-04	   0.038	    40.310
  56	14	 4.0643	 1.0519	   1.5209	        1.5214	          0.0004	   1.7030	3.588e-03	   0.046	    41.126
  57	15	 4.0622	 1.0429	   1.5209	        1.5214	          0.0004	   1.5817	2.872e-04	   0.040	    41.916
  58	15	 4.0663	 1.0412	   1.5209	        1.5214	          0.0004	   1.6372	1.029e-03	   0.044	    42.716
  59	15	 4.0629	 1.0342	   1.5209	        1.5214	          0.0004	   1.5903	4.165e-03	   0.032	    43.526
  60	15	 4.0655	 1.0447	   1.5209	        1.5214	          0.0004	   1.7251	5.162e-04	   0.042	    44.324
  61	16	 4.0663	 1.0361	   1.5209	        1.5214	          0.0004	   1.5862	3.324e-03	   0.040	    45.084
  62	16	 4.0682	 1.0422	   1.5209	        1.5214	          0.0004	   1.6948	5.900e-04	   0.035	    45.821
  63	16	 4.0707	 1.0384	   1.5209	        1.5214	          0.0004	   1.6242	2.269e-03	   0.037	    46.568
  64	16	 4.0661	 1.0457	   1.5209	        1.5214	          0.0004	   1.6857	9.291e-04	   0.032	    47.307
  65	17	 4.0597	 1.0495	   1.5209	        1.5214	          0.0004	   1.6670	2.587e-03	   0.041	    48.061
  66	17	 4.0593	 1.0463	   1.5209	        1.5214	          0.0004	   1.6258	1.204e-03	   0.036	    48.801
  67	17	 4.0636	 1.0460	   1.5209	        1.5214	          0.0004	   1.6503	1.063e-03	   0.042	    49.544
  68	17	 4.0662	 1.0434	   1.5209	        1.5214	          0.0004	   1.6300	1.132e-04	   0.041	    50.295
  69	18	 4.0672	 1.0432	   1.5209	        1.5214	          0.0004	   1.6472	1.953e-04	   0.039	    51.032
  70	18	 4.0692	 1.0450	   1.5209	        1.5214	          0.0004	   1.6640	6.412e-04	   0.043	    51.786
  71	18	 4.0691	 1.0405	   1.5209	        1.5214	          0.0004	   1.6079	1.371e-03	   0.036	    52.541
  72	18	 4.0697	 1.0418	   1.5209	        1.5214	          0.0004	   1.6611	7.819e-04	   0.036	    53.290
  73	19	 4.0687	 1.0455	   1.5209	        1.5214	          0.0004	   1.6720	8.414e-04	   0.034	    54.068
  74	19	 4.0715	 1.0513	   1.5209	        1.5214	          0.0004	   1.7016	3.357e-03	   0.043	    54.840
  75	19	 4.0671	 1.0482	   1.5209	        1.5214	          0.0004	   1.6122	2.005e-03	   0.039	    55.590
  76	19	 4.0673	 1.0426	   1.5209	        1.5214	          0.0004	   1.5965	4.446e-04	   0.038	    56.331
  77	20	 4.0659	 1.0399	   1.5209	        1.5214	          0.0004	   1.6170	1.625e-03	   0.038	    57.075
  78	20	 4.0674	 1.0346	   1.5209	        1.5214	          0.0004	   1.5944	4.005e-03	   0.037	    57.813
  79	20	 4.0684	 1.0376	   1.5209	        1.5214	          0.0004	   1.6786	2.660e-03	   0.038	    58.565
  80	20	 4.0692	 1.0444	   1.5209	        1.5214	          0.0004	   1.7062	3.614e-04	   0.036	    59.305
  81	21	 4.0652	 1.0436	   1.5209	        1.5214	          0.0004	   1.6247	8.205e-05	   0.040	    60.049
  82	21	 4.0653	 1.0408	   1.5209	        1.5214	          0.0004	   1.6179	1.206e-03	   0.036	    60.797
  83	21	 4.0651	 1.0416	   1.5209	        1.5214	          0.0004	   1.6543	8.867e-04	   0.039	    61.541
  84	21	 4.0668	 1.0468	   1.5209	        1.5214	          0.0004	   1.7000	1.418e-03	   0.044	    62.328
  85	22	 4.0674	 1.0456	   1.5209	        1.5214	          0.0004	   1.6381	8.729e-04	   0.036	    63.111
  86	22	 4.0648	 1.0482	   1.5209	        1.5214	          0.0004	   1.6606	2.018e-03	   0.040	    63.879
  87	22	 4.0677	 1.0444	   1.5209	        1.5214	          0.0004	   1.6229	3.753e-04	   0.037	    64.698
  88	22	 4.0680	 1.0472	   1.5209	        1.5214	          0.0004	   1.6700	1.568e-03	   0.043	    65.498
  89	23	 4.0639	 1.0466	   1.5209	        1.5214	          0.0004	   1.6324	1.308e-03	   0.041	    66.266
  90	23	 4.0643	 1.0523	   1.5209	        1.5214	          0.0004	   1.7016	3.782e-03	   0.038	    67.007
  91	23	 4.0691	 1.0529	   1.5209	        1.5214	          0.0004	   1.6747	4.026e-03	   0.037	    67.753
  92	23	 4.0720	 1.0464	   1.5209	        1.5214	          0.0004	   1.5840	1.231e-03	   0.038	    68.490
  93	24	 4.0719	 1.0555	   1.5210	        1.5214	          0.0004	   1.7387	5.116e-03	   0.041	    69.239
  94	24	 4.0710	 1.0540	   1.5210	        1.5214	          0.0004	   1.6283	4.496e-03	   0.033	    69.976
  95	24	 4.0701	 1.0497	   1.5209	        1.5214	          0.0004	   1.6062	2.642e-03	   0.038	    70.720
  96	24	 4.0704	 1.0499	   1.5209	        1.5214	          0.0004	   1.6494	2.735e-03	   0.036	    71.473
  97	25	 4.0685	 1.0555	   1.5210	        1.5214	          0.0004	   1.7097	5.136e-03	   0.039	    72.214
  98	25	 4.0692	 1.0529	   1.5209	        1.5214	          0.0004	   1.6250	4.014e-03	   0.041	    72.965
  99	25	 4.0714	 1.0484	   1.5209	        1.5214	          0.0004	   1.5996	2.118e-03	   0.033	    73.724
 100	25	 4.0704	 1.0488	   1.5209	        1.5214	          0.0004	   1.6408	2.268e-03	   0.038	    74.468
 101	26	 4.0723	 1.0457	   1.5209	        1.5214	          0.0004	   1.6155	9.183e-04	   0.041	    75.243
 102	26	 4.0725	 1.0490	   1.5209	        1.5214	          0.0004	   1.6947	2.344e-03	   0.043	    76.017
 103	26	 4.0720	 1.0497	   1.5209	        1.5214	          0.0004	   1.6515	2.646e-03	   0.041	    76.771
 104	26	 4.0709	 1.0459	   1.5209	        1.5214	          0.0004	   1.5953	1.004e-03	   0.037	    77.545
 105	27	 4.0687	 1.0423	   1.5209	        1.5214	          0.0004	   1.5920	5.778e-04	   0.037	    78.332
 106	27	 4.0723	 1.0421	   1.5209	        1.5214	          0.0004	   1.6507	6.674e-04	   0.040	    79.114
 107	27	 4.0696	 1.0408	   1.5209	        1.5214	          0.0004	   1.6249	1.246e-03	   0.039	    79.880
 108	27	 4.0712	 1.0432	   1.5209	        1.5214	          0.0004	   1.6876	1.792e-04	   0.036	    80.654
 109	28	 4.0705	 1.0438	   1.5209	        1.5214	          0.0004	   1.6488	1.409e-04	   0.038	    81.427
 110	28	 4.0687	 1.0398	   1.5209	        1.5214	          0.0004	   1.5962	1.687e-03	   0.037	    82.198
 111	28	 4.0691	 1.0392	   1.5209	        1.5214	          0.0004	   1.6360	1.929e-03	   0.041	    82.988
 112	28	 4.0727	 1.0388	   1.5209	        1.5214	          0.0004	   1.6475	2.125e-03	   0.043	    83.788
 113	29	 4.0718	 1.0405	   1.5209	        1.5214	          0.0004	   1.6582	1.376e-03	   0.039	    84.564
 114	29	 4.0709	 1.0453	   1.5209	        1.5214	          0.0004	   1.7069	7.474e-04	   0.038	    85.327
 115	29	 4.0705	 1.0408	   1.5209	        1.5214	          0.0004	   1.5885	1.214e-03	   0.040	    86.144
 116	29	 4.0708	 1.0386	   1.5209	        1.5214	          0.0004	   1.6186	2.182e-03	   0.043	    86.947
 117	30	 4.0708	 1.0406	   1.5209	        1.5214	          0.0004	   1.6601	1.296e-03	   0.038	    87.711
 118	30	 4.0687	 1.0411	   1.5209	        1.5214	          0.0004	   1.6435	1.093e-03	   0.034	    88.454
 119	30	 4.0717	 1.0408	   1.5209	        1.5214	          0.0004	   1.6587	1.223e-03	   0.035	    89.201
 120	30	 4.0706	 1.0408	   1.5209	        1.5214	          0.0004	   1.6429	1.242e-03	   0.038	    89.943
 121	31	 4.0718	 1.0407	   1.5209	        1.5214	          0.0004	   1.6510	1.286e-03	   0.037	    90.693
 122	31	 4.0712	 1.0409	   1.5209	        1.5214	          0.0004	   1.6456	1.166e-03	   0.038	    91.432
 123	31	 4.0693	 1.0349	   1.5209	        1.5214	          0.0004	   1.5487	3.879e-03	   0.037	    92.169
 124	31	 4.0718	 1.0405	   1.5209	        1.5214	          0.0004	   1.7291	1.358e-03	   0.046	    92.924
 125	32	 4.0757	 1.0422	   1.5209	        1.5214	          0.0004	   1.6816	6.183e-04	   0.037	    93.663
 126	32	 4.0741	 1.0406	   1.5209	        1.5214	          0.0004	   1.6131	1.299e-03	   0.039	    94.413
 127	32	 4.0749	 1.0409	   1.5209	        1.5214	          0.0004	   1.6515	1.192e-03	   0.033	    95.175
 128	32	 4.0732	 1.0404	   1.5209	        1.5214	          0.0004	   1.6330	1.409e-03	   0.034	    95.921
 129	33	 4.0737	 1.0383	   1.5209	        1.5214	          0.0004	   1.6128	2.344e-03	   0.041	    96.691
 130	33	 4.0761	 1.0396	   1.5209	        1.5214	          0.0004	   1.6786	1.767e-03	   0.043	    97.471
 131	33	 4.0765	 1.0396	   1.5209	        1.5214	          0.0004	   1.6456	1.761e-03	   0.038	    98.218
 132	33	 4.0735	 1.0405	   1.5209	        1.5214	          0.0004	   1.6425	1.362e-03	   0.034	    98.956
 133	34	 4.0745	 1.0432	   1.5209	        1.5214	          0.0004	   1.6904	1.679e-04	   0.040	    99.709
 134	34	 4.0752	 1.0442	   1.5209	        1.5214	          0.0004	   1.6616	3.022e-04	   0.038	   100.448
 135	34	 4.0760	 1.0392	   1.5209	        1.5214	          0.0004	   1.5684	1.922e-03	   0.039	   101.200
 136	34	 4.0728	 1.0431	   1.5209	        1.5214	          0.0004	   1.6912	2.365e-04	   0.036	   101.939
 137	35	 4.0705	 1.0439	   1.5209	        1.5214	          0.0004	   1.6538	1.704e-04	   0.038	   102.678
 138	35	 4.0706	 1.0477	   1.5209	        1.5214	          0.0004	   1.7045	1.803e-03	   0.042	   103.426
 139	35	 4.0713	 1.0452	   1.5209	        1.5214	          0.0004	   1.6037	7.167e-04	   0.041	   104.199
 140	35	 4.0732	 1.0441	   1.5209	        1.5214	          0.0004	   1.6372	2.391e-04	   0.041	   104.975
 141	36	 4.0731	 1.0440	   1.5209	        1.5214	          0.0004	   1.6425	2.176e-04	   0.036	   105.735
 142	36	 4.0733	 1.0432	   1.5209	        1.5214	          0.0004	   1.6384	1.652e-04	   0.037	   106.500
 143	36	 4.0741	 1.0438	   1.5209	        1.5214	          0.0004	   1.6569	1.432e-04	   0.042	   107.316
 144	36	 4.0720	 1.0445	   1.5209	        1.5214	          0.0004	   1.6500	4.143e-04	   0.043	   108.129
 145	37	 4.0741	 1.0493	   1.5209	        1.5214	          0.0004	   1.7381	2.503e-03	   0.042	   108.895
 146	37	 4.0761	 1.0482	   1.5209	        1.5214	          0.0004	   1.6384	2.014e-03	   0.035	   109.630
 147	37	 4.0750	 1.0465	   1.5209	        1.5214	          0.0004	   1.6090	1.288e-03	   0.039	   110.378
 148	37	 4.0726	 1.0429	   1.5209	        1.5214	          0.0004	   1.5783	3.164e-04	   0.036	   111.119
 149	38	 4.0736	 1.0419	   1.5209	        1.5214	          0.0004	   1.6335	7.254e-04	   0.039	   111.871
 150	38	 4.0719	 1.0407	   1.5209	        1.5214	          0.0004	   1.6183	1.277e-03	   0.036	   112.611
 151	38	 4.0738	 1.0430	   1.5209	        1.5214	          0.0004	   1.6951	2.465e-04	   0.038	   113.351
 152	38	 4.0731	 1.0435	   1.5209	        1.5214	          0.0004	   1.6486	9.499e-05	   0.041	   114.104
 153	39	 4.0742	 1.0415	   1.5209	        1.5214	          0.0004	   1.6142	9.194e-04	   0.037	   114.842
 154	39	 4.0743	 1.0383	   1.5209	        1.5214	          0.0004	   1.5871	2.315e-03	   0.040	   115.589
 155	39	 4.0745	 1.0388	   1.5209	        1.5214	          0.0004	   1.6522	2.098e-03	   0.035	   116.349
 156	39	 4.0736	 1.0431	   1.5209	        1.5214	          0.0004	   1.7158	2.364e-04	   0.037	   117.101
 157	40	 4.0727	 1.0392	   1.5209	        1.5214	          0.0004	   1.5663	1.954e-03	   0.040	   117.859
 158	40	 4.0722	 1.0391	   1.5209	        1.5214	          0.0004	   1.6378	1.965e-03	   0.044	   118.652
 159	40	 4.0719	 1.0445	   1.5209	        1.5214	          0.0004	   1.7405	3.993e-04	   0.040	   119.401
 160	40	 4.0731	 1.0437	   1.5209	        1.5214	          0.0004	   1.6437	1.035e-04	   0.036	   120.140
 161	41	 4.0729	 1.0464	   1.5209	        1.5214	          0.0004	   1.6987	1.236e-03	   0.042	   120.887
 162	41	 4.0721	 1.0500	   1.5209	        1.5214	          0.0004	   1.7039	2.768e-03	   0.041	   121.637
 163	41	 4.0734	 1.0470	   1.5209	        1.5214	          0.0004	   1.5972	1.482e-03	   0.043	   122.431
 164	41	 4.0736	 1.0430	   1.5209	        1.5214	          0.0004	   1.5734	2.702e-04	   0.033	   123.184
 165	42	 4.0729	 1.0451	   1.5209	        1.5214	          0.0004	   1.6781	6.714e-04	   0.038	   123.936
 166	42	 4.0719	 1.0450	   1.5209	        1.5214	          0.0004	   1.6477	6.498e-04	   0.041	   124.723
 167	42	 4.0701	 1.0436	   1.5209	        1.5214	          0.0004	   1.6032	8.297e-05	   0.040	   125.489
 168	42	 4.0720	 1.0448	   1.5209	        1.5214	          0.0004	   1.6839	5.487e-04	   0.043	   126.256
 169	43	 4.0712	 1.0452	   1.5209	        1.5214	          0.0004	   1.6508	7.048e-04	   0.035	   127.012
 170	43	 4.0722	 1.0432	   1.5209	        1.5214	          0.0004	   1.6056	1.930e-04	   0.038	   127.776
 171	43	 4.0715	 1.0443	   1.5209	        1.5214	          0.0004	   1.6634	3.278e-04	   0.043	   128.589
 172	43	 4.0734	 1.0464	   1.5209	        1.5214	          0.0004	   1.6976	1.236e-03	   0.042	   129.403
 173	44	 4.0718	 1.0457	   1.5209	        1.5214	          0.0004	   1.6252	9.522e-04	   0.040	   130.176
 174	44	 4.0721	 1.0417	   1.5209	        1.5214	          0.0004	   1.5681	8.104e-04	   0.034	   130.916
 175	44	 4.0729	 1.0416	   1.5209	        1.5214	          0.0004	   1.6544	8.580e-04	   0.042	   131.667
 176	44	 4.0744	 1.0445	   1.5209	        1.5214	          0.0004	   1.7043	4.353e-04	   0.036	   132.401
 177	45	 4.0743	 1.0432	   1.5209	        1.5214	          0.0004	   1.6180	1.936e-04	   0.038	   133.149
 178	45	 4.0744	 1.0447	   1.5209	        1.5214	          0.0004	   1.6808	5.082e-04	   0.032	   133.888
 179	45	 4.0749	 1.0445	   1.5209	        1.5214	          0.0004	   1.6463	4.056e-04	   0.039	   134.631
 180	45	 4.0735	 1.0431	   1.5209	        1.5214	          0.0004	   1.6071	2.088e-04	   0.042	   135.385
 181	46	 4.0747	 1.0447	   1.5209	        1.5214	          0.0004	   1.6773	4.897e-04	   0.035	   136.125
 182	46	 4.0743	 1.0443	   1.5209	        1.5214	          0.0004	   1.6401	3.353e-04	   0.041	   136.877
 183	46	 4.0728	 1.0429	   1.5209	        1.5214	          0.0004	   1.6120	3.137e-04	   0.036	   137.634
 184	46	 4.0725	 1.0425	   1.5209	        1.5214	          0.0004	   1.6334	4.809e-04	   0.040	   138.381
 185	47	 4.0726	 1.0411	   1.5209	        1.5214	          0.0004	   1.6189	1.073e-03	   0.039	   139.131
 186	47	 4.0726	 1.0393	   1.5209	        1.5214	          0.0004	   1.6062	1.886e-03	   0.040	   139.926
 187	47	 4.0717	 1.0415	   1.5209	        1.5214	          0.0004	   1.6859	9.143e-04	   0.039	   140.680
 188	47	 4.0723	 1.0400	   1.5209	        1.5214	          0.0004	   1.6153	1.586e-03	   0.030	   141.421
 189	48	 4.0699	 1.0388	   1.5209	        1.5214	          0.0004	   1.6036	2.111e-03	   0.042	   142.175
 190	48	 4.0707	 1.0376	   1.5209	        1.5214	          0.0004	   1.6257	2.635e-03	   0.035	   142.911
 191	48	 4.0706	 1.0371	   1.5209	        1.5214	          0.0004	   1.6323	2.866e-03	   0.037	   143.659
 192	48	 4.0705	 1.0393	   1.5209	        1.5214	          0.0004	   1.6867	1.873e-03	   0.034	   144.393
 193	49	 4.0704	 1.0390	   1.5209	        1.5214	          0.0004	   1.6419	2.027e-03	   0.041	   145.148
 194	49	 4.0698	 1.0389	   1.5209	        1.5214	          0.0004	   1.6353	2.069e-03	   0.042	   145.928
 195	49	 4.0704	 1.0383	   1.5209	        1.5214	          0.0004	   1.6286	2.318e-03	   0.036	   146.669
 196	49	 4.0709	 1.0388	   1.5209	        1.5214	          0.0004	   1.6534	2.114e-03	   0.041	   147.437
 197	50	 4.0710	 1.0395	   1.5209	        1.5214	          0.0004	   1.6553	1.795e-03	   0.031	   148.195
 198	50	 4.0704	 1.0366	   1.5209	        1.5214	          0.0004	   1.5763	3.096e-03	   0.041	   148.962
 199	50	 4.0707	 1.0405	   1.5209	        1.5214	          0.0004	   1.7348	1.359e-03	   0.046	   149.760
 200	50	 4.0702	 1.0416	   1.5209	        1.5214	          0.0004	   1.6651	8.893e-04	   0.049	   150.576
 201	51	 4.0709	 1.0417	   1.5209	        1.5214	          0.0004	   1.6470	8.428e-04	   0.040	   151.353
 202	51	 4.0702	 1.0411	   1.5209	        1.5214	          0.0004	   1.6289	1.101e-03	   0.035	   152.094
 203	51	 4.0704	 1.0409	   1.5209	        1.5214	          0.0004	   1.6371	1.200e-03	   0.041	   152.845
 204	51	 4.0708	 1.0417	   1.5209	        1.5214	          0.0004	   1.6729	8.393e-04	   0.034	   153.584
 205	52	 4.0701	 1.0420	   1.5209	        1.5214	          0.0004	   1.6457	6.861e-04	   0.040	   154.336
 206	52	 4.0705	 1.0411	   1.5209	        1.5214	          0.0004	   1.6236	1.092e-03	   0.034	   155.070
 207	52	 4.0710	 1.0431	   1.5209	        1.5214	          0.0004	   1.7028	2.351e-04	   0.042	   155.811
 208	52	 4.0711	 1.0430	   1.5209	        1.5214	          0.0004	   1.6406	2.759e-04	   0.041	   156.562
 209	53	 4.0700	 1.0434	   1.5209	        1.5214	          0.0004	   1.6481	1.240e-04	   0.034	   157.302
 210	53	 4.0706	 1.0456	   1.5209	        1.5214	          0.0004	   1.7044	8.898e-04	   0.040	   158.067
 211	53	 4.0692	 1.0437	   1.5209	        1.5214	          0.0004	   1.5931	9.156e-05	   0.034	   158.868
 212	53	 4.0707	 1.0434	   1.5209	        1.5214	          0.0004	   1.6490	1.184e-04	   0.043	   159.662
 213	54	 4.0701	 1.0435	   1.5209	        1.5214	          0.0004	   1.6482	8.899e-05	   0.040	   160.443
 214	54	 4.0696	 1.0450	   1.5209	        1.5214	          0.0004	   1.6814	6.519e-04	   0.046	   161.259
 215	54	 4.0700	 1.0414	   1.5209	        1.5214	          0.0004	   1.5475	9.724e-04	   0.041	   162.038
 216	54	 4.0706	 1.0426	   1.5209	        1.5214	          0.0004	   1.6783	4.189e-04	   0.038	   162.820
 217	55	 4.0700	 1.0428	   1.5209	        1.5214	          0.0004	   1.6455	3.396e-04	   0.043	   163.602
 218	55	 4.0701	 1.0430	   1.5209	        1.5214	          0.0004	   1.6442	2.608e-04	   0.034	   164.357
 219	55	 4.0703	 1.0410	   1.5209	        1.5214	          0.0004	   1.5980	1.143e-03	   0.040	   165.109
 220	55	 4.0705	 1.0433	   1.5209	        1.5214	          0.0004	   1.7062	1.411e-04	   0.033	   165.875
 221	56	 4.0731	 1.0442	   1.5209	        1.5214	          0.0004	   1.6852	2.941e-04	   0.043	   166.646
 222	56	 4.0733	 1.0424	   1.5209	        1.5214	          0.0004	   1.6033	5.295e-04	   0.041	   167.408
 223	56	 4.0712	 1.0404	   1.5209	        1.5214	          0.0004	   1.5788	1.396e-03	   0.035	   168.147
 224	56	 4.0717	 1.0429	   1.5209	        1.5214	          0.0004	   1.7089	3.140e-04	   0.042	   168.910
 225	57	 4.0713	 1.0427	   1.5209	        1.5214	          0.0004	   1.6384	3.940e-04	   0.035	   169.674
 226	57	 4.0704	 1.0431	   1.5209	        1.5214	          0.0004	   1.6559	2.107e-04	   0.042	   170.444
 227	57	 4.0718	 1.0406	   1.5209	        1.5214	          0.0004	   1.5859	1.299e-03	   0.039	   171.228
 228	57	 4.0721	 1.0412	   1.5209	        1.5214	          0.0004	   1.6602	1.032e-03	   0.044	   172.048
 229	58	 4.0715	 1.0407	   1.5209	        1.5214	          0.0004	   1.6222	1.275e-03	   0.039	   172.836
 230	58	 4.0712	 1.0404	   1.5209	        1.5214	          0.0004	   1.6329	1.395e-03	   0.038	   173.575
 231	58	 4.0721	 1.0423	   1.5209	        1.5214	          0.0004	   1.7020	5.853e-04	   0.040	   174.323
 232	58	 4.0719	 1.0423	   1.5209	        1.5214	          0.0004	   1.6496	5.620e-04	   0.035	   175.064
 233	59	 4.0704	 1.0402	   1.5209	        1.5214	          0.0004	   1.5807	1.497e-03	   0.037	   175.812
 234	59	 4.0704	 1.0424	   1.5209	        1.5214	          0.0004	   1.7031	5.130e-04	   0.032	   176.551
 235	59	 4.0705	 1.0409	   1.5209	        1.5214	          0.0004	   1.6111	1.161e-03	   0.043	   177.296
 236	59	 4.0720	 1.0415	   1.5209	        1.5214	          0.0004	   1.6676	9.041e-04	   0.039	   178.047
 237	60	 4.0727	 1.0411	   1.5209	        1.5214	          0.0004	   1.6355	1.099e-03	   0.038	   178.786
 238	60	 4.0719	 1.0406	   1.5209	        1.5214	          0.0004	   1.6295	1.309e-03	   0.039	   179.531
 239	60	 4.0734	 1.0402	   1.5209	        1.5214	          0.0004	   1.6463	1.467e-03	   0.035	   180.291
 240	60	 4.0727	 1.0412	   1.5209	        1.5214	          0.0004	   1.6638	1.030e-03	   0.040	   181.044
 241	61	 4.0739	 1.0439	   1.5209	        1.5214	          0.0004	   1.7241	1.788e-04	   0.036	   181.786
 242	61	 4.0735	 1.0435	   1.5209	        1.5214	          0.0004	   1.6349	8.938e-05	   0.043	   182.584
 243	61	 4.0734	 1.0433	   1.5209	        1.5214	          0.0004	   1.6464	1.492e-04	   0.037	   183.343
 244	61	 4.0721	 1.0421	   1.5209	        1.5214	          0.0004	   1.5978	6.517e-04	   0.041	   184.087
 245	62	 4.0722	 1.0441	   1.5209	        1.5214	          0.0004	   1.6989	2.358e-04	   0.042	   184.834
 246	62	 4.0710	 1.0448	   1.5209	        1.5214	          0.0004	   1.6574	5.404e-04	   0.035	   185.567
 247	62	 4.0712	 1.0419	   1.5209	        1.5214	          0.0004	   1.5730	7.352e-04	   0.038	   186.317
 248	62	 4.0713	 1.0429	   1.5209	        1.5214	          0.0004	   1.6723	3.147e-04	   0.036	   187.089
 249	63	 4.0704	 1.0447	   1.5209	        1.5214	          0.0004	   1.6928	5.196e-04	   0.042	   187.841
 250	63	 4.0710	 1.0440	   1.5209	        1.5214	          0.0004	   1.6298	1.937e-04	   0.041	   188.593
 251	63	 4.0711	 1.0438	   1.5209	        1.5214	          0.0004	   1.6334	1.183e-04	   0.040	   189.335
 252	63	 4.0719	 1.0432	   1.5209	        1.5214	          0.0004	   1.6446	1.829e-04	   0.038	   190.087
 253	64	 4.0712	 1.0443	   1.5209	        1.5214	          0.0004	   1.6758	3.528e-04	   0.038	   190.854
 254	64	 4.0727	 1.0456	   1.5209	        1.5214	          0.0004	   1.7007	8.876e-04	   0.039	   191.619
 255	64	 4.0733	 1.0430	   1.5209	        1.5214	          0.0004	   1.5764	2.596e-04	   0.037	   192.396
 256	64	 4.0725	 1.0428	   1.5209	        1.5214	          0.0004	   1.6205	3.399e-04	   0.042	   193.218
 257	65	 4.0723	 1.0425	   1.5209	        1.5214	          0.0004	   1.6359	4.692e-04	   0.038	   194.016
 258	65	 4.0731	 1.0424	   1.5209	        1.5214	          0.0004	   1.6518	5.180e-04	   0.039	   194.759
 259	65	 4.0735	 1.0415	   1.5209	        1.5214	          0.0004	   1.6185	9.339e-04	   0.039	   195.508
 260	65	 4.0741	 1.0406	   1.5209	        1.5214	          0.0004	   1.6251	1.303e-03	   0.037	   196.245
 261	66	 4.0748	 1.0415	   1.5209	        1.5214	          0.0004	   1.6782	9.060e-04	   0.037	   196.990
 262	66	 4.0738	 1.0426	   1.5209	        1.5214	          0.0004	   1.6725	4.420e-04	   0.034	   197.729
 263	66	 4.0742	 1.0424	   1.5209	        1.5214	          0.0004	   1.6379	5.246e-04	   0.045	   198.477
 264	66	 4.0733	 1.0418	   1.5209	        1.5214	          0.0004	   1.6198	7.986e-04	   0.039	   199.225
 265	67	 4.0739	 1.0421	   1.5209	        1.5214	          0.0004	   1.6648	6.510e-04	   0.037	   199.968
 266	67	 4.0750	 1.0420	   1.5209	        1.5214	          0.0004	   1.6500	6.911e-04	   0.036	   200.714
 267	67	 4.0742	 1.0420	   1.5209	        1.5214	          0.0004	   1.6416	6.801e-04	   0.040	   201.474
 268	67	 4.0735	 1.0414	   1.5209	        1.5214	          0.0004	   1.6128	9.649e-04	   0.038	   202.223
 269	68	 4.0740	 1.0406	   1.5209	        1.5214	          0.0004	   1.6244	1.330e-03	   0.035	   202.959
 270	68	 4.0741	 1.0405	   1.5209	        1.5214	          0.0004	   1.6463	1.354e-03	   0.045	   203.795
 271	68	 4.0751	 1.0398	   1.5209	        1.5214	          0.0004	   1.6290	1.683e-03	   0.039	   204.590
 272	68	 4.0746	 1.0392	   1.5209	        1.5214	          0.0004	   1.6134	1.952e-03	   0.038	   205.334
 273	69	 4.0751	 1.0397	   1.5209	        1.5214	          0.0004	   1.6656	1.720e-03	   0.038	   206.083
 274	69	 4.0743	 1.0397	   1.5209	        1.5214	          0.0004	   1.6349	1.703e-03	   0.039	   206.833
 275	69	 4.0752	 1.0403	   1.5209	        1.5214	          0.0004	   1.6779	1.428e-03	   0.040	   207.616
 276	69	 4.0743	 1.0404	   1.5209	        1.5214	          0.0004	   1.6397	1.401e-03	   0.039	   208.373
 277	70	 4.0740	 1.0398	   1.5209	        1.5214	          0.0004	   1.6219	1.669e-03	   0.041	   209.118
 278	70	 4.0738	 1.0407	   1.5209	        1.5214	          0.0004	   1.6764	1.278e-03	   0.038	   209.870
 279	70	 4.0735	 1.0427	   1.5209	        1.5214	          0.0004	   1.7006	3.937e-04	   0.035	   210.611
 280	70	 4.0739	 1.0415	   1.5209	        1.5214	          0.0004	   1.6114	9.197e-04	   0.037	   211.356
 281	71	 4.0754	 1.0404	   1.5209	        1.5214	          0.0004	   1.6202	1.403e-03	   0.031	   212.087
 282	71	 4.0748	 1.0396	   1.5209	        1.5214	          0.0004	   1.6142	1.774e-03	   0.043	   212.822
 283	71	 4.0741	 1.0408	   1.5209	        1.5214	          0.0004	   1.6761	1.228e-03	   0.036	   213.511
 284	71	 4.0735	 1.0407	   1.5209	        1.5214	          0.0004	   1.6425	1.253e-03	   0.034	   214.227
 285	72	 4.0734	 1.0415	   1.5209	        1.5214	          0.0004	   1.6708	8.953e-04	   0.035	   214.888
 286	72	 4.0733	 1.0410	   1.5209	        1.5214	          0.0004	   1.6242	1.151e-03	   0.030	   215.520
 287	72	 4.0726	 1.0414	   1.5209	        1.5214	          0.0004	   1.6507	9.692e-04	   0.027	   216.123
 288	72	 4.0732	 1.0414	   1.5209	        1.5214	          0.0004	   1.6492	9.538e-04	   0.031	   216.732
 289	73	 4.0749	 1.0427	   1.5209	        1.5214	          0.0004	   1.6930	3.896e-04	   0.030	   217.306
 290	73	 4.0751	 1.0426	   1.5209	        1.5214	          0.0004	   1.6480	4.163e-04	   0.029	   217.873
 291	73	 4.0734	 1.0433	   1.5209	        1.5214	          0.0004	   1.6558	1.602e-04	   0.024	   218.435
 292	73	 4.0738	 1.0417	   1.5209	        1.5214	          0.0004	   1.6007	8.123e-04	   0.026	   219.015
 293	74	 4.0741	 1.0432	   1.5209	        1.5214	          0.0004	   1.6947	1.964e-04	   0.025	   219.580
 294	74	 4.0740	 1.0429	   1.5209	        1.5214	          0.0004	   1.6388	3.168e-04	   0.030	   220.150
 295	74	 4.0737	 1.0430	   1.5209	        1.5214	          0.0004	   1.6464	2.686e-04	   0.028	   220.733
 296	74	 4.0735	 1.0419	   1.5209	        1.5214	          0.0004	   1.6081	7.337e-04	   0.027	   221.320
 297	75	 4.0731	 1.0423	   1.5209	        1.5214	          0.0004	   1.6502	5.433e-04	   0.032	   221.898
 298	75	 4.0729	 1.0419	   1.5209	        1.5214	          0.0004	   1.6257	7.560e-04	   0.028	   222.493
 299	75	 4.0740	 1.0415	   1.5209	        1.5214	          0.0004	   1.6436	9.118e-04	   0.028	   223.103
 300	75	 4.0736	 1.0421	   1.5209	        1.5214	          0.0004	   1.6675	6.425e-04	   0.029	   223.670
 301	76	 4.0730	 1.0412	   1.5209	        1.5214	          0.0004	   1.6075	1.029e-03	   0.033	   224.240
 302	76	 4.0732	 1.0412	   1.5209	        1.5214	          0.0004	   1.6472	1.061e-03	   0.028	   224.823
 303	76	 4.0720	 1.0413	   1.5209	        1.5214	          0.0004	   1.6349	1.012e-03	   0.028	   225.427
 304	76	 4.0732	 1.0427	   1.5209	        1.5214	          0.0004	   1.7089	3.878e-04	   0.029	   226.004
 305	77	 4.0737	 1.0434	   1.5209	        1.5214	          0.0004	   1.6774	1.121e-04	   0.025	   226.563
 306	77	 4.0733	 1.0430	   1.5209	        1.5214	          0.0004	   1.6301	2.462e-04	   0.024	   227.140
 307	77	 4.0728	 1.0422	   1.5209	        1.5214	          0.0004	   1.6089	6.102e-04	   0.028	   227.711
 308	77	 4.0727	 1.0424	   1.5209	        1.5214	          0.0004	   1.6520	5.165e-04	   0.031	   228.278
 309	78	 4.0722	 1.0431	   1.5209	        1.5214	          0.0004	   1.6686	2.064e-04	   0.030	   228.880
 310	78	 4.0727	 1.0433	   1.5209	        1.5214	          0.0004	   1.6572	1.347e-04	   0.031	   229.474
 311	78	 4.0731	 1.0430	   1.5209	        1.5214	          0.0004	   1.6351	2.677e-04	   0.032	   230.076
 312	78	 4.0724	 1.0421	   1.5209	        1.5214	          0.0004	   1.6066	6.551e-04	   0.028	   230.716
 313	79	 4.0715	 1.0414	   1.5209	        1.5214	          0.0004	   1.6125	9.804e-04	   0.029	   231.348
 314	79	 4.0707	 1.0412	   1.5209	        1.5214	          0.0004	   1.6371	1.065e-03	   0.026	   231.928
 315	79	 4.0710	 1.0407	   1.5209	        1.5214	          0.0004	   1.6317	1.274e-03	   0.031	   232.500
 316	79	 4.0727	 1.0415	   1.5209	        1.5214	          0.0004	   1.6841	9.277e-04	   0.027	   233.074
 317	80	 4.0726	 1.0418	   1.5209	        1.5214	          0.0004	   1.6560	7.858e-04	   0.025	   233.642
 318	80	 4.0731	 1.0420	   1.5209	        1.5214	          0.0004	   1.6533	6.945e-04	   0.030	   234.259
 319	80	 4.0725	 1.0416	   1.5209	        1.5214	          0.0004	   1.6248	8.821e-04	   0.026	   234.863
 320	80	 4.0726	 1.0419	   1.5209	        1.5214	          0.0004	   1.6627	7.174e-04	   0.031	   235.482
 321	81	 4.0732	 1.0414	   1.5209	        1.5214	          0.0004	   1.6284	9.410e-04	   0.028	   236.061
 322	81	 4.0730	 1.0421	   1.5209	        1.5214	          0.0004	   1.6699	6.322e-04	   0.032	   236.633
 323	81	 4.0732	 1.0417	   1.5209	        1.5214	          0.0004	   1.6241	8.135e-04	   0.033	   237.242
 324	81	 4.0729	 1.0419	   1.5209	        1.5214	          0.0004	   1.6562	7.388e-04	   0.031	   237.869
 325	82	 4.0729	 1.0421	   1.5209	        1.5214	          0.0004	   1.6511	6.579e-04	   0.030	   238.469
 326	82	 4.0722	 1.0400	   1.5209	        1.5214	          0.0004	   1.5579	1.584e-03	   0.027	   239.076
 327	82	 4.0723	 1.0428	   1.5209	        1.5214	          0.0004	   1.7536	3.484e-04	   0.026	   239.688
 328	82	 4.0726	 1.0423	   1.5209	        1.5214	          0.0004	   1.6267	5.767e-04	   0.026	   240.252
 329	83	 4.0726	 1.0435	   1.5209	        1.5214	          0.0004	   1.6860	9.501e-05	   0.031	   240.847
 330	83	 4.0724	 1.0434	   1.5209	        1.5214	          0.0004	   1.6456	1.239e-04	   0.028	   241.455
 331	83	 4.0730	 1.0427	   1.5209	        1.5214	          0.0004	   1.6284	3.890e-04	   0.028	   242.039
 332	83	 4.0729	 1.0426	   1.5209	        1.5214	          0.0004	   1.6401	4.505e-04	   0.030	   242.615
 333	84	 4.0728	 1.0417	   1.5209	        1.5214	          0.0004	   1.6201	8.151e-04	   0.026	   243.181
 334	84	 4.0729	 1.0419	   1.5209	        1.5214	          0.0004	   1.6577	7.257e-04	   0.028	   243.760
 335	84	 4.0728	 1.0420	   1.5209	        1.5214	          0.0004	   1.6463	6.879e-04	   0.027	   244.326
 336	84	 4.0722	 1.0433	   1.5209	        1.5214	          0.0004	   1.6797	1.311e-04	   0.032	   244.895
 337	85	 4.0722	 1.0440	   1.5209	        1.5214	          0.0004	   1.6675	2.022e-04	   0.028	   245.494
 338	85	 4.0725	 1.0445	   1.5209	        1.5214	          0.0004	   1.6711	4.255e-04	   0.030	   246.086
 339	85	 4.0724	 1.0432	   1.5209	        1.5214	          0.0004	   1.5893	1.745e-04	   0.030	   246.683
 340	85	 4.0714	 1.0432	   1.5209	        1.5214	          0.0004	   1.6412	1.797e-04	   0.026	   247.317
 341	86	 4.0716	 1.0435	   1.5209	        1.5214	          0.0004	   1.6593	9.267e-05	   0.027	   247.959
 342	86	 4.0720	 1.0423	   1.5209	        1.5214	          0.0004	   1.6019	5.649e-04	   0.026	   248.544
 343	86	 4.0717	 1.0429	   1.5209	        1.5214	          0.0004	   1.6653	3.161e-04	   0.034	   249.117
 344	86	 4.0722	 1.0427	   1.5209	        1.5214	          0.0004	   1.6480	3.712e-04	   0.029	   249.690
 345	87	 4.0706	 1.0435	   1.5209	        1.5214	          0.0004	   1.6614	9.178e-05	   0.029	   250.261
 346	87	 4.0711	 1.0443	   1.5209	        1.5214	          0.0004	   1.6877	3.394e-04	   0.032	   250.838
 347	87	 4.0711	 1.0439	   1.5209	        1.5214	          0.0004	   1.6245	1.743e-04	   0.030	   251.401
 348	87	 4.0715	 1.0434	   1.5209	        1.5214	          0.0004	   1.6312	1.060e-04	   0.025	   251.976
 349	88	 4.0714	 1.0435	   1.5209	        1.5214	          0.0004	   1.6451	9.566e-05	   0.026	   252.546
 350	88	 4.0718	 1.0417	   1.5209	        1.5214	          0.0004	   1.5752	8.379e-04	   0.031	   253.118
 351	88	 4.0722	 1.0413	   1.5209	        1.5214	          0.0004	   1.6336	9.995e-04	   0.028	   253.692
 352	88	 4.0716	 1.0419	   1.5209	        1.5214	          0.0004	   1.6654	7.576e-04	   0.026	   254.281
 353	89	 4.0721	 1.0411	   1.5209	        1.5214	          0.0004	   1.6187	1.109e-03	   0.028	   254.859
 354	89	 4.0721	 1.0426	   1.5209	        1.5214	          0.0004	   1.7098	4.353e-04	   0.029	   255.445
 355	89	 4.0715	 1.0423	   1.5209	        1.5214	          0.0004	   1.6162	5.790e-04	   0.027	   256.063
 356	89	 4.0712	 1.0418	   1.5209	        1.5214	          0.0004	   1.6279	8.024e-04	   0.027	   256.634
 357	90	 4.0708	 1.0425	   1.5209	        1.5214	          0.0004	   1.6767	4.669e-04	   0.034	   257.234
 358	90	 4.0707	 1.0426	   1.5209	        1.5214	          0.0004	   1.6385	4.503e-04	   0.028	   257.822
 359	90	 4.0699	 1.0437	   1.5209	        1.5214	          0.0004	   1.6861	9.665e-05	   0.029	   258.388
 360	90	 4.0708	 1.0426	   1.5209	        1.5214	          0.0004	   1.6100	4.156e-04	   0.029	   258.965
 361	91	 4.0713	 1.0407	   1.5209	        1.5214	          0.0004	   1.5661	1.286e-03	   0.025	   259.527
 362	91	 4.0714	 1.0405	   1.5209	        1.5214	          0.0004	   1.6432	1.337e-03	   0.025	   260.103
 363	91	 4.0714	 1.0405	   1.5209	        1.5214	          0.0004	   1.6433	1.353e-03	   0.024	   260.668
 364	91	 4.0710	 1.0424	   1.5209	        1.5214	          0.0004	   1.7181	5.028e-04	   0.030	   261.244
 365	92	 4.0720	 1.0429	   1.5209	        1.5214	          0.0004	   1.6749	3.262e-04	   0.029	   261.842
 366	92	 4.0715	 1.0424	   1.5209	        1.5214	          0.0004	   1.6167	5.370e-04	   0.031	   262.431
 367	92	 4.0712	 1.0424	   1.5209	        1.5214	          0.0004	   1.6371	5.148e-04	   0.032	   263.028
 368	92	 4.0712	 1.0419	   1.5209	        1.5214	          0.0004	   1.6284	7.265e-04	   0.032	   263.662
 369	93	 4.0719	 1.0416	   1.5209	        1.5214	          0.0004	   1.6465	8.631e-04	   0.031	   264.303
 370	93	 4.0714	 1.0423	   1.5209	        1.5214	          0.0004	   1.6668	5.655e-04	   0.028	   264.890
 371	93	 4.0706	 1.0428	   1.5209	        1.5214	          0.0004	   1.6506	3.646e-04	   0.032	   265.465
 372	93	 4.0710	 1.0421	   1.5209	        1.5214	          0.0004	   1.6260	6.458e-04	   0.028	   266.042
 373	94	 4.0708	 1.0402	   1.5209	        1.5214	          0.0004	   1.5668	1.467e-03	   0.028	   266.611
 374	94	 4.0709	 1.0406	   1.5209	        1.5214	          0.0004	   1.6584	1.299e-03	   0.029	   267.185
 375	94	 4.0706	 1.0423	   1.5209	        1.5214	          0.0004	   1.7114	5.806e-04	   0.023	   267.745
 376	94	 4.0712	 1.0424	   1.5209	        1.5214	          0.0004	   1.6614	5.030e-04	   0.025	   268.325
 377	95	 4.0705	 1.0420	   1.5209	        1.5214	          0.0004	   1.6208	7.083e-04	   0.028	   268.909
 378	95	 4.0708	 1.0422	   1.5209	        1.5214	          0.0004	   1.6520	5.921e-04	   0.034	   269.521
 379	95	 4.0698	 1.0411	   1.5209	        1.5214	          0.0004	   1.5865	1.102e-03	   0.029	   270.112
 380	95	 4.0706	 1.0424	   1.5209	        1.5214	          0.0004	   1.7137	5.081e-04	   0.029	   270.704
 381	96	 4.0704	 1.0421	   1.5209	        1.5214	          0.0004	   1.6313	6.572e-04	   0.029	   271.281
 382	96	 4.0699	 1.0425	   1.5209	        1.5214	          0.0004	   1.6540	4.946e-04	   0.028	   271.858
 383	96	 4.0707	 1.0423	   1.5209	        1.5214	          0.0004	   1.6503	5.464e-04	   0.028	   272.489
 384	96	 4.0702	 1.0424	   1.5209	        1.5214	          0.0004	   1.6443	5.293e-04	   0.028	   273.092
 385	97	 4.0704	 1.0435	   1.5209	        1.5214	          0.0004	   1.6950	9.046e-05	   0.031	   273.683
 386	97	 4.0698	 1.0439	   1.5209	        1.5214	          0.0004	   1.6484	1.634e-04	   0.025	   274.267
 387	97	 4.0701	 1.0426	   1.5209	        1.5214	          0.0004	   1.5976	4.132e-04	   0.026	   274.840
 388	97	 4.0693	 1.0427	   1.5209	        1.5214	          0.0004	   1.6409	3.895e-04	   0.029	   275.418
 389	98	 4.0699	 1.0439	   1.5209	        1.5214	          0.0004	   1.6993	1.708e-04	   0.027	   275.980
 390	98	 4.0704	 1.0422	   1.5209	        1.5214	          0.0004	   1.5778	6.001e-04	   0.027	   276.555
 391	98	 4.0695	 1.0430	   1.5209	        1.5214	          0.0004	   1.6650	2.787e-04	   0.027	   277.124
 392	98	 4.0692	 1.0438	   1.5209	        1.5214	          0.0004	   1.6895	1.466e-04	   0.034	   277.695
 393	99	 4.0684	 1.0447	   1.5209	        1.5214	          0.0004	   1.6732	4.857e-04	   0.029	   278.287
 394	99	 4.0683	 1.0439	   1.5209	        1.5214	          0.0004	   1.6157	1.705e-04	   0.026	   278.880
 395	99	 4.0685	 1.0438	   1.5209	        1.5214	          0.0004	   1.6386	1.224e-04	   0.031	   279.478
 396	99	 4.0688	 1.0440	   1.5209	        1.5214	          0.0004	   1.6610	2.131e-04	   0.031	   280.102
 397	100	 4.0687	 1.0445	   1.5209	        1.5214	          0.0004	   1.6629	4.059e-04	   0.027	   280.745
 398	100	 4.0690	 1.0443	   1.5209	        1.5214	          0.0004	   1.6399	3.142e-04	   0.024	   281.341
 399	100	 4.0691	 1.0442	   1.5209	        1.5214	          0.0004	   1.6448	2.973e-04	   0.030	   281.914
 400	100	 4.0692	 1.0424	   1.5209	        1.5214	          0.0004	   1.5662	5.076e-04	   0.028	   282.489
 401	101	 4.0703	 1.0439	   1.5209	        1.5214	          0.0004	   1.7299	1.763e-04	   0.028	   283.057
 402	101	 4.0697	 1.0438	   1.5209	        1.5214	          0.0004	   1.6327	1.170e-04	   0.030	   283.638
 403	101	 4.0694	 1.0427	   1.5209	        1.5214	          0.0004	   1.5918	4.036e-04	   0.026	   284.201
 404	101	 4.0691	 1.0425	   1.5209	        1.5214	          0.0004	   1.6350	4.597e-04	   0.026	   284.779
 405	102	 4.0692	 1.0418	   1.5209	        1.5214	          0.0004	   1.6099	7.774e-04	   0.027	   285.343
 406	102	 4.0694	 1.0419	   1.5209	        1.5214	          0.0004	   1.6517	7.355e-04	   0.031	   285.915
 407	102	 4.0697	 1.0418	   1.5209	        1.5214	          0.0004	   1.6426	7.883e-04	   0.028	   286.492
 408	102	 4.0700	 1.0417	   1.5209	        1.5214	          0.0004	   1.6486	8.055e-04	   0.027	   287.081
 409	103	 4.0707	 1.0402	   1.5209	        1.5214	          0.0004	   1.5765	1.507e-03	   0.027	   287.657
 410	103	 4.0709	 1.0408	   1.5209	        1.5214	          0.0004	   1.6714	1.245e-03	   0.025	   288.236
 411	103	 4.0703	 1.0413	   1.5209	        1.5214	          0.0004	   1.6652	1.022e-03	   0.030	   288.872
 412	103	 4.0700	 1.0419	   1.5209	        1.5214	          0.0004	   1.6767	7.344e-04	   0.029	   289.473
 413	104	 4.0708	 1.0417	   1.5209	        1.5214	          0.0004	   1.6401	8.105e-04	   0.032	   290.042
 414	104	 4.0710	 1.0408	   1.5209	        1.5214	          0.0004	   1.6033	1.242e-03	   0.029	   290.620
 415	104	 4.0704	 1.0417	   1.5209	        1.5214	          0.0004	   1.6906	8.335e-04	   0.030	   291.189
 416	104	 4.0701	 1.0416	   1.5209	        1.5214	          0.0004	   1.6373	8.566e-04	   0.031	   291.764
 417	105	 4.0703	 1.0435	   1.5209	        1.5214	          0.0004	   1.7421	8.981e-05	   0.023	   292.326
 418	105	 4.0701	 1.0420	   1.5209	        1.5214	          0.0004	   1.5693	6.901e-04	   0.026	   292.907
 419	105	 4.0702	 1.0416	   1.5209	        1.5214	          0.0004	   1.6255	8.843e-04	   0.028	   293.476
 420	105	 4.0698	 1.0417	   1.5209	        1.5214	          0.0004	   1.6471	8.104e-04	   0.031	   294.043
 421	106	 4.0694	 1.0413	   1.5209	        1.5214	          0.0004	   1.6259	9.953e-04	   0.028	   294.633
 422	106	 4.0698	 1.0425	   1.5209	        1.5214	          0.0004	   1.7017	4.927e-04	   0.027	   295.228
 423	106	 4.0699	 1.0415	   1.5209	        1.5214	          0.0004	   1.6032	8.945e-04	   0.031	   295.827
 424	106	 4.0701	 1.0414	   1.5209	        1.5214	          0.0004	   1.6369	9.577e-04	   0.033	   296.485
 425	107	 4.0703	 1.0411	   1.5209	        1.5214	          0.0004	   1.6322	1.080e-03	   0.032	   297.184
 426	107	 4.0697	 1.0402	   1.5209	        1.5214	          0.0004	   1.6027	1.469e-03	   0.030	   297.823
 427	107	 4.0706	 1.0412	   1.5209	        1.5214	          0.0004	   1.7013	1.052e-03	   0.031	   298.416
 428	107	 4.0704	 1.0412	   1.5209	        1.5214	          0.0004	   1.6351	1.057e-03	   0.029	   299.005
 429	108	 4.0698	 1.0407	   1.5209	        1.5214	          0.0004	   1.6176	1.254e-03	   0.027	   299.574
 430	108	 4.0704	 1.0405	   1.5209	        1.5214	          0.0004	   1.6377	1.374e-03	   0.031	   300.172
 431	108	 4.0702	 1.0403	   1.5209	        1.5214	          0.0004	   1.6284	1.424e-03	   0.026	   300.772
 432	108	 4.0701	 1.0419	   1.5209	        1.5214	          0.0004	   1.7231	7.405e-04	   0.024	   301.375
 433	109	 4.0697	 1.0424	   1.5209	        1.5214	          0.0004	   1.6645	5.006e-04	   0.024	   301.960
 434	109	 4.0699	 1.0421	   1.5209	        1.5214	          0.0004	   1.6363	6.541e-04	   0.031	   302.533
 435	109	 4.0697	 1.0420	   1.5209	        1.5214	          0.0004	   1.6375	6.941e-04	   0.030	   303.110
 436	109	 4.0703	 1.0419	   1.5209	        1.5214	          0.0004	   1.6500	7.365e-04	   0.029	   303.698
 437	110	 4.0711	 1.0426	   1.5209	        1.5214	          0.0004	   1.6901	4.288e-04	   0.030	   304.277
 438	110	 4.0711	 1.0426	   1.5209	        1.5214	          0.0004	   1.6481	4.345e-04	   0.032	   304.874
 439	110	 4.0709	 1.0414	   1.5209	        1.5214	          0.0004	   1.5745	9.620e-04	   0.032	   305.531
 440	110	 4.0704	 1.0413	   1.5209	        1.5214	          0.0004	   1.6374	9.990e-04	   0.025	   306.120
 441	111	 4.0698	 1.0411	   1.5209	        1.5214	          0.0004	   1.6269	1.100e-03	   0.034	   306.698
 442	111	 4.0704	 1.0409	   1.5209	        1.5214	          0.0004	   1.6366	1.190e-03	   0.028	   307.271
 443	111	 4.0699	 1.0410	   1.5209	        1.5214	          0.0004	   1.6491	1.123e-03	   0.028	   307.838
 444	111	 4.0703	 1.0414	   1.5209	        1.5214	          0.0004	   1.6750	9.390e-04	   0.027	   308.413
 445	112	 4.0701	 1.0414	   1.5209	        1.5214	          0.0004	   1.6410	9.625e-04	   0.024	   308.976
 446	112	 4.0695	 1.0414	   1.5209	        1.5214	          0.0004	   1.6437	9.789e-04	   0.027	   309.552
 447	112	 4.0693	 1.0415	   1.5209	        1.5214	          0.0004	   1.6439	9.205e-04	   0.027	   310.119
 448	112	 4.0702	 1.0412	   1.5209	        1.5214	          0.0004	   1.6341	1.040e-03	   0.032	   310.694
 449	113	 4.0699	 1.0414	   1.5209	        1.5214	          0.0004	   1.6517	9.599e-04	   0.031	   311.277
 450	113	 4.0697	 1.0423	   1.5209	        1.5214	          0.0004	   1.6936	5.440e-04	   0.030	   311.877
 451	113	 4.0698	 1.0416	   1.5209	        1.5214	          0.0004	   1.6043	8.595e-04	   0.030	   312.470
 452	113	 4.0698	 1.0416	   1.5209	        1.5214	          0.0004	   1.6440	8.804e-04	   0.031	   313.074
 453	114	 4.0691	 1.0419	   1.5209	        1.5214	          0.0004	   1.6501	7.480e-04	   0.029	   313.737
 454	114	 4.0684	 1.0419	   1.5209	        1.5214	          0.0004	   1.6366	7.497e-04	   0.025	   314.339
 455	114	 4.0686	 1.0409	   1.5209	        1.5214	          0.0004	   1.5919	1.188e-03	   0.029	   314.909
 456	114	 4.0691	 1.0415	   1.5209	        1.5214	          0.0004	   1.6910	8.980e-04	   0.026	   315.490
 457	115	 4.0693	 1.0417	   1.5209	        1.5214	          0.0004	   1.6473	8.360e-04	   0.027	   316.059
 458	115	 4.0695	 1.0415	   1.5209	        1.5214	          0.0004	   1.6363	9.161e-04	   0.032	   316.637
 459	115	 4.0691	 1.0418	   1.5209	        1.5214	          0.0004	   1.6577	7.980e-04	   0.024	   317.172
 460	115	 4.0689	 1.0416	   1.5209	        1.5214	          0.0004	   1.6347	8.801e-04	   0.028	   317.745
 461	116	 4.0691	 1.0403	   1.5209	        1.5214	          0.0004	   1.5797	1.444e-03	   0.028	   318.250
 462	116	 4.0688	 1.0420	   1.5209	        1.5214	          0.0004	   1.7232	7.138e-04	   0.029	   318.763
 463	116	 4.0684	 1.0416	   1.5209	        1.5214	          0.0004	   1.6220	8.552e-04	   0.021	   319.268
 464	116	 4.0686	 1.0407	   1.5209	        1.5214	          0.0004	   1.6057	1.274e-03	   0.024	   319.744
 465	117	 4.0680	 1.0417	   1.5209	        1.5214	          0.0004	   1.6898	8.299e-04	   0.020	   320.194
 466	117	 4.0687	 1.0405	   1.5209	        1.5214	          0.0004	   1.5913	1.350e-03	   0.023	   320.659
 467	117	 4.0685	 1.0400	   1.5209	        1.5214	          0.0004	   1.6182	1.585e-03	   0.026	   321.173
 468	117	 4.0685	 1.0403	   1.5209	        1.5214	          0.0004	   1.6600	1.434e-03	   0.022	   321.638
 469	118	 4.0674	 1.0399	   1.5209	        1.5214	          0.0004	   1.6091	1.636e-03	   0.021	   322.076
 470	118	 4.0681	 1.0405	   1.5209	        1.5214	          0.0004	   1.6835	1.353e-03	   0.022	   322.529
 471	118	 4.0685	 1.0405	   1.5209	        1.5214	          0.0004	   1.6455	1.377e-03	   0.024	   322.973
 472	118	 4.0685	 1.0407	   1.5209	        1.5214	          0.0004	   1.6579	1.278e-03	   0.020	   323.418
 473	119	 4.0683	 1.0416	   1.5209	        1.5214	          0.0004	   1.6963	8.626e-04	   0.019	   323.859
 474	119	 4.0687	 1.0414	   1.5209	        1.5214	          0.0004	   1.6317	9.628e-04	   0.024	   324.312
 475	119	 4.0687	 1.0409	   1.5209	        1.5214	          0.0004	   1.6253	1.158e-03	   0.022	   324.757
 476	119	 4.0684	 1.0408	   1.5209	        1.5214	          0.0004	   1.6330	1.225e-03	   0.021	   325.195
 477	120	 4.0686	 1.0408	   1.5209	        1.5214	          0.0004	   1.6506	1.203e-03	   0.022	   325.648
 478	120	 4.0681	 1.0411	   1.5209	        1.5214	          0.0004	   1.6446	1.092e-03	   0.024	   326.119
 479	120	 4.0684	 1.0412	   1.5209	        1.5214	          0.0004	   1.6481	1.038e-03	   0.022	   326.589
 480	120	 4.0685	 1.0410	   1.5209	        1.5214	          0.0004	   1.6419	1.143e-03	   0.023	   327.060
 481	121	 4.0687	 1.0405	   1.5209	        1.5214	          0.0004	   1.6169	1.351e-03	   0.026	   327.594
 482	121	 4.0676	 1.0411	   1.5209	        1.5214	          0.0004	   1.6654	1.084e-03	   0.023	   328.091
 483	121	 4.0677	 1.0424	   1.5209	        1.5214	          0.0004	   1.7202	5.115e-04	   0.021	   328.533
 484	121	 4.0684	 1.0410	   1.5209	        1.5214	          0.0004	   1.5782	1.149e-03	   0.022	   328.986
 485	122	 4.0680	 1.0411	   1.5209	        1.5214	          0.0004	   1.6510	1.113e-03	   0.025	   329.470
 486	122	 4.0680	 1.0403	   1.5209	        1.5214	          0.0004	   1.6014	1.448e-03	   0.020	   329.945
 487	122	 4.0681	 1.0397	   1.5209	        1.5214	          0.0004	   1.6066	1.723e-03	   0.019	   330.385
 488	122	 4.0684	 1.0415	   1.5209	        1.5214	          0.0004	   1.7536	9.109e-04	   0.023	   330.839
 489	123	 4.0678	 1.0422	   1.5209	        1.5214	          0.0004	   1.6819	5.936e-04	   0.021	   331.283
 490	123	 4.0675	 1.0414	   1.5209	        1.5214	          0.0004	   1.5901	9.517e-04	   0.021	   331.721
 491	123	 4.0676	 1.0409	   1.5209	        1.5214	          0.0004	   1.6246	1.165e-03	   0.022	   332.174
 492	123	 4.0680	 1.0410	   1.5209	        1.5214	          0.0004	   1.6519	1.137e-03	   0.026	   332.622
 493	124	 4.0679	 1.0415	   1.5209	        1.5214	          0.0004	   1.6736	9.169e-04	   0.022	   333.123
 494	124	 4.0681	 1.0416	   1.5209	        1.5214	          0.0004	   1.6585	8.647e-04	   0.019	   333.582
 495	124	 4.0683	 1.0410	   1.5209	        1.5214	          0.0004	   1.6098	1.148e-03	   0.028	   334.089
 496	124	 4.0681	 1.0407	   1.5209	        1.5214	          0.0004	   1.6261	1.251e-03	   0.022	   334.562
 497	125	 4.0685	 1.0402	   1.5209	        1.5214	          0.0004	   1.6263	1.509e-03	   0.021	   335.000
 498	125	 4.0685	 1.0397	   1.5209	        1.5214	          0.0004	   1.6190	1.690e-03	   0.022	   335.453
 499	125	 4.0690	 1.0400	   1.5209	        1.5214	          0.0004	   1.6609	1.575e-03	   0.024	   335.897
 500	125	 4.0686	 1.0401	   1.5209	        1.5214	          0.0004	   1.6424	1.522e-03	   0.020	   336.343
 501	126	 4.0682	 1.0395	   1.5209	        1.5214	          0.0004	   1.6043	1.781e-03	   0.019	   336.783
 502	126	 4.0677	 1.0396	   1.5209	        1.5214	          0.0004	   1.6339	1.768e-03	   0.024	   337.237
 503	126	 4.0678	 1.0404	   1.5209	        1.5214	          0.0004	   1.6938	1.411e-03	   0.022	   337.681
 504	126	 4.0683	 1.0401	   1.5209	        1.5214	          0.0004	   1.6369	1.518e-03	   0.021	   338.120
 505	127	 4.0688	 1.0404	   1.5209	        1.5214	          0.0004	   1.6678	1.390e-03	   0.022	   338.573
 506	127	 4.0690	 1.0406	   1.5209	        1.5214	          0.0004	   1.6631	1.329e-03	   0.026	   339.043
 507	127	 4.0688	 1.0394	   1.5209	        1.5214	          0.0004	   1.5771	1.829e-03	   0.022	   339.509
 508	127	 4.0682	 1.0398	   1.5209	        1.5214	          0.0004	   1.6511	1.671e-03	   0.020	   339.979
 509	128	 4.0680	 1.0390	   1.5209	        1.5214	          0.0004	   1.5960	2.042e-03	   0.030	   340.513
 510	128	 4.0678	 1.0397	   1.5209	        1.5214	          0.0004	   1.6773	1.726e-03	   0.024	   341.011
 511	128	 4.0674	 1.0400	   1.5209	        1.5214	          0.0004	   1.6590	1.592e-03	   0.021	   341.457
 512	128	 4.0678	 1.0406	   1.5209	        1.5214	          0.0004	   1.6847	1.328e-03	   0.022	   341.910
 513	129	 4.0677	 1.0409	   1.5209	        1.5214	          0.0004	   1.6563	1.196e-03	   0.023	   342.354
 514	129	 4.0676	 1.0401	   1.5209	        1.5214	          0.0004	   1.6043	1.518e-03	   0.020	   342.800
 515	129	 4.0676	 1.0405	   1.5209	        1.5214	          0.0004	   1.6644	1.366e-03	   0.019	   343.240
 516	129	 4.0684	 1.0411	   1.5209	        1.5214	          0.0004	   1.6923	1.109e-03	   0.023	   343.694
 517	130	 4.0681	 1.0422	   1.5209	        1.5214	          0.0004	   1.7051	6.259e-04	   0.021	   344.138
 518	130	 4.0683	 1.0418	   1.5209	        1.5214	          0.0004	   1.6282	8.025e-04	   0.021	   344.577
 519	130	 4.0683	 1.0414	   1.5209	        1.5214	          0.0004	   1.6242	9.682e-04	   0.022	   345.029
 520	130	 4.0688	 1.0409	   1.5209	        1.5214	          0.0004	   1.6229	1.183e-03	   0.023	   345.473
 521	131	 4.0689	 1.0407	   1.5209	        1.5214	          0.0004	   1.6332	1.262e-03	   0.020	   345.980
 522	131	 4.0684	 1.0406	   1.5209	        1.5214	          0.0004	   1.6329	1.292e-03	   0.019	   346.420
 523	131	 4.0683	 1.0409	   1.5209	        1.5214	          0.0004	   1.6619	1.165e-03	   0.026	   346.904
 524	131	 4.0687	 1.0407	   1.5209	        1.5214	          0.0004	   1.6385	1.257e-03	   0.022	   347.385
 525	132	 4.0685	 1.0412	   1.5209	        1.5214	          0.0004	   1.6658	1.030e-03	   0.021	   347.823
 526	132	 4.0684	 1.0416	   1.5209	        1.5214	          0.0004	   1.6707	8.533e-04	   0.022	   348.276
 527	132	 4.0688	 1.0411	   1.5209	        1.5214	          0.0004	   1.6117	1.096e-03	   0.024	   348.720
 528	132	 4.0691	 1.0406	   1.5209	        1.5214	          0.0004	   1.6195	1.329e-03	   0.020	   349.165
 529	133	 4.0693	 1.0401	   1.5209	        1.5214	          0.0004	   1.6160	1.546e-03	   0.019	   349.606
 530	133	 4.0688	 1.0402	   1.5209	        1.5214	          0.0004	   1.6420	1.490e-03	   0.024	   350.059
 531	133	 4.0693	 1.0408	   1.5209	        1.5214	          0.0004	   1.6969	1.228e-03	   0.024	   350.545
 532	133	 4.0690	 1.0408	   1.5209	        1.5214	          0.0004	   1.6400	1.236e-03	   0.023	   351.024
 533	134	 4.0693	 1.0407	   1.5209	        1.5214	          0.0004	   1.6450	1.273e-03	   0.024	   351.518
 534	134	 4.0691	 1.0397	   1.5209	        1.5214	          0.0004	   1.5892	1.690e-03	   0.025	   351.993
 535	134	 4.0686	 1.0405	   1.5209	        1.5214	          0.0004	   1.6787	1.341e-03	   0.022	   352.459
 536	134	 4.0693	 1.0405	   1.5209	        1.5214	          0.0004	   1.6527	1.365e-03	   0.021	   352.933
 537	135	 4.0691	 1.0399	   1.5209	        1.5214	          0.0004	   1.6052	1.616e-03	   0.027	   353.457
 538	135	 4.0694	 1.0400	   1.5209	        1.5214	          0.0004	   1.6508	1.591e-03	   0.028	   354.002
 539	135	 4.0692	 1.0400	   1.5209	        1.5214	          0.0004	   1.6428	1.595e-03	   0.022	   354.488
 540	135	 4.0694	 1.0401	   1.5209	        1.5214	          0.0004	   1.6614	1.519e-03	   0.024	   354.965
 541	136	 4.0692	 1.0416	   1.5209	        1.5214	          0.0004	   1.7266	8.859e-04	   0.023	   355.412
 542	136	 4.0692	 1.0403	   1.5209	        1.5214	          0.0004	   1.5631	1.453e-03	   0.020	   355.858
 543	136	 4.0695	 1.0402	   1.5209	        1.5214	          0.0004	   1.6413	1.482e-03	   0.019	   356.298
 544	136	 4.0695	 1.0408	   1.5209	        1.5214	          0.0004	   1.6822	1.235e-03	   0.024	   356.752
 545	137	 4.0695	 1.0407	   1.5209	        1.5214	          0.0004	   1.6434	1.248e-03	   0.021	   357.196
 546	137	 4.0694	 1.0408	   1.5209	        1.5214	          0.0004	   1.6522	1.244e-03	   0.021	   357.635
 547	137	 4.0694	 1.0412	   1.5209	        1.5214	          0.0004	   1.6725	1.055e-03	   0.024	   358.106
 548	137	 4.0696	 1.0411	   1.5209	        1.5214	          0.0004	   1.6375	1.083e-03	   0.024	   358.581
 549	138	 4.0691	 1.0402	   1.5209	        1.5214	          0.0004	   1.5804	1.507e-03	   0.020	   359.070
 550	138	 4.0692	 1.0405	   1.5209	        1.5214	          0.0004	   1.6684	1.346e-03	   0.019	   359.510
 551	138	 4.0697	 1.0413	   1.5209	        1.5214	          0.0004	   1.6984	9.972e-04	   0.026	   359.988
 552	138	 4.0695	 1.0416	   1.5209	        1.5214	          0.0004	   1.6538	8.766e-04	   0.021	   360.475
 553	139	 4.0694	 1.0418	   1.5209	        1.5214	          0.0004	   1.6480	8.047e-04	   0.021	   360.913
 554	139	 4.0699	 1.0419	   1.5209	        1.5214	          0.0004	   1.6627	7.394e-04	   0.022	   361.366
 555	139	 4.0700	 1.0421	   1.5209	        1.5214	          0.0004	   1.6585	6.678e-04	   0.024	   361.810
 556	139	 4.0697	 1.0419	   1.5209	        1.5214	          0.0004	   1.6354	7.494e-04	   0.020	   362.256
 557	140	 4.0693	 1.0429	   1.5209	        1.5214	          0.0004	   1.7015	3.188e-04	   0.019	   362.696
 558	140	 4.0695	 1.0423	   1.5209	        1.5214	          0.0004	   1.6215	5.543e-04	   0.023	   363.150
 559	140	 4.0693	 1.0412	   1.5209	        1.5214	          0.0004	   1.5619	1.057e-03	   0.021	   363.594
 560	140	 4.0696	 1.0414	   1.5209	        1.5214	          0.0004	   1.6627	9.492e-04	   0.021	   364.032
 561	141	 4.0694	 1.0409	   1.5209	        1.5214	          0.0004	   1.6095	1.158e-03	   0.022	   364.486
 562	141	 4.0694	 1.0416	   1.5209	        1.5214	          0.0004	   1.6875	8.659e-04	   0.024	   364.941
 563	141	 4.0693	 1.0415	   1.5209	        1.5214	          0.0004	   1.6358	9.334e-04	   0.020	   365.389
 564	141	 4.0694	 1.0414	   1.5209	        1.5214	          0.0004	   1.6391	9.428e-04	   0.020	   365.830
 565	142	 4.0698	 1.0422	   1.5209	        1.5214	          0.0004	   1.7063	6.010e-04	   0.028	   366.320
 566	142	 4.0700	 1.0419	   1.5209	        1.5214	          0.0004	   1.6219	7.600e-04	   0.023	   366.790
 567	142	 4.0703	 1.0417	   1.5209	        1.5214	          0.0004	   1.6391	8.389e-04	   0.021	   367.225
 568	142	 4.0697	 1.0416	   1.5209	        1.5214	          0.0004	   1.6268	8.642e-04	   0.022	   367.644
 569	143	 4.0694	 1.0413	   1.5209	        1.5214	          0.0004	   1.6203	1.015e-03	   0.024	   368.057
 570	143	 4.0695	 1.0417	   1.5209	        1.5214	          0.0004	   1.6753	8.081e-04	   0.020	   368.473
 571	143	 4.0697	 1.0424	   1.5209	        1.5214	          0.0004	   1.6911	4.989e-04	   0.020	   368.884
 572	143	 4.0693	 1.0421	   1.5209	        1.5214	          0.0004	   1.6180	6.370e-04	   0.024	   369.305
 573	144	 4.0693	 1.0434	   1.5209	        1.5214	          0.0004	   1.7269	1.187e-04	   0.022	   369.719
 574	144	 4.0694	 1.0439	   1.5209	        1.5214	          0.0004	   1.6786	1.679e-04	   0.021	   370.131
 575	144	 4.0691	 1.0432	   1.5209	        1.5214	          0.0004	   1.5947	1.976e-04	   0.024	   370.570
 576	144	 4.0689	 1.0429	   1.5209	        1.5214	          0.0004	   1.6261	3.068e-04	   0.024	   371.001
 577	145	 4.0687	 1.0429	   1.5209	        1.5214	          0.0004	   1.6448	3.003e-04	   0.020	   371.439
 578	145	 4.0686	 1.0428	   1.5209	        1.5214	          0.0004	   1.6417	3.422e-04	   0.020	   371.849
 579	145	 4.0685	 1.0436	   1.5209	        1.5214	          0.0004	   1.6950	8.109e-05	   0.024	   372.293
 580	145	 4.0688	 1.0429	   1.5209	        1.5214	          0.0004	   1.5999	3.125e-04	   0.022	   372.752
 581	146	 4.0685	 1.0426	   1.5209	        1.5214	          0.0004	   1.6296	4.140e-04	   0.021	   373.163
 582	146	 4.0690	 1.0423	   1.5209	        1.5214	          0.0004	   1.6256	5.803e-04	   0.023	   373.581
 583	146	 4.0689	 1.0426	   1.5209	        1.5214	          0.0004	   1.6623	4.542e-04	   0.024	   373.995
 584	146	 4.0688	 1.0428	   1.5209	        1.5214	          0.0004	   1.6603	3.573e-04	   0.020	   374.411
 585	147	 4.0690	 1.0430	   1.5209	        1.5214	          0.0004	   1.6655	2.831e-04	   0.020	   374.821
 586	147	 4.0690	 1.0427	   1.5209	        1.5214	          0.0004	   1.6265	3.902e-04	   0.024	   375.243
 587	147	 4.0690	 1.0424	   1.5209	        1.5214	          0.0004	   1.6244	5.240e-04	   0.022	   375.657
 588	147	 4.0691	 1.0425	   1.5209	        1.5214	          0.0004	   1.6518	4.964e-04	   0.022	   376.069
 589	148	 4.0695	 1.0426	   1.5209	        1.5214	          0.0004	   1.6589	4.425e-04	   0.023	   376.487
 590	148	 4.0693	 1.0419	   1.5209	        1.5214	          0.0004	   1.5925	7.388e-04	   0.026	   376.915
 591	148	 4.0693	 1.0425	   1.5209	        1.5214	          0.0004	   1.6876	4.749e-04	   0.020	   377.356
 592	148	 4.0689	 1.0422	   1.5209	        1.5214	          0.0004	   1.6197	6.167e-04	   0.024	   377.822
 593	149	 4.0688	 1.0412	   1.5209	        1.5214	          0.0004	   1.5760	1.036e-03	   0.028	   378.346
 594	149	 4.0683	 1.0417	   1.5209	        1.5214	          0.0004	   1.6689	8.460e-04	   0.022	   378.822
 595	149	 4.0684	 1.0417	   1.5209	        1.5214	          0.0004	   1.6536	8.193e-04	   0.022	   379.263
 596	149	 4.0688	 1.0419	   1.5209	        1.5214	          0.0004	   1.6673	7.286e-04	   0.022	   379.681
 597	150	 4.0687	 1.0428	   1.5209	        1.5214	          0.0004	   1.7087	3.644e-04	   0.024	   380.094
 598	150	 4.0687	 1.0418	   1.5209	        1.5214	          0.0004	   1.5710	7.836e-04	   0.020	   380.510
 599	150	 4.0690	 1.0413	   1.5209	        1.5214	          0.0004	   1.6227	9.929e-04	   0.020	   380.921
 600	150	 4.0690	 1.0417	   1.5209	        1.5214	          0.0004	   1.6699	8.087e-04	   0.024	   381.342
 601	151	 4.0688	 1.0417	   1.5209	        1.5214	          0.0004	   1.6355	8.229e-04	   0.022	   381.757
 602	151	 4.0686	 1.0419	   1.5209	        1.5214	          0.0004	   1.6530	7.430e-04	   0.023	   382.205
 603	151	 4.0687	 1.0422	   1.5209	        1.5214	          0.0004	   1.6686	6.075e-04	   0.022	   382.643
 604	151	 4.0691	 1.0421	   1.5209	        1.5214	          0.0004	   1.6535	6.499e-04	   0.024	   383.071
 605	152	 4.0691	 1.0410	   1.5209	        1.5214	          0.0004	   1.5704	1.120e-03	   0.020	   383.509
 606	152	 4.0691	 1.0399	   1.5209	        1.5214	          0.0004	   1.5729	1.625e-03	   0.020	   383.919
 607	152	 4.0692	 1.0402	   1.5209	        1.5214	          0.0004	   1.6646	1.505e-03	   0.024	   384.362
 608	152	 4.0692	 1.0413	   1.5209	        1.5214	          0.0004	   1.7221	9.918e-04	   0.022	   384.822
 609	153	 4.0696	 1.0419	   1.5209	        1.5214	          0.0004	   1.6956	7.191e-04	   0.021	   385.233
 610	153	 4.0698	 1.0420	   1.5209	        1.5214	          0.0004	   1.6599	6.992e-04	   0.023	   385.651
 611	153	 4.0693	 1.0414	   1.5209	        1.5214	          0.0004	   1.5917	9.565e-04	   0.024	   386.065
 612	153	 4.0690	 1.0424	   1.5209	        1.5214	          0.0004	   1.7050	5.327e-04	   0.020	   386.480
 613	154	 4.0689	 1.0421	   1.5209	        1.5214	          0.0004	   1.6210	6.721e-04	   0.020	   386.890
 614	154	 4.0692	 1.0423	   1.5209	        1.5214	          0.0004	   1.6753	5.437e-04	   0.024	   387.312
 615	154	 4.0695	 1.0432	   1.5209	        1.5214	          0.0004	   1.7035	1.936e-04	   0.022	   387.727
 616	154	 4.0692	 1.0426	   1.5209	        1.5214	          0.0004	   1.5979	4.418e-04	   0.021	   388.138
 617	155	 4.0693	 1.0432	   1.5209	        1.5214	          0.0004	   1.7012	1.654e-04	   0.022	   388.556
 618	155	 4.0684	 1.0423	   1.5209	        1.5214	          0.0004	   1.5586	5.562e-04	   0.026	   388.980
 619	155	 4.0681	 1.0426	   1.5209	        1.5214	          0.0004	   1.6602	4.230e-04	   0.020	   389.424
 620	155	 4.0684	 1.0427	   1.5209	        1.5214	          0.0004	   1.6589	3.862e-04	   0.022	   389.861
 621	156	 4.0688	 1.0425	   1.5209	        1.5214	          0.0004	   1.6349	4.574e-04	   0.028	   390.342
 622	156	 4.0688	 1.0428	   1.5209	        1.5214	          0.0004	   1.6681	3.466e-04	   0.022	   390.821
 623	156	 4.0689	 1.0434	   1.5209	        1.5214	          0.0004	   1.6825	1.258e-04	   0.021	   391.262
 624	156	 4.0692	 1.0426	   1.5209	        1.5214	          0.0004	   1.6000	4.216e-04	   0.022	   391.680
 625	157	 4.0694	 1.0430	   1.5209	        1.5214	          0.0004	   1.6833	2.736e-04	   0.024	   392.094
 626	157	 4.0689	 1.0428	   1.5209	        1.5214	          0.0004	   1.6222	3.503e-04	   0.020	   392.509
 627	157	 4.0684	 1.0431	   1.5209	        1.5214	          0.0004	   1.6511	2.335e-04	   0.020	   392.920
 628	157	 4.0685	 1.0422	   1.5209	        1.5214	          0.0004	   1.5806	5.932e-04	   0.024	   393.341
 629	158	 4.0681	 1.0424	   1.5209	        1.5214	          0.0004	   1.6488	5.268e-04	   0.022	   393.756
 630	158	 4.0681	 1.0412	   1.5209	        1.5214	          0.0004	   1.5572	1.036e-03	   0.022	   394.206
 631	158	 4.0688	 1.0415	   1.5209	        1.5214	          0.0004	   1.6832	9.102e-04	   0.022	   394.624
 632	158	 4.0686	 1.0421	   1.5209	        1.5214	          0.0004	   1.6885	6.301e-04	   0.024	   395.037
 633	159	 4.0689	 1.0434	   1.5209	        1.5214	          0.0004	   1.7389	1.079e-04	   0.022	   395.474
 634	159	 4.0680	 1.0425	   1.5209	        1.5214	          0.0004	   1.5647	4.864e-04	   0.020	   395.886
 635	159	 4.0681	 1.0428	   1.5209	        1.5214	          0.0004	   1.6735	3.588e-04	   0.026	   396.328
 636	159	 4.0683	 1.0425	   1.5209	        1.5214	          0.0004	   1.6284	4.906e-04	   0.025	   396.802
 637	160	 4.0679	 1.0420	   1.5209	        1.5214	          0.0004	   1.6028	7.110e-04	   0.024	   397.254
 638	160	 4.0685	 1.0423	   1.5209	        1.5214	          0.0004	   1.6777	5.796e-04	   0.025	   397.713
 639	160	 4.0686	 1.0430	   1.5209	        1.5214	          0.0004	   1.6972	2.660e-04	   0.025	   398.164
 640	160	 4.0684	 1.0424	   1.5209	        1.5214	          0.0004	   1.5982	5.143e-04	   0.022	   398.600
 641	161	 4.0686	 1.0427	   1.5209	        1.5214	          0.0004	   1.6700	3.980e-04	   0.020	   399.023
 642	161	 4.0687	 1.0422	   1.5209	        1.5214	          0.0004	   1.6151	5.919e-04	   0.024	   399.444
 643	161	 4.0689	 1.0428	   1.5209	        1.5214	          0.0004	   1.6912	3.504e-04	   0.022	   399.859
 644	161	 4.0685	 1.0421	   1.5209	        1.5214	          0.0004	   1.5812	6.709e-04	   0.022	   400.270
 645	162	 4.0686	 1.0424	   1.5209	        1.5214	          0.0004	   1.6674	5.362e-04	   0.025	   400.715
 646	162	 4.0679	 1.0415	   1.5209	        1.5214	          0.0004	   1.5740	9.314e-04	   0.028	   401.174
 647	162	 4.0681	 1.0427	   1.5209	        1.5214	          0.0004	   1.7311	4.101e-04	   0.022	   401.642
 648	162	 4.0682	 1.0428	   1.5209	        1.5214	          0.0004	   1.6582	3.675e-04	   0.022	   402.091
 649	163	 4.0682	 1.0428	   1.5209	        1.5214	          0.0004	   1.6444	3.540e-04	   0.030	   402.564
 650	163	 4.0681	 1.0426	   1.5209	        1.5214	          0.0004	   1.6378	4.175e-04	   0.024	   403.055
 651	163	 4.0681	 1.0429	   1.5209	        1.5214	          0.0004	   1.6614	2.892e-04	   0.021	   403.496
 652	163	 4.0680	 1.0432	   1.5209	        1.5214	          0.0004	   1.6685	1.897e-04	   0.023	   403.914
 653	164	 4.0680	 1.0428	   1.5209	        1.5214	          0.0004	   1.6211	3.622e-04	   0.024	   404.327
 654	164	 4.0681	 1.0434	   1.5209	        1.5214	          0.0004	   1.6911	1.254e-04	   0.020	   404.743
 655	164	 4.0683	 1.0440	   1.5209	        1.5214	          0.0004	   1.6951	2.228e-04	   0.020	   405.153
 656	164	 4.0682	 1.0435	   1.5209	        1.5214	          0.0004	   1.6050	8.163e-05	   0.026	   405.593
 657	165	 4.0690	 1.0431	   1.5209	        1.5214	          0.0004	   1.6197	2.330e-04	   0.022	   406.039
 658	165	 4.0685	 1.0426	   1.5209	        1.5214	          0.0004	   1.6065	4.122e-04	   0.021	   406.472
 659	165	 4.0688	 1.0432	   1.5209	        1.5214	          0.0004	   1.7017	1.802e-04	   0.022	   406.890
 660	165	 4.0685	 1.0432	   1.5209	        1.5214	          0.0004	   1.6340	1.941e-04	   0.024	   407.304
 661	166	 4.0686	 1.0444	   1.5209	        1.5214	          0.0004	   1.7404	3.707e-04	   0.022	   407.736
 662	166	 4.0683	 1.0442	   1.5209	        1.5214	          0.0004	   1.6212	2.967e-04	   0.020	   408.152
 663	166	 4.0686	 1.0436	   1.5209	        1.5214	          0.0004	   1.6134	8.414e-05	   0.026	   408.590
 664	166	 4.0686	 1.0436	   1.5209	        1.5214	          0.0004	   1.6450	8.444e-05	   0.027	   409.050
 665	167	 4.0687	 1.0442	   1.5209	        1.5214	          0.0004	   1.6879	3.001e-04	   0.021	   409.467
 666	167	 4.0684	 1.0446	   1.5209	        1.5214	          0.0004	   1.6618	4.598e-04	   0.023	   409.885
 667	167	 4.0684	 1.0441	   1.5209	        1.5214	          0.0004	   1.6128	2.458e-04	   0.024	   410.299
 668	167	 4.0685	 1.0434	   1.5209	        1.5214	          0.0004	   1.5999	1.037e-04	   0.020	   410.715
 669	168	 4.0682	 1.0432	   1.5209	        1.5214	          0.0004	   1.6243	1.823e-04	   0.020	   411.125
 670	168	 4.0682	 1.0433	   1.5209	        1.5214	          0.0004	   1.6551	1.377e-04	   0.024	   411.547
 671	168	 4.0684	 1.0436	   1.5209	        1.5214	          0.0004	   1.6762	8.546e-05	   0.022	   411.961
 672	168	 4.0684	 1.0430	   1.5209	        1.5214	          0.0004	   1.5959	2.512e-04	   0.022	   412.372
 673	169	 4.0685	 1.0429	   1.5209	        1.5214	          0.0004	   1.6407	3.046e-04	   0.023	   412.791
 674	169	 4.0689	 1.0427	   1.5209	        1.5214	          0.0004	   1.6243	3.817e-04	   0.026	   413.206
 675	169	 4.0688	 1.0426	   1.5209	        1.5214	          0.0004	   1.6354	4.520e-04	   0.021	   413.653
 676	169	 4.0686	 1.0432	   1.5209	        1.5214	          0.0004	   1.6955	1.821e-04	   0.022	   414.087
 677	170	 4.0686	 1.0425	   1.5209	        1.5214	          0.0004	   1.5878	4.936e-04	   0.028	   414.550
 678	170	 4.0684	 1.0431	   1.5209	        1.5214	          0.0004	   1.6924	2.243e-04	   0.026	   415.049
 679	170	 4.0685	 1.0420	   1.5209	        1.5214	          0.0004	   1.5664	6.772e-04	   0.021	   415.496
 680	170	 4.0685	 1.0429	   1.5209	        1.5214	          0.0004	   1.7074	3.227e-04	   0.022	   415.914
 681	171	 4.0682	 1.0428	   1.5209	        1.5214	          0.0004	   1.6360	3.403e-04	   0.024	   416.328
 682	171	 4.0686	 1.0425	   1.5209	        1.5214	          0.0004	   1.6280	4.887e-04	   0.020	   416.744
 683	171	 4.0681	 1.0422	   1.5209	        1.5214	          0.0004	   1.6196	5.884e-04	   0.020	   417.154
 684	171	 4.0681	 1.0432	   1.5209	        1.5214	          0.0004	   1.7249	1.655e-04	   0.026	   417.596
 685	172	 4.0681	 1.0432	   1.5209	        1.5214	          0.0004	   1.6456	1.755e-04	   0.022	   418.029
 686	172	 4.0684	 1.0436	   1.5209	        1.5214	          0.0004	   1.6718	8.118e-05	   0.021	   418.440
 687	172	 4.0683	 1.0427	   1.5209	        1.5214	          0.0004	   1.5771	3.714e-04	   0.023	   418.858
 688	172	 4.0682	 1.0427	   1.5209	        1.5214	          0.0004	   1.6493	3.781e-04	   0.024	   419.272
 689	173	 4.0683	 1.0420	   1.5209	        1.5214	          0.0004	   1.5969	6.757e-04	   0.022	   419.700
 690	173	 4.0683	 1.0427	   1.5209	        1.5214	          0.0004	   1.6946	4.029e-04	   0.020	   420.120
 691	173	 4.0682	 1.0424	   1.5209	        1.5214	          0.0004	   1.6228	5.252e-04	   0.026	   420.554
 692	173	 4.0684	 1.0420	   1.5209	        1.5214	          0.0004	   1.6133	6.869e-04	   0.026	   421.009
 693	174	 4.0683	 1.0425	   1.5209	        1.5214	          0.0004	   1.6874	4.585e-04	   0.022	   421.434
 694	174	 4.0686	 1.0424	   1.5209	        1.5214	          0.0004	   1.6405	5.396e-04	   0.023	   421.852
 695	174	 4.0682	 1.0426	   1.5209	        1.5214	          0.0004	   1.6538	4.373e-04	   0.024	   422.266
 696	174	 4.0680	 1.0422	   1.5209	        1.5214	          0.0004	   1.6073	6.204e-04	   0.020	   422.682
 697	175	 4.0680	 1.0424	   1.5209	        1.5214	          0.0004	   1.6630	5.360e-04	   0.020	   423.092
 698	175	 4.0680	 1.0435	   1.5209	        1.5214	          0.0004	   1.7407	9.391e-05	   0.024	   423.514
 699	175	 4.0684	 1.0428	   1.5209	        1.5214	          0.0004	   1.5980	3.299e-04	   0.024	   423.943
 700	175	 4.0680	 1.0421	   1.5209	        1.5214	          0.0004	   1.5707	6.690e-04	   0.024	   424.395
 701	176	 4.0683	 1.0421	   1.5209	        1.5214	          0.0004	   1.6529	6.730e-04	   0.022	   424.828
 702	176	 4.0681	 1.0420	   1.5209	        1.5214	          0.0004	   1.6346	6.953e-04	   0.024	   425.241
 703	176	 4.0680	 1.0424	   1.5209	        1.5214	          0.0004	   1.6764	5.272e-04	   0.022	   425.689
 704	176	 4.0674	 1.0418	   1.5209	        1.5214	          0.0004	   1.5778	7.957e-04	   0.021	   426.122
 705	177	 4.0676	 1.0417	   1.5209	        1.5214	          0.0004	   1.6491	8.205e-04	   0.028	   426.578
 706	177	 4.0673	 1.0424	   1.5209	        1.5214	          0.0004	   1.6884	5.420e-04	   0.024	   427.079
 707	177	 4.0672	 1.0424	   1.5209	        1.5214	          0.0004	   1.6503	5.001e-04	   0.022	   427.533
 708	177	 4.0673	 1.0420	   1.5209	        1.5214	          0.0004	   1.6037	7.108e-04	   0.022	   427.952
 709	178	 4.0678	 1.0413	   1.5209	        1.5214	          0.0004	   1.6002	1.020e-03	   0.024	   428.365
 710	178	 4.0676	 1.0416	   1.5209	        1.5214	          0.0004	   1.6608	8.682e-04	   0.020	   428.781
 711	178	 4.0678	 1.0412	   1.5209	        1.5214	          0.0004	   1.6187	1.054e-03	   0.022	   429.228
 712	178	 4.0673	 1.0414	   1.5209	        1.5214	          0.0004	   1.6533	9.579e-04	   0.024	   429.669
 713	179	 4.0677	 1.0414	   1.5209	        1.5214	          0.0004	   1.6574	9.501e-04	   0.022	   430.099
 714	179	 4.0673	 1.0417	   1.5209	        1.5214	          0.0004	   1.6608	8.407e-04	   0.021	   430.510
 715	179	 4.0676	 1.0419	   1.5209	        1.5214	          0.0004	   1.6658	7.483e-04	   0.022	   430.928
 716	179	 4.0677	 1.0415	   1.5209	        1.5214	          0.0004	   1.6099	9.032e-04	   0.024	   431.342
 717	180	 4.0678	 1.0416	   1.5209	        1.5214	          0.0004	   1.6558	8.566e-04	   0.022	   431.766
 718	180	 4.0678	 1.0418	   1.5209	        1.5214	          0.0004	   1.6616	7.784e-04	   0.020	   432.190
 719	180	 4.0680	 1.0418	   1.5209	        1.5214	          0.0004	   1.6442	7.951e-04	   0.026	   432.620
 720	180	 4.0677	 1.0418	   1.5209	        1.5214	          0.0004	   1.6400	7.997e-04	   0.026	   433.071
 721	181	 4.0671	 1.0422	   1.5209	        1.5214	          0.0004	   1.6697	6.257e-04	   0.021	   433.504
 722	181	 4.0669	 1.0425	   1.5209	        1.5214	          0.0004	   1.6632	4.904e-04	   0.023	   433.923
 723	181	 4.0672	 1.0419	   1.5209	        1.5214	          0.0004	   1.6073	7.287e-04	   0.024	   434.336
 724	181	 4.0676	 1.0417	   1.5209	        1.5214	          0.0004	   1.6376	8.244e-04	   0.020	   434.752
 725	182	 4.0676	 1.0416	   1.5209	        1.5214	          0.0004	   1.6289	8.837e-04	   0.020	   435.162
 726	182	 4.0678	 1.0415	   1.5209	        1.5214	          0.0004	   1.6529	9.217e-04	   0.024	   435.584
 727	182	 4.0676	 1.0420	   1.5209	        1.5214	          0.0004	   1.6839	6.754e-04	   0.022	   435.999
 728	182	 4.0674	 1.0419	   1.5209	        1.5214	          0.0004	   1.6306	7.334e-04	   0.021	   436.410
 729	183	 4.0677	 1.0426	   1.5209	        1.5214	          0.0004	   1.7121	4.455e-04	   0.022	   436.828
 730	183	 4.0677	 1.0424	   1.5209	        1.5214	          0.0004	   1.6309	5.246e-04	   0.024	   437.242
 731	183	 4.0675	 1.0423	   1.5209	        1.5214	          0.0004	   1.6283	5.756e-04	   0.020	   437.685
 732	183	 4.0675	 1.0421	   1.5209	        1.5214	          0.0004	   1.6254	6.598e-04	   0.022	   438.119
 733	184	 4.0674	 1.0415	   1.5209	        1.5214	          0.0004	   1.6013	9.042e-04	   0.024	   438.572
 734	184	 4.0676	 1.0417	   1.5209	        1.5214	          0.0004	   1.6576	8.462e-04	   0.028	   439.072
 735	184	 4.0677	 1.0414	   1.5209	        1.5214	          0.0004	   1.6266	9.518e-04	   0.024	   439.532
 736	184	 4.0675	 1.0423	   1.5209	        1.5214	          0.0004	   1.7075	5.760e-04	   0.022	   439.952
 737	185	 4.0674	 1.0415	   1.5209	        1.5214	          0.0004	   1.5834	9.087e-04	   0.024	   440.365
 738	185	 4.0675	 1.0417	   1.5209	        1.5214	          0.0004	   1.6582	8.325e-04	   0.020	   440.781
 739	185	 4.0677	 1.0420	   1.5209	        1.5214	          0.0004	   1.6721	7.080e-04	   0.021	   441.230
 740	185	 4.0677	 1.0420	   1.5209	        1.5214	          0.0004	   1.6463	6.994e-04	   0.024	   441.651
 741	186	 4.0673	 1.0419	   1.5209	        1.5214	          0.0004	   1.6332	7.552e-04	   0.022	   442.066
 742	186	 4.0669	 1.0415	   1.5209	        1.5214	          0.0004	   1.6030	8.976e-04	   0.021	   442.478
 743	186	 4.0672	 1.0410	   1.5209	        1.5214	          0.0004	   1.6063	1.130e-03	   0.025	   442.904
 744	186	 4.0672	 1.0422	   1.5209	        1.5214	          0.0004	   1.7460	6.225e-04	   0.026	   443.359
 745	187	 4.0675	 1.0425	   1.5209	        1.5214	          0.0004	   1.6787	4.643e-04	   0.024	   443.820
 746	187	 4.0674	 1.0429	   1.5209	        1.5214	          0.0004	   1.6783	2.883e-04	   0.022	   444.289
 747	187	 4.0671	 1.0424	   1.5209	        1.5214	          0.0004	   1.5986	5.330e-04	   0.026	   444.716
 748	187	 4.0672	 1.0425	   1.5209	        1.5214	          0.0004	   1.6533	4.805e-04	   0.026	   445.163
 749	188	 4.0677	 1.0419	   1.5209	        1.5214	          0.0004	   1.6012	7.360e-04	   0.021	   445.605
 750	188	 4.0675	 1.0424	   1.5209	        1.5214	          0.0004	   1.6853	5.290e-04	   0.023	   446.023
 751	188	 4.0675	 1.0419	   1.5209	        1.5214	          0.0004	   1.6032	7.518e-04	   0.024	   446.436
 752	188	 4.0673	 1.0422	   1.5209	        1.5214	          0.0004	   1.6639	6.248e-04	   0.022	   446.869
 753	189	 4.0670	 1.0426	   1.5209	        1.5214	          0.0004	   1.6889	4.193e-04	   0.022	   447.320
 754	189	 4.0668	 1.0429	   1.5209	        1.5214	          0.0004	   1.6659	2.847e-04	   0.025	   447.771
 755	189	 4.0667	 1.0431	   1.5209	        1.5214	          0.0004	   1.6509	2.364e-04	   0.022	   448.201
 756	189	 4.0671	 1.0423	   1.5209	        1.5214	          0.0004	   1.5790	5.676e-04	   0.022	   448.612
 757	190	 4.0671	 1.0426	   1.5209	        1.5214	          0.0004	   1.6648	4.392e-04	   0.023	   449.031
 758	190	 4.0673	 1.0424	   1.5209	        1.5214	          0.0004	   1.6372	5.008e-04	   0.024	   449.444
 759	190	 4.0676	 1.0424	   1.5209	        1.5214	          0.0004	   1.6457	5.232e-04	   0.022	   449.886
 760	190	 4.0673	 1.0422	   1.5209	        1.5214	          0.0004	   1.6239	6.243e-04	   0.023	   450.318
 761	191	 4.0673	 1.0422	   1.5209	        1.5214	          0.0004	   1.6466	6.192e-04	   0.026	   450.773
 762	191	 4.0672	 1.0421	   1.5209	        1.5214	          0.0004	   1.6315	6.630e-04	   0.026	   451.264
 763	191	 4.0673	 1.0419	   1.5209	        1.5214	          0.0004	   1.6310	7.456e-04	   0.026	   451.728
 764	191	 4.0672	 1.0417	   1.5209	        1.5214	          0.0004	   1.6290	8.220e-04	   0.022	   452.155
 765	192	 4.0668	 1.0418	   1.5209	        1.5214	          0.0004	   1.6449	7.792e-04	   0.026	   452.587
 766	192	 4.0668	 1.0413	   1.5209	        1.5214	          0.0004	   1.5944	9.959e-04	   0.021	   453.034
 767	192	 4.0673	 1.0411	   1.5209	        1.5214	          0.0004	   1.6399	1.093e-03	   0.020	   453.465
 768	192	 4.0671	 1.0417	   1.5209	        1.5214	          0.0004	   1.6874	8.303e-04	   0.024	   453.887
 769	193	 4.0667	 1.0416	   1.5209	        1.5214	          0.0004	   1.6330	8.552e-04	   0.022	   454.302
 770	193	 4.0664	 1.0418	   1.5209	        1.5214	          0.0004	   1.6567	7.691e-04	   0.021	   454.713
 771	193	 4.0668	 1.0413	   1.5209	        1.5214	          0.0004	   1.6073	9.921e-04	   0.022	   455.131
 772	193	 4.0671	 1.0416	   1.5209	        1.5214	          0.0004	   1.6785	8.515e-04	   0.024	   455.545
 773	194	 4.0677	 1.0412	   1.5209	        1.5214	          0.0004	   1.6230	1.026e-03	   0.020	   455.961
 774	194	 4.0671	 1.0415	   1.5209	        1.5214	          0.0004	   1.6482	9.076e-04	   0.020	   456.393
 775	194	 4.0674	 1.0415	   1.5209	        1.5214	          0.0004	   1.6462	9.371e-04	   0.024	   456.815
 776	194	 4.0672	 1.0417	   1.5209	        1.5214	          0.0004	   1.6673	8.371e-04	   0.026	   457.258
 777	195	 4.0669	 1.0422	   1.5209	        1.5214	          0.0004	   1.6901	6.075e-04	   0.021	   457.708
 778	195	 4.0666	 1.0414	   1.5209	        1.5214	          0.0004	   1.5656	9.573e-04	   0.023	   458.126
 779	195	 4.0669	 1.0415	   1.5209	        1.5214	          0.0004	   1.6553	9.139e-04	   0.024	   458.539
 780	195	 4.0673	 1.0415	   1.5209	        1.5214	          0.0004	   1.6629	9.002e-04	   0.020	   458.955
 781	196	 4.0674	 1.0411	   1.5209	        1.5214	          0.0004	   1.6093	1.097e-03	   0.020	   459.365
 782	196	 4.0674	 1.0412	   1.5209	        1.5214	          0.0004	   1.6544	1.049e-03	   0.024	   459.788
 783	196	 4.0673	 1.0421	   1.5209	        1.5214	          0.0004	   1.7260	6.423e-04	   0.022	   460.202
 784	196	 4.0672	 1.0420	   1.5209	        1.5214	          0.0004	   1.6336	6.915e-04	   0.022	   460.614
 785	197	 4.0676	 1.0412	   1.5209	        1.5214	          0.0004	   1.5936	1.026e-03	   0.023	   461.032
 786	197	 4.0674	 1.0417	   1.5209	        1.5214	          0.0004	   1.6720	8.400e-04	   0.024	   461.446
 787	197	 4.0673	 1.0416	   1.5209	        1.5214	          0.0004	   1.6324	8.824e-04	   0.021	   461.883
 788	197	 4.0676	 1.0418	   1.5209	        1.5214	          0.0004	   1.6749	7.709e-04	   0.022	   462.315
 789	198	 4.0676	 1.0419	   1.5209	        1.5214	          0.0004	   1.6469	7.318e-04	   0.024	   462.769
 790	198	 4.0678	 1.0416	   1.5209	        1.5214	          0.0004	   1.6261	8.800e-04	   0.027	   463.254
 791	198	 4.0679	 1.0417	   1.5209	        1.5214	          0.0004	   1.6617	8.372e-04	   0.026	   463.719
 792	198	 4.0676	 1.0421	   1.5209	        1.5214	          0.0004	   1.6724	6.523e-04	   0.022	   464.155
 793	199	 4.0674	 1.0426	   1.5209	        1.5214	          0.0004	   1.6761	4.543e-04	   0.026	   464.589
 794	199	 4.0672	 1.0425	   1.5209	        1.5214	          0.0004	   1.6396	4.929e-04	   0.020	   465.023
 795	199	 4.0673	 1.0419	   1.5209	        1.5214	          0.0004	   1.5912	7.382e-04	   0.020	   465.433
 796	199	 4.0672	 1.0420	   1.5209	        1.5214	          0.0004	   1.6538	6.745e-04	   0.024	   465.855
 797	200	 4.0666	 1.0415	   1.5209	        1.5214	          0.0004	   1.5755	9.219e-04	   0.022	   466.269
 798	200	 4.0665	 1.0419	   1.5209	        1.5214	          0.0004	   1.6821	7.548e-04	   0.021	   466.680
 799	200	 4.0665	 1.0424	   1.5209	        1.5214	          0.0004	   1.6927	5.279e-04	   0.022	   467.099
 800	200	 4.0673	 1.0422	   1.5209	        1.5214	          0.0004	   1.6497	5.979e-04	   0.024	   467.512

[BSGD] Finished on device cuda -> σ_f² ≈ 4.0673, σ_ε² ≈ 1.0422
