[GPU 5][JOB 134] 'python cli.py bsgd --n 1024 --lengthscale 0.5 --sigma-f2-true 4.0 --sigma-eps2-true 1.0 --n-epochs 200 --device auto --kernel-mode finite --theta-min 1e-4 --theta-max 20.0 --print-every 1 --seed 3 --batch-size 512 --sigma-f2-init 5.0 --sigma-eps2-init 3.0 --alpha1 9.0 '

=== BSGD (biased SGD on exact kernel) ===
iter	epoch	σ_f²	σ_ε²	real_nlml	real_nlml_true	real_nlml_abs_err	mini_nlml	||grad||	duration_s	wall_time_s
   1	 1	 4.5416	 2.1103	   1.6162	        1.5214	          0.0948	   1.6698	1.147e-01	   0.247	     0.427
   2	 1	 4.3716	 1.6100	   1.5601	        1.5214	          0.0388	   1.6053	1.045e-01	   0.063	     1.302
   3	 2	 4.2783	 1.3210	   1.5333	        1.5214	          0.0119	   1.5905	7.603e-02	   0.075	     2.095
   4	 2	 4.2461	 1.1534	   1.5233	        1.5214	          0.0019	   1.5708	3.950e-02	   0.060	     2.869
   5	 3	 4.2392	 1.0418	   1.5210	        1.5214	          0.0004	   1.5434	7.753e-04	   0.073	     3.679
   6	 3	 4.1962	 1.0906	   1.5214	        1.5214	          0.0000	   1.5988	1.893e-02	   0.062	     4.482
   7	 4	 4.1815	 1.0873	   1.5213	        1.5214	          0.0000	   1.5869	1.772e-02	   0.065	     5.303
   8	 4	 4.1756	 1.0544	   1.5210	        1.5214	          0.0004	   1.5603	4.706e-03	   0.086	     6.166
   9	 5	 4.1628	 1.1063	   1.5217	        1.5214	          0.0004	   1.6303	2.451e-02	   0.077	     7.015
  10	 5	 4.1522	 1.0372	   1.5209	        1.5214	          0.0004	   1.5051	2.825e-03	   0.082	     7.897
  11	 6	 4.1580	 1.0771	   1.5212	        1.5214	          0.0002	   1.6227	1.384e-02	   0.078	     8.747
  12	 6	 4.1462	 1.0348	   1.5210	        1.5214	          0.0004	   1.5185	3.904e-03	   0.072	     9.610
  13	 7	 4.1317	 1.0404	   1.5209	        1.5214	          0.0004	   1.5739	1.404e-03	   0.075	    10.484
  14	 7	 4.1351	 1.0417	   1.5209	        1.5214	          0.0004	   1.5733	8.165e-04	   0.080	    11.340
  15	 8	 4.1329	 1.0397	   1.5209	        1.5214	          0.0004	   1.5698	1.682e-03	   0.064	    12.185
  16	 8	 4.1254	 1.0489	   1.5209	        1.5214	          0.0004	   1.5847	2.349e-03	   0.074	    13.044
  17	 9	 4.1106	 1.0571	   1.5210	        1.5214	          0.0004	   1.5874	5.795e-03	   0.071	    13.896
  18	 9	 4.1169	 1.0467	   1.5209	        1.5214	          0.0004	   1.5574	1.384e-03	   0.077	    14.764
  19	10	 4.1069	 1.0450	   1.5209	        1.5214	          0.0004	   1.5691	6.639e-04	   0.072	    15.623
  20	10	 4.1152	 1.0468	   1.5209	        1.5214	          0.0004	   1.5772	1.432e-03	   0.085	    16.505
  21	11	 4.1246	 1.0471	   1.5209	        1.5214	          0.0004	   1.5775	1.563e-03	   0.075	    17.395
  22	11	 4.1131	 1.0422	   1.5209	        1.5214	          0.0004	   1.5563	6.005e-04	   0.080	    18.294
  23	12	 4.1120	 1.0472	   1.5209	        1.5214	          0.0004	   1.5856	1.582e-03	   0.076	    19.209
  24	12	 4.1075	 1.0419	   1.5209	        1.5214	          0.0004	   1.5556	7.270e-04	   0.076	    20.080
  25	13	 4.1062	 1.0359	   1.5209	        1.5214	          0.0004	   1.5529	3.390e-03	   0.088	    20.956
  26	13	 4.1022	 1.0441	   1.5209	        1.5214	          0.0004	   1.5913	2.738e-04	   0.068	    21.817
  27	14	 4.0949	 1.0390	   1.5209	        1.5214	          0.0004	   1.5547	2.028e-03	   0.081	    22.698
  28	14	 4.0982	 1.0488	   1.5209	        1.5214	          0.0004	   1.6011	2.284e-03	   0.073	    23.545
  29	15	 4.0983	 1.0407	   1.5209	        1.5214	          0.0004	   1.5446	1.242e-03	   0.071	    24.405
  30	15	 4.0983	 1.0431	   1.5209	        1.5214	          0.0004	   1.5805	2.478e-04	   0.073	    25.263
  31	16	 4.0974	 1.0421	   1.5209	        1.5214	          0.0004	   1.5692	6.313e-04	   0.075	    26.115
  32	16	 4.0941	 1.0453	   1.5209	        1.5214	          0.0004	   1.5796	7.787e-04	   0.064	    26.968
  33	17	 4.0862	 1.0440	   1.5209	        1.5214	          0.0004	   1.5644	2.104e-04	   0.077	    27.823
  34	17	 4.0898	 1.0448	   1.5209	        1.5214	          0.0004	   1.5755	5.628e-04	   0.068	    28.698
  35	18	 4.0905	 1.0470	   1.5209	        1.5214	          0.0004	   1.5807	1.484e-03	   0.070	    29.582
  36	18	 4.0911	 1.0445	   1.5209	        1.5214	          0.0004	   1.5641	4.309e-04	   0.080	    30.441
  37	19	 4.0922	 1.0533	   1.5210	        1.5214	          0.0004	   1.6114	4.206e-03	   0.084	    31.287
  38	19	 4.0877	 1.0428	   1.5209	        1.5214	          0.0004	   1.5251	3.679e-04	   0.088	    32.168
  39	20	 4.0890	 1.0335	   1.5210	        1.5214	          0.0004	   1.5279	4.479e-03	   0.072	    33.017
  40	20	 4.0884	 1.0458	   1.5209	        1.5214	          0.0004	   1.6250	9.803e-04	   0.075	    33.880
  41	21	 4.0843	 1.0425	   1.5209	        1.5214	          0.0004	   1.5522	4.647e-04	   0.079	    34.738
  42	21	 4.0870	 1.0458	   1.5209	        1.5214	          0.0004	   1.5909	9.965e-04	   0.079	    35.589
  43	22	 4.0823	 1.0489	   1.5209	        1.5214	          0.0004	   1.5831	2.307e-03	   0.069	    36.446
  44	22	 4.0867	 1.0456	   1.5209	        1.5214	          0.0004	   1.5621	9.104e-04	   0.078	    37.343
  45	23	 4.0829	 1.0490	   1.5209	        1.5214	          0.0004	   1.5864	2.364e-03	   0.075	    38.244
  46	23	 4.0884	 1.0432	   1.5209	        1.5214	          0.0004	   1.5483	1.721e-04	   0.082	    39.192
  47	24	 4.0861	 1.0495	   1.5209	        1.5214	          0.0004	   1.6004	2.571e-03	   0.081	    40.145
  48	24	 4.0858	 1.0453	   1.5209	        1.5214	          0.0004	   1.5528	7.471e-04	   0.083	    41.034
  49	25	 4.0847	 1.0481	   1.5209	        1.5214	          0.0004	   1.5912	1.956e-03	   0.069	    41.889
  50	25	 4.0860	 1.0439	   1.5209	        1.5214	          0.0004	   1.5464	1.983e-04	   0.085	    42.771
  51	26	 4.0899	 1.0441	   1.5209	        1.5214	          0.0004	   1.5790	2.608e-04	   0.077	    43.659
  52	26	 4.0902	 1.0408	   1.5209	        1.5214	          0.0004	   1.5501	1.212e-03	   0.075	    44.520
  53	27	 4.0883	 1.0395	   1.5209	        1.5214	          0.0004	   1.5575	1.803e-03	   0.080	    45.370
  54	27	 4.0886	 1.0414	   1.5209	        1.5214	          0.0004	   1.5857	9.586e-04	   0.072	    46.215
  55	28	 4.0869	 1.0405	   1.5209	        1.5214	          0.0004	   1.5654	1.355e-03	   0.077	    47.079
  56	28	 4.0885	 1.0416	   1.5209	        1.5214	          0.0004	   1.5761	8.848e-04	   0.070	    47.923
  57	29	 4.0863	 1.0508	   1.5209	        1.5214	          0.0004	   1.6284	3.136e-03	   0.079	    48.792
  58	29	 4.0851	 1.0437	   1.5209	        1.5214	          0.0004	   1.5262	1.128e-04	   0.077	    49.671
  59	30	 4.0825	 1.0456	   1.5209	        1.5214	          0.0004	   1.5796	8.829e-04	   0.077	    50.532
  60	30	 4.0863	 1.0436	   1.5209	        1.5214	          0.0004	   1.5661	1.058e-04	   0.068	    51.394
  61	31	 4.0866	 1.0450	   1.5209	        1.5214	          0.0004	   1.5837	6.376e-04	   0.077	    52.250
  62	31	 4.0868	 1.0431	   1.5209	        1.5214	          0.0004	   1.5583	2.348e-04	   0.066	    53.102
  63	32	 4.0871	 1.0430	   1.5209	        1.5214	          0.0004	   1.5711	2.517e-04	   0.071	    53.985
  64	32	 4.0860	 1.0426	   1.5209	        1.5214	          0.0004	   1.5669	4.183e-04	   0.080	    54.846
  65	33	 4.0872	 1.0419	   1.5209	        1.5214	          0.0004	   1.5683	7.448e-04	   0.082	    55.696
  66	33	 4.0849	 1.0435	   1.5209	        1.5214	          0.0004	   1.5798	1.088e-04	   0.077	    56.553
  67	34	 4.0882	 1.0450	   1.5209	        1.5214	          0.0004	   1.5873	6.206e-04	   0.080	    57.402
  68	34	 4.0847	 1.0442	   1.5209	        1.5214	          0.0004	   1.5610	2.963e-04	   0.074	    58.301
  69	35	 4.0808	 1.0489	   1.5209	        1.5214	          0.0004	   1.6067	2.341e-03	   0.074	    59.157
  70	35	 4.0839	 1.0451	   1.5209	        1.5214	          0.0004	   1.5450	6.948e-04	   0.086	    60.041
  71	36	 4.0861	 1.0428	   1.5209	        1.5214	          0.0004	   1.5557	3.413e-04	   0.076	    60.970
  72	36	 4.0843	 1.0452	   1.5209	        1.5214	          0.0004	   1.5899	7.348e-04	   0.079	    61.864
  73	37	 4.0885	 1.0485	   1.5209	        1.5214	          0.0004	   1.6063	2.150e-03	   0.065	    62.712
  74	37	 4.0848	 1.0434	   1.5209	        1.5214	          0.0004	   1.5248	1.295e-04	   0.078	    63.588
  75	38	 4.0832	 1.0412	   1.5209	        1.5214	          0.0004	   1.5518	1.033e-03	   0.072	    64.477
  76	38	 4.0827	 1.0432	   1.5209	        1.5214	          0.0004	   1.5872	1.800e-04	   0.075	    65.335
  77	39	 4.0844	 1.0384	   1.5209	        1.5214	          0.0004	   1.5291	2.310e-03	   0.077	    66.197
  78	39	 4.0821	 1.0441	   1.5209	        1.5214	          0.0004	   1.6190	2.452e-04	   0.081	    67.052
  79	40	 4.0824	 1.0397	   1.5209	        1.5214	          0.0004	   1.5291	1.726e-03	   0.068	    67.907
  80	40	 4.0817	 1.0436	   1.5209	        1.5214	          0.0004	   1.6075	9.701e-05	   0.076	    68.765
  81	41	 4.0801	 1.0500	   1.5209	        1.5214	          0.0004	   1.6292	2.805e-03	   0.084	    69.622
  82	41	 4.0827	 1.0442	   1.5209	        1.5214	          0.0004	   1.5219	2.882e-04	   0.070	    70.462
  83	42	 4.0815	 1.0450	   1.5209	        1.5214	          0.0004	   1.5795	6.441e-04	   0.079	    71.347
  84	42	 4.0818	 1.0448	   1.5209	        1.5214	          0.0004	   1.5704	5.455e-04	   0.074	    72.220
  85	43	 4.0817	 1.0420	   1.5209	        1.5214	          0.0004	   1.5437	6.945e-04	   0.077	    73.087
  86	43	 4.0820	 1.0454	   1.5209	        1.5214	          0.0004	   1.6046	8.239e-04	   0.068	    73.938
  87	44	 4.0798	 1.0413	   1.5209	        1.5214	          0.0004	   1.5266	1.015e-03	   0.081	    74.823
  88	44	 4.0825	 1.0452	   1.5209	        1.5214	          0.0004	   1.6151	7.357e-04	   0.075	    75.739
  89	45	 4.0837	 1.0474	   1.5209	        1.5214	          0.0004	   1.5965	1.668e-03	   0.076	    76.634
  90	45	 4.0829	 1.0454	   1.5209	        1.5214	          0.0004	   1.5516	8.122e-04	   0.068	    77.509
  91	46	 4.0844	 1.0462	   1.5209	        1.5214	          0.0004	   1.5826	1.144e-03	   0.075	    78.411
  92	46	 4.0829	 1.0441	   1.5209	        1.5214	          0.0004	   1.5492	2.431e-04	   0.085	    79.326
  93	47	 4.0823	 1.0413	   1.5209	        1.5214	          0.0004	   1.5425	9.860e-04	   0.079	    80.217
  94	47	 4.0821	 1.0423	   1.5209	        1.5214	          0.0004	   1.5806	5.600e-04	   0.096	    81.149
  95	48	 4.0810	 1.0408	   1.5209	        1.5214	          0.0004	   1.5534	1.218e-03	   0.081	    82.066
  96	48	 4.0804	 1.0432	   1.5209	        1.5214	          0.0004	   1.5949	1.916e-04	   0.076	    82.989
  97	49	 4.0782	 1.0429	   1.5209	        1.5214	          0.0004	   1.5673	2.885e-04	   0.085	    83.866
  98	49	 4.0795	 1.0428	   1.5209	        1.5214	          0.0004	   1.5700	3.412e-04	   0.082	    84.716
  99	50	 4.0803	 1.0392	   1.5209	        1.5214	          0.0004	   1.5310	1.917e-03	   0.065	    85.582
 100	50	 4.0788	 1.0442	   1.5209	        1.5214	          0.0004	   1.6237	2.754e-04	   0.079	    86.470
 101	51	 4.0783	 1.0432	   1.5209	        1.5214	          0.0004	   1.5578	1.892e-04	   0.069	    87.325
 102	51	 4.0787	 1.0433	   1.5209	        1.5214	          0.0004	   1.5754	1.615e-04	   0.071	    88.188
 103	52	 4.0780	 1.0425	   1.5209	        1.5214	          0.0004	   1.5600	4.650e-04	   0.072	    89.040
 104	52	 4.0783	 1.0444	   1.5209	        1.5214	          0.0004	   1.5953	3.650e-04	   0.079	    89.894
 105	53	 4.0781	 1.0477	   1.5209	        1.5214	          0.0004	   1.6116	1.800e-03	   0.072	    90.754
 106	53	 4.0776	 1.0450	   1.5209	        1.5214	          0.0004	   1.5404	6.493e-04	   0.078	    91.606
 107	54	 4.0755	 1.0471	   1.5209	        1.5214	          0.0004	   1.5968	1.557e-03	   0.072	    92.480
 108	54	 4.0760	 1.0450	   1.5209	        1.5214	          0.0004	   1.5453	6.471e-04	   0.080	    93.357
 109	55	 4.0746	 1.0454	   1.5209	        1.5214	          0.0004	   1.5713	7.855e-04	   0.079	    94.216
 110	55	 4.0750	 1.0451	   1.5209	        1.5214	          0.0004	   1.5713	6.773e-04	   0.073	    95.061
 111	56	 4.0785	 1.0443	   1.5209	        1.5214	          0.0004	   1.5692	3.202e-04	   0.080	    95.929
 112	56	 4.0756	 1.0452	   1.5209	        1.5214	          0.0004	   1.5786	7.283e-04	   0.072	    96.799
 113	57	 4.0746	 1.0457	   1.5209	        1.5214	          0.0004	   1.5788	9.584e-04	   0.072	    97.658
 114	57	 4.0749	 1.0446	   1.5209	        1.5214	          0.0004	   1.5550	4.403e-04	   0.071	    98.517
 115	58	 4.0746	 1.0431	   1.5209	        1.5214	          0.0004	   1.5496	2.372e-04	   0.076	    99.389
 116	58	 4.0749	 1.0446	   1.5209	        1.5214	          0.0004	   1.5940	4.739e-04	   0.063	   100.253
 117	59	 4.0730	 1.0442	   1.5209	        1.5214	          0.0004	   1.5619	2.831e-04	   0.080	   101.114
 118	59	 4.0739	 1.0448	   1.5209	        1.5214	          0.0004	   1.5828	5.554e-04	   0.072	   101.981
 119	60	 4.0740	 1.0432	   1.5209	        1.5214	          0.0004	   1.5508	1.899e-04	   0.069	   102.897
 120	60	 4.0745	 1.0440	   1.5209	        1.5214	          0.0004	   1.5826	2.128e-04	   0.083	   103.806
 121	61	 4.0760	 1.0453	   1.5209	        1.5214	          0.0004	   1.5919	7.659e-04	   0.086	   104.682
 122	61	 4.0737	 1.0435	   1.5209	        1.5214	          0.0004	   1.5438	8.813e-05	   0.078	   105.542
 123	62	 4.0715	 1.0458	   1.5209	        1.5214	          0.0004	   1.5972	9.636e-04	   0.080	   106.395
 124	62	 4.0720	 1.0436	   1.5209	        1.5214	          0.0004	   1.5441	9.047e-05	   0.077	   107.292
 125	63	 4.0721	 1.0441	   1.5209	        1.5214	          0.0004	   1.5780	2.361e-04	   0.080	   108.172
 126	63	 4.0722	 1.0437	   1.5209	        1.5214	          0.0004	   1.5676	1.048e-04	   0.073	   109.016
 127	64	 4.0730	 1.0464	   1.5209	        1.5214	          0.0004	   1.6167	1.253e-03	   0.067	   109.860
 128	64	 4.0718	 1.0434	   1.5209	        1.5214	          0.0004	   1.5222	1.058e-04	   0.074	   110.723
 129	65	 4.0722	 1.0441	   1.5209	        1.5214	          0.0004	   1.5836	2.426e-04	   0.064	   111.569
 130	65	 4.0725	 1.0436	   1.5209	        1.5214	          0.0004	   1.5640	8.600e-05	   0.075	   112.437
 131	66	 4.0732	 1.0451	   1.5209	        1.5214	          0.0004	   1.5977	6.709e-04	   0.074	   113.295
 132	66	 4.0724	 1.0439	   1.5209	        1.5214	          0.0004	   1.5500	1.838e-04	   0.081	   114.169
 133	67	 4.0739	 1.0443	   1.5209	        1.5214	          0.0004	   1.5817	3.387e-04	   0.069	   115.042
 134	67	 4.0721	 1.0440	   1.5209	        1.5214	          0.0004	   1.5616	2.112e-04	   0.080	   115.898
 135	68	 4.0725	 1.0434	   1.5209	        1.5214	          0.0004	   1.5653	1.168e-04	   0.070	   116.755
 136	68	 4.0727	 1.0423	   1.5209	        1.5214	          0.0004	   1.5523	5.594e-04	   0.078	   117.624
 137	69	 4.0719	 1.0429	   1.5209	        1.5214	          0.0004	   1.5763	3.110e-04	   0.085	   118.493
 138	69	 4.0724	 1.0430	   1.5209	        1.5214	          0.0004	   1.5759	2.785e-04	   0.078	   119.355
 139	70	 4.0719	 1.0433	   1.5209	        1.5214	          0.0004	   1.5779	1.405e-04	   0.084	   120.266
 140	70	 4.0723	 1.0436	   1.5209	        1.5214	          0.0004	   1.5737	8.573e-05	   0.076	   121.173
 141	71	 4.0727	 1.0416	   1.5209	        1.5214	          0.0004	   1.5399	8.773e-04	   0.081	   122.056
 142	71	 4.0713	 1.0433	   1.5209	        1.5214	          0.0004	   1.5969	1.313e-04	   0.074	   122.950
 143	72	 4.0708	 1.0434	   1.5209	        1.5214	          0.0004	   1.5715	1.059e-04	   0.079	   123.836
 144	72	 4.0706	 1.0435	   1.5209	        1.5214	          0.0004	   1.5725	8.731e-05	   0.072	   124.729
 145	73	 4.0719	 1.0456	   1.5209	        1.5214	          0.0004	   1.6075	8.738e-04	   0.078	   125.635
 146	73	 4.0704	 1.0439	   1.5209	        1.5214	          0.0004	   1.5421	1.664e-04	   0.064	   126.499
 147	74	 4.0704	 1.0450	   1.5209	        1.5214	          0.0004	   1.5915	6.531e-04	   0.070	   127.360
 148	74	 4.0696	 1.0444	   1.5209	        1.5214	          0.0004	   1.5591	3.632e-04	   0.079	   128.243
 149	75	 4.0690	 1.0440	   1.5209	        1.5214	          0.0004	   1.5624	2.068e-04	   0.080	   129.113
 150	75	 4.0694	 1.0439	   1.5209	        1.5214	          0.0004	   1.5730	1.711e-04	   0.082	   129.982
 151	76	 4.0687	 1.0425	   1.5209	        1.5214	          0.0004	   1.5454	4.831e-04	   0.076	   130.833
 152	76	 4.0686	 1.0443	   1.5209	        1.5214	          0.0004	   1.6032	3.477e-04	   0.073	   131.694
 153	77	 4.0687	 1.0449	   1.5209	        1.5214	          0.0004	   1.5825	5.991e-04	   0.074	   132.549
 154	77	 4.0685	 1.0450	   1.5209	        1.5214	          0.0004	   1.5724	6.201e-04	   0.084	   133.405
 155	78	 4.0686	 1.0458	   1.5209	        1.5214	          0.0004	   1.5875	9.658e-04	   0.065	   134.246
 156	78	 4.0683	 1.0450	   1.5209	        1.5214	          0.0004	   1.5566	6.157e-04	   0.078	   135.125
 157	79	 4.0661	 1.0440	   1.5209	        1.5214	          0.0004	   1.5506	1.894e-04	   0.076	   135.995
 158	79	 4.0683	 1.0445	   1.5209	        1.5214	          0.0004	   1.5860	4.158e-04	   0.075	   136.870
 159	80	 4.0685	 1.0454	   1.5209	        1.5214	          0.0004	   1.5872	7.918e-04	   0.069	   137.722
 160	80	 4.0681	 1.0449	   1.5209	        1.5214	          0.0004	   1.5637	5.976e-04	   0.082	   138.572
 161	81	 4.0683	 1.0449	   1.5209	        1.5214	          0.0004	   1.5712	6.085e-04	   0.074	   139.452
 162	81	 4.0675	 1.0448	   1.5209	        1.5214	          0.0004	   1.5689	5.547e-04	   0.082	   140.308
 163	82	 4.0670	 1.0428	   1.5209	        1.5214	          0.0004	   1.5316	3.296e-04	   0.071	   141.195
 164	82	 4.0674	 1.0449	   1.5209	        1.5214	          0.0004	   1.6132	5.738e-04	   0.077	   142.060
 165	83	 4.0670	 1.0454	   1.5209	        1.5214	          0.0004	   1.5804	7.880e-04	   0.084	   142.918
 166	83	 4.0683	 1.0445	   1.5209	        1.5214	          0.0004	   1.5593	4.048e-04	   0.070	   143.789
 167	84	 4.0684	 1.0438	   1.5209	        1.5214	          0.0004	   1.5641	1.456e-04	   0.080	   144.659
 168	84	 4.0677	 1.0452	   1.5209	        1.5214	          0.0004	   1.5924	7.367e-04	   0.072	   145.535
 169	85	 4.0682	 1.0469	   1.5209	        1.5214	          0.0004	   1.6050	1.456e-03	   0.076	   146.450
 170	85	 4.0672	 1.0458	   1.5209	        1.5214	          0.0004	   1.5494	9.857e-04	   0.076	   147.335
 171	86	 4.0678	 1.0453	   1.5209	        1.5214	          0.0004	   1.5633	7.572e-04	   0.074	   148.186
 172	86	 4.0675	 1.0458	   1.5209	        1.5214	          0.0004	   1.5827	9.774e-04	   0.071	   149.046
 173	87	 4.0662	 1.0472	   1.5209	        1.5214	          0.0004	   1.5995	1.598e-03	   0.077	   149.933
 174	87	 4.0668	 1.0456	   1.5209	        1.5214	          0.0004	   1.5394	8.710e-04	   0.072	   150.807
 175	88	 4.0670	 1.0442	   1.5209	        1.5214	          0.0004	   1.5447	2.683e-04	   0.068	   151.665
 176	88	 4.0667	 1.0450	   1.5209	        1.5214	          0.0004	   1.5897	6.507e-04	   0.076	   152.521
 177	89	 4.0674	 1.0461	   1.5209	        1.5214	          0.0004	   1.5969	1.113e-03	   0.086	   153.372
 178	89	 4.0668	 1.0449	   1.5209	        1.5214	          0.0004	   1.5441	5.733e-04	   0.084	   154.236
 179	90	 4.0661	 1.0452	   1.5209	        1.5214	          0.0004	   1.5769	7.305e-04	   0.074	   155.079
 180	90	 4.0663	 1.0454	   1.5209	        1.5214	          0.0004	   1.5774	8.176e-04	   0.078	   155.981
 181	91	 4.0669	 1.0434	   1.5209	        1.5214	          0.0004	   1.5317	1.221e-04	   0.084	   156.911
 182	91	 4.0663	 1.0455	   1.5209	        1.5214	          0.0004	   1.6135	8.377e-04	   0.078	   157.825
 183	92	 4.0670	 1.0456	   1.5209	        1.5214	          0.0004	   1.5765	8.726e-04	   0.066	   158.690
 184	92	 4.0658	 1.0456	   1.5209	        1.5214	          0.0004	   1.5692	9.117e-04	   0.076	   159.571
 185	93	 4.0664	 1.0458	   1.5209	        1.5214	          0.0004	   1.5791	9.776e-04	   0.077	   160.441
 186	93	 4.0655	 1.0457	   1.5209	        1.5214	          0.0004	   1.5680	9.418e-04	   0.079	   161.406
 187	94	 4.0658	 1.0440	   1.5209	        1.5214	          0.0004	   1.5352	1.892e-04	   0.079	   162.319
 188	94	 4.0654	 1.0456	   1.5209	        1.5214	          0.0004	   1.6064	8.802e-04	   0.077	   163.186
 189	95	 4.0649	 1.0452	   1.5209	        1.5214	          0.0004	   1.5611	7.033e-04	   0.077	   164.077
 190	95	 4.0653	 1.0452	   1.5209	        1.5214	          0.0004	   1.5748	7.023e-04	   0.079	   164.951
 191	96	 4.0651	 1.0453	   1.5209	        1.5214	          0.0004	   1.5749	7.771e-04	   0.073	   165.827
 192	96	 4.0651	 1.0451	   1.5209	        1.5214	          0.0004	   1.5675	6.680e-04	   0.079	   166.699
 193	97	 4.0654	 1.0461	   1.5209	        1.5214	          0.0004	   1.5937	1.121e-03	   0.084	   167.588
 194	97	 4.0648	 1.0449	   1.5209	        1.5214	          0.0004	   1.5462	5.974e-04	   0.076	   168.479
 195	98	 4.0659	 1.0439	   1.5209	        1.5214	          0.0004	   1.5502	1.587e-04	   0.079	   169.357
 196	98	 4.0647	 1.0452	   1.5209	        1.5214	          0.0004	   1.5986	7.132e-04	   0.073	   170.202
 197	99	 4.0641	 1.0451	   1.5209	        1.5214	          0.0004	   1.5713	6.869e-04	   0.083	   171.089
 198	99	 4.0646	 1.0449	   1.5209	        1.5214	          0.0004	   1.5671	6.001e-04	   0.078	   171.976
 199	100	 4.0645	 1.0451	   1.5209	        1.5214	          0.0004	   1.5753	6.821e-04	   0.069	   172.826
 200	100	 4.0646	 1.0439	   1.5209	        1.5214	          0.0004	   1.5451	1.563e-04	   0.065	   173.681
 201	101	 4.0652	 1.0449	   1.5209	        1.5214	          0.0004	   1.5984	5.876e-04	   0.077	   174.537
 202	101	 4.0644	 1.0440	   1.5209	        1.5214	          0.0004	   1.5478	2.146e-04	   0.065	   175.389
 203	102	 4.0644	 1.0436	   1.5209	        1.5214	          0.0004	   1.5607	7.645e-05	   0.069	   176.249
 204	102	 4.0646	 1.0437	   1.5209	        1.5214	          0.0004	   1.5758	9.160e-05	   0.082	   177.113
 205	103	 4.0654	 1.0422	   1.5209	        1.5214	          0.0004	   1.5361	6.241e-04	   0.084	   177.977
 206	103	 4.0643	 1.0434	   1.5209	        1.5214	          0.0004	   1.5982	1.057e-04	   0.081	   178.858
 207	104	 4.0659	 1.0422	   1.5209	        1.5214	          0.0004	   1.5471	6.033e-04	   0.078	   179.708
 208	104	 4.0647	 1.0430	   1.5209	        1.5214	          0.0004	   1.5868	2.594e-04	   0.074	   180.572
 209	105	 4.0649	 1.0431	   1.5209	        1.5214	          0.0004	   1.5754	2.178e-04	   0.074	   181.427
 210	105	 4.0646	 1.0429	   1.5209	        1.5214	          0.0004	   1.5664	2.871e-04	   0.085	   182.334
 211	106	 4.0641	 1.0440	   1.5209	        1.5214	          0.0004	   1.5967	2.094e-04	   0.067	   183.187
 212	106	 4.0645	 1.0432	   1.5209	        1.5214	          0.0004	   1.5543	1.653e-04	   0.074	   184.049
 213	107	 4.0640	 1.0418	   1.5209	        1.5214	          0.0004	   1.5352	7.981e-04	   0.069	   184.908
 214	107	 4.0650	 1.0426	   1.5209	        1.5214	          0.0004	   1.5923	4.386e-04	   0.074	   185.802
 215	108	 4.0650	 1.0419	   1.5209	        1.5214	          0.0004	   1.5558	7.255e-04	   0.072	   186.656
 216	108	 4.0647	 1.0430	   1.5209	        1.5214	          0.0004	   1.5936	2.765e-04	   0.077	   187.501
 217	109	 4.0644	 1.0432	   1.5209	        1.5214	          0.0004	   1.5778	1.767e-04	   0.080	   188.391
 218	109	 4.0653	 1.0429	   1.5209	        1.5214	          0.0004	   1.5658	3.172e-04	   0.086	   189.303
 219	110	 4.0658	 1.0437	   1.5209	        1.5214	          0.0004	   1.5943	9.107e-05	   0.069	   190.183
 220	110	 4.0649	 1.0427	   1.5209	        1.5214	          0.0004	   1.5439	3.725e-04	   0.076	   191.042
 221	111	 4.0647	 1.0425	   1.5209	        1.5214	          0.0004	   1.5623	4.952e-04	   0.086	   191.900
 222	111	 4.0645	 1.0433	   1.5209	        1.5214	          0.0004	   1.5945	1.257e-04	   0.074	   192.776
 223	112	 4.0641	 1.0430	   1.5209	        1.5214	          0.0004	   1.5636	2.724e-04	   0.078	   193.655
 224	112	 4.0646	 1.0431	   1.5209	        1.5214	          0.0004	   1.5702	2.379e-04	   0.074	   194.507
 225	113	 4.0648	 1.0439	   1.5209	        1.5214	          0.0004	   1.5961	1.628e-04	   0.076	   195.374
 226	113	 4.0647	 1.0428	   1.5209	        1.5214	          0.0004	   1.5394	3.657e-04	   0.068	   196.225
 227	114	 4.0633	 1.0435	   1.5209	        1.5214	          0.0004	   1.5859	7.798e-05	   0.077	   197.076
 228	114	 4.0647	 1.0428	   1.5209	        1.5214	          0.0004	   1.5566	3.500e-04	   0.065	   197.928
 229	115	 4.0652	 1.0426	   1.5209	        1.5214	          0.0004	   1.5663	4.396e-04	   0.073	   198.782
 230	115	 4.0650	 1.0425	   1.5209	        1.5214	          0.0004	   1.5704	4.793e-04	   0.069	   199.660
 231	116	 4.0649	 1.0431	   1.5209	        1.5214	          0.0004	   1.5846	2.204e-04	   0.073	   200.549
 232	116	 4.0644	 1.0424	   1.5209	        1.5214	          0.0004	   1.5535	5.288e-04	   0.077	   201.406
 233	117	 4.0644	 1.0423	   1.5209	        1.5214	          0.0004	   1.5687	5.479e-04	   0.086	   202.318
 234	117	 4.0640	 1.0421	   1.5209	        1.5214	          0.0004	   1.5636	6.606e-04	   0.086	   203.246
 235	118	 4.0634	 1.0424	   1.5209	        1.5214	          0.0004	   1.5786	5.058e-04	   0.075	   204.122
 236	118	 4.0640	 1.0423	   1.5209	        1.5214	          0.0004	   1.5696	5.508e-04	   0.076	   204.987
 237	119	 4.0645	 1.0423	   1.5209	        1.5214	          0.0004	   1.5720	5.533e-04	   0.084	   205.889
 238	119	 4.0641	 1.0420	   1.5209	        1.5214	          0.0004	   1.5607	7.021e-04	   0.083	   206.767
 239	120	 4.0636	 1.0423	   1.5209	        1.5214	          0.0004	   1.5734	5.772e-04	   0.057	   207.581
 240	120	 4.0637	 1.0416	   1.5209	        1.5214	          0.0004	   1.5541	8.863e-04	   0.073	   208.394
 241	121	 4.0628	 1.0419	   1.5209	        1.5214	          0.0004	   1.5750	7.497e-04	   0.065	   209.212
 242	121	 4.0635	 1.0416	   1.5209	        1.5214	          0.0004	   1.5679	8.641e-04	   0.069	   210.079
 243	122	 4.0636	 1.0407	   1.5209	        1.5214	          0.0004	   1.5471	1.270e-03	   0.076	   210.941
 244	122	 4.0639	 1.0418	   1.5209	        1.5214	          0.0004	   1.6002	8.025e-04	   0.069	   211.753
 245	123	 4.0632	 1.0423	   1.5209	        1.5214	          0.0004	   1.5827	5.684e-04	   0.060	   212.527
 246	123	 4.0635	 1.0419	   1.5209	        1.5214	          0.0004	   1.5624	7.486e-04	   0.059	   213.234
 247	124	 4.0632	 1.0432	   1.5209	        1.5214	          0.0004	   1.6075	1.947e-04	   0.061	   213.906
 248	124	 4.0630	 1.0422	   1.5209	        1.5214	          0.0004	   1.5405	6.247e-04	   0.059	   214.570
 249	125	 4.0630	 1.0414	   1.5209	        1.5214	          0.0004	   1.5500	9.814e-04	   0.058	   215.227
 250	125	 4.0632	 1.0417	   1.5209	        1.5214	          0.0004	   1.5801	8.163e-04	   0.055	   215.881
 251	126	 4.0622	 1.0410	   1.5209	        1.5214	          0.0004	   1.5431	1.154e-03	   0.058	   216.531
 252	126	 4.0627	 1.0414	   1.5209	        1.5214	          0.0004	   1.5853	9.798e-04	   0.062	   217.198
 253	127	 4.0634	 1.0420	   1.5209	        1.5214	          0.0004	   1.5928	7.118e-04	   0.052	   217.851
 254	127	 4.0627	 1.0413	   1.5209	        1.5214	          0.0004	   1.5474	9.970e-04	   0.063	   218.519
 255	128	 4.0623	 1.0409	   1.5209	        1.5214	          0.0004	   1.5569	1.173e-03	   0.059	   219.210
 256	128	 4.0631	 1.0414	   1.5209	        1.5214	          0.0004	   1.5889	9.562e-04	   0.057	   219.866
 257	129	 4.0628	 1.0409	   1.5209	        1.5214	          0.0004	   1.5531	1.179e-03	   0.056	   220.526
 258	129	 4.0634	 1.0417	   1.5209	        1.5214	          0.0004	   1.5974	8.270e-04	   0.052	   221.215
 259	130	 4.0631	 1.0422	   1.5209	        1.5214	          0.0004	   1.5840	6.293e-04	   0.056	   221.900
 260	130	 4.0634	 1.0415	   1.5209	        1.5214	          0.0004	   1.5535	8.968e-04	   0.054	   222.549
 261	131	 4.0630	 1.0413	   1.5209	        1.5214	          0.0004	   1.5603	1.006e-03	   0.058	   223.241
 262	131	 4.0636	 1.0412	   1.5209	        1.5214	          0.0004	   1.5721	1.030e-03	   0.063	   223.906
 263	132	 4.0634	 1.0427	   1.5209	        1.5214	          0.0004	   1.6133	4.088e-04	   0.047	   224.557
 264	132	 4.0636	 1.0416	   1.5209	        1.5214	          0.0004	   1.5373	8.896e-04	   0.059	   225.220
 265	133	 4.0633	 1.0414	   1.5209	        1.5214	          0.0004	   1.5612	9.720e-04	   0.059	   225.879
 266	133	 4.0634	 1.0418	   1.5209	        1.5214	          0.0004	   1.5869	7.731e-04	   0.052	   226.552
 267	134	 4.0635	 1.0410	   1.5209	        1.5214	          0.0004	   1.5468	1.152e-03	   0.066	   227.275
 268	134	 4.0632	 1.0422	   1.5209	        1.5214	          0.0004	   1.6053	6.265e-04	   0.059	   227.948
 269	135	 4.0632	 1.0420	   1.5209	        1.5214	          0.0004	   1.5664	6.843e-04	   0.053	   228.615
 270	135	 4.0630	 1.0421	   1.5209	        1.5214	          0.0004	   1.5747	6.403e-04	   0.055	   229.269
 271	136	 4.0630	 1.0420	   1.5209	        1.5214	          0.0004	   1.5667	6.847e-04	   0.061	   229.963
 272	136	 4.0633	 1.0423	   1.5209	        1.5214	          0.0004	   1.5804	5.684e-04	   0.059	   230.640
 273	137	 4.0636	 1.0418	   1.5209	        1.5214	          0.0004	   1.5603	7.753e-04	   0.060	   231.306
 274	137	 4.0635	 1.0420	   1.5209	        1.5214	          0.0004	   1.5732	7.037e-04	   0.055	   232.005
 275	138	 4.0630	 1.0413	   1.5209	        1.5214	          0.0004	   1.5515	9.850e-04	   0.066	   232.722
 276	138	 4.0632	 1.0424	   1.5209	        1.5214	          0.0004	   1.6012	5.341e-04	   0.054	   233.401
 277	139	 4.0633	 1.0429	   1.5209	        1.5214	          0.0004	   1.5868	3.141e-04	   0.058	   234.052
 278	139	 4.0632	 1.0426	   1.5209	        1.5214	          0.0004	   1.5638	4.344e-04	   0.057	   234.712
 279	140	 4.0634	 1.0431	   1.5209	        1.5214	          0.0004	   1.5912	2.134e-04	   0.067	   235.428
 280	140	 4.0631	 1.0422	   1.5209	        1.5214	          0.0004	   1.5383	5.870e-04	   0.061	   236.149
 281	141	 4.0628	 1.0428	   1.5209	        1.5214	          0.0004	   1.5867	3.628e-04	   0.062	   236.875
 282	141	 4.0627	 1.0424	   1.5209	        1.5214	          0.0004	   1.5568	5.356e-04	   0.060	   237.561
 283	142	 4.0630	 1.0428	   1.5209	        1.5214	          0.0004	   1.5864	3.507e-04	   0.048	   238.218
 284	142	 4.0625	 1.0425	   1.5209	        1.5214	          0.0004	   1.5577	4.870e-04	   0.067	   238.918
 285	143	 4.0624	 1.0423	   1.5209	        1.5214	          0.0004	   1.5668	5.509e-04	   0.052	   239.598
 286	143	 4.0622	 1.0425	   1.5209	        1.5214	          0.0004	   1.5756	4.701e-04	   0.046	   240.275
 287	144	 4.0626	 1.0439	   1.5209	        1.5214	          0.0004	   1.6171	1.660e-04	   0.053	   240.932
 288	144	 4.0626	 1.0427	   1.5209	        1.5214	          0.0004	   1.5300	4.111e-04	   0.062	   241.591
 289	145	 4.0624	 1.0424	   1.5209	        1.5214	          0.0004	   1.5629	5.323e-04	   0.058	   242.253
 290	145	 4.0628	 1.0425	   1.5209	        1.5214	          0.0004	   1.5753	4.886e-04	   0.061	   242.900
 291	146	 4.0632	 1.0419	   1.5209	        1.5214	          0.0004	   1.5556	7.272e-04	   0.063	   243.617
 292	146	 4.0629	 1.0427	   1.5209	        1.5214	          0.0004	   1.5961	3.818e-04	   0.070	   244.325
 293	147	 4.0628	 1.0427	   1.5209	        1.5214	          0.0004	   1.5714	3.746e-04	   0.055	   244.984
 294	147	 4.0632	 1.0426	   1.5209	        1.5214	          0.0004	   1.5675	4.407e-04	   0.056	   245.635
 295	148	 4.0634	 1.0420	   1.5209	        1.5214	          0.0004	   1.5520	6.794e-04	   0.069	   246.323
 296	148	 4.0629	 1.0425	   1.5209	        1.5214	          0.0004	   1.5839	4.844e-04	   0.053	   246.992
 297	149	 4.0621	 1.0419	   1.5209	        1.5214	          0.0004	   1.5452	7.546e-04	   0.054	   247.662
 298	149	 4.0625	 1.0425	   1.5209	        1.5214	          0.0004	   1.5944	4.833e-04	   0.052	   248.319
 299	150	 4.0625	 1.0428	   1.5209	        1.5214	          0.0004	   1.5820	3.611e-04	   0.058	   248.980
 300	150	 4.0627	 1.0426	   1.5209	        1.5214	          0.0004	   1.5651	4.338e-04	   0.049	   249.630
 301	151	 4.0622	 1.0425	   1.5209	        1.5214	          0.0004	   1.5630	4.772e-04	   0.058	   250.286
 302	151	 4.0628	 1.0427	   1.5209	        1.5214	          0.0004	   1.5841	3.834e-04	   0.053	   250.946
 303	152	 4.0629	 1.0407	   1.5209	        1.5214	          0.0004	   1.5039	1.257e-03	   0.053	   251.614
 304	152	 4.0629	 1.0422	   1.5209	        1.5214	          0.0004	   1.6204	6.065e-04	   0.059	   252.308
 305	153	 4.0634	 1.0426	   1.5209	        1.5214	          0.0004	   1.5903	4.336e-04	   0.061	   253.001
 306	153	 4.0627	 1.0425	   1.5209	        1.5214	          0.0004	   1.5633	4.568e-04	   0.053	   253.660
 307	154	 4.0627	 1.0424	   1.5209	        1.5214	          0.0004	   1.5666	5.291e-04	   0.058	   254.307
 308	154	 4.0624	 1.0426	   1.5209	        1.5214	          0.0004	   1.5769	4.294e-04	   0.064	   255.004
 309	155	 4.0622	 1.0423	   1.5209	        1.5214	          0.0004	   1.5590	5.775e-04	   0.058	   255.695
 310	155	 4.0621	 1.0428	   1.5209	        1.5214	          0.0004	   1.5907	3.348e-04	   0.054	   256.344
 311	156	 4.0621	 1.0429	   1.5209	        1.5214	          0.0004	   1.5760	2.881e-04	   0.052	   256.999
 312	156	 4.0626	 1.0426	   1.5209	        1.5214	          0.0004	   1.5616	4.284e-04	   0.068	   257.664
 313	157	 4.0623	 1.0430	   1.5209	        1.5214	          0.0004	   1.5876	2.462e-04	   0.046	   258.306
 314	157	 4.0620	 1.0424	   1.5209	        1.5214	          0.0004	   1.5439	5.113e-04	   0.053	   258.969
 315	158	 4.0618	 1.0416	   1.5209	        1.5214	          0.0004	   1.5377	8.765e-04	   0.066	   259.657
 316	158	 4.0621	 1.0426	   1.5209	        1.5214	          0.0004	   1.6114	4.209e-04	   0.064	   260.375
 317	159	 4.0613	 1.0431	   1.5209	        1.5214	          0.0004	   1.5819	2.393e-04	   0.057	   261.053
 318	159	 4.0616	 1.0430	   1.5209	        1.5214	          0.0004	   1.5712	2.820e-04	   0.058	   261.702
 319	160	 4.0618	 1.0427	   1.5209	        1.5214	          0.0004	   1.5651	3.761e-04	   0.058	   262.368
 320	160	 4.0614	 1.0429	   1.5209	        1.5214	          0.0004	   1.5761	2.882e-04	   0.060	   263.060
 321	161	 4.0616	 1.0430	   1.5209	        1.5214	          0.0004	   1.5739	2.811e-04	   0.057	   263.733
 322	161	 4.0616	 1.0428	   1.5209	        1.5214	          0.0004	   1.5643	3.560e-04	   0.058	   264.393
 323	162	 4.0608	 1.0419	   1.5209	        1.5214	          0.0004	   1.5363	7.448e-04	   0.053	   265.047
 324	162	 4.0615	 1.0429	   1.5209	        1.5214	          0.0004	   1.6126	2.903e-04	   0.055	   265.695
 325	163	 4.0613	 1.0427	   1.5209	        1.5214	          0.0004	   1.5614	4.024e-04	   0.056	   266.362
 326	163	 4.0613	 1.0430	   1.5209	        1.5214	          0.0004	   1.5846	2.512e-04	   0.052	   267.039
 327	164	 4.0616	 1.0431	   1.5209	        1.5214	          0.0004	   1.5778	2.265e-04	   0.060	   267.741
 328	164	 4.0615	 1.0432	   1.5209	        1.5214	          0.0004	   1.5729	1.731e-04	   0.064	   268.472
 329	165	 4.0619	 1.0426	   1.5209	        1.5214	          0.0004	   1.5499	4.266e-04	   0.065	   269.166
 330	165	 4.0617	 1.0431	   1.5209	        1.5214	          0.0004	   1.5895	2.232e-04	   0.047	   269.822
 331	166	 4.0616	 1.0440	   1.5209	        1.5214	          0.0004	   1.6020	1.914e-04	   0.061	   270.492
 332	166	 4.0618	 1.0433	   1.5209	        1.5214	          0.0004	   1.5489	1.432e-04	   0.076	   271.207
 333	167	 4.0613	 1.0442	   1.5209	        1.5214	          0.0004	   1.5992	2.780e-04	   0.056	   271.891
 334	167	 4.0617	 1.0432	   1.5209	        1.5214	          0.0004	   1.5399	1.799e-04	   0.060	   272.551
 335	168	 4.0613	 1.0432	   1.5209	        1.5214	          0.0004	   1.5688	1.950e-04	   0.067	   273.207
 336	168	 4.0616	 1.0430	   1.5209	        1.5214	          0.0004	   1.5673	2.558e-04	   0.052	   273.864
 337	169	 4.0620	 1.0427	   1.5209	        1.5214	          0.0004	   1.5560	4.015e-04	   0.058	   274.521
 338	169	 4.0617	 1.0429	   1.5209	        1.5214	          0.0004	   1.5805	3.182e-04	   0.055	   275.176
 339	170	 4.0615	 1.0428	   1.5209	        1.5214	          0.0004	   1.5685	3.422e-04	   0.054	   275.836
 340	170	 4.0616	 1.0427	   1.5209	        1.5214	          0.0004	   1.5682	3.770e-04	   0.065	   276.550
 341	171	 4.0618	 1.0420	   1.5209	        1.5214	          0.0004	   1.5434	6.909e-04	   0.052	   277.243
 342	171	 4.0615	 1.0426	   1.5209	        1.5214	          0.0004	   1.5932	4.338e-04	   0.054	   277.917
 343	172	 4.0619	 1.0432	   1.5209	        1.5214	          0.0004	   1.5944	1.857e-04	   0.048	   278.570
 344	172	 4.0615	 1.0427	   1.5209	        1.5214	          0.0004	   1.5516	3.905e-04	   0.064	   279.248
 345	173	 4.0614	 1.0428	   1.5209	        1.5214	          0.0004	   1.5762	3.394e-04	   0.061	   279.933
 346	173	 4.0617	 1.0424	   1.5209	        1.5214	          0.0004	   1.5553	5.246e-04	   0.053	   280.590
 347	174	 4.0619	 1.0425	   1.5209	        1.5214	          0.0004	   1.5796	4.656e-04	   0.054	   281.248
 348	174	 4.0612	 1.0424	   1.5209	        1.5214	          0.0004	   1.5619	5.025e-04	   0.062	   281.913
 349	175	 4.0614	 1.0437	   1.5209	        1.5214	          0.0004	   1.6246	8.737e-05	   0.060	   282.572
 350	175	 4.0610	 1.0425	   1.5209	        1.5214	          0.0004	   1.5195	4.702e-04	   0.052	   283.217
 351	176	 4.0613	 1.0422	   1.5209	        1.5214	          0.0004	   1.5622	5.896e-04	   0.060	   283.880
 352	176	 4.0608	 1.0423	   1.5209	        1.5214	          0.0004	   1.5701	5.692e-04	   0.069	   284.563
 353	177	 4.0605	 1.0428	   1.5209	        1.5214	          0.0004	   1.5919	3.387e-04	   0.049	   285.273
 354	177	 4.0605	 1.0423	   1.5209	        1.5214	          0.0004	   1.5474	5.793e-04	   0.054	   285.930
 355	178	 4.0609	 1.0420	   1.5209	        1.5214	          0.0004	   1.5607	6.929e-04	   0.063	   286.592
 356	178	 4.0607	 1.0421	   1.5209	        1.5214	          0.0004	   1.5740	6.649e-04	   0.050	   287.278
 357	179	 4.0606	 1.0423	   1.5209	        1.5214	          0.0004	   1.5821	5.657e-04	   0.058	   287.960
 358	179	 4.0609	 1.0421	   1.5209	        1.5214	          0.0004	   1.5608	6.626e-04	   0.049	   288.612
 359	180	 4.0607	 1.0426	   1.5209	        1.5214	          0.0004	   1.5922	4.337e-04	   0.057	   289.281
 360	180	 4.0609	 1.0423	   1.5209	        1.5214	          0.0004	   1.5608	5.597e-04	   0.055	   289.933
 361	181	 4.0601	 1.0431	   1.5209	        1.5214	          0.0004	   1.6013	2.121e-04	   0.056	   290.586
 362	181	 4.0608	 1.0422	   1.5209	        1.5214	          0.0004	   1.5381	5.966e-04	   0.062	   291.254
 363	182	 4.0613	 1.0420	   1.5209	        1.5214	          0.0004	   1.5656	7.087e-04	   0.051	   291.895
 364	182	 4.0608	 1.0424	   1.5209	        1.5214	          0.0004	   1.5832	5.216e-04	   0.066	   292.588
 365	183	 4.0611	 1.0428	   1.5209	        1.5214	          0.0004	   1.5926	3.429e-04	   0.067	   293.323
 366	183	 4.0608	 1.0425	   1.5209	        1.5214	          0.0004	   1.5537	4.830e-04	   0.055	   294.048
 367	184	 4.0612	 1.0419	   1.5209	        1.5214	          0.0004	   1.5487	7.550e-04	   0.056	   294.749
 368	184	 4.0610	 1.0425	   1.5209	        1.5214	          0.0004	   1.5971	4.635e-04	   0.067	   295.446
 369	185	 4.0610	 1.0417	   1.5209	        1.5214	          0.0004	   1.5361	8.306e-04	   0.053	   296.154
 370	185	 4.0607	 1.0424	   1.5209	        1.5214	          0.0004	   1.6004	4.996e-04	   0.049	   296.830
 371	186	 4.0601	 1.0420	   1.5209	        1.5214	          0.0004	   1.5469	7.065e-04	   0.055	   297.490
 372	186	 4.0606	 1.0423	   1.5209	        1.5214	          0.0004	   1.5885	5.529e-04	   0.070	   298.172
 373	187	 4.0607	 1.0429	   1.5209	        1.5214	          0.0004	   1.5945	3.040e-04	   0.054	   298.869
 374	187	 4.0604	 1.0425	   1.5209	        1.5214	          0.0004	   1.5516	4.912e-04	   0.063	   299.543
 375	188	 4.0611	 1.0423	   1.5209	        1.5214	          0.0004	   1.5675	5.602e-04	   0.066	   300.239
 376	188	 4.0606	 1.0422	   1.5209	        1.5214	          0.0004	   1.5634	6.140e-04	   0.061	   300.937
 377	189	 4.0602	 1.0427	   1.5209	        1.5214	          0.0004	   1.5947	3.823e-04	   0.063	   301.641
 378	189	 4.0609	 1.0422	   1.5209	        1.5214	          0.0004	   1.5492	6.010e-04	   0.053	   302.300
 379	190	 4.0611	 1.0423	   1.5209	        1.5214	          0.0004	   1.5761	5.486e-04	   0.065	   302.994
 380	190	 4.0610	 1.0422	   1.5209	        1.5214	          0.0004	   1.5633	6.239e-04	   0.051	   303.663
 381	191	 4.0612	 1.0420	   1.5209	        1.5214	          0.0004	   1.5662	6.784e-04	   0.056	   304.348
 382	191	 4.0612	 1.0419	   1.5209	        1.5214	          0.0004	   1.5665	7.315e-04	   0.056	   305.029
 383	192	 4.0606	 1.0415	   1.5209	        1.5214	          0.0004	   1.5494	9.159e-04	   0.050	   305.679
 384	192	 4.0610	 1.0420	   1.5209	        1.5214	          0.0004	   1.5933	7.007e-04	   0.054	   306.336
 385	193	 4.0600	 1.0423	   1.5209	        1.5214	          0.0004	   1.5788	5.805e-04	   0.061	   306.994
 386	193	 4.0609	 1.0418	   1.5209	        1.5214	          0.0004	   1.5525	8.010e-04	   0.044	   307.645
 387	194	 4.0607	 1.0418	   1.5209	        1.5214	          0.0004	   1.5690	7.879e-04	   0.055	   308.308
 388	194	 4.0606	 1.0419	   1.5209	        1.5214	          0.0004	   1.5757	7.434e-04	   0.061	   308.969
 389	195	 4.0598	 1.0417	   1.5209	        1.5214	          0.0004	   1.5568	8.370e-04	   0.064	   309.688
 390	195	 4.0606	 1.0417	   1.5209	        1.5214	          0.0004	   1.5766	8.372e-04	   0.059	   310.388
 391	196	 4.0606	 1.0413	   1.5209	        1.5214	          0.0004	   1.5532	1.004e-03	   0.059	   311.038
 392	196	 4.0605	 1.0420	   1.5209	        1.5214	          0.0004	   1.5994	7.152e-04	   0.064	   311.706
 393	197	 4.0608	 1.0416	   1.5209	        1.5214	          0.0004	   1.5579	8.771e-04	   0.055	   312.377
 394	197	 4.0610	 1.0418	   1.5209	        1.5214	          0.0004	   1.5776	8.050e-04	   0.062	   313.057
 395	198	 4.0610	 1.0414	   1.5209	        1.5214	          0.0004	   1.5527	9.780e-04	   0.057	   313.727
 396	198	 4.0607	 1.0417	   1.5209	        1.5214	          0.0004	   1.5854	8.262e-04	   0.057	   314.383
 397	199	 4.0602	 1.0420	   1.5209	        1.5214	          0.0004	   1.5829	6.927e-04	   0.050	   315.030
 398	199	 4.0603	 1.0415	   1.5209	        1.5214	          0.0004	   1.5475	9.131e-04	   0.051	   315.693
 399	200	 4.0595	 1.0412	   1.5209	        1.5214	          0.0004	   1.5518	1.044e-03	   0.054	   316.347
 400	200	 4.0603	 1.0414	   1.5209	        1.5214	          0.0004	   1.5860	9.442e-04	   0.042	   316.955

[BSGD] Finished on device cuda -> σ_f² ≈ 4.0603, σ_ε² ≈ 1.0414
