[GPU 1][JOB 138] 'python cli.py bsgd --n 1024 --lengthscale 0.5 --sigma-f2-true 4.0 --sigma-eps2-true 1.0 --n-epochs 200 --device auto --kernel-mode finite --theta-min 1e-4 --theta-max 20.0 --print-every 1 --seed 7 --batch-size 512 --sigma-f2-init 5.0 --sigma-eps2-init 3.0 --alpha1 9.0 '

=== BSGD (biased SGD on exact kernel) ===
iter	epoch	σ_f²	σ_ε²	real_nlml	real_nlml_true	real_nlml_abs_err	mini_nlml	||grad||	duration_s	wall_time_s
   1	 1	 4.3287	 2.0520	   1.5942	        1.5011	          0.0931	   1.6208	1.174e-01	   0.225	     0.307
   2	 1	 4.1163	 1.5760	   1.5396	        1.5011	          0.0385	   1.6048	1.066e-01	   0.042	     0.855
   3	 2	 4.0088	 1.2508	   1.5097	        1.5011	          0.0086	   1.5446	6.898e-02	   0.058	     1.425
   4	 2	 3.8810	 1.1053	   1.5021	        1.5011	          0.0010	   1.5470	3.095e-02	   0.070	     2.179
   5	 3	 3.7949	 1.0579	   1.5009	        1.5011	          0.0002	   1.5471	1.340e-02	   0.077	     2.973
   6	 3	 3.7488	 1.0213	   1.5007	        1.5011	          0.0004	   1.5335	2.670e-03	   0.084	     3.796
   7	 4	 3.7046	 1.0211	   1.5007	        1.5011	          0.0004	   1.5410	2.746e-03	   0.073	     4.609
   8	 4	 3.6763	 1.0269	   1.5006	        1.5011	          0.0005	   1.5454	7.787e-04	   0.074	     5.429
   9	 5	 3.6473	 1.0178	   1.5006	        1.5011	          0.0005	   1.5327	4.267e-03	   0.072	     6.249
  10	 5	 3.6089	 1.0292	   1.5006	        1.5011	          0.0005	   1.5534	1.292e-03	   0.065	     7.057
  11	 6	 3.5850	 1.0451	   1.5006	        1.5011	          0.0005	   1.5636	8.105e-03	   0.068	     7.910
  12	 6	 3.5664	 1.0273	   1.5006	        1.5011	          0.0005	   1.5285	7.027e-04	   0.075	     8.760
  13	 7	 3.5502	 1.0267	   1.5005	        1.5011	          0.0006	   1.5432	6.591e-04	   0.076	     9.592
  14	 7	 3.5343	 1.0274	   1.5005	        1.5011	          0.0006	   1.5445	6.914e-04	   0.063	    10.425
  15	 8	 3.5248	 1.0432	   1.5006	        1.5011	          0.0005	   1.5726	7.248e-03	   0.089	    11.264
  16	 8	 3.5117	 1.0219	   1.5005	        1.5011	          0.0006	   1.5105	2.349e-03	   0.071	    12.062
  17	 9	 3.4908	 1.0305	   1.5005	        1.5011	          0.0006	   1.5569	1.776e-03	   0.070	    12.879
  18	 9	 3.4902	 1.0250	   1.5005	        1.5011	          0.0006	   1.5361	1.042e-03	   0.073	    13.690
  19	10	 3.4688	 1.0245	   1.5005	        1.5011	          0.0006	   1.5403	1.218e-03	   0.073	    14.516
  20	10	 3.4668	 1.0257	   1.5005	        1.5011	          0.0006	   1.5470	7.636e-04	   0.080	    15.343
  21	11	 3.4632	 1.0204	   1.5005	        1.5011	          0.0006	   1.5328	3.033e-03	   0.071	    16.153
  22	11	 3.4558	 1.0225	   1.5005	        1.5011	          0.0006	   1.5460	2.089e-03	   0.068	    16.970
  23	12	 3.4470	 1.0271	   1.5005	        1.5011	          0.0006	   1.5502	5.475e-04	   0.077	    17.818
  24	12	 3.4464	 1.0177	   1.5005	        1.5011	          0.0006	   1.5216	4.296e-03	   0.070	    18.717
  25	13	 3.4460	 1.0116	   1.5005	        1.5011	          0.0006	   1.5235	7.219e-03	   0.072	    19.621
  26	13	 3.4379	 1.0217	   1.5005	        1.5011	          0.0006	   1.5661	2.445e-03	   0.082	    20.480
  27	14	 3.4263	 1.0302	   1.5005	        1.5011	          0.0006	   1.5639	1.611e-03	   0.066	    21.320
  28	14	 3.4281	 1.0207	   1.5005	        1.5011	          0.0006	   1.5181	2.883e-03	   0.070	    22.138
  29	15	 3.4243	 1.0332	   1.5005	        1.5011	          0.0006	   1.5830	2.921e-03	   0.073	    22.950
  30	15	 3.4143	 1.0234	   1.5005	        1.5011	          0.0006	   1.5107	1.683e-03	   0.071	    23.775
  31	16	 3.4034	 1.0118	   1.5005	        1.5011	          0.0006	   1.5000	7.099e-03	   0.074	    24.643
  32	16	 3.4039	 1.0271	   1.5005	        1.5011	          0.0006	   1.5928	4.946e-04	   0.077	    25.471
  33	17	 3.4054	 1.0271	   1.5005	        1.5011	          0.0006	   1.5461	5.006e-04	   0.076	    26.294
  34	17	 3.3942	 1.0269	   1.5005	        1.5011	          0.0006	   1.5398	4.741e-04	   0.075	    27.112
  35	18	 3.3889	 1.0200	   1.5005	        1.5011	          0.0006	   1.5153	3.196e-03	   0.070	    27.926
  36	18	 3.3901	 1.0255	   1.5005	        1.5011	          0.0006	   1.5662	7.736e-04	   0.079	    28.772
  37	19	 3.3813	 1.0291	   1.5004	        1.5011	          0.0006	   1.5528	1.104e-03	   0.068	    29.627
  38	19	 3.3800	 1.0237	   1.5004	        1.5011	          0.0006	   1.5243	1.510e-03	   0.069	    30.441
  39	20	 3.3783	 1.0259	   1.5004	        1.5011	          0.0007	   1.5527	6.225e-04	   0.070	    31.286
  40	20	 3.3721	 1.0245	   1.5004	        1.5011	          0.0007	   1.5351	1.193e-03	   0.072	    32.105
  41	21	 3.3735	 1.0245	   1.5004	        1.5011	          0.0007	   1.5445	1.195e-03	   0.066	    32.920
  42	21	 3.3684	 1.0245	   1.5004	        1.5011	          0.0007	   1.5420	1.186e-03	   0.066	    33.743
  43	22	 3.3705	 1.0248	   1.5004	        1.5011	          0.0007	   1.5460	1.063e-03	   0.070	    34.560
  44	22	 3.3646	 1.0250	   1.5004	        1.5011	          0.0007	   1.5422	9.774e-04	   0.069	    35.374
  45	23	 3.3619	 1.0231	   1.5004	        1.5011	          0.0007	   1.5330	1.775e-03	   0.077	    36.196
  46	23	 3.3580	 1.0273	   1.5004	        1.5011	          0.0007	   1.5634	4.609e-04	   0.077	    37.012
  47	24	 3.3569	 1.0284	   1.5004	        1.5011	          0.0007	   1.5504	8.217e-04	   0.072	    37.835
  48	24	 3.3535	 1.0285	   1.5004	        1.5011	          0.0007	   1.5443	8.716e-04	   0.097	    38.752
  49	25	 3.3505	 1.0206	   1.5004	        1.5011	          0.0007	   1.4991	2.926e-03	   0.081	    39.671
  50	25	 3.3507	 1.0276	   1.5004	        1.5011	          0.0007	   1.5822	5.390e-04	   0.087	    40.545
  51	26	 3.3474	 1.0268	   1.5004	        1.5011	          0.0007	   1.5414	4.122e-04	   0.066	    41.371
  52	26	 3.3475	 1.0279	   1.5004	        1.5011	          0.0007	   1.5478	6.209e-04	   0.069	    42.206
  53	27	 3.3489	 1.0244	   1.5004	        1.5011	          0.0007	   1.5229	1.224e-03	   0.070	    43.030
  54	27	 3.3440	 1.0271	   1.5004	        1.5011	          0.0007	   1.5593	4.176e-04	   0.068	    43.846
  55	28	 3.3450	 1.0273	   1.5004	        1.5011	          0.0007	   1.5449	4.444e-04	   0.067	    44.665
  56	28	 3.3384	 1.0276	   1.5004	        1.5011	          0.0007	   1.5439	5.101e-04	   0.069	    45.483
  57	29	 3.3356	 1.0224	   1.5004	        1.5011	          0.0007	   1.5112	2.087e-03	   0.072	    46.300
  58	29	 3.3331	 1.0255	   1.5004	        1.5011	          0.0007	   1.5583	7.517e-04	   0.074	    47.117
  59	30	 3.3313	 1.0220	   1.5004	        1.5011	          0.0007	   1.5206	2.262e-03	   0.076	    47.940
  60	30	 3.3304	 1.0258	   1.5004	        1.5011	          0.0007	   1.5678	6.329e-04	   0.075	    48.757
  61	31	 3.3290	 1.0230	   1.5004	        1.5011	          0.0007	   1.5232	1.834e-03	   0.075	    49.640
  62	31	 3.3274	 1.0279	   1.5004	        1.5011	          0.0007	   1.5759	5.975e-04	   0.071	    50.460
  63	32	 3.3223	 1.0278	   1.5004	        1.5011	          0.0007	   1.5441	5.661e-04	   0.077	    51.296
  64	32	 3.3258	 1.0268	   1.5004	        1.5011	          0.0007	   1.5371	3.834e-04	   0.068	    52.111
  65	33	 3.3233	 1.0199	   1.5004	        1.5011	          0.0007	   1.4902	3.271e-03	   0.073	    52.933
  66	33	 3.3230	 1.0265	   1.5004	        1.5011	          0.0007	   1.5925	4.108e-04	   0.070	    53.751
  67	34	 3.3233	 1.0261	   1.5004	        1.5011	          0.0007	   1.5423	5.094e-04	   0.068	    54.573
  68	34	 3.3199	 1.0253	   1.5004	        1.5011	          0.0007	   1.5347	7.964e-04	   0.076	    55.392
  69	35	 3.3172	 1.0237	   1.5004	        1.5011	          0.0007	   1.5302	1.501e-03	   0.065	    56.205
  70	35	 3.3182	 1.0263	   1.5004	        1.5011	          0.0007	   1.5632	4.583e-04	   0.065	    57.024
  71	36	 3.3173	 1.0247	   1.5004	        1.5011	          0.0007	   1.5291	1.065e-03	   0.069	    57.840
  72	36	 3.3161	 1.0271	   1.5004	        1.5011	          0.0007	   1.5640	3.887e-04	   0.084	    58.690
  73	37	 3.3157	 1.0285	   1.5004	        1.5011	          0.0007	   1.5574	8.442e-04	   0.081	    59.632
  74	37	 3.3134	 1.0276	   1.5004	        1.5011	          0.0007	   1.5336	4.887e-04	   0.073	    60.498
  75	38	 3.3095	 1.0260	   1.5004	        1.5011	          0.0007	   1.5289	5.536e-04	   0.073	    61.349
  76	38	 3.3109	 1.0280	   1.5004	        1.5011	          0.0007	   1.5612	6.242e-04	   0.075	    62.196
  77	39	 3.3070	 1.0293	   1.5004	        1.5011	          0.0007	   1.5522	1.163e-03	   0.072	    63.039
  78	39	 3.3086	 1.0278	   1.5004	        1.5011	          0.0007	   1.5349	5.569e-04	   0.074	    63.896
  79	40	 3.3094	 1.0255	   1.5004	        1.5011	          0.0007	   1.5242	7.348e-04	   0.072	    64.738
  80	40	 3.3070	 1.0264	   1.5004	        1.5011	          0.0007	   1.5500	4.128e-04	   0.067	    65.564
  81	41	 3.3045	 1.0287	   1.5004	        1.5011	          0.0007	   1.5623	9.134e-04	   0.067	    66.388
  82	41	 3.3055	 1.0271	   1.5004	        1.5011	          0.0007	   1.5319	3.678e-04	   0.069	    67.205
  83	42	 3.3036	 1.0267	   1.5004	        1.5011	          0.0007	   1.5387	3.648e-04	   0.065	    68.021
  84	42	 3.3026	 1.0277	   1.5004	        1.5011	          0.0007	   1.5538	5.041e-04	   0.067	    68.832
  85	43	 3.3023	 1.0248	   1.5004	        1.5011	          0.0007	   1.5119	1.032e-03	   0.085	    69.687
  86	43	 3.3011	 1.0292	   1.5004	        1.5011	          0.0007	   1.5879	1.103e-03	   0.078	    70.542
  87	44	 3.2988	 1.0268	   1.5004	        1.5011	          0.0007	   1.5158	3.485e-04	   0.077	    71.365
  88	44	 3.3008	 1.0293	   1.5004	        1.5011	          0.0007	   1.5742	1.170e-03	   0.077	    72.201
  89	45	 3.3019	 1.0297	   1.5004	        1.5011	          0.0007	   1.5474	1.341e-03	   0.073	    73.021
  90	45	 3.2986	 1.0295	   1.5004	        1.5011	          0.0007	   1.5433	1.253e-03	   0.073	    73.838
  91	46	 3.2968	 1.0272	   1.5004	        1.5011	          0.0007	   1.5175	3.691e-04	   0.073	    74.701
  92	46	 3.2974	 1.0290	   1.5004	        1.5011	          0.0007	   1.5671	1.014e-03	   0.073	    75.581
  93	47	 3.2971	 1.0284	   1.5004	        1.5011	          0.0007	   1.5381	7.726e-04	   0.083	    76.488
  94	47	 3.2951	 1.0303	   1.5004	        1.5011	          0.0007	   1.5646	1.588e-03	   0.072	    77.348
  95	48	 3.2942	 1.0334	   1.5004	        1.5011	          0.0007	   1.5808	2.958e-03	   0.075	    78.203
  96	48	 3.2940	 1.0303	   1.5004	        1.5011	          0.0007	   1.5103	1.568e-03	   0.075	    79.059
  97	49	 3.2920	 1.0300	   1.5004	        1.5011	          0.0007	   1.5424	1.442e-03	   0.076	    79.969
  98	49	 3.2914	 1.0307	   1.5004	        1.5011	          0.0007	   1.5516	1.752e-03	   0.077	    80.867
  99	50	 3.2912	 1.0314	   1.5004	        1.5011	          0.0007	   1.5551	2.089e-03	   0.075	    81.714
 100	50	 3.2907	 1.0307	   1.5004	        1.5011	          0.0007	   1.5358	1.739e-03	   0.070	    82.561
 101	51	 3.2899	 1.0322	   1.5004	        1.5011	          0.0007	   1.5609	2.416e-03	   0.075	    83.396
 102	51	 3.2898	 1.0320	   1.5004	        1.5011	          0.0007	   1.5456	2.325e-03	   0.071	    84.211
 103	52	 3.2891	 1.0316	   1.5004	        1.5011	          0.0007	   1.5437	2.170e-03	   0.067	    85.030
 104	52	 3.2891	 1.0305	   1.5004	        1.5011	          0.0007	   1.5323	1.678e-03	   0.070	    85.845
 105	53	 3.2895	 1.0293	   1.5004	        1.5011	          0.0007	   1.5333	1.153e-03	   0.078	    86.666
 106	53	 3.2888	 1.0298	   1.5004	        1.5011	          0.0007	   1.5503	1.382e-03	   0.075	    87.486
 107	54	 3.2879	 1.0330	   1.5004	        1.5011	          0.0007	   1.5845	2.776e-03	   0.067	    88.301
 108	54	 3.2883	 1.0297	   1.5004	        1.5011	          0.0007	   1.5056	1.317e-03	   0.068	    89.119
 109	55	 3.2866	 1.0282	   1.5004	        1.5011	          0.0007	   1.5246	6.961e-04	   0.068	    89.941
 110	55	 3.2867	 1.0291	   1.5004	        1.5011	          0.0007	   1.5559	1.049e-03	   0.072	    90.821
 111	56	 3.2844	 1.0326	   1.5004	        1.5011	          0.0007	   1.5866	2.594e-03	   0.064	    91.634
 112	56	 3.2847	 1.0295	   1.5004	        1.5011	          0.0007	   1.5078	1.231e-03	   0.074	    92.473
 113	57	 3.2824	 1.0299	   1.5004	        1.5011	          0.0007	   1.5490	1.422e-03	   0.076	    93.302
 114	57	 3.2830	 1.0300	   1.5004	        1.5011	          0.0007	   1.5475	1.446e-03	   0.072	    94.118
 115	58	 3.2829	 1.0255	   1.5004	        1.5011	          0.0007	   1.4866	7.029e-04	   0.074	    94.941
 116	58	 3.2815	 1.0289	   1.5004	        1.5011	          0.0007	   1.5879	9.734e-04	   0.071	    95.754
 117	59	 3.2807	 1.0298	   1.5004	        1.5011	          0.0007	   1.5571	1.351e-03	   0.070	    96.572
 118	59	 3.2797	 1.0299	   1.5004	        1.5011	          0.0007	   1.5444	1.389e-03	   0.075	    97.389
 119	60	 3.2799	 1.0292	   1.5004	        1.5011	          0.0007	   1.5369	1.076e-03	   0.071	    98.206
 120	60	 3.2784	 1.0298	   1.5004	        1.5011	          0.0007	   1.5511	1.340e-03	   0.068	    99.063
 121	61	 3.2787	 1.0275	   1.5004	        1.5011	          0.0007	   1.5112	4.071e-04	   0.078	    99.909
 122	61	 3.2780	 1.0294	   1.5004	        1.5011	          0.0007	   1.5731	1.163e-03	   0.071	   100.813
 123	62	 3.2777	 1.0297	   1.5004	        1.5011	          0.0007	   1.5508	1.317e-03	   0.069	   101.684
 124	62	 3.2774	 1.0290	   1.5004	        1.5011	          0.0007	   1.5339	1.030e-03	   0.078	   102.534
 125	63	 3.2778	 1.0292	   1.5004	        1.5011	          0.0007	   1.5463	1.075e-03	   0.079	   103.429
 126	63	 3.2760	 1.0290	   1.5004	        1.5011	          0.0007	   1.5421	1.017e-03	   0.074	   104.265
 127	64	 3.2760	 1.0296	   1.5004	        1.5011	          0.0007	   1.5538	1.268e-03	   0.073	   105.082
 128	64	 3.2761	 1.0290	   1.5004	        1.5011	          0.0007	   1.5363	1.024e-03	   0.073	   105.901
 129	65	 3.2776	 1.0294	   1.5004	        1.5011	          0.0007	   1.5539	1.191e-03	   0.075	   106.720
 130	65	 3.2753	 1.0290	   1.5004	        1.5011	          0.0007	   1.5345	1.006e-03	   0.068	   107.530
 131	66	 3.2742	 1.0278	   1.5004	        1.5011	          0.0007	   1.5256	5.184e-04	   0.069	   108.349
 132	66	 3.2744	 1.0293	   1.5004	        1.5011	          0.0007	   1.5687	1.155e-03	   0.074	   109.173
 133	67	 3.2753	 1.0311	   1.5004	        1.5011	          0.0007	   1.5718	1.933e-03	   0.074	   109.990
 134	67	 3.2738	 1.0301	   1.5004	        1.5011	          0.0007	   1.5291	1.508e-03	   0.080	   110.848
 135	68	 3.2736	 1.0289	   1.5004	        1.5011	          0.0007	   1.5261	9.692e-04	   0.067	   111.691
 136	68	 3.2738	 1.0293	   1.5004	        1.5011	          0.0007	   1.5527	1.139e-03	   0.067	   112.508
 137	69	 3.2739	 1.0282	   1.5004	        1.5011	          0.0007	   1.5282	6.921e-04	   0.065	   113.348
 138	69	 3.2726	 1.0291	   1.5004	        1.5011	          0.0007	   1.5576	1.048e-03	   0.078	   114.170
 139	70	 3.2713	 1.0287	   1.5004	        1.5011	          0.0007	   1.5383	8.989e-04	   0.067	   114.984
 140	70	 3.2711	 1.0293	   1.5004	        1.5011	          0.0007	   1.5538	1.142e-03	   0.071	   115.806
 141	71	 3.2717	 1.0299	   1.5004	        1.5011	          0.0007	   1.5578	1.413e-03	   0.077	   116.629
 142	71	 3.2708	 1.0293	   1.5004	        1.5011	          0.0007	   1.5314	1.119e-03	   0.073	   117.444
 143	72	 3.2723	 1.0281	   1.5004	        1.5011	          0.0007	   1.5282	6.454e-04	   0.075	   118.295
 144	72	 3.2700	 1.0288	   1.5004	        1.5011	          0.0007	   1.5536	9.353e-04	   0.069	   119.128
 145	73	 3.2703	 1.0312	   1.5004	        1.5011	          0.0007	   1.5850	1.970e-03	   0.075	   119.966
 146	73	 3.2686	 1.0289	   1.5004	        1.5011	          0.0007	   1.5056	9.633e-04	   0.083	   120.862
 147	74	 3.2677	 1.0297	   1.5004	        1.5011	          0.0007	   1.5588	1.324e-03	   0.080	   121.753
 148	74	 3.2667	 1.0292	   1.5004	        1.5011	          0.0007	   1.5322	1.084e-03	   0.075	   122.594
 149	75	 3.2657	 1.0307	   1.5004	        1.5011	          0.0007	   1.5680	1.730e-03	   0.071	   123.444
 150	75	 3.2651	 1.0290	   1.5004	        1.5011	          0.0007	   1.5177	1.016e-03	   0.067	   124.272
 151	76	 3.2646	 1.0297	   1.5004	        1.5011	          0.0007	   1.5574	1.306e-03	   0.069	   125.089
 152	76	 3.2643	 1.0292	   1.5004	        1.5011	          0.0007	   1.5361	1.099e-03	   0.073	   125.908
 153	77	 3.2646	 1.0325	   1.5004	        1.5011	          0.0007	   1.6008	2.528e-03	   0.070	   126.727
 154	77	 3.2647	 1.0285	   1.5004	        1.5011	          0.0007	   1.4795	7.878e-04	   0.071	   127.551
 155	78	 3.2635	 1.0280	   1.5004	        1.5011	          0.0007	   1.5322	5.713e-04	   0.072	   128.368
 156	78	 3.2635	 1.0288	   1.5004	        1.5011	          0.0007	   1.5607	9.233e-04	   0.071	   129.187
 157	79	 3.2627	 1.0275	   1.5004	        1.5011	          0.0007	   1.5198	3.922e-04	   0.072	   130.001
 158	79	 3.2627	 1.0291	   1.5004	        1.5011	          0.0007	   1.5736	1.044e-03	   0.077	   130.820
 159	80	 3.2638	 1.0310	   1.5004	        1.5011	          0.0007	   1.5826	1.869e-03	   0.072	   131.704
 160	80	 3.2629	 1.0292	   1.5004	        1.5011	          0.0007	   1.5111	1.085e-03	   0.072	   132.526
 161	81	 3.2628	 1.0279	   1.5004	        1.5011	          0.0007	   1.5216	5.400e-04	   0.076	   133.358
 162	81	 3.2625	 1.0290	   1.5004	        1.5011	          0.0007	   1.5642	9.977e-04	   0.072	   134.183
 163	82	 3.2621	 1.0286	   1.5004	        1.5011	          0.0007	   1.5389	8.171e-04	   0.065	   134.996
 164	82	 3.2628	 1.0287	   1.5004	        1.5011	          0.0007	   1.5459	8.596e-04	   0.065	   135.809
 165	83	 3.2647	 1.0275	   1.5004	        1.5011	          0.0007	   1.5253	4.039e-04	   0.071	   136.634
 166	83	 3.2625	 1.0286	   1.5004	        1.5011	          0.0007	   1.5633	8.489e-04	   0.076	   137.455
 167	84	 3.2615	 1.0291	   1.5004	        1.5011	          0.0007	   1.5534	1.032e-03	   0.071	   138.289
 168	84	 3.2617	 1.0287	   1.5004	        1.5011	          0.0007	   1.5360	8.775e-04	   0.074	   139.130
 169	85	 3.2633	 1.0277	   1.5004	        1.5011	          0.0007	   1.5257	4.790e-04	   0.074	   139.949
 170	85	 3.2620	 1.0286	   1.5004	        1.5011	          0.0007	   1.5633	8.483e-04	   0.086	   140.804
 171	86	 3.2608	 1.0304	   1.5004	        1.5011	          0.0007	   1.5747	1.638e-03	   0.083	   141.761
 172	86	 3.2610	 1.0287	   1.5004	        1.5011	          0.0007	   1.5151	8.737e-04	   0.073	   142.648
 173	87	 3.2613	 1.0271	   1.5004	        1.5011	          0.0007	   1.5115	3.007e-04	   0.079	   143.515
 174	87	 3.2605	 1.0287	   1.5004	        1.5011	          0.0007	   1.5764	8.559e-04	   0.073	   144.355
 175	88	 3.2598	 1.0294	   1.5004	        1.5011	          0.0007	   1.5601	1.192e-03	   0.073	   145.176
 176	88	 3.2605	 1.0282	   1.5004	        1.5011	          0.0007	   1.5215	6.653e-04	   0.067	   145.993
 177	89	 3.2618	 1.0270	   1.5004	        1.5011	          0.0007	   1.5218	2.928e-04	   0.068	   146.810
 178	89	 3.2604	 1.0282	   1.5004	        1.5011	          0.0007	   1.5645	6.414e-04	   0.074	   147.629
 179	90	 3.2599	 1.0292	   1.5004	        1.5011	          0.0007	   1.5644	1.073e-03	   0.072	   148.448
 180	90	 3.2599	 1.0287	   1.5004	        1.5011	          0.0007	   1.5353	8.760e-04	   0.073	   149.267
 181	91	 3.2600	 1.0273	   1.5004	        1.5011	          0.0007	   1.5167	3.450e-04	   0.067	   150.083
 182	91	 3.2594	 1.0291	   1.5004	        1.5011	          0.0007	   1.5810	1.063e-03	   0.069	   150.905
 183	92	 3.2586	 1.0292	   1.5004	        1.5011	          0.0007	   1.5467	1.100e-03	   0.083	   151.801
 184	92	 3.2586	 1.0292	   1.5004	        1.5011	          0.0007	   1.5423	1.087e-03	   0.071	   152.679
 185	93	 3.2584	 1.0290	   1.5004	        1.5011	          0.0007	   1.5443	1.021e-03	   0.086	   153.586
 186	93	 3.2580	 1.0292	   1.5004	        1.5011	          0.0007	   1.5446	1.086e-03	   0.077	   154.499
 187	94	 3.2575	 1.0275	   1.5004	        1.5011	          0.0007	   1.5087	3.880e-04	   0.071	   155.379
 188	94	 3.2567	 1.0291	   1.5004	        1.5011	          0.0007	   1.5745	1.029e-03	   0.076	   156.224
 189	95	 3.2555	 1.0288	   1.5004	        1.5011	          0.0007	   1.5382	9.280e-04	   0.073	   157.054
 190	95	 3.2560	 1.0293	   1.5004	        1.5011	          0.0007	   1.5573	1.138e-03	   0.074	   157.883
 191	96	 3.2562	 1.0293	   1.5004	        1.5011	          0.0007	   1.5434	1.120e-03	   0.068	   158.733
 192	96	 3.2560	 1.0296	   1.5004	        1.5011	          0.0007	   1.5528	1.261e-03	   0.067	   159.571
 193	97	 3.2557	 1.0277	   1.5004	        1.5011	          0.0007	   1.5016	4.586e-04	   0.070	   160.396
 194	97	 3.2557	 1.0297	   1.5004	        1.5011	          0.0007	   1.5901	1.307e-03	   0.073	   161.215
 195	98	 3.2558	 1.0296	   1.5004	        1.5011	          0.0007	   1.5393	1.246e-03	   0.077	   162.121
 196	98	 3.2563	 1.0293	   1.5004	        1.5011	          0.0007	   1.5439	1.147e-03	   0.079	   163.009
 197	99	 3.2562	 1.0290	   1.5004	        1.5011	          0.0007	   1.5324	9.894e-04	   0.075	   163.838
 198	99	 3.2560	 1.0293	   1.5004	        1.5011	          0.0007	   1.5550	1.124e-03	   0.075	   164.688
 199	100	 3.2556	 1.0296	   1.5004	        1.5011	          0.0007	   1.5499	1.279e-03	   0.075	   165.524
 200	100	 3.2554	 1.0291	   1.5004	        1.5011	          0.0007	   1.5354	1.057e-03	   0.072	   166.340
 201	101	 3.2557	 1.0293	   1.5004	        1.5011	          0.0007	   1.5500	1.132e-03	   0.072	   167.164
 202	101	 3.2553	 1.0289	   1.5004	        1.5011	          0.0007	   1.5346	9.586e-04	   0.070	   167.977
 203	102	 3.2554	 1.0284	   1.5004	        1.5011	          0.0007	   1.5311	7.203e-04	   0.071	   168.793
 204	102	 3.2547	 1.0289	   1.5004	        1.5011	          0.0007	   1.5555	9.453e-04	   0.063	   169.606
 205	103	 3.2538	 1.0301	   1.5004	        1.5011	          0.0007	   1.5734	1.468e-03	   0.074	   170.429
 206	103	 3.2542	 1.0291	   1.5004	        1.5011	          0.0007	   1.5206	1.035e-03	   0.073	   171.249
 207	104	 3.2549	 1.0287	   1.5004	        1.5011	          0.0007	   1.5403	8.882e-04	   0.076	   172.080
 208	104	 3.2532	 1.0292	   1.5004	        1.5011	          0.0007	   1.5504	1.089e-03	   0.077	   172.954
 209	105	 3.2529	 1.0284	   1.5004	        1.5011	          0.0007	   1.5250	7.303e-04	   0.068	   173.769
 210	105	 3.2525	 1.0297	   1.5004	        1.5011	          0.0007	   1.5754	1.315e-03	   0.072	   174.602
 211	106	 3.2529	 1.0305	   1.5004	        1.5011	          0.0007	   1.5622	1.655e-03	   0.070	   175.424
 212	106	 3.2525	 1.0298	   1.5004	        1.5011	          0.0007	   1.5310	1.362e-03	   0.070	   176.244
 213	107	 3.2517	 1.0290	   1.5004	        1.5011	          0.0007	   1.5210	9.951e-04	   0.078	   177.068
 214	107	 3.2522	 1.0306	   1.5004	        1.5011	          0.0007	   1.5865	1.686e-03	   0.069	   177.879
 215	108	 3.2513	 1.0298	   1.5004	        1.5011	          0.0007	   1.5217	1.360e-03	   0.071	   178.741
 216	108	 3.2514	 1.0309	   1.5004	        1.5011	          0.0007	   1.5765	1.852e-03	   0.073	   179.562
 217	109	 3.2502	 1.0300	   1.5004	        1.5011	          0.0007	   1.5216	1.441e-03	   0.073	   180.375
 218	109	 3.2508	 1.0309	   1.5004	        1.5011	          0.0007	   1.5660	1.820e-03	   0.079	   181.236
 219	110	 3.2503	 1.0317	   1.5004	        1.5011	          0.0007	   1.5635	2.190e-03	   0.078	   182.118
 220	110	 3.2502	 1.0310	   1.5004	        1.5011	          0.0007	   1.5308	1.894e-03	   0.073	   183.029
 221	111	 3.2507	 1.0291	   1.5004	        1.5011	          0.0007	   1.4959	1.028e-03	   0.068	   183.884
 222	111	 3.2501	 1.0307	   1.5004	        1.5011	          0.0007	   1.5871	1.749e-03	   0.074	   184.726
 223	112	 3.2503	 1.0300	   1.5004	        1.5011	          0.0007	   1.5304	1.452e-03	   0.068	   185.568
 224	112	 3.2498	 1.0308	   1.5004	        1.5011	          0.0007	   1.5643	1.800e-03	   0.069	   186.386
 225	113	 3.2504	 1.0323	   1.5004	        1.5011	          0.0007	   1.5859	2.469e-03	   0.077	   187.208
 226	113	 3.2494	 1.0309	   1.5004	        1.5011	          0.0007	   1.5081	1.850e-03	   0.077	   188.029
 227	114	 3.2502	 1.0299	   1.5004	        1.5011	          0.0007	   1.5159	1.391e-03	   0.075	   188.854
 228	114	 3.2494	 1.0307	   1.5004	        1.5011	          0.0007	   1.5686	1.753e-03	   0.075	   189.665
 229	115	 3.2490	 1.0301	   1.5004	        1.5011	          0.0007	   1.5312	1.488e-03	   0.072	   190.489
 230	115	 3.2487	 1.0305	   1.5004	        1.5011	          0.0007	   1.5530	1.665e-03	   0.067	   191.296
 231	116	 3.2488	 1.0302	   1.5004	        1.5011	          0.0007	   1.5390	1.525e-03	   0.068	   192.110
 232	116	 3.2480	 1.0305	   1.5004	        1.5011	          0.0007	   1.5519	1.663e-03	   0.074	   192.985
 233	117	 3.2480	 1.0307	   1.5004	        1.5011	          0.0007	   1.5508	1.757e-03	   0.071	   193.820
 234	117	 3.2480	 1.0306	   1.5004	        1.5011	          0.0007	   1.5449	1.722e-03	   0.065	   194.635
 235	118	 3.2482	 1.0310	   1.5004	        1.5011	          0.0007	   1.5528	1.858e-03	   0.068	   195.481
 236	118	 3.2478	 1.0300	   1.5004	        1.5011	          0.0007	   1.5218	1.450e-03	   0.071	   196.296
 237	119	 3.2481	 1.0288	   1.5004	        1.5011	          0.0007	   1.5133	9.138e-04	   0.062	   197.108
 238	119	 3.2474	 1.0300	   1.5004	        1.5011	          0.0007	   1.5755	1.450e-03	   0.072	   197.969
 239	120	 3.2472	 1.0293	   1.5004	        1.5011	          0.0007	   1.5249	1.126e-03	   0.075	   198.813
 240	120	 3.2468	 1.0303	   1.5004	        1.5011	          0.0007	   1.5720	1.572e-03	   0.065	   199.612
 241	121	 3.2472	 1.0302	   1.5004	        1.5011	          0.0007	   1.5433	1.531e-03	   0.066	   200.393
 242	121	 3.2466	 1.0302	   1.5004	        1.5011	          0.0007	   1.5449	1.526e-03	   0.064	   201.171
 243	122	 3.2469	 1.0306	   1.5004	        1.5011	          0.0007	   1.5568	1.694e-03	   0.068	   201.957
 244	122	 3.2464	 1.0302	   1.5004	        1.5011	          0.0007	   1.5328	1.508e-03	   0.068	   202.819
 245	123	 3.2460	 1.0284	   1.5004	        1.5011	          0.0007	   1.4939	7.241e-04	   0.069	   203.630
 246	123	 3.2460	 1.0303	   1.5004	        1.5011	          0.0007	   1.5990	1.561e-03	   0.100	   204.397
 247	124	 3.2466	 1.0307	   1.5004	        1.5011	          0.0007	   1.5588	1.754e-03	   0.059	   205.091
 248	124	 3.2464	 1.0302	   1.5004	        1.5011	          0.0007	   1.5310	1.517e-03	   0.066	   205.772
 249	125	 3.2466	 1.0299	   1.5004	        1.5011	          0.0007	   1.5395	1.399e-03	   0.057	   206.432
 250	125	 3.2460	 1.0302	   1.5004	        1.5011	          0.0007	   1.5534	1.539e-03	   0.057	   207.087
 251	126	 3.2464	 1.0302	   1.5004	        1.5011	          0.0007	   1.5471	1.536e-03	   0.053	   207.745
 252	126	 3.2459	 1.0300	   1.5004	        1.5011	          0.0007	   1.5356	1.420e-03	   0.056	   208.403
 253	127	 3.2460	 1.0293	   1.5004	        1.5011	          0.0007	   1.5254	1.144e-03	   0.063	   209.066
 254	127	 3.2458	 1.0301	   1.5004	        1.5011	          0.0007	   1.5682	1.469e-03	   0.052	   209.728
 255	128	 3.2453	 1.0308	   1.5004	        1.5011	          0.0007	   1.5682	1.803e-03	   0.059	   210.396
 256	128	 3.2448	 1.0301	   1.5004	        1.5011	          0.0007	   1.5219	1.494e-03	   0.063	   211.071
 257	129	 3.2455	 1.0292	   1.5004	        1.5011	          0.0007	   1.5192	1.068e-03	   0.060	   211.782
 258	129	 3.2445	 1.0298	   1.5004	        1.5011	          0.0007	   1.5605	1.358e-03	   0.061	   212.437
 259	130	 3.2442	 1.0292	   1.5004	        1.5011	          0.0007	   1.5273	1.101e-03	   0.057	   213.105
 260	130	 3.2445	 1.0300	   1.5004	        1.5011	          0.0007	   1.5667	1.420e-03	   0.064	   213.788
 261	131	 3.2437	 1.0296	   1.5004	        1.5011	          0.0007	   1.5340	1.277e-03	   0.061	   214.449
 262	131	 3.2440	 1.0301	   1.5004	        1.5011	          0.0007	   1.5587	1.475e-03	   0.054	   215.144
 263	132	 3.2428	 1.0298	   1.5004	        1.5011	          0.0007	   1.5294	1.330e-03	   0.065	   215.844
 264	132	 3.2432	 1.0298	   1.5004	        1.5011	          0.0007	   1.5508	1.354e-03	   0.058	   216.537
 265	133	 3.2423	 1.0298	   1.5004	        1.5011	          0.0007	   1.5417	1.364e-03	   0.060	   217.226
 266	133	 3.2427	 1.0300	   1.5004	        1.5011	          0.0007	   1.5518	1.415e-03	   0.060	   217.888
 267	134	 3.2428	 1.0300	   1.5004	        1.5011	          0.0007	   1.5432	1.428e-03	   0.059	   218.549
 268	134	 3.2424	 1.0297	   1.5004	        1.5011	          0.0007	   1.5384	1.302e-03	   0.077	   219.272
 269	135	 3.2417	 1.0295	   1.5004	        1.5011	          0.0007	   1.5365	1.214e-03	   0.057	   220.005
 270	135	 3.2417	 1.0300	   1.5004	        1.5011	          0.0007	   1.5611	1.433e-03	   0.058	   220.693
 271	136	 3.2408	 1.0291	   1.5004	        1.5011	          0.0007	   1.5131	1.034e-03	   0.054	   221.375
 272	136	 3.2412	 1.0299	   1.5004	        1.5011	          0.0007	   1.5720	1.375e-03	   0.065	   222.065
 273	137	 3.2410	 1.0317	   1.5004	        1.5011	          0.0007	   1.6026	2.169e-03	   0.063	   222.731
 274	137	 3.2408	 1.0299	   1.5004	        1.5011	          0.0007	   1.4894	1.397e-03	   0.059	   223.392
 275	138	 3.2399	 1.0298	   1.5004	        1.5011	          0.0007	   1.5362	1.345e-03	   0.062	   224.055
 276	138	 3.2403	 1.0299	   1.5004	        1.5011	          0.0007	   1.5519	1.387e-03	   0.062	   224.724
 277	139	 3.2404	 1.0308	   1.5004	        1.5011	          0.0007	   1.5750	1.796e-03	   0.063	   225.436
 278	139	 3.2398	 1.0297	   1.5004	        1.5011	          0.0007	   1.5100	1.312e-03	   0.064	   226.159
 279	140	 3.2393	 1.0298	   1.5004	        1.5011	          0.0007	   1.5441	1.349e-03	   0.056	   226.894
 280	140	 3.2398	 1.0299	   1.5004	        1.5011	          0.0007	   1.5509	1.384e-03	   0.066	   227.607
 281	141	 3.2400	 1.0311	   1.5004	        1.5011	          0.0007	   1.5878	1.935e-03	   0.064	   228.343
 282	141	 3.2393	 1.0301	   1.5004	        1.5011	          0.0007	   1.5082	1.486e-03	   0.051	   229.012
 283	142	 3.2390	 1.0303	   1.5004	        1.5011	          0.0007	   1.5511	1.561e-03	   0.059	   229.675
 284	142	 3.2391	 1.0300	   1.5004	        1.5011	          0.0007	   1.5359	1.445e-03	   0.057	   230.354
 285	143	 3.2384	 1.0304	   1.5004	        1.5011	          0.0007	   1.5530	1.587e-03	   0.066	   231.052
 286	143	 3.2391	 1.0299	   1.5004	        1.5011	          0.0007	   1.5327	1.367e-03	   0.068	   231.733
 287	144	 3.2387	 1.0298	   1.5004	        1.5011	          0.0007	   1.5443	1.354e-03	   0.058	   232.406
 288	144	 3.2386	 1.0300	   1.5004	        1.5011	          0.0007	   1.5487	1.423e-03	   0.067	   233.076
 289	145	 3.2390	 1.0308	   1.5004	        1.5011	          0.0007	   1.5746	1.800e-03	   0.059	   233.731
 290	145	 3.2383	 1.0300	   1.5004	        1.5011	          0.0007	   1.5149	1.414e-03	   0.056	   234.390
 291	146	 3.2378	 1.0289	   1.5004	        1.5011	          0.0007	   1.5055	9.305e-04	   0.056	   235.046
 292	146	 3.2384	 1.0301	   1.5004	        1.5011	          0.0007	   1.5898	1.462e-03	   0.059	   235.719
 293	147	 3.2382	 1.0308	   1.5004	        1.5011	          0.0007	   1.5673	1.801e-03	   0.069	   236.471
 294	147	 3.2380	 1.0302	   1.5004	        1.5011	          0.0007	   1.5273	1.538e-03	   0.058	   237.197
 295	148	 3.2378	 1.0292	   1.5004	        1.5011	          0.0007	   1.5089	1.084e-03	   0.063	   237.863
 296	148	 3.2378	 1.0299	   1.5004	        1.5011	          0.0007	   1.5704	1.395e-03	   0.063	   238.560
 297	149	 3.2380	 1.0301	   1.5004	        1.5011	          0.0007	   1.5529	1.466e-03	   0.057	   239.231
 298	149	 3.2377	 1.0297	   1.5004	        1.5011	          0.0007	   1.5313	1.318e-03	   0.057	   239.889
 299	150	 3.2373	 1.0312	   1.5004	        1.5011	          0.0007	   1.5960	1.951e-03	   0.051	   240.549
 300	150	 3.2374	 1.0299	   1.5004	        1.5011	          0.0007	   1.5014	1.404e-03	   0.067	   241.219
 301	151	 3.2375	 1.0300	   1.5004	        1.5011	          0.0007	   1.5479	1.414e-03	   0.059	   241.877
 302	151	 3.2373	 1.0297	   1.5004	        1.5011	          0.0007	   1.5342	1.285e-03	   0.057	   242.539
 303	152	 3.2364	 1.0293	   1.5004	        1.5011	          0.0007	   1.5280	1.109e-03	   0.062	   243.197
 304	152	 3.2367	 1.0297	   1.5004	        1.5011	          0.0007	   1.5632	1.308e-03	   0.056	   243.854
 305	153	 3.2361	 1.0287	   1.5004	        1.5011	          0.0007	   1.5056	8.400e-04	   0.067	   244.545
 306	153	 3.2368	 1.0296	   1.5004	        1.5011	          0.0007	   1.5807	1.254e-03	   0.059	   245.241
 307	154	 3.2376	 1.0290	   1.5004	        1.5011	          0.0007	   1.5271	9.805e-04	   0.057	   245.907
 308	154	 3.2368	 1.0294	   1.5004	        1.5011	          0.0007	   1.5571	1.171e-03	   0.068	   246.580
 309	155	 3.2363	 1.0294	   1.5004	        1.5011	          0.0007	   1.5425	1.153e-03	   0.057	   247.269
 310	155	 3.2366	 1.0296	   1.5004	        1.5011	          0.0007	   1.5521	1.241e-03	   0.059	   247.975
 311	156	 3.2363	 1.0301	   1.5004	        1.5011	          0.0007	   1.5647	1.488e-03	   0.057	   248.677
 312	156	 3.2361	 1.0297	   1.5004	        1.5011	          0.0007	   1.5293	1.304e-03	   0.057	   249.335
 313	157	 3.2361	 1.0296	   1.5004	        1.5011	          0.0007	   1.5424	1.258e-03	   0.068	   250.003
 314	157	 3.2360	 1.0295	   1.5004	        1.5011	          0.0007	   1.5380	1.201e-03	   0.060	   250.659
 315	158	 3.2353	 1.0297	   1.5004	        1.5011	          0.0007	   1.5459	1.288e-03	   0.058	   251.322
 316	158	 3.2352	 1.0293	   1.5004	        1.5011	          0.0007	   1.5368	1.138e-03	   0.060	   251.987
 317	159	 3.2355	 1.0294	   1.5004	        1.5011	          0.0007	   1.5493	1.179e-03	   0.067	   252.703
 318	159	 3.2352	 1.0292	   1.5004	        1.5011	          0.0007	   1.5386	1.096e-03	   0.061	   253.439
 319	160	 3.2359	 1.0295	   1.5004	        1.5011	          0.0007	   1.5576	1.200e-03	   0.055	   254.122
 320	160	 3.2356	 1.0290	   1.5004	        1.5011	          0.0007	   1.5266	1.009e-03	   0.065	   254.808
 321	161	 3.2351	 1.0279	   1.5004	        1.5011	          0.0007	   1.4988	5.284e-04	   0.062	   255.499
 322	161	 3.2354	 1.0291	   1.5004	        1.5011	          0.0007	   1.5901	1.029e-03	   0.054	   256.169
 323	162	 3.2352	 1.0298	   1.5004	        1.5011	          0.0007	   1.5715	1.359e-03	   0.059	   256.827
 324	162	 3.2352	 1.0292	   1.5004	        1.5011	          0.0007	   1.5241	1.096e-03	   0.058	   257.488
 325	163	 3.2356	 1.0286	   1.5004	        1.5011	          0.0007	   1.5200	7.944e-04	   0.061	   258.145
 326	163	 3.2358	 1.0290	   1.5004	        1.5011	          0.0007	   1.5616	9.846e-04	   0.060	   258.803
 327	164	 3.2358	 1.0291	   1.5004	        1.5011	          0.0007	   1.5493	1.029e-03	   0.057	   259.471
 328	164	 3.2354	 1.0290	   1.5004	        1.5011	          0.0007	   1.5399	9.854e-04	   0.070	   260.138
 329	165	 3.2358	 1.0292	   1.5004	        1.5011	          0.0007	   1.5543	1.078e-03	   0.060	   260.795
 330	165	 3.2351	 1.0290	   1.5004	        1.5011	          0.0007	   1.5369	1.008e-03	   0.065	   261.510
 331	166	 3.2347	 1.0293	   1.5004	        1.5011	          0.0007	   1.5524	1.112e-03	   0.058	   262.173
 332	166	 3.2352	 1.0290	   1.5004	        1.5011	          0.0007	   1.5353	9.767e-04	   0.060	   262.851
 333	167	 3.2353	 1.0291	   1.5004	        1.5011	          0.0007	   1.5495	1.018e-03	   0.070	   263.580
 334	167	 3.2349	 1.0292	   1.5004	        1.5011	          0.0007	   1.5465	1.059e-03	   0.055	   264.250
 335	168	 3.2353	 1.0285	   1.5004	        1.5011	          0.0007	   1.5203	7.818e-04	   0.057	   264.917
 336	168	 3.2351	 1.0294	   1.5004	        1.5011	          0.0007	   1.5782	1.156e-03	   0.058	   265.574
 337	169	 3.2342	 1.0297	   1.5004	        1.5011	          0.0007	   1.5536	1.306e-03	   0.055	   266.231
 338	169	 3.2349	 1.0293	   1.5004	        1.5011	          0.0007	   1.5329	1.123e-03	   0.054	   266.893
 339	170	 3.2347	 1.0296	   1.5004	        1.5011	          0.0007	   1.5536	1.239e-03	   0.054	   267.552
 340	170	 3.2345	 1.0292	   1.5004	        1.5011	          0.0007	   1.5325	1.093e-03	   0.061	   268.218
 341	171	 3.2341	 1.0297	   1.5004	        1.5011	          0.0007	   1.5622	1.285e-03	   0.068	   268.904
 342	171	 3.2344	 1.0292	   1.5004	        1.5011	          0.0007	   1.5258	1.072e-03	   0.069	   269.647
 343	172	 3.2338	 1.0292	   1.5004	        1.5011	          0.0007	   1.5413	1.071e-03	   0.062	   270.359
 344	172	 3.2339	 1.0296	   1.5004	        1.5011	          0.0007	   1.5611	1.239e-03	   0.061	   271.028
 345	173	 3.2334	 1.0300	   1.5004	        1.5011	          0.0007	   1.5629	1.444e-03	   0.067	   271.723
 346	173	 3.2337	 1.0296	   1.5004	        1.5011	          0.0007	   1.5306	1.272e-03	   0.058	   272.397
 347	174	 3.2345	 1.0293	   1.5004	        1.5011	          0.0007	   1.5335	1.101e-03	   0.061	   273.061
 348	174	 3.2337	 1.0296	   1.5004	        1.5011	          0.0007	   1.5529	1.237e-03	   0.064	   273.722
 349	175	 3.2337	 1.0292	   1.5004	        1.5011	          0.0007	   1.5315	1.071e-03	   0.055	   274.382
 350	175	 3.2336	 1.0298	   1.5004	        1.5011	          0.0007	   1.5676	1.333e-03	   0.059	   275.048
 351	176	 3.2335	 1.0297	   1.5004	        1.5011	          0.0007	   1.5405	1.297e-03	   0.055	   275.699
 352	176	 3.2335	 1.0298	   1.5004	        1.5011	          0.0007	   1.5519	1.353e-03	   0.058	   276.362
 353	177	 3.2331	 1.0303	   1.5004	        1.5011	          0.0007	   1.5634	1.565e-03	   0.065	   277.023
 354	177	 3.2333	 1.0298	   1.5004	        1.5011	          0.0007	   1.5275	1.352e-03	   0.059	   277.712
 355	178	 3.2333	 1.0301	   1.5004	        1.5011	          0.0007	   1.5554	1.453e-03	   0.056	   278.416
 356	178	 3.2334	 1.0297	   1.5004	        1.5011	          0.0007	   1.5321	1.313e-03	   0.072	   279.105
 357	179	 3.2333	 1.0292	   1.5004	        1.5011	          0.0007	   1.5242	1.094e-03	   0.064	   279.848
 358	179	 3.2332	 1.0296	   1.5004	        1.5011	          0.0007	   1.5608	1.258e-03	   0.064	   280.547
 359	180	 3.2332	 1.0296	   1.5004	        1.5011	          0.0007	   1.5438	1.257e-03	   0.056	   281.211
 360	180	 3.2329	 1.0297	   1.5004	        1.5011	          0.0007	   1.5462	1.275e-03	   0.061	   281.878
 361	181	 3.2325	 1.0297	   1.5004	        1.5011	          0.0007	   1.5472	1.303e-03	   0.062	   282.546
 362	181	 3.2325	 1.0294	   1.5004	        1.5011	          0.0007	   1.5307	1.166e-03	   0.054	   283.200
 363	182	 3.2325	 1.0289	   1.5004	        1.5011	          0.0007	   1.5204	9.411e-04	   0.057	   283.863
 364	182	 3.2326	 1.0294	   1.5004	        1.5011	          0.0007	   1.5687	1.154e-03	   0.056	   284.519
 365	183	 3.2323	 1.0292	   1.5004	        1.5011	          0.0007	   1.5374	1.084e-03	   0.061	   285.179
 366	183	 3.2321	 1.0294	   1.5004	        1.5011	          0.0007	   1.5512	1.177e-03	   0.066	   285.910
 367	184	 3.2318	 1.0286	   1.5004	        1.5011	          0.0007	   1.5108	8.249e-04	   0.064	   286.650
 368	184	 3.2319	 1.0297	   1.5004	        1.5011	          0.0007	   1.5877	1.277e-03	   0.070	   287.345
 369	185	 3.2321	 1.0304	   1.5004	        1.5011	          0.0007	   1.5750	1.589e-03	   0.068	   288.073
 370	185	 3.2316	 1.0296	   1.5004	        1.5011	          0.0007	   1.5143	1.272e-03	   0.074	   288.829
 371	186	 3.2318	 1.0291	   1.5004	        1.5011	          0.0007	   1.5234	1.042e-03	   0.061	   289.578
 372	186	 3.2313	 1.0296	   1.5004	        1.5011	          0.0007	   1.5638	1.252e-03	   0.062	   290.313
 373	187	 3.2315	 1.0281	   1.5004	        1.5011	          0.0007	   1.4820	6.096e-04	   0.068	   291.006
 374	187	 3.2306	 1.0297	   1.5004	        1.5011	          0.0007	   1.6089	1.305e-03	   0.054	   291.678
 375	188	 3.2308	 1.0295	   1.5004	        1.5011	          0.0007	   1.5392	1.208e-03	   0.060	   292.343
 376	188	 3.2301	 1.0298	   1.5004	        1.5011	          0.0007	   1.5518	1.336e-03	   0.058	   292.998
 377	189	 3.2294	 1.0301	   1.5004	        1.5011	          0.0007	   1.5502	1.455e-03	   0.055	   293.661
 378	189	 3.2296	 1.0300	   1.5004	        1.5011	          0.0007	   1.5437	1.406e-03	   0.061	   294.332
 379	190	 3.2296	 1.0299	   1.5004	        1.5011	          0.0007	   1.5449	1.401e-03	   0.058	   295.037
 380	190	 3.2294	 1.0301	   1.5004	        1.5011	          0.0007	   1.5525	1.479e-03	   0.069	   295.757
 381	191	 3.2290	 1.0304	   1.5004	        1.5011	          0.0007	   1.5560	1.622e-03	   0.064	   296.441
 382	191	 3.2289	 1.0299	   1.5004	        1.5011	          0.0007	   1.5245	1.398e-03	   0.055	   297.124
 383	192	 3.2294	 1.0290	   1.5004	        1.5011	          0.0007	   1.5061	9.831e-04	   0.056	   297.787
 384	192	 3.2290	 1.0300	   1.5004	        1.5011	          0.0007	   1.5848	1.405e-03	   0.061	   298.447
 385	193	 3.2293	 1.0299	   1.5004	        1.5011	          0.0007	   1.5475	1.394e-03	   0.060	   299.104
 386	193	 3.2291	 1.0300	   1.5004	        1.5011	          0.0007	   1.5441	1.407e-03	   0.063	   299.765
 387	194	 3.2297	 1.0297	   1.5004	        1.5011	          0.0007	   1.5402	1.303e-03	   0.062	   300.427
 388	194	 3.2292	 1.0297	   1.5004	        1.5011	          0.0007	   1.5405	1.296e-03	   0.064	   301.092
 389	195	 3.2287	 1.0293	   1.5004	        1.5011	          0.0007	   1.5272	1.119e-03	   0.059	   301.754
 390	195	 3.2292	 1.0297	   1.5004	        1.5011	          0.0007	   1.5639	1.306e-03	   0.064	   302.439
 391	196	 3.2294	 1.0295	   1.5004	        1.5011	          0.0007	   1.5369	1.218e-03	   0.059	   303.186
 392	196	 3.2292	 1.0295	   1.5004	        1.5011	          0.0007	   1.5443	1.212e-03	   0.057	   303.890
 393	197	 3.2287	 1.0290	   1.5004	        1.5011	          0.0007	   1.5200	9.765e-04	   0.063	   304.552
 394	197	 3.2294	 1.0295	   1.5004	        1.5011	          0.0007	   1.5720	1.224e-03	   0.055	   305.250
 395	198	 3.2292	 1.0292	   1.5004	        1.5011	          0.0007	   1.5291	1.057e-03	   0.059	   305.936
 396	198	 3.2290	 1.0299	   1.5004	        1.5011	          0.0007	   1.5777	1.398e-03	   0.059	   306.594
 397	199	 3.2294	 1.0297	   1.5004	        1.5011	          0.0007	   1.5378	1.308e-03	   0.060	   307.256
 398	199	 3.2288	 1.0298	   1.5004	        1.5011	          0.0007	   1.5485	1.356e-03	   0.061	   307.912
 399	200	 3.2283	 1.0302	   1.5004	        1.5011	          0.0007	   1.5618	1.525e-03	   0.053	   308.567
 400	200	 3.2289	 1.0297	   1.5004	        1.5011	          0.0007	   1.5214	1.282e-03	   0.064	   309.240

[BSGD] Finished on device cuda -> σ_f² ≈ 3.2289, σ_ε² ≈ 1.0297
