[GPU 7][JOB 152] 'python cli.py bsgd --n 1024 --lengthscale 0.5 --sigma-f2-true 4.0 --sigma-eps2-true 1.0 --n-epochs 200 --device auto --kernel-mode finite --theta-min 1e-4 --theta-max 20.0 --print-every 1 --seed 1 --batch-size 256 --sigma-f2-init 5.0 --sigma-eps2-init 3.0 --alpha1 6.0 '

=== BSGD (biased SGD on exact kernel) ===
iter	epoch	σ_f²	σ_ε²	real_nlml	real_nlml_true	real_nlml_abs_err	mini_nlml	||grad||	duration_s	wall_time_s
   1	 1	 4.3836	 2.4551	   1.6427	        1.5046	          0.1381	   1.7580	1.134e-01	   0.183	     0.236
   2	 1	 4.1840	 2.1342	   1.6054	        1.5046	          0.1008	   1.6893	1.162e-01	   0.013	     0.603
   3	 1	 3.9488	 1.9010	   1.5779	        1.5046	          0.0733	   1.6412	1.154e-01	   0.019	     1.053
   4	 1	 3.8287	 1.7562	   1.5611	        1.5046	          0.0565	   1.6715	1.126e-01	   0.029	     1.588
   5	 2	 3.7249	 1.6226	   1.5462	        1.5046	          0.0416	   1.6254	1.075e-01	   0.024	     2.228
   6	 2	 3.6342	 1.5128	   1.5346	        1.5046	          0.0300	   1.6059	1.007e-01	   0.031	     2.910
   7	 2	 3.5558	 1.4409	   1.5274	        1.5046	          0.0228	   1.6373	9.432e-02	   0.031	     3.625
   8	 2	 3.5037	 1.3901	   1.5227	        1.5046	          0.0181	   1.6531	8.871e-02	   0.032	     4.341
   9	 3	 3.4512	 1.3345	   1.5179	        1.5046	          0.0133	   1.6092	8.126e-02	   0.031	     5.058
  10	 3	 3.3945	 1.3135	   1.5161	        1.5046	          0.0115	   1.6688	7.804e-02	   0.036	     5.767
  11	 3	 3.3471	 1.2460	   1.5112	        1.5046	          0.0066	   1.5349	6.585e-02	   0.030	     6.484
  12	 3	 3.3339	 1.2113	   1.5090	        1.5046	          0.0044	   1.6024	5.832e-02	   0.026	     7.206
  13	 4	 3.3005	 1.1927	   1.5079	        1.5046	          0.0033	   1.6250	5.387e-02	   0.031	     7.926
  14	 4	 3.2613	 1.1519	   1.5058	        1.5046	          0.0012	   1.5464	4.301e-02	   0.033	     8.672
  15	 4	 3.2312	 1.1377	   1.5052	        1.5046	          0.0006	   1.6078	3.884e-02	   0.031	     9.400
  16	 4	 3.2068	 1.1318	   1.5050	        1.5046	          0.0004	   1.6198	3.703e-02	   0.031	    10.133
  17	 5	 3.1717	 1.1078	   1.5041	        1.5046	          0.0005	   1.5577	2.925e-02	   0.035	    10.849
  18	 5	 3.1576	 1.0996	   1.5039	        1.5046	          0.0007	   1.6032	2.645e-02	   0.030	    11.581
  19	 5	 3.1422	 1.0948	   1.5037	        1.5046	          0.0009	   1.6158	2.474e-02	   0.025	    12.311
  20	 5	 3.1277	 1.0980	   1.5038	        1.5046	          0.0008	   1.6392	2.588e-02	   0.031	    13.024
  21	 6	 3.1128	 1.0868	   1.5035	        1.5046	          0.0011	   1.5829	2.187e-02	   0.033	    13.739
  22	 6	 3.0958	 1.0724	   1.5032	        1.5046	          0.0014	   1.5663	1.647e-02	   0.032	    14.458
  23	 6	 3.0780	 1.0711	   1.5031	        1.5046	          0.0015	   1.6094	1.593e-02	   0.028	    15.177
  24	 6	 3.0625	 1.0853	   1.5034	        1.5046	          0.0012	   1.6776	2.129e-02	   0.036	    15.889
  25	 7	 3.0459	 1.0752	   1.5032	        1.5046	          0.0014	   1.5679	1.751e-02	   0.031	    16.602
  26	 7	 3.0415	 1.0679	   1.5031	        1.5046	          0.0016	   1.5990	1.469e-02	   0.026	    17.323
  27	 7	 3.0229	 1.0619	   1.5030	        1.5046	          0.0017	   1.5771	1.231e-02	   0.032	    18.044
  28	 7	 3.0118	 1.0589	   1.5029	        1.5046	          0.0017	   1.6016	1.109e-02	   0.036	    18.802
  29	 8	 3.0062	 1.0473	   1.5028	        1.5046	          0.0018	   1.5522	6.319e-03	   0.036	    19.564
  30	 8	 2.9898	 1.0494	   1.5028	        1.5046	          0.0018	   1.6136	7.167e-03	   0.030	    20.343
  31	 8	 2.9763	 1.0457	   1.5028	        1.5046	          0.0019	   1.5861	5.622e-03	   0.040	    21.085
  32	 8	 2.9720	 1.0437	   1.5027	        1.5046	          0.0019	   1.5997	4.794e-03	   0.031	    21.831
  33	 9	 2.9638	 1.0508	   1.5028	        1.5046	          0.0018	   1.6435	7.726e-03	   0.030	    22.572
  34	 9	 2.9572	 1.0524	   1.5028	        1.5046	          0.0018	   1.6215	8.394e-03	   0.032	    23.303
  35	 9	 2.9390	 1.0455	   1.5027	        1.5046	          0.0019	   1.5539	5.513e-03	   0.031	    24.016
  36	 9	 2.9272	 1.0396	   1.5027	        1.5046	          0.0019	   1.5675	3.051e-03	   0.033	    24.735
  37	10	 2.9120	 1.0379	   1.5026	        1.5046	          0.0020	   1.5776	2.370e-03	   0.027	    25.451
  38	10	 2.9046	 1.0382	   1.5026	        1.5046	          0.0020	   1.6064	2.449e-03	   0.036	    26.168
  39	10	 2.8934	 1.0328	   1.5026	        1.5046	          0.0020	   1.5631	1.064e-03	   0.034	    26.889
  40	10	 2.8976	 1.0407	   1.5026	        1.5046	          0.0020	   1.6665	3.480e-03	   0.030	    27.599
  41	11	 2.8893	 1.0388	   1.5026	        1.5046	          0.0020	   1.5914	2.704e-03	   0.030	    28.314
  42	11	 2.8787	 1.0479	   1.5027	        1.5046	          0.0019	   1.6609	6.467e-03	   0.032	    29.035
  43	11	 2.8726	 1.0448	   1.5026	        1.5046	          0.0020	   1.5877	5.167e-03	   0.034	    29.787
  44	11	 2.8688	 1.0353	   1.5026	        1.5046	          0.0020	   1.5244	1.368e-03	   0.031	    30.508
  45	12	 2.8663	 1.0373	   1.5026	        1.5046	          0.0020	   1.6217	2.067e-03	   0.036	    31.237
  46	12	 2.8601	 1.0332	   1.5026	        1.5046	          0.0020	   1.5729	1.000e-03	   0.028	    31.964
  47	12	 2.8516	 1.0366	   1.5026	        1.5046	          0.0020	   1.6239	1.800e-03	   0.031	    32.701
  48	12	 2.8460	 1.0336	   1.5026	        1.5046	          0.0020	   1.5747	9.923e-04	   0.033	    33.419
  49	13	 2.8422	 1.0335	   1.5026	        1.5046	          0.0020	   1.6053	9.795e-04	   0.033	    34.133
  50	13	 2.8390	 1.0407	   1.5026	        1.5046	          0.0020	   1.6633	3.445e-03	   0.031	    34.850
  51	13	 2.8331	 1.0399	   1.5026	        1.5046	          0.0020	   1.5931	3.112e-03	   0.030	    35.566
  52	13	 2.8238	 1.0324	   1.5026	        1.5046	          0.0021	   1.5241	1.023e-03	   0.034	    36.279
  53	14	 2.8137	 1.0248	   1.5026	        1.5046	          0.0020	   1.5248	3.991e-03	   0.026	    36.997
  54	14	 2.8120	 1.0275	   1.5026	        1.5046	          0.0021	   1.6222	2.791e-03	   0.033	    37.737
  55	14	 2.8140	 1.0324	   1.5025	        1.5046	          0.0021	   1.6473	1.004e-03	   0.038	    38.525
  56	14	 2.8102	 1.0299	   1.5025	        1.5046	          0.0021	   1.5801	1.793e-03	   0.035	    39.307
  57	15	 2.8060	 1.0224	   1.5026	        1.5046	          0.0020	   1.5294	5.081e-03	   0.031	    40.117
  58	15	 2.8002	 1.0265	   1.5025	        1.5046	          0.0021	   1.6313	3.215e-03	   0.035	    40.895
  59	15	 2.8011	 1.0281	   1.5025	        1.5046	          0.0021	   1.6196	2.504e-03	   0.039	    41.651
  60	15	 2.7934	 1.0300	   1.5025	        1.5046	          0.0021	   1.6132	1.727e-03	   0.032	    42.391
  61	16	 2.7842	 1.0314	   1.5025	        1.5046	          0.0021	   1.6020	1.234e-03	   0.031	    43.146
  62	16	 2.7796	 1.0326	   1.5025	        1.5046	          0.0021	   1.6156	9.195e-04	   0.031	    43.884
  63	16	 2.7786	 1.0304	   1.5025	        1.5046	          0.0021	   1.5788	1.561e-03	   0.032	    44.594
  64	16	 2.7761	 1.0328	   1.5025	        1.5046	          0.0021	   1.6224	8.959e-04	   0.028	    45.309
  65	17	 2.7707	 1.0335	   1.5025	        1.5046	          0.0021	   1.6075	8.578e-04	   0.029	    46.030
  66	17	 2.7681	 1.0316	   1.5025	        1.5046	          0.0021	   1.5797	1.152e-03	   0.036	    46.744
  67	17	 2.7635	 1.0321	   1.5025	        1.5046	          0.0021	   1.5998	1.007e-03	   0.029	    47.460
  68	17	 2.7630	 1.0336	   1.5025	        1.5046	          0.0021	   1.6179	8.466e-04	   0.031	    48.181
  69	18	 2.7632	 1.0343	   1.5025	        1.5046	          0.0021	   1.6126	9.516e-04	   0.031	    48.897
  70	18	 2.7608	 1.0316	   1.5025	        1.5046	          0.0021	   1.5689	1.144e-03	   0.034	    49.612
  71	18	 2.7551	 1.0360	   1.5025	        1.5046	          0.0021	   1.6440	1.440e-03	   0.032	    50.354
  72	18	 2.7462	 1.0356	   1.5025	        1.5046	          0.0021	   1.5868	1.289e-03	   0.031	    51.087
  73	19	 2.7399	 1.0369	   1.5025	        1.5046	          0.0021	   1.6072	1.788e-03	   0.038	    51.808
  74	19	 2.7346	 1.0416	   1.5025	        1.5046	          0.0021	   1.6536	3.729e-03	   0.028	    52.541
  75	19	 2.7339	 1.0380	   1.5025	        1.5046	          0.0021	   1.5663	2.224e-03	   0.030	    53.269
  76	19	 2.7325	 1.0372	   1.5025	        1.5046	          0.0021	   1.5933	1.879e-03	   0.029	    53.998
  77	20	 2.7284	 1.0334	   1.5025	        1.5046	          0.0021	   1.5433	7.769e-04	   0.035	    54.717
  78	20	 2.7270	 1.0372	   1.5025	        1.5046	          0.0021	   1.6570	1.869e-03	   0.032	    55.430
  79	20	 2.7206	 1.0329	   1.5025	        1.5046	          0.0021	   1.5355	7.894e-04	   0.032	    56.145
  80	20	 2.7189	 1.0382	   1.5025	        1.5046	          0.0021	   1.6711	2.291e-03	   0.034	    56.860
  81	21	 2.7188	 1.0412	   1.5025	        1.5046	          0.0021	   1.6501	3.554e-03	   0.029	    57.578
  82	21	 2.7145	 1.0381	   1.5025	        1.5046	          0.0021	   1.5524	2.223e-03	   0.030	    58.296
  83	21	 2.7100	 1.0392	   1.5025	        1.5046	          0.0021	   1.6100	2.678e-03	   0.030	    59.013
  84	21	 2.7076	 1.0378	   1.5025	        1.5046	          0.0021	   1.5837	2.084e-03	   0.033	    59.747
  85	22	 2.7075	 1.0375	   1.5025	        1.5046	          0.0021	   1.6048	1.976e-03	   0.033	    60.544
  86	22	 2.7054	 1.0377	   1.5025	        1.5046	          0.0021	   1.5950	2.058e-03	   0.034	    61.302
  87	22	 2.6979	 1.0349	   1.5024	        1.5046	          0.0022	   1.5472	9.922e-04	   0.035	    62.044
  88	22	 2.6968	 1.0379	   1.5025	        1.5046	          0.0022	   1.6500	2.126e-03	   0.030	    62.785
  89	23	 2.6941	 1.0369	   1.5024	        1.5046	          0.0022	   1.5847	1.716e-03	   0.031	    63.542
  90	23	 2.6935	 1.0356	   1.5024	        1.5046	          0.0022	   1.5830	1.224e-03	   0.035	    64.280
  91	23	 2.6910	 1.0377	   1.5024	        1.5046	          0.0022	   1.6344	2.042e-03	   0.033	    64.999
  92	23	 2.6882	 1.0375	   1.5024	        1.5046	          0.0022	   1.5961	1.946e-03	   0.029	    65.718
  93	24	 2.6890	 1.0414	   1.5025	        1.5046	          0.0021	   1.6740	3.600e-03	   0.032	    66.436
  94	24	 2.6823	 1.0395	   1.5024	        1.5046	          0.0022	   1.5584	2.796e-03	   0.035	    67.146
  95	24	 2.6808	 1.0364	   1.5024	        1.5046	          0.0022	   1.5488	1.495e-03	   0.029	    67.863
  96	24	 2.6803	 1.0373	   1.5024	        1.5046	          0.0022	   1.6212	1.855e-03	   0.031	    68.586
  97	25	 2.6777	 1.0356	   1.5024	        1.5046	          0.0022	   1.5684	1.170e-03	   0.031	    69.299
  98	25	 2.6748	 1.0349	   1.5024	        1.5046	          0.0022	   1.5922	9.399e-04	   0.030	    70.011
  99	25	 2.6700	 1.0370	   1.5024	        1.5046	          0.0022	   1.6245	1.713e-03	   0.025	    70.751
 100	25	 2.6714	 1.0373	   1.5024	        1.5046	          0.0022	   1.6146	1.850e-03	   0.034	    71.496
 101	26	 2.6711	 1.0341	   1.5024	        1.5046	          0.0022	   1.5409	7.208e-04	   0.039	    72.209
 102	26	 2.6690	 1.0337	   1.5024	        1.5046	          0.0022	   1.5957	6.678e-04	   0.030	    72.943
 103	26	 2.6661	 1.0351	   1.5024	        1.5046	          0.0022	   1.6214	9.962e-04	   0.029	    73.664
 104	26	 2.6673	 1.0358	   1.5024	        1.5046	          0.0022	   1.6215	1.262e-03	   0.035	    74.406
 105	27	 2.6658	 1.0375	   1.5024	        1.5046	          0.0022	   1.6213	1.938e-03	   0.032	    75.115
 106	27	 2.6627	 1.0342	   1.5024	        1.5046	          0.0022	   1.5368	7.266e-04	   0.030	    75.834
 107	27	 2.6630	 1.0315	   1.5024	        1.5046	          0.0022	   1.5675	1.094e-03	   0.032	    76.554
 108	27	 2.6606	 1.0362	   1.5024	        1.5046	          0.0022	   1.6808	1.382e-03	   0.036	    77.304
 109	28	 2.6592	 1.0360	   1.5024	        1.5046	          0.0022	   1.5996	1.320e-03	   0.035	    78.130
 110	28	 2.6614	 1.0376	   1.5024	        1.5046	          0.0022	   1.6386	1.980e-03	   0.030	    78.940
 111	28	 2.6595	 1.0368	   1.5024	        1.5046	          0.0022	   1.5870	1.614e-03	   0.037	    79.740
 112	28	 2.6555	 1.0361	   1.5024	        1.5046	          0.0022	   1.5770	1.348e-03	   0.035	    80.532
 113	29	 2.6550	 1.0352	   1.5024	        1.5046	          0.0022	   1.5885	1.002e-03	   0.035	    81.319
 114	29	 2.6524	 1.0332	   1.5024	        1.5046	          0.0022	   1.5581	6.348e-04	   0.033	    82.078
 115	29	 2.6506	 1.0351	   1.5024	        1.5046	          0.0022	   1.6290	9.605e-04	   0.034	    82.824
 116	29	 2.6494	 1.0357	   1.5024	        1.5046	          0.0022	   1.6147	1.164e-03	   0.030	    83.565
 117	30	 2.6465	 1.0395	   1.5024	        1.5046	          0.0022	   1.6728	2.769e-03	   0.030	    84.319
 118	30	 2.6451	 1.0384	   1.5024	        1.5046	          0.0022	   1.5810	2.282e-03	   0.036	    85.056
 119	30	 2.6426	 1.0373	   1.5024	        1.5046	          0.0022	   1.5678	1.794e-03	   0.032	    85.782
 120	30	 2.6419	 1.0353	   1.5024	        1.5046	          0.0022	   1.5668	1.035e-03	   0.029	    86.497
 121	31	 2.6418	 1.0349	   1.5024	        1.5046	          0.0022	   1.5923	8.895e-04	   0.030	    87.215
 122	31	 2.6361	 1.0350	   1.5024	        1.5046	          0.0022	   1.5868	9.196e-04	   0.032	    87.929
 123	31	 2.6331	 1.0346	   1.5024	        1.5046	          0.0022	   1.5861	7.600e-04	   0.031	    88.650
 124	31	 2.6367	 1.0343	   1.5024	        1.5046	          0.0022	   1.6118	7.044e-04	   0.031	    89.367
 125	32	 2.6341	 1.0340	   1.5024	        1.5046	          0.0022	   1.5885	6.356e-04	   0.033	    90.080
 126	32	 2.6316	 1.0325	   1.5024	        1.5046	          0.0022	   1.5646	7.314e-04	   0.030	    90.793
 127	32	 2.6331	 1.0316	   1.5024	        1.5046	          0.0022	   1.5820	1.034e-03	   0.032	    91.533
 128	32	 2.6323	 1.0333	   1.5024	        1.5046	          0.0022	   1.6398	5.863e-04	   0.030	    92.275
 129	33	 2.6311	 1.0327	   1.5024	        1.5046	          0.0022	   1.5939	6.719e-04	   0.033	    92.988
 130	33	 2.6305	 1.0314	   1.5024	        1.5046	          0.0022	   1.5690	1.095e-03	   0.030	    93.730
 131	33	 2.6274	 1.0331	   1.5024	        1.5046	          0.0022	   1.6260	5.949e-04	   0.027	    94.447
 132	33	 2.6273	 1.0321	   1.5024	        1.5046	          0.0022	   1.5740	8.429e-04	   0.033	    95.185
 133	34	 2.6261	 1.0316	   1.5024	        1.5046	          0.0022	   1.5859	1.039e-03	   0.029	    95.895
 134	34	 2.6250	 1.0331	   1.5024	        1.5046	          0.0022	   1.6368	5.910e-04	   0.028	    96.615
 135	34	 2.6271	 1.0326	   1.5024	        1.5046	          0.0022	   1.5972	6.878e-04	   0.032	    97.334
 136	34	 2.6241	 1.0323	   1.5024	        1.5046	          0.0022	   1.5830	7.884e-04	   0.035	    98.047
 137	35	 2.6258	 1.0312	   1.5024	        1.5046	          0.0022	   1.5812	1.173e-03	   0.031	    98.766
 138	35	 2.6236	 1.0330	   1.5024	        1.5046	          0.0022	   1.6369	6.051e-04	   0.026	    99.485
 139	35	 2.6238	 1.0342	   1.5024	        1.5046	          0.0022	   1.6372	6.436e-04	   0.035	   100.212
 140	35	 2.6201	 1.0322	   1.5024	        1.5046	          0.0022	   1.5402	8.167e-04	   0.033	   100.955
 141	36	 2.6162	 1.0310	   1.5024	        1.5046	          0.0022	   1.5595	1.268e-03	   0.036	   101.722
 142	36	 2.6159	 1.0309	   1.5024	        1.5046	          0.0022	   1.5952	1.273e-03	   0.032	   102.483
 143	36	 2.6166	 1.0311	   1.5024	        1.5046	          0.0022	   1.6068	1.199e-03	   0.036	   103.222
 144	36	 2.6151	 1.0323	   1.5024	        1.5046	          0.0022	   1.6273	7.788e-04	   0.028	   103.965
 145	37	 2.6129	 1.0298	   1.5024	        1.5046	          0.0022	   1.5341	1.742e-03	   0.025	   104.716
 146	37	 2.6104	 1.0307	   1.5024	        1.5046	          0.0022	   1.6162	1.377e-03	   0.032	   105.460
 147	37	 2.6115	 1.0306	   1.5024	        1.5046	          0.0022	   1.6056	1.407e-03	   0.033	   106.185
 148	37	 2.6096	 1.0322	   1.5024	        1.5046	          0.0022	   1.6309	7.810e-04	   0.031	   106.900
 149	38	 2.6094	 1.0297	   1.5024	        1.5046	          0.0022	   1.5382	1.789e-03	   0.029	   107.618
 150	38	 2.6081	 1.0311	   1.5024	        1.5046	          0.0022	   1.6264	1.204e-03	   0.035	   108.334
 151	38	 2.6055	 1.0310	   1.5024	        1.5046	          0.0022	   1.5883	1.261e-03	   0.030	   109.050
 152	38	 2.6048	 1.0329	   1.5024	        1.5046	          0.0022	   1.6487	5.868e-04	   0.027	   109.769
 153	39	 2.6035	 1.0329	   1.5024	        1.5046	          0.0022	   1.6000	5.836e-04	   0.033	   110.488
 154	39	 2.6016	 1.0337	   1.5024	        1.5046	          0.0022	   1.6133	5.220e-04	   0.030	   111.199
 155	39	 2.5993	 1.0341	   1.5024	        1.5046	          0.0022	   1.6029	5.724e-04	   0.032	   111.929
 156	39	 2.6006	 1.0314	   1.5024	        1.5046	          0.0022	   1.5369	1.062e-03	   0.030	   112.675
 157	40	 2.6008	 1.0332	   1.5024	        1.5046	          0.0022	   1.6498	5.350e-04	   0.033	   113.393
 158	40	 2.5983	 1.0353	   1.5024	        1.5046	          0.0022	   1.6420	9.311e-04	   0.032	   114.128
 159	40	 2.5982	 1.0333	   1.5024	        1.5046	          0.0022	   1.5540	5.145e-04	   0.029	   114.849
 160	40	 2.5967	 1.0316	   1.5024	        1.5046	          0.0022	   1.5528	9.879e-04	   0.034	   115.590
 161	41	 2.5961	 1.0339	   1.5024	        1.5046	          0.0022	   1.6597	5.292e-04	   0.030	   116.304
 162	41	 2.5950	 1.0320	   1.5024	        1.5046	          0.0022	   1.5454	8.455e-04	   0.033	   117.034
 163	41	 2.5939	 1.0309	   1.5024	        1.5046	          0.0022	   1.5643	1.285e-03	   0.035	   117.806
 164	41	 2.5929	 1.0313	   1.5024	        1.5046	          0.0022	   1.6130	1.126e-03	   0.037	   118.581
 165	42	 2.5920	 1.0330	   1.5024	        1.5046	          0.0022	   1.6529	5.423e-04	   0.030	   119.312
 166	42	 2.5921	 1.0357	   1.5024	        1.5046	          0.0022	   1.6812	1.094e-03	   0.030	   120.057
 167	42	 2.5907	 1.0332	   1.5024	        1.5046	          0.0022	   1.5275	5.132e-04	   0.031	   120.801
 168	42	 2.5895	 1.0318	   1.5024	        1.5046	          0.0022	   1.5483	9.041e-04	   0.028	   121.529
 169	43	 2.5889	 1.0333	   1.5024	        1.5046	          0.0022	   1.6419	5.006e-04	   0.036	   122.288
 170	43	 2.5875	 1.0351	   1.5024	        1.5046	          0.0022	   1.6496	8.620e-04	   0.037	   123.058
 171	43	 2.5862	 1.0324	   1.5024	        1.5046	          0.0022	   1.5221	7.032e-04	   0.038	   123.791
 172	43	 2.5851	 1.0321	   1.5024	        1.5046	          0.0022	   1.5807	8.173e-04	   0.028	   124.538
 173	44	 2.5831	 1.0326	   1.5024	        1.5046	          0.0022	   1.6091	6.256e-04	   0.031	   125.290
 174	44	 2.5824	 1.0349	   1.5024	        1.5046	          0.0022	   1.6678	7.905e-04	   0.034	   126.035
 175	44	 2.5821	 1.0338	   1.5024	        1.5046	          0.0022	   1.5607	4.887e-04	   0.030	   126.763
 176	44	 2.5824	 1.0318	   1.5024	        1.5046	          0.0022	   1.5451	9.009e-04	   0.031	   127.483
 177	45	 2.5828	 1.0315	   1.5024	        1.5046	          0.0022	   1.5932	1.013e-03	   0.030	   128.200
 178	45	 2.5809	 1.0296	   1.5024	        1.5046	          0.0022	   1.5341	1.855e-03	   0.036	   128.912
 179	45	 2.5815	 1.0296	   1.5024	        1.5046	          0.0022	   1.5989	1.858e-03	   0.027	   129.627
 180	45	 2.5795	 1.0320	   1.5024	        1.5046	          0.0022	   1.6660	8.330e-04	   0.025	   130.348
 181	46	 2.5803	 1.0319	   1.5024	        1.5046	          0.0022	   1.5965	8.800e-04	   0.034	   131.067
 182	46	 2.5786	 1.0333	   1.5024	        1.5046	          0.0022	   1.6268	4.758e-04	   0.032	   131.777
 183	46	 2.5779	 1.0346	   1.5024	        1.5046	          0.0022	   1.6485	6.548e-04	   0.034	   132.503
 184	46	 2.5761	 1.0325	   1.5024	        1.5046	          0.0022	   1.5301	6.390e-04	   0.031	   133.254
 185	47	 2.5770	 1.0309	   1.5024	        1.5046	          0.0022	   1.5584	1.260e-03	   0.037	   133.975
 186	47	 2.5775	 1.0302	   1.5024	        1.5046	          0.0022	   1.5861	1.569e-03	   0.031	   134.699
 187	47	 2.5764	 1.0315	   1.5024	        1.5046	          0.0022	   1.6269	1.039e-03	   0.029	   135.428
 188	47	 2.5741	 1.0326	   1.5024	        1.5046	          0.0022	   1.6264	6.287e-04	   0.033	   136.164
 189	48	 2.5728	 1.0332	   1.5024	        1.5046	          0.0022	   1.6106	4.769e-04	   0.029	   136.880
 190	48	 2.5724	 1.0318	   1.5024	        1.5046	          0.0022	   1.5605	8.990e-04	   0.031	   137.600
 191	48	 2.5704	 1.0324	   1.5024	        1.5046	          0.0022	   1.6097	6.920e-04	   0.028	   138.316
 192	48	 2.5710	 1.0325	   1.5024	        1.5046	          0.0022	   1.6087	6.356e-04	   0.037	   139.033
 193	49	 2.5684	 1.0328	   1.5024	        1.5046	          0.0022	   1.5985	5.400e-04	   0.031	   139.748
 194	49	 2.5690	 1.0313	   1.5024	        1.5046	          0.0022	   1.5489	1.098e-03	   0.032	   140.495
 195	49	 2.5692	 1.0322	   1.5024	        1.5046	          0.0022	   1.6366	7.364e-04	   0.031	   141.219
 196	49	 2.5675	 1.0331	   1.5024	        1.5046	          0.0022	   1.6246	4.790e-04	   0.031	   141.934
 197	50	 2.5670	 1.0341	   1.5024	        1.5046	          0.0022	   1.6264	5.060e-04	   0.033	   142.675
 198	50	 2.5655	 1.0333	   1.5024	        1.5046	          0.0022	   1.5644	4.431e-04	   0.033	   143.446
 199	50	 2.5661	 1.0340	   1.5024	        1.5046	          0.0022	   1.6373	4.831e-04	   0.037	   144.195
 200	50	 2.5654	 1.0328	   1.5024	        1.5046	          0.0022	   1.5573	5.517e-04	   0.028	   144.938
 201	51	 2.5647	 1.0313	   1.5024	        1.5046	          0.0022	   1.5497	1.087e-03	   0.034	   145.681
 202	51	 2.5630	 1.0315	   1.5024	        1.5046	          0.0022	   1.5960	1.002e-03	   0.030	   146.431
 203	51	 2.5616	 1.0313	   1.5024	        1.5046	          0.0022	   1.5870	1.103e-03	   0.030	   147.167
 204	51	 2.5626	 1.0318	   1.5024	        1.5046	          0.0022	   1.6245	8.837e-04	   0.030	   147.886
 205	52	 2.5628	 1.0311	   1.5024	        1.5046	          0.0022	   1.5796	1.206e-03	   0.034	   148.604
 206	52	 2.5626	 1.0301	   1.5024	        1.5046	          0.0022	   1.5633	1.604e-03	   0.037	   149.318
 207	52	 2.5615	 1.0302	   1.5024	        1.5046	          0.0022	   1.5992	1.552e-03	   0.029	   150.036
 208	52	 2.5595	 1.0315	   1.5024	        1.5046	          0.0022	   1.6288	1.031e-03	   0.029	   150.754
 209	53	 2.5584	 1.0326	   1.5024	        1.5046	          0.0022	   1.6359	5.964e-04	   0.032	   151.467
 210	53	 2.5583	 1.0319	   1.5024	        1.5046	          0.0022	   1.5710	8.426e-04	   0.031	   152.180
 211	53	 2.5582	 1.0319	   1.5024	        1.5046	          0.0022	   1.6070	8.412e-04	   0.031	   152.900
 212	53	 2.5572	 1.0321	   1.5024	        1.5046	          0.0022	   1.5984	7.612e-04	   0.032	   153.646
 213	54	 2.5559	 1.0318	   1.5024	        1.5046	          0.0022	   1.5791	9.093e-04	   0.034	   154.374
 214	54	 2.5564	 1.0312	   1.5024	        1.5046	          0.0022	   1.5819	1.136e-03	   0.028	   155.095
 215	54	 2.5552	 1.0310	   1.5024	        1.5046	          0.0022	   1.5857	1.237e-03	   0.034	   155.870
 216	54	 2.5552	 1.0325	   1.5024	        1.5046	          0.0022	   1.6616	6.135e-04	   0.042	   156.696
 217	55	 2.5533	 1.0318	   1.5024	        1.5046	          0.0022	   1.5645	8.926e-04	   0.041	   157.534
 218	55	 2.5521	 1.0305	   1.5024	        1.5046	          0.0022	   1.5466	1.462e-03	   0.031	   158.329
 219	55	 2.5517	 1.0318	   1.5024	        1.5046	          0.0022	   1.6488	8.834e-04	   0.031	   159.083
 220	55	 2.5526	 1.0326	   1.5024	        1.5046	          0.0022	   1.6344	5.854e-04	   0.038	   159.820
 221	56	 2.5511	 1.0329	   1.5024	        1.5046	          0.0022	   1.6027	4.936e-04	   0.028	   160.572
 222	56	 2.5515	 1.0324	   1.5024	        1.5046	          0.0022	   1.5839	6.561e-04	   0.031	   161.316
 223	56	 2.5523	 1.0334	   1.5024	        1.5046	          0.0022	   1.6436	4.045e-04	   0.031	   162.036
 224	56	 2.5504	 1.0326	   1.5024	        1.5046	          0.0022	   1.5613	6.006e-04	   0.032	   162.746
 225	57	 2.5521	 1.0325	   1.5024	        1.5046	          0.0022	   1.6163	6.232e-04	   0.030	   163.480
 226	57	 2.5508	 1.0322	   1.5024	        1.5046	          0.0022	   1.5776	7.163e-04	   0.031	   164.249
 227	57	 2.5516	 1.0315	   1.5024	        1.5046	          0.0022	   1.5685	1.027e-03	   0.038	   164.999
 228	57	 2.5502	 1.0317	   1.5024	        1.5046	          0.0022	   1.6009	9.377e-04	   0.030	   165.746
 229	58	 2.5499	 1.0318	   1.5024	        1.5046	          0.0022	   1.6051	8.886e-04	   0.030	   166.487
 230	58	 2.5511	 1.0308	   1.5024	        1.5046	          0.0022	   1.5705	1.304e-03	   0.032	   167.242
 231	58	 2.5500	 1.0300	   1.5024	        1.5046	          0.0022	   1.5634	1.645e-03	   0.033	   167.978
 232	58	 2.5482	 1.0317	   1.5024	        1.5046	          0.0022	   1.6505	9.365e-04	   0.027	   168.696
 233	59	 2.5479	 1.0314	   1.5024	        1.5046	          0.0022	   1.5847	1.067e-03	   0.031	   169.415
 234	59	 2.5463	 1.0304	   1.5024	        1.5046	          0.0022	   1.5537	1.468e-03	   0.036	   170.132
 235	59	 2.5459	 1.0305	   1.5024	        1.5046	          0.0022	   1.6081	1.420e-03	   0.026	   170.846
 236	59	 2.5461	 1.0315	   1.5024	        1.5046	          0.0022	   1.6332	9.980e-04	   0.026	   171.565
 237	60	 2.5452	 1.0296	   1.5024	        1.5046	          0.0022	   1.5153	1.818e-03	   0.026	   172.282
 238	60	 2.5444	 1.0306	   1.5024	        1.5046	          0.0022	   1.6288	1.386e-03	   0.033	   172.998
 239	60	 2.5442	 1.0323	   1.5024	        1.5046	          0.0022	   1.6759	6.768e-04	   0.032	   173.714
 240	60	 2.5441	 1.0321	   1.5024	        1.5046	          0.0022	   1.5885	7.624e-04	   0.031	   174.451
 241	61	 2.5433	 1.0310	   1.5024	        1.5046	          0.0022	   1.5509	1.228e-03	   0.034	   175.188
 242	61	 2.5430	 1.0316	   1.5024	        1.5046	          0.0022	   1.6210	9.819e-04	   0.032	   175.909
 243	61	 2.5429	 1.0311	   1.5024	        1.5046	          0.0022	   1.5845	1.193e-03	   0.030	   176.647
 244	61	 2.5431	 1.0319	   1.5024	        1.5046	          0.0022	   1.6273	8.599e-04	   0.032	   177.365
 245	62	 2.5431	 1.0321	   1.5024	        1.5046	          0.0022	   1.6155	7.796e-04	   0.032	   178.101
 246	62	 2.5410	 1.0314	   1.5024	        1.5046	          0.0022	   1.5619	1.055e-03	   0.029	   178.817
 247	62	 2.5414	 1.0314	   1.5024	        1.5046	          0.0022	   1.5999	1.067e-03	   0.032	   179.533
 248	62	 2.5412	 1.0319	   1.5024	        1.5046	          0.0022	   1.6155	8.254e-04	   0.036	   180.255
 249	63	 2.5420	 1.0321	   1.5024	        1.5046	          0.0022	   1.6055	7.728e-04	   0.026	   181.003
 250	63	 2.5415	 1.0317	   1.5024	        1.5046	          0.0022	   1.5896	9.102e-04	   0.030	   181.722
 251	63	 2.5404	 1.0327	   1.5024	        1.5046	          0.0022	   1.6344	5.325e-04	   0.032	   182.437
 252	63	 2.5405	 1.0322	   1.5024	        1.5046	          0.0022	   1.5739	7.092e-04	   0.033	   183.152
 253	64	 2.5414	 1.0330	   1.5024	        1.5046	          0.0022	   1.6388	4.546e-04	   0.028	   183.885
 254	64	 2.5413	 1.0337	   1.5024	        1.5046	          0.0022	   1.6324	3.782e-04	   0.034	   184.649
 255	64	 2.5405	 1.0333	   1.5024	        1.5046	          0.0022	   1.5736	3.933e-04	   0.037	   185.397
 256	64	 2.5395	 1.0322	   1.5024	        1.5046	          0.0022	   1.5489	7.300e-04	   0.029	   186.142
 257	65	 2.5378	 1.0325	   1.5024	        1.5046	          0.0022	   1.6044	6.106e-04	   0.030	   186.888
 258	65	 2.5373	 1.0330	   1.5024	        1.5046	          0.0022	   1.6185	4.428e-04	   0.032	   187.638
 259	65	 2.5370	 1.0333	   1.5024	        1.5046	          0.0022	   1.6113	3.816e-04	   0.032	   188.371
 260	65	 2.5367	 1.0322	   1.5024	        1.5046	          0.0022	   1.5521	7.111e-04	   0.027	   189.101
 261	66	 2.5371	 1.0333	   1.5024	        1.5046	          0.0022	   1.6495	3.819e-04	   0.033	   189.823
 262	66	 2.5357	 1.0325	   1.5024	        1.5046	          0.0022	   1.5518	6.076e-04	   0.036	   190.535
 263	66	 2.5362	 1.0329	   1.5024	        1.5046	          0.0022	   1.6224	4.656e-04	   0.030	   191.249
 264	66	 2.5356	 1.0322	   1.5024	        1.5046	          0.0022	   1.5679	7.238e-04	   0.027	   191.968
 265	67	 2.5354	 1.0339	   1.5024	        1.5046	          0.0022	   1.6711	3.895e-04	   0.032	   192.686
 266	67	 2.5360	 1.0339	   1.5024	        1.5046	          0.0022	   1.6046	3.858e-04	   0.032	   193.399
 267	67	 2.5346	 1.0328	   1.5024	        1.5046	          0.0022	   1.5427	4.928e-04	   0.030	   194.118
 268	67	 2.5338	 1.0319	   1.5024	        1.5046	          0.0022	   1.5534	8.603e-04	   0.034	   194.857
 269	68	 2.5339	 1.0305	   1.5024	        1.5046	          0.0022	   1.5427	1.430e-03	   0.034	   195.594
 270	68	 2.5327	 1.0298	   1.5024	        1.5046	          0.0022	   1.5498	1.767e-03	   0.034	   196.350
 271	68	 2.5323	 1.0319	   1.5024	        1.5046	          0.0022	   1.6920	8.514e-04	   0.029	   197.162
 272	68	 2.5314	 1.0320	   1.5024	        1.5046	          0.0022	   1.6073	7.871e-04	   0.030	   197.910
 273	69	 2.5313	 1.0313	   1.5024	        1.5046	          0.0022	   1.5630	1.087e-03	   0.032	   198.645
 274	69	 2.5316	 1.0310	   1.5024	        1.5046	          0.0022	   1.5885	1.209e-03	   0.030	   199.361
 275	69	 2.5313	 1.0311	   1.5024	        1.5046	          0.0022	   1.6114	1.162e-03	   0.035	   200.110
 276	69	 2.5308	 1.0317	   1.5024	        1.5046	          0.0022	   1.6111	9.354e-04	   0.034	   200.852
 277	70	 2.5308	 1.0327	   1.5024	        1.5046	          0.0022	   1.6397	5.304e-04	   0.030	   201.584
 278	70	 2.5298	 1.0322	   1.5024	        1.5046	          0.0022	   1.5722	7.038e-04	   0.029	   202.299
 279	70	 2.5292	 1.0313	   1.5024	        1.5046	          0.0022	   1.5536	1.103e-03	   0.032	   203.016
 280	70	 2.5293	 1.0318	   1.5024	        1.5046	          0.0022	   1.6284	8.766e-04	   0.033	   203.732
 281	71	 2.5285	 1.0314	   1.5024	        1.5046	          0.0022	   1.5765	1.049e-03	   0.031	   204.453
 282	71	 2.5296	 1.0325	   1.5024	        1.5046	          0.0022	   1.6533	6.142e-04	   0.028	   205.174
 283	71	 2.5292	 1.0330	   1.5024	        1.5046	          0.0022	   1.6262	4.408e-04	   0.052	   205.854
 284	71	 2.5276	 1.0319	   1.5024	        1.5046	          0.0022	   1.5375	8.201e-04	   0.023	   206.432
 285	72	 2.5266	 1.0325	   1.5024	        1.5046	          0.0022	   1.6174	6.178e-04	   0.025	   207.066
 286	72	 2.5259	 1.0325	   1.5024	        1.5046	          0.0022	   1.5985	6.023e-04	   0.021	   207.641
 287	72	 2.5254	 1.0307	   1.5024	        1.5046	          0.0022	   1.5050	1.364e-03	   0.028	   208.199
 288	72	 2.5258	 1.0321	   1.5024	        1.5046	          0.0022	   1.6753	7.381e-04	   0.028	   208.742
 289	73	 2.5255	 1.0315	   1.5024	        1.5046	          0.0022	   1.5670	1.014e-03	   0.027	   209.251
 290	73	 2.5255	 1.0315	   1.5024	        1.5046	          0.0022	   1.6018	1.004e-03	   0.023	   209.768
 291	73	 2.5249	 1.0324	   1.5024	        1.5046	          0.0022	   1.6419	6.319e-04	   0.023	   210.280
 292	73	 2.5242	 1.0320	   1.5024	        1.5046	          0.0022	   1.5737	7.967e-04	   0.025	   210.794
 293	74	 2.5229	 1.0319	   1.5024	        1.5046	          0.0022	   1.5860	8.518e-04	   0.026	   211.309
 294	74	 2.5224	 1.0320	   1.5024	        1.5046	          0.0022	   1.5981	8.005e-04	   0.024	   211.821
 295	74	 2.5234	 1.0319	   1.5024	        1.5046	          0.0022	   1.6085	8.543e-04	   0.029	   212.353
 296	74	 2.5227	 1.0324	   1.5024	        1.5046	          0.0022	   1.6188	6.172e-04	   0.029	   212.870
 297	75	 2.5218	 1.0328	   1.5024	        1.5046	          0.0022	   1.6074	4.934e-04	   0.028	   213.405
 298	75	 2.5209	 1.0311	   1.5024	        1.5046	          0.0022	   1.5035	1.195e-03	   0.021	   213.916
 299	75	 2.5215	 1.0314	   1.5024	        1.5046	          0.0022	   1.6267	1.063e-03	   0.025	   214.453
 300	75	 2.5216	 1.0330	   1.5024	        1.5046	          0.0022	   1.6839	4.379e-04	   0.029	   214.972
 301	76	 2.5208	 1.0320	   1.5024	        1.5046	          0.0022	   1.5426	7.874e-04	   0.025	   215.496
 302	76	 2.5216	 1.0330	   1.5024	        1.5046	          0.0022	   1.6542	4.372e-04	   0.027	   216.019
 303	76	 2.5203	 1.0336	   1.5024	        1.5046	          0.0022	   1.6200	3.218e-04	   0.028	   216.555
 304	76	 2.5209	 1.0332	   1.5024	        1.5046	          0.0022	   1.5895	3.776e-04	   0.027	   217.084
 305	77	 2.5203	 1.0329	   1.5024	        1.5046	          0.0022	   1.5757	4.488e-04	   0.021	   217.591
 306	77	 2.5206	 1.0328	   1.5024	        1.5046	          0.0022	   1.6026	4.712e-04	   0.023	   218.106
 307	77	 2.5211	 1.0341	   1.5024	        1.5046	          0.0022	   1.6721	3.961e-04	   0.028	   218.624
 308	77	 2.5199	 1.0331	   1.5024	        1.5046	          0.0022	   1.5362	4.070e-04	   0.027	   219.134
 309	78	 2.5194	 1.0338	   1.5024	        1.5046	          0.0022	   1.6352	3.288e-04	   0.030	   219.682
 310	78	 2.5191	 1.0337	   1.5024	        1.5046	          0.0022	   1.5970	3.191e-04	   0.028	   220.225
 311	78	 2.5182	 1.0324	   1.5024	        1.5046	          0.0022	   1.5278	6.137e-04	   0.029	   220.772
 312	78	 2.5177	 1.0331	   1.5024	        1.5046	          0.0023	   1.6279	4.030e-04	   0.025	   221.306
 313	79	 2.5173	 1.0330	   1.5024	        1.5046	          0.0023	   1.5863	4.254e-04	   0.025	   221.847
 314	79	 2.5174	 1.0337	   1.5024	        1.5046	          0.0023	   1.6443	3.164e-04	   0.027	   222.384
 315	79	 2.5171	 1.0336	   1.5024	        1.5046	          0.0023	   1.5964	3.132e-04	   0.027	   222.923
 316	79	 2.5161	 1.0331	   1.5024	        1.5046	          0.0023	   1.5648	3.947e-04	   0.027	   223.459
 317	80	 2.5166	 1.0321	   1.5024	        1.5046	          0.0023	   1.5514	7.469e-04	   0.024	   223.973
 318	80	 2.5159	 1.0323	   1.5024	        1.5046	          0.0023	   1.6064	6.492e-04	   0.028	   224.493
 319	80	 2.5150	 1.0314	   1.5024	        1.5046	          0.0023	   1.5420	1.058e-03	   0.024	   225.000
 320	80	 2.5150	 1.0318	   1.5024	        1.5046	          0.0023	   1.6218	8.550e-04	   0.026	   225.510
 321	81	 2.5152	 1.0300	   1.5024	        1.5046	          0.0022	   1.5009	1.663e-03	   0.026	   226.029
 322	81	 2.5141	 1.0299	   1.5024	        1.5046	          0.0022	   1.5833	1.719e-03	   0.025	   226.539
 323	81	 2.5139	 1.0310	   1.5024	        1.5046	          0.0022	   1.6636	1.225e-03	   0.034	   227.124
 324	81	 2.5141	 1.0323	   1.5024	        1.5046	          0.0023	   1.6699	6.576e-04	   0.032	   227.764
 325	82	 2.5134	 1.0319	   1.5024	        1.5046	          0.0023	   1.5642	8.408e-04	   0.032	   228.396
 326	82	 2.5130	 1.0320	   1.5024	        1.5046	          0.0023	   1.6096	7.797e-04	   0.023	   228.970
 327	82	 2.5128	 1.0316	   1.5024	        1.5046	          0.0023	   1.5735	9.583e-04	   0.028	   229.512
 328	82	 2.5128	 1.0324	   1.5024	        1.5046	          0.0023	   1.6460	6.327e-04	   0.026	   230.031
 329	83	 2.5120	 1.0341	   1.5024	        1.5046	          0.0023	   1.6864	3.602e-04	   0.026	   230.551
 330	83	 2.5120	 1.0336	   1.5024	        1.5046	          0.0023	   1.5669	3.014e-04	   0.029	   231.118
 331	83	 2.5113	 1.0331	   1.5024	        1.5046	          0.0023	   1.5727	3.740e-04	   0.029	   231.650
 332	83	 2.5116	 1.0327	   1.5024	        1.5046	          0.0023	   1.5866	4.968e-04	   0.028	   232.182
 333	84	 2.5105	 1.0332	   1.5024	        1.5046	          0.0023	   1.6127	3.427e-04	   0.021	   232.691
 334	84	 2.5107	 1.0337	   1.5024	        1.5046	          0.0023	   1.6337	3.012e-04	   0.026	   233.205
 335	84	 2.5109	 1.0329	   1.5024	        1.5046	          0.0023	   1.5505	4.323e-04	   0.028	   233.719
 336	84	 2.5108	 1.0326	   1.5024	        1.5046	          0.0023	   1.5905	5.310e-04	   0.025	   234.228
 337	85	 2.5102	 1.0316	   1.5024	        1.5046	          0.0023	   1.5271	9.608e-04	   0.029	   234.773
 338	85	 2.5099	 1.0325	   1.5024	        1.5046	          0.0023	   1.6520	5.920e-04	   0.028	   235.305
 339	85	 2.5097	 1.0323	   1.5024	        1.5046	          0.0023	   1.5932	6.456e-04	   0.027	   235.859
 340	85	 2.5099	 1.0321	   1.5024	        1.5046	          0.0023	   1.5855	7.547e-04	   0.022	   236.395
 341	86	 2.5086	 1.0314	   1.5024	        1.5046	          0.0023	   1.5515	1.065e-03	   0.027	   236.942
 342	86	 2.5099	 1.0316	   1.5024	        1.5046	          0.0023	   1.6292	9.568e-04	   0.029	   237.479
 343	86	 2.5089	 1.0310	   1.5024	        1.5046	          0.0023	   1.5541	1.207e-03	   0.028	   238.009
 344	86	 2.5086	 1.0318	   1.5024	        1.5046	          0.0023	   1.6415	8.642e-04	   0.027	   238.545
 345	87	 2.5070	 1.0322	   1.5024	        1.5046	          0.0023	   1.6142	7.040e-04	   0.027	   239.069
 346	87	 2.5070	 1.0324	   1.5024	        1.5046	          0.0023	   1.6078	6.254e-04	   0.027	   239.585
 347	87	 2.5072	 1.0317	   1.5024	        1.5046	          0.0023	   1.5542	9.343e-04	   0.021	   240.094
 348	87	 2.5074	 1.0316	   1.5024	        1.5046	          0.0023	   1.5970	9.574e-04	   0.026	   240.610
 349	88	 2.5079	 1.0320	   1.5024	        1.5046	          0.0023	   1.6310	7.897e-04	   0.026	   241.126
 350	88	 2.5069	 1.0330	   1.5024	        1.5046	          0.0023	   1.6527	3.929e-04	   0.026	   241.633
 351	88	 2.5064	 1.0315	   1.5024	        1.5046	          0.0023	   1.5078	9.997e-04	   0.027	   242.147
 352	88	 2.5062	 1.0316	   1.5024	        1.5046	          0.0023	   1.5968	9.569e-04	   0.026	   242.684
 353	89	 2.5055	 1.0315	   1.5024	        1.5046	          0.0023	   1.5908	9.838e-04	   0.029	   243.208
 354	89	 2.5067	 1.0322	   1.5024	        1.5046	          0.0023	   1.6527	6.885e-04	   0.023	   243.731
 355	89	 2.5066	 1.0325	   1.5024	        1.5046	          0.0023	   1.6085	6.011e-04	   0.029	   244.258
 356	89	 2.5058	 1.0320	   1.5024	        1.5046	          0.0023	   1.5671	7.823e-04	   0.026	   244.787
 357	90	 2.5066	 1.0316	   1.5024	        1.5046	          0.0023	   1.5851	9.516e-04	   0.028	   245.298
 358	90	 2.5057	 1.0310	   1.5024	        1.5046	          0.0023	   1.5485	1.238e-03	   0.027	   245.868
 359	90	 2.5051	 1.0324	   1.5024	        1.5046	          0.0023	   1.6797	6.341e-04	   0.027	   246.381
 360	90	 2.5051	 1.0322	   1.5024	        1.5046	          0.0023	   1.5936	6.975e-04	   0.027	   246.900
 361	91	 2.5042	 1.0323	   1.5024	        1.5046	          0.0023	   1.5867	6.647e-04	   0.021	   247.407
 362	91	 2.5034	 1.0327	   1.5024	        1.5046	          0.0023	   1.6184	5.125e-04	   0.024	   247.920
 363	91	 2.5031	 1.0326	   1.5024	        1.5046	          0.0023	   1.5921	5.585e-04	   0.024	   248.439
 364	91	 2.5037	 1.0323	   1.5024	        1.5046	          0.0023	   1.5935	6.477e-04	   0.027	   248.951
 365	92	 2.5035	 1.0323	   1.5024	        1.5046	          0.0023	   1.5953	6.661e-04	   0.031	   249.488
 366	92	 2.5023	 1.0308	   1.5024	        1.5046	          0.0023	   1.4939	1.308e-03	   0.030	   250.016
 367	92	 2.5030	 1.0319	   1.5024	        1.5046	          0.0023	   1.6828	8.184e-04	   0.026	   250.572
 368	92	 2.5031	 1.0316	   1.5024	        1.5046	          0.0023	   1.5749	9.511e-04	   0.025	   251.104
 369	93	 2.5023	 1.0324	   1.5024	        1.5046	          0.0023	   1.6443	6.015e-04	   0.023	   251.652
 370	93	 2.5016	 1.0326	   1.5023	        1.5046	          0.0023	   1.6025	5.328e-04	   0.028	   252.193
 371	93	 2.5018	 1.0316	   1.5024	        1.5046	          0.0023	   1.5344	9.728e-04	   0.028	   252.727
 372	93	 2.5015	 1.0322	   1.5024	        1.5046	          0.0023	   1.6386	6.892e-04	   0.026	   253.262
 373	94	 2.5007	 1.0328	   1.5023	        1.5046	          0.0023	   1.6250	4.646e-04	   0.028	   253.787
 374	94	 2.5012	 1.0336	   1.5023	        1.5046	          0.0023	   1.6583	2.722e-04	   0.024	   254.302
 375	94	 2.5008	 1.0335	   1.5023	        1.5046	          0.0023	   1.5889	2.786e-04	   0.021	   254.814
 376	94	 2.5006	 1.0326	   1.5023	        1.5046	          0.0023	   1.5424	5.303e-04	   0.026	   255.327
 377	95	 2.5004	 1.0332	   1.5023	        1.5046	          0.0023	   1.6290	3.441e-04	   0.030	   255.861
 378	95	 2.4991	 1.0331	   1.5023	        1.5046	          0.0023	   1.5860	3.516e-04	   0.031	   256.431
 379	95	 2.4990	 1.0334	   1.5023	        1.5046	          0.0023	   1.6132	2.888e-04	   0.028	   257.000
 380	95	 2.4993	 1.0324	   1.5023	        1.5046	          0.0023	   1.5458	6.005e-04	   0.028	   257.549
 381	96	 2.4991	 1.0314	   1.5024	        1.5046	          0.0023	   1.5342	1.030e-03	   0.026	   258.061
 382	96	 2.4988	 1.0317	   1.5023	        1.5046	          0.0023	   1.6193	8.957e-04	   0.023	   258.594
 383	96	 2.4985	 1.0320	   1.5023	        1.5046	          0.0023	   1.6109	7.853e-04	   0.028	   259.114
 384	96	 2.4982	 1.0328	   1.5023	        1.5046	          0.0023	   1.6449	4.561e-04	   0.029	   259.668
 385	97	 2.4979	 1.0331	   1.5023	        1.5046	          0.0023	   1.6103	3.696e-04	   0.026	   260.208
 386	97	 2.4973	 1.0329	   1.5023	        1.5046	          0.0023	   1.5845	4.297e-04	   0.024	   260.764
 387	97	 2.4970	 1.0326	   1.5023	        1.5046	          0.0023	   1.5694	5.497e-04	   0.029	   261.308
 388	97	 2.4973	 1.0324	   1.5023	        1.5046	          0.0023	   1.5961	6.207e-04	   0.027	   261.821
 389	98	 2.4970	 1.0335	   1.5023	        1.5046	          0.0023	   1.6752	2.657e-04	   0.025	   262.328
 390	98	 2.4969	 1.0336	   1.5023	        1.5046	          0.0023	   1.6025	2.614e-04	   0.030	   262.844
 391	98	 2.4966	 1.0330	   1.5023	        1.5046	          0.0023	   1.5640	3.981e-04	   0.030	   263.367
 392	98	 2.4961	 1.0325	   1.5023	        1.5046	          0.0023	   1.5530	5.658e-04	   0.027	   263.870
 393	99	 2.4964	 1.0321	   1.5023	        1.5046	          0.0023	   1.5738	7.397e-04	   0.028	   264.401
 394	99	 2.4961	 1.0319	   1.5023	        1.5046	          0.0023	   1.5793	8.373e-04	   0.027	   264.940
 395	99	 2.4954	 1.0323	   1.5023	        1.5046	          0.0023	   1.6250	6.603e-04	   0.029	   265.491
 396	99	 2.4952	 1.0321	   1.5023	        1.5046	          0.0023	   1.5819	7.368e-04	   0.031	   266.021
 397	100	 2.4956	 1.0324	   1.5023	        1.5046	          0.0023	   1.6254	5.980e-04	   0.033	   266.571
 398	100	 2.4951	 1.0326	   1.5023	        1.5046	          0.0023	   1.6087	5.283e-04	   0.028	   267.109
 399	100	 2.4943	 1.0327	   1.5023	        1.5046	          0.0023	   1.5983	4.851e-04	   0.030	   267.645
 400	100	 2.4941	 1.0325	   1.5023	        1.5046	          0.0023	   1.5815	5.930e-04	   0.030	   268.183
 401	101	 2.4945	 1.0326	   1.5023	        1.5046	          0.0023	   1.6144	5.323e-04	   0.028	   268.712
 402	101	 2.4947	 1.0323	   1.5023	        1.5046	          0.0023	   1.5781	6.749e-04	   0.028	   269.229
 403	101	 2.4939	 1.0318	   1.5023	        1.5046	          0.0023	   1.5548	8.776e-04	   0.024	   269.738
 404	101	 2.4940	 1.0321	   1.5023	        1.5046	          0.0023	   1.6278	7.216e-04	   0.031	   270.250
 405	102	 2.4938	 1.0327	   1.5023	        1.5046	          0.0023	   1.6342	4.872e-04	   0.027	   270.765
 406	102	 2.4938	 1.0327	   1.5023	        1.5046	          0.0023	   1.6030	4.953e-04	   0.029	   271.279
 407	102	 2.4932	 1.0322	   1.5023	        1.5046	          0.0023	   1.5581	7.031e-04	   0.030	   271.792
 408	102	 2.4929	 1.0319	   1.5023	        1.5046	          0.0023	   1.5742	8.381e-04	   0.031	   272.327
 409	103	 2.4917	 1.0314	   1.5023	        1.5046	          0.0023	   1.5558	1.041e-03	   0.028	   272.841
 410	103	 2.4928	 1.0316	   1.5023	        1.5046	          0.0023	   1.6320	9.454e-04	   0.024	   273.375
 411	103	 2.4927	 1.0322	   1.5023	        1.5046	          0.0023	   1.6412	6.853e-04	   0.031	   273.891
 412	103	 2.4920	 1.0322	   1.5023	        1.5046	          0.0023	   1.5835	6.965e-04	   0.031	   274.451
 413	104	 2.4918	 1.0322	   1.5023	        1.5046	          0.0023	   1.5986	6.870e-04	   0.028	   274.974
 414	104	 2.4911	 1.0327	   1.5023	        1.5046	          0.0023	   1.6255	4.855e-04	   0.031	   275.514
 415	104	 2.4907	 1.0327	   1.5023	        1.5046	          0.0023	   1.5918	4.987e-04	   0.030	   276.026
 416	104	 2.4913	 1.0327	   1.5023	        1.5046	          0.0023	   1.6112	4.786e-04	   0.025	   276.538
 417	105	 2.4902	 1.0330	   1.5023	        1.5046	          0.0023	   1.6111	3.690e-04	   0.023	   277.049
 418	105	 2.4902	 1.0333	   1.5023	        1.5046	          0.0023	   1.6197	2.892e-04	   0.032	   277.568
 419	105	 2.4901	 1.0333	   1.5023	        1.5046	          0.0023	   1.6022	2.869e-04	   0.031	   278.083
 420	105	 2.4902	 1.0324	   1.5023	        1.5046	          0.0023	   1.5358	5.922e-04	   0.029	   278.589
 421	106	 2.4903	 1.0326	   1.5023	        1.5046	          0.0023	   1.6147	5.247e-04	   0.029	   279.115
 422	106	 2.4897	 1.0321	   1.5023	        1.5046	          0.0023	   1.5551	7.510e-04	   0.032	   279.660
 423	106	 2.4889	 1.0316	   1.5023	        1.5046	          0.0023	   1.5581	9.514e-04	   0.027	   280.203
 424	106	 2.4889	 1.0324	   1.5023	        1.5046	          0.0023	   1.6513	6.177e-04	   0.023	   280.738
 425	107	 2.4890	 1.0329	   1.5023	        1.5046	          0.0023	   1.6479	4.091e-04	   0.033	   281.290
 426	107	 2.4889	 1.0322	   1.5023	        1.5046	          0.0023	   1.5393	7.089e-04	   0.027	   281.826
 427	107	 2.4883	 1.0323	   1.5023	        1.5046	          0.0023	   1.6054	6.456e-04	   0.031	   282.356
 428	107	 2.4885	 1.0318	   1.5023	        1.5046	          0.0023	   1.5624	8.469e-04	   0.030	   282.899
 429	108	 2.4886	 1.0318	   1.5023	        1.5046	          0.0023	   1.6001	8.722e-04	   0.031	   283.472
 430	108	 2.4885	 1.0315	   1.5023	        1.5046	          0.0023	   1.5763	9.818e-04	   0.031	   284.045
 431	108	 2.4879	 1.0312	   1.5023	        1.5046	          0.0023	   1.5678	1.128e-03	   0.033	   284.657
 432	108	 2.4876	 1.0317	   1.5023	        1.5046	          0.0023	   1.6302	9.127e-04	   0.036	   285.275
 433	109	 2.4871	 1.0321	   1.5023	        1.5046	          0.0023	   1.6315	7.335e-04	   0.028	   285.851
 434	109	 2.4874	 1.0317	   1.5023	        1.5046	          0.0023	   1.5649	9.130e-04	   0.029	   286.375
 435	109	 2.4867	 1.0315	   1.5023	        1.5046	          0.0023	   1.5757	9.930e-04	   0.032	   286.889
 436	109	 2.4869	 1.0316	   1.5023	        1.5046	          0.0023	   1.6046	9.723e-04	   0.031	   287.418
 437	110	 2.4859	 1.0313	   1.5023	        1.5046	          0.0023	   1.5692	1.089e-03	   0.027	   287.938
 438	110	 2.4853	 1.0318	   1.5023	        1.5046	          0.0023	   1.6229	8.826e-04	   0.029	   288.471
 439	110	 2.4864	 1.0318	   1.5023	        1.5046	          0.0023	   1.6164	8.600e-04	   0.029	   289.023
 440	110	 2.4858	 1.0315	   1.5023	        1.5046	          0.0023	   1.5723	9.820e-04	   0.027	   289.584
 441	111	 2.4856	 1.0311	   1.5023	        1.5046	          0.0023	   1.5564	1.194e-03	   0.030	   290.107
 442	111	 2.4862	 1.0314	   1.5023	        1.5046	          0.0023	   1.6384	1.037e-03	   0.033	   290.637
 443	111	 2.4856	 1.0311	   1.5023	        1.5046	          0.0023	   1.5691	1.166e-03	   0.031	   291.154
 444	111	 2.4856	 1.0313	   1.5023	        1.5046	          0.0023	   1.6130	1.069e-03	   0.024	   291.666
 445	112	 2.4853	 1.0316	   1.5023	        1.5046	          0.0023	   1.6176	9.412e-04	   0.027	   292.179
 446	112	 2.4849	 1.0313	   1.5023	        1.5046	          0.0023	   1.5635	1.086e-03	   0.031	   292.694
 447	112	 2.4847	 1.0305	   1.5023	        1.5046	          0.0023	   1.5351	1.441e-03	   0.027	   293.211
 448	112	 2.4851	 1.0313	   1.5023	        1.5046	          0.0023	   1.6654	1.103e-03	   0.029	   293.722
 449	113	 2.4851	 1.0320	   1.5023	        1.5046	          0.0023	   1.6574	7.632e-04	   0.030	   294.238
 450	113	 2.4845	 1.0313	   1.5023	        1.5046	          0.0023	   1.5328	1.089e-03	   0.032	   294.782
 451	113	 2.4840	 1.0308	   1.5023	        1.5046	          0.0023	   1.5542	1.305e-03	   0.026	   295.323
 452	113	 2.4845	 1.0310	   1.5023	        1.5046	          0.0023	   1.6227	1.220e-03	   0.027	   295.866
 453	114	 2.4838	 1.0302	   1.5023	        1.5046	          0.0023	   1.5262	1.596e-03	   0.033	   296.412
 454	114	 2.4843	 1.0309	   1.5023	        1.5046	          0.0023	   1.6596	1.286e-03	   0.030	   296.955
 455	114	 2.4835	 1.0308	   1.5023	        1.5046	          0.0023	   1.5903	1.288e-03	   0.033	   297.482
 456	114	 2.4836	 1.0310	   1.5023	        1.5046	          0.0023	   1.6079	1.238e-03	   0.030	   298.027
 457	115	 2.4829	 1.0318	   1.5023	        1.5046	          0.0023	   1.6606	8.649e-04	   0.032	   298.564
 458	115	 2.4827	 1.0317	   1.5023	        1.5046	          0.0023	   1.5843	8.927e-04	   0.026	   299.072
 459	115	 2.4825	 1.0321	   1.5023	        1.5046	          0.0023	   1.6274	7.196e-04	   0.027	   299.583
 460	115	 2.4822	 1.0317	   1.5023	        1.5046	          0.0023	   1.5663	8.989e-04	   0.031	   300.102
 461	116	 2.4814	 1.0319	   1.5023	        1.5046	          0.0023	   1.6005	8.296e-04	   0.027	   300.605
 462	116	 2.4816	 1.0310	   1.5023	        1.5046	          0.0023	   1.5308	1.230e-03	   0.022	   301.101
 463	116	 2.4812	 1.0315	   1.5023	        1.5046	          0.0023	   1.6363	9.856e-04	   0.025	   301.555
 464	116	 2.4817	 1.0316	   1.5023	        1.5046	          0.0023	   1.6137	9.405e-04	   0.025	   302.026
 465	117	 2.4819	 1.0315	   1.5023	        1.5046	          0.0023	   1.5894	1.016e-03	   0.023	   302.471
 466	117	 2.4816	 1.0312	   1.5023	        1.5046	          0.0023	   1.5815	1.112e-03	   0.024	   302.908
 467	117	 2.4810	 1.0308	   1.5023	        1.5046	          0.0023	   1.5592	1.288e-03	   0.025	   303.397
 468	117	 2.4811	 1.0313	   1.5023	        1.5046	          0.0023	   1.6355	1.079e-03	   0.025	   303.840
 469	118	 2.4807	 1.0309	   1.5023	        1.5046	          0.0023	   1.5567	1.266e-03	   0.023	   304.257
 470	118	 2.4805	 1.0310	   1.5023	        1.5046	          0.0023	   1.6109	1.204e-03	   0.023	   304.683
 471	118	 2.4808	 1.0309	   1.5023	        1.5046	          0.0023	   1.5987	1.246e-03	   0.022	   305.111
 472	118	 2.4805	 1.0316	   1.5023	        1.5046	          0.0023	   1.6450	9.424e-04	   0.024	   305.535
 473	119	 2.4805	 1.0318	   1.5023	        1.5046	          0.0023	   1.6049	8.760e-04	   0.023	   305.952
 474	119	 2.4808	 1.0314	   1.5023	        1.5046	          0.0023	   1.5741	1.034e-03	   0.025	   306.373
 475	119	 2.4802	 1.0310	   1.5023	        1.5046	          0.0023	   1.5604	1.205e-03	   0.024	   306.794
 476	119	 2.4806	 1.0313	   1.5023	        1.5046	          0.0023	   1.6302	1.074e-03	   0.023	   307.210
 477	120	 2.4802	 1.0313	   1.5023	        1.5046	          0.0023	   1.5891	1.094e-03	   0.024	   307.645
 478	120	 2.4799	 1.0315	   1.5023	        1.5046	          0.0023	   1.6163	9.873e-04	   0.023	   308.082
 479	120	 2.4801	 1.0318	   1.5023	        1.5046	          0.0023	   1.6320	8.471e-04	   0.026	   308.523
 480	120	 2.4801	 1.0313	   1.5023	        1.5046	          0.0023	   1.5526	1.076e-03	   0.025	   308.971
 481	121	 2.4795	 1.0307	   1.5023	        1.5046	          0.0023	   1.5391	1.345e-03	   0.027	   309.422
 482	121	 2.4791	 1.0308	   1.5023	        1.5046	          0.0023	   1.6049	1.289e-03	   0.026	   309.873
 483	121	 2.4798	 1.0303	   1.5023	        1.5046	          0.0023	   1.5686	1.526e-03	   0.023	   310.306
 484	121	 2.4793	 1.0311	   1.5023	        1.5046	          0.0023	   1.6576	1.156e-03	   0.026	   310.752
 485	122	 2.4785	 1.0317	   1.5023	        1.5046	          0.0023	   1.6418	8.931e-04	   0.028	   311.231
 486	122	 2.4779	 1.0309	   1.5023	        1.5046	          0.0023	   1.5187	1.268e-03	   0.026	   311.733
 487	122	 2.4782	 1.0313	   1.5023	        1.5046	          0.0023	   1.6387	1.071e-03	   0.023	   312.176
 488	122	 2.4781	 1.0316	   1.5023	        1.5046	          0.0023	   1.6207	9.499e-04	   0.025	   312.598
 489	123	 2.4771	 1.0315	   1.5023	        1.5046	          0.0023	   1.5866	9.831e-04	   0.024	   313.019
 490	123	 2.4766	 1.0320	   1.5023	        1.5046	          0.0023	   1.6303	7.920e-04	   0.023	   313.435
 491	123	 2.4774	 1.0318	   1.5023	        1.5046	          0.0023	   1.5922	8.715e-04	   0.021	   313.855
 492	123	 2.4775	 1.0317	   1.5023	        1.5046	          0.0023	   1.5900	9.061e-04	   0.024	   314.288
 493	124	 2.4770	 1.0317	   1.5023	        1.5046	          0.0023	   1.5882	9.245e-04	   0.025	   314.734
 494	124	 2.4776	 1.0314	   1.5023	        1.5046	          0.0023	   1.5926	1.025e-03	   0.028	   315.192
 495	124	 2.4779	 1.0309	   1.5023	        1.5046	          0.0023	   1.5585	1.249e-03	   0.025	   315.645
 496	124	 2.4773	 1.0315	   1.5023	        1.5046	          0.0023	   1.6329	1.009e-03	   0.026	   316.082
 497	125	 2.4767	 1.0307	   1.5023	        1.5046	          0.0023	   1.5237	1.346e-03	   0.023	   316.505
 498	125	 2.4771	 1.0315	   1.5023	        1.5046	          0.0023	   1.6772	1.001e-03	   0.021	   316.925
 499	125	 2.4769	 1.0313	   1.5023	        1.5046	          0.0023	   1.5710	1.088e-03	   0.022	   317.359
 500	125	 2.4769	 1.0314	   1.5023	        1.5046	          0.0023	   1.6042	1.065e-03	   0.024	   317.783
 501	126	 2.4766	 1.0303	   1.5023	        1.5046	          0.0023	   1.5124	1.513e-03	   0.023	   318.200
 502	126	 2.4763	 1.0306	   1.5023	        1.5046	          0.0023	   1.6137	1.421e-03	   0.025	   318.621
 503	126	 2.4769	 1.0307	   1.5023	        1.5046	          0.0023	   1.6190	1.360e-03	   0.024	   319.042
 504	126	 2.4773	 1.0307	   1.5023	        1.5046	          0.0023	   1.5971	1.377e-03	   0.023	   319.458
 505	127	 2.4766	 1.0307	   1.5023	        1.5046	          0.0023	   1.5881	1.347e-03	   0.023	   319.884
 506	127	 2.4767	 1.0309	   1.5023	        1.5046	          0.0023	   1.6199	1.254e-03	   0.025	   320.326
 507	127	 2.4767	 1.0310	   1.5023	        1.5046	          0.0023	   1.6076	1.209e-03	   0.024	   320.769
 508	127	 2.4763	 1.0308	   1.5023	        1.5046	          0.0023	   1.5728	1.323e-03	   0.025	   321.213
 509	128	 2.4756	 1.0310	   1.5023	        1.5046	          0.0023	   1.6103	1.229e-03	   0.027	   321.656
 510	128	 2.4759	 1.0310	   1.5023	        1.5046	          0.0023	   1.6067	1.239e-03	   0.026	   322.114
 511	128	 2.4755	 1.0300	   1.5023	        1.5046	          0.0023	   1.4966	1.680e-03	   0.024	   322.553
 512	128	 2.4763	 1.0302	   1.5023	        1.5046	          0.0023	   1.6269	1.590e-03	   0.024	   322.992
 513	129	 2.4768	 1.0298	   1.5023	        1.5046	          0.0023	   1.5653	1.776e-03	   0.022	   323.426
 514	129	 2.4760	 1.0299	   1.5023	        1.5046	          0.0023	   1.6029	1.719e-03	   0.024	   323.864
 515	129	 2.4759	 1.0305	   1.5023	        1.5046	          0.0023	   1.6445	1.456e-03	   0.024	   324.281
 516	129	 2.4759	 1.0299	   1.5023	        1.5046	          0.0023	   1.5474	1.724e-03	   0.025	   324.702
 517	130	 2.4753	 1.0295	   1.5023	        1.5046	          0.0023	   1.5524	1.915e-03	   0.024	   325.123
 518	130	 2.4754	 1.0291	   1.5023	        1.5046	          0.0023	   1.5697	2.060e-03	   0.024	   325.540
 519	130	 2.4752	 1.0299	   1.5023	        1.5046	          0.0023	   1.6683	1.710e-03	   0.022	   325.960
 520	130	 2.4752	 1.0299	   1.5023	        1.5046	          0.0023	   1.5990	1.706e-03	   0.024	   326.386
 521	131	 2.4756	 1.0302	   1.5023	        1.5046	          0.0023	   1.6338	1.561e-03	   0.025	   326.840
 522	131	 2.4750	 1.0302	   1.5023	        1.5046	          0.0023	   1.5864	1.563e-03	   0.025	   327.274
 523	131	 2.4745	 1.0304	   1.5023	        1.5046	          0.0023	   1.6123	1.479e-03	   0.025	   327.716
 524	131	 2.4748	 1.0300	   1.5023	        1.5046	          0.0023	   1.5622	1.675e-03	   0.026	   328.145
 525	132	 2.4746	 1.0304	   1.5023	        1.5046	          0.0023	   1.6273	1.502e-03	   0.023	   328.576
 526	132	 2.4744	 1.0312	   1.5023	        1.5046	          0.0023	   1.6756	1.117e-03	   0.021	   328.996
 527	132	 2.4741	 1.0308	   1.5023	        1.5046	          0.0023	   1.5533	1.318e-03	   0.022	   329.430
 528	132	 2.4739	 1.0300	   1.5023	        1.5046	          0.0023	   1.5282	1.649e-03	   0.024	   329.854
 529	133	 2.4740	 1.0297	   1.5023	        1.5046	          0.0023	   1.5695	1.794e-03	   0.023	   330.270
 530	133	 2.4738	 1.0299	   1.5023	        1.5046	          0.0023	   1.6015	1.716e-03	   0.025	   330.692
 531	133	 2.4736	 1.0301	   1.5023	        1.5046	          0.0023	   1.6161	1.648e-03	   0.024	   331.112
 532	133	 2.4733	 1.0301	   1.5023	        1.5046	          0.0023	   1.6036	1.607e-03	   0.024	   331.529
 533	134	 2.4728	 1.0298	   1.5023	        1.5046	          0.0023	   1.5661	1.756e-03	   0.021	   331.949
 534	134	 2.4728	 1.0301	   1.5023	        1.5046	          0.0023	   1.6175	1.628e-03	   0.024	   332.391
 535	134	 2.4730	 1.0303	   1.5023	        1.5046	          0.0023	   1.6191	1.523e-03	   0.026	   332.838
 536	134	 2.4730	 1.0303	   1.5023	        1.5046	          0.0023	   1.5978	1.527e-03	   0.027	   333.307
 537	135	 2.4731	 1.0306	   1.5023	        1.5046	          0.0023	   1.6249	1.409e-03	   0.031	   333.794
 538	135	 2.4724	 1.0304	   1.5023	        1.5046	          0.0023	   1.5712	1.501e-03	   0.032	   334.341
 539	135	 2.4725	 1.0301	   1.5023	        1.5046	          0.0023	   1.5804	1.613e-03	   0.030	   334.878
 540	135	 2.4733	 1.0296	   1.5023	        1.5046	          0.0023	   1.5576	1.831e-03	   0.028	   335.378
 541	136	 2.4733	 1.0297	   1.5023	        1.5046	          0.0023	   1.6026	1.808e-03	   0.025	   335.840
 542	136	 2.4730	 1.0298	   1.5023	        1.5046	          0.0023	   1.6039	1.782e-03	   0.024	   336.280
 543	136	 2.4727	 1.0299	   1.5023	        1.5046	          0.0023	   1.6069	1.719e-03	   0.023	   336.696
 544	136	 2.4726	 1.0296	   1.5023	        1.5046	          0.0023	   1.5646	1.853e-03	   0.025	   337.118
 545	137	 2.4722	 1.0296	   1.5023	        1.5046	          0.0023	   1.5968	1.852e-03	   0.024	   337.539
 546	137	 2.4723	 1.0296	   1.5023	        1.5046	          0.0023	   1.5968	1.831e-03	   0.024	   337.955
 547	137	 2.4721	 1.0300	   1.5023	        1.5046	          0.0023	   1.6295	1.662e-03	   0.022	   338.375
 548	137	 2.4720	 1.0300	   1.5023	        1.5046	          0.0023	   1.6010	1.657e-03	   0.026	   338.831
 549	138	 2.4718	 1.0305	   1.5023	        1.5046	          0.0023	   1.6446	1.453e-03	   0.026	   339.291
 550	138	 2.4719	 1.0308	   1.5023	        1.5046	          0.0023	   1.6261	1.301e-03	   0.024	   339.720
 551	138	 2.4725	 1.0305	   1.5023	        1.5046	          0.0023	   1.5849	1.429e-03	   0.025	   340.164
 552	138	 2.4715	 1.0301	   1.5023	        1.5046	          0.0023	   1.5365	1.634e-03	   0.024	   340.585
 553	139	 2.4713	 1.0298	   1.5023	        1.5046	          0.0023	   1.5691	1.748e-03	   0.023	   341.024
 554	139	 2.4713	 1.0300	   1.5023	        1.5046	          0.0023	   1.6168	1.658e-03	   0.022	   341.444
 555	139	 2.4703	 1.0304	   1.5023	        1.5046	          0.0023	   1.6208	1.494e-03	   0.025	   341.877
 556	139	 2.4708	 1.0303	   1.5023	        1.5046	          0.0023	   1.5982	1.531e-03	   0.024	   342.302
 557	140	 2.4701	 1.0298	   1.5023	        1.5046	          0.0023	   1.5416	1.747e-03	   0.023	   342.719
 558	140	 2.4701	 1.0304	   1.5023	        1.5046	          0.0023	   1.6497	1.504e-03	   0.025	   343.140
 559	140	 2.4700	 1.0307	   1.5023	        1.5046	          0.0023	   1.6293	1.360e-03	   0.024	   343.561
 560	140	 2.4704	 1.0308	   1.5023	        1.5046	          0.0023	   1.6081	1.324e-03	   0.024	   343.978
 561	141	 2.4704	 1.0314	   1.5023	        1.5046	          0.0023	   1.6593	1.065e-03	   0.022	   344.398
 562	141	 2.4704	 1.0308	   1.5023	        1.5046	          0.0023	   1.5425	1.330e-03	   0.025	   344.834
 563	141	 2.4697	 1.0315	   1.5023	        1.5046	          0.0023	   1.6637	9.965e-04	   0.025	   345.279
 564	141	 2.4699	 1.0310	   1.5023	        1.5046	          0.0023	   1.5404	1.237e-03	   0.024	   345.721
 565	142	 2.4696	 1.0308	   1.5023	        1.5046	          0.0023	   1.5726	1.319e-03	   0.025	   346.159
 566	142	 2.4690	 1.0304	   1.5023	        1.5046	          0.0023	   1.5533	1.476e-03	   0.024	   346.583
 567	142	 2.4689	 1.0311	   1.5023	        1.5046	          0.0023	   1.6636	1.175e-03	   0.019	   347.000
 568	142	 2.4695	 1.0312	   1.5023	        1.5046	          0.0023	   1.6235	1.125e-03	   0.021	   347.410
 569	143	 2.4692	 1.0312	   1.5023	        1.5046	          0.0023	   1.5970	1.129e-03	   0.024	   347.825
 570	143	 2.4684	 1.0316	   1.5023	        1.5046	          0.0023	   1.6211	9.708e-04	   0.017	   348.235
 571	143	 2.4694	 1.0309	   1.5023	        1.5046	          0.0023	   1.5496	1.250e-03	   0.019	   348.620
 572	143	 2.4691	 1.0313	   1.5023	        1.5046	          0.0023	   1.6273	1.089e-03	   0.024	   349.013
 573	144	 2.4689	 1.0312	   1.5023	        1.5046	          0.0023	   1.5830	1.147e-03	   0.018	   349.400
 574	144	 2.4691	 1.0309	   1.5023	        1.5046	          0.0023	   1.5770	1.269e-03	   0.019	   349.787
 575	144	 2.4684	 1.0319	   1.5023	        1.5046	          0.0023	   1.6823	8.441e-04	   0.021	   350.178
 576	144	 2.4684	 1.0318	   1.5023	        1.5046	          0.0023	   1.5846	8.786e-04	   0.022	   350.600
 577	145	 2.4681	 1.0314	   1.5023	        1.5046	          0.0023	   1.5603	1.039e-03	   0.017	   351.013
 578	145	 2.4681	 1.0309	   1.5023	        1.5046	          0.0023	   1.5480	1.249e-03	   0.019	   351.399
 579	145	 2.4683	 1.0311	   1.5023	        1.5046	          0.0023	   1.6275	1.158e-03	   0.024	   351.814
 580	145	 2.4681	 1.0314	   1.5023	        1.5046	          0.0023	   1.6184	1.033e-03	   0.018	   352.201
 581	146	 2.4679	 1.0318	   1.5023	        1.5046	          0.0023	   1.6305	8.674e-04	   0.019	   352.610
 582	146	 2.4677	 1.0320	   1.5023	        1.5046	          0.0023	   1.6161	7.973e-04	   0.019	   353.000
 583	146	 2.4676	 1.0318	   1.5023	        1.5046	          0.0023	   1.5831	8.600e-04	   0.024	   353.399
 584	146	 2.4673	 1.0314	   1.5023	        1.5046	          0.0023	   1.5499	1.048e-03	   0.017	   353.798
 585	147	 2.4674	 1.0316	   1.5023	        1.5046	          0.0023	   1.6084	9.732e-04	   0.019	   354.183
 586	147	 2.4680	 1.0314	   1.5023	        1.5046	          0.0023	   1.5898	1.064e-03	   0.024	   354.576
 587	147	 2.4672	 1.0320	   1.5023	        1.5046	          0.0023	   1.6558	7.652e-04	   0.018	   354.963
 588	147	 2.4667	 1.0318	   1.5023	        1.5046	          0.0023	   1.5695	8.871e-04	   0.019	   355.350
 589	148	 2.4671	 1.0318	   1.5023	        1.5046	          0.0023	   1.6116	8.571e-04	   0.019	   355.739
 590	148	 2.4671	 1.0317	   1.5023	        1.5046	          0.0023	   1.5879	9.055e-04	   0.024	   356.145
 591	148	 2.4666	 1.0321	   1.5023	        1.5046	          0.0023	   1.6168	7.515e-04	   0.017	   356.555
 592	148	 2.4665	 1.0317	   1.5023	        1.5046	          0.0023	   1.5637	9.087e-04	   0.023	   356.995
 593	149	 2.4659	 1.0315	   1.5023	        1.5046	          0.0023	   1.5673	1.020e-03	   0.029	   357.488
 594	149	 2.4666	 1.0317	   1.5023	        1.5046	          0.0023	   1.6306	9.008e-04	   0.021	   357.949
 595	149	 2.4668	 1.0315	   1.5023	        1.5046	          0.0023	   1.5744	1.000e-03	   0.019	   358.360
 596	149	 2.4662	 1.0315	   1.5023	        1.5046	          0.0023	   1.5962	1.008e-03	   0.019	   358.764
 597	150	 2.4660	 1.0314	   1.5023	        1.5046	          0.0023	   1.5948	1.028e-03	   0.024	   359.179
 598	150	 2.4668	 1.0313	   1.5023	        1.5046	          0.0023	   1.5978	1.074e-03	   0.019	   359.593
 599	150	 2.4666	 1.0313	   1.5023	        1.5046	          0.0023	   1.5888	1.102e-03	   0.019	   359.980
 600	150	 2.4660	 1.0315	   1.5023	        1.5046	          0.0023	   1.6133	9.943e-04	   0.024	   360.373
 601	151	 2.4660	 1.0316	   1.5023	        1.5046	          0.0023	   1.6030	9.625e-04	   0.017	   360.760
 602	151	 2.4663	 1.0319	   1.5023	        1.5046	          0.0023	   1.6380	8.031e-04	   0.021	   361.168
 603	151	 2.4661	 1.0321	   1.5023	        1.5046	          0.0023	   1.6088	7.482e-04	   0.021	   361.588
 604	151	 2.4660	 1.0312	   1.5023	        1.5046	          0.0023	   1.5143	1.126e-03	   0.022	   361.992
 605	152	 2.4660	 1.0312	   1.5023	        1.5046	          0.0023	   1.5955	1.128e-03	   0.017	   362.405
 606	152	 2.4659	 1.0314	   1.5023	        1.5046	          0.0023	   1.6127	1.059e-03	   0.019	   362.791
 607	152	 2.4658	 1.0314	   1.5023	        1.5046	          0.0023	   1.5930	1.066e-03	   0.024	   363.200
 608	152	 2.4656	 1.0312	   1.5023	        1.5046	          0.0023	   1.5826	1.138e-03	   0.018	   363.593
 609	153	 2.4655	 1.0319	   1.5023	        1.5046	          0.0023	   1.6760	8.074e-04	   0.020	   364.002
 610	153	 2.4649	 1.0317	   1.5023	        1.5046	          0.0023	   1.5590	9.300e-04	   0.019	   364.392
 611	153	 2.4649	 1.0314	   1.5023	        1.5046	          0.0023	   1.5661	1.056e-03	   0.024	   364.782
 612	153	 2.4649	 1.0311	   1.5023	        1.5046	          0.0023	   1.5701	1.168e-03	   0.017	   365.190
 613	154	 2.4647	 1.0309	   1.5023	        1.5046	          0.0023	   1.5631	1.284e-03	   0.019	   365.575
 614	154	 2.4648	 1.0305	   1.5023	        1.5046	          0.0023	   1.5686	1.428e-03	   0.024	   365.968
 615	154	 2.4643	 1.0303	   1.5023	        1.5046	          0.0023	   1.5716	1.521e-03	   0.018	   366.355
 616	154	 2.4643	 1.0310	   1.5023	        1.5046	          0.0023	   1.6711	1.202e-03	   0.019	   366.742
 617	155	 2.4640	 1.0310	   1.5023	        1.5046	          0.0023	   1.5928	1.207e-03	   0.019	   367.131
 618	155	 2.4645	 1.0307	   1.5023	        1.5046	          0.0023	   1.5722	1.338e-03	   0.024	   367.532
 619	155	 2.4637	 1.0308	   1.5023	        1.5046	          0.0023	   1.5927	1.324e-03	   0.017	   367.947
 620	155	 2.4637	 1.0310	   1.5023	        1.5046	          0.0023	   1.6159	1.239e-03	   0.021	   368.349
 621	156	 2.4633	 1.0310	   1.5023	        1.5046	          0.0023	   1.5964	1.216e-03	   0.025	   368.773
 622	156	 2.4636	 1.0312	   1.5023	        1.5046	          0.0023	   1.6161	1.134e-03	   0.020	   369.190
 623	156	 2.4636	 1.0316	   1.5023	        1.5046	          0.0023	   1.6442	9.723e-04	   0.021	   369.607
 624	156	 2.4635	 1.0310	   1.5023	        1.5046	          0.0023	   1.5386	1.211e-03	   0.019	   370.013
 625	157	 2.4637	 1.0305	   1.5023	        1.5046	          0.0023	   1.5443	1.453e-03	   0.024	   370.422
 626	157	 2.4639	 1.0302	   1.5023	        1.5046	          0.0023	   1.5727	1.585e-03	   0.018	   370.834
 627	157	 2.4640	 1.0303	   1.5023	        1.5046	          0.0023	   1.6128	1.520e-03	   0.019	   371.229
 628	157	 2.4636	 1.0308	   1.5023	        1.5046	          0.0023	   1.6354	1.328e-03	   0.024	   371.622
 629	158	 2.4634	 1.0304	   1.5023	        1.5046	          0.0023	   1.5504	1.510e-03	   0.017	   372.009
 630	158	 2.4628	 1.0306	   1.5023	        1.5046	          0.0023	   1.6119	1.415e-03	   0.021	   372.418
 631	158	 2.4629	 1.0304	   1.5023	        1.5046	          0.0023	   1.5727	1.514e-03	   0.019	   372.823
 632	158	 2.4634	 1.0304	   1.5023	        1.5046	          0.0023	   1.6119	1.495e-03	   0.022	   373.208
 633	159	 2.4631	 1.0307	   1.5023	        1.5046	          0.0023	   1.6252	1.347e-03	   0.018	   373.621
 634	159	 2.4621	 1.0307	   1.5023	        1.5046	          0.0023	   1.5826	1.340e-03	   0.019	   374.006
 635	159	 2.4623	 1.0306	   1.5023	        1.5046	          0.0023	   1.5830	1.405e-03	   0.026	   374.410
 636	159	 2.4628	 1.0306	   1.5023	        1.5046	          0.0023	   1.6116	1.412e-03	   0.018	   374.809
 637	160	 2.4623	 1.0304	   1.5023	        1.5046	          0.0023	   1.5631	1.514e-03	   0.021	   375.212
 638	160	 2.4623	 1.0303	   1.5023	        1.5046	          0.0023	   1.5920	1.526e-03	   0.019	   375.607
 639	160	 2.4624	 1.0302	   1.5023	        1.5046	          0.0023	   1.5933	1.588e-03	   0.022	   375.992
 640	160	 2.4625	 1.0303	   1.5023	        1.5046	          0.0023	   1.6053	1.517e-03	   0.017	   376.405
 641	161	 2.4625	 1.0301	   1.5023	        1.5046	          0.0023	   1.5737	1.609e-03	   0.019	   376.791
 642	161	 2.4620	 1.0297	   1.5023	        1.5046	          0.0023	   1.5400	1.833e-03	   0.026	   377.221
 643	161	 2.4617	 1.0301	   1.5023	        1.5046	          0.0023	   1.6420	1.640e-03	   0.020	   377.649
 644	161	 2.4621	 1.0299	   1.5023	        1.5046	          0.0023	   1.5842	1.729e-03	   0.021	   378.077
 645	162	 2.4625	 1.0301	   1.5023	        1.5046	          0.0023	   1.6318	1.624e-03	   0.023	   378.527
 646	162	 2.4622	 1.0301	   1.5023	        1.5046	          0.0023	   1.5906	1.621e-03	   0.028	   379.010
 647	162	 2.4618	 1.0300	   1.5023	        1.5046	          0.0023	   1.5799	1.676e-03	   0.021	   379.488
 648	162	 2.4617	 1.0302	   1.5023	        1.5046	          0.0023	   1.6208	1.581e-03	   0.019	   379.924
 649	163	 2.4618	 1.0303	   1.5023	        1.5046	          0.0023	   1.6058	1.551e-03	   0.025	   380.359
 650	163	 2.4616	 1.0303	   1.5023	        1.5046	          0.0023	   1.5991	1.525e-03	   0.020	   380.768
 651	163	 2.4612	 1.0305	   1.5023	        1.5046	          0.0023	   1.6100	1.452e-03	   0.021	   381.193
 652	163	 2.4616	 1.0302	   1.5023	        1.5046	          0.0023	   1.5760	1.571e-03	   0.020	   381.604
 653	164	 2.4612	 1.0304	   1.5023	        1.5046	          0.0023	   1.6047	1.496e-03	   0.024	   382.008
 654	164	 2.4614	 1.0297	   1.5023	        1.5046	          0.0023	   1.5340	1.805e-03	   0.017	   382.420
 655	164	 2.4615	 1.0300	   1.5023	        1.5046	          0.0023	   1.6284	1.673e-03	   0.019	   382.820
 656	164	 2.4617	 1.0302	   1.5023	        1.5046	          0.0023	   1.6251	1.568e-03	   0.024	   383.213
 657	165	 2.4614	 1.0302	   1.5023	        1.5046	          0.0023	   1.5865	1.596e-03	   0.019	   383.638
 658	165	 2.4616	 1.0298	   1.5023	        1.5046	          0.0023	   1.5608	1.755e-03	   0.021	   384.045
 659	165	 2.4612	 1.0299	   1.5023	        1.5046	          0.0023	   1.6031	1.712e-03	   0.019	   384.447
 660	165	 2.4614	 1.0304	   1.5023	        1.5046	          0.0023	   1.6540	1.501e-03	   0.022	   384.832
 661	166	 2.4610	 1.0305	   1.5023	        1.5046	          0.0023	   1.6036	1.463e-03	   0.019	   385.239
 662	166	 2.4610	 1.0306	   1.5023	        1.5046	          0.0023	   1.6166	1.397e-03	   0.019	   385.631
 663	166	 2.4610	 1.0306	   1.5023	        1.5046	          0.0023	   1.5898	1.411e-03	   0.026	   386.026
 664	166	 2.4609	 1.0302	   1.5023	        1.5046	          0.0023	   1.5552	1.572e-03	   0.018	   386.433
 665	167	 2.4605	 1.0302	   1.5023	        1.5046	          0.0023	   1.5867	1.577e-03	   0.021	   386.828
 666	167	 2.4606	 1.0306	   1.5023	        1.5046	          0.0023	   1.6455	1.409e-03	   0.019	   387.232
 667	167	 2.4607	 1.0309	   1.5023	        1.5046	          0.0023	   1.6410	1.255e-03	   0.022	   387.616
 668	167	 2.4606	 1.0303	   1.5023	        1.5046	          0.0023	   1.5144	1.555e-03	   0.017	   388.030
 669	168	 2.4603	 1.0303	   1.5023	        1.5046	          0.0023	   1.6079	1.535e-03	   0.019	   388.415
 670	168	 2.4603	 1.0303	   1.5023	        1.5046	          0.0023	   1.5886	1.553e-03	   0.024	   388.808
 671	168	 2.4607	 1.0302	   1.5023	        1.5046	          0.0023	   1.5948	1.580e-03	   0.018	   389.195
 672	168	 2.4603	 1.0302	   1.5023	        1.5046	          0.0023	   1.5877	1.591e-03	   0.019	   389.582
 673	169	 2.4606	 1.0307	   1.5023	        1.5046	          0.0023	   1.6575	1.375e-03	   0.019	   389.971
 674	169	 2.4607	 1.0306	   1.5023	        1.5046	          0.0023	   1.5871	1.418e-03	   0.022	   390.356
 675	169	 2.4601	 1.0300	   1.5023	        1.5046	          0.0023	   1.5281	1.661e-03	   0.019	   390.780
 676	169	 2.4599	 1.0301	   1.5023	        1.5046	          0.0023	   1.6062	1.615e-03	   0.020	   391.188
 677	170	 2.4597	 1.0296	   1.5023	        1.5046	          0.0023	   1.5252	1.875e-03	   0.025	   391.603
 678	170	 2.4594	 1.0293	   1.5023	        1.5046	          0.0023	   1.5600	1.982e-03	   0.020	   392.010
 679	170	 2.4591	 1.0298	   1.5023	        1.5046	          0.0023	   1.6500	1.787e-03	   0.021	   392.436
 680	170	 2.4596	 1.0299	   1.5023	        1.5046	          0.0023	   1.6184	1.732e-03	   0.021	   392.847
 681	171	 2.4595	 1.0301	   1.5023	        1.5046	          0.0023	   1.6195	1.653e-03	   0.024	   393.253
 682	171	 2.4597	 1.0301	   1.5023	        1.5046	          0.0023	   1.6138	1.610e-03	   0.017	   393.670
 683	171	 2.4596	 1.0300	   1.5023	        1.5046	          0.0023	   1.5717	1.671e-03	   0.019	   394.070
 684	171	 2.4592	 1.0303	   1.5023	        1.5046	          0.0023	   1.6257	1.555e-03	   0.026	   394.465
 685	172	 2.4593	 1.0306	   1.5023	        1.5046	          0.0023	   1.6428	1.416e-03	   0.017	   394.889
 686	172	 2.4591	 1.0304	   1.5023	        1.5046	          0.0023	   1.5699	1.502e-03	   0.018	   395.276
 687	172	 2.4595	 1.0309	   1.5023	        1.5046	          0.0023	   1.6634	1.276e-03	   0.019	   395.665
 688	172	 2.4587	 1.0303	   1.5023	        1.5046	          0.0023	   1.5164	1.527e-03	   0.022	   396.049
 689	173	 2.4586	 1.0298	   1.5023	        1.5046	          0.0023	   1.5375	1.753e-03	   0.019	   396.449
 690	173	 2.4584	 1.0302	   1.5023	        1.5046	          0.0023	   1.6397	1.599e-03	   0.019	   396.848
 691	173	 2.4581	 1.0305	   1.5023	        1.5046	          0.0023	   1.6389	1.432e-03	   0.024	   397.242
 692	173	 2.4585	 1.0304	   1.5023	        1.5046	          0.0023	   1.5785	1.506e-03	   0.017	   397.651
 693	174	 2.4589	 1.0308	   1.5023	        1.5046	          0.0023	   1.6654	1.317e-03	   0.018	   398.038
 694	174	 2.4587	 1.0309	   1.5023	        1.5046	          0.0023	   1.5987	1.256e-03	   0.019	   398.450
 695	174	 2.4584	 1.0308	   1.5023	        1.5046	          0.0023	   1.5842	1.295e-03	   0.022	   398.834
 696	174	 2.4579	 1.0304	   1.5023	        1.5046	          0.0023	   1.5370	1.493e-03	   0.019	   399.246
 697	175	 2.4580	 1.0301	   1.5023	        1.5046	          0.0023	   1.5673	1.621e-03	   0.018	   399.633
 698	175	 2.4580	 1.0299	   1.5023	        1.5046	          0.0023	   1.5771	1.714e-03	   0.024	   400.026
 699	175	 2.4574	 1.0300	   1.5023	        1.5046	          0.0023	   1.5954	1.670e-03	   0.020	   400.428
 700	175	 2.4576	 1.0304	   1.5023	        1.5046	          0.0023	   1.6433	1.501e-03	   0.023	   400.872
 701	176	 2.4578	 1.0301	   1.5023	        1.5046	          0.0023	   1.5751	1.613e-03	   0.021	   401.318
 702	176	 2.4574	 1.0300	   1.5023	        1.5046	          0.0023	   1.5722	1.674e-03	   0.022	   401.717
 703	176	 2.4576	 1.0301	   1.5023	        1.5046	          0.0023	   1.6172	1.609e-03	   0.019	   402.134
 704	176	 2.4574	 1.0304	   1.5023	        1.5046	          0.0023	   1.6207	1.495e-03	   0.021	   402.541
 705	177	 2.4574	 1.0300	   1.5023	        1.5046	          0.0023	   1.5537	1.678e-03	   0.024	   402.958
 706	177	 2.4573	 1.0305	   1.5023	        1.5046	          0.0023	   1.6644	1.430e-03	   0.018	   403.369
 707	177	 2.4571	 1.0304	   1.5023	        1.5046	          0.0023	   1.5804	1.478e-03	   0.021	   403.791
 708	177	 2.4570	 1.0305	   1.5023	        1.5046	          0.0023	   1.6004	1.433e-03	   0.019	   404.200
 709	178	 2.4569	 1.0310	   1.5023	        1.5046	          0.0023	   1.6535	1.204e-03	   0.024	   404.605
 710	178	 2.4565	 1.0311	   1.5023	        1.5046	          0.0023	   1.5998	1.175e-03	   0.019	   405.026
 711	178	 2.4564	 1.0308	   1.5023	        1.5046	          0.0023	   1.5541	1.316e-03	   0.021	   405.451
 712	178	 2.4563	 1.0305	   1.5023	        1.5046	          0.0023	   1.5713	1.430e-03	   0.026	   405.875
 713	179	 2.4564	 1.0305	   1.5023	        1.5046	          0.0023	   1.5919	1.459e-03	   0.018	   406.282
 714	179	 2.4565	 1.0307	   1.5023	        1.5046	          0.0023	   1.6202	1.367e-03	   0.019	   406.668
 715	179	 2.4563	 1.0305	   1.5023	        1.5046	          0.0023	   1.5753	1.447e-03	   0.019	   407.058
 716	179	 2.4558	 1.0305	   1.5023	        1.5046	          0.0023	   1.5812	1.472e-03	   0.022	   407.442
 717	180	 2.4558	 1.0305	   1.5023	        1.5046	          0.0023	   1.5971	1.461e-03	   0.017	   407.833
 718	180	 2.4555	 1.0305	   1.5023	        1.5046	          0.0023	   1.5837	1.472e-03	   0.019	   408.241
 719	180	 2.4550	 1.0308	   1.5023	        1.5046	          0.0023	   1.6432	1.296e-03	   0.024	   408.634
 720	180	 2.4554	 1.0306	   1.5023	        1.5046	          0.0023	   1.5824	1.385e-03	   0.018	   409.044
 721	181	 2.4549	 1.0303	   1.5023	        1.5046	          0.0023	   1.5446	1.541e-03	   0.019	   409.430
 722	181	 2.4550	 1.0300	   1.5023	        1.5046	          0.0023	   1.5666	1.678e-03	   0.019	   409.842
 723	181	 2.4548	 1.0302	   1.5023	        1.5046	          0.0023	   1.6093	1.609e-03	   0.022	   410.227
 724	181	 2.4548	 1.0307	   1.5023	        1.5046	          0.0023	   1.6688	1.359e-03	   0.019	   410.632
 725	182	 2.4549	 1.0306	   1.5023	        1.5046	          0.0023	   1.5910	1.398e-03	   0.019	   411.026
 726	182	 2.4554	 1.0308	   1.5023	        1.5046	          0.0023	   1.6292	1.319e-03	   0.024	   411.419
 727	182	 2.4550	 1.0308	   1.5023	        1.5046	          0.0023	   1.5965	1.309e-03	   0.018	   411.806
 728	182	 2.4550	 1.0306	   1.5023	        1.5046	          0.0023	   1.5738	1.386e-03	   0.019	   412.193
 729	183	 2.4546	 1.0306	   1.5023	        1.5046	          0.0023	   1.5838	1.400e-03	   0.019	   412.582
 730	183	 2.4551	 1.0311	   1.5023	        1.5046	          0.0023	   1.6671	1.186e-03	   0.022	   412.967
 731	183	 2.4549	 1.0308	   1.5023	        1.5046	          0.0023	   1.5474	1.338e-03	   0.019	   413.378
 732	183	 2.4542	 1.0309	   1.5023	        1.5046	          0.0023	   1.6031	1.288e-03	   0.019	   413.783
 733	184	 2.4539	 1.0308	   1.5023	        1.5046	          0.0023	   1.5826	1.317e-03	   0.026	   414.201
 734	184	 2.4538	 1.0310	   1.5023	        1.5046	          0.0023	   1.6174	1.245e-03	   0.019	   414.617
 735	184	 2.4535	 1.0312	   1.5023	        1.5046	          0.0023	   1.6254	1.128e-03	   0.021	   415.036
 736	184	 2.4538	 1.0311	   1.5023	        1.5046	          0.0023	   1.5939	1.179e-03	   0.019	   415.449
 737	185	 2.4540	 1.0311	   1.5023	        1.5046	          0.0023	   1.6033	1.169e-03	   0.022	   415.848
 738	185	 2.4539	 1.0309	   1.5023	        1.5046	          0.0023	   1.5699	1.256e-03	   0.019	   416.270
 739	185	 2.4534	 1.0307	   1.5023	        1.5046	          0.0023	   1.5565	1.362e-03	   0.023	   416.701
 740	185	 2.4535	 1.0312	   1.5023	        1.5046	          0.0023	   1.6665	1.145e-03	   0.024	   417.111
 741	186	 2.4536	 1.0316	   1.5023	        1.5046	          0.0023	   1.6670	9.479e-04	   0.017	   417.498
 742	186	 2.4534	 1.0317	   1.5023	        1.5046	          0.0023	   1.5992	8.978e-04	   0.019	   417.885
 743	186	 2.4538	 1.0315	   1.5023	        1.5046	          0.0023	   1.5659	1.022e-03	   0.019	   418.274
 744	186	 2.4536	 1.0315	   1.5023	        1.5046	          0.0023	   1.5988	1.002e-03	   0.022	   418.659
 745	187	 2.4533	 1.0313	   1.5023	        1.5046	          0.0023	   1.5615	1.089e-03	   0.017	   419.050
 746	187	 2.4535	 1.0317	   1.5023	        1.5046	          0.0023	   1.6540	9.047e-04	   0.019	   419.458
 747	187	 2.4534	 1.0316	   1.5023	        1.5046	          0.0023	   1.5812	9.743e-04	   0.024	   419.851
 748	187	 2.4532	 1.0317	   1.5023	        1.5046	          0.0023	   1.6078	9.339e-04	   0.018	   420.255
 749	188	 2.4533	 1.0322	   1.5023	        1.5046	          0.0023	   1.6686	6.971e-04	   0.020	   420.676
 750	188	 2.4535	 1.0315	   1.5023	        1.5046	          0.0023	   1.5058	1.022e-03	   0.023	   421.129
 751	188	 2.4527	 1.0317	   1.5023	        1.5046	          0.0023	   1.6182	9.056e-04	   0.024	   421.555
 752	188	 2.4529	 1.0316	   1.5023	        1.5046	          0.0023	   1.5860	9.745e-04	   0.021	   421.994
 753	189	 2.4531	 1.0319	   1.5023	        1.5046	          0.0023	   1.6534	8.077e-04	   0.023	   422.455
 754	189	 2.4531	 1.0318	   1.5023	        1.5046	          0.0023	   1.5806	8.685e-04	   0.027	   422.920
 755	189	 2.4533	 1.0318	   1.5023	        1.5046	          0.0023	   1.6040	8.556e-04	   0.018	   423.352
 756	189	 2.4526	 1.0314	   1.5023	        1.5046	          0.0023	   1.5347	1.028e-03	   0.019	   423.754
 757	190	 2.4524	 1.0321	   1.5023	        1.5046	          0.0023	   1.6742	7.500e-04	   0.019	   424.143
 758	190	 2.4524	 1.0317	   1.5023	        1.5046	          0.0023	   1.5438	9.180e-04	   0.022	   424.528
 759	190	 2.4526	 1.0315	   1.5023	        1.5046	          0.0023	   1.5864	9.873e-04	   0.019	   424.935
 760	190	 2.4521	 1.0316	   1.5023	        1.5046	          0.0023	   1.6003	9.599e-04	   0.019	   425.344
 761	191	 2.4525	 1.0313	   1.5023	        1.5046	          0.0023	   1.5741	1.080e-03	   0.026	   425.754
 762	191	 2.4527	 1.0311	   1.5023	        1.5046	          0.0023	   1.5746	1.166e-03	   0.019	   426.173
 763	191	 2.4521	 1.0315	   1.5023	        1.5046	          0.0023	   1.6323	9.948e-04	   0.021	   426.589
 764	191	 2.4524	 1.0315	   1.5023	        1.5046	          0.0023	   1.6037	9.954e-04	   0.021	   427.008
 765	192	 2.4523	 1.0317	   1.5023	        1.5046	          0.0023	   1.6189	9.148e-04	   0.022	   427.410
 766	192	 2.4520	 1.0316	   1.5023	        1.5046	          0.0023	   1.5842	9.662e-04	   0.020	   427.863
 767	192	 2.4518	 1.0320	   1.5023	        1.5046	          0.0023	   1.6475	7.640e-04	   0.022	   428.290
 768	192	 2.4517	 1.0319	   1.5023	        1.5046	          0.0023	   1.5741	8.418e-04	   0.024	   428.705
 769	193	 2.4521	 1.0318	   1.5023	        1.5046	          0.0023	   1.5900	8.863e-04	   0.018	   429.092
 770	193	 2.4521	 1.0318	   1.5023	        1.5046	          0.0023	   1.6000	8.736e-04	   0.019	   429.479
 771	193	 2.4518	 1.0320	   1.5023	        1.5046	          0.0023	   1.6236	7.685e-04	   0.019	   429.868
 772	193	 2.4513	 1.0319	   1.5023	        1.5046	          0.0023	   1.5788	8.249e-04	   0.022	   430.253
 773	194	 2.4520	 1.0322	   1.5023	        1.5046	          0.0023	   1.6481	6.961e-04	   0.017	   430.644
 774	194	 2.4515	 1.0325	   1.5023	        1.5046	          0.0023	   1.6312	5.620e-04	   0.020	   431.052
 775	194	 2.4510	 1.0320	   1.5023	        1.5046	          0.0023	   1.5251	7.671e-04	   0.024	   431.445
 776	194	 2.4510	 1.0321	   1.5023	        1.5046	          0.0023	   1.6026	7.436e-04	   0.020	   431.843
 777	195	 2.4510	 1.0323	   1.5023	        1.5046	          0.0023	   1.6379	6.297e-04	   0.018	   432.242
 778	195	 2.4507	 1.0319	   1.5023	        1.5046	          0.0023	   1.5325	8.299e-04	   0.021	   432.647
 779	195	 2.4502	 1.0320	   1.5023	        1.5046	          0.0023	   1.6042	7.630e-04	   0.022	   433.038
 780	195	 2.4506	 1.0324	   1.5023	        1.5046	          0.0023	   1.6601	5.872e-04	   0.017	   433.429
 781	196	 2.4503	 1.0321	   1.5023	        1.5046	          0.0023	   1.5520	7.339e-04	   0.019	   433.837
 782	196	 2.4504	 1.0323	   1.5023	        1.5046	          0.0023	   1.6359	6.285e-04	   0.024	   434.230
 783	196	 2.4500	 1.0323	   1.5023	        1.5046	          0.0023	   1.5731	6.582e-04	   0.018	   434.617
 784	196	 2.4500	 1.0325	   1.5023	        1.5046	          0.0023	   1.6286	5.710e-04	   0.019	   435.004
 785	197	 2.4497	 1.0330	   1.5023	        1.5046	          0.0023	   1.6612	3.576e-04	   0.019	   435.393
 786	197	 2.4497	 1.0330	   1.5023	        1.5046	          0.0023	   1.6067	3.249e-04	   0.022	   435.778
 787	197	 2.4500	 1.0325	   1.5023	        1.5046	          0.0023	   1.5379	5.428e-04	   0.019	   436.177
 788	197	 2.4496	 1.0326	   1.5023	        1.5046	          0.0023	   1.5947	5.282e-04	   0.021	   436.592
 789	198	 2.4492	 1.0328	   1.5023	        1.5046	          0.0023	   1.6225	4.179e-04	   0.024	   437.002
 790	198	 2.4492	 1.0331	   1.5023	        1.5046	          0.0023	   1.6381	2.976e-04	   0.019	   437.417
 791	198	 2.4487	 1.0327	   1.5023	        1.5046	          0.0023	   1.5275	4.849e-04	   0.021	   437.826
 792	198	 2.4493	 1.0326	   1.5023	        1.5046	          0.0023	   1.6056	5.127e-04	   0.021	   438.252
 793	199	 2.4492	 1.0328	   1.5023	        1.5046	          0.0023	   1.6134	4.476e-04	   0.025	   438.661
 794	199	 2.4492	 1.0329	   1.5023	        1.5046	          0.0023	   1.6209	4.066e-04	   0.019	   439.108
 795	199	 2.4490	 1.0329	   1.5023	        1.5046	          0.0023	   1.6052	3.685e-04	   0.019	   439.515
 796	199	 2.4492	 1.0327	   1.5023	        1.5046	          0.0023	   1.5695	4.530e-04	   0.024	   439.922
 797	200	 2.4489	 1.0329	   1.5023	        1.5046	          0.0023	   1.6090	3.954e-04	   0.017	   440.310
 798	200	 2.4492	 1.0327	   1.5023	        1.5046	          0.0023	   1.5812	4.570e-04	   0.018	   440.696
 799	200	 2.4492	 1.0328	   1.5023	        1.5046	          0.0023	   1.6083	4.392e-04	   0.017	   441.059
 800	200	 2.4490	 1.0326	   1.5023	        1.5046	          0.0023	   1.5800	4.994e-04	   0.021	   441.422

[BSGD] Finished on device cuda -> σ_f² ≈ 2.4490, σ_ε² ≈ 1.0326
