[GPU 5][JOB 158] 'python cli.py bsgd --n 1024 --lengthscale 0.5 --sigma-f2-true 4.0 --sigma-eps2-true 1.0 --n-epochs 200 --device auto --kernel-mode finite --theta-min 1e-4 --theta-max 20.0 --print-every 1 --seed 7 --batch-size 256 --sigma-f2-init 5.0 --sigma-eps2-init 3.0 --alpha1 6.0 '

=== BSGD (biased SGD on exact kernel) ===
iter	epoch	σ_f²	σ_ε²	real_nlml	real_nlml_true	real_nlml_abs_err	mini_nlml	||grad||	duration_s	wall_time_s
   1	 1	 4.5368	 2.3953	   1.6344	        1.5011	          0.1333	   1.7165	1.150e-01	   0.172	     0.222
   2	 1	 4.3852	 2.0593	   1.5951	        1.5011	          0.0940	   1.6769	1.174e-01	   0.013	     0.534
   3	 1	 4.2935	 1.8656	   1.5723	        1.5011	          0.0712	   1.6997	1.162e-01	   0.017	     0.775
   4	 1	 4.2118	 1.7218	   1.5557	        1.5011	          0.0546	   1.6827	1.130e-01	   0.024	     1.128
   5	 2	 4.1656	 1.5946	   1.5416	        1.5011	          0.0405	   1.6424	1.076e-01	   0.031	     1.603
   6	 2	 4.1267	 1.4881	   1.5305	        1.5011	          0.0294	   1.6264	1.004e-01	   0.029	     2.177
   7	 2	 4.0783	 1.4279	   1.5245	        1.5011	          0.0234	   1.6648	9.478e-02	   0.036	     2.819
   8	 2	 4.0493	 1.3525	   1.5177	        1.5011	          0.0166	   1.6035	8.578e-02	   0.037	     3.487
   9	 3	 4.0152	 1.3113	   1.5142	        1.5011	          0.0131	   1.6427	7.971e-02	   0.036	     4.207
  10	 3	 3.9912	 1.2603	   1.5104	        1.5011	          0.0093	   1.5992	7.082e-02	   0.040	     4.910
  11	 3	 3.9678	 1.2069	   1.5069	        1.5011	          0.0058	   1.5765	5.956e-02	   0.037	     5.602
  12	 3	 3.9603	 1.1805	   1.5054	        1.5011	          0.0043	   1.6199	5.314e-02	   0.034	     6.310
  13	 4	 3.9454	 1.1446	   1.5036	        1.5011	          0.0025	   1.5826	4.333e-02	   0.032	     7.022
  14	 4	 3.9262	 1.1413	   1.5035	        1.5011	          0.0024	   1.6442	4.235e-02	   0.036	     7.779
  15	 4	 3.9069	 1.1285	   1.5029	        1.5011	          0.0018	   1.6157	3.848e-02	   0.041	     8.519
  16	 4	 3.9046	 1.1146	   1.5024	        1.5011	          0.0013	   1.6120	3.406e-02	   0.041	     9.289
  17	 5	 3.8933	 1.0855	   1.5016	        1.5011	          0.0005	   1.5422	2.402e-02	   0.038	    10.034
  18	 5	 3.8812	 1.0922	   1.5017	        1.5011	          0.0006	   1.6569	2.642e-02	   0.043	    10.775
  19	 5	 3.8673	 1.0781	   1.5014	        1.5011	          0.0003	   1.5779	2.128e-02	   0.038	    11.526
  20	 5	 3.8514	 1.0856	   1.5015	        1.5011	          0.0004	   1.6646	2.404e-02	   0.031	    12.279
  21	 6	 3.8430	 1.0811	   1.5014	        1.5011	          0.0003	   1.6218	2.239e-02	   0.036	    13.033
  22	 6	 3.8363	 1.0811	   1.5014	        1.5011	          0.0003	   1.6291	2.238e-02	   0.039	    13.766
  23	 6	 3.8204	 1.0654	   1.5011	        1.5011	          0.0000	   1.5571	1.641e-02	   0.037	    14.514
  24	 6	 3.8180	 1.0660	   1.5011	        1.5011	          0.0000	   1.6391	1.664e-02	   0.039	    15.263
  25	 7	 3.8056	 1.0738	   1.5012	        1.5011	          0.0001	   1.6554	1.965e-02	   0.042	    16.005
  26	 7	 3.8057	 1.0600	   1.5010	        1.5011	          0.0001	   1.5702	1.424e-02	   0.036	    16.747
  27	 7	 3.7950	 1.0501	   1.5009	        1.5011	          0.0002	   1.5735	1.023e-02	   0.036	    17.512
  28	 7	 3.7922	 1.0525	   1.5009	        1.5011	          0.0002	   1.6350	1.119e-02	   0.052	    18.305
  29	 8	 3.7910	 1.0530	   1.5009	        1.5011	          0.0002	   1.6318	1.140e-02	   0.041	    19.049
  30	 8	 3.7819	 1.0616	   1.5010	        1.5011	          0.0001	   1.6628	1.489e-02	   0.036	    19.838
  31	 8	 3.7764	 1.0621	   1.5010	        1.5011	          0.0001	   1.6189	1.508e-02	   0.042	    20.642
  32	 8	 3.7704	 1.0457	   1.5008	        1.5011	          0.0003	   1.5327	8.360e-03	   0.046	    21.399
  33	 9	 3.7665	 1.0521	   1.5008	        1.5011	          0.0002	   1.6590	1.104e-02	   0.037	    22.139
  34	 9	 3.7559	 1.0463	   1.5008	        1.5011	          0.0003	   1.5805	8.610e-03	   0.032	    22.901
  35	 9	 3.7572	 1.0471	   1.5008	        1.5011	          0.0003	   1.6274	8.951e-03	   0.038	    23.674
  36	 9	 3.7512	 1.0415	   1.5007	        1.5011	          0.0004	   1.5843	6.581e-03	   0.038	    24.417
  37	10	 3.7466	 1.0421	   1.5007	        1.5011	          0.0004	   1.6217	6.830e-03	   0.039	    25.168
  38	10	 3.7372	 1.0385	   1.5007	        1.5011	          0.0004	   1.5817	5.266e-03	   0.042	    25.918
  39	10	 3.7332	 1.0410	   1.5007	        1.5011	          0.0004	   1.6260	6.350e-03	   0.043	    26.658
  40	10	 3.7305	 1.0376	   1.5007	        1.5011	          0.0004	   1.5962	4.885e-03	   0.037	    27.399
  41	11	 3.7282	 1.0294	   1.5007	        1.5011	          0.0004	   1.5602	1.439e-03	   0.030	    28.133
  42	11	 3.7249	 1.0319	   1.5007	        1.5011	          0.0004	   1.6316	2.455e-03	   0.037	    28.888
  43	11	 3.7220	 1.0433	   1.5007	        1.5011	          0.0004	   1.6969	7.342e-03	   0.039	    29.637
  44	11	 3.7177	 1.0339	   1.5007	        1.5011	          0.0004	   1.5406	3.290e-03	   0.037	    30.393
  45	12	 3.7089	 1.0382	   1.5007	        1.5011	          0.0004	   1.6330	5.157e-03	   0.040	    31.164
  46	12	 3.7091	 1.0375	   1.5007	        1.5011	          0.0004	   1.6120	4.863e-03	   0.041	    31.906
  47	12	 3.7082	 1.0291	   1.5007	        1.5011	          0.0004	   1.5453	1.318e-03	   0.037	    32.650
  48	12	 3.7056	 1.0284	   1.5007	        1.5011	          0.0004	   1.6159	1.089e-03	   0.031	    33.381
  49	13	 3.7049	 1.0219	   1.5007	        1.5011	          0.0004	   1.5578	2.409e-03	   0.037	    34.155
  50	13	 3.7031	 1.0240	   1.5007	        1.5011	          0.0004	   1.6223	1.526e-03	   0.041	    34.891
  51	13	 3.7008	 1.0269	   1.5007	        1.5011	          0.0004	   1.6295	8.017e-04	   0.038	    35.640
  52	13	 3.6957	 1.0292	   1.5006	        1.5011	          0.0004	   1.6324	1.337e-03	   0.041	    36.391
  53	14	 3.6913	 1.0375	   1.5007	        1.5011	          0.0004	   1.6858	4.829e-03	   0.038	    37.132
  54	14	 3.6868	 1.0340	   1.5007	        1.5011	          0.0004	   1.5687	3.345e-03	   0.041	    37.892
  55	14	 3.6867	 1.0285	   1.5006	        1.5011	          0.0005	   1.5641	1.111e-03	   0.037	    38.653
  56	14	 3.6857	 1.0261	   1.5006	        1.5011	          0.0005	   1.5934	8.517e-04	   0.041	    39.422
  57	15	 3.6858	 1.0245	   1.5006	        1.5011	          0.0005	   1.6020	1.310e-03	   0.042	    40.226
  58	15	 3.6824	 1.0317	   1.5006	        1.5011	          0.0005	   1.6750	2.348e-03	   0.041	    41.076
  59	15	 3.6817	 1.0295	   1.5006	        1.5011	          0.0005	   1.5972	1.461e-03	   0.041	    41.879
  60	15	 3.6752	 1.0256	   1.5006	        1.5011	          0.0005	   1.5543	9.610e-04	   0.042	    42.658
  61	16	 3.6744	 1.0255	   1.5006	        1.5011	          0.0005	   1.6118	9.976e-04	   0.040	    43.407
  62	16	 3.6700	 1.0178	   1.5006	        1.5011	          0.0005	   1.5214	4.277e-03	   0.037	    44.158
  63	16	 3.6702	 1.0207	   1.5006	        1.5011	          0.0005	   1.6389	2.925e-03	   0.039	    44.927
  64	16	 3.6684	 1.0275	   1.5006	        1.5011	          0.0005	   1.6838	8.373e-04	   0.041	    45.674
  65	17	 3.6680	 1.0193	   1.5006	        1.5011	          0.0005	   1.5226	3.587e-03	   0.040	    46.425
  66	17	 3.6680	 1.0269	   1.5006	        1.5011	          0.0005	   1.6924	7.717e-04	   0.041	    47.176
  67	17	 3.6637	 1.0276	   1.5006	        1.5011	          0.0005	   1.6174	8.503e-04	   0.041	    47.917
  68	17	 3.6597	 1.0275	   1.5006	        1.5011	          0.0005	   1.5981	8.242e-04	   0.039	    48.663
  69	18	 3.6582	 1.0273	   1.5006	        1.5011	          0.0005	   1.6080	7.974e-04	   0.032	    49.397
  70	18	 3.6548	 1.0231	   1.5006	        1.5011	          0.0005	   1.5564	1.855e-03	   0.039	    50.148
  71	18	 3.6524	 1.0242	   1.5006	        1.5011	          0.0005	   1.6156	1.403e-03	   0.042	    50.886
  72	18	 3.6548	 1.0267	   1.5006	        1.5011	          0.0005	   1.6539	7.604e-04	   0.037	    51.647
  73	19	 3.6524	 1.0260	   1.5006	        1.5011	          0.0005	   1.5947	8.452e-04	   0.042	    52.422
  74	19	 3.6496	 1.0294	   1.5006	        1.5011	          0.0005	   1.6469	1.404e-03	   0.044	    53.166
  75	19	 3.6496	 1.0297	   1.5006	        1.5011	          0.0005	   1.6219	1.505e-03	   0.040	    53.913
  76	19	 3.6464	 1.0273	   1.5006	        1.5011	          0.0005	   1.5767	7.835e-04	   0.030	    54.645
  77	20	 3.6448	 1.0248	   1.5006	        1.5011	          0.0005	   1.5663	1.181e-03	   0.039	    55.421
  78	20	 3.6433	 1.0303	   1.5006	        1.5011	          0.0005	   1.6892	1.736e-03	   0.042	    56.151
  79	20	 3.6411	 1.0293	   1.5006	        1.5011	          0.0005	   1.5908	1.369e-03	   0.038	    56.896
  80	20	 3.6383	 1.0305	   1.5006	        1.5011	          0.0005	   1.6250	1.829e-03	   0.039	    57.647
  81	21	 3.6384	 1.0314	   1.5006	        1.5011	          0.0005	   1.6246	2.205e-03	   0.042	    58.393
  82	21	 3.6374	 1.0318	   1.5006	        1.5011	          0.0005	   1.6214	2.370e-03	   0.037	    59.146
  83	21	 3.6368	 1.0330	   1.5006	        1.5011	          0.0005	   1.6258	2.899e-03	   0.032	    59.911
  84	21	 3.6330	 1.0304	   1.5006	        1.5011	          0.0005	   1.5744	1.800e-03	   0.042	    60.666
  85	22	 3.6333	 1.0323	   1.5006	        1.5011	          0.0005	   1.6457	2.579e-03	   0.042	    61.422
  86	22	 3.6314	 1.0307	   1.5006	        1.5011	          0.0005	   1.5843	1.918e-03	   0.047	    62.223
  87	22	 3.6293	 1.0308	   1.5006	        1.5011	          0.0005	   1.6142	1.937e-03	   0.041	    63.023
  88	22	 3.6276	 1.0300	   1.5006	        1.5011	          0.0005	   1.5920	1.598e-03	   0.043	    63.784
  89	23	 3.6278	 1.0304	   1.5006	        1.5011	          0.0005	   1.6222	1.771e-03	   0.038	    64.529
  90	23	 3.6244	 1.0274	   1.5006	        1.5011	          0.0005	   1.5534	7.816e-04	   0.031	    65.279
  91	23	 3.6237	 1.0254	   1.5006	        1.5011	          0.0005	   1.5834	9.736e-04	   0.040	    66.056
  92	23	 3.6211	 1.0297	   1.5006	        1.5011	          0.0005	   1.6733	1.502e-03	   0.037	    66.804
  93	24	 3.6221	 1.0334	   1.5006	        1.5011	          0.0005	   1.6739	3.040e-03	   0.038	    67.550
  94	24	 3.6190	 1.0310	   1.5006	        1.5011	          0.0005	   1.5694	2.044e-03	   0.041	    68.298
  95	24	 3.6158	 1.0318	   1.5006	        1.5011	          0.0005	   1.6226	2.361e-03	   0.042	    69.039
  96	24	 3.6155	 1.0309	   1.5006	        1.5011	          0.0005	   1.5926	1.969e-03	   0.040	    69.787
  97	25	 3.6150	 1.0279	   1.5006	        1.5011	          0.0005	   1.5593	8.642e-04	   0.033	    70.525
  98	25	 3.6122	 1.0256	   1.5006	        1.5011	          0.0005	   1.5694	9.123e-04	   0.041	    71.277
  99	25	 3.6118	 1.0282	   1.5006	        1.5011	          0.0005	   1.6501	9.434e-04	   0.036	    72.007
 100	25	 3.6114	 1.0298	   1.5006	        1.5011	          0.0005	   1.6460	1.515e-03	   0.042	    72.781
 101	26	 3.6103	 1.0268	   1.5006	        1.5011	          0.0005	   1.5571	7.157e-04	   0.042	    73.550
 102	26	 3.6087	 1.0293	   1.5006	        1.5011	          0.0005	   1.6560	1.321e-03	   0.043	    74.291
 103	26	 3.6068	 1.0300	   1.5006	        1.5011	          0.0005	   1.6158	1.601e-03	   0.037	    75.033
 104	26	 3.6072	 1.0297	   1.5006	        1.5011	          0.0005	   1.6047	1.490e-03	   0.031	    75.768
 105	27	 3.6060	 1.0298	   1.5006	        1.5011	          0.0005	   1.5992	1.541e-03	   0.042	    76.578
 106	27	 3.6060	 1.0259	   1.5006	        1.5011	          0.0005	   1.5490	8.303e-04	   0.040	    77.352
 107	27	 3.6050	 1.0301	   1.5006	        1.5011	          0.0005	   1.6938	1.640e-03	   0.045	    78.147
 108	27	 3.6028	 1.0265	   1.5006	        1.5011	          0.0005	   1.5389	7.210e-04	   0.042	    78.913
 109	28	 3.6025	 1.0274	   1.5006	        1.5011	          0.0005	   1.6202	7.472e-04	   0.046	    79.681
 110	28	 3.6014	 1.0276	   1.5006	        1.5011	          0.0005	   1.6158	7.972e-04	   0.041	    80.463
 111	28	 3.6001	 1.0261	   1.5006	        1.5011	          0.0005	   1.5808	7.792e-04	   0.036	    81.257
 112	28	 3.5973	 1.0275	   1.5006	        1.5011	          0.0005	   1.6305	7.640e-04	   0.040	    82.037
 113	29	 3.5963	 1.0264	   1.5006	        1.5011	          0.0005	   1.5973	7.246e-04	   0.041	    82.845
 114	29	 3.5954	 1.0240	   1.5006	        1.5011	          0.0005	   1.5592	1.482e-03	   0.041	    83.651
 115	29	 3.5934	 1.0245	   1.5006	        1.5011	          0.0005	   1.6079	1.260e-03	   0.041	    84.458
 116	29	 3.5930	 1.0257	   1.5006	        1.5011	          0.0005	   1.6318	8.584e-04	   0.044	    85.218
 117	30	 3.5928	 1.0229	   1.5006	        1.5011	          0.0005	   1.5524	1.926e-03	   0.038	    85.958
 118	30	 3.5901	 1.0229	   1.5006	        1.5011	          0.0005	   1.6058	1.925e-03	   0.034	    86.699
 119	30	 3.5894	 1.0225	   1.5006	        1.5011	          0.0005	   1.6060	2.097e-03	   0.043	    87.484
 120	30	 3.5891	 1.0251	   1.5006	        1.5011	          0.0005	   1.6575	1.053e-03	   0.040	    88.236
 121	31	 3.5880	 1.0246	   1.5006	        1.5011	          0.0005	   1.5944	1.253e-03	   0.041	    88.986
 122	31	 3.5874	 1.0232	   1.5006	        1.5011	          0.0005	   1.5845	1.806e-03	   0.037	    89.733
 123	31	 3.5867	 1.0266	   1.5006	        1.5011	          0.0005	   1.6728	6.994e-04	   0.044	    90.476
 124	31	 3.5852	 1.0273	   1.5006	        1.5011	          0.0005	   1.6253	7.288e-04	   0.040	    91.220
 125	32	 3.5833	 1.0292	   1.5006	        1.5011	          0.0005	   1.6528	1.290e-03	   0.033	    91.950
 126	32	 3.5813	 1.0282	   1.5006	        1.5011	          0.0005	   1.5867	9.310e-04	   0.038	    92.703
 127	32	 3.5807	 1.0297	   1.5006	        1.5011	          0.0005	   1.6358	1.470e-03	   0.037	    93.437
 128	32	 3.5819	 1.0286	   1.5006	        1.5011	          0.0005	   1.5906	1.063e-03	   0.037	    94.208
 129	33	 3.5805	 1.0270	   1.5006	        1.5011	          0.0005	   1.5708	6.888e-04	   0.039	    94.975
 130	33	 3.5794	 1.0243	   1.5006	        1.5011	          0.0005	   1.5487	1.362e-03	   0.045	    95.727
 131	33	 3.5782	 1.0250	   1.5006	        1.5011	          0.0005	   1.6293	1.099e-03	   0.039	    96.469
 132	33	 3.5784	 1.0276	   1.5006	        1.5011	          0.0005	   1.6643	7.629e-04	   0.033	    97.200
 133	34	 3.5777	 1.0285	   1.5006	        1.5011	          0.0005	   1.6324	1.017e-03	   0.042	    97.968
 134	34	 3.5782	 1.0270	   1.5006	        1.5011	          0.0005	   1.5844	6.902e-04	   0.035	    98.707
 135	34	 3.5771	 1.0251	   1.5006	        1.5011	          0.0005	   1.5610	1.048e-03	   0.039	    99.460
 136	34	 3.5752	 1.0268	   1.5006	        1.5011	          0.0005	   1.6401	6.806e-04	   0.037	   100.208
 137	35	 3.5755	 1.0253	   1.5006	        1.5011	          0.0005	   1.5800	9.730e-04	   0.047	   100.982
 138	35	 3.5731	 1.0251	   1.5006	        1.5011	          0.0005	   1.5966	1.040e-03	   0.033	   101.735
 139	35	 3.5732	 1.0277	   1.5006	        1.5011	          0.0005	   1.6686	7.876e-04	   0.034	   102.469
 140	35	 3.5723	 1.0270	   1.5006	        1.5011	          0.0005	   1.5934	6.826e-04	   0.040	   103.218
 141	36	 3.5713	 1.0276	   1.5006	        1.5011	          0.0005	   1.6241	7.680e-04	   0.038	   103.998
 142	36	 3.5707	 1.0250	   1.5006	        1.5011	          0.0005	   1.5392	1.078e-03	   0.042	   104.780
 143	36	 3.5710	 1.0265	   1.5006	        1.5011	          0.0005	   1.6513	6.917e-04	   0.042	   105.579
 144	36	 3.5698	 1.0267	   1.5006	        1.5011	          0.0005	   1.6146	6.770e-04	   0.046	   106.345
 145	37	 3.5687	 1.0276	   1.5006	        1.5011	          0.0005	   1.6353	7.534e-04	   0.032	   107.087
 146	37	 3.5684	 1.0277	   1.5006	        1.5011	          0.0005	   1.6121	7.825e-04	   0.033	   107.823
 147	37	 3.5670	 1.0278	   1.5006	        1.5011	          0.0005	   1.6101	8.128e-04	   0.044	   108.605
 148	37	 3.5665	 1.0271	   1.5006	        1.5011	          0.0005	   1.5868	6.808e-04	   0.039	   109.356
 149	38	 3.5653	 1.0269	   1.5006	        1.5011	          0.0005	   1.6085	6.708e-04	   0.036	   110.105
 150	38	 3.5633	 1.0268	   1.5005	        1.5011	          0.0005	   1.5980	6.681e-04	   0.038	   110.857
 151	38	 3.5657	 1.0268	   1.5006	        1.5011	          0.0005	   1.6225	6.713e-04	   0.043	   111.601
 152	38	 3.5638	 1.0275	   1.5006	        1.5011	          0.0005	   1.6194	7.312e-04	   0.036	   112.347
 153	39	 3.5632	 1.0274	   1.5005	        1.5011	          0.0005	   1.6041	7.169e-04	   0.035	   113.084
 154	39	 3.5627	 1.0273	   1.5005	        1.5011	          0.0005	   1.6084	6.957e-04	   0.040	   113.834
 155	39	 3.5625	 1.0268	   1.5005	        1.5011	          0.0005	   1.6073	6.672e-04	   0.039	   114.562
 156	39	 3.5628	 1.0270	   1.5005	        1.5011	          0.0005	   1.6101	6.704e-04	   0.042	   115.334
 157	40	 3.5623	 1.0275	   1.5005	        1.5011	          0.0005	   1.6220	7.314e-04	   0.041	   116.096
 158	40	 3.5618	 1.0258	   1.5005	        1.5011	          0.0005	   1.5662	8.073e-04	   0.042	   116.850
 159	40	 3.5610	 1.0269	   1.5005	        1.5011	          0.0005	   1.6346	6.669e-04	   0.037	   117.597
 160	40	 3.5601	 1.0267	   1.5005	        1.5011	          0.0005	   1.5973	6.693e-04	   0.036	   118.333
 161	41	 3.5596	 1.0268	   1.5005	        1.5011	          0.0005	   1.6090	6.646e-04	   0.040	   119.092
 162	41	 3.5587	 1.0279	   1.5005	        1.5011	          0.0005	   1.6382	8.257e-04	   0.036	   119.836
 163	41	 3.5586	 1.0274	   1.5005	        1.5011	          0.0005	   1.5981	7.082e-04	   0.041	   120.586
 164	41	 3.5583	 1.0264	   1.5005	        1.5011	          0.0005	   1.5839	6.938e-04	   0.044	   121.374
 165	42	 3.5581	 1.0270	   1.5005	        1.5011	          0.0005	   1.6214	6.657e-04	   0.048	   122.169
 166	42	 3.5568	 1.0263	   1.5005	        1.5011	          0.0006	   1.5912	7.074e-04	   0.043	   122.965
 167	42	 3.5560	 1.0271	   1.5005	        1.5011	          0.0006	   1.6326	6.684e-04	   0.036	   123.712
 168	42	 3.5555	 1.0269	   1.5005	        1.5011	          0.0006	   1.6097	6.618e-04	   0.039	   124.497
 169	43	 3.5567	 1.0269	   1.5005	        1.5011	          0.0006	   1.6098	6.622e-04	   0.042	   125.259
 170	43	 3.5551	 1.0247	   1.5005	        1.5011	          0.0006	   1.5346	1.165e-03	   0.043	   126.039
 171	43	 3.5550	 1.0264	   1.5005	        1.5011	          0.0006	   1.6682	6.838e-04	   0.041	   126.831
 172	43	 3.5538	 1.0274	   1.5005	        1.5011	          0.0006	   1.6377	7.152e-04	   0.046	   127.600
 173	44	 3.5537	 1.0268	   1.5005	        1.5011	          0.0006	   1.5830	6.580e-04	   0.035	   128.346
 174	44	 3.5520	 1.0256	   1.5005	        1.5011	          0.0006	   1.5650	8.724e-04	   0.034	   129.084
 175	44	 3.5530	 1.0255	   1.5005	        1.5011	          0.0006	   1.6201	9.108e-04	   0.040	   129.862
 176	44	 3.5529	 1.0264	   1.5005	        1.5011	          0.0006	   1.6441	6.813e-04	   0.044	   130.619
 177	45	 3.5526	 1.0256	   1.5005	        1.5011	          0.0006	   1.5758	8.745e-04	   0.039	   131.371
 178	45	 3.5529	 1.0266	   1.5005	        1.5011	          0.0006	   1.6436	6.683e-04	   0.040	   132.118
 179	45	 3.5509	 1.0266	   1.5005	        1.5011	          0.0006	   1.6085	6.618e-04	   0.044	   132.859
 180	45	 3.5506	 1.0268	   1.5005	        1.5011	          0.0006	   1.6156	6.558e-04	   0.037	   133.606
 181	46	 3.5500	 1.0257	   1.5005	        1.5011	          0.0006	   1.5737	8.229e-04	   0.032	   134.342
 182	46	 3.5491	 1.0253	   1.5005	        1.5011	          0.0006	   1.5933	9.434e-04	   0.037	   135.094
 183	46	 3.5484	 1.0261	   1.5005	        1.5011	          0.0006	   1.6329	7.350e-04	   0.040	   135.828
 184	46	 3.5488	 1.0271	   1.5005	        1.5011	          0.0006	   1.6507	6.617e-04	   0.039	   136.592
 185	47	 3.5490	 1.0263	   1.5005	        1.5011	          0.0006	   1.5863	7.014e-04	   0.042	   137.351
 186	47	 3.5485	 1.0267	   1.5005	        1.5011	          0.0006	   1.6232	6.571e-04	   0.046	   138.111
 187	47	 3.5480	 1.0265	   1.5005	        1.5011	          0.0006	   1.6079	6.740e-04	   0.037	   138.852
 188	47	 3.5481	 1.0264	   1.5005	        1.5011	          0.0006	   1.6123	6.848e-04	   0.035	   139.589
 189	48	 3.5482	 1.0284	   1.5005	        1.5011	          0.0006	   1.6820	9.745e-04	   0.042	   140.347
 190	48	 3.5470	 1.0286	   1.5005	        1.5011	          0.0006	   1.6120	1.038e-03	   0.041	   141.100
 191	48	 3.5454	 1.0280	   1.5005	        1.5011	          0.0006	   1.5825	8.434e-04	   0.036	   141.854
 192	48	 3.5461	 1.0268	   1.5005	        1.5011	          0.0006	   1.5733	6.501e-04	   0.041	   142.636
 193	49	 3.5446	 1.0260	   1.5005	        1.5011	          0.0006	   1.5836	7.573e-04	   0.045	   143.377
 194	49	 3.5448	 1.0264	   1.5005	        1.5011	          0.0006	   1.6260	6.853e-04	   0.038	   144.118
 195	49	 3.5456	 1.0261	   1.5005	        1.5011	          0.0006	   1.6099	7.262e-04	   0.036	   144.865
 196	49	 3.5438	 1.0261	   1.5005	        1.5011	          0.0006	   1.5933	7.277e-04	   0.036	   145.644
 197	50	 3.5442	 1.0260	   1.5005	        1.5011	          0.0006	   1.6159	7.556e-04	   0.040	   146.381
 198	50	 3.5428	 1.0262	   1.5005	        1.5011	          0.0006	   1.6046	7.021e-04	   0.039	   147.160
 199	50	 3.5426	 1.0270	   1.5005	        1.5011	          0.0006	   1.6356	6.486e-04	   0.046	   147.962
 200	50	 3.5421	 1.0263	   1.5005	        1.5011	          0.0006	   1.5848	6.956e-04	   0.046	   148.723
 201	51	 3.5411	 1.0273	   1.5005	        1.5011	          0.0006	   1.6387	6.735e-04	   0.038	   149.472
 202	51	 3.5408	 1.0274	   1.5005	        1.5011	          0.0006	   1.6150	6.977e-04	   0.034	   150.205
 203	51	 3.5407	 1.0278	   1.5005	        1.5011	          0.0006	   1.6230	7.716e-04	   0.040	   150.980
 204	51	 3.5405	 1.0276	   1.5005	        1.5011	          0.0006	   1.6062	7.323e-04	   0.038	   151.733
 205	52	 3.5389	 1.0271	   1.5005	        1.5011	          0.0006	   1.5848	6.550e-04	   0.036	   152.496
 206	52	 3.5400	 1.0273	   1.5005	        1.5011	          0.0006	   1.6319	6.732e-04	   0.038	   153.248
 207	52	 3.5408	 1.0283	   1.5005	        1.5011	          0.0006	   1.6537	9.217e-04	   0.042	   153.990
 208	52	 3.5395	 1.0271	   1.5005	        1.5011	          0.0006	   1.5537	6.503e-04	   0.035	   154.734
 209	53	 3.5384	 1.0263	   1.5005	        1.5011	          0.0006	   1.5768	6.851e-04	   0.034	   155.465
 210	53	 3.5389	 1.0262	   1.5005	        1.5011	          0.0006	   1.6167	6.976e-04	   0.038	   156.217
 211	53	 3.5387	 1.0265	   1.5005	        1.5011	          0.0006	   1.6056	6.634e-04	   0.042	   156.964
 212	53	 3.5385	 1.0264	   1.5005	        1.5011	          0.0006	   1.6170	6.677e-04	   0.043	   157.763
 213	54	 3.5381	 1.0276	   1.5005	        1.5011	          0.0006	   1.6551	7.232e-04	   0.041	   158.570
 214	54	 3.5374	 1.0287	   1.5005	        1.5011	          0.0006	   1.6497	1.058e-03	   0.039	   159.370
 215	54	 3.5366	 1.0279	   1.5005	        1.5011	          0.0006	   1.5755	8.083e-04	   0.040	   160.140
 216	54	 3.5365	 1.0268	   1.5005	        1.5011	          0.0006	   1.5747	6.397e-04	   0.036	   160.886
 217	55	 3.5358	 1.0268	   1.5005	        1.5011	          0.0006	   1.5999	6.397e-04	   0.039	   161.636
 218	55	 3.5353	 1.0260	   1.5005	        1.5011	          0.0006	   1.5827	7.379e-04	   0.042	   162.445
 219	55	 3.5358	 1.0260	   1.5005	        1.5011	          0.0006	   1.6154	7.397e-04	   0.038	   163.261
 220	55	 3.5350	 1.0273	   1.5005	        1.5011	          0.0006	   1.6532	6.686e-04	   0.040	   164.051
 221	56	 3.5340	 1.0287	   1.5005	        1.5011	          0.0006	   1.6639	1.042e-03	   0.042	   164.809
 222	56	 3.5330	 1.0298	   1.5005	        1.5011	          0.0006	   1.6421	1.506e-03	   0.043	   165.584
 223	56	 3.5334	 1.0298	   1.5005	        1.5011	          0.0006	   1.6184	1.490e-03	   0.035	   166.344
 224	56	 3.5329	 1.0281	   1.5005	        1.5011	          0.0006	   1.5449	8.685e-04	   0.039	   167.108
 225	57	 3.5312	 1.0284	   1.5005	        1.5011	          0.0006	   1.6150	9.434e-04	   0.039	   167.840
 226	57	 3.5310	 1.0287	   1.5005	        1.5011	          0.0006	   1.6213	1.072e-03	   0.039	   168.615
 227	57	 3.5306	 1.0272	   1.5005	        1.5011	          0.0006	   1.5429	6.509e-04	   0.043	   169.410
 228	57	 3.5309	 1.0282	   1.5005	        1.5011	          0.0006	   1.6615	8.924e-04	   0.043	   170.180
 229	58	 3.5309	 1.0265	   1.5005	        1.5011	          0.0006	   1.5495	6.479e-04	   0.039	   170.939
 230	58	 3.5308	 1.0249	   1.5005	        1.5011	          0.0006	   1.5438	1.098e-03	   0.034	   171.674
 231	58	 3.5300	 1.0272	   1.5005	        1.5011	          0.0006	   1.7021	6.496e-04	   0.041	   172.441
 232	58	 3.5296	 1.0275	   1.5005	        1.5011	          0.0006	   1.6207	7.056e-04	   0.039	   173.194
 233	59	 3.5288	 1.0275	   1.5005	        1.5011	          0.0006	   1.6092	6.969e-04	   0.035	   173.955
 234	59	 3.5290	 1.0276	   1.5005	        1.5011	          0.0006	   1.6156	7.175e-04	   0.042	   174.708
 235	59	 3.5278	 1.0273	   1.5005	        1.5011	          0.0006	   1.5830	6.613e-04	   0.045	   175.454
 236	59	 3.5285	 1.0274	   1.5005	        1.5011	          0.0006	   1.6279	6.835e-04	   0.039	   176.199
 237	60	 3.5278	 1.0268	   1.5005	        1.5011	          0.0006	   1.5801	6.306e-04	   0.030	   176.934
 238	60	 3.5281	 1.0264	   1.5005	        1.5011	          0.0006	   1.6002	6.607e-04	   0.040	   177.686
 239	60	 3.5284	 1.0255	   1.5005	        1.5011	          0.0006	   1.5772	8.757e-04	   0.039	   178.416
 240	60	 3.5272	 1.0263	   1.5005	        1.5011	          0.0006	   1.6349	6.788e-04	   0.036	   179.161
 241	61	 3.5275	 1.0262	   1.5005	        1.5011	          0.0006	   1.6093	6.885e-04	   0.039	   179.933
 242	61	 3.5270	 1.0251	   1.5005	        1.5011	          0.0006	   1.5537	1.030e-03	   0.038	   180.698
 243	61	 3.5258	 1.0259	   1.5005	        1.5011	          0.0006	   1.6414	7.613e-04	   0.038	   181.446
 244	61	 3.5262	 1.0260	   1.5005	        1.5011	          0.0006	   1.6220	7.340e-04	   0.030	   182.181
 245	62	 3.5258	 1.0259	   1.5005	        1.5011	          0.0006	   1.6082	7.575e-04	   0.041	   182.937
 246	62	 3.5257	 1.0265	   1.5005	        1.5011	          0.0006	   1.6339	6.505e-04	   0.042	   183.714
 247	62	 3.5256	 1.0277	   1.5005	        1.5011	          0.0006	   1.6621	7.498e-04	   0.038	   184.471
 248	62	 3.5248	 1.0265	   1.5005	        1.5011	          0.0006	   1.5517	6.444e-04	   0.041	   185.220
 249	63	 3.5243	 1.0275	   1.5005	        1.5011	          0.0006	   1.6497	6.891e-04	   0.042	   185.964
 250	63	 3.5249	 1.0266	   1.5005	        1.5011	          0.0006	   1.5730	6.389e-04	   0.039	   186.738
 251	63	 3.5247	 1.0258	   1.5005	        1.5011	          0.0006	   1.5715	8.007e-04	   0.031	   187.484
 252	63	 3.5237	 1.0268	   1.5005	        1.5011	          0.0006	   1.6551	6.259e-04	   0.040	   188.238
 253	64	 3.5232	 1.0267	   1.5005	        1.5011	          0.0006	   1.5997	6.281e-04	   0.038	   188.970
 254	64	 3.5235	 1.0264	   1.5005	        1.5011	          0.0006	   1.6028	6.637e-04	   0.040	   189.737
 255	64	 3.5236	 1.0267	   1.5005	        1.5011	          0.0006	   1.6265	6.293e-04	   0.043	   190.523
 256	64	 3.5231	 1.0264	   1.5005	        1.5011	          0.0006	   1.5923	6.517e-04	   0.042	   191.300
 257	65	 3.5228	 1.0258	   1.5005	        1.5011	          0.0006	   1.5788	7.946e-04	   0.039	   192.063
 258	65	 3.5238	 1.0267	   1.5005	        1.5011	          0.0006	   1.6649	6.279e-04	   0.035	   192.800
 259	65	 3.5235	 1.0263	   1.5005	        1.5011	          0.0006	   1.5826	6.706e-04	   0.043	   193.561
 260	65	 3.5222	 1.0269	   1.5005	        1.5011	          0.0006	   1.6270	6.251e-04	   0.038	   194.321
 261	66	 3.5221	 1.0267	   1.5005	        1.5011	          0.0006	   1.5985	6.285e-04	   0.039	   195.088
 262	66	 3.5209	 1.0263	   1.5005	        1.5011	          0.0006	   1.5838	6.750e-04	   0.043	   195.836
 263	66	 3.5209	 1.0258	   1.5005	        1.5011	          0.0006	   1.5818	7.846e-04	   0.043	   196.575
 264	66	 3.5205	 1.0274	   1.5005	        1.5011	          0.0006	   1.6867	6.671e-04	   0.037	   197.320
 265	67	 3.5211	 1.0273	   1.5005	        1.5011	          0.0006	   1.6121	6.544e-04	   0.030	   198.055
 266	67	 3.5205	 1.0287	   1.5005	        1.5011	          0.0006	   1.6710	1.066e-03	   0.039	   198.810
 267	67	 3.5200	 1.0284	   1.5005	        1.5011	          0.0006	   1.5943	9.285e-04	   0.038	   199.542
 268	67	 3.5189	 1.0286	   1.5005	        1.5011	          0.0006	   1.6157	1.023e-03	   0.041	   200.294
 269	68	 3.5195	 1.0280	   1.5005	        1.5011	          0.0006	   1.5887	8.158e-04	   0.041	   201.064
 270	68	 3.5187	 1.0276	   1.5005	        1.5011	          0.0006	   1.5861	7.054e-04	   0.043	   201.825
 271	68	 3.5193	 1.0288	   1.5005	        1.5011	          0.0006	   1.6784	1.092e-03	   0.039	   202.569
 272	68	 3.5188	 1.0278	   1.5005	        1.5011	          0.0006	   1.5617	7.569e-04	   0.037	   203.323
 273	69	 3.5191	 1.0280	   1.5005	        1.5011	          0.0006	   1.6236	8.050e-04	   0.042	   204.155
 274	69	 3.5184	 1.0274	   1.5005	        1.5011	          0.0006	   1.5774	6.690e-04	   0.040	   204.939
 275	69	 3.5175	 1.0258	   1.5005	        1.5011	          0.0006	   1.5323	7.802e-04	   0.039	   205.704
 276	69	 3.5175	 1.0279	   1.5005	        1.5011	          0.0006	   1.7058	7.736e-04	   0.042	   206.457
 277	70	 3.5172	 1.0284	   1.5005	        1.5011	          0.0006	   1.6419	9.557e-04	   0.044	   207.234
 278	70	 3.5164	 1.0277	   1.5005	        1.5011	          0.0006	   1.5708	7.377e-04	   0.041	   207.997
 279	70	 3.5159	 1.0272	   1.5005	        1.5011	          0.0006	   1.5774	6.375e-04	   0.031	   208.720
 280	70	 3.5161	 1.0283	   1.5005	        1.5011	          0.0006	   1.6685	9.013e-04	   0.038	   209.483
 281	71	 3.5159	 1.0283	   1.5005	        1.5011	          0.0006	   1.6058	8.991e-04	   0.040	   210.186
 282	71	 3.5159	 1.0290	   1.5005	        1.5011	          0.0006	   1.6542	1.153e-03	   0.038	   210.908
 283	71	 3.5151	 1.0287	   1.5005	        1.5011	          0.0006	   1.5972	1.043e-03	   0.042	   211.665
 284	71	 3.5151	 1.0283	   1.5005	        1.5011	          0.0006	   1.5838	9.059e-04	   0.040	   212.410
 285	72	 3.5156	 1.0284	   1.5005	        1.5011	          0.0006	   1.6222	9.545e-04	   0.039	   213.137
 286	72	 3.5150	 1.0277	   1.5005	        1.5011	          0.0006	   1.5680	7.226e-04	   0.027	   213.750
 287	72	 3.5143	 1.0286	   1.5005	        1.5011	          0.0006	   1.6570	1.025e-03	   0.027	   214.416
 288	72	 3.5135	 1.0283	   1.5005	        1.5011	          0.0006	   1.5902	9.140e-04	   0.023	   215.041
 289	73	 3.5133	 1.0291	   1.5005	        1.5011	          0.0006	   1.6519	1.202e-03	   0.025	   215.642
 290	73	 3.5133	 1.0300	   1.5005	        1.5011	          0.0006	   1.6546	1.547e-03	   0.028	   216.225
 291	73	 3.5124	 1.0287	   1.5005	        1.5011	          0.0006	   1.5398	1.041e-03	   0.027	   216.794
 292	73	 3.5119	 1.0286	   1.5005	        1.5011	          0.0006	   1.6012	9.919e-04	   0.029	   217.368
 293	74	 3.5119	 1.0295	   1.5005	        1.5011	          0.0006	   1.6605	1.356e-03	   0.023	   217.933
 294	74	 3.5114	 1.0292	   1.5005	        1.5011	          0.0006	   1.5952	1.223e-03	   0.026	   218.505
 295	74	 3.5109	 1.0296	   1.5005	        1.5011	          0.0006	   1.6274	1.389e-03	   0.021	   219.069
 296	74	 3.5105	 1.0289	   1.5005	        1.5011	          0.0006	   1.5716	1.120e-03	   0.023	   219.638
 297	75	 3.5105	 1.0299	   1.5005	        1.5011	          0.0006	   1.6613	1.504e-03	   0.026	   220.243
 298	75	 3.5098	 1.0299	   1.5005	        1.5011	          0.0006	   1.6068	1.529e-03	   0.025	   220.834
 299	75	 3.5092	 1.0286	   1.5005	        1.5011	          0.0006	   1.5428	1.019e-03	   0.027	   221.406
 300	75	 3.5094	 1.0288	   1.5005	        1.5011	          0.0006	   1.6243	1.076e-03	   0.025	   221.983
 301	76	 3.5093	 1.0296	   1.5005	        1.5011	          0.0006	   1.6555	1.377e-03	   0.027	   222.589
 302	76	 3.5090	 1.0291	   1.5005	        1.5011	          0.0006	   1.5861	1.181e-03	   0.027	   223.168
 303	76	 3.5088	 1.0295	   1.5005	        1.5011	          0.0006	   1.6323	1.367e-03	   0.027	   223.738
 304	76	 3.5085	 1.0292	   1.5005	        1.5011	          0.0006	   1.5920	1.222e-03	   0.030	   224.327
 305	77	 3.5084	 1.0306	   1.5005	        1.5011	          0.0006	   1.6857	1.792e-03	   0.026	   224.932
 306	77	 3.5083	 1.0310	   1.5005	        1.5011	          0.0006	   1.6346	2.000e-03	   0.025	   225.502
 307	77	 3.5085	 1.0297	   1.5005	        1.5011	          0.0006	   1.5484	1.422e-03	   0.022	   226.070
 308	77	 3.5076	 1.0285	   1.5005	        1.5011	          0.0006	   1.5407	9.642e-04	   0.028	   226.651
 309	78	 3.5072	 1.0280	   1.5005	        1.5011	          0.0006	   1.5829	8.129e-04	   0.024	   227.213
 310	78	 3.5068	 1.0279	   1.5005	        1.5011	          0.0006	   1.5992	7.771e-04	   0.027	   227.780
 311	78	 3.5065	 1.0276	   1.5005	        1.5011	          0.0006	   1.5939	6.958e-04	   0.025	   228.409
 312	78	 3.5064	 1.0285	   1.5005	        1.5011	          0.0006	   1.6642	9.824e-04	   0.025	   229.022
 313	79	 3.5051	 1.0281	   1.5005	        1.5011	          0.0006	   1.5732	8.295e-04	   0.028	   229.610
 314	79	 3.5054	 1.0278	   1.5005	        1.5011	          0.0006	   1.6015	7.394e-04	   0.026	   230.179
 315	79	 3.5059	 1.0273	   1.5005	        1.5011	          0.0006	   1.5933	6.489e-04	   0.026	   230.755
 316	79	 3.5055	 1.0289	   1.5005	        1.5011	          0.0006	   1.6885	1.100e-03	   0.024	   231.354
 317	80	 3.5052	 1.0294	   1.5005	        1.5011	          0.0006	   1.6384	1.292e-03	   0.028	   231.936
 318	80	 3.5055	 1.0299	   1.5005	        1.5011	          0.0006	   1.6474	1.509e-03	   0.026	   232.516
 319	80	 3.5048	 1.0284	   1.5005	        1.5011	          0.0006	   1.5215	9.378e-04	   0.026	   233.123
 320	80	 3.5046	 1.0285	   1.5005	        1.5011	          0.0006	   1.6128	9.661e-04	   0.027	   233.736
 321	81	 3.5045	 1.0285	   1.5005	        1.5011	          0.0006	   1.6132	9.691e-04	   0.027	   234.346
 322	81	 3.5045	 1.0279	   1.5005	        1.5011	          0.0006	   1.5784	7.632e-04	   0.026	   234.941
 323	81	 3.5042	 1.0281	   1.5005	        1.5011	          0.0006	   1.6209	8.221e-04	   0.020	   235.510
 324	81	 3.5042	 1.0281	   1.5005	        1.5011	          0.0006	   1.6176	8.444e-04	   0.029	   236.073
 325	82	 3.5035	 1.0269	   1.5005	        1.5011	          0.0006	   1.5395	6.041e-04	   0.034	   236.683
 326	82	 3.5035	 1.0282	   1.5005	        1.5011	          0.0006	   1.6833	8.614e-04	   0.030	   237.320
 327	82	 3.5037	 1.0287	   1.5005	        1.5011	          0.0006	   1.6417	1.046e-03	   0.031	   237.951
 328	82	 3.5034	 1.0287	   1.5005	        1.5011	          0.0006	   1.6049	1.036e-03	   0.026	   238.566
 329	83	 3.5033	 1.0279	   1.5005	        1.5011	          0.0006	   1.5637	7.582e-04	   0.024	   239.156
 330	83	 3.5041	 1.0273	   1.5005	        1.5011	          0.0006	   1.5927	6.453e-04	   0.022	   239.731
 331	83	 3.5033	 1.0276	   1.5005	        1.5011	          0.0006	   1.6182	6.900e-04	   0.031	   240.332
 332	83	 3.5033	 1.0277	   1.5005	        1.5011	          0.0006	   1.6202	7.284e-04	   0.030	   240.941
 333	84	 3.5030	 1.0276	   1.5005	        1.5011	          0.0006	   1.5983	6.933e-04	   0.026	   241.524
 334	84	 3.5024	 1.0277	   1.5005	        1.5011	          0.0006	   1.6191	7.219e-04	   0.023	   242.095
 335	84	 3.5024	 1.0280	   1.5005	        1.5011	          0.0006	   1.6227	8.028e-04	   0.025	   242.670
 336	84	 3.5021	 1.0277	   1.5005	        1.5011	          0.0006	   1.5929	7.251e-04	   0.027	   243.248
 337	85	 3.5027	 1.0272	   1.5005	        1.5011	          0.0006	   1.5863	6.222e-04	   0.023	   243.815
 338	85	 3.5024	 1.0272	   1.5005	        1.5011	          0.0006	   1.6029	6.237e-04	   0.027	   244.380
 339	85	 3.5022	 1.0288	   1.5005	        1.5011	          0.0006	   1.7074	1.089e-03	   0.031	   245.006
 340	85	 3.5014	 1.0278	   1.5005	        1.5011	          0.0006	   1.5512	7.546e-04	   0.030	   245.620
 341	86	 3.5010	 1.0292	   1.5005	        1.5011	          0.0006	   1.6875	1.246e-03	   0.025	   246.202
 342	86	 3.5008	 1.0286	   1.5005	        1.5011	          0.0006	   1.5689	1.009e-03	   0.022	   246.775
 343	86	 3.5009	 1.0277	   1.5005	        1.5011	          0.0006	   1.5697	7.251e-04	   0.025	   247.353
 344	86	 3.5007	 1.0278	   1.5005	        1.5011	          0.0006	   1.6149	7.453e-04	   0.024	   247.947
 345	87	 3.5010	 1.0274	   1.5005	        1.5011	          0.0006	   1.5957	6.608e-04	   0.029	   248.533
 346	87	 3.5009	 1.0269	   1.5005	        1.5011	          0.0006	   1.5762	6.023e-04	   0.025	   249.124
 347	87	 3.5005	 1.0282	   1.5005	        1.5011	          0.0006	   1.6781	8.480e-04	   0.030	   249.692
 348	87	 3.5001	 1.0279	   1.5005	        1.5011	          0.0006	   1.5981	7.710e-04	   0.029	   250.255
 349	88	 3.4999	 1.0273	   1.5005	        1.5011	          0.0006	   1.5691	6.343e-04	   0.027	   250.825
 350	88	 3.4993	 1.0282	   1.5005	        1.5011	          0.0006	   1.6626	8.449e-04	   0.027	   251.407
 351	88	 3.4995	 1.0270	   1.5005	        1.5011	          0.0006	   1.5513	6.022e-04	   0.022	   251.975
 352	88	 3.4992	 1.0276	   1.5005	        1.5011	          0.0006	   1.6366	6.991e-04	   0.025	   252.537
 353	89	 3.4991	 1.0274	   1.5005	        1.5011	          0.0006	   1.5973	6.467e-04	   0.026	   253.128
 354	89	 3.4998	 1.0269	   1.5005	        1.5011	          0.0006	   1.5879	5.994e-04	   0.031	   253.736
 355	89	 3.4991	 1.0265	   1.5005	        1.5011	          0.0006	   1.5881	6.136e-04	   0.030	   254.329
 356	89	 3.4989	 1.0278	   1.5005	        1.5011	          0.0006	   1.6802	7.494e-04	   0.025	   254.903
 357	90	 3.4986	 1.0282	   1.5005	        1.5011	          0.0006	   1.6372	8.547e-04	   0.023	   255.480
 358	90	 3.4980	 1.0289	   1.5005	        1.5011	          0.0006	   1.6380	1.094e-03	   0.022	   256.053
 359	90	 3.4980	 1.0288	   1.5005	        1.5011	          0.0006	   1.6065	1.075e-03	   0.030	   256.659
 360	90	 3.4977	 1.0284	   1.5005	        1.5011	          0.0006	   1.5858	9.281e-04	   0.028	   257.262
 361	91	 3.4973	 1.0287	   1.5005	        1.5011	          0.0006	   1.6277	1.048e-03	   0.028	   257.831
 362	91	 3.4973	 1.0278	   1.5005	        1.5011	          0.0006	   1.5544	7.329e-04	   0.026	   258.399
 363	91	 3.4968	 1.0294	   1.5005	        1.5011	          0.0006	   1.7011	1.300e-03	   0.028	   258.965
 364	91	 3.4968	 1.0289	   1.5005	        1.5011	          0.0006	   1.5819	1.097e-03	   0.025	   259.538
 365	92	 3.4965	 1.0290	   1.5005	        1.5011	          0.0006	   1.6225	1.133e-03	   0.019	   260.109
 366	92	 3.4963	 1.0289	   1.5005	        1.5011	          0.0006	   1.6059	1.127e-03	   0.025	   260.675
 367	92	 3.4961	 1.0294	   1.5005	        1.5011	          0.0006	   1.6329	1.315e-03	   0.030	   261.292
 368	92	 3.4958	 1.0291	   1.5005	        1.5011	          0.0006	   1.5913	1.197e-03	   0.031	   261.913
 369	93	 3.4957	 1.0294	   1.5005	        1.5011	          0.0006	   1.6332	1.297e-03	   0.024	   262.506
 370	93	 3.4953	 1.0289	   1.5005	        1.5011	          0.0006	   1.5765	1.091e-03	   0.031	   263.079
 371	93	 3.4949	 1.0293	   1.5005	        1.5011	          0.0006	   1.6335	1.272e-03	   0.030	   263.649
 372	93	 3.4949	 1.0290	   1.5005	        1.5011	          0.0006	   1.5903	1.156e-03	   0.025	   264.235
 373	94	 3.4950	 1.0281	   1.5005	        1.5011	          0.0006	   1.5583	8.317e-04	   0.025	   264.824
 374	94	 3.4944	 1.0279	   1.5005	        1.5011	          0.0006	   1.5916	7.593e-04	   0.027	   265.421
 375	94	 3.4945	 1.0276	   1.5005	        1.5011	          0.0006	   1.5919	6.861e-04	   0.026	   265.988
 376	94	 3.4938	 1.0291	   1.5005	        1.5011	          0.0006	   1.6954	1.167e-03	   0.024	   266.557
 377	95	 3.4932	 1.0288	   1.5005	        1.5011	          0.0006	   1.5830	1.051e-03	   0.029	   267.131
 378	95	 3.4932	 1.0289	   1.5005	        1.5011	          0.0006	   1.6194	1.096e-03	   0.027	   267.702
 379	95	 3.4934	 1.0291	   1.5005	        1.5011	          0.0006	   1.6372	1.190e-03	   0.023	   268.266
 380	95	 3.4932	 1.0295	   1.5005	        1.5011	          0.0006	   1.6301	1.353e-03	   0.026	   268.872
 381	96	 3.4935	 1.0295	   1.5005	        1.5011	          0.0006	   1.6083	1.338e-03	   0.028	   269.493
 382	96	 3.4930	 1.0294	   1.5005	        1.5011	          0.0006	   1.6003	1.304e-03	   0.033	   270.140
 383	96	 3.4927	 1.0292	   1.5005	        1.5011	          0.0006	   1.5950	1.208e-03	   0.029	   270.735
 384	96	 3.4925	 1.0297	   1.5005	        1.5011	          0.0006	   1.6527	1.441e-03	   0.027	   271.314
 385	97	 3.4921	 1.0291	   1.5005	        1.5011	          0.0006	   1.5659	1.173e-03	   0.025	   271.888
 386	97	 3.4919	 1.0283	   1.5005	        1.5011	          0.0006	   1.5547	8.990e-04	   0.024	   272.485
 387	97	 3.4914	 1.0291	   1.5005	        1.5011	          0.0006	   1.6615	1.187e-03	   0.026	   273.091
 388	97	 3.4915	 1.0299	   1.5005	        1.5011	          0.0006	   1.6600	1.488e-03	   0.023	   273.692
 389	98	 3.4915	 1.0300	   1.5005	        1.5011	          0.0006	   1.6202	1.549e-03	   0.026	   274.263
 390	98	 3.4911	 1.0296	   1.5005	        1.5011	          0.0006	   1.5758	1.395e-03	   0.025	   274.831
 391	98	 3.4909	 1.0289	   1.5005	        1.5011	          0.0006	   1.5675	1.110e-03	   0.027	   275.403
 392	98	 3.4909	 1.0294	   1.5005	        1.5011	          0.0006	   1.6462	1.312e-03	   0.023	   275.979
 393	99	 3.4906	 1.0294	   1.5005	        1.5011	          0.0006	   1.6033	1.308e-03	   0.025	   276.547
 394	99	 3.4904	 1.0295	   1.5005	        1.5011	          0.0006	   1.6127	1.362e-03	   0.029	   277.105
 395	99	 3.4904	 1.0301	   1.5005	        1.5011	          0.0006	   1.6557	1.575e-03	   0.032	   277.712
 396	99	 3.4903	 1.0299	   1.5005	        1.5011	          0.0006	   1.6045	1.518e-03	   0.031	   278.337
 397	100	 3.4903	 1.0301	   1.5005	        1.5011	          0.0006	   1.6223	1.606e-03	   0.026	   278.940
 398	100	 3.4899	 1.0304	   1.5005	        1.5011	          0.0006	   1.6273	1.723e-03	   0.025	   279.509
 399	100	 3.4896	 1.0305	   1.5005	        1.5011	          0.0006	   1.6189	1.766e-03	   0.020	   280.084
 400	100	 3.4893	 1.0304	   1.5005	        1.5011	          0.0006	   1.6018	1.709e-03	   0.027	   280.672
 401	101	 3.4891	 1.0302	   1.5005	        1.5011	          0.0006	   1.6014	1.650e-03	   0.028	   281.255
 402	101	 3.4891	 1.0306	   1.5005	        1.5011	          0.0006	   1.6383	1.821e-03	   0.026	   281.846
 403	101	 3.4886	 1.0302	   1.5005	        1.5011	          0.0006	   1.5664	1.618e-03	   0.024	   282.416
 404	101	 3.4887	 1.0304	   1.5005	        1.5011	          0.0006	   1.6317	1.707e-03	   0.025	   282.990
 405	102	 3.4887	 1.0305	   1.5005	        1.5011	          0.0006	   1.6257	1.761e-03	   0.027	   283.562
 406	102	 3.4885	 1.0301	   1.5005	        1.5011	          0.0006	   1.5747	1.572e-03	   0.026	   284.138
 407	102	 3.4883	 1.0300	   1.5005	        1.5011	          0.0006	   1.6013	1.548e-03	   0.023	   284.707
 408	102	 3.4878	 1.0306	   1.5005	        1.5011	          0.0006	   1.6502	1.804e-03	   0.026	   285.269
 409	103	 3.4876	 1.0312	   1.5005	        1.5011	          0.0006	   1.6543	2.054e-03	   0.031	   285.856
 410	103	 3.4870	 1.0316	   1.5005	        1.5011	          0.0006	   1.6407	2.244e-03	   0.028	   286.488
 411	103	 3.4869	 1.0314	   1.5005	        1.5011	          0.0006	   1.5965	2.149e-03	   0.023	   287.068
 412	103	 3.4870	 1.0309	   1.5005	        1.5011	          0.0006	   1.5684	1.921e-03	   0.025	   287.641
 413	104	 3.4871	 1.0316	   1.5005	        1.5011	          0.0006	   1.6666	2.211e-03	   0.025	   288.217
 414	104	 3.4874	 1.0307	   1.5005	        1.5011	          0.0006	   1.5544	1.828e-03	   0.023	   288.818
 415	104	 3.4868	 1.0306	   1.5005	        1.5011	          0.0006	   1.6009	1.816e-03	   0.025	   289.410
 416	104	 3.4864	 1.0306	   1.5005	        1.5011	          0.0006	   1.6019	1.808e-03	   0.030	   289.993
 417	105	 3.4862	 1.0305	   1.5005	        1.5011	          0.0006	   1.6052	1.743e-03	   0.029	   290.556
 418	105	 3.4860	 1.0301	   1.5005	        1.5011	          0.0006	   1.5794	1.608e-03	   0.027	   291.125
 419	105	 3.4857	 1.0298	   1.5005	        1.5011	          0.0006	   1.5877	1.479e-03	   0.028	   291.701
 420	105	 3.4856	 1.0310	   1.5005	        1.5011	          0.0006	   1.6966	1.991e-03	   0.025	   292.276
 421	106	 3.4856	 1.0310	   1.5005	        1.5011	          0.0006	   1.6061	1.950e-03	   0.021	   292.843
 422	106	 3.4854	 1.0312	   1.5005	        1.5011	          0.0006	   1.6210	2.047e-03	   0.024	   293.406
 423	106	 3.4855	 1.0306	   1.5005	        1.5011	          0.0006	   1.5692	1.780e-03	   0.032	   294.010
 424	106	 3.4851	 1.0309	   1.5005	        1.5011	          0.0006	   1.6400	1.940e-03	   0.033	   294.631
 425	107	 3.4850	 1.0318	   1.5005	        1.5011	          0.0006	   1.6695	2.294e-03	   0.027	   295.273
 426	107	 3.4846	 1.0305	   1.5005	        1.5011	          0.0006	   1.5142	1.742e-03	   0.025	   295.886
 427	107	 3.4841	 1.0309	   1.5005	        1.5011	          0.0006	   1.6412	1.924e-03	   0.025	   296.508
 428	107	 3.4845	 1.0316	   1.5005	        1.5011	          0.0006	   1.6708	2.220e-03	   0.027	   297.112
 429	108	 3.4845	 1.0309	   1.5005	        1.5011	          0.0006	   1.5567	1.911e-03	   0.029	   297.721
 430	108	 3.4837	 1.0309	   1.5005	        1.5011	          0.0006	   1.5976	1.937e-03	   0.029	   298.323
 431	108	 3.4838	 1.0316	   1.5005	        1.5011	          0.0006	   1.6712	2.246e-03	   0.027	   298.888
 432	108	 3.4835	 1.0318	   1.5005	        1.5011	          0.0006	   1.6222	2.301e-03	   0.030	   299.458
 433	109	 3.4832	 1.0308	   1.5005	        1.5011	          0.0006	   1.5408	1.898e-03	   0.027	   300.066
 434	109	 3.4828	 1.0307	   1.5005	        1.5011	          0.0006	   1.6085	1.860e-03	   0.024	   300.678
 435	109	 3.4830	 1.0311	   1.5005	        1.5011	          0.0006	   1.6337	2.000e-03	   0.023	   301.272
 436	109	 3.4831	 1.0312	   1.5005	        1.5011	          0.0006	   1.6240	2.056e-03	   0.028	   301.863
 437	110	 3.4833	 1.0320	   1.5005	        1.5011	          0.0006	   1.6775	2.417e-03	   0.028	   302.475
 438	110	 3.4828	 1.0318	   1.5005	        1.5011	          0.0006	   1.5854	2.321e-03	   0.028	   303.090
 439	110	 3.4825	 1.0319	   1.5005	        1.5011	          0.0006	   1.6226	2.374e-03	   0.029	   303.673
 440	110	 3.4824	 1.0313	   1.5005	        1.5011	          0.0006	   1.5704	2.117e-03	   0.031	   304.248
 441	111	 3.4829	 1.0306	   1.5005	        1.5011	          0.0006	   1.5586	1.797e-03	   0.027	   304.857
 442	111	 3.4826	 1.0299	   1.5005	        1.5011	          0.0006	   1.5576	1.503e-03	   0.026	   305.452
 443	111	 3.4822	 1.0302	   1.5005	        1.5011	          0.0006	   1.6351	1.637e-03	   0.028	   306.038
 444	111	 3.4821	 1.0311	   1.5005	        1.5011	          0.0006	   1.6782	2.006e-03	   0.026	   306.626
 445	112	 3.4822	 1.0315	   1.5005	        1.5011	          0.0006	   1.6491	2.180e-03	   0.024	   307.193
 446	112	 3.4818	 1.0309	   1.5005	        1.5011	          0.0006	   1.5593	1.916e-03	   0.029	   307.766
 447	112	 3.4815	 1.0314	   1.5005	        1.5011	          0.0006	   1.6451	2.156e-03	   0.028	   308.332
 448	112	 3.4812	 1.0315	   1.5005	        1.5011	          0.0006	   1.6152	2.171e-03	   0.024	   308.902
 449	113	 3.4813	 1.0317	   1.5005	        1.5011	          0.0006	   1.6293	2.278e-03	   0.019	   309.471
 450	113	 3.4815	 1.0323	   1.5005	        1.5011	          0.0006	   1.6693	2.552e-03	   0.026	   310.039
 451	113	 3.4809	 1.0317	   1.5005	        1.5011	          0.0006	   1.5561	2.290e-03	   0.031	   310.632
 452	113	 3.4808	 1.0315	   1.5005	        1.5011	          0.0006	   1.5976	2.196e-03	   0.030	   311.258
 453	114	 3.4810	 1.0309	   1.5005	        1.5011	          0.0006	   1.5528	1.912e-03	   0.029	   311.869
 454	114	 3.4809	 1.0309	   1.5005	        1.5011	          0.0006	   1.6091	1.910e-03	   0.026	   312.441
 455	114	 3.4806	 1.0311	   1.5005	        1.5011	          0.0006	   1.6366	2.030e-03	   0.027	   313.013
 456	114	 3.4802	 1.0313	   1.5005	        1.5011	          0.0006	   1.6263	2.116e-03	   0.021	   313.577
 457	115	 3.4797	 1.0300	   1.5005	        1.5011	          0.0006	   1.5039	1.556e-03	   0.025	   314.176
 458	115	 3.4798	 1.0309	   1.5005	        1.5011	          0.0006	   1.6848	1.915e-03	   0.027	   314.784
 459	115	 3.4793	 1.0311	   1.5005	        1.5011	          0.0006	   1.6183	1.994e-03	   0.026	   315.352
 460	115	 3.4795	 1.0309	   1.5005	        1.5011	          0.0006	   1.6016	1.924e-03	   0.027	   315.922
 461	116	 3.4793	 1.0306	   1.5005	        1.5011	          0.0006	   1.5857	1.796e-03	   0.023	   316.493
 462	116	 3.4792	 1.0309	   1.5005	        1.5011	          0.0006	   1.6411	1.941e-03	   0.028	   317.069
 463	116	 3.4787	 1.0309	   1.5005	        1.5011	          0.0006	   1.6003	1.931e-03	   0.025	   317.631
 464	116	 3.4787	 1.0311	   1.5005	        1.5011	          0.0006	   1.6341	2.029e-03	   0.027	   318.179
 465	117	 3.4789	 1.0316	   1.5005	        1.5011	          0.0006	   1.6393	2.207e-03	   0.023	   318.743
 466	117	 3.4784	 1.0312	   1.5005	        1.5011	          0.0006	   1.5845	2.056e-03	   0.028	   319.228
 467	117	 3.4783	 1.0307	   1.5005	        1.5011	          0.0006	   1.5733	1.824e-03	   0.024	   319.715
 468	117	 3.4783	 1.0311	   1.5005	        1.5011	          0.0006	   1.6533	2.030e-03	   0.025	   320.166
 469	118	 3.4780	 1.0313	   1.5005	        1.5011	          0.0006	   1.6151	2.096e-03	   0.024	   320.648
 470	118	 3.4783	 1.0314	   1.5005	        1.5011	          0.0006	   1.6231	2.128e-03	   0.021	   321.090
 471	118	 3.4784	 1.0321	   1.5005	        1.5011	          0.0006	   1.6795	2.446e-03	   0.026	   321.542
 472	118	 3.4779	 1.0306	   1.5005	        1.5011	          0.0006	   1.4836	1.814e-03	   0.024	   322.005
 473	119	 3.4775	 1.0300	   1.5005	        1.5011	          0.0006	   1.5509	1.544e-03	   0.023	   322.447
 474	119	 3.4777	 1.0297	   1.5005	        1.5011	          0.0006	   1.5986	1.434e-03	   0.024	   322.892
 475	119	 3.4779	 1.0304	   1.5005	        1.5011	          0.0006	   1.6678	1.696e-03	   0.023	   323.334
 476	119	 3.4774	 1.0302	   1.5005	        1.5011	          0.0006	   1.5911	1.632e-03	   0.024	   323.786
 477	120	 3.4771	 1.0300	   1.5005	        1.5011	          0.0006	   1.5770	1.527e-03	   0.021	   324.228
 478	120	 3.4771	 1.0298	   1.5005	        1.5011	          0.0006	   1.6034	1.451e-03	   0.024	   324.665
 479	120	 3.4771	 1.0296	   1.5005	        1.5011	          0.0006	   1.5956	1.376e-03	   0.024	   325.120
 480	120	 3.4765	 1.0303	   1.5005	        1.5011	          0.0006	   1.6649	1.679e-03	   0.026	   325.620
 481	121	 3.4769	 1.0300	   1.5005	        1.5011	          0.0006	   1.5886	1.549e-03	   0.028	   326.113
 482	121	 3.4764	 1.0301	   1.5005	        1.5011	          0.0006	   1.6086	1.575e-03	   0.023	   326.559
 483	121	 3.4763	 1.0307	   1.5005	        1.5011	          0.0006	   1.6623	1.824e-03	   0.024	   327.011
 484	121	 3.4759	 1.0303	   1.5005	        1.5011	          0.0006	   1.5825	1.680e-03	   0.021	   327.453
 485	122	 3.4761	 1.0302	   1.5005	        1.5011	          0.0006	   1.6016	1.609e-03	   0.026	   327.920
 486	122	 3.4760	 1.0308	   1.5005	        1.5011	          0.0006	   1.6594	1.872e-03	   0.026	   328.399
 487	122	 3.4759	 1.0310	   1.5005	        1.5011	          0.0006	   1.6286	1.962e-03	   0.025	   328.871
 488	122	 3.4756	 1.0306	   1.5005	        1.5011	          0.0006	   1.5749	1.782e-03	   0.026	   329.356
 489	123	 3.4752	 1.0294	   1.5005	        1.5011	          0.0006	   1.5080	1.302e-03	   0.023	   329.800
 490	123	 3.4751	 1.0295	   1.5005	        1.5011	          0.0006	   1.6129	1.319e-03	   0.026	   330.257
 491	123	 3.4750	 1.0299	   1.5005	        1.5011	          0.0006	   1.6490	1.509e-03	   0.023	   330.736
 492	123	 3.4749	 1.0304	   1.5005	        1.5011	          0.0006	   1.6558	1.713e-03	   0.026	   331.194
 493	124	 3.4748	 1.0307	   1.5005	        1.5011	          0.0006	   1.6302	1.818e-03	   0.024	   331.656
 494	124	 3.4748	 1.0308	   1.5005	        1.5011	          0.0006	   1.6211	1.865e-03	   0.027	   332.109
 495	124	 3.4746	 1.0304	   1.5005	        1.5011	          0.0006	   1.5759	1.713e-03	   0.026	   332.613
 496	124	 3.4746	 1.0305	   1.5005	        1.5011	          0.0006	   1.6224	1.732e-03	   0.025	   333.085
 497	125	 3.4744	 1.0305	   1.5005	        1.5011	          0.0006	   1.6158	1.763e-03	   0.024	   333.553
 498	125	 3.4744	 1.0306	   1.5005	        1.5011	          0.0006	   1.6158	1.775e-03	   0.021	   333.996
 499	125	 3.4741	 1.0303	   1.5005	        1.5011	          0.0006	   1.5903	1.682e-03	   0.026	   334.439
 500	125	 3.4742	 1.0305	   1.5005	        1.5011	          0.0006	   1.6283	1.743e-03	   0.024	   334.910
 501	126	 3.4741	 1.0306	   1.5005	        1.5011	          0.0006	   1.6148	1.774e-03	   0.023	   335.352
 502	126	 3.4742	 1.0306	   1.5005	        1.5011	          0.0006	   1.6205	1.777e-03	   0.024	   335.797
 503	126	 3.4739	 1.0308	   1.5005	        1.5011	          0.0006	   1.6244	1.890e-03	   0.023	   336.240
 504	126	 3.4737	 1.0306	   1.5005	        1.5011	          0.0006	   1.5887	1.789e-03	   0.024	   336.691
 505	127	 3.4732	 1.0303	   1.5005	        1.5011	          0.0006	   1.5657	1.647e-03	   0.021	   337.133
 506	127	 3.4732	 1.0303	   1.5005	        1.5011	          0.0006	   1.6183	1.655e-03	   0.024	   337.570
 507	127	 3.4733	 1.0302	   1.5005	        1.5011	          0.0006	   1.6162	1.643e-03	   0.024	   338.025
 508	127	 3.4731	 1.0306	   1.5005	        1.5011	          0.0006	   1.6350	1.774e-03	   0.027	   338.518
 509	128	 3.4731	 1.0306	   1.5005	        1.5011	          0.0006	   1.6213	1.793e-03	   0.027	   339.005
 510	128	 3.4729	 1.0309	   1.5005	        1.5011	          0.0006	   1.6402	1.940e-03	   0.023	   339.464
 511	128	 3.4726	 1.0301	   1.5005	        1.5011	          0.0006	   1.5310	1.571e-03	   0.024	   339.916
 512	128	 3.4724	 1.0304	   1.5005	        1.5011	          0.0006	   1.6304	1.693e-03	   0.021	   340.358
 513	129	 3.4724	 1.0301	   1.5005	        1.5011	          0.0006	   1.5897	1.565e-03	   0.026	   340.820
 514	129	 3.4725	 1.0297	   1.5005	        1.5011	          0.0006	   1.5836	1.425e-03	   0.025	   341.295
 515	129	 3.4725	 1.0300	   1.5005	        1.5011	          0.0006	   1.6444	1.547e-03	   0.023	   341.747
 516	129	 3.4719	 1.0299	   1.5005	        1.5011	          0.0006	   1.5877	1.517e-03	   0.024	   342.192
 517	130	 3.4716	 1.0302	   1.5005	        1.5011	          0.0006	   1.6283	1.625e-03	   0.023	   342.635
 518	130	 3.4715	 1.0297	   1.5005	        1.5011	          0.0006	   1.5686	1.408e-03	   0.026	   343.094
 519	130	 3.4714	 1.0296	   1.5005	        1.5011	          0.0006	   1.6024	1.391e-03	   0.021	   343.567
 520	130	 3.4716	 1.0300	   1.5005	        1.5011	          0.0006	   1.6497	1.546e-03	   0.024	   344.004
 521	131	 3.4716	 1.0300	   1.5005	        1.5011	          0.0006	   1.6139	1.548e-03	   0.024	   344.459
 522	131	 3.4709	 1.0299	   1.5005	        1.5011	          0.0006	   1.5899	1.493e-03	   0.023	   344.901
 523	131	 3.4711	 1.0300	   1.5005	        1.5011	          0.0006	   1.6214	1.529e-03	   0.026	   345.415
 524	131	 3.4711	 1.0304	   1.5005	        1.5011	          0.0006	   1.6443	1.704e-03	   0.023	   345.871
 525	132	 3.4704	 1.0304	   1.5005	        1.5011	          0.0006	   1.5997	1.719e-03	   0.024	   346.323
 526	132	 3.4703	 1.0302	   1.5005	        1.5011	          0.0006	   1.5855	1.613e-03	   0.021	   346.765
 527	132	 3.4702	 1.0297	   1.5005	        1.5011	          0.0006	   1.5713	1.415e-03	   0.024	   347.202
 528	132	 3.4705	 1.0302	   1.5005	        1.5011	          0.0006	   1.6648	1.631e-03	   0.024	   347.680
 529	133	 3.4703	 1.0305	   1.5005	        1.5011	          0.0006	   1.6294	1.730e-03	   0.023	   348.122
 530	133	 3.4696	 1.0305	   1.5005	        1.5011	          0.0006	   1.5993	1.729e-03	   0.024	   348.567
 531	133	 3.4696	 1.0304	   1.5005	        1.5011	          0.0006	   1.6119	1.727e-03	   0.023	   349.009
 532	133	 3.4696	 1.0307	   1.5005	        1.5011	          0.0006	   1.6391	1.832e-03	   0.026	   349.495
 533	134	 3.4696	 1.0305	   1.5005	        1.5011	          0.0006	   1.5974	1.768e-03	   0.023	   349.979
 534	134	 3.4695	 1.0306	   1.5005	        1.5011	          0.0006	   1.6108	1.801e-03	   0.026	   350.457
 535	134	 3.4691	 1.0307	   1.5005	        1.5011	          0.0006	   1.6163	1.846e-03	   0.024	   350.930
 536	134	 3.4693	 1.0305	   1.5005	        1.5011	          0.0006	   1.6015	1.750e-03	   0.026	   351.413
 537	135	 3.4688	 1.0308	   1.5005	        1.5011	          0.0006	   1.6329	1.885e-03	   0.026	   351.900
 538	135	 3.4689	 1.0303	   1.5005	        1.5011	          0.0006	   1.5649	1.655e-03	   0.023	   352.370
 539	135	 3.4688	 1.0307	   1.5005	        1.5011	          0.0006	   1.6523	1.829e-03	   0.024	   352.821
 540	135	 3.4686	 1.0308	   1.5005	        1.5011	          0.0006	   1.6180	1.892e-03	   0.023	   353.293
 541	136	 3.4686	 1.0309	   1.5005	        1.5011	          0.0006	   1.6139	1.925e-03	   0.028	   353.788
 542	136	 3.4679	 1.0303	   1.5005	        1.5011	          0.0006	   1.5427	1.652e-03	   0.024	   354.283
 543	136	 3.4678	 1.0305	   1.5005	        1.5011	          0.0006	   1.6238	1.732e-03	   0.023	   354.755
 544	136	 3.4680	 1.0306	   1.5005	        1.5011	          0.0006	   1.6418	1.799e-03	   0.024	   355.200
 545	137	 3.4680	 1.0312	   1.5005	        1.5011	          0.0006	   1.6701	2.053e-03	   0.025	   355.669
 546	137	 3.4680	 1.0318	   1.5005	        1.5011	          0.0006	   1.6737	2.322e-03	   0.024	   356.149
 547	137	 3.4680	 1.0313	   1.5005	        1.5011	          0.0006	   1.5591	2.095e-03	   0.021	   356.607
 548	137	 3.4677	 1.0310	   1.5005	        1.5011	          0.0006	   1.5714	1.945e-03	   0.024	   357.044
 549	138	 3.4676	 1.0307	   1.5005	        1.5011	          0.0006	   1.5827	1.842e-03	   0.024	   357.498
 550	138	 3.4671	 1.0309	   1.5005	        1.5011	          0.0006	   1.6227	1.930e-03	   0.025	   357.978
 551	138	 3.4671	 1.0306	   1.5005	        1.5011	          0.0006	   1.5830	1.809e-03	   0.024	   358.487
 552	138	 3.4671	 1.0308	   1.5005	        1.5011	          0.0006	   1.6342	1.883e-03	   0.023	   358.944
 553	139	 3.4671	 1.0313	   1.5005	        1.5011	          0.0006	   1.6613	2.096e-03	   0.024	   359.395
 554	139	 3.4670	 1.0314	   1.5005	        1.5011	          0.0006	   1.6233	2.142e-03	   0.021	   359.838
 555	139	 3.4669	 1.0312	   1.5005	        1.5011	          0.0006	   1.5968	2.062e-03	   0.024	   360.275
 556	139	 3.4666	 1.0308	   1.5005	        1.5011	          0.0006	   1.5633	1.873e-03	   0.024	   360.752
 557	140	 3.4662	 1.0308	   1.5005	        1.5011	          0.0006	   1.6028	1.884e-03	   0.023	   361.195
 558	140	 3.4662	 1.0310	   1.5005	        1.5011	          0.0006	   1.6318	1.977e-03	   0.024	   361.639
 559	140	 3.4660	 1.0315	   1.5005	        1.5011	          0.0006	   1.6628	2.162e-03	   0.023	   362.082
 560	140	 3.4660	 1.0310	   1.5005	        1.5011	          0.0006	   1.5614	1.958e-03	   0.024	   362.534
 561	141	 3.4655	 1.0321	   1.5005	        1.5011	          0.0006	   1.7151	2.433e-03	   0.021	   362.976
 562	141	 3.4660	 1.0318	   1.5005	        1.5011	          0.0006	   1.5936	2.290e-03	   0.024	   363.413
 563	141	 3.4658	 1.0314	   1.5005	        1.5011	          0.0006	   1.5708	2.125e-03	   0.024	   363.868
 564	141	 3.4655	 1.0311	   1.5005	        1.5011	          0.0006	   1.5721	1.994e-03	   0.027	   364.343
 565	142	 3.4656	 1.0310	   1.5005	        1.5011	          0.0006	   1.6066	1.942e-03	   0.024	   364.835
 566	142	 3.4652	 1.0311	   1.5005	        1.5011	          0.0006	   1.6204	1.998e-03	   0.023	   365.307
 567	142	 3.4650	 1.0310	   1.5005	        1.5011	          0.0006	   1.5988	1.973e-03	   0.024	   365.759
 568	142	 3.4650	 1.0309	   1.5005	        1.5011	          0.0006	   1.6056	1.934e-03	   0.021	   366.201
 569	143	 3.4647	 1.0309	   1.5005	        1.5011	          0.0006	   1.6072	1.938e-03	   0.026	   366.652
 570	143	 3.4646	 1.0311	   1.5005	        1.5011	          0.0006	   1.6235	1.986e-03	   0.025	   367.133
 571	143	 3.4650	 1.0311	   1.5005	        1.5011	          0.0006	   1.6283	2.012e-03	   0.023	   367.590
 572	143	 3.4648	 1.0309	   1.5005	        1.5011	          0.0006	   1.5829	1.907e-03	   0.024	   368.035
 573	144	 3.4646	 1.0309	   1.5005	        1.5011	          0.0006	   1.6144	1.911e-03	   0.040	   368.494
 574	144	 3.4642	 1.0308	   1.5005	        1.5011	          0.0006	   1.6003	1.895e-03	   0.018	   368.912
 575	144	 3.4644	 1.0309	   1.5005	        1.5011	          0.0006	   1.6250	1.915e-03	   0.019	   369.316
 576	144	 3.4642	 1.0309	   1.5005	        1.5011	          0.0006	   1.6022	1.913e-03	   0.020	   369.696
 577	145	 3.4643	 1.0312	   1.5005	        1.5011	          0.0006	   1.6490	2.067e-03	   0.022	   370.087
 578	145	 3.4641	 1.0315	   1.5005	        1.5011	          0.0006	   1.6327	2.159e-03	   0.021	   370.504
 579	145	 3.4638	 1.0311	   1.5005	        1.5011	          0.0006	   1.5676	2.005e-03	   0.024	   370.934
 580	145	 3.4635	 1.0310	   1.5005	        1.5011	          0.0006	   1.6028	1.971e-03	   0.022	   371.317
 581	146	 3.4631	 1.0303	   1.5005	        1.5011	          0.0006	   1.5339	1.671e-03	   0.021	   371.704
 582	146	 3.4630	 1.0304	   1.5005	        1.5011	          0.0006	   1.6105	1.686e-03	   0.019	   372.087
 583	146	 3.4630	 1.0313	   1.5005	        1.5011	          0.0006	   1.7030	2.101e-03	   0.020	   372.467
 584	146	 3.4630	 1.0314	   1.5005	        1.5011	          0.0006	   1.6306	2.114e-03	   0.024	   372.880
 585	147	 3.4631	 1.0314	   1.5005	        1.5011	          0.0006	   1.6027	2.135e-03	   0.020	   373.260
 586	147	 3.4629	 1.0317	   1.5005	        1.5011	          0.0006	   1.6404	2.249e-03	   0.022	   373.647
 587	147	 3.4626	 1.0315	   1.5005	        1.5011	          0.0006	   1.5903	2.155e-03	   0.022	   374.027
 588	147	 3.4626	 1.0312	   1.5005	        1.5011	          0.0006	   1.5845	2.028e-03	   0.021	   374.415
 589	148	 3.4623	 1.0309	   1.5005	        1.5011	          0.0006	   1.5848	1.925e-03	   0.019	   374.798
 590	148	 3.4624	 1.0306	   1.5005	        1.5011	          0.0006	   1.5856	1.809e-03	   0.020	   375.178
 591	148	 3.4623	 1.0307	   1.5005	        1.5011	          0.0006	   1.6166	1.830e-03	   0.022	   375.569
 592	148	 3.4624	 1.0312	   1.5005	        1.5011	          0.0006	   1.6607	2.028e-03	   0.022	   375.970
 593	149	 3.4623	 1.0313	   1.5005	        1.5011	          0.0006	   1.6266	2.088e-03	   0.024	   376.411
 594	149	 3.4626	 1.0312	   1.5005	        1.5011	          0.0006	   1.6160	2.065e-03	   0.024	   376.841
 595	149	 3.4624	 1.0315	   1.5005	        1.5011	          0.0006	   1.6406	2.193e-03	   0.024	   377.270
 596	149	 3.4621	 1.0311	   1.5005	        1.5011	          0.0006	   1.5588	2.018e-03	   0.019	   377.665
 597	150	 3.4618	 1.0318	   1.5005	        1.5011	          0.0006	   1.6837	2.324e-03	   0.022	   378.054
 598	150	 3.4618	 1.0320	   1.5005	        1.5011	          0.0006	   1.6378	2.399e-03	   0.025	   378.474
 599	150	 3.4617	 1.0311	   1.5005	        1.5011	          0.0006	   1.5184	2.006e-03	   0.022	   378.877
 600	150	 3.4616	 1.0310	   1.5005	        1.5011	          0.0006	   1.5910	1.968e-03	   0.024	   379.300
 601	151	 3.4616	 1.0310	   1.5005	        1.5011	          0.0006	   1.6120	1.971e-03	   0.024	   379.702
 602	151	 3.4617	 1.0312	   1.5005	        1.5011	          0.0006	   1.6382	2.042e-03	   0.021	   380.096
 603	151	 3.4617	 1.0310	   1.5005	        1.5011	          0.0006	   1.5956	1.971e-03	   0.019	   380.479
 604	151	 3.4613	 1.0312	   1.5005	        1.5011	          0.0006	   1.6250	2.059e-03	   0.022	   380.876
 605	152	 3.4610	 1.0307	   1.5005	        1.5011	          0.0006	   1.5564	1.848e-03	   0.024	   381.299
 606	152	 3.4607	 1.0310	   1.5005	        1.5011	          0.0006	   1.6299	1.947e-03	   0.021	   381.700
 607	152	 3.4609	 1.0314	   1.5005	        1.5011	          0.0006	   1.6590	2.129e-03	   0.024	   382.124
 608	152	 3.4607	 1.0314	   1.5005	        1.5011	          0.0006	   1.6209	2.146e-03	   0.022	   382.513
 609	153	 3.4606	 1.0312	   1.5005	        1.5011	          0.0006	   1.5835	2.041e-03	   0.021	   382.900
 610	153	 3.4602	 1.0307	   1.5005	        1.5011	          0.0006	   1.5583	1.848e-03	   0.019	   383.283
 611	153	 3.4605	 1.0311	   1.5005	        1.5011	          0.0006	   1.6601	2.006e-03	   0.020	   383.663
 612	153	 3.4605	 1.0314	   1.5005	        1.5011	          0.0006	   1.6449	2.138e-03	   0.025	   384.070
 613	154	 3.4608	 1.0313	   1.5005	        1.5011	          0.0006	   1.6039	2.072e-03	   0.020	   384.455
 614	154	 3.4609	 1.0309	   1.5005	        1.5011	          0.0006	   1.5774	1.910e-03	   0.022	   384.842
 615	154	 3.4605	 1.0313	   1.5005	        1.5011	          0.0006	   1.6505	2.106e-03	   0.022	   385.223
 616	154	 3.4602	 1.0313	   1.5005	        1.5011	          0.0006	   1.6036	2.089e-03	   0.022	   385.610
 617	155	 3.4600	 1.0312	   1.5005	        1.5011	          0.0006	   1.6035	2.040e-03	   0.019	   385.993
 618	155	 3.4598	 1.0314	   1.5005	        1.5011	          0.0006	   1.6243	2.132e-03	   0.020	   386.373
 619	155	 3.4597	 1.0319	   1.5005	        1.5011	          0.0006	   1.6583	2.335e-03	   0.022	   386.764
 620	155	 3.4599	 1.0317	   1.5005	        1.5011	          0.0006	   1.5979	2.258e-03	   0.022	   387.157
 621	156	 3.4598	 1.0320	   1.5005	        1.5011	          0.0006	   1.6412	2.376e-03	   0.024	   387.599
 622	156	 3.4597	 1.0320	   1.5005	        1.5011	          0.0006	   1.6094	2.378e-03	   0.024	   388.019
 623	156	 3.4592	 1.0319	   1.5005	        1.5011	          0.0006	   1.5981	2.340e-03	   0.022	   388.408
 624	156	 3.4594	 1.0318	   1.5005	        1.5011	          0.0006	   1.6080	2.320e-03	   0.019	   388.790
 625	157	 3.4591	 1.0323	   1.5005	        1.5011	          0.0006	   1.6592	2.521e-03	   0.020	   389.170
 626	157	 3.4593	 1.0316	   1.5005	        1.5011	          0.0006	   1.5459	2.239e-03	   0.024	   389.593
 627	157	 3.4590	 1.0316	   1.5005	        1.5011	          0.0006	   1.5959	2.199e-03	   0.023	   390.003
 628	157	 3.4593	 1.0316	   1.5005	        1.5011	          0.0006	   1.6169	2.211e-03	   0.022	   390.420
 629	158	 3.4590	 1.0317	   1.5005	        1.5011	          0.0006	   1.6178	2.278e-03	   0.022	   390.801
 630	158	 3.4588	 1.0319	   1.5005	        1.5011	          0.0006	   1.6227	2.341e-03	   0.022	   391.189
 631	158	 3.4585	 1.0317	   1.5005	        1.5011	          0.0006	   1.5965	2.262e-03	   0.019	   391.571
 632	158	 3.4584	 1.0319	   1.5005	        1.5011	          0.0006	   1.6327	2.333e-03	   0.023	   391.968
 633	159	 3.4586	 1.0320	   1.5005	        1.5011	          0.0006	   1.6352	2.412e-03	   0.022	   392.381
 634	159	 3.4586	 1.0318	   1.5005	        1.5011	          0.0006	   1.5821	2.291e-03	   0.020	   392.760
 635	159	 3.4586	 1.0315	   1.5005	        1.5011	          0.0006	   1.5915	2.195e-03	   0.025	   393.175
 636	159	 3.4584	 1.0317	   1.5005	        1.5011	          0.0006	   1.6215	2.246e-03	   0.022	   393.572
 637	160	 3.4582	 1.0318	   1.5005	        1.5011	          0.0006	   1.6166	2.286e-03	   0.024	   393.962
 638	160	 3.4584	 1.0320	   1.5005	        1.5011	          0.0006	   1.6525	2.397e-03	   0.021	   394.385
 639	160	 3.4579	 1.0321	   1.5005	        1.5011	          0.0006	   1.6092	2.438e-03	   0.023	   394.807
 640	160	 3.4581	 1.0315	   1.5005	        1.5011	          0.0006	   1.5495	2.174e-03	   0.027	   395.247
 641	161	 3.4578	 1.0311	   1.5005	        1.5011	          0.0006	   1.5604	1.983e-03	   0.020	   395.667
 642	161	 3.4576	 1.0308	   1.5005	        1.5011	          0.0006	   1.5721	1.883e-03	   0.022	   396.070
 643	161	 3.4575	 1.0309	   1.5005	        1.5011	          0.0006	   1.6290	1.931e-03	   0.022	   396.450
 644	161	 3.4575	 1.0312	   1.5005	        1.5011	          0.0006	   1.6344	2.031e-03	   0.022	   396.838
 645	162	 3.4571	 1.0312	   1.5005	        1.5011	          0.0006	   1.6136	2.057e-03	   0.019	   397.220
 646	162	 3.4572	 1.0315	   1.5005	        1.5011	          0.0006	   1.6447	2.194e-03	   0.020	   397.600
 647	162	 3.4572	 1.0317	   1.5005	        1.5011	          0.0006	   1.6247	2.247e-03	   0.025	   398.010
 648	162	 3.4570	 1.0312	   1.5005	        1.5011	          0.0006	   1.5616	2.048e-03	   0.024	   398.438
 649	163	 3.4570	 1.0311	   1.5005	        1.5011	          0.0006	   1.6054	2.003e-03	   0.025	   398.908
 650	163	 3.4570	 1.0308	   1.5005	        1.5011	          0.0006	   1.5722	1.865e-03	   0.023	   399.341
 651	163	 3.4571	 1.0304	   1.5005	        1.5011	          0.0006	   1.5710	1.694e-03	   0.022	   399.738
 652	163	 3.4571	 1.0307	   1.5005	        1.5011	          0.0006	   1.6476	1.838e-03	   0.020	   400.121
 653	164	 3.4569	 1.0304	   1.5005	        1.5011	          0.0006	   1.5597	1.685e-03	   0.020	   400.501
 654	164	 3.4570	 1.0308	   1.5005	        1.5011	          0.0006	   1.6780	1.890e-03	   0.027	   400.945
 655	164	 3.4570	 1.0310	   1.5005	        1.5011	          0.0006	   1.6287	1.943e-03	   0.022	   401.374
 656	164	 3.4568	 1.0309	   1.5005	        1.5011	          0.0006	   1.5915	1.898e-03	   0.022	   401.783
 657	165	 3.4568	 1.0312	   1.5005	        1.5011	          0.0006	   1.6514	2.049e-03	   0.022	   402.164
 658	165	 3.4568	 1.0310	   1.5005	        1.5011	          0.0006	   1.5957	1.973e-03	   0.021	   402.552
 659	165	 3.4565	 1.0312	   1.5005	        1.5011	          0.0006	   1.6233	2.028e-03	   0.022	   402.967
 660	165	 3.4563	 1.0310	   1.5005	        1.5011	          0.0006	   1.5915	1.972e-03	   0.021	   403.371
 661	166	 3.4562	 1.0313	   1.5005	        1.5011	          0.0006	   1.6382	2.087e-03	   0.022	   403.777
 662	166	 3.4559	 1.0312	   1.5005	        1.5011	          0.0006	   1.5925	2.043e-03	   0.020	   404.156
 663	166	 3.4558	 1.0312	   1.5005	        1.5011	          0.0006	   1.6090	2.034e-03	   0.024	   404.561
 664	166	 3.4559	 1.0311	   1.5005	        1.5011	          0.0006	   1.6054	1.989e-03	   0.022	   404.968
 665	167	 3.4560	 1.0314	   1.5005	        1.5011	          0.0006	   1.6580	2.148e-03	   0.021	   405.355
 666	167	 3.4559	 1.0312	   1.5005	        1.5011	          0.0006	   1.5837	2.043e-03	   0.019	   405.738
 667	167	 3.4555	 1.0313	   1.5005	        1.5011	          0.0006	   1.6125	2.068e-03	   0.020	   406.118
 668	167	 3.4556	 1.0311	   1.5005	        1.5011	          0.0006	   1.5980	2.018e-03	   0.022	   406.509
 669	168	 3.4555	 1.0305	   1.5005	        1.5011	          0.0006	   1.5376	1.754e-03	   0.020	   406.911
 670	168	 3.4555	 1.0307	   1.5005	        1.5011	          0.0006	   1.6298	1.815e-03	   0.022	   407.297
 671	168	 3.4556	 1.0314	   1.5005	        1.5011	          0.0006	   1.6973	2.113e-03	   0.022	   407.678
 672	168	 3.4551	 1.0314	   1.5005	        1.5011	          0.0006	   1.6012	2.122e-03	   0.021	   408.065
 673	169	 3.4548	 1.0315	   1.5005	        1.5011	          0.0006	   1.6168	2.183e-03	   0.019	   408.448
 674	169	 3.4546	 1.0316	   1.5005	        1.5011	          0.0006	   1.6191	2.216e-03	   0.020	   408.828
 675	169	 3.4550	 1.0315	   1.5005	        1.5011	          0.0006	   1.6199	2.182e-03	   0.022	   409.219
 676	169	 3.4549	 1.0312	   1.5005	        1.5011	          0.0006	   1.5710	2.038e-03	   0.022	   409.603
 677	170	 3.4549	 1.0313	   1.5005	        1.5011	          0.0006	   1.6267	2.090e-03	   0.026	   410.039
 678	170	 3.4548	 1.0315	   1.5005	        1.5011	          0.0006	   1.6228	2.155e-03	   0.022	   410.461
 679	170	 3.4546	 1.0316	   1.5005	        1.5011	          0.0006	   1.6224	2.206e-03	   0.021	   410.863
 680	170	 3.4546	 1.0311	   1.5005	        1.5011	          0.0006	   1.5647	2.011e-03	   0.019	   411.246
 681	171	 3.4545	 1.0312	   1.5005	        1.5011	          0.0006	   1.6291	2.057e-03	   0.020	   411.626
 682	171	 3.4543	 1.0314	   1.5005	        1.5011	          0.0006	   1.6275	2.152e-03	   0.027	   412.066
 683	171	 3.4543	 1.0317	   1.5005	        1.5011	          0.0006	   1.6358	2.246e-03	   0.020	   412.474
 684	171	 3.4543	 1.0313	   1.5005	        1.5011	          0.0006	   1.5720	2.098e-03	   0.022	   412.876
 685	172	 3.4541	 1.0312	   1.5005	        1.5011	          0.0006	   1.5951	2.060e-03	   0.022	   413.257
 686	172	 3.4540	 1.0313	   1.5005	        1.5011	          0.0006	   1.6137	2.085e-03	   0.021	   413.644
 687	172	 3.4542	 1.0315	   1.5005	        1.5011	          0.0006	   1.6434	2.181e-03	   0.022	   414.060
 688	172	 3.4539	 1.0316	   1.5005	        1.5011	          0.0006	   1.6207	2.226e-03	   0.020	   414.446
 689	173	 3.4536	 1.0318	   1.5005	        1.5011	          0.0006	   1.6277	2.290e-03	   0.022	   414.837
 690	173	 3.4534	 1.0321	   1.5005	        1.5011	          0.0006	   1.6437	2.415e-03	   0.020	   415.216
 691	173	 3.4534	 1.0319	   1.5005	        1.5011	          0.0006	   1.6017	2.357e-03	   0.024	   415.617
 692	173	 3.4535	 1.0316	   1.5005	        1.5011	          0.0006	   1.5674	2.201e-03	   0.022	   416.028
 693	174	 3.4535	 1.0314	   1.5005	        1.5011	          0.0006	   1.6021	2.138e-03	   0.021	   416.415
 694	174	 3.4537	 1.0314	   1.5005	        1.5011	          0.0006	   1.6141	2.129e-03	   0.019	   416.798
 695	174	 3.4535	 1.0315	   1.5005	        1.5011	          0.0006	   1.6237	2.168e-03	   0.020	   417.178
 696	174	 3.4533	 1.0315	   1.5005	        1.5011	          0.0006	   1.6117	2.192e-03	   0.022	   417.569
 697	175	 3.4532	 1.0311	   1.5005	        1.5011	          0.0006	   1.5615	1.983e-03	   0.020	   417.971
 698	175	 3.4532	 1.0312	   1.5005	        1.5011	          0.0006	   1.6217	2.023e-03	   0.022	   418.357
 699	175	 3.4531	 1.0315	   1.5005	        1.5011	          0.0006	   1.6469	2.172e-03	   0.022	   418.738
 700	175	 3.4530	 1.0316	   1.5005	        1.5011	          0.0006	   1.6264	2.221e-03	   0.021	   419.126
 701	176	 3.4528	 1.0311	   1.5005	        1.5011	          0.0006	   1.5503	2.014e-03	   0.021	   419.512
 702	176	 3.4529	 1.0317	   1.5005	        1.5011	          0.0006	   1.6733	2.250e-03	   0.022	   419.933
 703	176	 3.4529	 1.0318	   1.5005	        1.5011	          0.0006	   1.6233	2.305e-03	   0.022	   420.350
 704	176	 3.4527	 1.0317	   1.5005	        1.5011	          0.0006	   1.6067	2.267e-03	   0.020	   420.729
 705	177	 3.4525	 1.0317	   1.5005	        1.5011	          0.0006	   1.5991	2.250e-03	   0.025	   421.164
 706	177	 3.4523	 1.0319	   1.5005	        1.5011	          0.0006	   1.6382	2.346e-03	   0.023	   421.591
 707	177	 3.4523	 1.0319	   1.5005	        1.5011	          0.0006	   1.6116	2.342e-03	   0.022	   421.994
 708	177	 3.4523	 1.0317	   1.5005	        1.5011	          0.0006	   1.5899	2.255e-03	   0.022	   422.383
 709	178	 3.4520	 1.0316	   1.5005	        1.5011	          0.0006	   1.5906	2.203e-03	   0.022	   422.799
 710	178	 3.4520	 1.0319	   1.5005	        1.5011	          0.0006	   1.6614	2.358e-03	   0.027	   423.228
 711	178	 3.4519	 1.0322	   1.5005	        1.5011	          0.0006	   1.6429	2.472e-03	   0.020	   423.638
 712	178	 3.4518	 1.0317	   1.5005	        1.5011	          0.0006	   1.5513	2.266e-03	   0.022	   424.039
 713	179	 3.4517	 1.0315	   1.5005	        1.5011	          0.0006	   1.5783	2.156e-03	   0.024	   424.428
 714	179	 3.4517	 1.0315	   1.5005	        1.5011	          0.0006	   1.6178	2.177e-03	   0.024	   424.851
 715	179	 3.4517	 1.0316	   1.5005	        1.5011	          0.0006	   1.6345	2.232e-03	   0.021	   425.254
 716	179	 3.4515	 1.0317	   1.5005	        1.5011	          0.0006	   1.6107	2.261e-03	   0.020	   425.642
 717	180	 3.4515	 1.0318	   1.5005	        1.5011	          0.0006	   1.6168	2.299e-03	   0.022	   426.033
 718	180	 3.4513	 1.0317	   1.5005	        1.5011	          0.0006	   1.6037	2.269e-03	   0.020	   426.412
 719	180	 3.4513	 1.0318	   1.5005	        1.5011	          0.0006	   1.6249	2.312e-03	   0.024	   426.809
 720	180	 3.4512	 1.0317	   1.5005	        1.5011	          0.0006	   1.5971	2.260e-03	   0.024	   427.222
 721	181	 3.4512	 1.0312	   1.5005	        1.5011	          0.0006	   1.5550	2.048e-03	   0.021	   427.612
 722	181	 3.4510	 1.0317	   1.5005	        1.5011	          0.0006	   1.6648	2.243e-03	   0.019	   427.994
 723	181	 3.4511	 1.0315	   1.5005	        1.5011	          0.0006	   1.5913	2.180e-03	   0.020	   428.374
 724	181	 3.4510	 1.0315	   1.5005	        1.5011	          0.0006	   1.6120	2.177e-03	   0.022	   428.765
 725	182	 3.4512	 1.0313	   1.5005	        1.5011	          0.0006	   1.5926	2.095e-03	   0.021	   429.167
 726	182	 3.4509	 1.0309	   1.5005	        1.5011	          0.0006	   1.5408	1.901e-03	   0.022	   429.554
 727	182	 3.4506	 1.0311	   1.5005	        1.5011	          0.0006	   1.6338	1.983e-03	   0.022	   429.934
 728	182	 3.4507	 1.0310	   1.5005	        1.5011	          0.0006	   1.6139	1.956e-03	   0.021	   430.322
 729	183	 3.4506	 1.0310	   1.5005	        1.5011	          0.0006	   1.6183	1.969e-03	   0.019	   430.704
 730	183	 3.4505	 1.0309	   1.5005	        1.5011	          0.0006	   1.5824	1.902e-03	   0.021	   431.085
 731	183	 3.4505	 1.0310	   1.5005	        1.5011	          0.0006	   1.6262	1.957e-03	   0.022	   431.476
 732	183	 3.4503	 1.0310	   1.5005	        1.5011	          0.0006	   1.6013	1.936e-03	   0.020	   431.855
 733	184	 3.4503	 1.0310	   1.5005	        1.5011	          0.0006	   1.6066	1.942e-03	   0.026	   432.278
 734	184	 3.4502	 1.0303	   1.5005	        1.5011	          0.0006	   1.5347	1.658e-03	   0.026	   432.712
 735	184	 3.4502	 1.0306	   1.5005	        1.5011	          0.0006	   1.6492	1.771e-03	   0.021	   433.120
 736	184	 3.4501	 1.0309	   1.5005	        1.5011	          0.0006	   1.6449	1.915e-03	   0.022	   433.510
 737	185	 3.4502	 1.0314	   1.5005	        1.5011	          0.0006	   1.6702	2.110e-03	   0.020	   433.921
 738	185	 3.4501	 1.0315	   1.5005	        1.5011	          0.0006	   1.6338	2.188e-03	   0.025	   434.320
 739	185	 3.4501	 1.0316	   1.5005	        1.5011	          0.0006	   1.6202	2.200e-03	   0.022	   434.729
 740	185	 3.4496	 1.0312	   1.5005	        1.5011	          0.0006	   1.5487	2.031e-03	   0.022	   435.132
 741	186	 3.4495	 1.0310	   1.5005	        1.5011	          0.0006	   1.5886	1.940e-03	   0.024	   435.521
 742	186	 3.4494	 1.0309	   1.5005	        1.5011	          0.0006	   1.5986	1.925e-03	   0.022	   435.939
 743	186	 3.4494	 1.0312	   1.5005	        1.5011	          0.0006	   1.6533	2.045e-03	   0.020	   436.322
 744	186	 3.4490	 1.0313	   1.5005	        1.5011	          0.0006	   1.6067	2.070e-03	   0.020	   436.702
 745	187	 3.4490	 1.0308	   1.5005	        1.5011	          0.0006	   1.5558	1.867e-03	   0.024	   437.128
 746	187	 3.4490	 1.0304	   1.5005	        1.5011	          0.0006	   1.5576	1.700e-03	   0.022	   437.548
 747	187	 3.4488	 1.0307	   1.5005	        1.5011	          0.0006	   1.6483	1.826e-03	   0.026	   437.982
 748	187	 3.4485	 1.0314	   1.5005	        1.5011	          0.0006	   1.6971	2.132e-03	   0.024	   438.412
 749	188	 3.4485	 1.0317	   1.5005	        1.5011	          0.0006	   1.6554	2.261e-03	   0.021	   438.808
 750	188	 3.4485	 1.0312	   1.5005	        1.5011	          0.0006	   1.5543	2.055e-03	   0.019	   439.190
 751	188	 3.4484	 1.0312	   1.5005	        1.5011	          0.0006	   1.6032	2.047e-03	   0.020	   439.571
 752	188	 3.4480	 1.0315	   1.5005	        1.5011	          0.0006	   1.6421	2.192e-03	   0.022	   439.961
 753	189	 3.4478	 1.0314	   1.5005	        1.5011	          0.0006	   1.5922	2.142e-03	   0.022	   440.357
 754	189	 3.4475	 1.0319	   1.5005	        1.5011	          0.0006	   1.6577	2.340e-03	   0.024	   440.756
 755	189	 3.4475	 1.0318	   1.5005	        1.5011	          0.0006	   1.6045	2.280e-03	   0.024	   441.178
 756	189	 3.4474	 1.0318	   1.5005	        1.5011	          0.0006	   1.6172	2.316e-03	   0.024	   441.599
 757	190	 3.4473	 1.0318	   1.5005	        1.5011	          0.0006	   1.6070	2.309e-03	   0.020	   442.004
 758	190	 3.4473	 1.0320	   1.5005	        1.5011	          0.0006	   1.6388	2.388e-03	   0.020	   442.384
 759	190	 3.4474	 1.0319	   1.5005	        1.5011	          0.0006	   1.6060	2.362e-03	   0.022	   442.775
 760	190	 3.4472	 1.0322	   1.5005	        1.5011	          0.0006	   1.6413	2.456e-03	   0.020	   443.154
 761	191	 3.4471	 1.0320	   1.5005	        1.5011	          0.0006	   1.5985	2.403e-03	   0.024	   443.567
 762	191	 3.4468	 1.0324	   1.5005	        1.5011	          0.0006	   1.6461	2.567e-03	   0.026	   443.999
 763	191	 3.4468	 1.0325	   1.5005	        1.5011	          0.0006	   1.6185	2.602e-03	   0.026	   444.445
 764	191	 3.4466	 1.0320	   1.5005	        1.5011	          0.0006	   1.5576	2.405e-03	   0.020	   444.857
 765	192	 3.4464	 1.0316	   1.5005	        1.5011	          0.0006	   1.5530	2.231e-03	   0.020	   445.253
 766	192	 3.4466	 1.0316	   1.5005	        1.5011	          0.0006	   1.6096	2.201e-03	   0.022	   445.643
 767	192	 3.4463	 1.0323	   1.5005	        1.5011	          0.0006	   1.7064	2.529e-03	   0.022	   446.055
 768	192	 3.4463	 1.0322	   1.5005	        1.5011	          0.0006	   1.5926	2.476e-03	   0.025	   446.489
 769	193	 3.4465	 1.0323	   1.5005	        1.5011	          0.0006	   1.6403	2.540e-03	   0.024	   446.899
 770	193	 3.4463	 1.0322	   1.5005	        1.5011	          0.0006	   1.5871	2.461e-03	   0.021	   447.304
 771	193	 3.4463	 1.0321	   1.5005	        1.5011	          0.0006	   1.6036	2.447e-03	   0.019	   447.686
 772	193	 3.4461	 1.0319	   1.5005	        1.5011	          0.0006	   1.5804	2.355e-03	   0.020	   448.067
 773	194	 3.4460	 1.0320	   1.5005	        1.5011	          0.0006	   1.6270	2.396e-03	   0.022	   448.457
 774	194	 3.4462	 1.0318	   1.5005	        1.5011	          0.0006	   1.5850	2.284e-03	   0.020	   448.837
 775	194	 3.4458	 1.0315	   1.5005	        1.5011	          0.0006	   1.5650	2.171e-03	   0.022	   449.223
 776	194	 3.4457	 1.0317	   1.5005	        1.5011	          0.0006	   1.6375	2.266e-03	   0.024	   449.633
 777	195	 3.4458	 1.0315	   1.5005	        1.5011	          0.0006	   1.5828	2.160e-03	   0.021	   450.037
 778	195	 3.4454	 1.0315	   1.5005	        1.5011	          0.0006	   1.6075	2.160e-03	   0.019	   450.419
 779	195	 3.4456	 1.0315	   1.5005	        1.5011	          0.0006	   1.6244	2.184e-03	   0.020	   450.799
 780	195	 3.4457	 1.0317	   1.5005	        1.5011	          0.0006	   1.6364	2.269e-03	   0.022	   451.190
 781	196	 3.4456	 1.0314	   1.5005	        1.5011	          0.0006	   1.5695	2.128e-03	   0.022	   451.578
 782	196	 3.4456	 1.0317	   1.5005	        1.5011	          0.0006	   1.6476	2.246e-03	   0.022	   451.979
 783	196	 3.4455	 1.0317	   1.5005	        1.5011	          0.0006	   1.6111	2.249e-03	   0.022	   452.359
 784	196	 3.4454	 1.0316	   1.5005	        1.5011	          0.0006	   1.6068	2.223e-03	   0.021	   452.747
 785	197	 3.4454	 1.0317	   1.5005	        1.5011	          0.0006	   1.6198	2.240e-03	   0.019	   453.130
 786	197	 3.4450	 1.0313	   1.5005	        1.5011	          0.0006	   1.5567	2.099e-03	   0.020	   453.510
 787	197	 3.4450	 1.0312	   1.5005	        1.5011	          0.0006	   1.5983	2.043e-03	   0.022	   453.901
 788	197	 3.4451	 1.0316	   1.5005	        1.5011	          0.0006	   1.6694	2.223e-03	   0.020	   454.280
 789	198	 3.4449	 1.0314	   1.5005	        1.5011	          0.0006	   1.5740	2.123e-03	   0.024	   454.687
 790	198	 3.4451	 1.0314	   1.5005	        1.5011	          0.0006	   1.6289	2.140e-03	   0.024	   455.112
 791	198	 3.4448	 1.0319	   1.5005	        1.5011	          0.0006	   1.6681	2.338e-03	   0.025	   455.564
 792	198	 3.4448	 1.0319	   1.5005	        1.5011	          0.0006	   1.6110	2.343e-03	   0.019	   455.965
 793	199	 3.4450	 1.0320	   1.5005	        1.5011	          0.0006	   1.6270	2.369e-03	   0.020	   456.346
 794	199	 3.4449	 1.0316	   1.5005	        1.5011	          0.0006	   1.5656	2.224e-03	   0.022	   456.737
 795	199	 3.4448	 1.0314	   1.5005	        1.5011	          0.0006	   1.5883	2.147e-03	   0.022	   457.143
 796	199	 3.4446	 1.0316	   1.5005	        1.5011	          0.0006	   1.6259	2.213e-03	   0.026	   457.575
 797	200	 3.4443	 1.0315	   1.5005	        1.5011	          0.0006	   1.6001	2.186e-03	   0.022	   457.977
 798	200	 3.4442	 1.0318	   1.5005	        1.5011	          0.0006	   1.6549	2.314e-03	   0.021	   458.365
 799	200	 3.4444	 1.0314	   1.5005	        1.5011	          0.0006	   1.5567	2.126e-03	   0.019	   458.747
 800	200	 3.4444	 1.0315	   1.5005	        1.5011	          0.0006	   1.6198	2.161e-03	   0.020	   459.128

[BSGD] Finished on device cuda -> σ_f² ≈ 3.4444, σ_ε² ≈ 1.0315
