[GPU 7][JOB 160] 'python cli.py bsgd --n 1024 --lengthscale 0.5 --sigma-f2-true 4.0 --sigma-eps2-true 1.0 --n-epochs 200 --device auto --kernel-mode finite --theta-min 1e-4 --theta-max 20.0 --print-every 1 --seed 9 --batch-size 256 --sigma-f2-init 5.0 --sigma-eps2-init 3.0 --alpha1 6.0 '

=== BSGD (biased SGD on exact kernel) ===
iter	epoch	σ_f²	σ_ε²	real_nlml	real_nlml_true	real_nlml_abs_err	mini_nlml	||grad||	duration_s	wall_time_s
   1	 1	 4.8489	 2.4192	   1.6480	        1.5186	          0.1295	   1.7502	1.129e-01	   0.169	     0.334
   2	 1	 4.7104	 2.0893	   1.6103	        1.5186	          0.0918	   1.6970	1.149e-01	   0.031	     1.118
   3	 1	 4.6713	 1.8835	   1.5868	        1.5186	          0.0682	   1.7049	1.135e-01	   0.033	     1.785
   4	 1	 4.7145	 1.7415	   1.5709	        1.5186	          0.0523	   1.7180	1.102e-01	   0.032	     2.500
   5	 2	 4.7160	 1.5839	   1.5540	        1.5186	          0.0354	   1.6182	1.030e-01	   0.037	     3.215
   6	 2	 4.7107	 1.5005	   1.5457	        1.5186	          0.0271	   1.6783	9.693e-02	   0.033	     3.928
   7	 2	 4.7000	 1.4268	   1.5388	        1.5186	          0.0202	   1.6651	8.980e-02	   0.030	     4.640
   8	 2	 4.6803	 1.3855	   1.5352	        1.5186	          0.0166	   1.6926	8.488e-02	   0.030	     5.362
   9	 3	 4.6907	 1.3292	   1.5306	        1.5186	          0.0120	   1.6448	7.690e-02	   0.033	     6.077
  10	 3	 4.6843	 1.2904	   1.5277	        1.5186	          0.0092	   1.6578	7.040e-02	   0.032	     6.788
  11	 3	 4.6895	 1.2711	   1.5264	        1.5186	          0.0078	   1.6882	6.681e-02	   0.033	     7.524
  12	 3	 4.6805	 1.2270	   1.5237	        1.5186	          0.0051	   1.6097	5.761e-02	   0.033	     8.268
  13	 4	 4.6711	 1.2009	   1.5222	        1.5186	          0.0037	   1.6386	5.144e-02	   0.030	     8.984
  14	 4	 4.6645	 1.1609	   1.5204	        1.5186	          0.0018	   1.5795	4.080e-02	   0.031	     9.718
  15	 4	 4.6738	 1.1616	   1.5204	        1.5186	          0.0018	   1.6963	4.100e-02	   0.031	    10.443
  16	 4	 4.6730	 1.1425	   1.5197	        1.5186	          0.0011	   1.6263	3.536e-02	   0.035	    11.180
  17	 5	 4.6675	 1.1261	   1.5192	        1.5186	          0.0006	   1.6266	3.018e-02	   0.028	    11.894
  18	 5	 4.6652	 1.1186	   1.5189	        1.5186	          0.0003	   1.6486	2.768e-02	   0.032	    12.613
  19	 5	 4.6687	 1.1133	   1.5188	        1.5186	          0.0002	   1.6560	2.589e-02	   0.032	    13.327
  20	 5	 4.6669	 1.1022	   1.5185	        1.5186	          0.0001	   1.6213	2.205e-02	   0.029	    14.043
  21	 6	 4.6707	 1.0956	   1.5184	        1.5186	          0.0002	   1.6417	1.966e-02	   0.031	    14.759
  22	 6	 4.6736	 1.0899	   1.5183	        1.5186	          0.0003	   1.6437	1.757e-02	   0.032	    15.478
  23	 6	 4.6719	 1.0905	   1.5183	        1.5186	          0.0003	   1.6667	1.778e-02	   0.036	    16.194
  24	 6	 4.6701	 1.0892	   1.5183	        1.5186	          0.0003	   1.6457	1.732e-02	   0.028	    16.907
  25	 7	 4.6644	 1.0819	   1.5182	        1.5186	          0.0004	   1.6191	1.455e-02	   0.034	    17.648
  26	 7	 4.6634	 1.0764	   1.5181	        1.5186	          0.0005	   1.6285	1.241e-02	   0.039	    18.405
  27	 7	 4.6629	 1.0717	   1.5180	        1.5186	          0.0006	   1.6352	1.055e-02	   0.036	    19.174
  28	 7	 4.6631	 1.0811	   1.5181	        1.5186	          0.0004	   1.6973	1.422e-02	   0.035	    19.942
  29	 8	 4.6613	 1.0761	   1.5181	        1.5186	          0.0005	   1.6186	1.231e-02	   0.030	    20.674
  30	 8	 4.6561	 1.0705	   1.5180	        1.5186	          0.0006	   1.6214	1.006e-02	   0.037	    21.429
  31	 8	 4.6564	 1.0725	   1.5180	        1.5186	          0.0006	   1.6644	1.087e-02	   0.025	    22.158
  32	 8	 4.6560	 1.0790	   1.5181	        1.5186	          0.0005	   1.6885	1.341e-02	   0.040	    22.899
  33	 9	 4.6592	 1.0741	   1.5181	        1.5186	          0.0005	   1.6340	1.151e-02	   0.037	    23.612
  34	 9	 4.6573	 1.0680	   1.5180	        1.5186	          0.0006	   1.6125	9.079e-03	   0.032	    24.316
  35	 9	 4.6571	 1.0675	   1.5180	        1.5186	          0.0006	   1.6517	8.855e-03	   0.032	    25.037
  36	 9	 4.6572	 1.0696	   1.5180	        1.5186	          0.0006	   1.6615	9.716e-03	   0.034	    25.757
  37	10	 4.6562	 1.0594	   1.5179	        1.5186	          0.0007	   1.5815	5.536e-03	   0.034	    26.470
  38	10	 4.6612	 1.0610	   1.5179	        1.5186	          0.0007	   1.6700	6.202e-03	   0.026	    27.181
  39	10	 4.6551	 1.0564	   1.5179	        1.5186	          0.0007	   1.5991	4.266e-03	   0.036	    27.910
  40	10	 4.6582	 1.0541	   1.5179	        1.5186	          0.0007	   1.6387	3.289e-03	   0.035	    28.647
  41	11	 4.6573	 1.0536	   1.5179	        1.5186	          0.0007	   1.6450	3.099e-03	   0.031	    29.376
  42	11	 4.6570	 1.0494	   1.5179	        1.5186	          0.0007	   1.6147	1.265e-03	   0.031	    30.093
  43	11	 4.6558	 1.0444	   1.5179	        1.5186	          0.0007	   1.6013	9.134e-04	   0.032	    30.837
  44	11	 4.6578	 1.0465	   1.5179	        1.5186	          0.0007	   1.6569	4.151e-05	   0.034	    31.551
  45	12	 4.6573	 1.0475	   1.5179	        1.5186	          0.0007	   1.6479	4.323e-04	   0.028	    32.283
  46	12	 4.6566	 1.0460	   1.5179	        1.5186	          0.0007	   1.6320	2.177e-04	   0.037	    33.011
  47	12	 4.6562	 1.0507	   1.5179	        1.5186	          0.0007	   1.6839	1.838e-03	   0.034	    33.728
  48	12	 4.6544	 1.0502	   1.5179	        1.5186	          0.0007	   1.6280	1.637e-03	   0.032	    34.436
  49	13	 4.6546	 1.0446	   1.5179	        1.5186	          0.0007	   1.5929	8.378e-04	   0.032	    35.151
  50	13	 4.6552	 1.0402	   1.5179	        1.5186	          0.0007	   1.6045	2.789e-03	   0.035	    35.874
  51	13	 4.6537	 1.0410	   1.5179	        1.5186	          0.0007	   1.6438	2.406e-03	   0.034	    36.587
  52	13	 4.6549	 1.0466	   1.5179	        1.5186	          0.0007	   1.6948	7.350e-05	   0.031	    37.342
  53	14	 4.6554	 1.0405	   1.5179	        1.5186	          0.0007	   1.5802	2.665e-03	   0.038	    38.147
  54	14	 4.6545	 1.0407	   1.5179	        1.5186	          0.0007	   1.6404	2.566e-03	   0.037	    38.954
  55	14	 4.6531	 1.0441	   1.5179	        1.5186	          0.0007	   1.6744	1.064e-03	   0.034	    39.735
  56	14	 4.6528	 1.0447	   1.5179	        1.5186	          0.0007	   1.6427	7.994e-04	   0.038	    40.501
  57	15	 4.6518	 1.0392	   1.5179	        1.5186	          0.0007	   1.5774	3.252e-03	   0.035	    41.250
  58	15	 4.6518	 1.0391	   1.5179	        1.5186	          0.0007	   1.6443	3.262e-03	   0.032	    41.996
  59	15	 4.6535	 1.0350	   1.5179	        1.5186	          0.0007	   1.6042	5.150e-03	   0.028	    42.732
  60	15	 4.6529	 1.0404	   1.5179	        1.5186	          0.0007	   1.6933	2.683e-03	   0.036	    43.472
  61	16	 4.6517	 1.0370	   1.5179	        1.5186	          0.0007	   1.5949	4.244e-03	   0.034	    44.189
  62	16	 4.6519	 1.0396	   1.5179	        1.5186	          0.0007	   1.6647	3.040e-03	   0.031	    44.900
  63	16	 4.6500	 1.0393	   1.5179	        1.5186	          0.0007	   1.6323	3.175e-03	   0.032	    45.618
  64	16	 4.6508	 1.0436	   1.5179	        1.5186	          0.0007	   1.6893	1.270e-03	   0.034	    46.335
  65	17	 4.6518	 1.0415	   1.5179	        1.5186	          0.0007	   1.6192	2.226e-03	   0.031	    47.046
  66	17	 4.6516	 1.0440	   1.5179	        1.5186	          0.0007	   1.6680	1.091e-03	   0.026	    47.760
  67	17	 4.6519	 1.0446	   1.5179	        1.5186	          0.0007	   1.6472	8.240e-04	   0.036	    48.486
  68	17	 4.6506	 1.0442	   1.5179	        1.5186	          0.0007	   1.6336	1.015e-03	   0.038	    49.219
  69	18	 4.6499	 1.0444	   1.5179	        1.5186	          0.0007	   1.6451	9.369e-04	   0.032	    49.957
  70	18	 4.6497	 1.0428	   1.5179	        1.5186	          0.0007	   1.6200	1.608e-03	   0.031	    50.677
  71	18	 4.6495	 1.0445	   1.5179	        1.5186	          0.0007	   1.6576	8.938e-04	   0.034	    51.417
  72	18	 4.6505	 1.0424	   1.5179	        1.5186	          0.0007	   1.6205	1.817e-03	   0.033	    52.128
  73	19	 4.6509	 1.0443	   1.5179	        1.5186	          0.0007	   1.6682	9.598e-04	   0.028	    52.862
  74	19	 4.6522	 1.0431	   1.5179	        1.5186	          0.0007	   1.6273	1.483e-03	   0.036	    53.591
  75	19	 4.6505	 1.0437	   1.5179	        1.5186	          0.0007	   1.6413	1.224e-03	   0.035	    54.306
  76	19	 4.6502	 1.0440	   1.5179	        1.5186	          0.0007	   1.6450	1.087e-03	   0.030	    55.013
  77	20	 4.6494	 1.0422	   1.5179	        1.5186	          0.0007	   1.6157	1.892e-03	   0.029	    55.733
  78	20	 4.6516	 1.0423	   1.5179	        1.5186	          0.0007	   1.6511	1.862e-03	   0.036	    56.456
  79	20	 4.6508	 1.0404	   1.5179	        1.5186	          0.0007	   1.6058	2.678e-03	   0.035	    57.168
  80	20	 4.6501	 1.0446	   1.5179	        1.5186	          0.0007	   1.6992	8.109e-04	   0.029	    57.876
  81	21	 4.6488	 1.0418	   1.5179	        1.5186	          0.0007	   1.6008	2.055e-03	   0.034	    58.604
  82	21	 4.6481	 1.0421	   1.5179	        1.5186	          0.0007	   1.6442	1.948e-03	   0.042	    59.376
  83	21	 4.6491	 1.0454	   1.5179	        1.5186	          0.0007	   1.6915	4.744e-04	   0.033	    60.161
  84	21	 4.6477	 1.0466	   1.5179	        1.5186	          0.0007	   1.6498	7.109e-05	   0.033	    60.902
  85	22	 4.6460	 1.0427	   1.5179	        1.5186	          0.0007	   1.5829	1.671e-03	   0.036	    61.654
  86	22	 4.6460	 1.0448	   1.5179	        1.5186	          0.0007	   1.6667	7.586e-04	   0.036	    62.399
  87	22	 4.6489	 1.0474	   1.5179	        1.5186	          0.0007	   1.6910	4.193e-04	   0.029	    63.134
  88	22	 4.6494	 1.0445	   1.5179	        1.5186	          0.0007	   1.6030	8.516e-04	   0.033	    63.873
  89	23	 4.6523	 1.0449	   1.5179	        1.5186	          0.0007	   1.6623	6.974e-04	   0.034	    64.593
  90	23	 4.6516	 1.0434	   1.5179	        1.5186	          0.0007	   1.6143	1.350e-03	   0.032	    65.301
  91	23	 4.6509	 1.0441	   1.5179	        1.5186	          0.0007	   1.6512	1.053e-03	   0.034	    66.020
  92	23	 4.6509	 1.0447	   1.5179	        1.5186	          0.0007	   1.6491	7.754e-04	   0.035	    66.740
  93	24	 4.6526	 1.0449	   1.5179	        1.5186	          0.0007	   1.6515	6.820e-04	   0.032	    67.454
  94	24	 4.6535	 1.0406	   1.5179	        1.5186	          0.0007	   1.5753	2.623e-03	   0.029	    68.166
  95	24	 4.6512	 1.0396	   1.5179	        1.5186	          0.0007	   1.6118	3.059e-03	   0.035	    68.888
  96	24	 4.6504	 1.0422	   1.5179	        1.5186	          0.0007	   1.6808	1.886e-03	   0.038	    69.614
  97	25	 4.6504	 1.0410	   1.5179	        1.5186	          0.0007	   1.6215	2.411e-03	   0.034	    70.357
  98	25	 4.6491	 1.0426	   1.5179	        1.5186	          0.0007	   1.6624	1.718e-03	   0.032	    71.078
  99	25	 4.6487	 1.0424	   1.5179	        1.5186	          0.0007	   1.6354	1.810e-03	   0.035	    71.810
 100	25	 4.6499	 1.0391	   1.5179	        1.5186	          0.0007	   1.5846	3.285e-03	   0.030	    72.533
 101	26	 4.6501	 1.0359	   1.5179	        1.5186	          0.0007	   1.5783	4.747e-03	   0.032	    73.266
 102	26	 4.6498	 1.0353	   1.5179	        1.5186	          0.0007	   1.6250	4.998e-03	   0.037	    73.994
 103	26	 4.6510	 1.0394	   1.5179	        1.5186	          0.0007	   1.7171	3.149e-03	   0.035	    74.708
 104	26	 4.6501	 1.0388	   1.5179	        1.5186	          0.0007	   1.6288	3.422e-03	   0.030	    75.417
 105	27	 4.6499	 1.0384	   1.5179	        1.5186	          0.0007	   1.6321	3.590e-03	   0.033	    76.152
 106	27	 4.6511	 1.0402	   1.5179	        1.5186	          0.0007	   1.6782	2.787e-03	   0.041	    76.945
 107	27	 4.6520	 1.0389	   1.5179	        1.5186	          0.0007	   1.6220	3.379e-03	   0.037	    77.767
 108	27	 4.6507	 1.0387	   1.5179	        1.5186	          0.0007	   1.6243	3.456e-03	   0.035	    78.569
 109	28	 4.6513	 1.0407	   1.5179	        1.5186	          0.0007	   1.6798	2.576e-03	   0.036	    79.376
 110	28	 4.6512	 1.0431	   1.5179	        1.5186	          0.0007	   1.6839	1.506e-03	   0.041	    80.156
 111	28	 4.6519	 1.0424	   1.5179	        1.5186	          0.0007	   1.6267	1.804e-03	   0.031	    80.928
 112	28	 4.6512	 1.0394	   1.5179	        1.5186	          0.0007	   1.5842	3.161e-03	   0.031	    81.678
 113	29	 4.6518	 1.0384	   1.5179	        1.5186	          0.0007	   1.6212	3.604e-03	   0.036	    82.428
 114	29	 4.6524	 1.0393	   1.5179	        1.5186	          0.0007	   1.6709	3.184e-03	   0.037	    83.168
 115	29	 4.6521	 1.0408	   1.5179	        1.5186	          0.0007	   1.6674	2.514e-03	   0.030	    83.913
 116	29	 4.6511	 1.0404	   1.5179	        1.5186	          0.0007	   1.6216	2.686e-03	   0.036	    84.663
 117	30	 4.6509	 1.0387	   1.5179	        1.5186	          0.0007	   1.5992	3.453e-03	   0.039	    85.381
 118	30	 4.6522	 1.0381	   1.5179	        1.5186	          0.0007	   1.6325	3.732e-03	   0.031	    86.081
 119	30	 4.6516	 1.0418	   1.5179	        1.5186	          0.0007	   1.7085	2.068e-03	   0.033	    86.801
 120	30	 4.6509	 1.0413	   1.5179	        1.5186	          0.0007	   1.6313	2.283e-03	   0.034	    87.523
 121	31	 4.6517	 1.0410	   1.5179	        1.5186	          0.0007	   1.6395	2.417e-03	   0.032	    88.235
 122	31	 4.6512	 1.0398	   1.5179	        1.5186	          0.0007	   1.6061	2.966e-03	   0.027	    88.945
 123	31	 4.6505	 1.0417	   1.5179	        1.5186	          0.0007	   1.6669	2.124e-03	   0.031	    89.672
 124	31	 4.6506	 1.0408	   1.5179	        1.5186	          0.0007	   1.6315	2.504e-03	   0.037	    90.393
 125	32	 4.6508	 1.0425	   1.5179	        1.5186	          0.0007	   1.6815	1.766e-03	   0.034	    91.133
 126	32	 4.6514	 1.0429	   1.5179	        1.5186	          0.0007	   1.6506	1.560e-03	   0.032	    91.859
 127	32	 4.6509	 1.0440	   1.5179	        1.5186	          0.0007	   1.6628	1.073e-03	   0.035	    92.586
 128	32	 4.6509	 1.0404	   1.5179	        1.5186	          0.0007	   1.5618	2.693e-03	   0.033	    93.317
 129	33	 4.6508	 1.0370	   1.5179	        1.5186	          0.0007	   1.5620	4.229e-03	   0.034	    94.043
 130	33	 4.6512	 1.0364	   1.5179	        1.5186	          0.0007	   1.6240	4.488e-03	   0.032	    94.776
 131	33	 4.6520	 1.0387	   1.5179	        1.5186	          0.0007	   1.6961	3.446e-03	   0.037	    95.498
 132	33	 4.6518	 1.0408	   1.5179	        1.5186	          0.0007	   1.6862	2.529e-03	   0.029	    96.202
 133	34	 4.6520	 1.0451	   1.5179	        1.5186	          0.0007	   1.7429	6.115e-04	   0.033	    96.919
 134	34	 4.6517	 1.0452	   1.5179	        1.5186	          0.0007	   1.6446	5.611e-04	   0.032	    97.637
 135	34	 4.6504	 1.0423	   1.5179	        1.5186	          0.0007	   1.5617	1.853e-03	   0.031	    98.353
 136	34	 4.6513	 1.0415	   1.5179	        1.5186	          0.0007	   1.6250	2.191e-03	   0.029	    99.065
 137	35	 4.6524	 1.0410	   1.5179	        1.5186	          0.0007	   1.6353	2.414e-03	   0.037	    99.818
 138	35	 4.6524	 1.0406	   1.5179	        1.5186	          0.0007	   1.6240	2.599e-03	   0.040	   100.568
 139	35	 4.6520	 1.0414	   1.5179	        1.5186	          0.0007	   1.6601	2.266e-03	   0.030	   101.323
 140	35	 4.6512	 1.0414	   1.5179	        1.5186	          0.0007	   1.6383	2.241e-03	   0.037	   102.083
 141	36	 4.6494	 1.0424	   1.5179	        1.5186	          0.0007	   1.6570	1.787e-03	   0.036	   102.824
 142	36	 4.6487	 1.0407	   1.5179	        1.5186	          0.0007	   1.5915	2.563e-03	   0.034	   103.559
 143	36	 4.6496	 1.0411	   1.5179	        1.5186	          0.0007	   1.6541	2.373e-03	   0.031	   104.313
 144	36	 4.6502	 1.0422	   1.5179	        1.5186	          0.0007	   1.6706	1.879e-03	   0.036	   105.058
 145	37	 4.6490	 1.0427	   1.5179	        1.5186	          0.0007	   1.6443	1.689e-03	   0.035	   105.778
 146	37	 4.6489	 1.0411	   1.5179	        1.5186	          0.0007	   1.5960	2.380e-03	   0.025	   106.486
 147	37	 4.6495	 1.0409	   1.5179	        1.5186	          0.0007	   1.6344	2.491e-03	   0.034	   107.209
 148	37	 4.6501	 1.0408	   1.5179	        1.5186	          0.0007	   1.6495	2.501e-03	   0.039	   107.930
 149	38	 4.6505	 1.0404	   1.5179	        1.5186	          0.0007	   1.6293	2.696e-03	   0.034	   108.637
 150	38	 4.6517	 1.0404	   1.5179	        1.5186	          0.0007	   1.6509	2.691e-03	   0.026	   109.349
 151	38	 4.6517	 1.0410	   1.5179	        1.5186	          0.0007	   1.6554	2.424e-03	   0.035	   110.077
 152	38	 4.6496	 1.0395	   1.5179	        1.5186	          0.0007	   1.5830	3.091e-03	   0.037	   110.794
 153	39	 4.6490	 1.0386	   1.5179	        1.5186	          0.0007	   1.6064	3.510e-03	   0.029	   111.527
 154	39	 4.6490	 1.0374	   1.5179	        1.5186	          0.0007	   1.6126	4.037e-03	   0.034	   112.268
 155	39	 4.6497	 1.0385	   1.5179	        1.5186	          0.0007	   1.6719	3.555e-03	   0.032	   112.985
 156	39	 4.6494	 1.0404	   1.5179	        1.5186	          0.0007	   1.6868	2.679e-03	   0.034	   113.719
 157	40	 4.6485	 1.0428	   1.5179	        1.5186	          0.0007	   1.6836	1.610e-03	   0.028	   114.433
 158	40	 4.6488	 1.0425	   1.5179	        1.5186	          0.0007	   1.6381	1.743e-03	   0.033	   115.180
 159	40	 4.6482	 1.0436	   1.5179	        1.5186	          0.0007	   1.6689	1.252e-03	   0.037	   115.897
 160	40	 4.6485	 1.0406	   1.5179	        1.5186	          0.0007	   1.5613	2.605e-03	   0.033	   116.635
 161	41	 4.6476	 1.0398	   1.5179	        1.5186	          0.0007	   1.6134	2.965e-03	   0.038	   117.432
 162	41	 4.6482	 1.0402	   1.5179	        1.5186	          0.0007	   1.6563	2.802e-03	   0.032	   118.187
 163	41	 4.6477	 1.0398	   1.5179	        1.5186	          0.0007	   1.6233	2.975e-03	   0.035	   118.909
 164	41	 4.6480	 1.0412	   1.5179	        1.5186	          0.0007	   1.6751	2.335e-03	   0.031	   119.654
 165	42	 4.6473	 1.0398	   1.5179	        1.5186	          0.0007	   1.6017	2.948e-03	   0.037	   120.399
 166	42	 4.6470	 1.0405	   1.5179	        1.5186	          0.0007	   1.6504	2.641e-03	   0.039	   121.143
 167	42	 4.6461	 1.0426	   1.5179	        1.5186	          0.0007	   1.6989	1.693e-03	   0.030	   121.894
 168	42	 4.6475	 1.0419	   1.5179	        1.5186	          0.0007	   1.6257	2.034e-03	   0.034	   122.650
 169	43	 4.6476	 1.0425	   1.5179	        1.5186	          0.0007	   1.6569	1.741e-03	   0.032	   123.398
 170	43	 4.6471	 1.0437	   1.5179	        1.5186	          0.0007	   1.6736	1.230e-03	   0.035	   124.137
 171	43	 4.6461	 1.0424	   1.5179	        1.5186	          0.0007	   1.5922	1.812e-03	   0.031	   124.886
 172	43	 4.6466	 1.0421	   1.5179	        1.5186	          0.0007	   1.6385	1.928e-03	   0.038	   125.629
 173	44	 4.6469	 1.0410	   1.5179	        1.5186	          0.0007	   1.6155	2.430e-03	   0.035	   126.358
 174	44	 4.6463	 1.0409	   1.5179	        1.5186	          0.0007	   1.6199	2.490e-03	   0.031	   127.069
 175	44	 4.6469	 1.0405	   1.5179	        1.5186	          0.0007	   1.6367	2.656e-03	   0.033	   127.785
 176	44	 4.6467	 1.0413	   1.5179	        1.5186	          0.0007	   1.6632	2.308e-03	   0.032	   128.504
 177	45	 4.6469	 1.0404	   1.5179	        1.5186	          0.0007	   1.6214	2.701e-03	   0.034	   129.221
 178	45	 4.6468	 1.0421	   1.5179	        1.5186	          0.0007	   1.6856	1.924e-03	   0.026	   129.931
 179	45	 4.6467	 1.0430	   1.5179	        1.5186	          0.0007	   1.6646	1.545e-03	   0.036	   130.655
 180	45	 4.6465	 1.0419	   1.5179	        1.5186	          0.0007	   1.6049	2.041e-03	   0.034	   131.370
 181	46	 4.6472	 1.0420	   1.5179	        1.5186	          0.0007	   1.6497	1.982e-03	   0.030	   132.102
 182	46	 4.6475	 1.0419	   1.5179	        1.5186	          0.0007	   1.6393	2.043e-03	   0.033	   132.844
 183	46	 4.6468	 1.0411	   1.5179	        1.5186	          0.0007	   1.6085	2.381e-03	   0.036	   133.564
 184	46	 4.6479	 1.0413	   1.5179	        1.5186	          0.0007	   1.6628	2.279e-03	   0.034	   134.301
 185	47	 4.6481	 1.0423	   1.5179	        1.5186	          0.0007	   1.6752	1.850e-03	   0.026	   135.012
 186	47	 4.6482	 1.0429	   1.5179	        1.5186	          0.0007	   1.6591	1.568e-03	   0.036	   135.761
 187	47	 4.6481	 1.0420	   1.5179	        1.5186	          0.0007	   1.6076	1.998e-03	   0.036	   136.476
 188	47	 4.6481	 1.0415	   1.5179	        1.5186	          0.0007	   1.6226	2.196e-03	   0.031	   137.182
 189	48	 4.6474	 1.0419	   1.5179	        1.5186	          0.0007	   1.6452	2.007e-03	   0.033	   137.904
 190	48	 4.6476	 1.0425	   1.5179	        1.5186	          0.0007	   1.6617	1.738e-03	   0.033	   138.621
 191	48	 4.6472	 1.0420	   1.5179	        1.5186	          0.0007	   1.6191	1.997e-03	   0.020	   139.343
 192	48	 4.6474	 1.0424	   1.5179	        1.5186	          0.0007	   1.6610	1.793e-03	   0.024	   140.085
 193	49	 4.6474	 1.0437	   1.5179	        1.5186	          0.0007	   1.6851	1.212e-03	   0.037	   140.814
 194	49	 4.6485	 1.0434	   1.5179	        1.5186	          0.0007	   1.6401	1.362e-03	   0.040	   141.538
 195	49	 4.6479	 1.0445	   1.5179	        1.5186	          0.0007	   1.6672	8.597e-04	   0.034	   142.289
 196	49	 4.6472	 1.0430	   1.5179	        1.5186	          0.0007	   1.5761	1.523e-03	   0.031	   143.049
 197	50	 4.6470	 1.0438	   1.5179	        1.5186	          0.0007	   1.6667	1.162e-03	   0.036	   143.799
 198	50	 4.6474	 1.0444	   1.5179	        1.5186	          0.0007	   1.6642	8.990e-04	   0.038	   144.541
 199	50	 4.6481	 1.0440	   1.5179	        1.5186	          0.0007	   1.6292	1.089e-03	   0.026	   145.280
 200	50	 4.6478	 1.0435	   1.5179	        1.5186	          0.0007	   1.6261	1.317e-03	   0.034	   146.033
 201	51	 4.6473	 1.0454	   1.5179	        1.5186	          0.0007	   1.7046	4.808e-04	   0.035	   146.764
 202	51	 4.6475	 1.0435	   1.5179	        1.5186	          0.0007	   1.5806	1.322e-03	   0.032	   147.471
 203	51	 4.6470	 1.0430	   1.5179	        1.5186	          0.0007	   1.6137	1.557e-03	   0.031	   148.186
 204	51	 4.6468	 1.0437	   1.5179	        1.5186	          0.0007	   1.6620	1.238e-03	   0.032	   148.908
 205	52	 4.6474	 1.0428	   1.5179	        1.5186	          0.0007	   1.6133	1.606e-03	   0.035	   149.623
 206	52	 4.6473	 1.0425	   1.5179	        1.5186	          0.0007	   1.6306	1.771e-03	   0.028	   150.332
 207	52	 4.6465	 1.0432	   1.5179	        1.5186	          0.0007	   1.6609	1.457e-03	   0.037	   151.060
 208	52	 4.6469	 1.0425	   1.5179	        1.5186	          0.0007	   1.6191	1.774e-03	   0.034	   151.778
 209	53	 4.6469	 1.0416	   1.5179	        1.5186	          0.0007	   1.6150	2.146e-03	   0.033	   152.502
 210	53	 4.6467	 1.0404	   1.5179	        1.5186	          0.0007	   1.5968	2.677e-03	   0.033	   153.246
 211	53	 4.6462	 1.0433	   1.5179	        1.5186	          0.0007	   1.7354	1.399e-03	   0.032	   153.965
 212	53	 4.6467	 1.0427	   1.5179	        1.5186	          0.0007	   1.6188	1.685e-03	   0.037	   154.703
 213	54	 4.6467	 1.0418	   1.5179	        1.5186	          0.0007	   1.6145	2.050e-03	   0.031	   155.485
 214	54	 4.6469	 1.0427	   1.5179	        1.5186	          0.0007	   1.6703	1.691e-03	   0.039	   156.348
 215	54	 4.6466	 1.0421	   1.5179	        1.5186	          0.0007	   1.6203	1.931e-03	   0.037	   157.162
 216	54	 4.6465	 1.0416	   1.5179	        1.5186	          0.0007	   1.6151	2.140e-03	   0.037	   157.935
 217	55	 4.6465	 1.0427	   1.5179	        1.5186	          0.0007	   1.6778	1.685e-03	   0.034	   158.685
 218	55	 4.6461	 1.0415	   1.5179	        1.5186	          0.0007	   1.5945	2.195e-03	   0.037	   159.428
 219	55	 4.6467	 1.0420	   1.5179	        1.5186	          0.0007	   1.6609	1.992e-03	   0.032	   160.171
 220	55	 4.6462	 1.0418	   1.5179	        1.5186	          0.0007	   1.6242	2.083e-03	   0.028	   160.900
 221	56	 4.6466	 1.0412	   1.5179	        1.5186	          0.0007	   1.6247	2.335e-03	   0.037	   161.626
 222	56	 4.6456	 1.0403	   1.5179	        1.5186	          0.0007	   1.5957	2.729e-03	   0.033	   162.342
 223	56	 4.6460	 1.0415	   1.5179	        1.5186	          0.0007	   1.6957	2.219e-03	   0.036	   163.097
 224	56	 4.6455	 1.0421	   1.5179	        1.5186	          0.0007	   1.6522	1.933e-03	   0.032	   163.864
 225	57	 4.6463	 1.0435	   1.5179	        1.5186	          0.0007	   1.7105	1.314e-03	   0.036	   164.603
 226	57	 4.6458	 1.0434	   1.5179	        1.5186	          0.0007	   1.6321	1.338e-03	   0.031	   165.345
 227	57	 4.6456	 1.0422	   1.5179	        1.5186	          0.0007	   1.5792	1.891e-03	   0.028	   166.090
 228	57	 4.6452	 1.0429	   1.5179	        1.5186	          0.0007	   1.6631	1.597e-03	   0.036	   166.843
 229	58	 4.6453	 1.0427	   1.5179	        1.5186	          0.0007	   1.6334	1.686e-03	   0.036	   167.575
 230	58	 4.6459	 1.0434	   1.5179	        1.5186	          0.0007	   1.6789	1.350e-03	   0.032	   168.285
 231	58	 4.6457	 1.0417	   1.5179	        1.5186	          0.0007	   1.5724	2.124e-03	   0.031	   169.004
 232	58	 4.6454	 1.0430	   1.5179	        1.5186	          0.0007	   1.6842	1.548e-03	   0.032	   169.724
 233	59	 4.6452	 1.0415	   1.5179	        1.5186	          0.0007	   1.5810	2.216e-03	   0.033	   170.434
 234	59	 4.6451	 1.0409	   1.5179	        1.5186	          0.0007	   1.6118	2.483e-03	   0.028	   171.146
 235	59	 4.6457	 1.0421	   1.5179	        1.5186	          0.0007	   1.6947	1.943e-03	   0.036	   171.874
 236	59	 4.6449	 1.0438	   1.5179	        1.5186	          0.0007	   1.6959	1.203e-03	   0.032	   172.590
 237	60	 4.6450	 1.0444	   1.5179	        1.5186	          0.0007	   1.6716	9.207e-04	   0.030	   173.305
 238	60	 4.6443	 1.0431	   1.5179	        1.5186	          0.0007	   1.5837	1.508e-03	   0.031	   174.058
 239	60	 4.6442	 1.0423	   1.5179	        1.5186	          0.0007	   1.6101	1.830e-03	   0.035	   174.784
 240	60	 4.6446	 1.0435	   1.5179	        1.5186	          0.0007	   1.6873	1.311e-03	   0.039	   175.512
 241	61	 4.6449	 1.0440	   1.5179	        1.5186	          0.0007	   1.6641	1.105e-03	   0.026	   176.226
 242	61	 4.6446	 1.0445	   1.5179	        1.5186	          0.0007	   1.6630	8.839e-04	   0.035	   176.971
 243	61	 4.6448	 1.0435	   1.5179	        1.5186	          0.0007	   1.6014	1.300e-03	   0.036	   177.694
 244	61	 4.6454	 1.0434	   1.5179	        1.5186	          0.0007	   1.6334	1.382e-03	   0.031	   178.401
 245	62	 4.6451	 1.0437	   1.5179	        1.5186	          0.0007	   1.6467	1.224e-03	   0.031	   179.120
 246	62	 4.6445	 1.0438	   1.5179	        1.5186	          0.0007	   1.6443	1.169e-03	   0.036	   179.871
 247	62	 4.6450	 1.0421	   1.5179	        1.5186	          0.0007	   1.5759	1.937e-03	   0.032	   180.593
 248	62	 4.6449	 1.0427	   1.5179	        1.5186	          0.0007	   1.6553	1.678e-03	   0.029	   181.302
 249	63	 4.6455	 1.0424	   1.5179	        1.5186	          0.0007	   1.6440	1.792e-03	   0.033	   182.026
 250	63	 4.6453	 1.0419	   1.5179	        1.5186	          0.0007	   1.6092	2.025e-03	   0.034	   182.746
 251	63	 4.6448	 1.0433	   1.5179	        1.5186	          0.0007	   1.6878	1.419e-03	   0.036	   183.485
 252	63	 4.6446	 1.0429	   1.5179	        1.5186	          0.0007	   1.6238	1.595e-03	   0.035	   184.253
 253	64	 4.6449	 1.0427	   1.5179	        1.5186	          0.0007	   1.6355	1.682e-03	   0.035	   185.003
 254	64	 4.6454	 1.0428	   1.5179	        1.5186	          0.0007	   1.6586	1.626e-03	   0.034	   185.747
 255	64	 4.6453	 1.0419	   1.5179	        1.5186	          0.0007	   1.5972	2.040e-03	   0.032	   186.487
 256	64	 4.6449	 1.0420	   1.5179	        1.5186	          0.0007	   1.6327	1.984e-03	   0.035	   187.240
 257	65	 4.6444	 1.0427	   1.5179	        1.5186	          0.0007	   1.6732	1.668e-03	   0.036	   187.979
 258	65	 4.6448	 1.0430	   1.5179	        1.5186	          0.0007	   1.6555	1.540e-03	   0.031	   188.689
 259	65	 4.6448	 1.0423	   1.5179	        1.5186	          0.0007	   1.6127	1.863e-03	   0.032	   189.406
 260	65	 4.6449	 1.0417	   1.5179	        1.5186	          0.0007	   1.6084	2.095e-03	   0.032	   190.124
 261	66	 4.6448	 1.0418	   1.5179	        1.5186	          0.0007	   1.6398	2.057e-03	   0.029	   190.840
 262	66	 4.6440	 1.0406	   1.5179	        1.5186	          0.0007	   1.5745	2.596e-03	   0.030	   191.553
 263	66	 4.6446	 1.0414	   1.5179	        1.5186	          0.0007	   1.6792	2.247e-03	   0.034	   192.278
 264	66	 4.6444	 1.0425	   1.5179	        1.5186	          0.0007	   1.6886	1.780e-03	   0.036	   192.992
 265	67	 4.6442	 1.0430	   1.5179	        1.5186	          0.0007	   1.6610	1.540e-03	   0.030	   193.703
 266	67	 4.6448	 1.0431	   1.5179	        1.5186	          0.0007	   1.6529	1.489e-03	   0.036	   194.457
 267	67	 4.6447	 1.0429	   1.5179	        1.5186	          0.0007	   1.6365	1.587e-03	   0.037	   195.201
 268	67	 4.6445	 1.0429	   1.5179	        1.5186	          0.0007	   1.6316	1.579e-03	   0.038	   195.982
 269	68	 4.6448	 1.0431	   1.5179	        1.5186	          0.0007	   1.6502	1.496e-03	   0.031	   196.767
 270	68	 4.6443	 1.0429	   1.5179	        1.5186	          0.0007	   1.6251	1.566e-03	   0.036	   197.513
 271	68	 4.6447	 1.0433	   1.5179	        1.5186	          0.0007	   1.6679	1.393e-03	   0.037	   198.239
 272	68	 4.6445	 1.0424	   1.5179	        1.5186	          0.0007	   1.6011	1.784e-03	   0.031	   198.951
 273	69	 4.6451	 1.0442	   1.5179	        1.5186	          0.0007	   1.7335	9.912e-04	   0.033	   199.709
 274	69	 4.6452	 1.0430	   1.5179	        1.5186	          0.0007	   1.5830	1.550e-03	   0.037	   200.450
 275	69	 4.6451	 1.0440	   1.5179	        1.5186	          0.0007	   1.6880	1.102e-03	   0.034	   201.170
 276	69	 4.6447	 1.0422	   1.5179	        1.5186	          0.0007	   1.5454	1.908e-03	   0.030	   201.883
 277	70	 4.6444	 1.0414	   1.5179	        1.5186	          0.0007	   1.5997	2.266e-03	   0.033	   202.609
 278	70	 4.6445	 1.0415	   1.5179	        1.5186	          0.0007	   1.6475	2.197e-03	   0.037	   203.327
 279	70	 4.6446	 1.0413	   1.5179	        1.5186	          0.0007	   1.6292	2.293e-03	   0.031	   204.047
 280	70	 4.6450	 1.0423	   1.5179	        1.5186	          0.0007	   1.6918	1.854e-03	   0.027	   204.730
 281	71	 4.6450	 1.0443	   1.5179	        1.5186	          0.0007	   1.7414	9.712e-04	   0.028	   205.377
 282	71	 4.6450	 1.0435	   1.5179	        1.5186	          0.0007	   1.5945	1.320e-03	   0.030	   206.025
 283	71	 4.6447	 1.0429	   1.5179	        1.5186	          0.0007	   1.6126	1.597e-03	   0.026	   206.642
 284	71	 4.6448	 1.0422	   1.5179	        1.5186	          0.0007	   1.6097	1.880e-03	   0.021	   207.217
 285	72	 4.6450	 1.0422	   1.5179	        1.5186	          0.0007	   1.6342	1.899e-03	   0.025	   207.754
 286	72	 4.6452	 1.0427	   1.5179	        1.5186	          0.0007	   1.6666	1.686e-03	   0.026	   208.316
 287	72	 4.6447	 1.0433	   1.5179	        1.5186	          0.0007	   1.6657	1.390e-03	   0.021	   208.824
 288	72	 4.6443	 1.0432	   1.5179	        1.5186	          0.0007	   1.6352	1.451e-03	   0.025	   209.340
 289	73	 4.6450	 1.0424	   1.5179	        1.5186	          0.0007	   1.6042	1.807e-03	   0.025	   209.858
 290	73	 4.6450	 1.0424	   1.5179	        1.5186	          0.0007	   1.6468	1.796e-03	   0.022	   210.368
 291	73	 4.6447	 1.0422	   1.5179	        1.5186	          0.0007	   1.6291	1.879e-03	   0.026	   210.878
 292	73	 4.6446	 1.0427	   1.5179	        1.5186	          0.0007	   1.6655	1.657e-03	   0.028	   211.394
 293	74	 4.6447	 1.0421	   1.5179	        1.5186	          0.0007	   1.6145	1.917e-03	   0.026	   211.933
 294	74	 4.6449	 1.0432	   1.5179	        1.5186	          0.0007	   1.7003	1.471e-03	   0.022	   212.451
 295	74	 4.6450	 1.0422	   1.5179	        1.5186	          0.0007	   1.5895	1.898e-03	   0.023	   212.976
 296	74	 4.6447	 1.0432	   1.5179	        1.5186	          0.0007	   1.6868	1.439e-03	   0.025	   213.507
 297	75	 4.6449	 1.0423	   1.5179	        1.5186	          0.0007	   1.5950	1.868e-03	   0.026	   214.029
 298	75	 4.6451	 1.0427	   1.5179	        1.5186	          0.0007	   1.6632	1.685e-03	   0.028	   214.542
 299	75	 4.6453	 1.0423	   1.5179	        1.5186	          0.0007	   1.6274	1.837e-03	   0.027	   215.074
 300	75	 4.6453	 1.0429	   1.5179	        1.5186	          0.0007	   1.6717	1.567e-03	   0.025	   215.599
 301	76	 4.6457	 1.0434	   1.5179	        1.5186	          0.0007	   1.6714	1.339e-03	   0.021	   216.141
 302	76	 4.6455	 1.0436	   1.5179	        1.5186	          0.0007	   1.6505	1.283e-03	   0.024	   216.653
 303	76	 4.6453	 1.0433	   1.5179	        1.5186	          0.0007	   1.6222	1.404e-03	   0.025	   217.171
 304	76	 4.6452	 1.0436	   1.5179	        1.5186	          0.0007	   1.6502	1.287e-03	   0.025	   217.683
 305	77	 4.6450	 1.0438	   1.5179	        1.5186	          0.0007	   1.6475	1.194e-03	   0.024	   218.195
 306	77	 4.6450	 1.0444	   1.5179	        1.5186	          0.0007	   1.6718	9.003e-04	   0.028	   218.728
 307	77	 4.6452	 1.0445	   1.5179	        1.5186	          0.0007	   1.6557	8.893e-04	   0.025	   219.263
 308	77	 4.6450	 1.0439	   1.5179	        1.5186	          0.0007	   1.5995	1.140e-03	   0.021	   219.815
 309	78	 4.6455	 1.0430	   1.5179	        1.5186	          0.0007	   1.6037	1.533e-03	   0.026	   220.351
 310	78	 4.6455	 1.0430	   1.5179	        1.5186	          0.0007	   1.6402	1.549e-03	   0.027	   220.900
 311	78	 4.6457	 1.0441	   1.5179	        1.5186	          0.0007	   1.6987	1.065e-03	   0.028	   221.436
 312	78	 4.6453	 1.0437	   1.5179	        1.5186	          0.0007	   1.6151	1.214e-03	   0.027	   221.974
 313	79	 4.6452	 1.0432	   1.5179	        1.5186	          0.0007	   1.6045	1.458e-03	   0.027	   222.507
 314	79	 4.6447	 1.0434	   1.5179	        1.5186	          0.0007	   1.6541	1.354e-03	   0.025	   223.034
 315	79	 4.6447	 1.0433	   1.5179	        1.5186	          0.0007	   1.6275	1.388e-03	   0.021	   223.544
 316	79	 4.6451	 1.0438	   1.5179	        1.5186	          0.0007	   1.6761	1.204e-03	   0.024	   224.060
 317	80	 4.6453	 1.0424	   1.5179	        1.5186	          0.0007	   1.5721	1.816e-03	   0.025	   224.576
 318	80	 4.6455	 1.0433	   1.5179	        1.5186	          0.0007	   1.6843	1.403e-03	   0.023	   225.084
 319	80	 4.6457	 1.0436	   1.5179	        1.5186	          0.0007	   1.6618	1.275e-03	   0.023	   225.599
 320	80	 4.6455	 1.0437	   1.5179	        1.5186	          0.0007	   1.6507	1.205e-03	   0.032	   226.144
 321	81	 4.6449	 1.0432	   1.5179	        1.5186	          0.0007	   1.6009	1.443e-03	   0.033	   226.781
 322	81	 4.6451	 1.0435	   1.5179	        1.5186	          0.0007	   1.6551	1.323e-03	   0.030	   227.403
 323	81	 4.6456	 1.0435	   1.5179	        1.5186	          0.0007	   1.6545	1.310e-03	   0.025	   228.022
 324	81	 4.6457	 1.0436	   1.5179	        1.5186	          0.0007	   1.6437	1.286e-03	   0.029	   228.563
 325	82	 4.6457	 1.0439	   1.5179	        1.5186	          0.0007	   1.6593	1.152e-03	   0.025	   229.090
 326	82	 4.6453	 1.0437	   1.5179	        1.5186	          0.0007	   1.6252	1.206e-03	   0.024	   229.604
 327	82	 4.6452	 1.0430	   1.5179	        1.5186	          0.0007	   1.5995	1.540e-03	   0.029	   230.169
 328	82	 4.6455	 1.0439	   1.5179	        1.5186	          0.0007	   1.6998	1.131e-03	   0.025	   230.712
 329	83	 4.6455	 1.0428	   1.5179	        1.5186	          0.0007	   1.5751	1.631e-03	   0.022	   231.235
 330	83	 4.6453	 1.0440	   1.5179	        1.5186	          0.0007	   1.7066	1.095e-03	   0.022	   231.746
 331	83	 4.6455	 1.0434	   1.5179	        1.5186	          0.0007	   1.6102	1.345e-03	   0.025	   232.267
 332	83	 4.6460	 1.0435	   1.5179	        1.5186	          0.0007	   1.6590	1.306e-03	   0.025	   232.776
 333	84	 4.6459	 1.0435	   1.5179	        1.5186	          0.0007	   1.6381	1.330e-03	   0.026	   233.289
 334	84	 4.6457	 1.0437	   1.5179	        1.5186	          0.0007	   1.6467	1.246e-03	   0.028	   233.821
 335	84	 4.6454	 1.0441	   1.5179	        1.5186	          0.0007	   1.6528	1.044e-03	   0.024	   234.361
 336	84	 4.6455	 1.0435	   1.5179	        1.5186	          0.0007	   1.6142	1.303e-03	   0.023	   234.908
 337	85	 4.6453	 1.0434	   1.5179	        1.5186	          0.0007	   1.6307	1.364e-03	   0.026	   235.437
 338	85	 4.6447	 1.0424	   1.5179	        1.5186	          0.0007	   1.5729	1.797e-03	   0.027	   235.990
 339	85	 4.6452	 1.0428	   1.5179	        1.5186	          0.0007	   1.6693	1.620e-03	   0.027	   236.524
 340	85	 4.6455	 1.0431	   1.5179	        1.5186	          0.0007	   1.6604	1.497e-03	   0.027	   237.061
 341	86	 4.6458	 1.0435	   1.5179	        1.5186	          0.0007	   1.6576	1.337e-03	   0.025	   237.599
 342	86	 4.6459	 1.0434	   1.5179	        1.5186	          0.0007	   1.6381	1.378e-03	   0.022	   238.131
 343	86	 4.6459	 1.0430	   1.5179	        1.5186	          0.0007	   1.6167	1.548e-03	   0.023	   238.644
 344	86	 4.6456	 1.0433	   1.5179	        1.5186	          0.0007	   1.6619	1.399e-03	   0.025	   239.155
 345	87	 4.6456	 1.0428	   1.5179	        1.5186	          0.0007	   1.6021	1.641e-03	   0.027	   239.670
 346	87	 4.6450	 1.0435	   1.5179	        1.5186	          0.0007	   1.6669	1.319e-03	   0.022	   240.179
 347	87	 4.6454	 1.0436	   1.5179	        1.5186	          0.0007	   1.6600	1.284e-03	   0.026	   240.695
 348	87	 4.6454	 1.0437	   1.5179	        1.5186	          0.0007	   1.6571	1.206e-03	   0.027	   241.208
 349	88	 4.6452	 1.0428	   1.5179	        1.5186	          0.0007	   1.5669	1.649e-03	   0.023	   241.746
 350	88	 4.6451	 1.0430	   1.5179	        1.5186	          0.0007	   1.6594	1.551e-03	   0.022	   242.258
 351	88	 4.6451	 1.0428	   1.5179	        1.5186	          0.0007	   1.6278	1.621e-03	   0.022	   242.792
 352	88	 4.6451	 1.0436	   1.5179	        1.5186	          0.0007	   1.6939	1.268e-03	   0.027	   243.308
 353	89	 4.6451	 1.0441	   1.5179	        1.5186	          0.0007	   1.6642	1.045e-03	   0.022	   243.838
 354	89	 4.6449	 1.0443	   1.5179	        1.5186	          0.0007	   1.6536	9.408e-04	   0.024	   244.355
 355	89	 4.6451	 1.0433	   1.5179	        1.5186	          0.0007	   1.5856	1.390e-03	   0.031	   244.916
 356	89	 4.6450	 1.0439	   1.5179	        1.5186	          0.0007	   1.6748	1.134e-03	   0.025	   245.444
 357	90	 4.6448	 1.0440	   1.5179	        1.5186	          0.0007	   1.6412	1.099e-03	   0.023	   245.956
 358	90	 4.6446	 1.0435	   1.5179	        1.5186	          0.0007	   1.6030	1.322e-03	   0.022	   246.469
 359	90	 4.6451	 1.0435	   1.5179	        1.5186	          0.0007	   1.6487	1.306e-03	   0.027	   246.988
 360	90	 4.6447	 1.0436	   1.5179	        1.5186	          0.0007	   1.6391	1.291e-03	   0.024	   247.493
 361	91	 4.6447	 1.0430	   1.5179	        1.5186	          0.0007	   1.6037	1.552e-03	   0.026	   248.008
 362	91	 4.6447	 1.0434	   1.5179	        1.5186	          0.0007	   1.6652	1.370e-03	   0.029	   248.534
 363	91	 4.6444	 1.0434	   1.5179	        1.5186	          0.0007	   1.6435	1.367e-03	   0.025	   249.077
 364	91	 4.6444	 1.0438	   1.5179	        1.5186	          0.0007	   1.6627	1.187e-03	   0.020	   249.618
 365	92	 4.6445	 1.0441	   1.5179	        1.5186	          0.0007	   1.6637	1.060e-03	   0.020	   250.155
 366	92	 4.6445	 1.0439	   1.5179	        1.5186	          0.0007	   1.6272	1.123e-03	   0.028	   250.708
 367	92	 4.6446	 1.0436	   1.5179	        1.5186	          0.0007	   1.6152	1.290e-03	   0.025	   251.239
 368	92	 4.6445	 1.0438	   1.5179	        1.5186	          0.0007	   1.6618	1.161e-03	   0.029	   251.771
 369	93	 4.6445	 1.0435	   1.5179	        1.5186	          0.0007	   1.6186	1.332e-03	   0.026	   252.314
 370	93	 4.6449	 1.0439	   1.5179	        1.5186	          0.0007	   1.6779	1.116e-03	   0.024	   252.853
 371	93	 4.6449	 1.0443	   1.5179	        1.5186	          0.0007	   1.6626	9.747e-04	   0.022	   253.361
 372	93	 4.6449	 1.0440	   1.5179	        1.5186	          0.0007	   1.6253	1.085e-03	   0.022	   253.873
 373	94	 4.6449	 1.0441	   1.5179	        1.5186	          0.0007	   1.6431	1.051e-03	   0.027	   254.394
 374	94	 4.6448	 1.0443	   1.5179	        1.5186	          0.0007	   1.6486	9.583e-04	   0.023	   254.902
 375	94	 4.6449	 1.0439	   1.5179	        1.5186	          0.0007	   1.6202	1.141e-03	   0.030	   255.457
 376	94	 4.6447	 1.0441	   1.5179	        1.5186	          0.0007	   1.6581	1.049e-03	   0.026	   256.039
 377	95	 4.6448	 1.0442	   1.5179	        1.5186	          0.0007	   1.6524	9.905e-04	   0.025	   256.604
 378	95	 4.6447	 1.0442	   1.5179	        1.5186	          0.0007	   1.6319	1.006e-03	   0.022	   257.119
 379	95	 4.6444	 1.0445	   1.5179	        1.5186	          0.0007	   1.6573	8.588e-04	   0.024	   257.653
 380	95	 4.6441	 1.0435	   1.5179	        1.5186	          0.0007	   1.5725	1.303e-03	   0.028	   258.174
 381	96	 4.6439	 1.0439	   1.5179	        1.5186	          0.0007	   1.6555	1.158e-03	   0.024	   258.710
 382	96	 4.6434	 1.0437	   1.5179	        1.5186	          0.0007	   1.6173	1.213e-03	   0.029	   259.261
 383	96	 4.6440	 1.0435	   1.5179	        1.5186	          0.0007	   1.6433	1.294e-03	   0.030	   259.806
 384	96	 4.6440	 1.0436	   1.5179	        1.5186	          0.0007	   1.6512	1.254e-03	   0.023	   260.338
 385	97	 4.6444	 1.0438	   1.5179	        1.5186	          0.0007	   1.6606	1.188e-03	   0.020	   260.850
 386	97	 4.6442	 1.0439	   1.5179	        1.5186	          0.0007	   1.6446	1.134e-03	   0.022	   261.362
 387	97	 4.6443	 1.0441	   1.5179	        1.5186	          0.0007	   1.6475	1.070e-03	   0.023	   261.878
 388	97	 4.6441	 1.0435	   1.5179	        1.5186	          0.0007	   1.6037	1.305e-03	   0.019	   262.388
 389	98	 4.6443	 1.0433	   1.5179	        1.5186	          0.0007	   1.6236	1.391e-03	   0.025	   262.906
 390	98	 4.6444	 1.0437	   1.5179	        1.5186	          0.0007	   1.6650	1.222e-03	   0.026	   263.417
 391	98	 4.6442	 1.0441	   1.5179	        1.5186	          0.0007	   1.6750	1.038e-03	   0.026	   263.963
 392	98	 4.6442	 1.0437	   1.5179	        1.5186	          0.0007	   1.6111	1.214e-03	   0.020	   264.505
 393	99	 4.6440	 1.0433	   1.5179	        1.5186	          0.0007	   1.6102	1.414e-03	   0.023	   265.049
 394	99	 4.6442	 1.0440	   1.5179	        1.5186	          0.0007	   1.6990	1.110e-03	   0.027	   265.595
 395	99	 4.6443	 1.0441	   1.5179	        1.5186	          0.0007	   1.6442	1.049e-03	   0.021	   266.130
 396	99	 4.6443	 1.0438	   1.5179	        1.5186	          0.0007	   1.6152	1.194e-03	   0.025	   266.663
 397	100	 4.6442	 1.0435	   1.5179	        1.5186	          0.0007	   1.6244	1.300e-03	   0.025	   267.205
 398	100	 4.6439	 1.0441	   1.5179	        1.5186	          0.0007	   1.6775	1.040e-03	   0.026	   267.743
 399	100	 4.6439	 1.0441	   1.5179	        1.5186	          0.0007	   1.6342	1.051e-03	   0.017	   268.251
 400	100	 4.6438	 1.0439	   1.5179	        1.5186	          0.0007	   1.6287	1.135e-03	   0.020	   268.767
 401	101	 4.6436	 1.0434	   1.5179	        1.5186	          0.0007	   1.5952	1.368e-03	   0.025	   269.285
 402	101	 4.6437	 1.0437	   1.5179	        1.5186	          0.0007	   1.6610	1.248e-03	   0.022	   269.793
 403	101	 4.6440	 1.0437	   1.5179	        1.5186	          0.0007	   1.6474	1.240e-03	   0.026	   270.310
 404	101	 4.6438	 1.0443	   1.5179	        1.5186	          0.0007	   1.6828	9.723e-04	   0.023	   270.823
 405	102	 4.6437	 1.0447	   1.5179	        1.5186	          0.0007	   1.6675	7.910e-04	   0.026	   271.348
 406	102	 4.6436	 1.0442	   1.5179	        1.5186	          0.0007	   1.6064	9.838e-04	   0.019	   271.868
 407	102	 4.6437	 1.0442	   1.5179	        1.5186	          0.0007	   1.6453	1.003e-03	   0.022	   272.398
 408	102	 4.6436	 1.0447	   1.5179	        1.5186	          0.0007	   1.6688	8.043e-04	   0.025	   272.924
 409	103	 4.6434	 1.0448	   1.5179	        1.5186	          0.0007	   1.6411	7.397e-04	   0.025	   273.456
 410	103	 4.6433	 1.0442	   1.5179	        1.5186	          0.0007	   1.5966	1.021e-03	   0.024	   274.007
 411	103	 4.6436	 1.0438	   1.5179	        1.5186	          0.0007	   1.6260	1.173e-03	   0.023	   274.526
 412	103	 4.6437	 1.0445	   1.5179	        1.5186	          0.0007	   1.6962	8.596e-04	   0.025	   275.062
 413	104	 4.6439	 1.0438	   1.5179	        1.5186	          0.0007	   1.5868	1.191e-03	   0.017	   275.572
 414	104	 4.6436	 1.0445	   1.5179	        1.5186	          0.0007	   1.6846	8.728e-04	   0.022	   276.079
 415	104	 4.6435	 1.0446	   1.5179	        1.5186	          0.0007	   1.6519	8.485e-04	   0.023	   276.598
 416	104	 4.6438	 1.0445	   1.5179	        1.5186	          0.0007	   1.6438	8.682e-04	   0.022	   277.109
 417	105	 4.6435	 1.0445	   1.5179	        1.5186	          0.0007	   1.6327	8.761e-04	   0.024	   277.623
 418	105	 4.6435	 1.0443	   1.5179	        1.5186	          0.0007	   1.6286	9.516e-04	   0.022	   278.135
 419	105	 4.6436	 1.0445	   1.5179	        1.5186	          0.0007	   1.6566	8.884e-04	   0.026	   278.681
 420	105	 4.6437	 1.0446	   1.5179	        1.5186	          0.0007	   1.6558	8.128e-04	   0.022	   279.212
 421	106	 4.6436	 1.0442	   1.5179	        1.5186	          0.0007	   1.6027	1.019e-03	   0.023	   279.762
 422	106	 4.6438	 1.0444	   1.5179	        1.5186	          0.0007	   1.6626	9.355e-04	   0.025	   280.304
 423	106	 4.6439	 1.0447	   1.5179	        1.5186	          0.0007	   1.6663	7.914e-04	   0.021	   280.845
 424	106	 4.6437	 1.0446	   1.5179	        1.5186	          0.0007	   1.6306	8.160e-04	   0.025	   281.381
 425	107	 4.6436	 1.0441	   1.5179	        1.5186	          0.0007	   1.5995	1.048e-03	   0.026	   281.917
 426	107	 4.6437	 1.0442	   1.5179	        1.5186	          0.0007	   1.6527	1.001e-03	   0.028	   282.477
 427	107	 4.6436	 1.0439	   1.5179	        1.5186	          0.0007	   1.6193	1.128e-03	   0.022	   283.039
 428	107	 4.6438	 1.0443	   1.5179	        1.5186	          0.0007	   1.6721	9.506e-04	   0.028	   283.637
 429	108	 4.6438	 1.0443	   1.5179	        1.5186	          0.0007	   1.6406	9.749e-04	   0.029	   284.262
 430	108	 4.6439	 1.0450	   1.5179	        1.5186	          0.0007	   1.6938	6.733e-04	   0.026	   284.850
 431	108	 4.6437	 1.0449	   1.5179	        1.5186	          0.0007	   1.6293	7.019e-04	   0.027	   285.403
 432	108	 4.6436	 1.0445	   1.5179	        1.5186	          0.0007	   1.6129	8.550e-04	   0.023	   285.917
 433	109	 4.6435	 1.0454	   1.5179	        1.5186	          0.0007	   1.6998	4.945e-04	   0.022	   286.433
 434	109	 4.6434	 1.0445	   1.5179	        1.5186	          0.0007	   1.5753	8.518e-04	   0.016	   286.965
 435	109	 4.6435	 1.0444	   1.5179	        1.5186	          0.0007	   1.6328	9.249e-04	   0.025	   287.492
 436	109	 4.6435	 1.0446	   1.5179	        1.5186	          0.0007	   1.6576	8.472e-04	   0.028	   288.045
 437	110	 4.6434	 1.0444	   1.5179	        1.5186	          0.0007	   1.6396	9.055e-04	   0.026	   288.594
 438	110	 4.6434	 1.0440	   1.5179	        1.5186	          0.0007	   1.6083	1.080e-03	   0.022	   289.135
 439	110	 4.6437	 1.0437	   1.5179	        1.5186	          0.0007	   1.6230	1.222e-03	   0.024	   289.650
 440	110	 4.6435	 1.0445	   1.5179	        1.5186	          0.0007	   1.6891	8.895e-04	   0.024	   290.188
 441	111	 4.6435	 1.0453	   1.5179	        1.5186	          0.0007	   1.7037	5.228e-04	   0.017	   290.697
 442	111	 4.6435	 1.0446	   1.5179	        1.5186	          0.0007	   1.5910	8.197e-04	   0.024	   291.215
 443	111	 4.6437	 1.0449	   1.5179	        1.5186	          0.0007	   1.6729	6.785e-04	   0.023	   291.729
 444	111	 4.6435	 1.0448	   1.5179	        1.5186	          0.0007	   1.6217	7.626e-04	   0.023	   292.237
 445	112	 4.6436	 1.0444	   1.5179	        1.5186	          0.0007	   1.6145	9.279e-04	   0.022	   292.749
 446	112	 4.6437	 1.0439	   1.5179	        1.5186	          0.0007	   1.6091	1.126e-03	   0.022	   293.265
 447	112	 4.6434	 1.0442	   1.5179	        1.5186	          0.0007	   1.6565	1.014e-03	   0.026	   293.802
 448	112	 4.6435	 1.0443	   1.5179	        1.5186	          0.0007	   1.6516	9.640e-04	   0.019	   294.330
 449	113	 4.6436	 1.0448	   1.5179	        1.5186	          0.0007	   1.6851	7.237e-04	   0.024	   294.887
 450	113	 4.6438	 1.0449	   1.5179	        1.5186	          0.0007	   1.6551	7.022e-04	   0.025	   295.428
 451	113	 4.6436	 1.0438	   1.5179	        1.5186	          0.0007	   1.5500	1.166e-03	   0.023	   295.971
 452	113	 4.6436	 1.0445	   1.5179	        1.5186	          0.0007	   1.6918	8.815e-04	   0.026	   296.505
 453	114	 4.6437	 1.0444	   1.5179	        1.5186	          0.0007	   1.6396	9.018e-04	   0.026	   297.040
 454	114	 4.6439	 1.0448	   1.5179	        1.5186	          0.0007	   1.6761	7.454e-04	   0.024	   297.581
 455	114	 4.6438	 1.0446	   1.5179	        1.5186	          0.0007	   1.6166	8.332e-04	   0.019	   298.103
 456	114	 4.6437	 1.0447	   1.5179	        1.5186	          0.0007	   1.6525	7.667e-04	   0.020	   298.615
 457	115	 4.6436	 1.0453	   1.5179	        1.5186	          0.0007	   1.6878	5.032e-04	   0.021	   299.134
 458	115	 4.6435	 1.0458	   1.5179	        1.5186	          0.0007	   1.6800	2.888e-04	   0.024	   299.646
 459	115	 4.6436	 1.0452	   1.5179	        1.5186	          0.0007	   1.5963	5.701e-04	   0.023	   300.130
 460	115	 4.6435	 1.0450	   1.5179	        1.5186	          0.0007	   1.6181	6.708e-04	   0.020	   300.611
 461	116	 4.6434	 1.0442	   1.5179	        1.5186	          0.0007	   1.5860	9.839e-04	   0.024	   301.072
 462	116	 4.6433	 1.0439	   1.5179	        1.5186	          0.0007	   1.6113	1.148e-03	   0.021	   301.539
 463	116	 4.6432	 1.0442	   1.5179	        1.5186	          0.0007	   1.6577	1.027e-03	   0.022	   301.965
 464	116	 4.6432	 1.0444	   1.5179	        1.5186	          0.0007	   1.6587	9.186e-04	   0.023	   302.461
 465	117	 4.6430	 1.0445	   1.5179	        1.5186	          0.0007	   1.6478	8.759e-04	   0.022	   302.898
 466	117	 4.6428	 1.0449	   1.5179	        1.5186	          0.0007	   1.6631	6.912e-04	   0.020	   303.336
 467	117	 4.6428	 1.0444	   1.5179	        1.5186	          0.0007	   1.5952	9.328e-04	   0.020	   303.747
 468	117	 4.6428	 1.0443	   1.5179	        1.5186	          0.0007	   1.6365	9.773e-04	   0.019	   304.192
 469	118	 4.6432	 1.0447	   1.5179	        1.5186	          0.0007	   1.6809	7.964e-04	   0.018	   304.609
 470	118	 4.6432	 1.0442	   1.5179	        1.5186	          0.0007	   1.5974	1.009e-03	   0.023	   305.029
 471	118	 4.6433	 1.0442	   1.5179	        1.5186	          0.0007	   1.6352	1.023e-03	   0.021	   305.451
 472	118	 4.6430	 1.0438	   1.5179	        1.5186	          0.0007	   1.6143	1.189e-03	   0.020	   305.868
 473	119	 4.6431	 1.0434	   1.5179	        1.5186	          0.0007	   1.6078	1.342e-03	   0.019	   306.290
 474	119	 4.6429	 1.0439	   1.5179	        1.5186	          0.0007	   1.6767	1.126e-03	   0.020	   306.701
 475	119	 4.6434	 1.0439	   1.5179	        1.5186	          0.0007	   1.6557	1.118e-03	   0.020	   307.152
 476	119	 4.6432	 1.0436	   1.5179	        1.5186	          0.0007	   1.6095	1.275e-03	   0.020	   307.592
 477	120	 4.6435	 1.0435	   1.5179	        1.5186	          0.0007	   1.6462	1.306e-03	   0.024	   308.037
 478	120	 4.6436	 1.0441	   1.5179	        1.5186	          0.0007	   1.6919	1.063e-03	   0.023	   308.479
 479	120	 4.6434	 1.0442	   1.5179	        1.5186	          0.0007	   1.6434	9.913e-04	   0.022	   308.933
 480	120	 4.6433	 1.0438	   1.5179	        1.5186	          0.0007	   1.6015	1.191e-03	   0.023	   309.377
 481	121	 4.6434	 1.0434	   1.5179	        1.5186	          0.0007	   1.6052	1.358e-03	   0.020	   309.809
 482	121	 4.6432	 1.0430	   1.5179	        1.5186	          0.0007	   1.6089	1.526e-03	   0.019	   310.283
 483	121	 4.6430	 1.0437	   1.5179	        1.5186	          0.0007	   1.6906	1.210e-03	   0.022	   310.783
 484	121	 4.6434	 1.0433	   1.5179	        1.5186	          0.0007	   1.6119	1.418e-03	   0.023	   311.248
 485	122	 4.6434	 1.0428	   1.5179	        1.5186	          0.0007	   1.6059	1.629e-03	   0.021	   311.676
 486	122	 4.6436	 1.0426	   1.5179	        1.5186	          0.0007	   1.6282	1.711e-03	   0.020	   312.093
 487	122	 4.6435	 1.0431	   1.5179	        1.5186	          0.0007	   1.6787	1.493e-03	   0.021	   312.515
 488	122	 4.6437	 1.0434	   1.5179	        1.5186	          0.0007	   1.6682	1.373e-03	   0.020	   312.926
 489	123	 4.6436	 1.0430	   1.5179	        1.5186	          0.0007	   1.6116	1.517e-03	   0.021	   313.353
 490	123	 4.6436	 1.0424	   1.5179	        1.5186	          0.0007	   1.5900	1.811e-03	   0.020	   313.790
 491	123	 4.6436	 1.0431	   1.5179	        1.5186	          0.0007	   1.6997	1.506e-03	   0.023	   314.246
 492	123	 4.6436	 1.0439	   1.5179	        1.5186	          0.0007	   1.7007	1.156e-03	   0.023	   314.712
 493	124	 4.6433	 1.0435	   1.5179	        1.5186	          0.0007	   1.5965	1.328e-03	   0.020	   315.140
 494	124	 4.6437	 1.0437	   1.5179	        1.5186	          0.0007	   1.6740	1.218e-03	   0.020	   315.584
 495	124	 4.6433	 1.0436	   1.5179	        1.5186	          0.0007	   1.6120	1.272e-03	   0.020	   315.995
 496	124	 4.6434	 1.0438	   1.5179	        1.5186	          0.0007	   1.6710	1.174e-03	   0.022	   316.437
 497	125	 4.6436	 1.0437	   1.5179	        1.5186	          0.0007	   1.6362	1.240e-03	   0.018	   316.857
 498	125	 4.6437	 1.0436	   1.5179	        1.5186	          0.0007	   1.6348	1.278e-03	   0.023	   317.277
 499	125	 4.6435	 1.0437	   1.5179	        1.5186	          0.0007	   1.6428	1.238e-03	   0.021	   317.699
 500	125	 4.6435	 1.0438	   1.5179	        1.5186	          0.0007	   1.6547	1.178e-03	   0.020	   318.116
 501	126	 4.6438	 1.0438	   1.5179	        1.5186	          0.0007	   1.6472	1.176e-03	   0.020	   318.538
 502	126	 4.6435	 1.0433	   1.5179	        1.5186	          0.0007	   1.5974	1.390e-03	   0.020	   318.949
 503	126	 4.6436	 1.0441	   1.5179	        1.5186	          0.0007	   1.7066	1.056e-03	   0.020	   319.393
 504	126	 4.6434	 1.0436	   1.5179	        1.5186	          0.0007	   1.5820	1.291e-03	   0.020	   319.832
 505	127	 4.6436	 1.0442	   1.5179	        1.5186	          0.0007	   1.6936	1.016e-03	   0.023	   320.279
 506	127	 4.6437	 1.0442	   1.5179	        1.5186	          0.0007	   1.6507	1.024e-03	   0.021	   320.725
 507	127	 4.6434	 1.0441	   1.5179	        1.5186	          0.0007	   1.6301	1.056e-03	   0.022	   321.175
 508	127	 4.6433	 1.0435	   1.5179	        1.5186	          0.0007	   1.5743	1.327e-03	   0.020	   321.618
 509	128	 4.6431	 1.0430	   1.5179	        1.5186	          0.0007	   1.5921	1.558e-03	   0.022	   322.048
 510	128	 4.6435	 1.0427	   1.5179	        1.5186	          0.0007	   1.6325	1.675e-03	   0.020	   322.500
 511	128	 4.6431	 1.0427	   1.5179	        1.5186	          0.0007	   1.6342	1.655e-03	   0.018	   322.938
 512	128	 4.6432	 1.0427	   1.5179	        1.5186	          0.0007	   1.6383	1.657e-03	   0.023	   323.358
 513	129	 4.6432	 1.0423	   1.5179	        1.5186	          0.0007	   1.6016	1.839e-03	   0.021	   323.780
 514	129	 4.6433	 1.0427	   1.5179	        1.5186	          0.0007	   1.6803	1.650e-03	   0.020	   324.197
 515	129	 4.6430	 1.0428	   1.5179	        1.5186	          0.0007	   1.6426	1.630e-03	   0.020	   324.619
 516	129	 4.6431	 1.0427	   1.5179	        1.5186	          0.0007	   1.6352	1.653e-03	   0.020	   325.030
 517	130	 4.6429	 1.0427	   1.5179	        1.5186	          0.0007	   1.6265	1.668e-03	   0.019	   325.453
 518	130	 4.6429	 1.0424	   1.5179	        1.5186	          0.0007	   1.6078	1.809e-03	   0.020	   325.896
 519	130	 4.6429	 1.0428	   1.5179	        1.5186	          0.0007	   1.6898	1.606e-03	   0.023	   326.350
 520	130	 4.6429	 1.0427	   1.5179	        1.5186	          0.0007	   1.6344	1.656e-03	   0.021	   326.794
 521	131	 4.6430	 1.0429	   1.5179	        1.5186	          0.0007	   1.6642	1.565e-03	   0.020	   327.211
 522	131	 4.6435	 1.0427	   1.5179	        1.5186	          0.0007	   1.6329	1.686e-03	   0.021	   327.655
 523	131	 4.6433	 1.0424	   1.5179	        1.5186	          0.0007	   1.6011	1.816e-03	   0.020	   328.066
 524	131	 4.6430	 1.0422	   1.5179	        1.5186	          0.0007	   1.6242	1.873e-03	   0.022	   328.501
 525	132	 4.6429	 1.0421	   1.5179	        1.5186	          0.0007	   1.6193	1.949e-03	   0.018	   328.928
 526	132	 4.6428	 1.0429	   1.5179	        1.5186	          0.0007	   1.7153	1.588e-03	   0.023	   329.348
 527	132	 4.6427	 1.0428	   1.5179	        1.5186	          0.0007	   1.6277	1.613e-03	   0.021	   329.770
 528	132	 4.6427	 1.0425	   1.5179	        1.5186	          0.0007	   1.6102	1.764e-03	   0.020	   330.187
 529	133	 4.6429	 1.0425	   1.5179	        1.5186	          0.0007	   1.6533	1.754e-03	   0.020	   330.609
 530	133	 4.6426	 1.0428	   1.5179	        1.5186	          0.0007	   1.6625	1.610e-03	   0.020	   331.019
 531	133	 4.6428	 1.0423	   1.5179	        1.5186	          0.0007	   1.5956	1.829e-03	   0.020	   331.459
 532	133	 4.6427	 1.0423	   1.5179	        1.5186	          0.0007	   1.6415	1.833e-03	   0.018	   331.899
 533	134	 4.6430	 1.0425	   1.5179	        1.5186	          0.0007	   1.6701	1.744e-03	   0.027	   332.355
 534	134	 4.6429	 1.0421	   1.5179	        1.5186	          0.0007	   1.5892	1.933e-03	   0.024	   332.846
 535	134	 4.6427	 1.0422	   1.5179	        1.5186	          0.0007	   1.6317	1.915e-03	   0.026	   333.361
 536	134	 4.6426	 1.0428	   1.5179	        1.5186	          0.0007	   1.6991	1.648e-03	   0.025	   333.914
 537	135	 4.6427	 1.0429	   1.5179	        1.5186	          0.0007	   1.6567	1.571e-03	   0.020	   334.406
 538	135	 4.6423	 1.0427	   1.5179	        1.5186	          0.0007	   1.6144	1.664e-03	   0.020	   334.896
 539	135	 4.6427	 1.0425	   1.5179	        1.5186	          0.0007	   1.6416	1.739e-03	   0.020	   335.351
 540	135	 4.6426	 1.0428	   1.5179	        1.5186	          0.0007	   1.6510	1.621e-03	   0.023	   335.774
 541	136	 4.6425	 1.0432	   1.5179	        1.5186	          0.0007	   1.6581	1.463e-03	   0.021	   336.195
 542	136	 4.6424	 1.0436	   1.5179	        1.5186	          0.0007	   1.6841	1.263e-03	   0.020	   336.612
 543	136	 4.6424	 1.0426	   1.5179	        1.5186	          0.0007	   1.5497	1.704e-03	   0.020	   337.034
 544	136	 4.6425	 1.0426	   1.5179	        1.5186	          0.0007	   1.6397	1.723e-03	   0.020	   337.445
 545	137	 4.6428	 1.0433	   1.5179	        1.5186	          0.0007	   1.7138	1.423e-03	   0.021	   337.890
 546	137	 4.6428	 1.0426	   1.5179	        1.5186	          0.0007	   1.5805	1.729e-03	   0.020	   338.361
 547	137	 4.6430	 1.0425	   1.5179	        1.5186	          0.0007	   1.6423	1.741e-03	   0.022	   338.798
 548	137	 4.6428	 1.0428	   1.5179	        1.5186	          0.0007	   1.6631	1.606e-03	   0.021	   339.236
 549	138	 4.6424	 1.0428	   1.5179	        1.5186	          0.0007	   1.6295	1.619e-03	   0.020	   339.659
 550	138	 4.6422	 1.0422	   1.5179	        1.5186	          0.0007	   1.5705	1.914e-03	   0.022	   340.102
 551	138	 4.6423	 1.0427	   1.5179	        1.5186	          0.0007	   1.6885	1.691e-03	   0.020	   340.514
 552	138	 4.6426	 1.0428	   1.5179	        1.5186	          0.0007	   1.6596	1.632e-03	   0.021	   340.941
 553	139	 4.6425	 1.0425	   1.5179	        1.5186	          0.0007	   1.6113	1.772e-03	   0.018	   341.376
 554	139	 4.6427	 1.0425	   1.5179	        1.5186	          0.0007	   1.6414	1.766e-03	   0.022	   341.796
 555	139	 4.6428	 1.0431	   1.5179	        1.5186	          0.0007	   1.6985	1.502e-03	   0.021	   342.218
 556	139	 4.6427	 1.0432	   1.5179	        1.5186	          0.0007	   1.6494	1.438e-03	   0.020	   342.635
 557	140	 4.6428	 1.0429	   1.5179	        1.5186	          0.0007	   1.6132	1.579e-03	   0.020	   343.057
 558	140	 4.6428	 1.0430	   1.5179	        1.5186	          0.0007	   1.6558	1.522e-03	   0.020	   343.468
 559	140	 4.6427	 1.0431	   1.5179	        1.5186	          0.0007	   1.6410	1.496e-03	   0.021	   343.903
 560	140	 4.6426	 1.0435	   1.5179	        1.5186	          0.0007	   1.6787	1.307e-03	   0.018	   344.347
 561	141	 4.6429	 1.0434	   1.5179	        1.5186	          0.0007	   1.6343	1.347e-03	   0.024	   344.784
 562	141	 4.6424	 1.0433	   1.5179	        1.5186	          0.0007	   1.6169	1.395e-03	   0.022	   345.237
 563	141	 4.6423	 1.0435	   1.5179	        1.5186	          0.0007	   1.6586	1.312e-03	   0.021	   345.656
 564	141	 4.6424	 1.0434	   1.5179	        1.5186	          0.0007	   1.6285	1.363e-03	   0.019	   346.084
 565	142	 4.6421	 1.0435	   1.5179	        1.5186	          0.0007	   1.6403	1.327e-03	   0.018	   346.485
 566	142	 4.6423	 1.0438	   1.5179	        1.5186	          0.0007	   1.6815	1.174e-03	   0.017	   346.903
 567	142	 4.6423	 1.0435	   1.5179	        1.5186	          0.0007	   1.6014	1.309e-03	   0.018	   347.309
 568	142	 4.6423	 1.0435	   1.5179	        1.5186	          0.0007	   1.6390	1.335e-03	   0.021	   347.708
 569	143	 4.6422	 1.0435	   1.5179	        1.5186	          0.0007	   1.6531	1.299e-03	   0.018	   348.101
 570	143	 4.6424	 1.0432	   1.5179	        1.5186	          0.0007	   1.6143	1.460e-03	   0.018	   348.487
 571	143	 4.6422	 1.0434	   1.5179	        1.5186	          0.0007	   1.6513	1.382e-03	   0.017	   348.875
 572	143	 4.6421	 1.0434	   1.5179	        1.5186	          0.0007	   1.6420	1.339e-03	   0.018	   349.257
 573	144	 4.6420	 1.0440	   1.5179	        1.5186	          0.0007	   1.6903	1.101e-03	   0.019	   349.678
 574	144	 4.6420	 1.0434	   1.5179	        1.5186	          0.0007	   1.5790	1.381e-03	   0.018	   350.096
 575	144	 4.6421	 1.0436	   1.5179	        1.5186	          0.0007	   1.6684	1.254e-03	   0.021	   350.486
 576	144	 4.6421	 1.0431	   1.5179	        1.5186	          0.0007	   1.5909	1.488e-03	   0.020	   350.890
 577	145	 4.6423	 1.0426	   1.5179	        1.5186	          0.0007	   1.6008	1.729e-03	   0.018	   351.288
 578	145	 4.6422	 1.0420	   1.5179	        1.5186	          0.0007	   1.5727	1.991e-03	   0.019	   351.690
 579	145	 4.6423	 1.0426	   1.5179	        1.5186	          0.0007	   1.7005	1.730e-03	   0.018	   352.080
 580	145	 4.6422	 1.0431	   1.5179	        1.5186	          0.0007	   1.6851	1.515e-03	   0.017	   352.477
 581	146	 4.6422	 1.0432	   1.5179	        1.5186	          0.0007	   1.6624	1.431e-03	   0.015	   352.882
 582	146	 4.6424	 1.0433	   1.5179	        1.5186	          0.0007	   1.6529	1.391e-03	   0.021	   353.271
 583	146	 4.6422	 1.0436	   1.5179	        1.5186	          0.0007	   1.6683	1.256e-03	   0.018	   353.664
 584	146	 4.6421	 1.0431	   1.5179	        1.5186	          0.0007	   1.5813	1.492e-03	   0.018	   354.050
 585	147	 4.6418	 1.0438	   1.5179	        1.5186	          0.0007	   1.6979	1.186e-03	   0.017	   354.438
 586	147	 4.6419	 1.0438	   1.5179	        1.5186	          0.0007	   1.6408	1.200e-03	   0.018	   354.820
 587	147	 4.6422	 1.0438	   1.5179	        1.5186	          0.0007	   1.6517	1.199e-03	   0.019	   355.222
 588	147	 4.6421	 1.0434	   1.5179	        1.5186	          0.0007	   1.6030	1.365e-03	   0.018	   355.636
 589	148	 4.6418	 1.0432	   1.5179	        1.5186	          0.0007	   1.6103	1.464e-03	   0.023	   356.054
 590	148	 4.6418	 1.0433	   1.5179	        1.5186	          0.0007	   1.6447	1.423e-03	   0.024	   356.529
 591	148	 4.6417	 1.0429	   1.5179	        1.5186	          0.0007	   1.6051	1.597e-03	   0.022	   356.996
 592	148	 4.6421	 1.0435	   1.5179	        1.5186	          0.0007	   1.7114	1.318e-03	   0.019	   357.438
 593	149	 4.6422	 1.0434	   1.5179	        1.5186	          0.0007	   1.6371	1.366e-03	   0.020	   357.844
 594	149	 4.6421	 1.0431	   1.5179	        1.5186	          0.0007	   1.6116	1.482e-03	   0.017	   358.257
 595	149	 4.6422	 1.0434	   1.5179	        1.5186	          0.0007	   1.6683	1.373e-03	   0.016	   358.665
 596	149	 4.6419	 1.0437	   1.5179	        1.5186	          0.0007	   1.6636	1.216e-03	   0.021	   359.067
 597	150	 4.6420	 1.0437	   1.5179	        1.5186	          0.0007	   1.6303	1.244e-03	   0.018	   359.461
 598	150	 4.6419	 1.0436	   1.5179	        1.5186	          0.0007	   1.6362	1.270e-03	   0.018	   359.847
 599	150	 4.6419	 1.0436	   1.5179	        1.5186	          0.0007	   1.6388	1.294e-03	   0.019	   360.237
 600	150	 4.6417	 1.0435	   1.5179	        1.5186	          0.0007	   1.6275	1.328e-03	   0.019	   360.655
 601	151	 4.6416	 1.0439	   1.5179	        1.5186	          0.0007	   1.6851	1.138e-03	   0.019	   361.074
 602	151	 4.6418	 1.0439	   1.5179	        1.5186	          0.0007	   1.6465	1.126e-03	   0.018	   361.482
 603	151	 4.6418	 1.0439	   1.5179	        1.5186	          0.0007	   1.6329	1.154e-03	   0.021	   361.878
 604	151	 4.6417	 1.0436	   1.5179	        1.5186	          0.0007	   1.6146	1.255e-03	   0.020	   362.273
 605	152	 4.6420	 1.0435	   1.5179	        1.5186	          0.0007	   1.6465	1.299e-03	   0.018	   362.680
 606	152	 4.6418	 1.0439	   1.5179	        1.5186	          0.0007	   1.6700	1.136e-03	   0.019	   363.074
 607	152	 4.6417	 1.0438	   1.5179	        1.5186	          0.0007	   1.6283	1.166e-03	   0.018	   363.472
 608	152	 4.6416	 1.0437	   1.5179	        1.5186	          0.0007	   1.6183	1.231e-03	   0.017	   363.869
 609	153	 4.6418	 1.0441	   1.5179	        1.5186	          0.0007	   1.6864	1.059e-03	   0.016	   364.274
 610	153	 4.6418	 1.0441	   1.5179	        1.5186	          0.0007	   1.6487	1.060e-03	   0.021	   364.663
 611	153	 4.6417	 1.0440	   1.5179	        1.5186	          0.0007	   1.6247	1.091e-03	   0.018	   365.056
 612	153	 4.6415	 1.0436	   1.5179	        1.5186	          0.0007	   1.5889	1.274e-03	   0.018	   365.442
 613	154	 4.6416	 1.0439	   1.5179	        1.5186	          0.0007	   1.6825	1.130e-03	   0.017	   365.830
 614	154	 4.6416	 1.0440	   1.5179	        1.5186	          0.0007	   1.6462	1.098e-03	   0.018	   366.212
 615	154	 4.6415	 1.0434	   1.5179	        1.5186	          0.0007	   1.5657	1.377e-03	   0.017	   366.608
 616	154	 4.6414	 1.0434	   1.5179	        1.5186	          0.0007	   1.6399	1.352e-03	   0.018	   367.022
 617	155	 4.6415	 1.0438	   1.5179	        1.5186	          0.0007	   1.6866	1.193e-03	   0.023	   367.434
 618	155	 4.6414	 1.0435	   1.5179	        1.5186	          0.0007	   1.6044	1.319e-03	   0.019	   367.850
 619	155	 4.6417	 1.0434	   1.5179	        1.5186	          0.0007	   1.6441	1.347e-03	   0.021	   368.256
 620	155	 4.6415	 1.0435	   1.5179	        1.5186	          0.0007	   1.6347	1.334e-03	   0.019	   368.682
 621	156	 4.6414	 1.0434	   1.5179	        1.5186	          0.0007	   1.6307	1.347e-03	   0.019	   369.085
 622	156	 4.6412	 1.0429	   1.5179	        1.5186	          0.0007	   1.5734	1.571e-03	   0.019	   369.502
 623	156	 4.6412	 1.0431	   1.5179	        1.5186	          0.0007	   1.6600	1.488e-03	   0.016	   369.913
 624	156	 4.6415	 1.0435	   1.5179	        1.5186	          0.0007	   1.7076	1.307e-03	   0.021	   370.316
 625	157	 4.6420	 1.0436	   1.5179	        1.5186	          0.0007	   1.6666	1.264e-03	   0.018	   370.709
 626	157	 4.6417	 1.0438	   1.5179	        1.5186	          0.0007	   1.6645	1.171e-03	   0.018	   371.095
 627	157	 4.6417	 1.0435	   1.5179	        1.5186	          0.0007	   1.5962	1.333e-03	   0.019	   371.488
 628	157	 4.6418	 1.0436	   1.5179	        1.5186	          0.0007	   1.6502	1.279e-03	   0.018	   371.904
 629	158	 4.6417	 1.0436	   1.5179	        1.5186	          0.0007	   1.6430	1.266e-03	   0.017	   372.300
 630	158	 4.6415	 1.0440	   1.5179	        1.5186	          0.0007	   1.6765	1.108e-03	   0.018	   372.690
 631	158	 4.6414	 1.0436	   1.5179	        1.5186	          0.0007	   1.5977	1.279e-03	   0.021	   373.094
 632	158	 4.6417	 1.0437	   1.5179	        1.5186	          0.0007	   1.6569	1.233e-03	   0.018	   373.487
 633	159	 4.6415	 1.0439	   1.5179	        1.5186	          0.0007	   1.6506	1.142e-03	   0.018	   373.895
 634	159	 4.6415	 1.0434	   1.5179	        1.5186	          0.0007	   1.5855	1.353e-03	   0.017	   374.284
 635	159	 4.6417	 1.0438	   1.5179	        1.5186	          0.0007	   1.7020	1.167e-03	   0.018	   374.688
 636	159	 4.6415	 1.0438	   1.5179	        1.5186	          0.0007	   1.6341	1.166e-03	   0.017	   375.084
 637	160	 4.6417	 1.0447	   1.5179	        1.5186	          0.0007	   1.7524	7.681e-04	   0.018	   375.486
 638	160	 4.6415	 1.0445	   1.5179	        1.5186	          0.0007	   1.6119	8.529e-04	   0.021	   375.878
 639	160	 4.6415	 1.0441	   1.5179	        1.5186	          0.0007	   1.5850	1.056e-03	   0.020	   376.290
 640	160	 4.6418	 1.0434	   1.5179	        1.5186	          0.0007	   1.5739	1.375e-03	   0.020	   376.717
 641	161	 4.6418	 1.0433	   1.5179	        1.5186	          0.0007	   1.6343	1.421e-03	   0.019	   377.147
 642	161	 4.6416	 1.0431	   1.5179	        1.5186	          0.0007	   1.6084	1.497e-03	   0.021	   377.576
 643	161	 4.6418	 1.0430	   1.5179	        1.5186	          0.0007	   1.6383	1.540e-03	   0.023	   378.049
 644	161	 4.6418	 1.0432	   1.5179	        1.5186	          0.0007	   1.6608	1.472e-03	   0.022	   378.539
 645	162	 4.6416	 1.0436	   1.5179	        1.5186	          0.0007	   1.6817	1.278e-03	   0.024	   378.998
 646	162	 4.6417	 1.0433	   1.5179	        1.5186	          0.0007	   1.6040	1.421e-03	   0.019	   379.436
 647	162	 4.6415	 1.0425	   1.5179	        1.5186	          0.0007	   1.5454	1.768e-03	   0.019	   379.845
 648	162	 4.6416	 1.0434	   1.5179	        1.5186	          0.0007	   1.7561	1.349e-03	   0.019	   380.267
 649	163	 4.6417	 1.0432	   1.5179	        1.5186	          0.0007	   1.6146	1.468e-03	   0.018	   380.671
 650	163	 4.6420	 1.0429	   1.5179	        1.5186	          0.0007	   1.6144	1.593e-03	   0.019	   381.085
 651	163	 4.6422	 1.0431	   1.5179	        1.5186	          0.0007	   1.6681	1.516e-03	   0.016	   381.499
 652	163	 4.6420	 1.0425	   1.5179	        1.5186	          0.0007	   1.5672	1.776e-03	   0.021	   381.908
 653	164	 4.6420	 1.0426	   1.5179	        1.5186	          0.0007	   1.6457	1.737e-03	   0.018	   382.301
 654	164	 4.6420	 1.0421	   1.5179	        1.5186	          0.0007	   1.5866	1.926e-03	   0.020	   382.709
 655	164	 4.6419	 1.0421	   1.5179	        1.5186	          0.0007	   1.6446	1.918e-03	   0.019	   383.129
 656	164	 4.6420	 1.0423	   1.5179	        1.5186	          0.0007	   1.6681	1.847e-03	   0.018	   383.528
 657	165	 4.6419	 1.0421	   1.5179	        1.5186	          0.0007	   1.6103	1.949e-03	   0.017	   383.924
 658	165	 4.6419	 1.0430	   1.5179	        1.5186	          0.0007	   1.7430	1.548e-03	   0.016	   384.308
 659	165	 4.6419	 1.0431	   1.5179	        1.5186	          0.0007	   1.6529	1.500e-03	   0.021	   384.718
 660	165	 4.6419	 1.0426	   1.5179	        1.5186	          0.0007	   1.5813	1.737e-03	   0.018	   385.111
 661	166	 4.6421	 1.0423	   1.5179	        1.5186	          0.0007	   1.6182	1.850e-03	   0.019	   385.520
 662	166	 4.6421	 1.0429	   1.5179	        1.5186	          0.0007	   1.7028	1.594e-03	   0.017	   385.908
 663	166	 4.6419	 1.0424	   1.5179	        1.5186	          0.0007	   1.5796	1.801e-03	   0.018	   386.312
 664	166	 4.6420	 1.0427	   1.5179	        1.5186	          0.0007	   1.6781	1.685e-03	   0.017	   386.709
 665	167	 4.6421	 1.0421	   1.5179	        1.5186	          0.0007	   1.5770	1.922e-03	   0.018	   387.104
 666	167	 4.6422	 1.0422	   1.5179	        1.5186	          0.0007	   1.6452	1.911e-03	   0.021	   387.503
 667	167	 4.6423	 1.0423	   1.5179	        1.5186	          0.0007	   1.6613	1.844e-03	   0.018	   387.896
 668	167	 4.6421	 1.0428	   1.5179	        1.5186	          0.0007	   1.6958	1.610e-03	   0.018	   388.282
 669	168	 4.6423	 1.0434	   1.5179	        1.5186	          0.0007	   1.7126	1.353e-03	   0.017	   388.670
 670	168	 4.6421	 1.0436	   1.5179	        1.5186	          0.0007	   1.6501	1.276e-03	   0.019	   389.053
 671	168	 4.6422	 1.0432	   1.5179	        1.5186	          0.0007	   1.5966	1.469e-03	   0.017	   389.449
 672	168	 4.6419	 1.0431	   1.5179	        1.5186	          0.0007	   1.6219	1.513e-03	   0.018	   389.851
 673	169	 4.6423	 1.0430	   1.5179	        1.5186	          0.0007	   1.6513	1.551e-03	   0.021	   390.261
 674	169	 4.6422	 1.0430	   1.5179	        1.5186	          0.0007	   1.6345	1.532e-03	   0.020	   390.679
 675	169	 4.6420	 1.0428	   1.5179	        1.5186	          0.0007	   1.6018	1.637e-03	   0.019	   391.093
 676	169	 4.6419	 1.0428	   1.5179	        1.5186	          0.0007	   1.6379	1.643e-03	   0.019	   391.512
 677	170	 4.6417	 1.0424	   1.5179	        1.5186	          0.0007	   1.5932	1.783e-03	   0.019	   391.920
 678	170	 4.6417	 1.0424	   1.5179	        1.5186	          0.0007	   1.6433	1.784e-03	   0.017	   392.331
 679	170	 4.6418	 1.0429	   1.5179	        1.5186	          0.0007	   1.7034	1.562e-03	   0.016	   392.742
 680	170	 4.6420	 1.0430	   1.5179	        1.5186	          0.0007	   1.6507	1.555e-03	   0.023	   393.155
 681	171	 4.6419	 1.0426	   1.5179	        1.5186	          0.0007	   1.5879	1.735e-03	   0.018	   393.551
 682	171	 4.6420	 1.0425	   1.5179	        1.5186	          0.0007	   1.6387	1.763e-03	   0.020	   393.961
 683	171	 4.6423	 1.0425	   1.5179	        1.5186	          0.0007	   1.6514	1.771e-03	   0.017	   394.364
 684	171	 4.6422	 1.0430	   1.5179	        1.5186	          0.0007	   1.6925	1.560e-03	   0.018	   394.746
 685	172	 4.6422	 1.0430	   1.5179	        1.5186	          0.0007	   1.6513	1.523e-03	   0.017	   395.142
 686	172	 4.6423	 1.0429	   1.5179	        1.5186	          0.0007	   1.6293	1.602e-03	   0.016	   395.525
 687	172	 4.6421	 1.0426	   1.5179	        1.5186	          0.0007	   1.5924	1.737e-03	   0.021	   395.936
 688	172	 4.6421	 1.0430	   1.5179	        1.5186	          0.0007	   1.6953	1.536e-03	   0.018	   396.329
 689	173	 4.6422	 1.0435	   1.5179	        1.5186	          0.0007	   1.6999	1.327e-03	   0.018	   396.732
 690	173	 4.6421	 1.0433	   1.5179	        1.5186	          0.0007	   1.6184	1.385e-03	   0.017	   397.126
 691	173	 4.6421	 1.0431	   1.5179	        1.5186	          0.0007	   1.6144	1.489e-03	   0.020	   397.529
 692	173	 4.6421	 1.0430	   1.5179	        1.5186	          0.0007	   1.6284	1.530e-03	   0.017	   397.927
 693	174	 4.6422	 1.0433	   1.5179	        1.5186	          0.0007	   1.6787	1.418e-03	   0.018	   398.314
 694	174	 4.6421	 1.0431	   1.5179	        1.5186	          0.0007	   1.6011	1.512e-03	   0.021	   398.721
 695	174	 4.6422	 1.0430	   1.5179	        1.5186	          0.0007	   1.6436	1.534e-03	   0.018	   399.114
 696	174	 4.6420	 1.0432	   1.5179	        1.5186	          0.0007	   1.6545	1.469e-03	   0.018	   399.500
 697	175	 4.6421	 1.0426	   1.5179	        1.5186	          0.0007	   1.5737	1.731e-03	   0.018	   399.926
 698	175	 4.6420	 1.0428	   1.5179	        1.5186	          0.0007	   1.6596	1.628e-03	   0.020	   400.381
 699	175	 4.6421	 1.0429	   1.5179	        1.5186	          0.0007	   1.6577	1.593e-03	   0.017	   400.809
 700	175	 4.6419	 1.0431	   1.5179	        1.5186	          0.0007	   1.6625	1.500e-03	   0.018	   401.207
 701	176	 4.6420	 1.0434	   1.5179	        1.5186	          0.0007	   1.6742	1.376e-03	   0.022	   401.621
 702	176	 4.6418	 1.0440	   1.5179	        1.5186	          0.0007	   1.7171	1.083e-03	   0.020	   402.031
 703	176	 4.6420	 1.0437	   1.5179	        1.5186	          0.0007	   1.6062	1.242e-03	   0.020	   402.448
 704	176	 4.6419	 1.0432	   1.5179	        1.5186	          0.0007	   1.5821	1.430e-03	   0.019	   402.864
 705	177	 4.6421	 1.0431	   1.5179	        1.5186	          0.0007	   1.6382	1.475e-03	   0.020	   403.276
 706	177	 4.6421	 1.0429	   1.5179	        1.5186	          0.0007	   1.6036	1.604e-03	   0.017	   403.691
 707	177	 4.6420	 1.0427	   1.5179	        1.5186	          0.0007	   1.6166	1.688e-03	   0.016	   404.097
 708	177	 4.6421	 1.0430	   1.5179	        1.5186	          0.0007	   1.6823	1.551e-03	   0.025	   404.509
 709	178	 4.6421	 1.0431	   1.5179	        1.5186	          0.0007	   1.6669	1.472e-03	   0.019	   404.950
 710	178	 4.6422	 1.0434	   1.5179	        1.5186	          0.0007	   1.6741	1.379e-03	   0.020	   405.357
 711	178	 4.6421	 1.0431	   1.5179	        1.5186	          0.0007	   1.6043	1.497e-03	   0.017	   405.756
 712	178	 4.6419	 1.0431	   1.5179	        1.5186	          0.0007	   1.6330	1.478e-03	   0.018	   406.138
 713	179	 4.6418	 1.0430	   1.5179	        1.5186	          0.0007	   1.6159	1.558e-03	   0.017	   406.534
 714	179	 4.6420	 1.0432	   1.5179	        1.5186	          0.0007	   1.6815	1.440e-03	   0.016	   406.918
 715	179	 4.6417	 1.0426	   1.5179	        1.5186	          0.0007	   1.5556	1.709e-03	   0.023	   407.327
 716	179	 4.6417	 1.0431	   1.5179	        1.5186	          0.0007	   1.6923	1.502e-03	   0.018	   407.722
 717	180	 4.6416	 1.0433	   1.5179	        1.5186	          0.0007	   1.6689	1.400e-03	   0.020	   408.118
 718	180	 4.6417	 1.0434	   1.5179	        1.5186	          0.0007	   1.6587	1.360e-03	   0.017	   408.519
 719	180	 4.6418	 1.0432	   1.5179	        1.5186	          0.0007	   1.6174	1.453e-03	   0.020	   408.915
 720	180	 4.6419	 1.0431	   1.5179	        1.5186	          0.0007	   1.6300	1.486e-03	   0.017	   409.319
 721	181	 4.6418	 1.0433	   1.5179	        1.5186	          0.0007	   1.6692	1.394e-03	   0.015	   409.703
 722	181	 4.6419	 1.0432	   1.5179	        1.5186	          0.0007	   1.6229	1.451e-03	   0.021	   410.113
 723	181	 4.6418	 1.0431	   1.5179	        1.5186	          0.0007	   1.6294	1.482e-03	   0.018	   410.506
 724	181	 4.6419	 1.0431	   1.5179	        1.5186	          0.0007	   1.6433	1.477e-03	   0.018	   410.892
 725	182	 4.6415	 1.0435	   1.5179	        1.5186	          0.0007	   1.6641	1.333e-03	   0.017	   411.281
 726	182	 4.6415	 1.0431	   1.5179	        1.5186	          0.0007	   1.5943	1.492e-03	   0.018	   411.663
 727	182	 4.6415	 1.0429	   1.5179	        1.5186	          0.0007	   1.6194	1.581e-03	   0.017	   412.059
 728	182	 4.6416	 1.0433	   1.5179	        1.5186	          0.0007	   1.7015	1.393e-03	   0.018	   412.448
 729	183	 4.6417	 1.0432	   1.5179	        1.5186	          0.0007	   1.6305	1.442e-03	   0.023	   412.866
 730	183	 4.6415	 1.0433	   1.5179	        1.5186	          0.0007	   1.6382	1.406e-03	   0.018	   413.279
 731	183	 4.6416	 1.0434	   1.5179	        1.5186	          0.0007	   1.6546	1.372e-03	   0.019	   413.692
 732	183	 4.6415	 1.0433	   1.5179	        1.5186	          0.0007	   1.6188	1.426e-03	   0.019	   414.103
 733	184	 4.6416	 1.0430	   1.5179	        1.5186	          0.0007	   1.6028	1.554e-03	   0.020	   414.520
 734	184	 4.6414	 1.0431	   1.5179	        1.5186	          0.0007	   1.6518	1.493e-03	   0.019	   414.940
 735	184	 4.6415	 1.0433	   1.5179	        1.5186	          0.0007	   1.6831	1.384e-03	   0.016	   415.341
 736	184	 4.6417	 1.0437	   1.5179	        1.5186	          0.0007	   1.6826	1.247e-03	   0.023	   415.757
 737	185	 4.6419	 1.0438	   1.5179	        1.5186	          0.0007	   1.6740	1.163e-03	   0.018	   416.199
 738	185	 4.6417	 1.0433	   1.5179	        1.5186	          0.0007	   1.5593	1.397e-03	   0.018	   416.585
 739	185	 4.6418	 1.0435	   1.5179	        1.5186	          0.0007	   1.6663	1.338e-03	   0.017	   416.973
 740	185	 4.6417	 1.0437	   1.5179	        1.5186	          0.0007	   1.6632	1.246e-03	   0.018	   417.355
 741	186	 4.6414	 1.0439	   1.5179	        1.5186	          0.0007	   1.6674	1.140e-03	   0.017	   417.751
 742	186	 4.6416	 1.0438	   1.5179	        1.5186	          0.0007	   1.6341	1.186e-03	   0.016	   418.135
 743	186	 4.6416	 1.0441	   1.5179	        1.5186	          0.0007	   1.6787	1.045e-03	   0.023	   418.537
 744	186	 4.6417	 1.0436	   1.5179	        1.5186	          0.0007	   1.5771	1.276e-03	   0.018	   418.939
 745	187	 4.6417	 1.0438	   1.5179	        1.5186	          0.0007	   1.6624	1.201e-03	   0.020	   419.327
 746	187	 4.6419	 1.0438	   1.5179	        1.5186	          0.0007	   1.6488	1.200e-03	   0.019	   419.746
 747	187	 4.6419	 1.0436	   1.5179	        1.5186	          0.0007	   1.6177	1.284e-03	   0.022	   420.175
 748	187	 4.6418	 1.0434	   1.5179	        1.5186	          0.0007	   1.6116	1.347e-03	   0.019	   420.629
 749	188	 4.6418	 1.0429	   1.5179	        1.5186	          0.0007	   1.5754	1.598e-03	   0.018	   421.052
 750	188	 4.6418	 1.0428	   1.5179	        1.5186	          0.0007	   1.6186	1.641e-03	   0.023	   421.506
 751	188	 4.6419	 1.0431	   1.5179	        1.5186	          0.0007	   1.6832	1.493e-03	   0.022	   421.976
 752	188	 4.6418	 1.0432	   1.5179	        1.5186	          0.0007	   1.6588	1.431e-03	   0.022	   422.419
 753	189	 4.6417	 1.0432	   1.5179	        1.5186	          0.0007	   1.6343	1.429e-03	   0.019	   422.837
 754	189	 4.6416	 1.0431	   1.5179	        1.5186	          0.0007	   1.6106	1.510e-03	   0.018	   423.224
 755	189	 4.6416	 1.0426	   1.5179	        1.5186	          0.0007	   1.5815	1.695e-03	   0.017	   423.620
 756	189	 4.6417	 1.0432	   1.5179	        1.5186	          0.0007	   1.7117	1.470e-03	   0.016	   424.004
 757	190	 4.6418	 1.0428	   1.5179	        1.5186	          0.0007	   1.6003	1.634e-03	   0.023	   424.422
 758	190	 4.6420	 1.0427	   1.5179	        1.5186	          0.0007	   1.6418	1.653e-03	   0.020	   424.839
 759	190	 4.6418	 1.0429	   1.5179	        1.5186	          0.0007	   1.6620	1.564e-03	   0.019	   425.248
 760	190	 4.6419	 1.0429	   1.5179	        1.5186	          0.0007	   1.6325	1.583e-03	   0.019	   425.657
 761	191	 4.6418	 1.0429	   1.5179	        1.5186	          0.0007	   1.6432	1.583e-03	   0.020	   426.075
 762	191	 4.6416	 1.0427	   1.5179	        1.5186	          0.0007	   1.6018	1.682e-03	   0.018	   426.493
 763	191	 4.6417	 1.0430	   1.5179	        1.5186	          0.0007	   1.6854	1.532e-03	   0.020	   426.921
 764	191	 4.6418	 1.0430	   1.5179	        1.5186	          0.0007	   1.6411	1.549e-03	   0.024	   427.367
 765	192	 4.6417	 1.0427	   1.5179	        1.5186	          0.0007	   1.5928	1.692e-03	   0.018	   427.793
 766	192	 4.6418	 1.0431	   1.5179	        1.5186	          0.0007	   1.7112	1.475e-03	   0.018	   428.179
 767	192	 4.6418	 1.0433	   1.5179	        1.5186	          0.0007	   1.6556	1.418e-03	   0.017	   428.567
 768	192	 4.6418	 1.0431	   1.5179	        1.5186	          0.0007	   1.6150	1.510e-03	   0.018	   428.949
 769	193	 4.6422	 1.0431	   1.5179	        1.5186	          0.0007	   1.6663	1.493e-03	   0.017	   429.345
 770	193	 4.6422	 1.0433	   1.5179	        1.5186	          0.0007	   1.6509	1.424e-03	   0.016	   429.729
 771	193	 4.6421	 1.0433	   1.5179	        1.5186	          0.0007	   1.6378	1.427e-03	   0.023	   430.123
 772	193	 4.6420	 1.0429	   1.5179	        1.5186	          0.0007	   1.5922	1.581e-03	   0.018	   430.533
 773	194	 4.6419	 1.0427	   1.5179	        1.5186	          0.0007	   1.6132	1.667e-03	   0.018	   430.919
 774	194	 4.6419	 1.0424	   1.5179	        1.5186	          0.0007	   1.5877	1.827e-03	   0.016	   431.330
 775	194	 4.6419	 1.0426	   1.5179	        1.5186	          0.0007	   1.6763	1.712e-03	   0.018	   431.712
 776	194	 4.6420	 1.0428	   1.5179	        1.5186	          0.0007	   1.6676	1.648e-03	   0.017	   432.130
 777	195	 4.6419	 1.0429	   1.5179	        1.5186	          0.0007	   1.6624	1.575e-03	   0.016	   432.514
 778	195	 4.6419	 1.0431	   1.5179	        1.5186	          0.0007	   1.6708	1.474e-03	   0.023	   432.921
 779	195	 4.6417	 1.0431	   1.5179	        1.5186	          0.0007	   1.6183	1.510e-03	   0.018	   433.318
 780	195	 4.6418	 1.0427	   1.5179	        1.5186	          0.0007	   1.5923	1.689e-03	   0.018	   433.703
 781	196	 4.6418	 1.0425	   1.5179	        1.5186	          0.0007	   1.6156	1.771e-03	   0.017	   434.092
 782	196	 4.6419	 1.0424	   1.5179	        1.5186	          0.0007	   1.6392	1.786e-03	   0.018	   434.474
 783	196	 4.6419	 1.0426	   1.5179	        1.5186	          0.0007	   1.6636	1.720e-03	   0.017	   434.870
 784	196	 4.6419	 1.0429	   1.5179	        1.5186	          0.0007	   1.6862	1.564e-03	   0.016	   435.254
 785	197	 4.6420	 1.0429	   1.5179	        1.5186	          0.0007	   1.6372	1.585e-03	   0.023	   435.666
 786	197	 4.6423	 1.0432	   1.5179	        1.5186	          0.0007	   1.7000	1.428e-03	   0.019	   436.080
 787	197	 4.6422	 1.0429	   1.5179	        1.5186	          0.0007	   1.5942	1.564e-03	   0.018	   436.492
 788	197	 4.6420	 1.0428	   1.5179	        1.5186	          0.0007	   1.6135	1.626e-03	   0.017	   436.904
 789	198	 4.6421	 1.0427	   1.5179	        1.5186	          0.0007	   1.6248	1.690e-03	   0.020	   437.320
 790	198	 4.6422	 1.0428	   1.5179	        1.5186	          0.0007	   1.6638	1.631e-03	   0.017	   437.737
 791	198	 4.6422	 1.0428	   1.5179	        1.5186	          0.0007	   1.6389	1.637e-03	   0.020	   438.164
 792	198	 4.6420	 1.0429	   1.5179	        1.5186	          0.0007	   1.6531	1.570e-03	   0.022	   438.596
 793	199	 4.6422	 1.0431	   1.5179	        1.5186	          0.0007	   1.6777	1.476e-03	   0.018	   439.010
 794	199	 4.6423	 1.0430	   1.5179	        1.5186	          0.0007	   1.6300	1.525e-03	   0.018	   439.396
 795	199	 4.6424	 1.0429	   1.5179	        1.5186	          0.0007	   1.6280	1.583e-03	   0.017	   439.785
 796	199	 4.6422	 1.0427	   1.5179	        1.5186	          0.0007	   1.6010	1.672e-03	   0.016	   440.154
 797	200	 4.6421	 1.0426	   1.5179	        1.5186	          0.0007	   1.6185	1.719e-03	   0.015	   440.518
 798	200	 4.6421	 1.0424	   1.5179	        1.5186	          0.0007	   1.6195	1.791e-03	   0.015	   440.881
 799	200	 4.6420	 1.0429	   1.5179	        1.5186	          0.0007	   1.7016	1.577e-03	   0.020	   441.223
 800	200	 4.6421	 1.0428	   1.5179	        1.5186	          0.0007	   1.6338	1.621e-03	   0.014	   441.598

[BSGD] Finished on device cuda -> σ_f² ≈ 4.6421, σ_ε² ≈ 1.0428
