[GPU 6][JOB 167] 'python cli.py bsgd --n 1024 --lengthscale 0.5 --sigma-f2-true 4.0 --sigma-eps2-true 1.0 --n-epochs 200 --device auto --kernel-mode finite --theta-min 1e-4 --theta-max 20.0 --print-every 1 --seed 6 --batch-size 512 --sigma-f2-init 5.0 --sigma-eps2-init 3.0 --alpha1 6.0 '

=== BSGD (biased SGD on exact kernel) ===
iter	epoch	σ_f²	σ_ε²	real_nlml	real_nlml_true	real_nlml_abs_err	mini_nlml	||grad||	duration_s	wall_time_s
   1	 1	 4.9828	 2.3810	   1.6461	        1.5159	          0.1303	   1.6909	1.146e-01	   0.170	     0.249
   2	 1	 4.9074	 2.0664	   1.6096	        1.5159	          0.0938	   1.6721	1.168e-01	   0.057	     0.935
   3	 2	 4.9111	 1.8279	   1.5819	        1.5159	          0.0660	   1.6158	1.151e-01	   0.062	     1.587
   4	 2	 4.9001	 1.6728	   1.5643	        1.5159	          0.0485	   1.6329	1.108e-01	   0.071	     2.319
   5	 3	 4.9006	 1.5460	   1.5507	        1.5159	          0.0348	   1.6054	1.043e-01	   0.063	     3.067
   6	 3	 4.8958	 1.4447	   1.5405	        1.5159	          0.0246	   1.5906	9.622e-02	   0.073	     3.848
   7	 4	 4.8953	 1.3518	   1.5320	        1.5159	          0.0161	   1.5632	8.554e-02	   0.075	     4.638
   8	 4	 4.8852	 1.3055	   1.5282	        1.5159	          0.0123	   1.6047	7.871e-02	   0.073	     5.439
   9	 5	 4.8796	 1.2562	   1.5245	        1.5159	          0.0087	   1.5768	7.004e-02	   0.074	     6.236
  10	 5	 4.8887	 1.2163	   1.5219	        1.5159	          0.0060	   1.5818	6.179e-02	   0.073	     7.043
  11	 6	 4.8843	 1.1884	   1.5203	        1.5159	          0.0044	   1.5795	5.528e-02	   0.073	     7.867
  12	 6	 4.8887	 1.1561	   1.5186	        1.5159	          0.0027	   1.5629	4.683e-02	   0.072	     8.687
  13	 7	 4.8844	 1.1263	   1.5173	        1.5159	          0.0015	   1.5448	3.808e-02	   0.076	     9.584
  14	 7	 4.8950	 1.1174	   1.5170	        1.5159	          0.0011	   1.5934	3.530e-02	   0.079	    10.430
  15	 8	 4.9040	 1.0972	   1.5164	        1.5159	          0.0005	   1.5542	2.857e-02	   0.071	    11.253
  16	 8	 4.9008	 1.0888	   1.5161	        1.5159	          0.0003	   1.5753	2.560e-02	   0.067	    12.075
  17	 9	 4.9052	 1.0804	   1.5159	        1.5159	          0.0001	   1.5689	2.255e-02	   0.079	    12.906
  18	 9	 4.9010	 1.0738	   1.5158	        1.5159	          0.0001	   1.5736	2.009e-02	   0.070	    13.725
  19	10	 4.9043	 1.0677	   1.5157	        1.5159	          0.0002	   1.5688	1.778e-02	   0.077	    14.550
  20	10	 4.9034	 1.0629	   1.5156	        1.5159	          0.0003	   1.5716	1.589e-02	   0.074	    15.368
  21	11	 4.9022	 1.0569	   1.5155	        1.5159	          0.0004	   1.5644	1.351e-02	   0.085	    16.219
  22	11	 4.9036	 1.0555	   1.5155	        1.5159	          0.0004	   1.5769	1.294e-02	   0.081	    17.064
  23	12	 4.9091	 1.0557	   1.5155	        1.5159	          0.0004	   1.5842	1.301e-02	   0.071	    17.882
  24	12	 4.9047	 1.0498	   1.5154	        1.5159	          0.0004	   1.5563	1.060e-02	   0.077	    18.711
  25	13	 4.9102	 1.0387	   1.5153	        1.5159	          0.0005	   1.5317	5.892e-03	   0.079	    19.596
  26	13	 4.9091	 1.0469	   1.5154	        1.5159	          0.0005	   1.6130	9.383e-03	   0.082	    20.521
  27	14	 4.9057	 1.0419	   1.5153	        1.5159	          0.0005	   1.5532	7.276e-03	   0.073	    21.391
  28	14	 4.9111	 1.0428	   1.5154	        1.5159	          0.0005	   1.5849	7.676e-03	   0.069	    22.219
  29	15	 4.9123	 1.0405	   1.5153	        1.5159	          0.0005	   1.5642	6.696e-03	   0.074	    23.046
  30	15	 4.9134	 1.0411	   1.5153	        1.5159	          0.0005	   1.5823	6.924e-03	   0.073	    23.870
  31	16	 4.9166	 1.0387	   1.5153	        1.5159	          0.0005	   1.5657	5.902e-03	   0.077	    24.694
  32	16	 4.9121	 1.0387	   1.5153	        1.5159	          0.0005	   1.5716	5.891e-03	   0.071	    25.511
  33	17	 4.9130	 1.0365	   1.5153	        1.5159	          0.0006	   1.5620	4.952e-03	   0.072	    26.335
  34	17	 4.9134	 1.0363	   1.5153	        1.5159	          0.0006	   1.5746	4.881e-03	   0.088	    27.167
  35	18	 4.9153	 1.0365	   1.5153	        1.5159	          0.0006	   1.5822	4.933e-03	   0.074	    27.989
  36	18	 4.9159	 1.0325	   1.5153	        1.5159	          0.0006	   1.5425	3.207e-03	   0.075	    28.814
  37	19	 4.9167	 1.0291	   1.5153	        1.5159	          0.0006	   1.5517	1.691e-03	   0.076	    29.634
  38	19	 4.9157	 1.0304	   1.5153	        1.5159	          0.0006	   1.5770	2.239e-03	   0.084	    30.518
  39	20	 4.9152	 1.0284	   1.5153	        1.5159	          0.0006	   1.5562	1.355e-03	   0.075	    31.369
  40	20	 4.9155	 1.0279	   1.5153	        1.5159	          0.0006	   1.5678	1.122e-03	   0.067	    32.185
  41	21	 4.9172	 1.0290	   1.5153	        1.5159	          0.0006	   1.5786	1.615e-03	   0.072	    33.019
  42	21	 4.9173	 1.0265	   1.5153	        1.5159	          0.0006	   1.5539	5.193e-04	   0.076	    33.845
  43	22	 4.9207	 1.0204	   1.5153	        1.5159	          0.0006	   1.5276	2.299e-03	   0.068	    34.664
  44	22	 4.9191	 1.0272	   1.5153	        1.5159	          0.0006	   1.6151	8.088e-04	   0.073	    35.490
  45	23	 4.9180	 1.0331	   1.5153	        1.5159	          0.0006	   1.6132	3.442e-03	   0.070	    36.345
  46	23	 4.9196	 1.0266	   1.5153	        1.5159	          0.0006	   1.5234	5.691e-04	   0.077	    37.199
  47	24	 4.9176	 1.0314	   1.5153	        1.5159	          0.0006	   1.6070	2.726e-03	   0.094	    38.115
  48	24	 4.9194	 1.0266	   1.5153	        1.5159	          0.0006	   1.5316	5.342e-04	   0.077	    38.996
  49	25	 4.9208	 1.0305	   1.5153	        1.5159	          0.0006	   1.6019	2.289e-03	   0.086	    39.839
  50	25	 4.9196	 1.0277	   1.5153	        1.5159	          0.0006	   1.5467	1.043e-03	   0.082	    40.760
  51	26	 4.9212	 1.0268	   1.5153	        1.5159	          0.0006	   1.5633	6.585e-04	   0.083	    41.677
  52	26	 4.9216	 1.0276	   1.5153	        1.5159	          0.0006	   1.5802	1.022e-03	   0.071	    42.515
  53	27	 4.9231	 1.0302	   1.5153	        1.5159	          0.0006	   1.5929	2.153e-03	   0.069	    43.332
  54	27	 4.9226	 1.0270	   1.5153	        1.5159	          0.0006	   1.5436	7.298e-04	   0.085	    44.164
  55	28	 4.9212	 1.0260	   1.5153	        1.5159	          0.0006	   1.5600	2.680e-04	   0.069	    44.983
  56	28	 4.9236	 1.0276	   1.5153	        1.5159	          0.0006	   1.5873	1.023e-03	   0.069	    45.810
  57	29	 4.9225	 1.0294	   1.5153	        1.5159	          0.0006	   1.5864	1.818e-03	   0.076	    46.637
  58	29	 4.9225	 1.0286	   1.5153	        1.5159	          0.0006	   1.5606	1.440e-03	   0.073	    47.461
  59	30	 4.9230	 1.0281	   1.5153	        1.5159	          0.0006	   1.5644	1.249e-03	   0.078	    48.281
  60	30	 4.9228	 1.0286	   1.5153	        1.5159	          0.0006	   1.5773	1.451e-03	   0.071	    49.098
  61	31	 4.9224	 1.0335	   1.5153	        1.5159	          0.0006	   1.6211	3.624e-03	   0.080	    49.934
  62	31	 4.9239	 1.0278	   1.5153	        1.5159	          0.0006	   1.5135	1.103e-03	   0.089	    50.776
  63	32	 4.9233	 1.0281	   1.5153	        1.5159	          0.0006	   1.5723	1.228e-03	   0.073	    51.668
  64	32	 4.9253	 1.0272	   1.5153	        1.5159	          0.0006	   1.5636	8.314e-04	   0.081	    52.495
  65	33	 4.9264	 1.0260	   1.5153	        1.5159	          0.0006	   1.5602	2.664e-04	   0.072	    53.310
  66	33	 4.9263	 1.0265	   1.5153	        1.5159	          0.0006	   1.5734	4.897e-04	   0.074	    54.133
  67	34	 4.9265	 1.0235	   1.5153	        1.5159	          0.0006	   1.5338	8.765e-04	   0.082	    54.963
  68	34	 4.9270	 1.0267	   1.5153	        1.5159	          0.0006	   1.6081	5.908e-04	   0.067	    55.782
  69	35	 4.9264	 1.0268	   1.5153	        1.5159	          0.0006	   1.5700	6.270e-04	   0.076	    56.627
  70	35	 4.9271	 1.0255	   1.5153	        1.5159	          0.0006	   1.5547	6.037e-05	   0.069	    57.470
  71	36	 4.9260	 1.0230	   1.5153	        1.5159	          0.0006	   1.5358	1.090e-03	   0.070	    58.295
  72	36	 4.9277	 1.0258	   1.5153	        1.5159	          0.0006	   1.6055	1.820e-04	   0.069	    59.116
  73	37	 4.9275	 1.0259	   1.5153	        1.5159	          0.0006	   1.5672	2.233e-04	   0.070	    59.938
  74	37	 4.9274	 1.0255	   1.5153	        1.5159	          0.0006	   1.5678	7.628e-05	   0.094	    60.816
  75	38	 4.9276	 1.0236	   1.5153	        1.5159	          0.0006	   1.5426	8.234e-04	   0.083	    61.763
  76	38	 4.9276	 1.0241	   1.5153	        1.5159	          0.0006	   1.5772	5.957e-04	   0.076	    62.639
  77	39	 4.9271	 1.0258	   1.5153	        1.5159	          0.0006	   1.5879	1.763e-04	   0.081	    63.461
  78	39	 4.9282	 1.0243	   1.5153	        1.5159	          0.0006	   1.5533	4.773e-04	   0.075	    64.284
  79	40	 4.9288	 1.0246	   1.5153	        1.5159	          0.0006	   1.5768	3.559e-04	   0.075	    65.104
  80	40	 4.9288	 1.0248	   1.5153	        1.5159	          0.0006	   1.5683	2.720e-04	   0.071	    65.927
  81	41	 4.9273	 1.0215	   1.5153	        1.5159	          0.0006	   1.5163	1.785e-03	   0.075	    66.755
  82	41	 4.9286	 1.0248	   1.5153	        1.5159	          0.0006	   1.6189	2.811e-04	   0.080	    67.581
  83	42	 4.9303	 1.0263	   1.5153	        1.5159	          0.0006	   1.5941	4.169e-04	   0.066	    68.398
  84	42	 4.9287	 1.0240	   1.5153	        1.5159	          0.0006	   1.5324	6.578e-04	   0.074	    69.227
  85	43	 4.9278	 1.0236	   1.5153	        1.5159	          0.0006	   1.5628	8.234e-04	   0.068	    70.047
  86	43	 4.9281	 1.0237	   1.5153	        1.5159	          0.0006	   1.5698	7.611e-04	   0.074	    70.873
  87	44	 4.9282	 1.0267	   1.5153	        1.5159	          0.0006	   1.6133	6.190e-04	   0.093	    71.753
  88	44	 4.9288	 1.0247	   1.5153	        1.5159	          0.0006	   1.5406	3.359e-04	   0.070	    72.607
  89	45	 4.9282	 1.0232	   1.5153	        1.5159	          0.0006	   1.5456	1.014e-03	   0.078	    73.438
  90	45	 4.9300	 1.0249	   1.5153	        1.5159	          0.0006	   1.5980	2.152e-04	   0.074	    74.260
  91	46	 4.9298	 1.0254	   1.5153	        1.5159	          0.0006	   1.5756	4.097e-05	   0.074	    75.085
  92	46	 4.9296	 1.0235	   1.5153	        1.5159	          0.0006	   1.5388	8.452e-04	   0.081	    75.915
  93	47	 4.9294	 1.0250	   1.5153	        1.5159	          0.0006	   1.5903	1.855e-04	   0.079	    76.795
  94	47	 4.9295	 1.0234	   1.5153	        1.5159	          0.0006	   1.5441	9.170e-04	   0.085	    77.733
  95	48	 4.9308	 1.0255	   1.5153	        1.5159	          0.0006	   1.6040	5.284e-05	   0.078	    78.616
  96	48	 4.9301	 1.0233	   1.5153	        1.5159	          0.0006	   1.5334	9.617e-04	   0.073	    79.480
  97	49	 4.9303	 1.0201	   1.5153	        1.5159	          0.0006	   1.5162	2.429e-03	   0.080	    80.324
  98	49	 4.9307	 1.0229	   1.5153	        1.5159	          0.0006	   1.6136	1.146e-03	   0.077	    81.196
  99	50	 4.9306	 1.0233	   1.5153	        1.5159	          0.0006	   1.5747	9.726e-04	   0.081	    82.163
 100	50	 4.9315	 1.0228	   1.5153	        1.5159	          0.0006	   1.5639	1.165e-03	   0.077	    83.106
 101	51	 4.9305	 1.0247	   1.5153	        1.5159	          0.0006	   1.5988	2.942e-04	   0.076	    83.960
 102	51	 4.9317	 1.0227	   1.5153	        1.5159	          0.0006	   1.5361	1.245e-03	   0.076	    84.787
 103	52	 4.9312	 1.0222	   1.5153	        1.5159	          0.0006	   1.5579	1.461e-03	   0.075	    85.609
 104	52	 4.9315	 1.0227	   1.5153	        1.5159	          0.0006	   1.5780	1.239e-03	   0.080	    86.434
 105	53	 4.9310	 1.0230	   1.5153	        1.5159	          0.0006	   1.5700	1.074e-03	   0.078	    87.253
 106	53	 4.9322	 1.0222	   1.5153	        1.5159	          0.0006	   1.5587	1.455e-03	   0.076	    88.076
 107	54	 4.9313	 1.0248	   1.5153	        1.5159	          0.0006	   1.6124	2.826e-04	   0.080	    88.900
 108	54	 4.9313	 1.0219	   1.5153	        1.5159	          0.0006	   1.5146	1.596e-03	   0.069	    89.726
 109	55	 4.9322	 1.0213	   1.5153	        1.5159	          0.0006	   1.5589	1.880e-03	   0.077	    90.554
 110	55	 4.9323	 1.0223	   1.5153	        1.5159	          0.0006	   1.5873	1.404e-03	   0.074	    91.371
 111	56	 4.9330	 1.0239	   1.5153	        1.5159	          0.0006	   1.6024	6.714e-04	   0.072	    92.207
 112	56	 4.9328	 1.0229	   1.5153	        1.5159	          0.0006	   1.5461	1.132e-03	   0.071	    93.106
 113	57	 4.9325	 1.0241	   1.5153	        1.5159	          0.0006	   1.5896	5.897e-04	   0.068	    93.927
 114	57	 4.9326	 1.0230	   1.5153	        1.5159	          0.0006	   1.5484	1.085e-03	   0.084	    94.763
 115	58	 4.9337	 1.0239	   1.5153	        1.5159	          0.0006	   1.5896	6.592e-04	   0.077	    95.584
 116	58	 4.9328	 1.0229	   1.5153	        1.5159	          0.0006	   1.5449	1.149e-03	   0.072	    96.405
 117	59	 4.9319	 1.0228	   1.5153	        1.5159	          0.0006	   1.5657	1.170e-03	   0.078	    97.270
 118	59	 4.9334	 1.0234	   1.5153	        1.5159	          0.0006	   1.5832	9.307e-04	   0.078	    98.093
 119	60	 4.9346	 1.0218	   1.5153	        1.5159	          0.0006	   1.5405	1.656e-03	   0.077	    98.915
 120	60	 4.9344	 1.0232	   1.5153	        1.5159	          0.0006	   1.5959	1.006e-03	   0.077	    99.736
 121	61	 4.9349	 1.0237	   1.5153	        1.5159	          0.0006	   1.5776	7.553e-04	   0.078	   100.566
 122	61	 4.9347	 1.0234	   1.5153	        1.5159	          0.0006	   1.5630	9.216e-04	   0.080	   101.390
 123	62	 4.9349	 1.0219	   1.5153	        1.5159	          0.0006	   1.5400	1.578e-03	   0.083	   102.250
 124	62	 4.9345	 1.0235	   1.5153	        1.5159	          0.0006	   1.5974	8.566e-04	   0.082	   103.194
 125	63	 4.9336	 1.0226	   1.5153	        1.5159	          0.0006	   1.5439	1.288e-03	   0.067	   104.075
 126	63	 4.9349	 1.0238	   1.5153	        1.5159	          0.0006	   1.6009	7.229e-04	   0.069	   104.896
 127	64	 4.9352	 1.0252	   1.5153	        1.5159	          0.0006	   1.5998	9.849e-05	   0.073	   105.723
 128	64	 4.9359	 1.0231	   1.5153	        1.5159	          0.0006	   1.5269	1.032e-03	   0.071	   106.550
 129	65	 4.9360	 1.0223	   1.5153	        1.5159	          0.0006	   1.5504	1.401e-03	   0.079	   107.378
 130	65	 4.9360	 1.0236	   1.5153	        1.5159	          0.0006	   1.5951	8.403e-04	   0.074	   108.202
 131	66	 4.9363	 1.0230	   1.5153	        1.5159	          0.0006	   1.5602	1.100e-03	   0.079	   109.027
 132	66	 4.9364	 1.0232	   1.5153	        1.5159	          0.0006	   1.5688	1.018e-03	   0.076	   109.845
 133	67	 4.9371	 1.0233	   1.5153	        1.5159	          0.0006	   1.5713	9.773e-04	   0.078	   110.666
 134	67	 4.9363	 1.0235	   1.5153	        1.5159	          0.0006	   1.5733	8.432e-04	   0.085	   111.497
 135	68	 4.9372	 1.0235	   1.5153	        1.5159	          0.0006	   1.5695	8.792e-04	   0.072	   112.317
 136	68	 4.9367	 1.0237	   1.5153	        1.5159	          0.0006	   1.5718	7.917e-04	   0.079	   113.193
 137	69	 4.9359	 1.0220	   1.5153	        1.5159	          0.0006	   1.5285	1.556e-03	   0.071	   114.055
 138	69	 4.9365	 1.0242	   1.5153	        1.5159	          0.0006	   1.6200	5.234e-04	   0.076	   114.878
 139	70	 4.9370	 1.0243	   1.5153	        1.5159	          0.0006	   1.5711	5.200e-04	   0.069	   115.695
 140	70	 4.9366	 1.0246	   1.5153	        1.5159	          0.0006	   1.5751	3.544e-04	   0.073	   116.553
 141	71	 4.9365	 1.0240	   1.5153	        1.5159	          0.0006	   1.5561	6.483e-04	   0.079	   117.476
 142	71	 4.9366	 1.0247	   1.5153	        1.5159	          0.0006	   1.5843	3.080e-04	   0.083	   118.389
 143	72	 4.9370	 1.0243	   1.5153	        1.5159	          0.0006	   1.5568	4.775e-04	   0.075	   119.211
 144	72	 4.9371	 1.0247	   1.5153	        1.5159	          0.0006	   1.5830	3.011e-04	   0.078	   120.036
 145	73	 4.9369	 1.0255	   1.5153	        1.5159	          0.0006	   1.5856	5.607e-05	   0.073	   120.856
 146	73	 4.9368	 1.0247	   1.5153	        1.5159	          0.0006	   1.5511	2.973e-04	   0.078	   121.680
 147	74	 4.9361	 1.0246	   1.5153	        1.5159	          0.0006	   1.5632	3.598e-04	   0.086	   122.511
 148	74	 4.9370	 1.0250	   1.5153	        1.5159	          0.0006	   1.5828	1.698e-04	   0.089	   123.432
 149	75	 4.9373	 1.0260	   1.5153	        1.5159	          0.0006	   1.5918	2.609e-04	   0.085	   124.350
 150	75	 4.9374	 1.0252	   1.5153	        1.5159	          0.0006	   1.5526	1.137e-04	   0.076	   125.196
 151	76	 4.9373	 1.0254	   1.5153	        1.5159	          0.0006	   1.5752	4.561e-05	   0.074	   126.021
 152	76	 4.9372	 1.0255	   1.5153	        1.5159	          0.0006	   1.5709	6.524e-05	   0.069	   126.839
 153	77	 4.9372	 1.0257	   1.5153	        1.5159	          0.0006	   1.5739	1.693e-04	   0.066	   127.662
 154	77	 4.9377	 1.0250	   1.5153	        1.5159	          0.0006	   1.5532	1.917e-04	   0.078	   128.492
 155	78	 4.9377	 1.0267	   1.5153	        1.5159	          0.0006	   1.6125	6.105e-04	   0.070	   129.315
 156	78	 4.9380	 1.0253	   1.5153	        1.5159	          0.0006	   1.5358	5.998e-05	   0.068	   130.139
 157	79	 4.9385	 1.0229	   1.5153	        1.5159	          0.0006	   1.5104	1.126e-03	   0.075	   130.965
 158	79	 4.9380	 1.0248	   1.5153	        1.5159	          0.0006	   1.6138	2.756e-04	   0.075	   131.792
 159	80	 4.9378	 1.0261	   1.5153	        1.5159	          0.0006	   1.6070	3.264e-04	   0.078	   132.614
 160	80	 4.9376	 1.0250	   1.5153	        1.5159	          0.0006	   1.5356	1.869e-04	   0.081	   133.445
 161	81	 4.9370	 1.0246	   1.5153	        1.5159	          0.0006	   1.5573	3.575e-04	   0.084	   134.348
 162	81	 4.9378	 1.0246	   1.5153	        1.5159	          0.0006	   1.5722	3.400e-04	   0.080	   135.179
 163	82	 4.9373	 1.0244	   1.5153	        1.5159	          0.0006	   1.5595	4.614e-04	   0.072	   135.996
 164	82	 4.9378	 1.0247	   1.5153	        1.5159	          0.0006	   1.5788	3.138e-04	   0.080	   136.842
 165	83	 4.9374	 1.0254	   1.5153	        1.5159	          0.0006	   1.5894	4.561e-05	   0.070	   137.680
 166	83	 4.9380	 1.0245	   1.5153	        1.5159	          0.0006	   1.5441	3.902e-04	   0.074	   138.501
 167	84	 4.9370	 1.0246	   1.5153	        1.5159	          0.0006	   1.5643	3.594e-04	   0.073	   139.325
 168	84	 4.9380	 1.0245	   1.5153	        1.5159	          0.0006	   1.5708	3.997e-04	   0.068	   140.152
 169	85	 4.9377	 1.0243	   1.5153	        1.5159	          0.0006	   1.5578	5.155e-04	   0.074	   140.980
 170	85	 4.9379	 1.0242	   1.5153	        1.5159	          0.0006	   1.5693	5.314e-04	   0.073	   141.804
 171	86	 4.9377	 1.0234	   1.5153	        1.5159	          0.0006	   1.5432	9.117e-04	   0.077	   142.628
 172	86	 4.9382	 1.0244	   1.5153	        1.5159	          0.0006	   1.6006	4.524e-04	   0.079	   143.477
 173	87	 4.9384	 1.0252	   1.5153	        1.5159	          0.0006	   1.5909	8.999e-05	   0.082	   144.424
 174	87	 4.9387	 1.0243	   1.5153	        1.5159	          0.0006	   1.5466	4.909e-04	   0.089	   145.321
 175	88	 4.9386	 1.0244	   1.5153	        1.5159	          0.0006	   1.5711	4.529e-04	   0.076	   146.143
 176	88	 4.9388	 1.0245	   1.5153	        1.5159	          0.0006	   1.5735	3.924e-04	   0.076	   146.968
 177	89	 4.9388	 1.0257	   1.5153	        1.5159	          0.0006	   1.6058	1.521e-04	   0.076	   147.790
 178	89	 4.9385	 1.0253	   1.5153	        1.5159	          0.0006	   1.5525	7.237e-05	   0.073	   148.611
 179	90	 4.9382	 1.0240	   1.5153	        1.5159	          0.0006	   1.5277	6.218e-04	   0.075	   149.435
 180	90	 4.9388	 1.0254	   1.5153	        1.5159	          0.0006	   1.6155	4.683e-05	   0.067	   150.251
 181	91	 4.9393	 1.0265	   1.5153	        1.5159	          0.0006	   1.6065	5.036e-04	   0.071	   151.086
 182	91	 4.9386	 1.0252	   1.5153	        1.5159	          0.0006	   1.5254	9.160e-05	   0.076	   151.911
 183	92	 4.9385	 1.0244	   1.5153	        1.5159	          0.0006	   1.5444	4.436e-04	   0.067	   152.732
 184	92	 4.9387	 1.0254	   1.5153	        1.5159	          0.0006	   1.6012	4.951e-05	   0.073	   153.556
 185	93	 4.9385	 1.0254	   1.5153	        1.5159	          0.0006	   1.5684	4.766e-05	   0.080	   154.422
 186	93	 4.9387	 1.0259	   1.5153	        1.5159	          0.0006	   1.5868	2.335e-04	   0.073	   155.291
 187	94	 4.9390	 1.0264	   1.5153	        1.5159	          0.0006	   1.5860	4.526e-04	   0.095	   156.198
 188	94	 4.9391	 1.0259	   1.5153	        1.5159	          0.0006	   1.5569	2.388e-04	   0.084	   157.145
 189	95	 4.9396	 1.0256	   1.5153	        1.5159	          0.0006	   1.5645	1.223e-04	   0.082	   158.032
 190	95	 4.9390	 1.0257	   1.5153	        1.5159	          0.0006	   1.5672	1.403e-04	   0.077	   158.903
 191	96	 4.9387	 1.0245	   1.5153	        1.5159	          0.0006	   1.5276	3.906e-04	   0.079	   159.772
 192	96	 4.9393	 1.0251	   1.5153	        1.5159	          0.0006	   1.5927	1.364e-04	   0.075	   160.642
 193	97	 4.9397	 1.0261	   1.5153	        1.5159	          0.0006	   1.6024	3.282e-04	   0.072	   161.490
 194	97	 4.9395	 1.0253	   1.5153	        1.5159	          0.0006	   1.5444	5.369e-05	   0.082	   162.333
 195	98	 4.9396	 1.0245	   1.5153	        1.5159	          0.0006	   1.5434	4.039e-04	   0.068	   163.153
 196	98	 4.9397	 1.0255	   1.5153	        1.5159	          0.0006	   1.6024	7.319e-05	   0.073	   163.984
 197	99	 4.9399	 1.0251	   1.5153	        1.5159	          0.0006	   1.5578	1.488e-04	   0.090	   164.903
 198	99	 4.9399	 1.0253	   1.5153	        1.5159	          0.0006	   1.5716	7.162e-05	   0.081	   165.823
 199	100	 4.9399	 1.0252	   1.5153	        1.5159	          0.0006	   1.5646	1.012e-04	   0.078	   166.671
 200	100	 4.9398	 1.0251	   1.5153	        1.5159	          0.0006	   1.5682	1.258e-04	   0.071	   167.487
 201	101	 4.9404	 1.0241	   1.5153	        1.5159	          0.0006	   1.5330	5.941e-04	   0.078	   168.321
 202	101	 4.9398	 1.0246	   1.5153	        1.5159	          0.0006	   1.5824	3.787e-04	   0.085	   169.148
 203	102	 4.9399	 1.0243	   1.5153	        1.5159	          0.0006	   1.5581	5.175e-04	   0.074	   169.968
 204	102	 4.9400	 1.0248	   1.5153	        1.5159	          0.0006	   1.5892	2.504e-04	   0.081	   170.794
 205	103	 4.9401	 1.0257	   1.5153	        1.5159	          0.0006	   1.5981	1.354e-04	   0.072	   171.610
 206	103	 4.9400	 1.0250	   1.5153	        1.5159	          0.0006	   1.5432	2.015e-04	   0.074	   172.433
 207	104	 4.9401	 1.0254	   1.5153	        1.5159	          0.0006	   1.5818	5.000e-05	   0.080	   173.261
 208	104	 4.9404	 1.0250	   1.5153	        1.5159	          0.0006	   1.5623	1.616e-04	   0.067	   174.081
 209	105	 4.9396	 1.0250	   1.5153	        1.5159	          0.0006	   1.5638	1.988e-04	   0.076	   174.922
 210	105	 4.9406	 1.0247	   1.5153	        1.5159	          0.0006	   1.5627	3.072e-04	   0.071	   175.815
 211	106	 4.9402	 1.0254	   1.5153	        1.5159	          0.0006	   1.5908	5.523e-05	   0.069	   176.645
 212	106	 4.9406	 1.0246	   1.5153	        1.5159	          0.0006	   1.5421	3.574e-04	   0.067	   177.505
 213	107	 4.9408	 1.0238	   1.5153	        1.5159	          0.0006	   1.5407	7.335e-04	   0.072	   178.329
 214	107	 4.9409	 1.0247	   1.5153	        1.5159	          0.0006	   1.6010	3.243e-04	   0.082	   179.161
 215	108	 4.9411	 1.0251	   1.5153	        1.5159	          0.0006	   1.5855	1.309e-04	   0.078	   179.985
 216	108	 4.9406	 1.0244	   1.5153	        1.5159	          0.0006	   1.5398	4.518e-04	   0.075	   180.808
 217	109	 4.9413	 1.0246	   1.5153	        1.5159	          0.0006	   1.5794	3.733e-04	   0.078	   181.631
 218	109	 4.9407	 1.0248	   1.5153	        1.5159	          0.0006	   1.5717	2.914e-04	   0.075	   182.455
 219	110	 4.9409	 1.0250	   1.5153	        1.5159	          0.0006	   1.5776	1.956e-04	   0.073	   183.274
 220	110	 4.9406	 1.0249	   1.5153	        1.5159	          0.0006	   1.5666	2.155e-04	   0.073	   184.099
 221	111	 4.9403	 1.0247	   1.5153	        1.5159	          0.0006	   1.5542	3.298e-04	   0.082	   184.953
 222	111	 4.9404	 1.0250	   1.5153	        1.5159	          0.0006	   1.5828	2.026e-04	   0.091	   185.901
 223	112	 4.9407	 1.0255	   1.5153	        1.5159	          0.0006	   1.5913	8.574e-05	   0.068	   186.787
 224	112	 4.9408	 1.0249	   1.5153	        1.5159	          0.0006	   1.5440	2.391e-04	   0.074	   187.616
 225	113	 4.9411	 1.0260	   1.5153	        1.5159	          0.0006	   1.6084	2.832e-04	   0.069	   188.436
 226	113	 4.9413	 1.0247	   1.5153	        1.5159	          0.0006	   1.5238	3.094e-04	   0.073	   189.263
 227	114	 4.9413	 1.0253	   1.5153	        1.5159	          0.0006	   1.5934	6.120e-05	   0.084	   190.089
 228	114	 4.9418	 1.0245	   1.5153	        1.5159	          0.0006	   1.5421	3.855e-04	   0.072	   190.909
 229	115	 4.9419	 1.0252	   1.5153	        1.5159	          0.0006	   1.5931	1.021e-04	   0.078	   191.739
 230	115	 4.9420	 1.0246	   1.5153	        1.5159	          0.0006	   1.5510	3.425e-04	   0.080	   192.562
 231	116	 4.9427	 1.0244	   1.5153	        1.5159	          0.0006	   1.5618	4.664e-04	   0.076	   193.385
 232	116	 4.9420	 1.0248	   1.5153	        1.5159	          0.0006	   1.5843	2.557e-04	   0.076	   194.207
 233	117	 4.9423	 1.0257	   1.5153	        1.5159	          0.0006	   1.6074	1.378e-04	   0.071	   195.023
 234	117	 4.9420	 1.0247	   1.5153	        1.5159	          0.0006	   1.5258	3.259e-04	   0.100	   195.937
 235	118	 4.9418	 1.0246	   1.5153	        1.5159	          0.0006	   1.5664	3.549e-04	   0.082	   196.931
 236	118	 4.9419	 1.0246	   1.5153	        1.5159	          0.0006	   1.5661	3.784e-04	   0.072	   197.796
 237	119	 4.9418	 1.0243	   1.5153	        1.5159	          0.0006	   1.5586	4.842e-04	   0.068	   198.629
 238	119	 4.9420	 1.0247	   1.5153	        1.5159	          0.0006	   1.5815	3.330e-04	   0.070	   199.452
 239	120	 4.9419	 1.0246	   1.5153	        1.5159	          0.0006	   1.5652	3.551e-04	   0.071	   200.272
 240	120	 4.9421	 1.0247	   1.5153	        1.5159	          0.0006	   1.5745	3.086e-04	   0.068	   201.092
 241	121	 4.9419	 1.0247	   1.5153	        1.5159	          0.0006	   1.5668	3.029e-04	   0.076	   201.925
 242	121	 4.9423	 1.0249	   1.5153	        1.5159	          0.0006	   1.5807	2.163e-04	   0.074	   202.741
 243	122	 4.9426	 1.0252	   1.5153	        1.5159	          0.0006	   1.5832	1.001e-04	   0.073	   203.522
 244	122	 4.9422	 1.0251	   1.5153	        1.5159	          0.0006	   1.5601	1.502e-04	   0.064	   204.276
 245	123	 4.9422	 1.0250	   1.5153	        1.5159	          0.0006	   1.5674	1.888e-04	   0.050	   204.942
 246	123	 4.9420	 1.0248	   1.5153	        1.5159	          0.0006	   1.5566	2.875e-04	   0.065	   205.525
 247	124	 4.9420	 1.0245	   1.5153	        1.5159	          0.0006	   1.5591	3.929e-04	   0.062	   206.260
 248	124	 4.9421	 1.0245	   1.5153	        1.5159	          0.0006	   1.5694	4.105e-04	   0.058	   206.902
 249	125	 4.9425	 1.0251	   1.5153	        1.5159	          0.0006	   1.5939	1.516e-04	   0.034	   207.472
 250	125	 4.9421	 1.0248	   1.5153	        1.5159	          0.0006	   1.5589	2.622e-04	   0.053	   208.061
 251	126	 4.9420	 1.0259	   1.5153	        1.5159	          0.0006	   1.6133	2.183e-04	   0.049	   208.646
 252	126	 4.9421	 1.0249	   1.5153	        1.5159	          0.0006	   1.5279	2.310e-04	   0.053	   209.241
 253	127	 4.9423	 1.0246	   1.5153	        1.5159	          0.0006	   1.5562	3.803e-04	   0.059	   209.833
 254	127	 4.9422	 1.0249	   1.5153	        1.5159	          0.0006	   1.5827	2.402e-04	   0.042	   210.409
 255	128	 4.9420	 1.0249	   1.5153	        1.5159	          0.0006	   1.5682	2.349e-04	   0.054	   211.010
 256	128	 4.9421	 1.0249	   1.5153	        1.5159	          0.0006	   1.5717	2.068e-04	   0.053	   211.602
 257	129	 4.9423	 1.0246	   1.5153	        1.5159	          0.0006	   1.5559	3.684e-04	   0.048	   212.190
 258	129	 4.9423	 1.0246	   1.5153	        1.5159	          0.0006	   1.5678	3.517e-04	   0.050	   212.782
 259	130	 4.9422	 1.0250	   1.5153	        1.5159	          0.0006	   1.5841	1.918e-04	   0.067	   213.443
 260	130	 4.9423	 1.0247	   1.5153	        1.5159	          0.0006	   1.5588	3.077e-04	   0.043	   214.089
 261	131	 4.9426	 1.0252	   1.5153	        1.5159	          0.0006	   1.5925	8.194e-05	   0.046	   214.678
 262	131	 4.9424	 1.0248	   1.5153	        1.5159	          0.0006	   1.5478	2.827e-04	   0.053	   215.270
 263	132	 4.9422	 1.0242	   1.5153	        1.5159	          0.0006	   1.5378	5.614e-04	   0.046	   215.864
 264	132	 4.9424	 1.0248	   1.5153	        1.5159	          0.0006	   1.6023	2.527e-04	   0.050	   216.453
 265	133	 4.9422	 1.0242	   1.5153	        1.5159	          0.0006	   1.5369	5.573e-04	   0.053	   217.040
 266	133	 4.9426	 1.0246	   1.5153	        1.5159	          0.0006	   1.5941	3.495e-04	   0.054	   217.640
 267	134	 4.9430	 1.0254	   1.5153	        1.5159	          0.0006	   1.6076	5.212e-05	   0.050	   218.225
 268	134	 4.9426	 1.0247	   1.5153	        1.5159	          0.0006	   1.5341	3.114e-04	   0.051	   218.811
 269	135	 4.9429	 1.0242	   1.5153	        1.5159	          0.0006	   1.5482	5.463e-04	   0.056	   219.411
 270	135	 4.9428	 1.0247	   1.5153	        1.5159	          0.0006	   1.5923	3.132e-04	   0.054	   219.997
 271	136	 4.9427	 1.0242	   1.5153	        1.5159	          0.0006	   1.5491	5.235e-04	   0.051	   220.686
 272	136	 4.9428	 1.0249	   1.5153	        1.5159	          0.0006	   1.6017	2.056e-04	   0.062	   221.384
 273	137	 4.9429	 1.0250	   1.5153	        1.5159	          0.0006	   1.5713	1.775e-04	   0.050	   221.987
 274	137	 4.9429	 1.0251	   1.5153	        1.5159	          0.0006	   1.5728	1.543e-04	   0.044	   222.572
 275	138	 4.9426	 1.0251	   1.5153	        1.5159	          0.0006	   1.5662	1.575e-04	   0.054	   223.167
 276	138	 4.9429	 1.0252	   1.5153	        1.5159	          0.0006	   1.5792	9.409e-05	   0.054	   223.756
 277	139	 4.9432	 1.0249	   1.5153	        1.5159	          0.0006	   1.5532	2.395e-04	   0.048	   224.350
 278	139	 4.9429	 1.0254	   1.5153	        1.5159	          0.0006	   1.5949	5.516e-05	   0.053	   224.938
 279	140	 4.9426	 1.0262	   1.5153	        1.5159	          0.0006	   1.6010	3.591e-04	   0.051	   225.530
 280	140	 4.9429	 1.0255	   1.5153	        1.5159	          0.0006	   1.5430	8.537e-05	   0.050	   226.138
 281	141	 4.9427	 1.0257	   1.5153	        1.5159	          0.0006	   1.5736	1.484e-04	   0.061	   226.797
 282	141	 4.9428	 1.0255	   1.5153	        1.5159	          0.0006	   1.5598	6.536e-05	   0.057	   227.460
 283	142	 4.9430	 1.0250	   1.5153	        1.5159	          0.0006	   1.5461	1.938e-04	   0.059	   228.144
 284	142	 4.9431	 1.0253	   1.5153	        1.5159	          0.0006	   1.5869	5.638e-05	   0.052	   228.873
 285	143	 4.9432	 1.0257	   1.5153	        1.5159	          0.0006	   1.5892	1.597e-04	   0.057	   229.514
 286	143	 4.9432	 1.0253	   1.5153	        1.5159	          0.0006	   1.5471	7.018e-05	   0.056	   230.157
 287	144	 4.9435	 1.0250	   1.5153	        1.5159	          0.0006	   1.5587	1.935e-04	   0.045	   230.749
 288	144	 4.9434	 1.0255	   1.5153	        1.5159	          0.0006	   1.5924	7.444e-05	   0.046	   231.341
 289	145	 4.9431	 1.0255	   1.5153	        1.5159	          0.0006	   1.5668	7.927e-05	   0.056	   231.941
 290	145	 4.9435	 1.0253	   1.5153	        1.5159	          0.0006	   1.5626	7.208e-05	   0.049	   232.529
 291	146	 4.9433	 1.0256	   1.5153	        1.5159	          0.0006	   1.5831	1.080e-04	   0.046	   233.116
 292	146	 4.9437	 1.0252	   1.5153	        1.5159	          0.0006	   1.5549	8.514e-05	   0.056	   233.713
 293	147	 4.9436	 1.0260	   1.5153	        1.5159	          0.0006	   1.6046	2.842e-04	   0.052	   234.298
 294	147	 4.9439	 1.0252	   1.5153	        1.5159	          0.0006	   1.5320	1.030e-04	   0.046	   234.888
 295	148	 4.9438	 1.0256	   1.5153	        1.5159	          0.0006	   1.5890	1.185e-04	   0.064	   235.514
 296	148	 4.9442	 1.0253	   1.5153	        1.5159	          0.0006	   1.5551	7.216e-05	   0.062	   236.230
 297	149	 4.9444	 1.0256	   1.5153	        1.5159	          0.0006	   1.5874	1.264e-04	   0.048	   236.883
 298	149	 4.9443	 1.0254	   1.5153	        1.5159	          0.0006	   1.5559	5.283e-05	   0.056	   237.469
 299	150	 4.9447	 1.0248	   1.5153	        1.5159	          0.0006	   1.5418	2.866e-04	   0.045	   238.058
 300	150	 4.9447	 1.0253	   1.5153	        1.5159	          0.0006	   1.5947	7.699e-05	   0.048	   238.655
 301	151	 4.9451	 1.0253	   1.5153	        1.5159	          0.0006	   1.5713	7.249e-05	   0.044	   239.235
 302	151	 4.9450	 1.0252	   1.5153	        1.5159	          0.0006	   1.5670	9.899e-05	   0.052	   239.832
 303	152	 4.9454	 1.0254	   1.5153	        1.5159	          0.0006	   1.5839	5.423e-05	   0.052	   240.428
 304	152	 4.9450	 1.0253	   1.5153	        1.5159	          0.0006	   1.5614	5.873e-05	   0.047	   241.007
 305	153	 4.9445	 1.0251	   1.5153	        1.5159	          0.0006	   1.5537	1.582e-04	   0.052	   241.607
 306	153	 4.9451	 1.0252	   1.5153	        1.5159	          0.0006	   1.5754	1.148e-04	   0.056	   242.200
 307	154	 4.9451	 1.0244	   1.5153	        1.5159	          0.0006	   1.5275	4.460e-04	   0.051	   242.820
 308	154	 4.9453	 1.0248	   1.5153	        1.5159	          0.0006	   1.5933	2.635e-04	   0.062	   243.469
 309	155	 4.9450	 1.0247	   1.5153	        1.5159	          0.0006	   1.5560	3.360e-04	   0.063	   244.098
 310	155	 4.9452	 1.0250	   1.5153	        1.5159	          0.0006	   1.5926	1.678e-04	   0.045	   244.681
 311	156	 4.9452	 1.0244	   1.5153	        1.5159	          0.0006	   1.5368	4.541e-04	   0.050	   245.276
 312	156	 4.9453	 1.0253	   1.5153	        1.5159	          0.0006	   1.6140	8.023e-05	   0.053	   245.865
 313	157	 4.9450	 1.0253	   1.5153	        1.5159	          0.0006	   1.5662	7.566e-05	   0.052	   246.458
 314	157	 4.9453	 1.0253	   1.5153	        1.5159	          0.0006	   1.5735	7.368e-05	   0.044	   247.044
 315	158	 4.9455	 1.0250	   1.5153	        1.5159	          0.0006	   1.5556	2.002e-04	   0.052	   247.629
 316	158	 4.9456	 1.0252	   1.5153	        1.5159	          0.0006	   1.5841	8.073e-05	   0.049	   248.229
 317	159	 4.9455	 1.0250	   1.5153	        1.5159	          0.0006	   1.5583	1.661e-04	   0.048	   248.819
 318	159	 4.9458	 1.0248	   1.5153	        1.5159	          0.0006	   1.5579	2.685e-04	   0.052	   249.406
 319	160	 4.9458	 1.0251	   1.5153	        1.5159	          0.0006	   1.5816	1.527e-04	   0.048	   250.000
 320	160	 4.9461	 1.0247	   1.5153	        1.5159	          0.0006	   1.5529	3.241e-04	   0.062	   250.695
 321	161	 4.9465	 1.0248	   1.5153	        1.5159	          0.0006	   1.5827	2.791e-04	   0.055	   251.371
 322	161	 4.9462	 1.0247	   1.5153	        1.5159	          0.0006	   1.5571	3.088e-04	   0.056	   251.993
 323	162	 4.9465	 1.0245	   1.5153	        1.5159	          0.0006	   1.5616	3.880e-04	   0.054	   252.584
 324	162	 4.9463	 1.0248	   1.5153	        1.5159	          0.0006	   1.5798	2.878e-04	   0.045	   253.167
 325	163	 4.9463	 1.0249	   1.5153	        1.5159	          0.0006	   1.5766	2.360e-04	   0.053	   253.765
 326	163	 4.9465	 1.0248	   1.5153	        1.5159	          0.0006	   1.5635	2.874e-04	   0.057	   254.355
 327	164	 4.9465	 1.0241	   1.5153	        1.5159	          0.0006	   1.5353	5.755e-04	   0.043	   254.940
 328	164	 4.9464	 1.0247	   1.5153	        1.5159	          0.0006	   1.6004	2.978e-04	   0.059	   255.596
 329	165	 4.9464	 1.0252	   1.5153	        1.5159	          0.0006	   1.5929	1.027e-04	   0.058	   256.256
 330	165	 4.9464	 1.0249	   1.5153	        1.5159	          0.0006	   1.5522	2.457e-04	   0.052	   256.890
 331	166	 4.9465	 1.0252	   1.5153	        1.5159	          0.0006	   1.5863	1.144e-04	   0.050	   257.503
 332	166	 4.9465	 1.0250	   1.5153	        1.5159	          0.0006	   1.5593	1.948e-04	   0.056	   258.106
 333	167	 4.9465	 1.0247	   1.5153	        1.5159	          0.0006	   1.5480	3.375e-04	   0.052	   258.793
 334	167	 4.9466	 1.0252	   1.5153	        1.5159	          0.0006	   1.6022	1.039e-04	   0.047	   259.375
 335	168	 4.9466	 1.0246	   1.5153	        1.5159	          0.0006	   1.5352	3.604e-04	   0.053	   259.965
 336	168	 4.9469	 1.0252	   1.5153	        1.5159	          0.0006	   1.6042	1.136e-04	   0.053	   260.564
 337	169	 4.9469	 1.0255	   1.5153	        1.5159	          0.0006	   1.5869	7.256e-05	   0.054	   261.151
 338	169	 4.9467	 1.0251	   1.5153	        1.5159	          0.0006	   1.5436	1.495e-04	   0.048	   261.733
 339	170	 4.9467	 1.0254	   1.5153	        1.5159	          0.0006	   1.5868	5.322e-05	   0.052	   262.334
 340	170	 4.9470	 1.0251	   1.5153	        1.5159	          0.0006	   1.5520	1.441e-04	   0.048	   262.922
 341	171	 4.9469	 1.0251	   1.5153	        1.5159	          0.0006	   1.5702	1.458e-04	   0.046	   263.506
 342	171	 4.9468	 1.0251	   1.5153	        1.5159	          0.0006	   1.5662	1.456e-04	   0.054	   264.104
 343	172	 4.9468	 1.0249	   1.5153	        1.5159	          0.0006	   1.5575	2.382e-04	   0.050	   264.690
 344	172	 4.9468	 1.0249	   1.5153	        1.5159	          0.0006	   1.5716	2.182e-04	   0.049	   265.310
 345	173	 4.9469	 1.0250	   1.5153	        1.5159	          0.0006	   1.5762	1.758e-04	   0.059	   266.028
 346	173	 4.9467	 1.0249	   1.5153	        1.5159	          0.0006	   1.5593	2.386e-04	   0.053	   266.686
 347	174	 4.9468	 1.0252	   1.5153	        1.5159	          0.0006	   1.5904	9.803e-05	   0.042	   267.273
 348	174	 4.9469	 1.0248	   1.5153	        1.5159	          0.0006	   1.5433	2.899e-04	   0.055	   267.863
 349	175	 4.9470	 1.0247	   1.5153	        1.5159	          0.0006	   1.5669	3.231e-04	   0.055	   268.453
 350	175	 4.9469	 1.0246	   1.5153	        1.5159	          0.0006	   1.5627	3.460e-04	   0.052	   269.051
 351	176	 4.9468	 1.0250	   1.5153	        1.5159	          0.0006	   1.5911	1.753e-04	   0.053	   269.636
 352	176	 4.9470	 1.0248	   1.5153	        1.5159	          0.0006	   1.5560	2.915e-04	   0.052	   270.227
 353	177	 4.9470	 1.0246	   1.5153	        1.5159	          0.0006	   1.5599	3.677e-04	   0.053	   270.824
 354	177	 4.9473	 1.0246	   1.5153	        1.5159	          0.0006	   1.5706	3.687e-04	   0.052	   271.420
 355	178	 4.9476	 1.0244	   1.5153	        1.5159	          0.0006	   1.5602	4.353e-04	   0.047	   272.030
 356	178	 4.9473	 1.0245	   1.5153	        1.5159	          0.0006	   1.5731	3.850e-04	   0.054	   272.632
 357	179	 4.9478	 1.0242	   1.5153	        1.5159	          0.0006	   1.5506	5.469e-04	   0.062	   273.269
 358	179	 4.9474	 1.0244	   1.5153	        1.5159	          0.0006	   1.5784	4.532e-04	   0.051	   273.896
 359	180	 4.9475	 1.0237	   1.5153	        1.5159	          0.0006	   1.5264	7.943e-04	   0.052	   274.491
 360	180	 4.9475	 1.0243	   1.5153	        1.5159	          0.0006	   1.6042	5.102e-04	   0.052	   275.077
 361	181	 4.9475	 1.0247	   1.5153	        1.5159	          0.0006	   1.5940	3.245e-04	   0.046	   275.666
 362	181	 4.9476	 1.0242	   1.5153	        1.5159	          0.0006	   1.5404	5.381e-04	   0.057	   276.260
 363	182	 4.9477	 1.0246	   1.5153	        1.5159	          0.0006	   1.5916	3.558e-04	   0.055	   276.855
 364	182	 4.9478	 1.0243	   1.5153	        1.5159	          0.0006	   1.5515	4.969e-04	   0.044	   277.439
 365	183	 4.9477	 1.0245	   1.5153	        1.5159	          0.0006	   1.5795	4.068e-04	   0.060	   278.033
 366	183	 4.9478	 1.0245	   1.5153	        1.5159	          0.0006	   1.5719	3.984e-04	   0.049	   278.619
 367	184	 4.9480	 1.0252	   1.5153	        1.5159	          0.0006	   1.6147	9.057e-05	   0.046	   279.213
 368	184	 4.9478	 1.0245	   1.5153	        1.5159	          0.0006	   1.5211	3.999e-04	   0.052	   279.797
 369	185	 4.9477	 1.0248	   1.5153	        1.5159	          0.0006	   1.5878	2.641e-04	   0.067	   280.491
 370	185	 4.9478	 1.0247	   1.5153	        1.5159	          0.0006	   1.5628	3.037e-04	   0.057	   281.185
 371	186	 4.9480	 1.0248	   1.5153	        1.5159	          0.0006	   1.5738	2.635e-04	   0.049	   281.786
 372	186	 4.9478	 1.0244	   1.5153	        1.5159	          0.0006	   1.5436	4.366e-04	   0.047	   282.383
 373	187	 4.9474	 1.0245	   1.5153	        1.5159	          0.0006	   1.5704	3.876e-04	   0.053	   282.980
 374	187	 4.9477	 1.0245	   1.5153	        1.5159	          0.0006	   1.5675	4.257e-04	   0.052	   283.618
 375	188	 4.9476	 1.0238	   1.5153	        1.5159	          0.0006	   1.5241	7.329e-04	   0.056	   284.295
 376	188	 4.9477	 1.0244	   1.5153	        1.5159	          0.0006	   1.6134	4.322e-04	   0.062	   284.969
 377	189	 4.9477	 1.0248	   1.5153	        1.5159	          0.0006	   1.5882	2.837e-04	   0.055	   285.624
 378	189	 4.9477	 1.0246	   1.5153	        1.5159	          0.0006	   1.5619	3.448e-04	   0.060	   286.304
 379	190	 4.9480	 1.0245	   1.5153	        1.5159	          0.0006	   1.5580	4.240e-04	   0.056	   286.951
 380	190	 4.9478	 1.0248	   1.5153	        1.5159	          0.0006	   1.5901	2.767e-04	   0.048	   287.555
 381	191	 4.9478	 1.0247	   1.5153	        1.5159	          0.0006	   1.5626	3.072e-04	   0.048	   288.143
 382	191	 4.9481	 1.0248	   1.5153	        1.5159	          0.0006	   1.5797	2.637e-04	   0.059	   288.823
 383	192	 4.9483	 1.0251	   1.5153	        1.5159	          0.0006	   1.5905	1.385e-04	   0.044	   289.413
 384	192	 4.9483	 1.0247	   1.5153	        1.5159	          0.0006	   1.5394	3.349e-04	   0.045	   290.004
 385	193	 4.9480	 1.0246	   1.5153	        1.5159	          0.0006	   1.5584	3.672e-04	   0.051	   290.595
 386	193	 4.9482	 1.0248	   1.5153	        1.5159	          0.0006	   1.5885	2.769e-04	   0.052	   291.190
 387	194	 4.9483	 1.0248	   1.5153	        1.5159	          0.0006	   1.5692	2.885e-04	   0.046	   291.778
 388	194	 4.9481	 1.0250	   1.5153	        1.5159	          0.0006	   1.5832	1.699e-04	   0.053	   292.359
 389	195	 4.9480	 1.0251	   1.5153	        1.5159	          0.0006	   1.5750	1.301e-04	   0.055	   292.962
 390	195	 4.9481	 1.0252	   1.5153	        1.5159	          0.0006	   1.5750	9.530e-05	   0.052	   293.553
 391	196	 4.9482	 1.0256	   1.5153	        1.5159	          0.0006	   1.5958	1.180e-04	   0.050	   294.137
 392	196	 4.9483	 1.0251	   1.5153	        1.5159	          0.0006	   1.5363	1.488e-04	   0.051	   294.732
 393	197	 4.9484	 1.0250	   1.5153	        1.5159	          0.0006	   1.5597	1.915e-04	   0.068	   295.352
 394	197	 4.9485	 1.0251	   1.5153	        1.5159	          0.0006	   1.5798	1.450e-04	   0.046	   296.049
 395	198	 4.9485	 1.0246	   1.5153	        1.5159	          0.0006	   1.5382	3.530e-04	   0.053	   296.720
 396	198	 4.9487	 1.0250	   1.5153	        1.5159	          0.0006	   1.5937	1.882e-04	   0.055	   297.313
 397	199	 4.9484	 1.0252	   1.5153	        1.5159	          0.0006	   1.5811	9.054e-05	   0.042	   297.875
 398	199	 4.9487	 1.0249	   1.5153	        1.5159	          0.0006	   1.5508	2.298e-04	   0.047	   298.437
 399	200	 4.9488	 1.0247	   1.5153	        1.5159	          0.0006	   1.5627	3.018e-04	   0.047	   298.989
 400	200	 4.9487	 1.0249	   1.5153	        1.5159	          0.0006	   1.5740	2.405e-04	   0.044	   299.546

[BSGD] Finished on device cuda -> σ_f² ≈ 4.9487, σ_ε² ≈ 1.0249
