[GPU 1][JOB 194] 'python cli.py minimax --n 1024 --lengthscale 0.5 --sigma-f2-true 4.0 --sigma-eps2-true 1.0 --n-epochs 200 --device auto --kernel-mode finite --a 1e-3 --b 1e-3 --w-init-scale 0.1 --num-features 128 --print-every 1 --mu-increase-factor 1.5 --mu-increase-epochs 10 --seed 3 --batch-size 512 --mu 2.0 --lr-decay 1.0 --lr-decay-start-epoch 0 --sigma-f2-init 5.0 --sigma-eps2-init 3.0 '

=== MINIMAX + ORF (TMLR) ===
iter	epoch	σ_f²	σ_ε²	real_nlml	real_nlml_true	real_nlml_abs_err	orf_nlml	orf_nlml_true	ℓ_μ	|A-F|/|A|	|B|	cosBΔ	pen/pen*	lr_scale	||grad||	duration_s	wall_time_s
   1	 1	 4.7764	 3.1386	   1.7288	        1.5214	          0.2075	   1.7288	        1.5214	 2.2861	 2.0000	3.380e+01	 0.0688	 0.9922	 0.0683	 1.00000	1.019e-01	  65.709	    65.739
   2	 1	 5.0985	 3.2317	   1.7386	        1.5214	          0.2172	   1.7386	        1.5214	 2.1232	 2.0000	3.504e+01	 0.1392	 0.9956	 0.1386	 1.00000	1.004e-01	  78.171	   143.910
   3	 2	 5.6632	 3.2176	   1.7378	        1.5214	          0.2164	   1.7378	        1.5214	 2.0276	 2.0000	3.892e+01	 0.2179	 0.9980	 0.2175	 1.00000	1.006e-01	  74.073	   217.984
   4	 2	 6.5037	 3.2014	   1.7371	        1.5214	          0.2158	   1.7371	        1.5214	 1.9410	 2.0000	4.470e+01	 0.3058	 0.9977	 0.3051	 1.00000	1.009e-01	  63.529	   281.513
   5	 3	 7.2016	 3.1539	   1.7332	        1.5214	          0.2118	   1.7332	        1.5214	 1.8816	 2.0000	4.950e+01	 0.4045	 0.9980	 0.4037	 1.00000	1.017e-01	  56.070	   337.583
   6	 3	 8.0613	 3.0618	   1.7249	        1.5214	          0.2035	   1.7249	        1.5214	 1.8296	 2.0000	5.540e+01	 0.5180	 0.9988	 0.5174	 1.00000	1.032e-01	  47.962	   385.545
   7	 4	 8.7179	 2.9632	   1.7155	        1.5214	          0.1941	   1.7155	        1.5214	 1.7832	 2.0000	5.991e+01	 0.6369	 0.9989	 0.6362	 1.00000	1.048e-01	  46.759	   432.304
   8	 4	 8.8199	 2.8639	   1.7052	        1.5214	          0.1838	   1.7052	        1.5214	 1.7408	 2.0000	6.060e+01	 0.7592	 0.9989	 0.7583	 1.00000	1.063e-01	  41.439	   473.743
   9	 5	 9.4062	 2.7465	   1.6933	        1.5214	          0.1720	   1.6933	        1.5214	 1.6998	 2.0000	6.462e+01	 0.8892	 0.9992	 0.8885	 1.00000	1.081e-01	  33.243	   506.987
  10	 5	 8.9849	 2.6251	   1.6795	        1.5214	          0.1582	   1.6795	        1.5214	 1.6605	 2.0000	6.171e+01	 1.0000	 0.9990	 0.9990	 1.00000	1.099e-01	  33.082	   540.068
  11	 6	 9.1295	 2.4898	   1.6647	        1.5214	          0.1434	   1.6647	        1.5214	 1.6221	 2.0000	6.269e+01	 1.0000	 0.9991	 0.9991	 1.00000	1.117e-01	  31.955	   572.024
  12	 6	 9.4511	 2.3642	   1.6510	        1.5214	          0.1296	   1.6510	        1.5214	 1.5834	 2.0000	6.489e+01	 1.0000	 0.9994	 0.9994	 1.00000	1.132e-01	  29.806	   601.830
  13	 7	 9.4700	 2.2329	   1.6361	        1.5214	          0.1147	   1.6361	        1.5214	 1.5484	 2.0000	6.500e+01	 1.0000	 0.9994	 0.9994	 1.00000	1.142e-01	  29.754	   631.585
  14	 7	 9.5050	 2.0850	   1.6192	        1.5214	          0.0978	   1.6192	        1.5214	 1.5120	 2.0000	6.523e+01	 1.0000	 0.9995	 0.9995	 1.00000	1.147e-01	  29.843	   661.428
  15	 8	 9.3862	 1.9302	   1.6013	        1.5214	          0.0800	   1.6013	        1.5214	 1.4787	 2.0000	6.439e+01	 1.0000	 0.9995	 0.9995	 1.00000	1.140e-01	  29.886	   691.315
  16	 8	 9.7907	 1.8169	   1.5890	        1.5214	          0.0677	   1.5890	        1.5214	 1.4524	 2.0000	6.716e+01	 1.0000	 0.9996	 0.9996	 1.00000	1.122e-01	  18.123	   709.437
  17	 9	 9.3986	 1.6629	   1.5716	        1.5214	          0.0502	   1.5716	        1.5214	 1.4183	 2.0000	6.445e+01	 1.0000	 0.9996	 0.9996	 1.00000	1.073e-01	  17.145	   726.583
  18	 9	 9.6104	 1.5788	   1.5630	        1.5214	          0.0417	   1.5630	        1.5214	 1.3982	 2.0000	6.590e+01	 1.0000	 0.9997	 0.9997	 1.00000	1.028e-01	  16.951	   743.534
  19	10	 9.6456	 1.4760	   1.5529	        1.5214	          0.0315	   1.5529	        1.5214	 1.3762	 2.0000	6.613e+01	 1.0000	 0.9997	 0.9997	 1.00000	9.509e-02	  17.174	   760.708
  20	10	 9.3878	 1.3913	   1.5448	        1.5214	          0.0235	   1.5448	        1.5214	 1.3609	 2.0000	6.434e+01	 1.0000	 0.9997	 0.9997	 1.00000	8.609e-02	  17.122	   777.831
  21	11	 9.1358	 1.3530	   1.5413	        1.5214	          0.0199	   1.5413	        1.5214	 1.4175	 3.0000	6.260e+01	 1.0000	 0.9996	 0.9996	 1.00000	8.104e-02	  17.168	   794.999
  22	11	 8.4499	 1.2958	   1.5360	        1.5214	          0.0147	   1.5360	        1.5214	 1.4039	 3.0000	5.788e+01	 1.0000	 0.9996	 0.9996	 1.00000	7.205e-02	   5.118	   800.118
  23	12	 8.6164	 1.2825	   1.5353	        1.5214	          0.0139	   1.5353	        1.5214	 1.4011	 3.0000	5.902e+01	 1.0000	 0.9996	 0.9996	 1.00000	6.969e-02	   4.236	   804.353
  24	12	 8.1322	 1.2783	   1.5344	        1.5214	          0.0130	   1.5344	        1.5214	 1.3990	 3.0000	5.569e+01	 1.0000	 0.9995	 0.9995	 1.00000	6.891e-02	   4.229	   808.582
  25	13	 7.9598	 1.3079	   1.5363	        1.5214	          0.0149	   1.5363	        1.5214	 1.3961	 3.0000	5.451e+01	 1.0000	 0.9996	 0.9996	 1.00000	7.410e-02	   4.232	   812.815
  26	13	 7.2660	 1.2777	   1.5332	        1.5214	          0.0118	   1.5332	        1.5214	 1.3876	 3.0000	4.973e+01	 1.0000	 0.9994	 0.9994	 1.00000	6.879e-02	   4.263	   817.079
  27	14	 7.6667	 1.2712	   1.5333	        1.5214	          0.0119	   1.5333	        1.5214	 1.3657	 3.0000	5.248e+01	 1.0000	 0.9996	 0.9996	 1.00000	6.760e-02	   4.199	   821.278
  28	14	 6.7330	 1.2543	   1.5309	        1.5214	          0.0096	   1.5309	        1.5214	 1.3737	 3.0000	4.606e+01	 1.0000	 0.9996	 0.9996	 1.00000	6.426e-02	   4.261	   825.539
  29	15	 7.7212	 1.2533	   1.5322	        1.5214	          0.0108	   1.5322	        1.5214	 1.3600	 3.0000	5.286e+01	 1.0000	 0.9995	 0.9995	 1.00000	6.408e-02	   4.217	   829.757
  30	15	 6.3370	 1.2491	   1.5301	        1.5214	          0.0088	   1.5301	        1.5214	 1.3574	 3.0000	4.334e+01	 1.0000	 0.9995	 0.9995	 1.00000	6.321e-02	   4.300	   834.057
  31	16	 7.1349	 1.2513	   1.5313	        1.5214	          0.0099	   1.5313	        1.5214	 1.3487	 3.0000	4.882e+01	 1.0000	 0.9993	 0.9993	 1.00000	6.368e-02	   4.202	   838.260
  32	16	 6.6107	 1.2416	   1.5300	        1.5214	          0.0086	   1.5300	        1.5214	 1.3421	 3.0000	4.522e+01	 1.0000	 0.9994	 0.9994	 1.00000	6.164e-02	   4.665	   842.925
  33	17	 6.2366	 1.1979	   1.5271	        1.5214	          0.0057	   1.5271	        1.5214	 1.3358	 3.0000	4.264e+01	 1.0000	 0.9994	 0.9994	 1.00000	5.165e-02	   4.199	   847.124
  34	17	 7.2419	 1.2508	   1.5314	        1.5214	          0.0100	   1.5314	        1.5214	 1.3466	 3.0000	4.956e+01	 1.0000	 0.9995	 0.9995	 1.00000	6.357e-02	   4.267	   851.391
  35	18	 5.6059	 1.1936	   1.5261	        1.5214	          0.0048	   1.5261	        1.5214	 1.3536	 3.0000	3.831e+01	 1.0000	 0.9996	 0.9996	 1.00000	5.054e-02	   4.196	   855.587
  36	18	 6.6875	 1.2926	   1.5335	        1.5214	          0.0121	   1.5335	        1.5214	 1.3323	 3.0000	4.575e+01	 1.0000	 0.9996	 0.9996	 1.00000	7.149e-02	   4.263	   859.851
  37	19	 6.2649	 1.1725	   1.5259	        1.5214	          0.0045	   1.5259	        1.5214	 1.3215	 3.0000	4.284e+01	 1.0000	 0.9996	 0.9996	 1.00000	4.509e-02	   4.197	   864.048
  38	19	 5.4020	 1.2709	   1.5305	        1.5214	          0.0091	   1.5305	        1.5214	 1.3372	 3.0000	3.692e+01	 1.0000	 0.9996	 0.9996	 1.00000	6.744e-02	   4.260	   868.308
  39	20	 6.4407	 1.2532	   1.5305	        1.5214	          0.0091	   1.5305	        1.5214	 1.3198	 3.0000	4.405e+01	 1.0000	 0.9995	 0.9995	 1.00000	6.403e-02	   4.193	   872.501
  40	20	 5.5961	 1.2267	   1.5279	        1.5214	          0.0065	   1.5279	        1.5214	 1.3171	 3.0000	3.825e+01	 1.0000	 0.9994	 0.9994	 1.00000	5.837e-02	   4.256	   876.757
  41	21	 5.9499	 1.1952	   1.5266	        1.5214	          0.0052	   1.5266	        1.5214	 1.3718	 4.5000	4.067e+01	 1.0000	 0.9993	 0.9993	 1.00000	5.096e-02	   4.193	   880.950
  42	21	 5.1382	 1.2269	   1.5275	        1.5214	          0.0061	   1.5275	        1.5214	 1.3686	 4.5000	3.510e+01	 1.0000	 0.9993	 0.9993	 1.00000	5.837e-02	   4.262	   885.212
  43	22	 4.8918	 1.2178	   1.5267	        1.5214	          0.0054	   1.5267	        1.5214	 1.3663	 4.5000	3.340e+01	 1.0000	 0.9994	 0.9994	 1.00000	5.629e-02	   4.195	   889.407
  44	22	 6.0233	 1.2367	   1.5290	        1.5214	          0.0076	   1.5290	        1.5214	 1.3811	 4.5000	4.118e+01	 1.0000	 0.9993	 0.9993	 1.00000	6.059e-02	   4.250	   893.657
  45	23	 4.5498	 1.1934	   1.5252	        1.5214	          0.0038	   1.5252	        1.5214	 1.3678	 4.5000	3.105e+01	 1.0000	 0.9993	 0.9993	 1.00000	5.036e-02	   4.202	   897.859
  46	23	 5.3405	 1.2492	   1.5290	        1.5214	          0.0077	   1.5290	        1.5214	 1.3547	 4.5000	3.648e+01	 1.0000	 0.9994	 0.9994	 1.00000	6.315e-02	   4.278	   902.138
  47	24	 4.8420	 1.2229	   1.5270	        1.5214	          0.0056	   1.5270	        1.5214	 1.3474	 4.5000	3.306e+01	 1.0000	 0.9992	 0.9992	 1.00000	5.744e-02	   4.212	   906.350
  48	24	 4.7192	 1.1960	   1.5255	        1.5214	          0.0041	   1.5255	        1.5214	 1.3449	 4.5000	3.221e+01	 1.0000	 0.9992	 0.9992	 1.00000	5.105e-02	   4.270	   910.620
  49	25	 4.8456	 1.1657	   1.5241	        1.5214	          0.0027	   1.5241	        1.5214	 1.3414	 4.5000	3.307e+01	 1.0000	 0.9993	 0.9993	 1.00000	4.309e-02	   4.201	   914.822
  50	25	 4.7442	 1.2150	   1.5265	        1.5214	          0.0051	   1.5265	        1.5214	 1.3385	 4.5000	3.238e+01	 1.0000	 0.9992	 0.9992	 1.00000	5.561e-02	   4.277	   919.099
  51	26	 4.8197	 1.1845	   1.5250	        1.5214	          0.0036	   1.5250	        1.5214	 1.3380	 4.5000	3.290e+01	 1.0000	 0.9991	 0.9991	 1.00000	4.814e-02	   4.215	   923.314
  52	26	 4.4399	 1.2013	   1.5256	        1.5214	          0.0042	   1.5256	        1.5214	 1.3361	 4.5000	3.029e+01	 1.0000	 0.9992	 0.9992	 1.00000	5.231e-02	   4.258	   927.572
  53	27	 4.4839	 1.1977	   1.5254	        1.5214	          0.0040	   1.5254	        1.5214	 1.3353	 4.5000	3.059e+01	 1.0000	 0.9993	 0.9993	 1.00000	5.143e-02	   4.202	   931.775
  54	27	 4.6887	 1.1985	   1.5256	        1.5214	          0.0042	   1.5256	        1.5214	 1.3329	 4.5000	3.200e+01	 1.0000	 0.9994	 0.9994	 1.00000	5.165e-02	   4.272	   936.047
  55	28	 4.5399	 1.2180	   1.5265	        1.5214	          0.0052	   1.5265	        1.5214	 1.3324	 4.5000	3.098e+01	 1.0000	 0.9994	 0.9994	 1.00000	5.628e-02	   4.191	   940.238
  56	28	 4.2080	 1.1722	   1.5241	        1.5214	          0.0027	   1.5241	        1.5214	 1.3306	 4.5000	2.869e+01	 1.0000	 0.9992	 0.9992	 1.00000	4.478e-02	   4.252	   944.490
  57	29	 4.6163	 1.1922	   1.5252	        1.5214	          0.0038	   1.5252	        1.5214	 1.3322	 4.5000	3.150e+01	 1.0000	 0.9994	 0.9994	 1.00000	5.008e-02	   4.197	   948.687
  58	29	 4.0035	 1.1880	   1.5248	        1.5214	          0.0034	   1.5248	        1.5214	 1.3300	 4.5000	2.729e+01	 1.0000	 0.9994	 0.9994	 1.00000	4.889e-02	   4.256	   952.943
  59	30	 4.3342	 1.1991	   1.5254	        1.5214	          0.0040	   1.5254	        1.5214	 1.3260	 4.5000	2.956e+01	 1.0000	 0.9995	 0.9995	 1.00000	5.176e-02	   4.198	   957.142
  60	30	 4.2727	 1.1888	   1.5249	        1.5214	          0.0035	   1.5249	        1.5214	 1.3236	 4.5000	2.914e+01	 1.0000	 0.9997	 0.9997	 1.00000	4.915e-02	   4.262	   961.404
  61	31	 4.1891	 1.2200	   1.5265	        1.5214	          0.0051	   1.5265	        1.5214	 1.3862	 6.7500	2.856e+01	 1.0000	 0.9995	 0.9995	 1.00000	5.668e-02	   4.143	   965.547
  62	31	 3.4763	 1.1704	   1.5241	        1.5214	          0.0028	   1.5241	        1.5214	 1.3902	 6.7500	2.366e+01	 1.0000	 0.9995	 0.9995	 1.00000	4.407e-02	   4.259	   969.806
  63	32	 4.1897	 1.2803	   1.5303	        1.5214	          0.0089	   1.5303	        1.5214	 1.3875	 6.7500	2.857e+01	 1.0000	 0.9995	 0.9995	 1.00000	6.904e-02	   4.188	   973.995
  64	32	 3.4026	 1.1767	   1.5245	        1.5214	          0.0031	   1.5245	        1.5214	 1.3815	 6.7500	2.315e+01	 1.0000	 0.9993	 0.9993	 1.00000	4.574e-02	   4.256	   978.251
  65	33	 3.6401	 1.2201	   1.5265	        1.5214	          0.0052	   1.5265	        1.5214	 1.3753	 6.7500	2.479e+01	 1.0000	 0.9993	 0.9993	 1.00000	5.656e-02	   4.192	   982.443
  66	33	 3.8219	 1.1982	   1.5253	        1.5214	          0.0039	   1.5253	        1.5214	 1.3715	 6.7500	2.603e+01	 1.0000	 0.9993	 0.9993	 1.00000	5.140e-02	   4.216	   986.659
  67	34	 3.6554	 1.1639	   1.5237	        1.5214	          0.0024	   1.5237	        1.5214	 1.3678	 6.7500	2.489e+01	 1.0000	 0.9994	 0.9994	 1.00000	4.234e-02	   4.165	   990.824
  68	34	 3.4400	 1.2059	   1.5259	        1.5214	          0.0045	   1.5259	        1.5214	 1.3659	 6.7500	2.341e+01	 1.0000	 0.9994	 0.9994	 1.00000	5.317e-02	   4.200	   995.024
  69	35	 3.5465	 1.2286	   1.5271	        1.5214	          0.0057	   1.5271	        1.5214	 1.3642	 6.7500	2.414e+01	 1.0000	 0.9995	 0.9995	 1.00000	5.844e-02	   4.206	   999.230
  70	35	 3.4445	 1.1773	   1.5245	        1.5214	          0.0031	   1.5245	        1.5214	 1.3614	 6.7500	2.344e+01	 1.0000	 0.9994	 0.9994	 1.00000	4.592e-02	   4.214	  1003.444
  71	36	 3.2805	 1.1513	   1.5235	        1.5214	          0.0022	   1.5235	        1.5214	 1.3624	 6.7500	2.231e+01	 1.0000	 0.9995	 0.9995	 1.00000	3.858e-02	   4.211	  1007.655
  72	36	 3.6320	 1.2207	   1.5266	        1.5214	          0.0052	   1.5266	        1.5214	 1.3626	 6.7500	2.473e+01	 1.0000	 0.9992	 0.9992	 1.00000	5.670e-02	   4.213	  1011.869
  73	37	 3.2698	 1.1369	   1.5230	        1.5214	          0.0017	   1.5230	        1.5214	 1.3596	 6.7500	2.223e+01	 1.0000	 0.9992	 0.9992	 1.00000	3.425e-02	   4.213	  1016.082
  74	37	 3.3555	 1.2454	   1.5282	        1.5214	          0.0069	   1.5282	        1.5214	 1.3566	 6.7500	2.283e+01	 1.0000	 0.9993	 0.9993	 1.00000	6.198e-02	   4.219	  1020.301
  75	38	 3.2402	 1.2015	   1.5259	        1.5214	          0.0045	   1.5259	        1.5214	 1.3562	 6.7500	2.204e+01	 1.0000	 0.9993	 0.9993	 1.00000	5.203e-02	   4.212	  1024.513
  76	38	 3.2813	 1.2093	   1.5262	        1.5214	          0.0049	   1.5262	        1.5214	 1.3536	 6.7500	2.232e+01	 1.0000	 0.9991	 0.9991	 1.00000	5.391e-02	   4.215	  1028.728
  77	39	 3.2781	 1.1755	   1.5246	        1.5214	          0.0032	   1.5246	        1.5214	 1.3525	 6.7500	2.229e+01	 1.0000	 0.9989	 0.9989	 1.00000	4.537e-02	   4.212	  1032.940
  78	39	 3.1390	 1.2039	   1.5261	        1.5214	          0.0048	   1.5261	        1.5214	 1.3512	 6.7500	2.134e+01	 1.0000	 0.9992	 0.9992	 1.00000	5.256e-02	   4.217	  1037.157
  79	40	 3.0792	 1.1695	   1.5246	        1.5214	          0.0032	   1.5246	        1.5214	 1.3524	 6.7500	2.092e+01	 1.0000	 0.9994	 0.9994	 1.00000	4.365e-02	   4.213	  1041.370
  80	40	 3.4224	 1.2158	   1.5264	        1.5214	          0.0051	   1.5264	        1.5214	 1.3546	 6.7500	2.329e+01	 1.0000	 0.9995	 0.9995	 1.00000	5.549e-02	   4.164	  1045.535
  81	41	 2.6594	 1.2024	   1.5272	        1.5214	          0.0059	   1.5272	        1.5214	 1.4234	10.1250	1.804e+01	 1.0000	 0.9994	 0.9994	 1.00000	5.196e-02	   4.234	  1049.769
  82	41	 3.0942	 1.2234	   1.5273	        1.5214	          0.0059	   1.5273	        1.5214	 1.4156	10.1250	2.103e+01	 1.0000	 0.9991	 0.9991	 1.00000	5.709e-02	   4.209	  1053.978
  83	42	 2.5802	 1.2245	   1.5287	        1.5214	          0.0074	   1.5287	        1.5214	 1.4171	10.1250	1.750e+01	 1.0000	 0.9991	 0.9991	 1.00000	5.709e-02	   4.215	  1058.194
  84	42	 3.0627	 1.2174	   1.5270	        1.5214	          0.0056	   1.5270	        1.5214	 1.4134	10.1250	2.081e+01	 1.0000	 0.9992	 0.9992	 1.00000	5.571e-02	   4.205	  1062.399
  85	43	 2.6604	 1.1786	   1.5261	        1.5214	          0.0047	   1.5261	        1.5214	 1.4075	10.1250	1.805e+01	 1.0000	 0.9990	 0.9990	 1.00000	4.592e-02	   4.224	  1066.623
  86	43	 2.7956	 1.2151	   1.5275	        1.5214	          0.0061	   1.5275	        1.5214	 1.4037	10.1250	1.898e+01	 1.0000	 0.9992	 0.9992	 1.00000	5.505e-02	   4.219	  1070.842
  87	44	 2.6103	 1.2188	   1.5283	        1.5214	          0.0069	   1.5283	        1.5214	 1.4033	10.1250	1.770e+01	 1.0000	 0.9993	 0.9993	 1.00000	5.579e-02	   4.215	  1075.057
  88	44	 2.7368	 1.1977	   1.5268	        1.5214	          0.0054	   1.5268	        1.5214	 1.4001	10.1250	1.857e+01	 1.0000	 0.9993	 0.9993	 1.00000	5.086e-02	   4.215	  1079.271
  89	45	 2.5130	 1.1860	   1.5270	        1.5214	          0.0056	   1.5270	        1.5214	 1.4015	10.1250	1.703e+01	 1.0000	 0.9995	 0.9995	 1.00000	4.777e-02	   4.209	  1083.481
  90	45	 2.7634	 1.2182	   1.5278	        1.5214	          0.0064	   1.5278	        1.5214	 1.3990	10.1250	1.875e+01	 1.0000	 0.9995	 0.9995	 1.00000	5.574e-02	   4.214	  1087.695
  91	46	 2.5084	 1.1759	   1.5265	        1.5214	          0.0052	   1.5265	        1.5214	 1.3972	10.1250	1.700e+01	 1.0000	 0.9994	 0.9994	 1.00000	4.512e-02	   4.218	  1091.913
  92	46	 2.6521	 1.2200	   1.5282	        1.5214	          0.0068	   1.5282	        1.5214	 1.3946	10.1250	1.799e+01	 1.0000	 0.9995	 0.9995	 1.00000	5.609e-02	   4.222	  1096.135
  93	47	 2.5434	 1.1960	   1.5274	        1.5214	          0.0060	   1.5274	        1.5214	 1.3933	10.1250	1.724e+01	 1.0000	 0.9994	 0.9994	 1.00000	5.033e-02	   4.186	  1100.322
  94	47	 2.4989	 1.2003	   1.5278	        1.5214	          0.0064	   1.5278	        1.5214	 1.3911	10.1250	1.693e+01	 1.0000	 0.9993	 0.9993	 1.00000	5.136e-02	   4.204	  1104.526
  95	48	 2.4961	 1.2238	   1.5290	        1.5214	          0.0077	   1.5290	        1.5214	 1.3902	10.1250	1.692e+01	 1.0000	 0.9992	 0.9992	 1.00000	5.689e-02	   4.240	  1108.767
  96	48	 2.4963	 1.1793	   1.5267	        1.5214	          0.0054	   1.5267	        1.5214	 1.3885	10.1250	1.691e+01	 1.0000	 0.9992	 0.9992	 1.00000	4.602e-02	   4.222	  1112.989
  97	49	 2.4741	 1.1972	   1.5277	        1.5214	          0.0063	   1.5277	        1.5214	 1.3881	10.1250	1.676e+01	 1.0000	 0.9993	 0.9993	 1.00000	5.060e-02	   4.216	  1117.205
  98	49	 2.4508	 1.1866	   1.5273	        1.5214	          0.0059	   1.5273	        1.5214	 1.3862	10.1250	1.660e+01	 1.0000	 0.9993	 0.9993	 1.00000	4.790e-02	   4.230	  1121.435
  99	50	 2.4042	 1.1875	   1.5276	        1.5214	          0.0062	   1.5276	        1.5214	 1.3853	10.1250	1.628e+01	 1.0000	 0.9993	 0.9993	 1.00000	4.812e-02	   4.219	  1125.655
 100	50	 2.4259	 1.1924	   1.5277	        1.5214	          0.0063	   1.5277	        1.5214	 1.3840	10.1250	1.643e+01	 1.0000	 0.9994	 0.9994	 1.00000	4.937e-02	   4.179	  1129.834
 101	51	 2.1949	 1.2425	   1.5318	        1.5214	          0.0104	   1.5318	        1.5214	 1.4608	15.1875	1.485e+01	 1.0000	 0.9990	 0.9990	 1.00000	6.079e-02	   4.312	  1134.145
 102	51	 2.2014	 1.1773	   1.5283	        1.5214	          0.0069	   1.5283	        1.5214	 1.4572	15.1875	1.488e+01	 1.0000	 0.9992	 0.9992	 1.00000	4.541e-02	   4.252	  1138.398
 103	52	 2.3109	 1.1995	   1.5287	        1.5214	          0.0073	   1.5287	        1.5214	 1.4575	15.1875	1.564e+01	 1.0000	 0.9988	 0.9988	 1.00000	5.109e-02	   4.189	  1142.588
 104	52	 1.9927	 1.1927	   1.5306	        1.5214	          0.0092	   1.5306	        1.5214	 1.4561	15.1875	1.345e+01	 1.0000	 0.9987	 0.9987	 1.00000	4.939e-02	   4.234	  1146.822
 105	53	 2.1892	 1.2351	   1.5314	        1.5214	          0.0100	   1.5314	        1.5214	 1.4521	15.1875	1.480e+01	 1.0000	 0.9989	 0.9989	 1.00000	5.922e-02	   4.181	  1151.003
 106	53	 2.0234	 1.1997	   1.5307	        1.5214	          0.0093	   1.5307	        1.5214	 1.4491	15.1875	1.366e+01	 1.0000	 0.9989	 0.9989	 1.00000	5.110e-02	   4.250	  1155.253
 107	54	 1.8902	 1.2128	   1.5326	        1.5214	          0.0112	   1.5326	        1.5214	 1.4528	15.1875	1.275e+01	 1.0000	 0.9990	 0.9990	 1.00000	5.425e-02	   4.185	  1159.439
 108	54	 2.2799	 1.2369	   1.5309	        1.5214	          0.0095	   1.5309	        1.5214	 1.4545	15.1875	1.542e+01	 1.0000	 0.9989	 0.9989	 1.00000	5.964e-02	   4.243	  1163.682
 109	55	 2.0011	 1.2140	   1.5316	        1.5214	          0.0102	   1.5316	        1.5214	 1.4436	15.1875	1.351e+01	 1.0000	 0.9992	 0.9992	 1.00000	5.449e-02	   4.179	  1167.862
 110	55	 1.9403	 1.2012	   1.5315	        1.5214	          0.0101	   1.5315	        1.5214	 1.4425	15.1875	1.309e+01	 1.0000	 0.9991	 0.9991	 1.00000	5.148e-02	   4.242	  1172.104
 111	56	 1.9165	 1.1648	   1.5301	        1.5214	          0.0087	   1.5301	        1.5214	 1.4427	15.1875	1.292e+01	 1.0000	 0.9992	 0.9992	 1.00000	4.217e-02	   4.177	  1176.282
 112	56	 2.1132	 1.2494	   1.5328	        1.5214	          0.0114	   1.5328	        1.5214	 1.4432	15.1875	1.428e+01	 1.0000	 0.9991	 0.9991	 1.00000	6.219e-02	   4.243	  1180.525
 113	57	 1.8275	 1.2806	   1.5374	        1.5214	          0.0160	   1.5374	        1.5214	 1.4414	15.1875	1.232e+01	 1.0000	 0.9994	 0.9994	 1.00000	6.821e-02	   4.177	  1184.702
 114	57	 1.9872	 1.1950	   1.5308	        1.5214	          0.0094	   1.5308	        1.5214	 1.4363	15.1875	1.341e+01	 1.0000	 0.9995	 0.9995	 1.00000	4.995e-02	   4.241	  1188.943
 115	58	 2.1422	 1.2101	   1.5303	        1.5214	          0.0089	   1.5303	        1.5214	 1.4427	15.1875	1.447e+01	 1.0000	 0.9992	 0.9992	 1.00000	5.357e-02	   4.179	  1193.122
 116	58	 1.6324	 1.1889	   1.5346	        1.5214	          0.0133	   1.5346	        1.5214	 1.4494	15.1875	1.098e+01	 1.0000	 0.9990	 0.9990	 1.00000	4.910e-02	   4.243	  1197.365
 117	59	 1.9765	 1.2257	   1.5325	        1.5214	          0.0111	   1.5325	        1.5214	 1.4340	15.1875	1.333e+01	 1.0000	 0.9993	 0.9993	 1.00000	5.713e-02	   4.157	  1201.522
 118	59	 1.8399	 1.2170	   1.5334	        1.5214	          0.0120	   1.5334	        1.5214	 1.4314	15.1875	1.240e+01	 1.0000	 0.9992	 0.9992	 1.00000	5.525e-02	   4.193	  1205.715
 119	60	 1.7948	 1.1847	   1.5323	        1.5214	          0.0109	   1.5323	        1.5214	 1.4315	15.1875	1.209e+01	 1.0000	 0.9991	 0.9991	 1.00000	4.759e-02	   4.215	  1209.930
 120	60	 1.9488	 1.2330	   1.5332	        1.5214	          0.0118	   1.5332	        1.5214	 1.4310	15.1875	1.314e+01	 1.0000	 0.9993	 0.9993	 1.00000	5.874e-02	   4.203	  1214.132
 121	61	 1.6731	 1.1556	   1.5326	        1.5214	          0.0113	   1.5326	        1.5214	 1.5175	22.7812	1.125e+01	 1.0000	 0.9991	 0.9991	 1.00000	4.037e-02	   4.204	  1218.337
 122	61	 1.6391	 1.2648	   1.5388	        1.5214	          0.0174	   1.5388	        1.5214	 1.5135	22.7812	1.102e+01	 1.0000	 0.9992	 0.9992	 1.00000	6.549e-02	   4.223	  1222.561
 123	62	 1.6321	 1.2741	   1.5395	        1.5214	          0.0181	   1.5395	        1.5214	 1.5112	22.7812	1.098e+01	 1.0000	 0.9995	 0.9995	 1.00000	6.725e-02	   4.190	  1226.751
 124	62	 1.6380	 1.2224	   1.5363	        1.5214	          0.0149	   1.5363	        1.5214	 1.5078	22.7812	1.101e+01	 1.0000	 0.9994	 0.9994	 1.00000	5.683e-02	   4.247	  1230.998
 125	63	 1.6347	 1.1981	   1.5350	        1.5214	          0.0137	   1.5350	        1.5214	 1.5061	22.7812	1.098e+01	 1.0000	 0.9992	 0.9992	 1.00000	5.131e-02	   4.175	  1235.173
 126	63	 1.5779	 1.2389	   1.5381	        1.5214	          0.0168	   1.5381	        1.5214	 1.5038	22.7812	1.060e+01	 1.0000	 0.9993	 0.9993	 1.00000	6.055e-02	   4.244	  1239.418
 127	64	 1.4886	 1.2177	   1.5385	        1.5214	          0.0172	   1.5385	        1.5214	 1.5043	22.7812	9.986e+00	 1.0000	 0.9992	 0.9992	 1.00000	5.649e-02	   4.168	  1243.585
 128	64	 1.6746	 1.2528	   1.5375	        1.5214	          0.0161	   1.5375	        1.5214	 1.5034	22.7812	1.126e+01	 1.0000	 0.9991	 0.9991	 1.00000	6.308e-02	   4.241	  1247.827
 129	65	 1.4444	 1.1965	   1.5383	        1.5214	          0.0170	   1.5383	        1.5214	 1.5021	22.7812	9.680e+00	 1.0000	 0.9990	 0.9990	 1.00000	5.211e-02	   4.158	  1251.985
 130	65	 1.6250	 1.2698	   1.5393	        1.5214	          0.0179	   1.5393	        1.5214	 1.4995	22.7812	1.092e+01	 1.0000	 0.9992	 0.9992	 1.00000	6.646e-02	   4.210	  1256.195
 131	66	 1.4002	 1.2064	   1.5397	        1.5214	          0.0184	   1.5397	        1.5214	 1.4996	22.7812	9.377e+00	 1.0000	 0.9992	 0.9992	 1.00000	5.476e-02	   4.199	  1260.394
 132	66	 1.6297	 1.2773	   1.5397	        1.5214	          0.0184	   1.5397	        1.5214	 1.4985	22.7812	1.095e+01	 1.0000	 0.9990	 0.9990	 1.00000	6.785e-02	   4.228	  1264.621
 133	67	 1.4360	 1.2856	   1.5437	        1.5214	          0.0223	   1.5437	        1.5214	 1.4944	22.7812	9.627e+00	 1.0000	 0.9992	 0.9992	 1.00000	7.002e-02	   4.184	  1268.806
 134	67	 1.5030	 1.2159	   1.5382	        1.5214	          0.0168	   1.5382	        1.5214	 1.4905	22.7812	1.008e+01	 1.0000	 0.9994	 0.9994	 1.00000	5.601e-02	   4.216	  1273.022
 135	68	 1.4841	 1.2577	   1.5409	        1.5214	          0.0195	   1.5409	        1.5214	 1.4898	22.7812	9.951e+00	 1.0000	 0.9994	 0.9994	 1.00000	6.468e-02	   4.189	  1277.212
 136	68	 1.4482	 1.1993	   1.5384	        1.5214	          0.0170	   1.5384	        1.5214	 1.4881	22.7812	9.700e+00	 1.0000	 0.9993	 0.9993	 1.00000	5.270e-02	   4.218	  1281.430
 137	69	 1.4954	 1.1985	   1.5374	        1.5214	          0.0160	   1.5374	        1.5214	 1.4872	22.7812	1.002e+01	 1.0000	 0.9990	 0.9990	 1.00000	5.214e-02	   4.188	  1285.618
 138	69	 1.4296	 1.2270	   1.5402	        1.5214	          0.0188	   1.5402	        1.5214	 1.4854	22.7812	9.574e+00	 1.0000	 0.9994	 0.9994	 1.00000	5.889e-02	   4.217	  1289.835
 139	70	 1.5892	 1.2524	   1.5388	        1.5214	          0.0174	   1.5388	        1.5214	 1.4910	22.7812	1.067e+01	 1.0000	 0.9994	 0.9994	 1.00000	6.322e-02	   4.194	  1294.030
 140	70	 1.2479	 1.2023	   1.5434	        1.5214	          0.0220	   1.5434	        1.5214	 1.4945	22.7812	8.330e+00	 1.0000	 0.9993	 0.9993	 1.00000	5.618e-02	   4.234	  1298.264
 141	71	 1.2514	 1.2619	   1.5466	        1.5214	          0.0252	   1.5466	        1.5214	 1.5822	34.1719	8.358e+00	 1.0000	 0.9992	 0.9992	 1.00000	6.766e-02	   4.177	  1302.441
 142	71	 1.3206	 1.2463	   1.5438	        1.5214	          0.0224	   1.5438	        1.5214	 1.5797	34.1719	8.827e+00	 1.0000	 0.9985	 0.9985	 1.00000	6.383e-02	   4.215	  1306.655
 143	72	 1.2993	 1.2399	   1.5440	        1.5214	          0.0226	   1.5440	        1.5214	 1.5769	34.1719	8.681e+00	 1.0000	 0.9986	 0.9986	 1.00000	6.288e-02	   4.194	  1310.850
 144	72	 1.1882	 1.2387	   1.5471	        1.5214	          0.0257	   1.5471	        1.5214	 1.5750	34.1719	7.922e+00	 1.0000	 0.9988	 0.9988	 1.00000	6.464e-02	   4.230	  1315.080
 145	73	 1.2202	 1.2866	   1.5490	        1.5214	          0.0277	   1.5490	        1.5214	 1.5720	34.1719	8.143e+00	 1.0000	 0.9990	 0.9990	 1.00000	7.238e-02	   4.179	  1319.260
 146	73	 1.2210	 1.2410	   1.5462	        1.5214	          0.0248	   1.5462	        1.5214	 1.5693	34.1719	8.143e+00	 1.0000	 0.9990	 0.9990	 1.00000	6.437e-02	   4.227	  1323.488
 147	74	 1.1743	 1.2434	   1.5478	        1.5214	          0.0264	   1.5478	        1.5214	 1.5680	34.1719	7.824e+00	 1.0000	 0.9990	 0.9990	 1.00000	6.582e-02	   4.184	  1327.672
 148	74	 1.2287	 1.2570	   1.5469	        1.5214	          0.0255	   1.5469	        1.5214	 1.5658	34.1719	8.195e+00	 1.0000	 0.9991	 0.9991	 1.00000	6.716e-02	   4.231	  1331.902
 149	75	 1.1747	 1.2585	   1.5487	        1.5214	          0.0273	   1.5487	        1.5214	 1.5636	34.1719	7.826e+00	 1.0000	 0.9989	 0.9989	 1.00000	6.851e-02	   4.180	  1336.083
 150	75	 1.1718	 1.2435	   1.5479	        1.5214	          0.0265	   1.5479	        1.5214	 1.5616	34.1719	7.804e+00	 1.0000	 0.9987	 0.9987	 1.00000	6.589e-02	   4.227	  1340.309
 151	76	 1.1550	 1.2936	   1.5515	        1.5214	          0.0302	   1.5515	        1.5214	 1.5607	34.1719	7.693e+00	 1.0000	 0.9986	 0.9986	 1.00000	7.473e-02	   4.184	  1344.493
 152	76	 1.1570	 1.2294	   1.5476	        1.5214	          0.0262	   1.5476	        1.5214	 1.5584	34.1719	7.700e+00	 1.0000	 0.9988	 0.9988	 1.00000	6.370e-02	   4.229	  1348.722
 153	77	 1.0832	 1.1988	   1.5487	        1.5214	          0.0274	   1.5487	        1.5214	 1.5601	34.1719	7.194e+00	 1.0000	 0.9990	 0.9990	 1.00000	6.056e-02	   4.171	  1352.894
 154	77	 1.2359	 1.2920	   1.5489	        1.5214	          0.0276	   1.5489	        1.5214	 1.5604	34.1719	8.242e+00	 1.0000	 0.9989	 0.9989	 1.00000	7.302e-02	   4.196	  1357.090
 155	78	 1.1227	 1.2311	   1.5489	        1.5214	          0.0275	   1.5489	        1.5214	 1.5539	34.1719	7.464e+00	 1.0000	 0.9988	 0.9988	 1.00000	6.502e-02	   4.208	  1361.298
 156	78	 1.1048	 1.2665	   1.5516	        1.5214	          0.0302	   1.5516	        1.5214	 1.5526	34.1719	7.345e+00	 1.0000	 0.9991	 0.9991	 1.00000	7.167e-02	   4.215	  1365.513
 157	79	 1.1116	 1.2237	   1.5489	        1.5214	          0.0275	   1.5489	        1.5214	 1.5514	34.1719	7.386e+00	 1.0000	 0.9993	 0.9993	 1.00000	6.405e-02	   4.194	  1369.708
 158	79	 1.1174	 1.2775	   1.5518	        1.5214	          0.0304	   1.5518	        1.5214	 1.5501	34.1719	7.430e+00	 1.0000	 0.9993	 0.9993	 1.00000	7.310e-02	   4.215	  1373.923
 159	80	 1.1260	 1.2737	   1.5513	        1.5214	          0.0299	   1.5513	        1.5214	 1.5491	34.1719	7.488e+00	 1.0000	 0.9990	 0.9990	 1.00000	7.225e-02	   4.196	  1378.119
 160	80	 1.0650	 1.2383	   1.5515	        1.5214	          0.0301	   1.5515	        1.5214	 1.5479	34.1719	7.069e+00	 1.0000	 0.9987	 0.9987	 1.00000	6.835e-02	   4.215	  1382.335
 161	81	 0.9794	 1.2731	   1.5572	        1.5214	          0.0359	   1.5572	        1.5214	 1.6591	51.2578	6.488e+00	 1.0000	 0.9989	 0.9989	 1.00000	7.779e-02	   4.192	  1386.527
 162	81	 0.9478	 1.2546	   1.5577	        1.5214	          0.0363	   1.5577	        1.5214	 1.6562	51.2578	6.271e+00	 1.0000	 0.9985	 0.9985	 1.00000	7.697e-02	   4.213	  1390.740
 163	82	 1.0083	 1.3036	   1.5579	        1.5214	          0.0365	   1.5579	        1.5214	 1.6555	51.2578	6.685e+00	 1.0000	 0.9986	 0.9986	 1.00000	8.075e-02	   4.192	  1394.933
 164	82	 0.8745	 1.2596	   1.5621	        1.5214	          0.0407	   1.5621	        1.5214	 1.6533	51.2578	5.771e+00	 1.0000	 0.9987	 0.9987	 1.00000	8.334e-02	   4.212	  1399.145
 165	83	 0.9312	 1.2595	   1.5589	        1.5214	          0.0375	   1.5589	        1.5214	 1.6485	51.2578	6.155e+00	 1.0000	 0.9990	 0.9990	 1.00000	7.880e-02	   4.173	  1403.318
 166	83	 0.9265	 1.3123	   1.5624	        1.5214	          0.0411	   1.5624	        1.5214	 1.6458	51.2578	6.126e+00	 1.0000	 0.9991	 0.9991	 1.00000	8.614e-02	   4.194	  1407.512
 167	84	 0.9286	 1.3098	   1.5622	        1.5214	          0.0408	   1.5622	        1.5214	 1.6440	51.2578	6.140e+00	 1.0000	 0.9990	 0.9990	 1.00000	8.569e-02	   4.219	  1411.732
 168	84	 0.8724	 1.2809	   1.5635	        1.5214	          0.0421	   1.5635	        1.5214	 1.6419	51.2578	5.755e+00	 1.0000	 0.9991	 0.9991	 1.00000	8.623e-02	   4.210	  1415.942
 169	85	 0.8693	 1.2721	   1.5631	        1.5214	          0.0417	   1.5631	        1.5214	 1.6401	51.2578	5.732e+00	 1.0000	 0.9990	 0.9990	 1.00000	8.540e-02	   4.199	  1420.142
 170	85	 0.9191	 1.3099	   1.5627	        1.5214	          0.0413	   1.5627	        1.5214	 1.6383	51.2578	6.073e+00	 1.0000	 0.9992	 0.9992	 1.00000	8.630e-02	   4.228	  1424.370
 171	86	 0.8123	 1.2824	   1.5674	        1.5214	          0.0461	   1.5674	        1.5214	 1.6390	51.2578	5.345e+00	 1.0000	 0.9990	 0.9990	 1.00000	9.248e-02	   4.182	  1428.552
 172	86	 0.9319	 1.3201	   1.5627	        1.5214	          0.0413	   1.5627	        1.5214	 1.6368	51.2578	6.158e+00	 1.0000	 0.9993	 0.9993	 1.00000	8.677e-02	   4.226	  1432.779
 173	87	 0.8636	 1.2671	   1.5632	        1.5214	          0.0418	   1.5632	        1.5214	 1.6324	51.2578	5.690e+00	 1.0000	 0.9990	 0.9990	 1.00000	8.529e-02	   4.181	  1436.960
 174	87	 0.8660	 1.3029	   1.5653	        1.5214	          0.0439	   1.5653	        1.5214	 1.6307	51.2578	5.708e+00	 1.0000	 0.9986	 0.9986	 1.00000	8.944e-02	   4.223	  1441.184
 175	88	 0.8503	 1.3828	   1.5719	        1.5214	          0.0506	   1.5719	        1.5214	 1.6314	51.2578	5.608e+00	 1.0000	 0.9986	 0.9986	 1.00000	9.916e-02	   4.177	  1445.361
 176	88	 0.8407	 1.2577	   1.5641	        1.5214	          0.0427	   1.5641	        1.5214	 1.6280	51.2578	5.531e+00	 1.0000	 0.9984	 0.9984	 1.00000	8.644e-02	   4.227	  1449.588
 177	89	 0.8406	 1.2657	   1.5646	        1.5214	          0.0432	   1.5646	        1.5214	 1.6265	51.2578	5.531e+00	 1.0000	 0.9988	 0.9988	 1.00000	8.743e-02	   4.181	  1453.770
 178	89	 0.8554	 1.2891	   1.5650	        1.5214	          0.0436	   1.5650	        1.5214	 1.6249	51.2578	5.632e+00	 1.0000	 0.9989	 0.9989	 1.00000	8.875e-02	   4.248	  1458.018
 179	90	 0.8270	 1.2484	   1.5645	        1.5214	          0.0431	   1.5645	        1.5214	 1.6241	51.2578	5.436e+00	 1.0000	 0.9993	 0.9993	 1.00000	8.686e-02	   4.183	  1462.202
 180	90	 0.8527	 1.3070	   1.5663	        1.5214	          0.0450	   1.5663	        1.5214	 1.6227	51.2578	5.614e+00	 1.0000	 0.9991	 0.9991	 1.00000	9.107e-02	   4.255	  1466.456
 181	91	 0.6944	 1.3093	   1.5786	        1.5214	          0.0573	   1.5786	        1.5214	 1.7471	76.8867	4.542e+00	 1.0000	 0.9989	 0.9989	 1.00000	1.132e-01	   4.192	  1470.649
 182	91	 0.7242	 1.3190	   1.5766	        1.5214	          0.0552	   1.5766	        1.5214	 1.7435	76.8867	4.743e+00	 1.0000	 0.9986	 0.9986	 1.00000	1.084e-01	   4.302	  1474.951
 183	92	 0.6761	 1.3520	   1.5833	        1.5214	          0.0619	   1.5833	        1.5214	 1.7407	76.8867	4.420e+00	 1.0000	 0.9985	 0.9985	 1.00000	1.199e-01	   4.190	  1479.141
 184	92	 0.7134	 1.3360	   1.5787	        1.5214	          0.0573	   1.5787	        1.5214	 1.7380	76.8867	4.669e+00	 1.0000	 0.9985	 0.9985	 1.00000	1.117e-01	   4.232	  1483.373
 185	93	 0.6817	 1.3331	   1.5814	        1.5214	          0.0600	   1.5814	        1.5214	 1.7353	76.8867	4.454e+00	 1.0000	 0.9988	 0.9988	 1.00000	1.175e-01	   4.181	  1487.554
 186	93	 0.6901	 1.3428	   1.5813	        1.5214	          0.0599	   1.5813	        1.5214	 1.7328	76.8867	4.511e+00	 1.0000	 0.9983	 0.9983	 1.00000	1.165e-01	   4.236	  1491.791
 187	94	 0.6739	 1.3138	   1.5809	        1.5214	          0.0595	   1.5809	        1.5214	 1.7307	76.8867	4.399e+00	 1.0000	 0.9984	 0.9984	 1.00000	1.178e-01	   4.177	  1495.968
 188	94	 0.6783	 1.3580	   1.5834	        1.5214	          0.0621	   1.5834	        1.5214	 1.7284	76.8867	4.431e+00	 1.0000	 0.9991	 0.9991	 1.00000	1.198e-01	   4.248	  1500.216
 189	95	 0.6656	 1.3159	   1.5819	        1.5214	          0.0605	   1.5819	        1.5214	 1.7264	76.8867	4.341e+00	 1.0000	 0.9986	 0.9986	 1.00000	1.198e-01	   4.161	  1504.378
 190	95	 0.6642	 1.3658	   1.5854	        1.5214	          0.0640	   1.5854	        1.5214	 1.7244	76.8867	4.335e+00	 1.0000	 0.9986	 0.9986	 1.00000	1.233e-01	   4.255	  1508.633
 191	96	 0.6264	 1.3401	   1.5877	        1.5214	          0.0663	   1.5877	        1.5214	 1.7235	76.8867	4.077e+00	 1.0000	 0.9989	 0.9989	 1.00000	1.311e-01	   4.182	  1512.815
 192	96	 0.6789	 1.3693	   1.5842	        1.5214	          0.0628	   1.5842	        1.5214	 1.7216	76.8867	4.433e+00	 1.0000	 0.9991	 0.9991	 1.00000	1.205e-01	   4.253	  1517.069
 193	97	 0.6174	 1.3682	   1.5906	        1.5214	          0.0692	   1.5906	        1.5214	 1.7201	76.8867	4.017e+00	 1.0000	 0.9991	 0.9991	 1.00000	1.350e-01	   4.175	  1521.244
 194	97	 0.6689	 1.3488	   1.5837	        1.5214	          0.0624	   1.5837	        1.5214	 1.7178	76.8867	4.362e+00	 1.0000	 0.9988	 0.9988	 1.00000	1.212e-01	   4.252	  1525.496
 195	98	 0.6144	 1.3025	   1.5867	        1.5214	          0.0653	   1.5867	        1.5214	 1.7172	76.8867	3.991e+00	 1.0000	 0.9984	 0.9984	 1.00000	1.327e-01	   4.186	  1529.683
 196	98	 0.6702	 1.3718	   1.5852	        1.5214	          0.0639	   1.5852	        1.5214	 1.7157	76.8867	4.371e+00	 1.0000	 0.9986	 0.9986	 1.00000	1.224e-01	   4.241	  1533.924
 197	99	 0.6732	 1.3398	   1.5827	        1.5214	          0.0613	   1.5827	        1.5214	 1.7139	76.8867	4.388e+00	 1.0000	 0.9994	 0.9994	 1.00000	1.197e-01	   4.173	  1538.097
 198	99	 0.5941	 1.3291	   1.5908	        1.5214	          0.0694	   1.5908	        1.5214	 1.7129	76.8867	3.854e+00	 1.0000	 0.9989	 0.9989	 1.00000	1.403e-01	   4.257	  1542.355
 199	100	 0.6040	 1.4001	   1.5945	        1.5214	          0.0731	   1.5945	        1.5214	 1.7110	76.8867	3.925e+00	 1.0000	 0.9991	 0.9991	 1.00000	1.402e-01	   4.174	  1546.529
 200	100	 0.6341	 1.3339	   1.5864	        1.5214	          0.0650	   1.5864	        1.5214	 1.7083	76.8867	4.122e+00	 1.0000	 0.9991	 0.9991	 1.00000	1.287e-01	   4.247	  1550.776
 201	101	 0.5312	 1.3085	   1.5983	        1.5214	          0.0769	   1.5983	        1.5214	 1.8462	115.3301	3.429e+00	 1.0000	 0.9990	 0.9990	 1.00000	1.647e-01	   4.135	  1554.911
 202	101	 0.5241	 1.3817	   1.6040	        1.5214	          0.0826	   1.6040	        1.5214	 1.8410	115.3301	3.386e+00	 1.0000	 0.9988	 0.9988	 1.00000	1.693e-01	   4.275	  1559.187
 203	102	 0.4907	 1.3432	   1.6070	        1.5214	          0.0856	   1.6070	        1.5214	 1.8405	115.3301	3.159e+00	 1.0000	 0.9984	 0.9984	 1.00000	1.864e-01	   4.178	  1563.365
 204	102	 0.5311	 1.4558	   1.6084	        1.5214	          0.0870	   1.6084	        1.5214	 1.8369	115.3301	3.435e+00	 1.0000	 0.9980	 0.9980	 1.00000	1.672e-01	   4.237	  1567.602
 205	103	 0.4986	 1.4230	   1.6110	        1.5214	          0.0897	   1.6110	        1.5214	 1.8325	115.3301	3.215e+00	 1.0000	 0.9988	 0.9988	 1.00000	1.822e-01	   4.180	  1571.782
 206	103	 0.4940	 1.4317	   1.6124	        1.5214	          0.0911	   1.6124	        1.5214	 1.8300	115.3301	3.184e+00	 1.0000	 0.9984	 0.9984	 1.00000	1.846e-01	   4.225	  1576.007
 207	104	 0.4650	 1.3955	   1.6151	        1.5214	          0.0937	   1.6151	        1.5214	 1.8298	115.3301	2.988e+00	 1.0000	 0.9985	 0.9985	 1.00000	2.020e-01	   4.161	  1580.169
 208	104	 0.5120	 1.4643	   1.6120	        1.5214	          0.0906	   1.6120	        1.5214	 1.8273	115.3301	3.305e+00	 1.0000	 0.9985	 0.9985	 1.00000	1.758e-01	   4.197	  1584.366
 209	105	 0.4832	 1.4450	   1.6153	        1.5214	          0.0939	   1.6153	        1.5214	 1.8235	115.3301	3.111e+00	 1.0000	 0.9980	 0.9980	 1.00000	1.905e-01	   4.191	  1588.557
 210	105	 0.4787	 1.4270	   1.6148	        1.5214	          0.0934	   1.6148	        1.5214	 1.8216	115.3301	3.079e+00	 1.0000	 0.9988	 0.9988	 1.00000	1.932e-01	   4.189	  1592.746
 211	106	 0.4956	 1.4773	   1.6156	        1.5214	          0.0943	   1.6156	        1.5214	 1.8212	115.3301	3.194e+00	 1.0000	 0.9991	 0.9991	 1.00000	1.838e-01	   4.200	  1596.947
 212	106	 0.4572	 1.4003	   1.6169	        1.5214	          0.0955	   1.6169	        1.5214	 1.8189	115.3301	2.933e+00	 1.0000	 0.9990	 0.9990	 1.00000	2.071e-01	   4.199	  1601.145
 213	107	 0.4582	 1.3917	   1.6161	        1.5214	          0.0948	   1.6161	        1.5214	 1.8171	115.3301	2.938e+00	 1.0000	 0.9986	 0.9986	 1.00000	2.065e-01	   4.161	  1605.307
 214	107	 0.4878	 1.4448	   1.6145	        1.5214	          0.0931	   1.6145	        1.5214	 1.8151	115.3301	3.138e+00	 1.0000	 0.9985	 0.9985	 1.00000	1.880e-01	   4.193	  1609.500
 215	108	 0.4224	 1.3890	   1.6235	        1.5214	          0.1021	   1.6235	        1.5214	 1.8187	115.3301	2.699e+00	 1.0000	 0.9990	 0.9990	 1.00000	2.340e-01	   4.217	  1613.717
 216	108	 0.5127	 1.4845	   1.6135	        1.5214	          0.0921	   1.6135	        1.5214	 1.8170	115.3301	3.305e+00	 1.0000	 0.9985	 0.9985	 1.00000	1.755e-01	   4.206	  1617.923
 217	109	 0.4372	 1.4342	   1.6233	        1.5214	          0.1019	   1.6233	        1.5214	 1.8113	115.3301	2.799e+00	 1.0000	 0.9989	 0.9989	 1.00000	2.208e-01	   4.193	  1622.116
 218	109	 0.4838	 1.4511	   1.6156	        1.5214	          0.0943	   1.6156	        1.5214	 1.8096	115.3301	3.109e+00	 1.0000	 0.9992	 0.9992	 1.00000	1.902e-01	   4.202	  1626.318
 219	110	 0.4469	 1.4301	   1.6210	        1.5214	          0.0997	   1.6210	        1.5214	 1.8073	115.3301	2.861e+00	 1.0000	 0.9988	 0.9988	 1.00000	2.138e-01	   4.190	  1630.508
 220	110	 0.4711	 1.4273	   1.6162	        1.5214	          0.0948	   1.6162	        1.5214	 1.8058	115.3301	3.021e+00	 1.0000	 0.9985	 0.9985	 1.00000	1.978e-01	   4.206	  1634.714
 221	111	 0.3682	 1.3711	   1.6361	        1.5214	          0.1148	   1.6361	        1.5214	 1.9549	172.9951	2.337e+00	 1.0000	 0.9981	 0.9981	 1.00000	2.911e-01	   4.190	  1638.904
 222	111	 0.3876	 1.4988	   1.6394	        1.5214	          0.1180	   1.6394	        1.5214	 1.9482	172.9951	2.470e+00	 1.0000	 0.9989	 0.9989	 1.00000	2.618e-01	   4.200	  1643.104
 223	112	 0.3472	 1.4391	   1.6465	        1.5214	          0.1251	   1.6465	        1.5214	 1.9464	172.9951	2.200e+00	 1.0000	 0.9984	 0.9984	 1.00000	3.138e-01	   4.204	  1647.308
 224	112	 0.3761	 1.5627	   1.6472	        1.5214	          0.1258	   1.6472	        1.5214	 1.9428	172.9951	2.396e+00	 1.0000	 0.9984	 0.9984	 1.00000	2.703e-01	   4.190	  1651.499
 225	113	 0.3417	 1.5146	   1.6533	        1.5214	          0.1319	   1.6533	        1.5214	 1.9391	172.9951	2.166e+00	 1.0000	 0.9986	 0.9986	 1.00000	3.154e-01	   4.180	  1655.679
 226	113	 0.3593	 1.5666	   1.6520	        1.5214	          0.1306	   1.6520	        1.5214	 1.9368	172.9951	2.283e+00	 1.0000	 0.9986	 0.9986	 1.00000	2.889e-01	   4.195	  1659.874
 227	114	 0.3366	 1.5486	   1.6573	        1.5214	          0.1359	   1.6573	        1.5214	 1.9344	172.9951	2.133e+00	 1.0000	 0.9987	 0.9987	 1.00000	3.197e-01	   4.201	  1664.075
 228	114	 0.3501	 1.5599	   1.6541	        1.5214	          0.1327	   1.6541	        1.5214	 1.9323	172.9951	2.222e+00	 1.0000	 0.9989	 0.9989	 1.00000	3.006e-01	   4.214	  1668.289
 229	115	 0.3602	 1.5779	   1.6526	        1.5214	          0.1312	   1.6526	        1.5214	 1.9316	172.9951	2.288e+00	 1.0000	 0.9992	 0.9992	 1.00000	2.870e-01	   4.207	  1672.496
 230	115	 0.3258	 1.5280	   1.6593	        1.5214	          0.1379	   1.6593	        1.5214	 1.9292	172.9951	2.060e+00	 1.0000	 0.9988	 0.9988	 1.00000	3.375e-01	   4.217	  1676.713
 231	116	 0.3380	 1.5864	   1.6597	        1.5214	          0.1384	   1.6597	        1.5214	 1.9269	172.9951	2.141e+00	 1.0000	 0.9989	 0.9989	 1.00000	3.146e-01	   4.195	  1680.908
 232	116	 0.3308	 1.5340	   1.6581	        1.5214	          0.1367	   1.6581	        1.5214	 1.9250	172.9951	2.092e+00	 1.0000	 0.9989	 0.9989	 1.00000	3.293e-01	   4.212	  1685.121
 233	117	 0.3292	 1.5522	   1.6599	        1.5214	          0.1385	   1.6599	        1.5214	 1.9233	172.9951	2.081e+00	 1.0000	 0.9992	 0.9992	 1.00000	3.302e-01	   4.194	  1689.315
 234	117	 0.3371	 1.5433	   1.6568	        1.5214	          0.1354	   1.6568	        1.5214	 1.9215	172.9951	2.132e+00	 1.0000	 0.9987	 0.9987	 1.00000	3.194e-01	   4.204	  1693.520
 235	118	 0.3386	 1.5260	   1.6550	        1.5214	          0.1337	   1.6550	        1.5214	 1.9201	172.9951	2.140e+00	 1.0000	 0.9988	 0.9988	 1.00000	3.187e-01	   4.201	  1697.721
 236	118	 0.3313	 1.5413	   1.6584	        1.5214	          0.1371	   1.6584	        1.5214	 1.9185	172.9951	2.093e+00	 1.0000	 0.9988	 0.9988	 1.00000	3.280e-01	   4.210	  1701.932
 237	119	 0.3145	 1.5156	   1.6623	        1.5214	          0.1409	   1.6623	        1.5214	 1.9187	172.9951	1.982e+00	 1.0000	 0.9987	 0.9987	 1.00000	3.572e-01	   4.188	  1706.120
 238	119	 0.3435	 1.5640	   1.6564	        1.5214	          0.1350	   1.6564	        1.5214	 1.9165	172.9951	2.172e+00	 1.0000	 0.9985	 0.9985	 1.00000	3.090e-01	   4.162	  1710.282
 239	120	 0.3334	 1.5282	   1.6569	        1.5214	          0.1355	   1.6569	        1.5214	 1.9142	172.9951	2.104e+00	 1.0000	 0.9983	 0.9983	 1.00000	3.261e-01	   4.223	  1714.506
 240	120	 0.3286	 1.5417	   1.6593	        1.5214	          0.1380	   1.6593	        1.5214	 1.9129	172.9951	2.073e+00	 1.0000	 0.9984	 0.9984	 1.00000	3.320e-01	   4.241	  1718.747
 241	121	 0.2585	 1.5211	   1.6855	        1.5214	          0.1641	   1.6855	        1.5214	 2.0660	259.4927	1.617e+00	 1.0000	 0.9968	 0.9968	 1.00000	4.783e-01	   4.203	  1722.950
 242	121	 0.2692	 1.6047	   1.6860	        1.5214	          0.1647	   1.6860	        1.5214	 2.0609	259.4927	1.688e+00	 1.0000	 0.9989	 0.9989	 1.00000	4.377e-01	   4.201	  1727.152
 243	122	 0.2591	 1.6237	   1.6919	        1.5214	          0.1705	   1.6919	        1.5214	 2.0569	259.4927	1.622e+00	 1.0000	 0.9980	 0.9980	 1.00000	4.600e-01	   4.186	  1731.338
 244	122	 0.2440	 1.6363	   1.6998	        1.5214	          0.1785	   1.6998	        1.5214	 2.0535	259.4927	1.525e+00	 1.0000	 0.9979	 0.9979	 1.00000	4.993e-01	   4.202	  1735.540
 245	123	 0.2394	 1.6674	   1.7043	        1.5214	          0.1829	   1.7043	        1.5214	 2.0509	259.4927	1.496e+00	 1.0000	 0.9984	 0.9984	 1.00000	5.075e-01	   4.206	  1739.746
 246	123	 0.2403	 1.6798	   1.7047	        1.5214	          0.1833	   1.7047	        1.5214	 2.0488	259.4927	1.501e+00	 1.0000	 0.9984	 0.9984	 1.00000	5.026e-01	   4.192	  1743.938
 247	124	 0.2458	 1.7241	   1.7052	        1.5214	          0.1838	   1.7052	        1.5214	 2.0472	259.4927	1.537e+00	 1.0000	 0.9990	 0.9990	 1.00000	4.792e-01	   4.199	  1748.138
 248	124	 0.2286	 1.6839	   1.7110	        1.5214	          0.1896	   1.7110	        1.5214	 2.0454	259.4927	1.426e+00	 1.0000	 0.9988	 0.9988	 1.00000	5.388e-01	   4.197	  1752.335
 249	125	 0.2385	 1.6776	   1.7054	        1.5214	          0.1841	   1.7054	        1.5214	 2.0433	259.4927	1.488e+00	 1.0000	 0.9987	 0.9987	 1.00000	5.085e-01	   4.195	  1756.531
 250	125	 0.2281	 1.7143	   1.7134	        1.5214	          0.1920	   1.7134	        1.5214	 2.0417	259.4927	1.422e+00	 1.0000	 0.9986	 0.9986	 1.00000	5.347e-01	   4.143	  1760.674
 251	126	 0.2275	 1.7106	   1.7134	        1.5214	          0.1920	   1.7134	        1.5214	 2.0402	259.4927	1.418e+00	 1.0000	 0.9985	 0.9985	 1.00000	5.372e-01	   4.238	  1764.912
 252	126	 0.2295	 1.7293	   1.7137	        1.5214	          0.1923	   1.7137	        1.5214	 2.0386	259.4927	1.430e+00	 1.0000	 0.9984	 0.9984	 1.00000	5.271e-01	   4.195	  1769.107
 253	127	 0.2252	 1.7426	   1.7169	        1.5214	          0.1955	   1.7169	        1.5214	 2.0373	259.4927	1.402e+00	 1.0000	 0.9987	 0.9987	 1.00000	5.387e-01	   4.182	  1773.289
 254	127	 0.2281	 1.7260	   1.7142	        1.5214	          0.1928	   1.7142	        1.5214	 2.0358	259.4927	1.420e+00	 1.0000	 0.9985	 0.9985	 1.00000	5.323e-01	   4.201	  1777.490
 255	128	 0.2284	 1.7288	   1.7142	        1.5214	          0.1928	   1.7142	        1.5214	 2.0346	259.4927	1.422e+00	 1.0000	 0.9991	 0.9991	 1.00000	5.307e-01	   4.202	  1781.693
 256	128	 0.2255	 1.7210	   1.7152	        1.5214	          0.1938	   1.7152	        1.5214	 2.0332	259.4927	1.403e+00	 1.0000	 0.9988	 0.9988	 1.00000	5.418e-01	   4.184	  1785.877
 257	129	 0.2284	 1.7782	   1.7178	        1.5214	          0.1964	   1.7178	        1.5214	 2.0327	259.4927	1.421e+00	 1.0000	 0.9983	 0.9983	 1.00000	5.217e-01	   4.203	  1790.081
 258	129	 0.2212	 1.7053	   1.7165	        1.5214	          0.1951	   1.7165	        1.5214	 2.0309	259.4927	1.374e+00	 1.0000	 0.9984	 0.9984	 1.00000	5.599e-01	   4.209	  1794.290
 259	130	 0.2180	 1.6993	   1.7179	        1.5214	          0.1965	   1.7179	        1.5214	 2.0301	259.4927	1.353e+00	 1.0000	 0.9988	 0.9988	 1.00000	5.730e-01	   4.187	  1798.477
 260	130	 0.2281	 1.7252	   1.7141	        1.5214	          0.1928	   1.7141	        1.5214	 2.0284	259.4927	1.417e+00	 1.0000	 0.9984	 0.9984	 1.00000	5.326e-01	   4.210	  1802.687
 261	131	 0.1871	 1.7302	   1.7393	        1.5214	          0.2179	   1.7393	        1.5214	 2.1817	389.2390	1.159e+00	 1.0000	 0.9975	 0.9975	 1.00000	6.991e-01	   4.190	  1806.877
 262	131	 0.1738	 1.7505	   1.7502	        1.5214	          0.2288	   1.7502	        1.5214	 2.1758	389.2390	1.076e+00	 1.0000	 0.9977	 0.9977	 1.00000	7.659e-01	   4.157	  1811.034
 263	132	 0.1653	 1.7926	   1.7593	        1.5214	          0.2379	   1.7593	        1.5214	 2.1714	389.2390	1.023e+00	 1.0000	 0.9969	 0.9969	 1.00000	8.044e-01	   4.276	  1815.310
 264	132	 0.1648	 1.8379	   1.7623	        1.5214	          0.2409	   1.7623	        1.5214	 2.1680	389.2390	1.019e+00	 1.0000	 0.9983	 0.9983	 1.00000	7.926e-01	   4.264	  1819.574
 265	133	 0.1643	 1.8655	   1.7644	        1.5214	          0.2430	   1.7644	        1.5214	 2.1655	389.2390	1.015e+00	 1.0000	 0.9987	 0.9987	 1.00000	7.867e-01	   4.159	  1823.734
 266	133	 0.1561	 1.8875	   1.7723	        1.5214	          0.2509	   1.7723	        1.5214	 2.1631	389.2390	9.642e-01	 1.0000	 0.9986	 0.9986	 1.00000	8.327e-01	   4.211	  1827.944
 267	134	 0.1541	 1.9040	   1.7749	        1.5214	          0.2536	   1.7749	        1.5214	 2.1613	389.2390	9.510e-01	 1.0000	 0.9984	 0.9984	 1.00000	8.412e-01	   4.198	  1832.142
 268	134	 0.1533	 1.9346	   1.7774	        1.5214	          0.2560	   1.7774	        1.5214	 2.1594	389.2390	9.454e-01	 1.0000	 0.9984	 0.9984	 1.00000	8.360e-01	   4.203	  1836.345
 269	135	 0.1546	 1.9616	   1.7780	        1.5214	          0.2566	   1.7780	        1.5214	 2.1580	389.2390	9.526e-01	 1.0000	 0.9984	 0.9984	 1.00000	8.181e-01	   4.190	  1840.536
 270	135	 0.1486	 1.9555	   1.7827	        1.5214	          0.2613	   1.7827	        1.5214	 2.1566	389.2390	9.153e-01	 1.0000	 0.9991	 0.9991	 1.00000	8.625e-01	   4.211	  1844.747
 271	136	 0.1475	 1.9833	   1.7853	        1.5214	          0.2639	   1.7853	        1.5214	 2.1553	389.2390	9.079e-01	 1.0000	 0.9989	 0.9989	 1.00000	8.606e-01	   4.193	  1848.940
 272	136	 0.1471	 1.9775	   1.7853	        1.5214	          0.2639	   1.7853	        1.5214	 2.1541	389.2390	9.051e-01	 1.0000	 0.9991	 0.9991	 1.00000	8.655e-01	   4.179	  1853.120
 273	137	 0.1476	 1.9826	   1.7851	        1.5214	          0.2638	   1.7851	        1.5214	 2.1529	389.2390	9.078e-01	 1.0000	 0.9991	 0.9991	 1.00000	8.600e-01	   4.210	  1857.330
 274	137	 0.1454	 1.9932	   1.7877	        1.5214	          0.2663	   1.7877	        1.5214	 2.1518	389.2390	8.937e-01	 1.0000	 0.9981	 0.9981	 1.00000	8.726e-01	   4.198	  1861.527
 275	138	 0.1432	 2.0029	   1.7902	        1.5214	          0.2688	   1.7902	        1.5214	 2.1508	389.2390	8.797e-01	 1.0000	 0.9984	 0.9984	 1.00000	8.859e-01	   4.238	  1865.766
 276	138	 0.1451	 2.0056	   1.7886	        1.5214	          0.2673	   1.7886	        1.5214	 2.1498	389.2390	8.910e-01	 1.0000	 0.9980	 0.9980	 1.00000	8.703e-01	   4.214	  1869.980
 277	139	 0.1443	 1.9742	   1.7875	        1.5214	          0.2662	   1.7875	        1.5214	 2.1490	389.2390	8.859e-01	 1.0000	 0.9986	 0.9986	 1.00000	8.881e-01	   4.188	  1874.168
 278	139	 0.1448	 2.0195	   1.7898	        1.5214	          0.2684	   1.7898	        1.5214	 2.1479	389.2390	8.881e-01	 1.0000	 0.9990	 0.9990	 1.00000	8.677e-01	   4.216	  1878.385
 279	140	 0.1500	 2.0326	   1.7862	        1.5214	          0.2648	   1.7862	        1.5214	 2.1476	389.2390	9.195e-01	 1.0000	 0.9983	 0.9983	 1.00000	8.260e-01	   4.180	  1882.565
 280	140	 0.1404	 2.0074	   1.7930	        1.5214	          0.2716	   1.7930	        1.5214	 2.1462	389.2390	8.603e-01	 1.0000	 0.9990	 0.9990	 1.00000	9.065e-01	   4.195	  1886.760
 281	141	 0.1193	 2.0035	   1.8138	        1.5214	          0.2924	   1.8138	        1.5214	 2.2916	583.8585	7.351e-01	 1.0000	 0.9964	 0.9964	 1.00000	1.105e+00	   4.222	  1890.982
 282	141	 0.1108	 2.0565	   1.8261	        1.5214	          0.3048	   1.8261	        1.5214	 2.2841	583.8585	6.826e-01	 1.0000	 0.9970	 0.9970	 1.00000	1.179e+00	   4.191	  1895.173
 283	142	 0.1044	 2.1087	   1.8363	        1.5214	          0.3149	   1.8363	        1.5214	 2.2787	583.8585	6.428e-01	 1.0000	 0.9978	 0.9978	 1.00000	1.235e+00	   4.221	  1899.394
 284	142	 0.1021	 2.1458	   1.8409	        1.5214	          0.3195	   1.8409	        1.5214	 2.2752	583.8585	6.271e-01	 1.0000	 0.9983	 0.9983	 1.00000	1.246e+00	   4.180	  1903.574
 285	143	 0.1013	 2.1987	   1.8443	        1.5214	          0.3229	   1.8443	        1.5214	 2.2718	583.8585	6.197e-01	 1.0000	 0.9988	 0.9988	 1.00000	1.228e+00	   4.205	  1907.780
 286	143	 0.0960	 2.2194	   1.8520	        1.5214	          0.3306	   1.8520	        1.5214	 2.2692	583.8585	5.876e-01	 1.0000	 0.9986	 0.9986	 1.00000	1.292e+00	   4.169	  1911.949
 287	144	 0.0976	 2.2957	   1.8535	        1.5214	          0.3322	   1.8535	        1.5214	 2.2665	583.8585	5.931e-01	 1.0000	 0.9982	 0.9982	 1.00000	1.229e+00	   4.241	  1916.190
 288	144	 0.0913	 2.2775	   1.8608	        1.5214	          0.3394	   1.8608	        1.5214	 2.2649	583.8585	5.567e-01	 1.0000	 0.9980	 0.9980	 1.00000	1.332e+00	   4.186	  1920.377
 289	145	 0.0886	 2.2997	   1.8653	        1.5214	          0.3440	   1.8653	        1.5214	 2.2633	583.8585	5.400e-01	 1.0000	 0.9983	 0.9983	 1.00000	1.362e+00	   4.221	  1924.598
 290	145	 0.0900	 2.3413	   1.8654	        1.5214	          0.3440	   1.8654	        1.5214	 2.2614	583.8585	5.454e-01	 1.0000	 0.9985	 0.9985	 1.00000	1.316e+00	   4.195	  1928.793
 291	146	 0.0880	 2.3382	   1.8679	        1.5214	          0.3465	   1.8679	        1.5214	 2.2605	583.8585	5.336e-01	 1.0000	 0.9988	 0.9988	 1.00000	1.350e+00	   4.195	  1932.988
 292	146	 0.0881	 2.3895	   1.8701	        1.5214	          0.3488	   1.8701	        1.5214	 2.2588	583.8585	5.314e-01	 1.0000	 0.9984	 0.9984	 1.00000	1.320e+00	   4.217	  1937.205
 293	147	 0.0846	 2.3897	   1.8748	        1.5214	          0.3534	   1.8748	        1.5214	 2.2577	583.8585	5.108e-01	 1.0000	 0.9990	 0.9990	 1.00000	1.376e+00	   4.199	  1941.404
 294	147	 0.0864	 2.4264	   1.8740	        1.5214	          0.3527	   1.8740	        1.5214	 2.2567	583.8585	5.194e-01	 1.0000	 0.9988	 0.9988	 1.00000	1.326e+00	   4.210	  1945.614
 295	148	 0.0852	 2.4194	   1.8754	        1.5214	          0.3540	   1.8754	        1.5214	 2.2558	583.8585	5.120e-01	 1.0000	 0.9987	 0.9987	 1.00000	1.350e+00	   4.190	  1949.804
 296	148	 0.0842	 2.4510	   1.8781	        1.5214	          0.3567	   1.8781	        1.5214	 2.2548	583.8585	5.046e-01	 1.0000	 0.9988	 0.9988	 1.00000	1.348e+00	   4.213	  1954.018
 297	149	 0.0830	 2.4760	   1.8809	        1.5214	          0.3595	   1.8809	        1.5214	 2.2539	583.8585	4.962e-01	 1.0000	 0.9986	 0.9986	 1.00000	1.354e+00	   4.197	  1958.215
 298	149	 0.0822	 2.4661	   1.8815	        1.5214	          0.3602	   1.8815	        1.5214	 2.2531	583.8585	4.914e-01	 1.0000	 0.9986	 0.9986	 1.00000	1.374e+00	   4.181	  1962.396
 299	150	 0.0818	 2.4926	   1.8833	        1.5214	          0.3619	   1.8833	        1.5214	 2.2523	583.8585	4.876e-01	 1.0000	 0.9988	 0.9988	 1.00000	1.366e+00	   4.230	  1966.627
 300	150	 0.0806	 2.4780	   1.8843	        1.5214	          0.3629	   1.8843	        1.5214	 2.2516	583.8585	4.806e-01	 1.0000	 0.9990	 0.9990	 1.00000	1.395e+00	   4.198	  1970.825
 301	151	 0.0701	 2.5005	   1.9009	        1.5214	          0.3795	   1.9009	        1.5214	 2.3717	875.7878	4.184e-01	 1.0000	 0.9979	 0.9979	 1.00000	1.590e+00	   4.192	  1975.017
 302	151	 0.0636	 2.5312	   1.9127	        1.5214	          0.3913	   1.9127	        1.5214	 2.3628	875.7878	3.798e-01	 1.0000	 0.9966	 0.9966	 1.00000	1.723e+00	   4.202	  1979.219
 303	152	 0.0600	 2.5890	   1.9210	        1.5214	          0.3997	   1.9210	        1.5214	 2.3558	875.7878	3.552e-01	 1.0000	 0.9976	 0.9976	 1.00000	1.776e+00	   4.177	  1983.397
 304	152	 0.0567	 2.6242	   1.9281	        1.5214	          0.4067	   1.9281	        1.5214	 2.3509	875.7878	3.342e-01	 1.0000	 0.9976	 0.9976	 1.00000	1.842e+00	   4.219	  1987.616
 305	153	 0.0561	 2.7116	   1.9322	        1.5214	          0.4109	   1.9322	        1.5214	 2.3457	875.7878	3.248e-01	 1.0000	 0.9979	 0.9979	 1.00000	1.793e+00	   4.176	  1991.792
 306	153	 0.0522	 2.7148	   1.9395	        1.5214	          0.4181	   1.9395	        1.5214	 2.3421	875.7878	3.020e-01	 1.0000	 0.9985	 0.9985	 1.00000	1.907e+00	   4.197	  1995.989
 307	154	 0.0520	 2.7908	   1.9423	        1.5214	          0.4209	   1.9423	        1.5214	 2.3387	875.7878	2.967e-01	 1.0000	 0.9976	 0.9976	 1.00000	1.852e+00	   4.186	  2000.176
 308	154	 0.0489	 2.7941	   1.9483	        1.5214	          0.4270	   1.9483	        1.5214	 2.3357	875.7878	2.777e-01	 1.0000	 0.9986	 0.9986	 1.00000	1.950e+00	   4.200	  2004.376
 309	155	 0.0473	 2.8219	   1.9522	        1.5214	          0.4309	   1.9522	        1.5214	 2.3333	875.7878	2.668e-01	 1.0000	 0.9988	 0.9988	 1.00000	1.981e+00	   4.215	  2008.591
 310	155	 0.0466	 2.8657	   1.9549	        1.5214	          0.4335	   1.9549	        1.5214	 2.3311	875.7878	2.606e-01	 1.0000	 0.9973	 0.9973	 1.00000	1.967e+00	   4.192	  2012.783
 311	156	 0.0459	 2.9047	   1.9576	        1.5214	          0.4363	   1.9576	        1.5214	 2.3295	875.7878	2.543e-01	 1.0000	 0.9963	 0.9963	 1.00000	1.962e+00	   4.201	  2016.984
 312	156	 0.0444	 2.9166	   1.9609	        1.5214	          0.4395	   1.9609	        1.5214	 2.3277	875.7878	2.445e-01	 1.0000	 0.9970	 0.9970	 1.00000	2.004e+00	   4.192	  2021.177
 313	157	 0.0443	 2.9527	   1.9623	        1.5214	          0.4409	   1.9623	        1.5214	 2.3269	875.7878	2.425e-01	 1.0000	 0.9955	 0.9955	 1.00000	1.979e+00	   4.198	  2025.375
 314	157	 0.0423	 2.9491	   1.9661	        1.5214	          0.4447	   1.9661	        1.5214	 2.3249	875.7878	2.301e-01	 1.0000	 0.9980	 0.9980	 1.00000	2.054e+00	   4.204	  2029.579
 315	158	 0.0415	 2.9483	   1.9679	        1.5214	          0.4465	   1.9679	        1.5214	 2.3237	875.7878	2.242e-01	 1.0000	 0.9988	 0.9988	 1.00000	2.088e+00	   4.175	  2033.754
 316	158	 0.0408	 2.9753	   1.9699	        1.5214	          0.4486	   1.9699	        1.5214	 2.3227	875.7878	2.193e-01	 1.0000	 0.9980	 0.9980	 1.00000	2.089e+00	   4.253	  2038.007
 317	159	 0.0405	 2.9853	   1.9709	        1.5214	          0.4495	   1.9709	        1.5214	 2.3218	875.7878	2.167e-01	 1.0000	 0.9980	 0.9980	 1.00000	2.093e+00	   4.163	  2042.171
 318	159	 0.0395	 2.9908	   1.9732	        1.5214	          0.4518	   1.9732	        1.5214	 2.3207	875.7878	2.097e-01	 1.0000	 0.9986	 0.9986	 1.00000	2.129e+00	   4.210	  2046.381
 319	160	 0.0389	 2.9773	   1.9741	        1.5214	          0.4528	   1.9741	        1.5214	 2.3197	875.7878	2.056e-01	 1.0000	 0.9991	 0.9991	 1.00000	2.166e+00	   4.192	  2050.574
 320	160	 0.0385	 3.0039	   1.9757	        1.5214	          0.4543	   1.9757	        1.5214	 2.3189	875.7878	2.023e-01	 1.0000	 0.9986	 0.9986	 1.00000	2.158e+00	   4.208	  2054.781
 321	161	 0.0342	 3.0075	   1.9854	        1.5214	          0.4641	   1.9854	        1.5214	 2.3923	1313.6817	1.752e-01	 1.0000	 0.9991	 0.9991	 1.00000	2.350e+00	   4.194	  2058.976
 322	161	 0.0315	 3.0370	   1.9925	        1.5214	          0.4711	   1.9925	        1.5214	 2.3841	1313.6817	1.575e-01	 1.0000	 0.9992	 0.9992	 1.00000	2.456e+00	   4.159	  2063.135
 323	162	 0.0290	 3.0450	   1.9990	        1.5214	          0.4777	   1.9990	        1.5214	 2.3776	1313.6817	1.413e-01	 1.0000	 0.9985	 0.9985	 1.00000	2.589e+00	   4.240	  2067.375
 324	162	 0.0278	 3.0918	   2.0030	        1.5214	          0.4816	   2.0030	        1.5214	 2.3727	1313.6817	1.321e-01	 1.0000	 0.9983	 0.9983	 1.00000	2.604e+00	   4.217	  2071.592
 325	163	 0.0263	 3.1058	   2.0071	        1.5214	          0.4857	   2.0071	        1.5214	 2.3685	1313.6817	1.220e-01	 1.0000	 0.9983	 0.9983	 1.00000	2.679e+00	   4.194	  2075.787
 326	163	 0.0253	 3.1443	   2.0105	        1.5214	          0.4891	   2.0105	        1.5214	 2.3655	1313.6817	1.148e-01	 1.0000	 0.9942	 0.9942	 1.00000	2.696e+00	   4.194	  2079.981
 327	164	 0.0242	 3.1603	   2.0138	        1.5214	          0.4924	   2.0138	        1.5214	 2.3624	1313.6817	1.070e-01	 1.0000	 0.9934	 0.9934	 1.00000	2.750e+00	   4.187	  2084.168
 328	164	 0.0235	 3.1776	   2.0161	        1.5214	          0.4947	   2.0161	        1.5214	 2.3603	1313.6817	1.019e-01	 1.0000	 0.9910	 0.9910	 1.00000	2.777e+00	   4.197	  2088.366
 329	165	 0.0227	 3.1861	   2.0183	        1.5214	          0.4969	   2.0183	        1.5214	 2.3581	1313.6817	9.652e-02	 1.0000	 0.9916	 0.9916	 1.00000	2.817e+00	   4.205	  2092.571
 330	165	 0.0220	 3.1872	   2.0204	        1.5214	          0.4990	   2.0204	        1.5214	 2.3556	1313.6817	9.085e-02	 1.0000	 0.9940	 0.9940	 1.00000	2.868e+00	   4.190	  2096.761
 331	166	 0.0216	 3.1953	   2.0215	        1.5214	          0.5001	   2.0215	        1.5214	 2.3541	1313.6817	8.792e-02	 1.0000	 0.9928	 0.9928	 1.00000	2.884e+00	   4.189	  2100.950
 332	166	 0.0208	 3.1800	   2.0237	        1.5214	          0.5023	   2.0237	        1.5214	 2.3511	1313.6817	8.133e-02	 1.0000	 0.9982	 0.9982	 1.00000	2.966e+00	   4.194	  2105.144
 333	167	 0.0203	 3.1739	   2.0254	        1.5214	          0.5040	   2.0254	        1.5214	 2.3491	1313.6817	7.665e-02	 1.0000	 0.9987	 0.9987	 1.00000	3.020e+00	   4.208	  2109.352
 334	167	 0.0200	 3.1730	   2.0261	        1.5214	          0.5047	   2.0261	        1.5214	 2.3475	1313.6817	7.424e-02	 1.0000	 0.9986	 0.9986	 1.00000	3.040e+00	   4.147	  2113.499
 335	168	 0.0197	 3.1657	   2.0271	        1.5214	          0.5057	   2.0271	        1.5214	 2.3460	1313.6817	7.112e-02	 1.0000	 0.9975	 0.9975	 1.00000	3.079e+00	   4.231	  2117.731
 336	168	 0.0194	 3.1734	   2.0279	        1.5214	          0.5066	   2.0279	        1.5214	 2.3444	1313.6817	6.860e-02	 1.0000	 0.9985	 0.9985	 1.00000	3.089e+00	   4.217	  2121.948
 337	169	 0.0191	 3.1739	   2.0289	        1.5214	          0.5076	   2.0289	        1.5214	 2.3428	1313.6817	6.571e-02	 1.0000	 0.9986	 0.9986	 1.00000	3.114e+00	   4.190	  2126.139
 338	169	 0.0189	 3.1802	   2.0295	        1.5214	          0.5081	   2.0295	        1.5214	 2.3413	1313.6817	6.383e-02	 1.0000	 0.9988	 0.9988	 1.00000	3.118e+00	   4.197	  2130.336
 339	170	 0.0186	 3.1769	   2.0304	        1.5214	          0.5090	   2.0304	        1.5214	 2.3398	1313.6817	6.101e-02	 1.0000	 0.9985	 0.9985	 1.00000	3.148e+00	   4.198	  2134.535
 340	170	 0.0186	 3.1908	   2.0307	        1.5214	          0.5093	   2.0307	        1.5214	 2.3384	1313.6817	5.979e-02	 1.0000	 0.9985	 0.9985	 1.00000	3.132e+00	   4.204	  2138.740
 341	171	 0.0171	 3.2012	   2.0354	        1.5214	          0.5141	   2.0354	        1.5214	 2.3675	1970.5225	4.930e-02	 1.0000	 0.9984	 0.9984	 1.00000	3.244e+00	   4.188	  2142.927
 342	171	 0.0159	 3.1951	   2.0395	        1.5214	          0.5181	   2.0395	        1.5214	 2.3600	1970.5225	4.017e-02	 1.0000	 0.9963	 0.9963	 1.00000	3.371e+00	   4.199	  2147.127
 343	172	 0.0152	 3.2246	   2.0420	        1.5214	          0.5207	   2.0420	        1.5214	 2.3546	1970.5225	3.466e-02	 1.0000	 0.9912	 0.9912	 1.00000	3.390e+00	   4.193	  2151.320
 344	172	 0.0141	 3.2089	   2.0455	        1.5214	          0.5241	   2.0455	        1.5214	 2.3482	1970.5225	2.673e-02	 1.0000	 0.9931	 0.9931	 1.00000	3.521e+00	   4.267	  2155.587
 345	173	 0.0136	 3.2172	   2.0476	        1.5214	          0.5262	   2.0476	        1.5214	 2.3433	1970.5225	2.160e-02	 1.0000	 0.9954	 0.9954	 1.00000	3.569e+00	   4.159	  2159.747
 346	173	 0.0130	 3.2344	   2.0497	        1.5214	          0.5283	   2.0497	        1.5214	 2.3388	1970.5225	1.683e-02	 1.0000	 0.9873	 0.9873	 1.00000	3.599e+00	   4.169	  2163.917
 347	174	 0.0124	 3.2287	   2.0519	        1.5214	          0.5305	   2.0519	        1.5214	 2.3342	1970.5225	1.151e-02	 1.0000	 0.9939	 0.9939	 1.00000	3.677e+00	   4.215	  2168.132
 348	174	 0.0121	 3.2606	   2.0528	        1.5214	          0.5314	   2.0528	        1.5214	 2.3357	1970.5225	1.128e-02	 1.0000	 0.8863	 0.8863	 1.00000	3.645e+00	   4.209	  2172.341
 349	175	 0.0119	 3.2872	   2.0537	        1.5214	          0.5323	   2.0537	        1.5214	 2.3397	1970.5225	1.215e-02	 1.0000	 0.7860	 0.7860	 1.00000	3.623e+00	   4.195	  2176.536
 350	175	 0.0114	 3.2656	   2.0553	        1.5214	          0.5340	   2.0553	        1.5214	 2.3347	1970.5225	7.132e-03	 1.0000	 0.7312	 0.7312	 1.00000	3.715e+00	   4.203	  2180.739
 351	176	 0.0112	 3.2765	   2.0563	        1.5214	          0.5349	   2.0563	        1.5214	 2.3335	1970.5225	5.391e-03	 1.0000	 0.4373	 0.4373	 1.00000	3.725e+00	   4.191	  2184.930
 352	176	 0.0109	 3.2705	   2.0573	        1.5214	          0.5359	   2.0573	        1.5214	 2.3350	1970.5225	4.844e-03	 0.9957	-0.1254	-0.1249	 1.00000	3.767e+00	   4.199	  2189.129
 353	177	 0.0107	 3.2892	   2.0581	        1.5214	          0.5367	   2.0581	        1.5214	 2.3399	1970.5225	6.459e-03	 0.9930	-0.3450	-0.3426	 1.00000	3.756e+00	   4.191	  2193.321
 354	177	 0.0105	 3.2753	   2.0588	        1.5214	          0.5374	   2.0588	        1.5214	 2.3448	1970.5225	7.929e-03	 0.9852	-0.6125	-0.6034	 1.00000	3.806e+00	   4.206	  2197.527
 355	178	 0.0103	 3.2765	   2.0596	        1.5214	          0.5383	   2.0596	        1.5214	 2.3504	1970.5225	9.832e-03	 0.9697	-0.7544	-0.7315	 1.00000	3.830e+00	   4.205	  2201.732
 356	178	 0.0103	 3.2899	   2.0598	        1.5214	          0.5384	   2.0598	        1.5214	 2.3522	1970.5225	1.067e-02	 0.9535	-0.7755	-0.7394	 1.00000	3.810e+00	   4.234	  2205.967
 357	179	 0.0101	 3.2798	   2.0605	        1.5214	          0.5391	   2.0605	        1.5214	 2.3586	1970.5225	1.307e-02	 0.9330	-0.8073	-0.7532	 1.00000	3.851e+00	   4.178	  2210.145
 358	179	 0.0101	 3.3123	   2.0603	        1.5214	          0.5389	   2.0603	        1.5214	 2.3573	1970.5225	1.267e-02	 0.9170	-0.7024	-0.6441	 1.00000	3.782e+00	   4.196	  2214.341
 359	180	 0.0102	 3.3462	   2.0600	        1.5214	          0.5386	   2.0600	        1.5214	 2.3571	1970.5225	1.286e-02	 0.9066	-0.4746	-0.4303	 1.00000	3.708e+00	   4.149	  2218.491
 360	180	 0.0101	 3.3279	   2.0604	        1.5214	          0.5391	   2.0604	        1.5214	 2.3611	1970.5225	1.423e-02	 0.8921	-0.5543	-0.4944	 1.00000	3.757e+00	   4.181	  2222.672
 361	181	 0.0095	 3.3345	   2.0625	        1.5214	          0.5411	   2.0625	        1.5214	 2.3903	2955.7838	1.773e-02	 0.8536	-0.6957	-0.5939	 1.00000	3.811e+00	   4.210	  2226.883
 362	181	 0.0092	 3.3484	   2.0637	        1.5214	          0.5423	   2.0637	        1.5214	 2.4004	2955.7838	2.015e-02	 0.8105	-0.6970	-0.5650	 1.00000	3.822e+00	   4.184	  2231.067
 363	182	 0.0090	 3.3542	   2.0645	        1.5214	          0.5432	   2.0645	        1.5214	 2.4089	2955.7838	2.224e-02	 0.7636	-0.6765	-0.5165	 1.00000	3.839e+00	   4.191	  2235.258
 364	182	 0.0089	 3.3896	   2.0650	        1.5214	          0.5436	   2.0650	        1.5214	 2.4100	2955.7838	2.209e-02	 0.7247	-0.5505	-0.3989	 1.00000	3.784e+00	   4.189	  2239.447
 365	183	 0.0089	 3.4222	   2.0648	        1.5214	          0.5434	   2.0648	        1.5214	 2.4074	2955.7838	2.130e-02	 0.6985	-0.3948	-0.2757	 1.00000	3.716e+00	   4.184	  2243.631
 366	183	 0.0089	 3.4331	   2.0650	        1.5214	          0.5436	   2.0650	        1.5214	 2.4093	2955.7838	2.176e-02	 0.6769	-0.3159	-0.2138	 1.00000	3.701e+00	   4.170	  2247.801
 367	184	 0.0090	 3.4473	   2.0647	        1.5214	          0.5433	   2.0647	        1.5214	 2.4073	2955.7838	2.138e-02	 0.6621	-0.1923	-0.1273	 1.00000	3.665e+00	   4.202	  2252.004
 368	184	 0.0091	 3.4685	   2.0642	        1.5214	          0.5428	   2.0642	        1.5214	 2.4033	2955.7838	2.049e-02	 0.6597	-0.0262	-0.0173	 1.00000	3.607e+00	   4.179	  2256.183
 369	185	 0.0093	 3.4718	   2.0636	        1.5214	          0.5422	   2.0636	        1.5214	 2.3996	2955.7838	1.989e-02	 0.6629	 0.0756	 0.0501	 1.00000	3.581e+00	   4.190	  2260.373
 370	185	 0.0096	 3.4846	   2.0626	        1.5214	          0.5413	   2.0626	        1.5214	 2.3939	2955.7838	1.888e-02	 0.6749	 0.2448	 0.1652	 1.00000	3.528e+00	   4.189	  2264.563
 371	186	 0.0098	 3.4689	   2.0617	        1.5214	          0.5403	   2.0617	        1.5214	 2.3877	2955.7838	1.764e-02	 0.6896	 0.2965	 0.2045	 1.00000	3.528e+00	   4.188	  2268.751
 372	186	 0.0102	 3.4846	   2.0604	        1.5214	          0.5390	   2.0604	        1.5214	 2.3795	2955.7838	1.626e-02	 0.7087	 0.4282	 0.3035	 1.00000	3.457e+00	   4.159	  2272.911
 373	187	 0.0106	 3.4828	   2.0589	        1.5214	          0.5375	   2.0589	        1.5214	 2.3704	2955.7838	1.459e-02	 0.7311	 0.5303	 0.3877	 1.00000	3.415e+00	   4.205	  2277.115
 374	187	 0.0110	 3.4610	   2.0575	        1.5214	          0.5361	   2.0575	        1.5214	 2.3616	2955.7838	1.278e-02	 0.7534	 0.5993	 0.4515	 1.00000	3.414e+00	   4.193	  2281.309
 375	188	 0.0115	 3.4597	   2.0558	        1.5214	          0.5344	   2.0558	        1.5214	 2.3510	2955.7838	1.083e-02	 0.7770	 0.7255	 0.5637	 1.00000	3.364e+00	   4.185	  2285.494
 376	188	 0.0120	 3.4423	   2.0542	        1.5214	          0.5328	   2.0542	        1.5214	 2.3462	2955.7838	1.059e-02	 0.8005	 0.7237	 0.5794	 1.00000	3.348e+00	   4.191	  2289.685
 377	189	 0.0124	 3.4244	   2.0524	        1.5214	          0.5311	   2.0524	        1.5214	 2.3463	2955.7838	1.217e-02	 0.8240	 0.6327	 0.5213	 1.00000	3.329e+00	   4.185	  2293.871
 378	189	 0.0130	 3.4736	   2.0509	        1.5214	          0.5295	   2.0509	        1.5214	 2.3348	2955.7838	1.001e-02	 0.8485	 0.8031	 0.6814	 1.00000	3.195e+00	   4.193	  2298.064
 379	190	 0.0136	 3.4869	   2.0493	        1.5214	          0.5279	   2.0493	        1.5214	 2.3394	2955.7838	1.316e-02	 0.8776	 0.7534	 0.6612	 1.00000	3.124e+00	   4.186	  2302.251
 380	190	 0.0139	 3.4738	   2.0482	        1.5214	          0.5268	   2.0482	        1.5214	 2.3335	2955.7838	1.202e-02	 0.9068	 0.7673	 0.6958	 1.00000	3.117e+00	   4.197	  2306.448
 381	191	 0.0135	 3.4498	   2.0492	        1.5214	          0.5279	   2.0492	        1.5214	 2.3386	4433.6756	8.463e-03	 0.9321	 0.6803	 0.6341	 1.00000	3.189e+00	   4.185	  2310.633
 382	191	 0.0130	 3.4457	   2.0506	        1.5214	          0.5293	   2.0506	        1.5214	 2.3359	4433.6756	7.009e-03	 0.9434	 0.3198	 0.3017	 1.00000	3.237e+00	   4.193	  2314.827
 383	192	 0.0126	 3.4585	   2.0523	        1.5214	          0.5310	   2.0523	        1.5214	 2.3291	4433.6756	4.532e-03	 0.9364	-0.3541	-0.3316	 1.00000	3.264e+00	   4.177	  2319.004
 384	192	 0.0124	 3.5279	   2.0536	        1.5214	          0.5323	   2.0536	        1.5214	 2.3337	4433.6756	4.853e-03	 0.9479	 0.5545	 0.5256	 1.00000	3.175e+00	   4.156	  2323.160
 385	193	 0.0121	 3.5602	   2.0548	        1.5214	          0.5334	   2.0548	        1.5214	 2.3419	4433.6756	6.037e-03	 0.9696	 0.6101	 0.5915	 1.00000	3.150e+00	   4.217	  2327.377
 386	193	 0.0117	 3.5737	   2.0561	        1.5214	          0.5347	   2.0561	        1.5214	 2.3423	4433.6756	5.321e-03	 0.9809	 0.4542	 0.4455	 1.00000	3.163e+00	   4.197	  2331.574
 387	194	 0.0114	 3.5669	   2.0570	        1.5214	          0.5357	   2.0570	        1.5214	 2.3439	4433.6756	5.096e-03	 0.9805	-0.1547	-0.1517	 1.00000	3.204e+00	   4.189	  2335.764
 388	194	 0.0113	 3.5819	   2.0575	        1.5214	          0.5362	   2.0575	        1.5214	 2.3480	4433.6756	5.735e-03	 0.9764	-0.2156	-0.2105	 1.00000	3.192e+00	   4.191	  2339.955
 389	195	 0.0111	 3.5786	   2.0580	        1.5214	          0.5366	   2.0580	        1.5214	 2.3565	4433.6756	7.414e-03	 0.9622	-0.4823	-0.4641	 1.00000	3.211e+00	   4.177	  2344.132
 390	195	 0.0112	 3.6039	   2.0581	        1.5214	          0.5367	   2.0581	        1.5214	 2.3533	4433.6756	6.654e-03	 0.9534	-0.3507	-0.3344	 1.00000	3.167e+00	   4.204	  2348.336
 391	196	 0.0113	 3.6295	   2.0581	        1.5214	          0.5367	   2.0581	        1.5214	 2.3510	4433.6756	6.148e-03	 0.9467	-0.1847	-0.1749	 1.00000	3.121e+00	   4.196	  2352.533
 392	196	 0.0114	 3.6367	   2.0579	        1.5214	          0.5366	   2.0579	        1.5214	 2.3525	4433.6756	6.583e-03	 0.9430	-0.2667	-0.2515	 1.00000	3.104e+00	   4.188	  2356.721
 393	197	 0.0115	 3.6557	   2.0576	        1.5214	          0.5363	   2.0576	        1.5214	 2.3531	4433.6756	6.953e-03	 0.9389	-0.1353	-0.1271	 1.00000	3.061e+00	   4.189	  2360.910
 394	197	 0.0116	 3.6582	   2.0576	        1.5214	          0.5362	   2.0576	        1.5214	 2.3552	4433.6756	7.495e-03	 0.9313	-0.2746	-0.2557	 1.00000	3.055e+00	   4.197	  2365.107
 395	198	 0.0116	 3.6557	   2.0573	        1.5214	          0.5360	   2.0573	        1.5214	 2.3583	4433.6756	8.393e-03	 0.9156	-0.4236	-0.3879	 1.00000	3.053e+00	   4.157	  2369.264
 396	198	 0.0117	 3.6779	   2.0573	        1.5214	          0.5360	   2.0573	        1.5214	 2.3598	4433.6756	8.778e-03	 0.9059	-0.2466	-0.2234	 1.00000	3.013e+00	   4.157	  2373.420
 397	199	 0.0119	 3.7142	   2.0574	        1.5214	          0.5360	   2.0574	        1.5214	 2.3642	4433.6756	9.814e-03	 0.9103	 0.0831	 0.0757	 1.00000	2.949e+00	   4.214	  2377.634
 398	199	 0.0117	 3.6873	   2.0575	        1.5214	          0.5361	   2.0575	        1.5214	 2.3690	4433.6756	1.071e-02	 0.9050	-0.1149	-0.1040	 1.00000	3.001e+00	   4.161	  2381.796
 399	200	 0.0117	 3.7219	   2.0580	        1.5214	          0.5366	   2.0580	        1.5214	 2.3649	4433.6756	9.638e-03	 0.9003	-0.0884	-0.0796	 1.00000	2.953e+00	   4.197	  2385.994
 400	200	 0.0116	 3.7393	   2.0587	        1.5214	          0.5374	   2.0587	        1.5214	 2.3662	4433.6756	9.479e-03	 0.8986	-0.0351	-0.0315	 1.00000	2.944e+00	   4.186	  2390.179

[MINIMAX] Finished on device cuda -> σ_f² ≈ 0.0116, σ_ε² ≈ 3.7393
