[GPU 0][JOB 225] 'python cli.py scgd --n 1024 --lengthscale 0.5 --sigma-f2-true 4.0 --sigma-eps2-true 1.0 --n-epochs 200 --device auto --kernel-mode finite --a0 1e-3 --a-decay 0.75 --w-init-scale 0.1 --num-features 128 --print-every 1 --seed 4 --batch-size 512 --b0 0.9 --b-decay 0.25 --decay-start-epoch 25 --sigma-f2-init 5.0 --sigma-eps2-init 3.0 '

=== SCGD + ORF (TMLR Algorithm 2) ===
iter	epoch	σ_f²	σ_ε²	real_nlml	real_nlml_true	real_nlml_abs_err	orf_nlml	orf_nlml_true	approx_nlml	|F~ - F|/|F|	||grad||	duration_s	wall_time_s
   1	 1	 0.7863	 3.4476	   1.7905	        1.5094	          0.2811	   1.7905	        1.5094	     2.9674	5.007e+00	1.113e-01	   1.525	     1.674
   2	 1	 0.8766	 3.6728	   1.8066	        1.5094	          0.2972	   1.8066	        1.5094	     2.8333	4.329e-01	1.027e-01	   1.006	     2.681
   3	 2	 1.0106	 3.8524	   1.8173	        1.5094	          0.3079	   1.8173	        1.5094	     2.7136	1.042e-01	9.576e-02	   0.966	     3.647
   4	 2	 1.1594	 3.9071	   1.8176	        1.5094	          0.3082	   1.8176	        1.5094	     2.6239	1.007e-01	9.262e-02	   0.955	     4.603
   5	 3	 1.3746	 3.9532	   1.8170	        1.5094	          0.3076	   1.8170	        1.5094	     2.5247	1.101e-01	9.046e-02	   0.952	     5.555
   6	 3	 1.7331	 3.9932	   1.8155	        1.5094	          0.3061	   1.8155	        1.5094	     2.3985	1.415e-01	8.918e-02	   1.005	     6.561
   7	 4	 2.2104	 3.9803	   1.8106	        1.5094	          0.3012	   1.8106	        1.5094	     2.2720	1.637e-01	8.930e-02	   0.987	     7.548
   8	 4	 2.8823	 3.9434	   1.8047	        1.5094	          0.2953	   1.8047	        1.5094	     2.1400	1.843e-01	9.001e-02	   1.056	     8.605
   9	 5	 3.7295	 3.8795	   1.7978	        1.5094	          0.2884	   1.7978	        1.5094	     2.0239	1.814e-01	9.114e-02	   1.007	     9.612
  10	 5	 4.6453	 3.7611	   1.7868	        1.5094	          0.2774	   1.7868	        1.5094	     1.9380	1.568e-01	9.307e-02	   1.001	    10.614
  11	 6	 5.1467	 3.6343	   1.7751	        1.5094	          0.2657	   1.7751	        1.5094	     1.8888	1.159e-01	9.512e-02	   0.994	    11.608
  12	 6	 5.8636	 3.4972	   1.7624	        1.5094	          0.2530	   1.7624	        1.5094	     1.8441	1.106e-01	9.738e-02	   0.990	    12.598
  13	 7	 5.7123	 3.3515	   1.7479	        1.5094	          0.2385	   1.7479	        1.5094	     1.8074	1.597e-01	9.980e-02	   1.002	    13.600
  14	 7	 6.2277	 3.2036	   1.7334	        1.5094	          0.2240	   1.7334	        1.5094	     1.7688	1.009e-01	1.023e-01	   0.994	    14.594
  15	 8	 6.2240	 3.0539	   1.7179	        1.5094	          0.2084	   1.7179	        1.5094	     1.7296	1.484e-01	1.049e-01	   0.998	    15.593
  16	 8	 6.1737	 2.8865	   1.7000	        1.5094	          0.1906	   1.7000	        1.5094	     1.6911	1.501e-01	1.078e-01	   1.017	    16.610
  17	 9	 6.4217	 2.7264	   1.6828	        1.5094	          0.1733	   1.6828	        1.5094	     1.6509	1.311e-01	1.105e-01	   1.044	    17.654
  18	 9	 6.5285	 2.5530	   1.6634	        1.5094	          0.1540	   1.6634	        1.5094	     1.6107	1.218e-01	1.132e-01	   1.081	    18.735
  19	10	 6.6871	 2.3722	   1.6429	        1.5094	          0.1335	   1.6429	        1.5094	     1.5676	1.410e-01	1.157e-01	   1.079	    19.815
  20	10	 6.6990	 2.2119	   1.6242	        1.5094	          0.1148	   1.6242	        1.5094	     1.5280	1.615e-01	1.174e-01	   1.015	    20.830
  21	11	 7.1028	 2.0312	   1.6032	        1.5094	          0.0938	   1.6032	        1.5094	     1.4875	1.292e-01	1.182e-01	   0.991	    21.822
  22	11	 6.7288	 1.8753	   1.5845	        1.5094	          0.0751	   1.5845	        1.5094	     1.4498	2.137e-01	1.174e-01	   0.993	    22.815
  23	12	 7.9213	 1.7491	   1.5709	        1.5094	          0.0615	   1.5709	        1.5094	     1.4309	1.222e-01	1.152e-01	   1.003	    23.818
  24	12	 6.0249	 1.5736	   1.5496	        1.5094	          0.0402	   1.5496	        1.5094	     1.4342	4.801e-01	1.083e-01	   0.996	    24.814
  25	13	 9.6964	 1.4954	   1.5447	        1.5094	          0.0353	   1.5447	        1.5094	     1.5216	3.126e-01	1.033e-01	   0.996	    25.811
  26	13	 3.8799	 1.5065	   1.5423	        1.5094	          0.0329	   1.5423	        1.5094	     1.8497	1.743e+00	1.035e-01	   0.992	    26.803
  27	14	 9.0104	 1.6774	   1.5638	        1.5094	          0.0544	   1.5638	        1.5094	     1.4571	4.647e-01	1.131e-01	   1.013	    27.817
  28	14	 5.2579	 1.5639	   1.5481	        1.5094	          0.0387	   1.5481	        1.5094	     1.4842	8.687e-01	1.076e-01	   1.012	    28.829
  29	15	 9.9675	 1.5016	   1.5457	        1.5094	          0.0362	   1.5457	        1.5094	     1.5605	3.758e-01	1.038e-01	   1.056	    29.885
  30	15	 2.8964	 1.5695	   1.5510	        1.5094	          0.0415	   1.5510	        1.5094	     2.1233	2.639e+00	1.071e-01	   0.995	    30.880
  31	16	 7.2911	 1.9367	   1.5923	        1.5094	          0.0828	   1.5923	        1.5094	     1.4064	4.676e-01	1.180e-01	   0.994	    31.875
  32	16	 6.1827	 1.7524	   1.5698	        1.5094	          0.0603	   1.5698	        1.5094	     1.3668	3.131e-01	1.152e-01	   0.990	    32.865
  33	17	 7.5425	 1.5800	   1.5516	        1.5094	          0.0421	   1.5516	        1.5094	     1.3361	1.315e-01	1.087e-01	   1.004	    33.869
  34	17	 5.8521	 1.4133	   1.5330	        1.5094	          0.0236	   1.5330	        1.5094	     1.3363	4.497e-01	9.577e-02	   0.996	    34.865
  35	18	 8.7868	 1.2855	   1.5244	        1.5094	          0.0149	   1.5244	        1.5094	     1.4066	2.476e-01	7.888e-02	   1.052	    35.918
  36	18	 3.4834	 1.3565	   1.5283	        1.5094	          0.0189	   1.5283	        1.5094	     1.8639	1.714e+00	8.852e-02	   1.023	    36.941
  37	19	 8.7592	 1.6935	   1.5654	        1.5094	          0.0560	   1.5654	        1.5094	     1.4695	4.928e-01	1.137e-01	   1.063	    38.004
  38	19	 3.8099	 1.5474	   1.5467	        1.5094	          0.0372	   1.5467	        1.5094	     1.6548	1.414e+00	1.063e-01	   1.078	    39.083
  39	20	 8.4307	 1.6409	   1.5592	        1.5094	          0.0497	   1.5592	        1.5094	     1.4439	4.370e-01	1.117e-01	   1.103	    40.186
  40	20	 3.7291	 1.5159	   1.5434	        1.5094	          0.0340	   1.5434	        1.5094	     1.6333	1.384e+00	1.041e-01	   1.017	    41.203
  41	21	 8.2173	 1.5856	   1.5528	        1.5094	          0.0434	   1.5528	        1.5094	     1.4282	4.390e-01	1.091e-01	   0.991	    42.195
  42	21	 3.8428	 1.4630	   1.5379	        1.5094	          0.0285	   1.5379	        1.5094	     1.5648	1.265e+00	1.000e-01	   0.993	    43.191
  43	22	 8.1745	 1.5146	   1.5452	        1.5094	          0.0358	   1.5452	        1.5094	     1.4457	4.319e-01	1.047e-01	   1.004	    44.196
  44	22	 3.4051	 1.4237	   1.5347	        1.5094	          0.0253	   1.5347	        1.5094	     1.6870	1.580e+00	9.616e-02	   0.992	    45.188
  45	23	 8.4142	 1.6003	   1.5546	        1.5094	          0.0452	   1.5546	        1.5094	     1.5059	4.946e-01	1.098e-01	   0.997	    46.185
  46	23	 3.1317	 1.5003	   1.5429	        1.5094	          0.0335	   1.5429	        1.5094	     1.7265	1.856e+00	1.027e-01	   0.992	    47.178
  47	24	 7.1823	 1.6217	   1.5558	        1.5094	          0.0464	   1.5558	        1.5094	     1.3668	4.444e-01	1.108e-01	   1.017	    48.195
  48	24	 4.2446	 1.4650	   1.5378	        1.5094	          0.0284	   1.5378	        1.5094	     1.4152	8.138e-01	1.004e-01	   1.003	    49.198
  49	25	 7.8308	 1.4401	   1.5373	        1.5094	          0.0279	   1.5373	        1.5094	     1.4199	3.650e-01	9.856e-02	   1.059	    50.258
  50	25	 4.6424	 1.3793	   1.5294	        1.5094	          0.0200	   1.5294	        1.5094	     1.3435	9.612e-01	9.176e-02	   0.997	    51.254
  51	26	 5.8596	 1.3537	   1.5275	        1.5094	          0.0181	   1.5275	        1.5094	     1.2494	3.091e-01	8.880e-02	   0.993	    52.248
  52	26	 5.8677	 1.3075	   1.5236	        1.5094	          0.0141	   1.5236	        1.5094	     1.2419	4.601e-01	8.224e-02	   0.994	    53.243
  53	27	 5.9680	 1.2832	   1.5217	        1.5094	          0.0123	   1.5217	        1.5094	     1.2375	5.597e-01	7.832e-02	   1.003	    54.246
  54	27	 6.0287	 1.2502	   1.5192	        1.5094	          0.0098	   1.5192	        1.5094	     1.2330	6.543e-01	7.240e-02	   0.994	    55.240
  55	28	 5.9979	 1.2503	   1.5192	        1.5094	          0.0098	   1.5192	        1.5094	     1.2324	7.648e-01	7.241e-02	   0.998	    56.239
  56	28	 6.0860	 1.2153	   1.5169	        1.5094	          0.0074	   1.5169	        1.5094	     1.2284	7.862e-01	6.532e-02	   0.999	    57.238
  57	29	 6.2106	 1.1959	   1.5157	        1.5094	          0.0063	   1.5157	        1.5094	     1.2276	8.204e-01	6.095e-02	   1.065	    58.304
  58	29	 6.0284	 1.1937	   1.5155	        1.5094	          0.0060	   1.5155	        1.5094	     1.2256	9.648e-01	6.043e-02	   1.037	    59.341
  59	30	 6.0877	 1.1939	   1.5155	        1.5094	          0.0061	   1.5155	        1.5094	     1.2254	9.769e-01	6.048e-02	   1.099	    60.440
  60	30	 6.1026	 1.1781	   1.5146	        1.5094	          0.0052	   1.5146	        1.5094	     1.2235	1.018e+00	5.665e-02	   1.036	    61.476
  61	31	 6.1353	 1.1649	   1.5139	        1.5094	          0.0045	   1.5139	        1.5094	     1.2225	1.054e+00	5.329e-02	   0.992	    62.469
  62	31	 6.1343	 1.1673	   1.5140	        1.5094	          0.0046	   1.5140	        1.5094	     1.2221	1.099e+00	5.392e-02	   0.996	    63.465
  63	32	 6.1608	 1.1641	   1.5139	        1.5094	          0.0044	   1.5139	        1.5094	     1.2216	1.134e+00	5.308e-02	   1.001	    64.467
  64	32	 6.1629	 1.1588	   1.5136	        1.5094	          0.0042	   1.5136	        1.5094	     1.2210	1.172e+00	5.168e-02	   0.991	    65.458
  65	33	 6.1908	 1.1549	   1.5134	        1.5094	          0.0040	   1.5134	        1.5094	     1.2206	1.223e+00	5.065e-02	   1.001	    66.459
  66	33	 6.1846	 1.1525	   1.5133	        1.5094	          0.0039	   1.5133	        1.5094	     1.2201	1.234e+00	4.999e-02	   0.991	    67.451
  67	34	 6.2069	 1.1478	   1.5131	        1.5094	          0.0037	   1.5131	        1.5094	     1.2199	1.291e+00	4.868e-02	   1.015	    68.466
  68	34	 6.2016	 1.1477	   1.5131	        1.5094	          0.0036	   1.5131	        1.5094	     1.2194	1.293e+00	4.867e-02	   1.003	    69.470
  69	35	 6.2809	 1.1485	   1.5132	        1.5094	          0.0037	   1.5132	        1.5094	     1.2197	1.301e+00	4.890e-02	   1.050	    70.520
  70	35	 6.2016	 1.1439	   1.5129	        1.5094	          0.0035	   1.5129	        1.5094	     1.2187	1.376e+00	4.761e-02	   1.010	    71.530
  71	36	 6.2414	 1.1407	   1.5128	        1.5094	          0.0033	   1.5128	        1.5094	     1.2186	1.380e+00	4.669e-02	   0.994	    72.525
  72	36	 6.2261	 1.1410	   1.5128	        1.5094	          0.0033	   1.5128	        1.5094	     1.2182	1.426e+00	4.676e-02	   1.019	    73.544
  73	37	 6.1995	 1.1445	   1.5129	        1.5094	          0.0035	   1.5129	        1.5094	     1.2182	1.468e+00	4.777e-02	   1.101	    74.645
  74	37	 6.2591	 1.1383	   1.5127	        1.5094	          0.0032	   1.5127	        1.5094	     1.2177	1.456e+00	4.599e-02	   1.083	    75.729
  75	38	 6.2133	 1.1376	   1.5126	        1.5094	          0.0032	   1.5126	        1.5094	     1.2174	1.485e+00	4.580e-02	   1.024	    76.754
  76	38	 6.2858	 1.1362	   1.5126	        1.5094	          0.0032	   1.5126	        1.5094	     1.2174	1.507e+00	4.540e-02	   1.046	    77.800
  77	39	 6.2681	 1.1339	   1.5125	        1.5094	          0.0030	   1.5125	        1.5094	     1.2170	1.548e+00	4.471e-02	   1.124	    78.924
  78	39	 6.2974	 1.1345	   1.5125	        1.5094	          0.0031	   1.5125	        1.5094	     1.2170	1.553e+00	4.491e-02	   1.087	    80.011
  79	40	 6.2897	 1.1330	   1.5124	        1.5094	          0.0030	   1.5124	        1.5094	     1.2167	1.580e+00	4.445e-02	   1.100	    81.112
  80	40	 6.3085	 1.1330	   1.5125	        1.5094	          0.0030	   1.5125	        1.5094	     1.2166	1.600e+00	4.447e-02	   1.052	    82.165
  81	41	 6.3168	 1.1321	   1.5124	        1.5094	          0.0030	   1.5124	        1.5094	     1.2164	1.628e+00	4.420e-02	   0.990	    83.155
  82	41	 6.3166	 1.1318	   1.5124	        1.5094	          0.0030	   1.5124	        1.5094	     1.2163	1.642e+00	4.412e-02	   0.992	    84.147
  83	42	 6.3098	 1.1344	   1.5125	        1.5094	          0.0031	   1.5125	        1.5094	     1.2162	1.666e+00	4.486e-02	   1.004	    85.151
  84	42	 6.3302	 1.1307	   1.5124	        1.5094	          0.0029	   1.5124	        1.5094	     1.2160	1.682e+00	4.378e-02	   0.994	    86.145
  85	43	 6.3198	 1.1275	   1.5122	        1.5094	          0.0028	   1.5122	        1.5094	     1.2156	1.700e+00	4.283e-02	   1.000	    87.146
  86	43	 6.3413	 1.1299	   1.5123	        1.5094	          0.0029	   1.5123	        1.5094	     1.2157	1.722e+00	4.354e-02	   0.988	    88.134
  87	44	 6.3077	 1.1288	   1.5123	        1.5094	          0.0028	   1.5123	        1.5094	     1.2155	1.768e+00	4.320e-02	   1.014	    89.149
  88	44	 6.3561	 1.1292	   1.5123	        1.5094	          0.0029	   1.5123	        1.5094	     1.2155	1.746e+00	4.334e-02	   1.007	    90.156
  89	45	 6.3918	 1.1264	   1.5122	        1.5094	          0.0028	   1.5122	        1.5094	     1.2155	1.766e+00	4.251e-02	   1.042	    91.198
  90	45	 6.3550	 1.1286	   1.5123	        1.5094	          0.0029	   1.5123	        1.5094	     1.2152	1.796e+00	4.315e-02	   1.016	    92.214
  91	46	 6.3618	 1.1308	   1.5124	        1.5094	          0.0030	   1.5124	        1.5094	     1.2152	1.797e+00	4.381e-02	   0.992	    93.206
  92	46	 6.3646	 1.1279	   1.5123	        1.5094	          0.0029	   1.5123	        1.5094	     1.2150	1.832e+00	4.296e-02	   0.993	    94.199
  93	47	 6.3839	 1.1264	   1.5122	        1.5094	          0.0028	   1.5122	        1.5094	     1.2149	1.836e+00	4.249e-02	   1.008	    95.207
  94	47	 6.3710	 1.1274	   1.5123	        1.5094	          0.0028	   1.5123	        1.5094	     1.2147	1.866e+00	4.281e-02	   0.993	    96.200
  95	48	 6.3580	 1.1260	   1.5122	        1.5094	          0.0028	   1.5122	        1.5094	     1.2146	1.888e+00	4.239e-02	   0.996	    97.196
  96	48	 6.3834	 1.1270	   1.5122	        1.5094	          0.0028	   1.5122	        1.5094	     1.2146	1.889e+00	4.267e-02	   1.028	    98.225
  97	49	 6.3796	 1.1263	   1.5122	        1.5094	          0.0028	   1.5122	        1.5094	     1.2144	1.908e+00	4.247e-02	   1.032	    99.257
  98	49	 6.3931	 1.1267	   1.5122	        1.5094	          0.0028	   1.5122	        1.5094	     1.2144	1.920e+00	4.257e-02	   1.026	   100.283
  99	50	 6.3987	 1.1291	   1.5124	        1.5094	          0.0029	   1.5124	        1.5094	     1.2144	1.941e+00	4.332e-02	   1.090	   101.374
 100	50	 6.4001	 1.1262	   1.5122	        1.5094	          0.0028	   1.5122	        1.5094	     1.2142	1.949e+00	4.244e-02	   1.060	   102.435
 101	51	 6.4515	 1.1269	   1.5123	        1.5094	          0.0029	   1.5123	        1.5094	     1.2145	1.963e+00	4.267e-02	   0.991	   103.426
 102	51	 6.4002	 1.1259	   1.5122	        1.5094	          0.0028	   1.5122	        1.5094	     1.2140	1.983e+00	4.236e-02	   0.994	   104.420
 103	52	 6.4412	 1.1282	   1.5123	        1.5094	          0.0029	   1.5123	        1.5094	     1.2143	1.973e+00	4.306e-02	   1.005	   105.426
 104	52	 6.4042	 1.1256	   1.5122	        1.5094	          0.0028	   1.5122	        1.5094	     1.2138	2.019e+00	4.226e-02	   0.991	   106.417
 105	53	 6.3836	 1.1251	   1.5122	        1.5094	          0.0027	   1.5122	        1.5094	     1.2137	2.054e+00	4.209e-02	   0.998	   107.415
 106	53	 6.4186	 1.1254	   1.5122	        1.5094	          0.0028	   1.5122	        1.5094	     1.2137	2.029e+00	4.219e-02	   0.992	   108.407
 107	54	 6.4327	 1.1276	   1.5123	        1.5094	          0.0029	   1.5123	        1.5094	     1.2138	2.021e+00	4.287e-02	   1.011	   109.419
 108	54	 6.4259	 1.1251	   1.5122	        1.5094	          0.0028	   1.5122	        1.5094	     1.2135	2.067e+00	4.211e-02	   1.011	   110.430
 109	55	 6.4503	 1.1247	   1.5122	        1.5094	          0.0028	   1.5122	        1.5094	     1.2135	2.109e+00	4.199e-02	   1.031	   111.462
 110	55	 6.4313	 1.1249	   1.5122	        1.5094	          0.0028	   1.5122	        1.5094	     1.2134	2.081e+00	4.205e-02	   1.022	   112.484
 111	56	 6.4611	 1.1276	   1.5123	        1.5094	          0.0029	   1.5123	        1.5094	     1.2136	2.075e+00	4.287e-02	   0.995	   113.480
 112	56	 6.4367	 1.1247	   1.5122	        1.5094	          0.0028	   1.5122	        1.5094	     1.2132	2.117e+00	4.198e-02	   1.034	   114.514
 113	57	 6.4575	 1.1255	   1.5122	        1.5094	          0.0028	   1.5122	        1.5094	     1.2133	2.138e+00	4.222e-02	   1.033	   115.547
 114	57	 6.4431	 1.1245	   1.5122	        1.5094	          0.0028	   1.5122	        1.5094	     1.2131	2.136e+00	4.193e-02	   0.993	   116.540
 115	58	 6.4566	 1.1238	   1.5122	        1.5094	          0.0027	   1.5122	        1.5094	     1.2130	2.142e+00	4.171e-02	   1.035	   117.576
 116	58	 6.4502	 1.1244	   1.5122	        1.5094	          0.0028	   1.5122	        1.5094	     1.2129	2.163e+00	4.188e-02	   1.028	   118.604
 117	59	 6.4379	 1.1252	   1.5122	        1.5094	          0.0028	   1.5122	        1.5094	     1.2129	2.151e+00	4.214e-02	   1.027	   119.631
 118	59	 6.4612	 1.1242	   1.5122	        1.5094	          0.0028	   1.5122	        1.5094	     1.2128	2.190e+00	4.185e-02	   1.024	   120.654
 119	60	 6.4300	 1.1224	   1.5121	        1.5094	          0.0027	   1.5121	        1.5094	     1.2126	2.214e+00	4.129e-02	   1.083	   121.738
 120	60	 6.4726	 1.1242	   1.5122	        1.5094	          0.0028	   1.5122	        1.5094	     1.2127	2.204e+00	4.183e-02	   1.069	   122.807
 121	61	 6.4937	 1.1208	   1.5121	        1.5094	          0.0027	   1.5121	        1.5094	     1.2126	2.203e+00	4.081e-02	   0.996	   123.803
 122	61	 6.4762	 1.1241	   1.5122	        1.5094	          0.0028	   1.5122	        1.5094	     1.2126	2.235e+00	4.182e-02	   0.992	   124.796
 123	62	 6.4834	 1.1245	   1.5122	        1.5094	          0.0028	   1.5122	        1.5094	     1.2126	2.227e+00	4.193e-02	   1.004	   125.800
 124	62	 6.4814	 1.1240	   1.5122	        1.5094	          0.0028	   1.5122	        1.5094	     1.2125	2.261e+00	4.179e-02	   0.993	   126.793
 125	63	 6.4970	 1.1255	   1.5123	        1.5094	          0.0028	   1.5123	        1.5094	     1.2126	2.269e+00	4.222e-02	   0.998	   127.792
 126	63	 6.4866	 1.1239	   1.5122	        1.5094	          0.0028	   1.5122	        1.5094	     1.2124	2.279e+00	4.175e-02	   0.994	   128.786
 127	64	 6.4729	 1.1219	   1.5121	        1.5094	          0.0027	   1.5121	        1.5094	     1.2122	2.288e+00	4.114e-02	   0.996	   129.785
 128	64	 6.4951	 1.1239	   1.5122	        1.5094	          0.0028	   1.5122	        1.5094	     1.2123	2.297e+00	4.174e-02	   1.018	   130.803
 129	65	 6.5423	 1.1247	   1.5123	        1.5094	          0.0029	   1.5123	        1.5094	     1.2125	2.279e+00	4.201e-02	   1.027	   131.830
 130	65	 6.4957	 1.1238	   1.5122	        1.5094	          0.0028	   1.5122	        1.5094	     1.2122	2.328e+00	4.172e-02	   1.032	   132.861
 131	66	 6.4963	 1.1223	   1.5121	        1.5094	          0.0027	   1.5121	        1.5094	     1.2121	2.355e+00	4.127e-02	   0.995	   133.857
 132	66	 6.5023	 1.1237	   1.5122	        1.5094	          0.0028	   1.5122	        1.5094	     1.2121	2.335e+00	4.170e-02	   0.989	   134.846
 133	67	 6.5112	 1.1242	   1.5122	        1.5094	          0.0028	   1.5122	        1.5094	     1.2121	2.341e+00	4.184e-02	   1.002	   135.849
 134	67	 6.5078	 1.1236	   1.5122	        1.5094	          0.0028	   1.5122	        1.5094	     1.2120	2.358e+00	4.167e-02	   0.997	   136.846
 135	68	 6.5328	 1.1231	   1.5122	        1.5094	          0.0028	   1.5122	        1.5094	     1.2120	2.366e+00	4.150e-02	   1.035	   137.882
 136	68	 6.5113	 1.1236	   1.5122	        1.5094	          0.0028	   1.5122	        1.5094	     1.2119	2.379e+00	4.166e-02	   0.993	   138.875
 137	69	 6.5323	 1.1241	   1.5122	        1.5094	          0.0028	   1.5122	        1.5094	     1.2120	2.391e+00	4.181e-02	   1.018	   139.893
 138	69	 6.5156	 1.1235	   1.5122	        1.5094	          0.0028	   1.5122	        1.5094	     1.2118	2.397e+00	4.164e-02	   1.031	   140.925
 139	70	 6.5229	 1.1234	   1.5122	        1.5094	          0.0028	   1.5122	        1.5094	     1.2118	2.414e+00	4.160e-02	   1.075	   142.001
 140	70	 6.5214	 1.1235	   1.5122	        1.5094	          0.0028	   1.5122	        1.5094	     1.2117	2.413e+00	4.162e-02	   1.074	   143.075
 141	71	 6.4872	 1.1230	   1.5122	        1.5094	          0.0027	   1.5122	        1.5094	     1.2116	2.462e+00	4.148e-02	   1.000	   144.075
 142	71	 6.5314	 1.1235	   1.5122	        1.5094	          0.0028	   1.5122	        1.5094	     1.2116	2.420e+00	4.162e-02	   0.991	   145.066
 143	72	 6.5294	 1.1238	   1.5122	        1.5094	          0.0028	   1.5122	        1.5094	     1.2116	2.446e+00	4.173e-02	   1.006	   146.073
 144	72	 6.5366	 1.1234	   1.5122	        1.5094	          0.0028	   1.5122	        1.5094	     1.2115	2.441e+00	4.160e-02	   0.994	   147.067
 145	73	 6.5491	 1.1246	   1.5123	        1.5094	          0.0029	   1.5123	        1.5094	     1.2116	2.449e+00	4.197e-02	   0.997	   148.063
 146	73	 6.5407	 1.1233	   1.5122	        1.5094	          0.0028	   1.5122	        1.5094	     1.2114	2.466e+00	4.158e-02	   0.992	   149.056
 147	74	 6.5582	 1.1221	   1.5122	        1.5094	          0.0028	   1.5122	        1.5094	     1.2114	2.462e+00	4.121e-02	   0.992	   150.048
 148	74	 6.5439	 1.1233	   1.5122	        1.5094	          0.0028	   1.5122	        1.5094	     1.2114	2.491e+00	4.157e-02	   1.055	   151.104
 149	75	 6.5424	 1.1240	   1.5122	        1.5094	          0.0028	   1.5122	        1.5094	     1.2113	2.495e+00	4.179e-02	   1.075	   152.179
 150	75	 6.5492	 1.1233	   1.5122	        1.5094	          0.0028	   1.5122	        1.5094	     1.2113	2.508e+00	4.156e-02	   1.144	   153.324
 151	76	 6.5591	 1.1231	   1.5122	        1.5094	          0.0028	   1.5122	        1.5094	     1.2113	2.514e+00	4.151e-02	   1.057	   154.381
 152	76	 6.5534	 1.1232	   1.5122	        1.5094	          0.0028	   1.5122	        1.5094	     1.2112	2.526e+00	4.155e-02	   1.021	   155.402
 153	77	 6.5589	 1.1250	   1.5123	        1.5094	          0.0029	   1.5123	        1.5094	     1.2113	2.550e+00	4.210e-02	   1.062	   156.465
 154	77	 6.5580	 1.1232	   1.5122	        1.5094	          0.0028	   1.5122	        1.5094	     1.2111	2.537e+00	4.153e-02	   1.092	   157.557
 155	78	 6.5720	 1.1223	   1.5122	        1.5094	          0.0028	   1.5122	        1.5094	     1.2111	2.536e+00	4.128e-02	   1.057	   158.614
 156	78	 6.5618	 1.1231	   1.5122	        1.5094	          0.0028	   1.5122	        1.5094	     1.2110	2.559e+00	4.153e-02	   1.006	   159.620
 157	79	 6.5462	 1.1222	   1.5122	        1.5094	          0.0028	   1.5122	        1.5094	     1.2109	2.566e+00	4.125e-02	   1.017	   160.637
 158	79	 6.5682	 1.1231	   1.5122	        1.5094	          0.0028	   1.5122	        1.5094	     1.2110	2.574e+00	4.153e-02	   1.037	   161.674
 159	80	 6.5831	 1.1219	   1.5122	        1.5094	          0.0028	   1.5122	        1.5094	     1.2109	2.584e+00	4.114e-02	   1.054	   162.728
 160	80	 6.5714	 1.1231	   1.5122	        1.5094	          0.0028	   1.5122	        1.5094	     1.2109	2.591e+00	4.153e-02	   1.087	   163.816
 161	81	 6.5892	 1.1236	   1.5123	        1.5094	          0.0028	   1.5123	        1.5094	     1.2110	2.595e+00	4.168e-02	   1.006	   164.822
 162	81	 6.5742	 1.1231	   1.5122	        1.5094	          0.0028	   1.5122	        1.5094	     1.2108	2.609e+00	4.152e-02	   0.995	   165.818
 163	82	 6.5755	 1.1227	   1.5122	        1.5094	          0.0028	   1.5122	        1.5094	     1.2108	2.631e+00	4.138e-02	   1.003	   166.822
 164	82	 6.5792	 1.1231	   1.5122	        1.5094	          0.0028	   1.5122	        1.5094	     1.2108	2.620e+00	4.151e-02	   0.993	   167.815
 165	83	 6.5762	 1.1228	   1.5122	        1.5094	          0.0028	   1.5122	        1.5094	     1.2107	2.652e+00	4.143e-02	   0.996	   168.811
 166	83	 6.5841	 1.1231	   1.5122	        1.5094	          0.0028	   1.5122	        1.5094	     1.2107	2.630e+00	4.150e-02	   0.993	   169.804
 167	84	 6.5768	 1.1215	   1.5122	        1.5094	          0.0027	   1.5122	        1.5094	     1.2105	2.640e+00	4.101e-02	   0.996	   170.800
 168	84	 6.5891	 1.1231	   1.5122	        1.5094	          0.0028	   1.5122	        1.5094	     1.2106	2.649e+00	4.150e-02	   1.027	   171.827
 169	85	 6.6007	 1.1225	   1.5122	        1.5094	          0.0028	   1.5122	        1.5094	     1.2106	2.668e+00	4.132e-02	   1.002	   172.829
 170	85	 6.5922	 1.1230	   1.5122	        1.5094	          0.0028	   1.5122	        1.5094	     1.2106	2.665e+00	4.150e-02	   1.053	   173.881
 171	86	 6.6087	 1.1234	   1.5123	        1.5094	          0.0028	   1.5123	        1.5094	     1.2106	2.656e+00	4.160e-02	   0.993	   174.875
 172	86	 6.5954	 1.1230	   1.5122	        1.5094	          0.0028	   1.5122	        1.5094	     1.2105	2.688e+00	4.149e-02	   0.995	   175.870
 173	87	 6.6163	 1.1207	   1.5122	        1.5094	          0.0027	   1.5122	        1.5094	     1.2104	2.702e+00	4.077e-02	   1.000	   176.871
 174	87	 6.5978	 1.1231	   1.5122	        1.5094	          0.0028	   1.5122	        1.5094	     1.2104	2.700e+00	4.150e-02	   1.033	   177.903
 175	88	 6.5862	 1.1237	   1.5123	        1.5094	          0.0028	   1.5123	        1.5094	     1.2104	2.705e+00	4.169e-02	   1.000	   178.904
 176	88	 6.6035	 1.1230	   1.5123	        1.5094	          0.0028	   1.5123	        1.5094	     1.2104	2.715e+00	4.149e-02	   0.990	   179.894
 177	89	 6.5907	 1.1238	   1.5123	        1.5094	          0.0029	   1.5123	        1.5094	     1.2103	2.741e+00	4.173e-02	   1.012	   180.906
 178	89	 6.6088	 1.1230	   1.5123	        1.5094	          0.0028	   1.5123	        1.5094	     1.2103	2.724e+00	4.149e-02	   1.032	   181.939
 179	90	 6.5996	 1.1236	   1.5123	        1.5094	          0.0028	   1.5123	        1.5094	     1.2103	2.747e+00	4.166e-02	   1.047	   182.986
 180	90	 6.6133	 1.1230	   1.5123	        1.5094	          0.0028	   1.5123	        1.5094	     1.2102	2.737e+00	4.148e-02	   1.102	   184.087
 181	91	 6.6019	 1.1228	   1.5122	        1.5094	          0.0028	   1.5122	        1.5094	     1.2102	2.744e+00	4.142e-02	   1.007	   185.094
 182	91	 6.6180	 1.1230	   1.5123	        1.5094	          0.0028	   1.5123	        1.5094	     1.2102	2.754e+00	4.148e-02	   0.991	   186.089
 183	92	 6.6165	 1.1230	   1.5123	        1.5094	          0.0028	   1.5123	        1.5094	     1.2101	2.756e+00	4.147e-02	   1.005	   187.094
 184	92	 6.6215	 1.1229	   1.5123	        1.5094	          0.0028	   1.5123	        1.5094	     1.2101	2.772e+00	4.147e-02	   0.992	   188.086
 185	93	 6.6313	 1.1222	   1.5122	        1.5094	          0.0028	   1.5122	        1.5094	     1.2101	2.765e+00	4.124e-02	   1.000	   189.086
 186	93	 6.6242	 1.1229	   1.5123	        1.5094	          0.0028	   1.5123	        1.5094	     1.2101	2.790e+00	4.147e-02	   0.991	   190.077
 187	94	 6.6402	 1.1248	   1.5124	        1.5094	          0.0029	   1.5124	        1.5094	     1.2102	2.782e+00	4.203e-02	   0.996	   191.073
 188	94	 6.6267	 1.1229	   1.5123	        1.5094	          0.0028	   1.5123	        1.5094	     1.2100	2.806e+00	4.146e-02	   1.025	   192.097
 189	95	 6.6237	 1.1234	   1.5123	        1.5094	          0.0029	   1.5123	        1.5094	     1.2100	2.826e+00	4.161e-02	   1.053	   193.150
 190	95	 6.6307	 1.1229	   1.5123	        1.5094	          0.0028	   1.5123	        1.5094	     1.2100	2.813e+00	4.145e-02	   1.072	   194.222
 191	96	 6.6150	 1.1231	   1.5123	        1.5094	          0.0028	   1.5123	        1.5094	     1.2099	2.860e+00	4.152e-02	   0.995	   195.217
 192	96	 6.6354	 1.1229	   1.5123	        1.5094	          0.0028	   1.5123	        1.5094	     1.2099	2.816e+00	4.145e-02	   0.994	   196.212
 193	97	 6.6311	 1.1237	   1.5123	        1.5094	          0.0029	   1.5123	        1.5094	     1.2099	2.835e+00	4.169e-02	   1.040	   197.252
 194	97	 6.6390	 1.1228	   1.5123	        1.5094	          0.0028	   1.5123	        1.5094	     1.2099	2.833e+00	4.144e-02	   1.027	   198.280
 195	98	 6.6466	 1.1217	   1.5122	        1.5094	          0.0028	   1.5122	        1.5094	     1.2098	2.837e+00	4.110e-02	   0.999	   199.279
 196	98	 6.6416	 1.1229	   1.5123	        1.5094	          0.0029	   1.5123	        1.5094	     1.2098	2.851e+00	4.144e-02	   0.989	   200.268
 197	99	 6.6419	 1.1223	   1.5123	        1.5094	          0.0028	   1.5123	        1.5094	     1.2097	2.845e+00	4.129e-02	   0.995	   201.263
 198	99	 6.6450	 1.1228	   1.5123	        1.5094	          0.0029	   1.5123	        1.5094	     1.2097	2.869e+00	4.144e-02	   0.980	   202.244
 199	100	 6.6367	 1.1224	   1.5123	        1.5094	          0.0028	   1.5123	        1.5094	     1.2096	2.874e+00	4.131e-02	   0.996	   203.240
 200	100	 6.6489	 1.1228	   1.5123	        1.5094	          0.0029	   1.5123	        1.5094	     1.2097	2.881e+00	4.144e-02	   0.981	   204.221
 201	101	 6.6388	 1.1237	   1.5123	        1.5094	          0.0029	   1.5123	        1.5094	     1.2097	2.892e+00	4.171e-02	   0.794	   205.016
 202	101	 6.6529	 1.1228	   1.5123	        1.5094	          0.0029	   1.5123	        1.5094	     1.2096	2.892e+00	4.144e-02	   0.799	   205.814
 203	102	 6.6545	 1.1245	   1.5124	        1.5094	          0.0029	   1.5124	        1.5094	     1.2097	2.898e+00	4.194e-02	   0.808	   206.623
 204	102	 6.6558	 1.1228	   1.5123	        1.5094	          0.0029	   1.5123	        1.5094	     1.2096	2.905e+00	4.143e-02	   0.805	   207.428
 205	103	 6.6555	 1.1226	   1.5123	        1.5094	          0.0029	   1.5123	        1.5094	     1.2095	2.938e+00	4.136e-02	   0.808	   208.237
 206	103	 6.6589	 1.1228	   1.5123	        1.5094	          0.0029	   1.5123	        1.5094	     1.2095	2.911e+00	4.142e-02	   0.796	   209.033
 207	104	 6.6738	 1.1220	   1.5123	        1.5094	          0.0028	   1.5123	        1.5094	     1.2095	2.899e+00	4.119e-02	   0.803	   209.836
 208	104	 6.6610	 1.1228	   1.5123	        1.5094	          0.0029	   1.5123	        1.5094	     1.2095	2.933e+00	4.142e-02	   0.833	   210.669
 209	105	 6.6542	 1.1225	   1.5123	        1.5094	          0.0028	   1.5123	        1.5094	     1.2094	2.944e+00	4.132e-02	   0.809	   211.478
 210	105	 6.6645	 1.1228	   1.5123	        1.5094	          0.0029	   1.5123	        1.5094	     1.2094	2.943e+00	4.142e-02	   0.867	   212.345
 211	106	 6.6695	 1.1234	   1.5123	        1.5094	          0.0029	   1.5123	        1.5094	     1.2095	2.944e+00	4.161e-02	   0.799	   213.144
 212	106	 6.6672	 1.1228	   1.5123	        1.5094	          0.0029	   1.5123	        1.5094	     1.2094	2.958e+00	4.142e-02	   0.808	   213.953
 213	107	 6.6834	 1.1221	   1.5123	        1.5094	          0.0029	   1.5123	        1.5094	     1.2094	2.944e+00	4.121e-02	   0.838	   214.791
 214	107	 6.6692	 1.1228	   1.5123	        1.5094	          0.0029	   1.5123	        1.5094	     1.2093	2.975e+00	4.142e-02	   0.811	   215.602
 215	108	 6.6719	 1.1220	   1.5123	        1.5094	          0.0028	   1.5123	        1.5094	     1.2093	2.967e+00	4.118e-02	   0.805	   216.408
 216	108	 6.6723	 1.1228	   1.5123	        1.5094	          0.0029	   1.5123	        1.5094	     1.2093	2.986e+00	4.142e-02	   0.797	   217.205
 217	109	 6.6635	 1.1237	   1.5123	        1.5094	          0.0029	   1.5123	        1.5094	     1.2093	3.001e+00	4.171e-02	   0.809	   218.015
 218	109	 6.6761	 1.1228	   1.5123	        1.5094	          0.0029	   1.5123	        1.5094	     1.2093	2.993e+00	4.142e-02	   0.845	   218.860
 219	110	 6.6756	 1.1241	   1.5124	        1.5094	          0.0029	   1.5124	        1.5094	     1.2093	2.996e+00	4.182e-02	   0.856	   219.717
 220	110	 6.6790	 1.1227	   1.5123	        1.5094	          0.0029	   1.5123	        1.5094	     1.2092	3.005e+00	4.141e-02	   0.897	   220.614
 221	111	 6.6662	 1.1237	   1.5123	        1.5094	          0.0029	   1.5123	        1.5094	     1.2092	3.027e+00	4.169e-02	   0.832	   221.446
 222	111	 6.6829	 1.1227	   1.5123	        1.5094	          0.0029	   1.5123	        1.5094	     1.2092	3.012e+00	4.141e-02	   0.808	   222.254
 223	112	 6.6721	 1.1239	   1.5123	        1.5094	          0.0029	   1.5123	        1.5094	     1.2092	3.040e+00	4.176e-02	   0.806	   223.060
 224	112	 6.6865	 1.1227	   1.5123	        1.5094	          0.0029	   1.5123	        1.5094	     1.2091	3.019e+00	4.140e-02	   0.804	   223.864
 225	113	 6.6923	 1.1233	   1.5123	        1.5094	          0.0029	   1.5123	        1.5094	     1.2091	3.048e+00	4.159e-02	   0.837	   224.702
 226	113	 6.6889	 1.1227	   1.5123	        1.5094	          0.0029	   1.5123	        1.5094	     1.2091	3.029e+00	4.140e-02	   0.872	   225.574
 227	114	 6.6822	 1.1226	   1.5123	        1.5094	          0.0029	   1.5123	        1.5094	     1.2090	3.038e+00	4.136e-02	   0.903	   226.478
 228	114	 6.6919	 1.1227	   1.5123	        1.5094	          0.0029	   1.5123	        1.5094	     1.2090	3.044e+00	4.140e-02	   0.864	   227.342
 229	115	 6.6821	 1.1225	   1.5123	        1.5094	          0.0029	   1.5123	        1.5094	     1.2090	3.060e+00	4.132e-02	   0.810	   228.153
 230	115	 6.6951	 1.1227	   1.5123	        1.5094	          0.0029	   1.5123	        1.5094	     1.2090	3.056e+00	4.140e-02	   0.918	   229.071
 231	116	 6.6970	 1.1222	   1.5123	        1.5094	          0.0029	   1.5123	        1.5094	     1.2089	3.064e+00	4.125e-02	   0.871	   229.943
 232	116	 6.6977	 1.1227	   1.5123	        1.5094	          0.0029	   1.5123	        1.5094	     1.2090	3.070e+00	4.140e-02	   0.852	   230.795
 233	117	 6.6977	 1.1230	   1.5123	        1.5094	          0.0029	   1.5123	        1.5094	     1.2089	3.085e+00	4.150e-02	   0.842	   231.637
 234	117	 6.7002	 1.1227	   1.5123	        1.5094	          0.0029	   1.5123	        1.5094	     1.2089	3.081e+00	4.140e-02	   0.804	   232.441
 235	118	 6.7036	 1.1229	   1.5123	        1.5094	          0.0029	   1.5123	        1.5094	     1.2089	3.091e+00	4.148e-02	   0.812	   233.254
 236	118	 6.7026	 1.1227	   1.5123	        1.5094	          0.0029	   1.5123	        1.5094	     1.2089	3.092e+00	4.139e-02	   0.796	   234.050
 237	119	 6.7042	 1.1230	   1.5123	        1.5094	          0.0029	   1.5123	        1.5094	     1.2089	3.095e+00	4.149e-02	   0.806	   234.856
 238	119	 6.7052	 1.1227	   1.5123	        1.5094	          0.0029	   1.5123	        1.5094	     1.2088	3.106e+00	4.139e-02	   0.841	   235.698
 239	120	 6.7048	 1.1224	   1.5123	        1.5094	          0.0029	   1.5123	        1.5094	     1.2088	3.112e+00	4.131e-02	   0.846	   236.544
 240	120	 6.7077	 1.1227	   1.5123	        1.5094	          0.0029	   1.5123	        1.5094	     1.2088	3.117e+00	4.139e-02	   0.908	   237.453
 241	121	 6.7044	 1.1219	   1.5123	        1.5094	          0.0029	   1.5123	        1.5094	     1.2087	3.131e+00	4.116e-02	   0.840	   238.293
 242	121	 6.7105	 1.1227	   1.5123	        1.5094	          0.0029	   1.5123	        1.5094	     1.2087	3.125e+00	4.139e-02	   0.807	   239.100
 243	122	 6.7204	 1.1225	   1.5123	        1.5094	          0.0029	   1.5123	        1.5094	     1.2088	3.129e+00	4.135e-02	   0.802	   239.903
 244	122	 6.7125	 1.1226	   1.5123	        1.5094	          0.0029	   1.5123	        1.5094	     1.2087	3.138e+00	4.139e-02	   0.801	   240.703
 245	123	 6.7000	 1.1223	   1.5123	        1.5094	          0.0029	   1.5123	        1.5094	     1.2086	3.166e+00	4.127e-02	   0.810	   241.513
 246	123	 6.7159	 1.1227	   1.5123	        1.5094	          0.0029	   1.5123	        1.5094	     1.2087	3.143e+00	4.139e-02	   0.798	   242.312
 247	124	 6.7272	 1.1223	   1.5123	        1.5094	          0.0029	   1.5123	        1.5094	     1.2087	3.149e+00	4.128e-02	   0.805	   243.117
 248	124	 6.7175	 1.1227	   1.5123	        1.5094	          0.0029	   1.5123	        1.5094	     1.2086	3.157e+00	4.139e-02	   0.818	   243.935
 249	125	 6.7414	 1.1234	   1.5124	        1.5094	          0.0030	   1.5124	        1.5094	     1.2088	3.127e+00	4.162e-02	   0.814	   244.750
 250	125	 6.7188	 1.1226	   1.5123	        1.5094	          0.0029	   1.5123	        1.5094	     1.2086	3.178e+00	4.139e-02	   0.855	   245.605
 251	126	 6.7268	 1.1233	   1.5124	        1.5094	          0.0029	   1.5124	        1.5094	     1.2086	3.201e+00	4.159e-02	   0.819	   246.424
 252	126	 6.7210	 1.1226	   1.5123	        1.5094	          0.0029	   1.5123	        1.5094	     1.2085	3.181e+00	4.138e-02	   0.838	   247.263
 253	127	 6.7463	 1.1230	   1.5124	        1.5094	          0.0029	   1.5124	        1.5094	     1.2087	3.140e+00	4.148e-02	   0.807	   248.070
 254	127	 6.7224	 1.1226	   1.5123	        1.5094	          0.0029	   1.5123	        1.5094	     1.2085	3.203e+00	4.138e-02	   0.808	   248.878
 255	128	 6.7248	 1.1223	   1.5123	        1.5094	          0.0029	   1.5123	        1.5094	     1.2085	3.196e+00	4.129e-02	   0.805	   249.683
 256	128	 6.7252	 1.1226	   1.5123	        1.5094	          0.0029	   1.5123	        1.5094	     1.2085	3.210e+00	4.138e-02	   0.801	   250.484
 257	129	 6.7308	 1.1221	   1.5123	        1.5094	          0.0029	   1.5123	        1.5094	     1.2084	3.194e+00	4.123e-02	   0.799	   251.283
 258	129	 6.7278	 1.1226	   1.5123	        1.5094	          0.0029	   1.5123	        1.5094	     1.2084	3.221e+00	4.138e-02	   0.843	   252.126
 259	130	 6.7297	 1.1229	   1.5123	        1.5094	          0.0029	   1.5123	        1.5094	     1.2084	3.220e+00	4.146e-02	   0.841	   252.968
 260	130	 6.7305	 1.1226	   1.5123	        1.5094	          0.0029	   1.5123	        1.5094	     1.2084	3.228e+00	4.138e-02	   0.906	   253.874
 261	131	 6.7348	 1.1235	   1.5124	        1.5094	          0.0030	   1.5124	        1.5094	     1.2084	3.234e+00	4.164e-02	   0.849	   254.723
 262	131	 6.7330	 1.1226	   1.5123	        1.5094	          0.0029	   1.5123	        1.5094	     1.2084	3.235e+00	4.137e-02	   0.803	   255.527
 263	132	 6.7328	 1.1236	   1.5124	        1.5094	          0.0030	   1.5124	        1.5094	     1.2084	3.221e+00	4.167e-02	   0.811	   256.338
 264	132	 6.7357	 1.1226	   1.5123	        1.5094	          0.0029	   1.5123	        1.5094	     1.2083	3.247e+00	4.137e-02	   0.802	   257.140
 265	133	 6.7369	 1.1233	   1.5124	        1.5094	          0.0029	   1.5124	        1.5094	     1.2084	3.244e+00	4.160e-02	   0.833	   257.973
 266	133	 6.7383	 1.1226	   1.5123	        1.5094	          0.0029	   1.5123	        1.5094	     1.2083	3.256e+00	4.137e-02	   0.842	   258.816
 267	134	 6.7347	 1.1235	   1.5124	        1.5094	          0.0030	   1.5124	        1.5094	     1.2083	3.265e+00	4.165e-02	   0.805	   259.621
 268	134	 6.7412	 1.1226	   1.5123	        1.5094	          0.0029	   1.5123	        1.5094	     1.2083	3.263e+00	4.136e-02	   0.817	   260.438
 269	135	 6.7378	 1.1225	   1.5123	        1.5094	          0.0029	   1.5123	        1.5094	     1.2082	3.277e+00	4.134e-02	   0.818	   261.256
 270	135	 6.7439	 1.1226	   1.5123	        1.5094	          0.0029	   1.5123	        1.5094	     1.2082	3.270e+00	4.136e-02	   0.849	   262.106
 271	136	 6.7390	 1.1224	   1.5123	        1.5094	          0.0029	   1.5123	        1.5094	     1.2082	3.281e+00	4.131e-02	   0.855	   262.961
 272	136	 6.7466	 1.1226	   1.5123	        1.5094	          0.0029	   1.5123	        1.5094	     1.2082	3.279e+00	4.136e-02	   0.839	   263.801
 273	137	 6.7522	 1.1238	   1.5124	        1.5094	          0.0030	   1.5124	        1.5094	     1.2083	3.289e+00	4.174e-02	   0.813	   264.614
 274	137	 6.7487	 1.1225	   1.5123	        1.5094	          0.0029	   1.5123	        1.5094	     1.2082	3.288e+00	4.136e-02	   0.804	   265.418
 275	138	 6.7494	 1.1232	   1.5124	        1.5094	          0.0030	   1.5124	        1.5094	     1.2082	3.308e+00	4.156e-02	   0.806	   266.224
 276	138	 6.7510	 1.1225	   1.5123	        1.5094	          0.0029	   1.5123	        1.5094	     1.2081	3.295e+00	4.135e-02	   0.796	   267.020
 277	139	 6.7575	 1.1227	   1.5124	        1.5094	          0.0029	   1.5124	        1.5094	     1.2081	3.301e+00	4.140e-02	   0.809	   267.829
 278	139	 6.7531	 1.1225	   1.5123	        1.5094	          0.0029	   1.5123	        1.5094	     1.2081	3.307e+00	4.135e-02	   0.831	   268.660
 279	140	 6.7432	 1.1228	   1.5124	        1.5094	          0.0029	   1.5124	        1.5094	     1.2081	3.319e+00	4.143e-02	   0.847	   269.507
 280	140	 6.7560	 1.1225	   1.5124	        1.5094	          0.0029	   1.5124	        1.5094	     1.2081	3.315e+00	4.135e-02	   0.886	   270.394
 281	141	 6.7529	 1.1230	   1.5124	        1.5094	          0.0029	   1.5124	        1.5094	     1.2081	3.315e+00	4.151e-02	   0.870	   271.264
 282	141	 6.7585	 1.1225	   1.5124	        1.5094	          0.0029	   1.5124	        1.5094	     1.2080	3.327e+00	4.135e-02	   0.804	   272.069
 283	142	 6.7634	 1.1221	   1.5123	        1.5094	          0.0029	   1.5123	        1.5094	     1.2080	3.340e+00	4.121e-02	   0.809	   272.878
 284	142	 6.7605	 1.1225	   1.5124	        1.5094	          0.0029	   1.5124	        1.5094	     1.2080	3.335e+00	4.135e-02	   0.801	   273.680
 285	143	 6.7553	 1.1230	   1.5124	        1.5094	          0.0029	   1.5124	        1.5094	     1.2080	3.346e+00	4.150e-02	   0.807	   274.487
 286	143	 6.7631	 1.1225	   1.5124	        1.5094	          0.0029	   1.5124	        1.5094	     1.2080	3.344e+00	4.135e-02	   0.803	   275.290
 287	144	 6.7667	 1.1230	   1.5124	        1.5094	          0.0030	   1.5124	        1.5094	     1.2080	3.354e+00	4.151e-02	   0.803	   276.093
 288	144	 6.7652	 1.1225	   1.5124	        1.5094	          0.0029	   1.5124	        1.5094	     1.2079	3.353e+00	4.134e-02	   0.810	   276.904
 289	145	 6.7668	 1.1222	   1.5123	        1.5094	          0.0029	   1.5123	        1.5094	     1.2079	3.374e+00	4.127e-02	   0.819	   277.723
 290	145	 6.7674	 1.1225	   1.5124	        1.5094	          0.0029	   1.5124	        1.5094	     1.2079	3.360e+00	4.134e-02	   0.844	   278.567
 291	146	 6.7606	 1.1219	   1.5123	        1.5094	          0.0029	   1.5123	        1.5094	     1.2078	3.351e+00	4.117e-02	   0.867	   279.435
 292	146	 6.7699	 1.1225	   1.5124	        1.5094	          0.0029	   1.5124	        1.5094	     1.2079	3.374e+00	4.135e-02	   0.808	   280.243
 293	147	 6.7571	 1.1221	   1.5123	        1.5094	          0.0029	   1.5123	        1.5094	     1.2078	3.387e+00	4.122e-02	   0.808	   281.052
 294	147	 6.7726	 1.1225	   1.5124	        1.5094	          0.0029	   1.5124	        1.5094	     1.2078	3.381e+00	4.135e-02	   0.799	   281.852
 295	148	 6.7766	 1.1225	   1.5124	        1.5094	          0.0029	   1.5124	        1.5094	     1.2078	3.393e+00	4.135e-02	   0.810	   282.662
 296	148	 6.7745	 1.1225	   1.5124	        1.5094	          0.0029	   1.5124	        1.5094	     1.2078	3.389e+00	4.135e-02	   0.799	   283.462
 297	149	 6.7785	 1.1224	   1.5124	        1.5094	          0.0029	   1.5124	        1.5094	     1.2078	3.380e+00	4.131e-02	   0.805	   284.267
 298	149	 6.7765	 1.1225	   1.5124	        1.5094	          0.0029	   1.5124	        1.5094	     1.2078	3.403e+00	4.134e-02	   0.825	   285.092
 299	150	 6.7742	 1.1227	   1.5124	        1.5094	          0.0030	   1.5124	        1.5094	     1.2078	3.435e+00	4.142e-02	   0.840	   285.932
 300	150	 6.7785	 1.1225	   1.5124	        1.5094	          0.0029	   1.5124	        1.5094	     1.2078	3.405e+00	4.134e-02	   0.889	   286.821
 301	151	 6.7814	 1.1226	   1.5124	        1.5094	          0.0030	   1.5124	        1.5094	     1.2078	3.398e+00	4.136e-02	   0.932	   287.754
 302	151	 6.7804	 1.1225	   1.5124	        1.5094	          0.0029	   1.5124	        1.5094	     1.2077	3.418e+00	4.134e-02	   0.870	   288.624
 303	152	 6.7776	 1.1230	   1.5124	        1.5094	          0.0030	   1.5124	        1.5094	     1.2077	3.426e+00	4.149e-02	   0.874	   289.499
 304	152	 6.7827	 1.1225	   1.5124	        1.5094	          0.0029	   1.5124	        1.5094	     1.2077	3.426e+00	4.134e-02	   0.871	   290.370
 305	153	 6.7924	 1.1229	   1.5124	        1.5094	          0.0030	   1.5124	        1.5094	     1.2078	3.421e+00	4.147e-02	   0.859	   291.230
 306	153	 6.7842	 1.1225	   1.5124	        1.5094	          0.0029	   1.5124	        1.5094	     1.2077	3.438e+00	4.134e-02	   0.859	   292.089
 307	154	 6.7873	 1.1220	   1.5124	        1.5094	          0.0029	   1.5124	        1.5094	     1.2076	3.439e+00	4.119e-02	   0.853	   292.942
 308	154	 6.7862	 1.1225	   1.5124	        1.5094	          0.0030	   1.5124	        1.5094	     1.2076	3.447e+00	4.134e-02	   0.832	   293.777
 309	155	 6.7956	 1.1217	   1.5124	        1.5094	          0.0029	   1.5124	        1.5094	     1.2076	3.429e+00	4.111e-02	   0.828	   294.606
 310	155	 6.7879	 1.1225	   1.5124	        1.5094	          0.0030	   1.5124	        1.5094	     1.2076	3.460e+00	4.134e-02	   0.866	   295.472
 311	156	 6.7802	 1.1228	   1.5124	        1.5094	          0.0030	   1.5124	        1.5094	     1.2076	3.470e+00	4.145e-02	   0.875	   296.348
 312	156	 6.7904	 1.1225	   1.5124	        1.5094	          0.0030	   1.5124	        1.5094	     1.2076	3.464e+00	4.134e-02	   0.803	   297.151
 313	157	 6.7942	 1.1226	   1.5124	        1.5094	          0.0030	   1.5124	        1.5094	     1.2076	3.468e+00	4.137e-02	   0.809	   297.961
 314	157	 6.7923	 1.1225	   1.5124	        1.5094	          0.0030	   1.5124	        1.5094	     1.2075	3.472e+00	4.134e-02	   0.805	   298.767
 315	158	 6.7810	 1.1224	   1.5124	        1.5094	          0.0029	   1.5124	        1.5094	     1.2075	3.499e+00	4.133e-02	   0.806	   299.573
 316	158	 6.7950	 1.1225	   1.5124	        1.5094	          0.0030	   1.5124	        1.5094	     1.2075	3.474e+00	4.134e-02	   0.800	   300.374
 317	159	 6.7892	 1.1227	   1.5124	        1.5094	          0.0030	   1.5124	        1.5094	     1.2075	3.510e+00	4.141e-02	   0.800	   301.174
 318	159	 6.7972	 1.1225	   1.5124	        1.5094	          0.0030	   1.5124	        1.5094	     1.2075	3.477e+00	4.134e-02	   0.825	   301.999
 319	160	 6.8158	 1.1228	   1.5124	        1.5094	          0.0030	   1.5124	        1.5094	     1.2076	3.463e+00	4.143e-02	   0.835	   302.835
 320	160	 6.7983	 1.1225	   1.5124	        1.5094	          0.0030	   1.5124	        1.5094	     1.2075	3.495e+00	4.134e-02	   0.883	   303.718
 321	161	 6.8040	 1.1223	   1.5124	        1.5094	          0.0030	   1.5124	        1.5094	     1.2075	3.516e+00	4.128e-02	   0.881	   304.599
 322	161	 6.8000	 1.1225	   1.5124	        1.5094	          0.0030	   1.5124	        1.5094	     1.2074	3.501e+00	4.134e-02	   0.815	   305.414
 323	162	 6.8038	 1.1222	   1.5124	        1.5094	          0.0030	   1.5124	        1.5094	     1.2074	3.509e+00	4.126e-02	   0.813	   306.227
 324	162	 6.8019	 1.1225	   1.5124	        1.5094	          0.0030	   1.5124	        1.5094	     1.2074	3.510e+00	4.134e-02	   0.801	   307.029
 325	163	 6.8095	 1.1230	   1.5124	        1.5094	          0.0030	   1.5124	        1.5094	     1.2075	3.517e+00	4.151e-02	   0.809	   307.839
 326	163	 6.8036	 1.1225	   1.5124	        1.5094	          0.0030	   1.5124	        1.5094	     1.2074	3.519e+00	4.133e-02	   0.795	   308.634
 327	164	 6.8099	 1.1216	   1.5124	        1.5094	          0.0029	   1.5124	        1.5094	     1.2074	3.531e+00	4.107e-02	   0.808	   309.442
 328	164	 6.8053	 1.1225	   1.5124	        1.5094	          0.0030	   1.5124	        1.5094	     1.2074	3.526e+00	4.133e-02	   0.713	   310.155
 329	165	 6.8053	 1.1221	   1.5124	        1.5094	          0.0030	   1.5124	        1.5094	     1.2073	3.539e+00	4.123e-02	   0.707	   310.862
 330	165	 6.8074	 1.1225	   1.5124	        1.5094	          0.0030	   1.5124	        1.5094	     1.2073	3.533e+00	4.134e-02	   0.678	   311.540
 331	166	 6.8028	 1.1225	   1.5124	        1.5094	          0.0030	   1.5124	        1.5094	     1.2073	3.567e+00	4.136e-02	   0.681	   312.221
 332	166	 6.8096	 1.1224	   1.5124	        1.5094	          0.0030	   1.5124	        1.5094	     1.2073	3.536e+00	4.133e-02	   0.631	   312.852
 333	167	 6.8114	 1.1226	   1.5124	        1.5094	          0.0030	   1.5124	        1.5094	     1.2073	3.539e+00	4.138e-02	   0.631	   313.483
 334	167	 6.8116	 1.1224	   1.5124	        1.5094	          0.0030	   1.5124	        1.5094	     1.2073	3.548e+00	4.133e-02	   0.624	   314.108
 335	168	 6.8195	 1.1225	   1.5124	        1.5094	          0.0030	   1.5124	        1.5094	     1.2073	3.541e+00	4.135e-02	   0.627	   314.735
 336	168	 6.8132	 1.1224	   1.5124	        1.5094	          0.0030	   1.5124	        1.5094	     1.2073	3.561e+00	4.133e-02	   0.626	   315.362
 337	169	 6.8110	 1.1229	   1.5124	        1.5094	          0.0030	   1.5124	        1.5094	     1.2073	3.554e+00	4.146e-02	   0.631	   315.993
 338	169	 6.8153	 1.1224	   1.5124	        1.5094	          0.0030	   1.5124	        1.5094	     1.2072	3.572e+00	4.133e-02	   0.635	   316.628
 339	170	 6.8050	 1.1217	   1.5124	        1.5094	          0.0029	   1.5124	        1.5094	     1.2071	3.576e+00	4.112e-02	   0.677	   317.305
 340	170	 6.8177	 1.1224	   1.5124	        1.5094	          0.0030	   1.5124	        1.5094	     1.2072	3.578e+00	4.133e-02	   0.708	   318.013
 341	171	 6.8104	 1.1216	   1.5124	        1.5094	          0.0029	   1.5124	        1.5094	     1.2071	3.577e+00	4.107e-02	   0.698	   318.711
 342	171	 6.8199	 1.1224	   1.5124	        1.5094	          0.0030	   1.5124	        1.5094	     1.2072	3.586e+00	4.133e-02	   0.686	   319.398
 343	172	 6.8319	 1.1217	   1.5124	        1.5094	          0.0030	   1.5124	        1.5094	     1.2072	3.587e+00	4.111e-02	   0.656	   320.055
 344	172	 6.8212	 1.1224	   1.5124	        1.5094	          0.0030	   1.5124	        1.5094	     1.2072	3.595e+00	4.133e-02	   0.624	   320.679
 345	173	 6.8204	 1.1230	   1.5124	        1.5094	          0.0030	   1.5124	        1.5094	     1.2072	3.597e+00	4.149e-02	   0.627	   321.306
 346	173	 6.8231	 1.1224	   1.5124	        1.5094	          0.0030	   1.5124	        1.5094	     1.2071	3.602e+00	4.133e-02	   0.626	   321.933
 347	174	 6.8201	 1.1215	   1.5124	        1.5094	          0.0029	   1.5124	        1.5094	     1.2071	3.615e+00	4.106e-02	   0.631	   322.564
 348	174	 6.8251	 1.1224	   1.5124	        1.5094	          0.0030	   1.5124	        1.5094	     1.2071	3.607e+00	4.133e-02	   0.631	   323.195
 349	175	 6.8314	 1.1237	   1.5125	        1.5094	          0.0030	   1.5125	        1.5094	     1.2072	3.609e+00	4.171e-02	   0.675	   323.870
 350	175	 6.8267	 1.1224	   1.5124	        1.5094	          0.0030	   1.5124	        1.5094	     1.2071	3.616e+00	4.133e-02	   0.681	   324.552
 351	176	 6.8329	 1.1217	   1.5124	        1.5094	          0.0030	   1.5124	        1.5094	     1.2071	3.645e+00	4.110e-02	   0.681	   325.233
 352	176	 6.8283	 1.1224	   1.5124	        1.5094	          0.0030	   1.5124	        1.5094	     1.2071	3.619e+00	4.133e-02	   0.631	   325.865
 353	177	 6.8189	 1.1225	   1.5124	        1.5094	          0.0030	   1.5124	        1.5094	     1.2070	3.632e+00	4.137e-02	   0.631	   326.496
 354	177	 6.8306	 1.1224	   1.5124	        1.5094	          0.0030	   1.5124	        1.5094	     1.2070	3.626e+00	4.133e-02	   0.624	   327.120
 355	178	 6.8355	 1.1230	   1.5124	        1.5094	          0.0030	   1.5124	        1.5094	     1.2071	3.608e+00	4.151e-02	   0.627	   327.747
 356	178	 6.8322	 1.1224	   1.5124	        1.5094	          0.0030	   1.5124	        1.5094	     1.2070	3.641e+00	4.132e-02	   0.626	   328.373
 357	179	 6.8335	 1.1221	   1.5124	        1.5094	          0.0030	   1.5124	        1.5094	     1.2070	3.648e+00	4.124e-02	   0.631	   329.004
 358	179	 6.8340	 1.1224	   1.5124	        1.5094	          0.0030	   1.5124	        1.5094	     1.2070	3.647e+00	4.132e-02	   0.631	   329.635
 359	180	 6.8348	 1.1222	   1.5124	        1.5094	          0.0030	   1.5124	        1.5094	     1.2070	3.669e+00	4.127e-02	   0.674	   330.309
 360	180	 6.8358	 1.1224	   1.5124	        1.5094	          0.0030	   1.5124	        1.5094	     1.2070	3.651e+00	4.132e-02	   0.697	   331.007
 361	181	 6.8321	 1.1224	   1.5124	        1.5094	          0.0030	   1.5124	        1.5094	     1.2069	3.637e+00	4.131e-02	   0.702	   331.709
 362	181	 6.8377	 1.1224	   1.5124	        1.5094	          0.0030	   1.5124	        1.5094	     1.2069	3.663e+00	4.132e-02	   0.655	   332.364
 363	182	 6.8417	 1.1222	   1.5124	        1.5094	          0.0030	   1.5124	        1.5094	     1.2069	3.669e+00	4.127e-02	   0.631	   332.995
 364	182	 6.8393	 1.1224	   1.5124	        1.5094	          0.0030	   1.5124	        1.5094	     1.2069	3.670e+00	4.132e-02	   0.624	   333.619
 365	183	 6.8337	 1.1223	   1.5124	        1.5094	          0.0030	   1.5124	        1.5094	     1.2069	3.671e+00	4.128e-02	   0.627	   334.247
 366	183	 6.8413	 1.1224	   1.5124	        1.5094	          0.0030	   1.5124	        1.5094	     1.2069	3.677e+00	4.132e-02	   0.626	   334.873
 367	184	 6.8445	 1.1227	   1.5124	        1.5094	          0.0030	   1.5124	        1.5094	     1.2069	3.695e+00	4.142e-02	   0.631	   335.504
 368	184	 6.8430	 1.1224	   1.5124	        1.5094	          0.0030	   1.5124	        1.5094	     1.2069	3.681e+00	4.132e-02	   0.631	   336.135
 369	185	 6.8404	 1.1227	   1.5124	        1.5094	          0.0030	   1.5124	        1.5094	     1.2069	3.678e+00	4.141e-02	   0.671	   336.807
 370	185	 6.8449	 1.1224	   1.5124	        1.5094	          0.0030	   1.5124	        1.5094	     1.2068	3.691e+00	4.131e-02	   0.663	   337.470
 371	186	 6.8379	 1.1226	   1.5124	        1.5094	          0.0030	   1.5124	        1.5094	     1.2068	3.732e+00	4.137e-02	   0.671	   338.141
 372	186	 6.8469	 1.1224	   1.5124	        1.5094	          0.0030	   1.5124	        1.5094	     1.2068	3.691e+00	4.131e-02	   0.631	   338.772
 373	187	 6.8515	 1.1221	   1.5124	        1.5094	          0.0030	   1.5124	        1.5094	     1.2068	3.697e+00	4.124e-02	   0.631	   339.403
 374	187	 6.8484	 1.1224	   1.5124	        1.5094	          0.0030	   1.5124	        1.5094	     1.2068	3.701e+00	4.131e-02	   0.624	   340.028
 375	188	 6.8521	 1.1221	   1.5124	        1.5094	          0.0030	   1.5124	        1.5094	     1.2068	3.701e+00	4.123e-02	   0.627	   340.655
 376	188	 6.8500	 1.1224	   1.5124	        1.5094	          0.0030	   1.5124	        1.5094	     1.2068	3.712e+00	4.131e-02	   0.626	   341.281
 377	189	 6.8512	 1.1225	   1.5124	        1.5094	          0.0030	   1.5124	        1.5094	     1.2068	3.710e+00	4.137e-02	   0.649	   341.930
 378	189	 6.8516	 1.1224	   1.5124	        1.5094	          0.0030	   1.5124	        1.5094	     1.2068	3.721e+00	4.131e-02	   0.688	   342.619
 379	190	 6.8559	 1.1222	   1.5124	        1.5094	          0.0030	   1.5124	        1.5094	     1.2068	3.740e+00	4.125e-02	   0.719	   343.338
 380	190	 6.8531	 1.1224	   1.5124	        1.5094	          0.0030	   1.5124	        1.5094	     1.2067	3.725e+00	4.131e-02	   0.750	   344.088
 381	191	 6.8516	 1.1223	   1.5124	        1.5094	          0.0030	   1.5124	        1.5094	     1.2067	3.720e+00	4.128e-02	   0.748	   344.836
 382	191	 6.8548	 1.1223	   1.5124	        1.5094	          0.0030	   1.5124	        1.5094	     1.2067	3.735e+00	4.131e-02	   0.725	   345.561
 383	192	 6.8529	 1.1223	   1.5124	        1.5094	          0.0030	   1.5124	        1.5094	     1.2067	3.737e+00	4.128e-02	   0.688	   346.250
 384	192	 6.8566	 1.1223	   1.5124	        1.5094	          0.0030	   1.5124	        1.5094	     1.2067	3.742e+00	4.131e-02	   0.654	   346.904
 385	193	 6.8568	 1.1223	   1.5124	        1.5094	          0.0030	   1.5124	        1.5094	     1.2067	3.743e+00	4.129e-02	   0.627	   347.531
 386	193	 6.8582	 1.1223	   1.5124	        1.5094	          0.0030	   1.5124	        1.5094	     1.2067	3.750e+00	4.130e-02	   0.626	   348.157
 387	194	 6.8570	 1.1228	   1.5124	        1.5094	          0.0030	   1.5124	        1.5094	     1.2067	3.750e+00	4.145e-02	   0.631	   348.788
 388	194	 6.8599	 1.1223	   1.5124	        1.5094	          0.0030	   1.5124	        1.5094	     1.2067	3.757e+00	4.130e-02	   0.660	   349.448
 389	195	 6.8608	 1.1226	   1.5124	        1.5094	          0.0030	   1.5124	        1.5094	     1.2067	3.751e+00	4.138e-02	   0.668	   350.117
 390	195	 6.8616	 1.1223	   1.5124	        1.5094	          0.0030	   1.5124	        1.5094	     1.2066	3.766e+00	4.130e-02	   0.670	   350.787
 391	196	 6.8622	 1.1226	   1.5124	        1.5094	          0.0030	   1.5124	        1.5094	     1.2066	3.774e+00	4.137e-02	   0.669	   351.457
 392	196	 6.8632	 1.1223	   1.5124	        1.5094	          0.0030	   1.5124	        1.5094	     1.2066	3.771e+00	4.130e-02	   0.633	   352.090
 393	197	 6.8748	 1.1223	   1.5124	        1.5094	          0.0030	   1.5124	        1.5094	     1.2067	3.793e+00	4.131e-02	   0.631	   352.721
 394	197	 6.8643	 1.1223	   1.5124	        1.5094	          0.0030	   1.5124	        1.5094	     1.2066	3.774e+00	4.130e-02	   0.624	   353.345
 395	198	 6.8603	 1.1229	   1.5125	        1.5094	          0.0030	   1.5125	        1.5094	     1.2066	3.778e+00	4.148e-02	   0.627	   353.972
 396	198	 6.8661	 1.1223	   1.5124	        1.5094	          0.0030	   1.5124	        1.5094	     1.2066	3.782e+00	4.130e-02	   0.626	   354.599
 397	199	 6.8623	 1.1220	   1.5124	        1.5094	          0.0030	   1.5124	        1.5094	     1.2065	3.770e+00	4.120e-02	   0.631	   355.230
 398	199	 6.8680	 1.1223	   1.5124	        1.5094	          0.0030	   1.5124	        1.5094	     1.2065	3.793e+00	4.129e-02	   0.631	   355.861
 399	200	 6.8733	 1.1222	   1.5124	        1.5094	          0.0030	   1.5124	        1.5094	     1.2066	3.771e+00	4.127e-02	   0.652	   356.514
 400	200	 6.8694	 1.1223	   1.5124	        1.5094	          0.0030	   1.5124	        1.5094	     1.2065	3.804e+00	4.129e-02	   0.694	   357.207

[SCGD] Finished on device cuda -> σ_f² ≈ 6.8694, σ_ε² ≈ 1.1223
