[GPU 7][JOB 232] 'python cli.py scgd --n 1024 --lengthscale 0.5 --sigma-f2-true 4.0 --sigma-eps2-true 1.0 --n-epochs 200 --device auto --kernel-mode finite --a0 1e-3 --a-decay 0.75 --w-init-scale 0.1 --num-features 128 --print-every 1 --seed 1 --batch-size 1024 --b0 0.9 --b-decay 0.25 --decay-start-epoch 25 --sigma-f2-init 5.0 --sigma-eps2-init 3.0 '

=== SCGD + ORF (TMLR Algorithm 2) ===
iter	epoch	σ_f²	σ_ε²	real_nlml	real_nlml_true	real_nlml_abs_err	orf_nlml	orf_nlml_true	approx_nlml	|F~ - F|/|F|	||grad||	duration_s	wall_time_s
   1	 1	 0.8679	 3.0448	   1.7102	        1.5046	          0.2056	   1.7102	        1.5046	     2.1330	4.470e+00	1.043e-01	   1.499	     1.547
   2	 2	 0.9009	 3.0443	   1.7096	        1.5046	          0.2050	   1.7096	        1.5046	     2.0946	4.931e-01	1.042e-01	   0.938	     2.485
   3	 3	 0.9391	 3.0291	   1.7074	        1.5046	          0.2028	   1.7074	        1.5046	     2.0572	1.057e-01	1.043e-01	   0.994	     3.480
   4	 4	 0.9894	 3.0020	   1.7039	        1.5046	          0.1993	   1.7039	        1.5046	     2.0195	5.859e-02	1.046e-01	   1.000	     4.480
   5	 5	 1.0577	 2.9643	   1.6992	        1.5046	          0.1945	   1.6992	        1.5046	     1.9805	4.033e-02	1.051e-01	   1.009	     5.490
   6	 6	 1.1471	 2.9163	   1.6932	        1.5046	          0.1886	   1.6932	        1.5046	     1.9392	2.543e-02	1.059e-01	   0.998	     6.489
   7	 7	 1.2616	 2.8579	   1.6861	        1.5046	          0.1815	   1.6861	        1.5046	     1.8950	1.392e-02	1.068e-01	   1.002	     7.491
   8	 8	 1.4057	 2.7886	   1.6778	        1.5046	          0.1732	   1.6778	        1.5046	     1.8475	1.376e-02	1.080e-01	   1.034	     8.526
   9	 9	 1.5842	 2.7078	   1.6684	        1.5046	          0.1637	   1.6684	        1.5046	     1.7967	2.284e-02	1.093e-01	   1.014	     9.540
  10	10	 1.8009	 2.6149	   1.6576	        1.5046	          0.1530	   1.6576	        1.5046	     1.7433	3.156e-02	1.108e-01	   1.025	    10.566
  11	11	 2.0560	 2.5096	   1.6456	        1.5046	          0.1410	   1.6456	        1.5046	     1.6886	3.652e-02	1.124e-01	   1.024	    11.591
  12	12	 2.3430	 2.3923	   1.6324	        1.5046	          0.1278	   1.6324	        1.5046	     1.6346	3.556e-02	1.139e-01	   1.003	    12.594
  13	13	 2.6459	 2.2642	   1.6179	        1.5046	          0.1133	   1.6179	        1.5046	     1.5833	2.721e-02	1.153e-01	   1.000	    13.595
  14	14	 2.9407	 2.1282	   1.6025	        1.5046	          0.0979	   1.6025	        1.5046	     1.5358	1.202e-02	1.161e-01	   1.002	    14.597
  15	15	 3.2046	 1.9879	   1.5866	        1.5046	          0.0820	   1.5866	        1.5046	     1.4924	1.131e-02	1.160e-01	   1.009	    15.606
  16	16	 3.4268	 1.8479	   1.5708	        1.5046	          0.0662	   1.5708	        1.5046	     1.4525	3.127e-02	1.146e-01	   1.003	    16.609
  17	17	 3.6120	 1.7131	   1.5559	        1.5046	          0.0513	   1.5559	        1.5046	     1.4161	4.776e-02	1.113e-01	   0.997	    17.607
  18	18	 3.7729	 1.5886	   1.5427	        1.5046	          0.0381	   1.5427	        1.5046	     1.3836	5.866e-02	1.057e-01	   1.050	    18.657
  19	19	 3.9203	 1.4792	   1.5318	        1.5046	          0.0272	   1.5318	        1.5046	     1.3556	6.507e-02	9.793e-02	   1.074	    19.732
  20	20	 4.0603	 1.3885	   1.5236	        1.5046	          0.0190	   1.5236	        1.5046	     1.3320	6.901e-02	8.858e-02	   1.069	    20.801
  21	21	 4.1946	 1.3180	   1.5179	        1.5046	          0.0133	   1.5179	        1.5046	     1.3124	7.197e-02	7.883e-02	   1.036	    21.837
  22	22	 4.3229	 1.2657	   1.5143	        1.5046	          0.0097	   1.5143	        1.5046	     1.2961	7.471e-02	6.982e-02	   1.030	    22.867
  23	23	 4.4445	 1.2279	   1.5120	        1.5046	          0.0074	   1.5120	        1.5046	     1.2825	7.747e-02	6.215e-02	   1.002	    23.870
  24	24	 4.5586	 1.2001	   1.5106	        1.5046	          0.0060	   1.5106	        1.5046	     1.2709	8.026e-02	5.582e-02	   1.001	    24.871
  25	25	 4.6645	 1.1791	   1.5097	        1.5046	          0.0051	   1.5097	        1.5046	     1.2611	8.304e-02	5.060e-02	   1.012	    25.883
  26	26	 4.7222	 1.1694	   1.5093	        1.5046	          0.0047	   1.5093	        1.5046	     1.2561	2.481e-01	4.802e-02	   1.000	    26.884
  27	27	 4.7731	 1.1664	   1.5093	        1.5046	          0.0047	   1.5093	        1.5046	     1.2527	3.798e-01	4.723e-02	   0.997	    27.881
  28	28	 4.8149	 1.1654	   1.5093	        1.5046	          0.0047	   1.5093	        1.5046	     1.2502	4.887e-01	4.696e-02	   1.008	    28.890
  29	29	 4.8502	 1.1651	   1.5094	        1.5046	          0.0048	   1.5094	        1.5046	     1.2482	5.811e-01	4.688e-02	   1.041	    29.931
  30	30	 4.8809	 1.1651	   1.5094	        1.5046	          0.0048	   1.5094	        1.5046	     1.2466	6.614e-01	4.687e-02	   1.017	    30.948
  31	31	 4.9081	 1.1652	   1.5095	        1.5046	          0.0049	   1.5095	        1.5046	     1.2451	7.326e-01	4.689e-02	   1.011	    31.960
  32	32	 4.9324	 1.1653	   1.5095	        1.5046	          0.0049	   1.5095	        1.5046	     1.2439	7.965e-01	4.693e-02	   1.025	    32.986
  33	33	 4.9545	 1.1654	   1.5096	        1.5046	          0.0050	   1.5096	        1.5046	     1.2428	8.547e-01	4.697e-02	   0.995	    33.981
  34	34	 4.9748	 1.1656	   1.5096	        1.5046	          0.0050	   1.5096	        1.5046	     1.2418	9.083e-01	4.700e-02	   1.008	    34.990
  35	35	 4.9936	 1.1657	   1.5097	        1.5046	          0.0051	   1.5097	        1.5046	     1.2410	9.579e-01	4.703e-02	   1.007	    35.998
  36	36	 5.0110	 1.1658	   1.5097	        1.5046	          0.0051	   1.5097	        1.5046	     1.2402	1.004e+00	4.706e-02	   1.003	    37.001
  37	37	 5.0273	 1.1659	   1.5098	        1.5046	          0.0052	   1.5098	        1.5046	     1.2394	1.048e+00	4.708e-02	   1.062	    38.063
  38	38	 5.0426	 1.1659	   1.5098	        1.5046	          0.0052	   1.5098	        1.5046	     1.2387	1.089e+00	4.710e-02	   1.106	    39.170
  39	39	 5.0571	 1.1660	   1.5098	        1.5046	          0.0052	   1.5098	        1.5046	     1.2381	1.127e+00	4.712e-02	   1.119	    40.289
  40	40	 5.0708	 1.1660	   1.5099	        1.5046	          0.0052	   1.5099	        1.5046	     1.2375	1.164e+00	4.713e-02	   1.072	    41.361
  41	41	 5.0838	 1.1661	   1.5099	        1.5046	          0.0053	   1.5099	        1.5046	     1.2369	1.199e+00	4.714e-02	   1.042	    42.404
  42	42	 5.0962	 1.1661	   1.5099	        1.5046	          0.0053	   1.5099	        1.5046	     1.2364	1.233e+00	4.715e-02	   1.032	    43.437
  43	43	 5.1081	 1.1661	   1.5099	        1.5046	          0.0053	   1.5099	        1.5046	     1.2359	1.265e+00	4.715e-02	   1.013	    44.450
  44	44	 5.1194	 1.1661	   1.5100	        1.5046	          0.0054	   1.5100	        1.5046	     1.2354	1.296e+00	4.716e-02	   1.003	    45.453
  45	45	 5.1303	 1.1661	   1.5100	        1.5046	          0.0054	   1.5100	        1.5046	     1.2350	1.326e+00	4.716e-02	   1.007	    46.461
  46	46	 5.1408	 1.1661	   1.5100	        1.5046	          0.0054	   1.5100	        1.5046	     1.2346	1.355e+00	4.715e-02	   1.001	    47.462
  47	47	 5.1509	 1.1661	   1.5100	        1.5046	          0.0054	   1.5100	        1.5046	     1.2342	1.382e+00	4.715e-02	   0.998	    48.460
  48	48	 5.1606	 1.1661	   1.5100	        1.5046	          0.0054	   1.5100	        1.5046	     1.2338	1.409e+00	4.715e-02	   1.003	    49.463
  49	49	 5.1699	 1.1661	   1.5101	        1.5046	          0.0054	   1.5101	        1.5046	     1.2334	1.435e+00	4.714e-02	   1.049	    50.512
  50	50	 5.1790	 1.1660	   1.5101	        1.5046	          0.0055	   1.5101	        1.5046	     1.2331	1.460e+00	4.713e-02	   1.006	    51.518
  51	51	 5.1878	 1.1660	   1.5101	        1.5046	          0.0055	   1.5101	        1.5046	     1.2327	1.485e+00	4.712e-02	   1.023	    52.541
  52	52	 5.1963	 1.1660	   1.5101	        1.5046	          0.0055	   1.5101	        1.5046	     1.2324	1.508e+00	4.712e-02	   1.023	    53.564
  53	53	 5.2046	 1.1659	   1.5101	        1.5046	          0.0055	   1.5101	        1.5046	     1.2321	1.532e+00	4.711e-02	   1.002	    54.567
  54	54	 5.2126	 1.1659	   1.5101	        1.5046	          0.0055	   1.5101	        1.5046	     1.2318	1.554e+00	4.710e-02	   0.999	    55.567
  55	55	 5.2204	 1.1659	   1.5101	        1.5046	          0.0055	   1.5101	        1.5046	     1.2315	1.576e+00	4.708e-02	   1.012	    56.579
  56	56	 5.2280	 1.1658	   1.5102	        1.5046	          0.0056	   1.5102	        1.5046	     1.2312	1.598e+00	4.707e-02	   0.996	    57.575
  57	57	 5.2354	 1.1658	   1.5102	        1.5046	          0.0056	   1.5102	        1.5046	     1.2309	1.618e+00	4.706e-02	   1.004	    58.580
  58	58	 5.2426	 1.1657	   1.5102	        1.5046	          0.0056	   1.5102	        1.5046	     1.2307	1.639e+00	4.705e-02	   1.019	    59.600
  59	59	 5.2496	 1.1657	   1.5102	        1.5046	          0.0056	   1.5102	        1.5046	     1.2304	1.659e+00	4.703e-02	   1.116	    60.716
  60	60	 5.2565	 1.1656	   1.5102	        1.5046	          0.0056	   1.5102	        1.5046	     1.2302	1.678e+00	4.702e-02	   1.041	    61.758
  61	61	 5.2632	 1.1656	   1.5102	        1.5046	          0.0056	   1.5102	        1.5046	     1.2299	1.698e+00	4.701e-02	   1.039	    62.798
  62	62	 5.2697	 1.1655	   1.5102	        1.5046	          0.0056	   1.5102	        1.5046	     1.2297	1.716e+00	4.699e-02	   1.040	    63.838
  63	63	 5.2761	 1.1655	   1.5102	        1.5046	          0.0056	   1.5102	        1.5046	     1.2295	1.735e+00	4.698e-02	   1.012	    64.851
  64	64	 5.2824	 1.1654	   1.5102	        1.5046	          0.0056	   1.5102	        1.5046	     1.2292	1.753e+00	4.696e-02	   1.005	    65.856
  65	65	 5.2885	 1.1654	   1.5103	        1.5046	          0.0057	   1.5103	        1.5046	     1.2290	1.771e+00	4.695e-02	   1.008	    66.864
  66	66	 5.2945	 1.1653	   1.5103	        1.5046	          0.0057	   1.5103	        1.5046	     1.2288	1.788e+00	4.693e-02	   1.002	    67.867
  67	67	 5.3004	 1.1652	   1.5103	        1.5046	          0.0057	   1.5103	        1.5046	     1.2286	1.805e+00	4.692e-02	   1.001	    68.868
  68	68	 5.3061	 1.1652	   1.5103	        1.5046	          0.0057	   1.5103	        1.5046	     1.2284	1.822e+00	4.690e-02	   0.997	    69.865
  69	69	 5.3118	 1.1651	   1.5103	        1.5046	          0.0057	   1.5103	        1.5046	     1.2282	1.838e+00	4.689e-02	   1.045	    70.911
  70	70	 5.3173	 1.1651	   1.5103	        1.5046	          0.0057	   1.5103	        1.5046	     1.2280	1.854e+00	4.687e-02	   1.013	    71.924
  71	71	 5.3228	 1.1650	   1.5103	        1.5046	          0.0057	   1.5103	        1.5046	     1.2278	1.870e+00	4.686e-02	   1.024	    72.948
  72	72	 5.3281	 1.1650	   1.5103	        1.5046	          0.0057	   1.5103	        1.5046	     1.2276	1.886e+00	4.684e-02	   1.022	    73.970
  73	73	 5.3334	 1.1649	   1.5103	        1.5046	          0.0057	   1.5103	        1.5046	     1.2275	1.901e+00	4.683e-02	   0.999	    74.969
  74	74	 5.3385	 1.1649	   1.5103	        1.5046	          0.0057	   1.5103	        1.5046	     1.2273	1.917e+00	4.681e-02	   1.003	    75.972
  75	75	 5.3436	 1.1648	   1.5103	        1.5046	          0.0057	   1.5103	        1.5046	     1.2271	1.932e+00	4.680e-02	   1.042	    77.014
  76	76	 5.3486	 1.1647	   1.5103	        1.5046	          0.0057	   1.5103	        1.5046	     1.2270	1.946e+00	4.678e-02	   1.148	    78.163
  77	77	 5.3535	 1.1647	   1.5104	        1.5046	          0.0057	   1.5104	        1.5046	     1.2268	1.961e+00	4.677e-02	   1.115	    79.278
  78	78	 5.3583	 1.1646	   1.5104	        1.5046	          0.0058	   1.5104	        1.5046	     1.2266	1.975e+00	4.675e-02	   1.112	    80.391
  79	79	 5.3630	 1.1646	   1.5104	        1.5046	          0.0058	   1.5104	        1.5046	     1.2265	1.989e+00	4.673e-02	   1.090	    81.482
  80	80	 5.3677	 1.1645	   1.5104	        1.5046	          0.0058	   1.5104	        1.5046	     1.2263	2.003e+00	4.672e-02	   1.056	    82.539
  81	81	 5.3723	 1.1645	   1.5104	        1.5046	          0.0058	   1.5104	        1.5046	     1.2262	2.017e+00	4.670e-02	   1.030	    83.569
  82	82	 5.3768	 1.1644	   1.5104	        1.5046	          0.0058	   1.5104	        1.5046	     1.2260	2.030e+00	4.669e-02	   1.050	    84.619
  83	83	 5.3813	 1.1643	   1.5104	        1.5046	          0.0058	   1.5104	        1.5046	     1.2259	2.044e+00	4.667e-02	   1.013	    85.632
  84	84	 5.3857	 1.1643	   1.5104	        1.5046	          0.0058	   1.5104	        1.5046	     1.2257	2.057e+00	4.666e-02	   1.004	    86.637
  85	85	 5.3900	 1.1642	   1.5104	        1.5046	          0.0058	   1.5104	        1.5046	     1.2256	2.070e+00	4.664e-02	   1.012	    87.649
  86	86	 5.3943	 1.1642	   1.5104	        1.5046	          0.0058	   1.5104	        1.5046	     1.2255	2.083e+00	4.663e-02	   0.997	    88.647
  87	87	 5.3985	 1.1641	   1.5104	        1.5046	          0.0058	   1.5104	        1.5046	     1.2253	2.096e+00	4.661e-02	   1.000	    89.647
  88	88	 5.4027	 1.1641	   1.5104	        1.5046	          0.0058	   1.5104	        1.5046	     1.2252	2.108e+00	4.660e-02	   1.000	    90.647
  89	89	 5.4068	 1.1640	   1.5104	        1.5046	          0.0058	   1.5104	        1.5046	     1.2251	2.121e+00	4.658e-02	   1.041	    91.688
  90	90	 5.4108	 1.1640	   1.5104	        1.5046	          0.0058	   1.5104	        1.5046	     1.2249	2.133e+00	4.657e-02	   1.016	    92.707
  91	91	 5.4148	 1.1639	   1.5104	        1.5046	          0.0058	   1.5104	        1.5046	     1.2248	2.145e+00	4.655e-02	   1.020	    93.728
  92	92	 5.4187	 1.1638	   1.5104	        1.5046	          0.0058	   1.5104	        1.5046	     1.2247	2.157e+00	4.654e-02	   1.019	    94.748
  93	93	 5.4226	 1.1638	   1.5105	        1.5046	          0.0058	   1.5105	        1.5046	     1.2246	2.169e+00	4.652e-02	   1.002	    95.750
  94	94	 5.4264	 1.1637	   1.5105	        1.5046	          0.0059	   1.5105	        1.5046	     1.2245	2.181e+00	4.651e-02	   1.007	    96.757
  95	95	 5.4302	 1.1637	   1.5105	        1.5046	          0.0059	   1.5105	        1.5046	     1.2243	2.192e+00	4.649e-02	   1.009	    97.767
  96	96	 5.4340	 1.1636	   1.5105	        1.5046	          0.0059	   1.5105	        1.5046	     1.2242	2.204e+00	4.648e-02	   0.997	    98.764
  97	97	 5.4377	 1.1636	   1.5105	        1.5046	          0.0059	   1.5105	        1.5046	     1.2241	2.215e+00	4.646e-02	   1.000	    99.765
  98	98	 5.4413	 1.1635	   1.5105	        1.5046	          0.0059	   1.5105	        1.5046	     1.2240	2.226e+00	4.645e-02	   1.047	   100.812
  99	99	 5.4449	 1.1635	   1.5105	        1.5046	          0.0059	   1.5105	        1.5046	     1.2239	2.238e+00	4.643e-02	   1.067	   101.880
 100	100	 5.4485	 1.1634	   1.5105	        1.5046	          0.0059	   1.5105	        1.5046	     1.2238	2.249e+00	4.642e-02	   1.054	   102.934
 101	101	 5.4520	 1.1634	   1.5105	        1.5046	          0.0059	   1.5105	        1.5046	     1.2237	2.259e+00	4.641e-02	   1.034	   103.968
 102	102	 5.4555	 1.1633	   1.5105	        1.5046	          0.0059	   1.5105	        1.5046	     1.2236	2.270e+00	4.639e-02	   1.043	   105.013
 103	103	 5.4590	 1.1633	   1.5105	        1.5046	          0.0059	   1.5105	        1.5046	     1.2235	2.281e+00	4.638e-02	   1.026	   106.039
 104	104	 5.4624	 1.1632	   1.5105	        1.5046	          0.0059	   1.5105	        1.5046	     1.2234	2.292e+00	4.636e-02	   1.003	   107.042
 105	105	 5.4658	 1.1632	   1.5105	        1.5046	          0.0059	   1.5105	        1.5046	     1.2233	2.302e+00	4.635e-02	   1.009	   108.051
 106	106	 5.4691	 1.1631	   1.5105	        1.5046	          0.0059	   1.5105	        1.5046	     1.2232	2.312e+00	4.634e-02	   0.998	   109.050
 107	107	 5.4724	 1.1631	   1.5105	        1.5046	          0.0059	   1.5105	        1.5046	     1.2231	2.323e+00	4.632e-02	   1.001	   110.051
 108	108	 5.4757	 1.1630	   1.5105	        1.5046	          0.0059	   1.5105	        1.5046	     1.2230	2.333e+00	4.631e-02	   1.003	   111.054
 109	109	 5.4789	 1.1630	   1.5105	        1.5046	          0.0059	   1.5105	        1.5046	     1.2229	2.343e+00	4.629e-02	   1.028	   112.082
 110	110	 5.4821	 1.1629	   1.5105	        1.5046	          0.0059	   1.5105	        1.5046	     1.2228	2.353e+00	4.628e-02	   1.028	   113.110
 111	111	 5.4853	 1.1629	   1.5105	        1.5046	          0.0059	   1.5105	        1.5046	     1.2227	2.363e+00	4.627e-02	   1.022	   114.132
 112	112	 5.4884	 1.1628	   1.5105	        1.5046	          0.0059	   1.5105	        1.5046	     1.2226	2.373e+00	4.625e-02	   1.015	   115.147
 113	113	 5.4915	 1.1628	   1.5105	        1.5046	          0.0059	   1.5105	        1.5046	     1.2225	2.383e+00	4.624e-02	   1.011	   116.158
 114	114	 5.4946	 1.1627	   1.5105	        1.5046	          0.0059	   1.5105	        1.5046	     1.2224	2.392e+00	4.623e-02	   1.034	   117.192
 115	115	 5.4976	 1.1627	   1.5105	        1.5046	          0.0059	   1.5105	        1.5046	     1.2223	2.402e+00	4.621e-02	   1.102	   118.294
 116	116	 5.5006	 1.1626	   1.5106	        1.5046	          0.0059	   1.5106	        1.5046	     1.2222	2.411e+00	4.620e-02	   1.016	   119.310
 117	117	 5.5036	 1.1626	   1.5106	        1.5046	          0.0059	   1.5106	        1.5046	     1.2221	2.421e+00	4.619e-02	   1.053	   120.364
 118	118	 5.5066	 1.1625	   1.5106	        1.5046	          0.0060	   1.5106	        1.5046	     1.2221	2.430e+00	4.618e-02	   1.021	   121.385
 119	119	 5.5095	 1.1625	   1.5106	        1.5046	          0.0060	   1.5106	        1.5046	     1.2220	2.440e+00	4.616e-02	   1.064	   122.449
 120	120	 5.5124	 1.1624	   1.5106	        1.5046	          0.0060	   1.5106	        1.5046	     1.2219	2.449e+00	4.615e-02	   1.056	   123.505
 121	121	 5.5153	 1.1624	   1.5106	        1.5046	          0.0060	   1.5106	        1.5046	     1.2218	2.458e+00	4.614e-02	   1.041	   124.546
 122	122	 5.5181	 1.1623	   1.5106	        1.5046	          0.0060	   1.5106	        1.5046	     1.2217	2.467e+00	4.612e-02	   1.045	   125.592
 123	123	 5.5210	 1.1623	   1.5106	        1.5046	          0.0060	   1.5106	        1.5046	     1.2216	2.476e+00	4.611e-02	   1.022	   126.614
 124	124	 5.5238	 1.1622	   1.5106	        1.5046	          0.0060	   1.5106	        1.5046	     1.2216	2.485e+00	4.610e-02	   1.009	   127.624
 125	125	 5.5265	 1.1622	   1.5106	        1.5046	          0.0060	   1.5106	        1.5046	     1.2215	2.494e+00	4.609e-02	   1.004	   128.628
 126	126	 5.5293	 1.1622	   1.5106	        1.5046	          0.0060	   1.5106	        1.5046	     1.2214	2.503e+00	4.607e-02	   1.006	   129.634
 127	127	 5.5320	 1.1621	   1.5106	        1.5046	          0.0060	   1.5106	        1.5046	     1.2213	2.511e+00	4.606e-02	   0.997	   130.631
 128	128	 5.5347	 1.1621	   1.5106	        1.5046	          0.0060	   1.5106	        1.5046	     1.2213	2.520e+00	4.605e-02	   1.001	   131.632
 129	129	 5.5374	 1.1620	   1.5106	        1.5046	          0.0060	   1.5106	        1.5046	     1.2212	2.529e+00	4.604e-02	   1.024	   132.656
 130	130	 5.5400	 1.1620	   1.5106	        1.5046	          0.0060	   1.5106	        1.5046	     1.2211	2.537e+00	4.602e-02	   1.032	   133.688
 131	131	 5.5427	 1.1619	   1.5106	        1.5046	          0.0060	   1.5106	        1.5046	     1.2210	2.546e+00	4.601e-02	   1.024	   134.712
 132	132	 5.5453	 1.1619	   1.5106	        1.5046	          0.0060	   1.5106	        1.5046	     1.2210	2.554e+00	4.600e-02	   1.003	   135.715
 133	133	 5.5479	 1.1619	   1.5106	        1.5046	          0.0060	   1.5106	        1.5046	     1.2209	2.563e+00	4.599e-02	   1.018	   136.733
 134	134	 5.5505	 1.1618	   1.5106	        1.5046	          0.0060	   1.5106	        1.5046	     1.2208	2.571e+00	4.598e-02	   1.001	   137.738
 135	135	 5.5530	 1.1618	   1.5106	        1.5046	          0.0060	   1.5106	        1.5046	     1.2207	2.579e+00	4.597e-02	   1.011	   138.749
 136	136	 5.5555	 1.1617	   1.5106	        1.5046	          0.0060	   1.5106	        1.5046	     1.2207	2.587e+00	4.595e-02	   1.003	   139.753
 137	137	 5.5580	 1.1617	   1.5106	        1.5046	          0.0060	   1.5106	        1.5046	     1.2206	2.595e+00	4.594e-02	   1.033	   140.786
 138	138	 5.5605	 1.1616	   1.5106	        1.5046	          0.0060	   1.5106	        1.5046	     1.2205	2.604e+00	4.593e-02	   1.001	   141.788
 139	139	 5.5630	 1.1616	   1.5106	        1.5046	          0.0060	   1.5106	        1.5046	     1.2205	2.612e+00	4.592e-02	   1.056	   142.844
 140	140	 5.5655	 1.1616	   1.5106	        1.5046	          0.0060	   1.5106	        1.5046	     1.2204	2.620e+00	4.591e-02	   1.064	   143.908
 141	141	 5.5679	 1.1615	   1.5106	        1.5046	          0.0060	   1.5106	        1.5046	     1.2203	2.627e+00	4.590e-02	   1.039	   144.947
 142	142	 5.5703	 1.1615	   1.5106	        1.5046	          0.0060	   1.5106	        1.5046	     1.2203	2.635e+00	4.588e-02	   1.038	   145.986
 143	143	 5.5727	 1.1614	   1.5106	        1.5046	          0.0060	   1.5106	        1.5046	     1.2202	2.643e+00	4.587e-02	   1.033	   147.019
 144	144	 5.5751	 1.1614	   1.5106	        1.5046	          0.0060	   1.5106	        1.5046	     1.2201	2.651e+00	4.586e-02	   1.005	   148.024
 145	145	 5.5774	 1.1614	   1.5106	        1.5046	          0.0060	   1.5106	        1.5046	     1.2201	2.659e+00	4.585e-02	   1.011	   149.036
 146	146	 5.5798	 1.1613	   1.5106	        1.5046	          0.0060	   1.5106	        1.5046	     1.2200	2.666e+00	4.584e-02	   0.996	   150.031
 147	147	 5.5821	 1.1613	   1.5107	        1.5046	          0.0060	   1.5107	        1.5046	     1.2199	2.674e+00	4.583e-02	   1.003	   151.035
 148	148	 5.5844	 1.1612	   1.5107	        1.5046	          0.0060	   1.5107	        1.5046	     1.2199	2.682e+00	4.582e-02	   0.996	   152.031
 149	149	 5.5867	 1.1612	   1.5107	        1.5046	          0.0061	   1.5107	        1.5046	     1.2198	2.689e+00	4.581e-02	   1.024	   153.055
 150	150	 5.5890	 1.1612	   1.5107	        1.5046	          0.0061	   1.5107	        1.5046	     1.2198	2.697e+00	4.580e-02	   1.036	   154.092
 151	151	 5.5913	 1.1611	   1.5107	        1.5046	          0.0061	   1.5107	        1.5046	     1.2197	2.704e+00	4.578e-02	   1.015	   155.107
 152	152	 5.5935	 1.1611	   1.5107	        1.5046	          0.0061	   1.5107	        1.5046	     1.2196	2.711e+00	4.577e-02	   1.102	   156.210
 153	153	 5.5957	 1.1610	   1.5107	        1.5046	          0.0061	   1.5107	        1.5046	     1.2196	2.719e+00	4.576e-02	   1.182	   157.393
 154	154	 5.5979	 1.1610	   1.5107	        1.5046	          0.0061	   1.5107	        1.5046	     1.2195	2.726e+00	4.575e-02	   1.096	   158.489
 155	155	 5.6001	 1.1610	   1.5107	        1.5046	          0.0061	   1.5107	        1.5046	     1.2195	2.733e+00	4.574e-02	   1.043	   159.533
 156	156	 5.6023	 1.1609	   1.5107	        1.5046	          0.0061	   1.5107	        1.5046	     1.2194	2.741e+00	4.573e-02	   1.047	   160.580
 157	157	 5.6045	 1.1609	   1.5107	        1.5046	          0.0061	   1.5107	        1.5046	     1.2193	2.748e+00	4.572e-02	   1.020	   161.601
 158	158	 5.6066	 1.1608	   1.5107	        1.5046	          0.0061	   1.5107	        1.5046	     1.2193	2.755e+00	4.571e-02	   1.001	   162.602
 159	159	 5.6088	 1.1608	   1.5107	        1.5046	          0.0061	   1.5107	        1.5046	     1.2192	2.762e+00	4.570e-02	   1.048	   163.651
 160	160	 5.6109	 1.1608	   1.5107	        1.5046	          0.0061	   1.5107	        1.5046	     1.2192	2.769e+00	4.569e-02	   1.062	   164.713
 161	161	 5.6130	 1.1607	   1.5107	        1.5046	          0.0061	   1.5107	        1.5046	     1.2191	2.776e+00	4.568e-02	   1.041	   165.754
 162	162	 5.6151	 1.1607	   1.5107	        1.5046	          0.0061	   1.5107	        1.5046	     1.2191	2.783e+00	4.567e-02	   1.040	   166.794
 163	163	 5.6172	 1.1607	   1.5107	        1.5046	          0.0061	   1.5107	        1.5046	     1.2190	2.790e+00	4.566e-02	   1.038	   167.832
 164	164	 5.6193	 1.1606	   1.5107	        1.5046	          0.0061	   1.5107	        1.5046	     1.2190	2.797e+00	4.565e-02	   1.010	   168.843
 165	165	 5.6213	 1.1606	   1.5107	        1.5046	          0.0061	   1.5107	        1.5046	     1.2189	2.804e+00	4.564e-02	   1.006	   169.849
 166	166	 5.6234	 1.1606	   1.5107	        1.5046	          0.0061	   1.5107	        1.5046	     1.2188	2.811e+00	4.563e-02	   0.999	   170.848
 167	167	 5.6254	 1.1605	   1.5107	        1.5046	          0.0061	   1.5107	        1.5046	     1.2188	2.818e+00	4.562e-02	   1.000	   171.848
 168	168	 5.6274	 1.1605	   1.5107	        1.5046	          0.0061	   1.5107	        1.5046	     1.2187	2.824e+00	4.561e-02	   1.004	   172.853
 169	169	 5.6295	 1.1604	   1.5107	        1.5046	          0.0061	   1.5107	        1.5046	     1.2187	2.831e+00	4.560e-02	   1.006	   173.859
 170	170	 5.6314	 1.1604	   1.5107	        1.5046	          0.0061	   1.5107	        1.5046	     1.2186	2.838e+00	4.559e-02	   1.050	   174.909
 171	171	 5.6334	 1.1604	   1.5107	        1.5046	          0.0061	   1.5107	        1.5046	     1.2186	2.845e+00	4.558e-02	   1.003	   175.912
 172	172	 5.6354	 1.1603	   1.5107	        1.5046	          0.0061	   1.5107	        1.5046	     1.2185	2.851e+00	4.557e-02	   1.018	   176.931
 173	173	 5.6374	 1.1603	   1.5107	        1.5046	          0.0061	   1.5107	        1.5046	     1.2185	2.858e+00	4.556e-02	   1.021	   177.952
 174	174	 5.6393	 1.1603	   1.5107	        1.5046	          0.0061	   1.5107	        1.5046	     1.2184	2.864e+00	4.555e-02	   1.006	   178.959
 175	175	 5.6412	 1.1602	   1.5107	        1.5046	          0.0061	   1.5107	        1.5046	     1.2184	2.871e+00	4.554e-02	   1.011	   179.970
 176	176	 5.6432	 1.1602	   1.5107	        1.5046	          0.0061	   1.5107	        1.5046	     1.2183	2.877e+00	4.553e-02	   1.032	   181.003
 177	177	 5.6451	 1.1602	   1.5107	        1.5046	          0.0061	   1.5107	        1.5046	     1.2183	2.884e+00	4.552e-02	   1.003	   182.006
 178	178	 5.6470	 1.1601	   1.5107	        1.5046	          0.0061	   1.5107	        1.5046	     1.2182	2.890e+00	4.551e-02	   0.998	   183.004
 179	179	 5.6489	 1.1601	   1.5107	        1.5046	          0.0061	   1.5107	        1.5046	     1.2182	2.897e+00	4.550e-02	   1.034	   184.038
 180	180	 5.6508	 1.1601	   1.5107	        1.5046	          0.0061	   1.5107	        1.5046	     1.2181	2.903e+00	4.549e-02	   1.074	   185.113
 181	181	 5.6526	 1.1600	   1.5107	        1.5046	          0.0061	   1.5107	        1.5046	     1.2181	2.909e+00	4.549e-02	   1.041	   186.154
 182	182	 5.6545	 1.1600	   1.5107	        1.5046	          0.0061	   1.5107	        1.5046	     1.2180	2.916e+00	4.548e-02	   1.043	   187.197
 183	183	 5.6563	 1.1600	   1.5107	        1.5046	          0.0061	   1.5107	        1.5046	     1.2180	2.922e+00	4.547e-02	   1.030	   188.227
 184	184	 5.6582	 1.1599	   1.5107	        1.5046	          0.0061	   1.5107	        1.5046	     1.2179	2.928e+00	4.546e-02	   1.015	   189.242
 185	185	 5.6600	 1.1599	   1.5107	        1.5046	          0.0061	   1.5107	        1.5046	     1.2179	2.934e+00	4.545e-02	   1.007	   190.250
 186	186	 5.6618	 1.1599	   1.5107	        1.5046	          0.0061	   1.5107	        1.5046	     1.2179	2.941e+00	4.544e-02	   1.003	   191.253
 187	187	 5.6636	 1.1598	   1.5107	        1.5046	          0.0061	   1.5107	        1.5046	     1.2178	2.947e+00	4.543e-02	   1.000	   192.254
 188	188	 5.6654	 1.1598	   1.5107	        1.5046	          0.0061	   1.5107	        1.5046	     1.2178	2.953e+00	4.542e-02	   0.998	   193.252
 189	189	 5.6672	 1.1598	   1.5107	        1.5046	          0.0061	   1.5107	        1.5046	     1.2177	2.959e+00	4.541e-02	   1.003	   194.255
 190	190	 5.6690	 1.1597	   1.5108	        1.5046	          0.0061	   1.5108	        1.5046	     1.2177	2.965e+00	4.540e-02	   1.055	   195.311
 191	191	 5.6708	 1.1597	   1.5108	        1.5046	          0.0061	   1.5108	        1.5046	     1.2176	2.971e+00	4.540e-02	   1.067	   196.378
 192	192	 5.6725	 1.1597	   1.5108	        1.5046	          0.0062	   1.5108	        1.5046	     1.2176	2.977e+00	4.539e-02	   1.094	   197.473
 193	193	 5.6743	 1.1596	   1.5108	        1.5046	          0.0062	   1.5108	        1.5046	     1.2175	2.983e+00	4.538e-02	   1.026	   198.499
 194	194	 5.6760	 1.1596	   1.5108	        1.5046	          0.0062	   1.5108	        1.5046	     1.2175	2.989e+00	4.537e-02	   1.009	   199.508
 195	195	 5.6777	 1.1596	   1.5108	        1.5046	          0.0062	   1.5108	        1.5046	     1.2175	2.995e+00	4.536e-02	   1.061	   200.569
 196	196	 5.6795	 1.1596	   1.5108	        1.5046	          0.0062	   1.5108	        1.5046	     1.2174	3.001e+00	4.535e-02	   1.013	   201.582
 197	197	 5.6812	 1.1595	   1.5108	        1.5046	          0.0062	   1.5108	        1.5046	     1.2174	3.007e+00	4.534e-02	   1.000	   202.583
 198	198	 5.6829	 1.1595	   1.5108	        1.5046	          0.0062	   1.5108	        1.5046	     1.2173	3.013e+00	4.533e-02	   1.002	   203.586
 199	199	 5.6846	 1.1595	   1.5108	        1.5046	          0.0062	   1.5108	        1.5046	     1.2173	3.019e+00	4.533e-02	   1.018	   204.604
 200	200	 5.6863	 1.1594	   1.5108	        1.5046	          0.0062	   1.5108	        1.5046	     1.2172	3.024e+00	4.532e-02	   0.958	   205.562

[SCGD] Finished on device cuda -> σ_f² ≈ 5.6863, σ_ε² ≈ 1.1594
