[GPU 6][JOB 95] 'python cli.py bsgd --n 1024 --lengthscale 0.5 --sigma-f2-true 4.0 --sigma-eps2-true 1.0 --n-epochs 200 --device auto --kernel-mode finite --theta-min 1e-4 --theta-max 20.0 --print-every 1 --seed 4 --batch-size 256 --sigma-f2-init 5.0 --sigma-eps2-init 3.0 --alpha1 9.0 '

=== BSGD (biased SGD on exact kernel) ===
iter	epoch	σ_f²	σ_ε²	real_nlml	real_nlml_true	real_nlml_abs_err	mini_nlml	||grad||	duration_s	wall_time_s
   1	 1	 4.6671	 2.0710	   1.6064	        1.5094	          0.0970	   1.6905	1.180e-01	   0.144	     0.191
   2	 1	 4.5625	 1.5999	   1.5519	        1.5094	          0.0425	   1.6846	1.095e-01	   0.007	     0.432
   3	 1	 4.5534	 1.2856	   1.5214	        1.5094	          0.0120	   1.6386	7.846e-02	   0.007	     0.623
   4	 1	 4.5441	 1.2289	   1.5173	        1.5094	          0.0079	   1.7034	6.789e-02	   0.022	     0.948
   5	 2	 4.5281	 1.1041	   1.5107	        1.5094	          0.0013	   1.6284	3.511e-02	   0.026	     1.393
   6	 2	 4.5447	 1.0211	   1.5091	        1.5094	          0.0004	   1.6054	2.993e-03	   0.031	     1.934
   7	 2	 4.5611	 1.0346	   1.5091	        1.5094	          0.0003	   1.6588	8.942e-03	   0.037	     2.560
   8	 2	 4.5498	 1.0555	   1.5094	        1.5094	          0.0000	   1.6669	1.756e-02	   0.033	     3.213
   9	 3	 4.5686	 1.0355	   1.5091	        1.5094	          0.0003	   1.6426	9.310e-03	   0.036	     3.873
  10	 3	 4.5752	 1.0867	   1.5101	        1.5094	          0.0007	   1.7072	2.921e-02	   0.028	     4.553
  11	 3	 4.5591	 1.0361	   1.5091	        1.5094	          0.0003	   1.5871	9.584e-03	   0.034	     5.244
  12	 3	 4.5403	 1.0295	   1.5091	        1.5094	          0.0003	   1.6320	6.725e-03	   0.038	     5.939
  13	 4	 4.5408	 1.0101	   1.5090	        1.5094	          0.0004	   1.6125	2.135e-03	   0.036	     6.630
  14	 4	 4.5232	 1.0242	   1.5091	        1.5094	          0.0004	   1.6507	4.352e-03	   0.037	     7.328
  15	 4	 4.5305	 1.0151	   1.5090	        1.5094	          0.0004	   1.6344	3.770e-04	   0.032	     8.040
  16	 4	 4.5406	 0.9962	   1.5091	        1.5094	          0.0003	   1.6077	8.904e-03	   0.034	     8.756
  17	 5	 4.5476	 0.9919	   1.5092	        1.5094	          0.0003	   1.6238	1.107e-02	   0.033	     9.491
  18	 5	 4.5531	 1.0293	   1.5091	        1.5094	          0.0003	   1.7088	6.656e-03	   0.041	    10.279
  19	 5	 4.5510	 1.0155	   1.5090	        1.5094	          0.0004	   1.6047	4.793e-04	   0.039	    11.000
  20	 5	 4.5405	 1.0253	   1.5091	        1.5094	          0.0004	   1.6550	4.867e-03	   0.038	    11.716
  21	 6	 4.5442	 1.0269	   1.5091	        1.5094	          0.0003	   1.6510	5.588e-03	   0.037	    12.433
  22	 6	 4.5545	 1.0042	   1.5091	        1.5094	          0.0004	   1.5977	4.943e-03	   0.037	    13.151
  23	 6	 4.5515	 1.0160	   1.5090	        1.5094	          0.0004	   1.6647	7.127e-04	   0.031	    13.862
  24	 6	 4.5414	 1.0306	   1.5091	        1.5094	          0.0003	   1.6690	7.190e-03	   0.031	    14.579
  25	 7	 4.5508	 1.0257	   1.5091	        1.5094	          0.0004	   1.6431	5.061e-03	   0.034	    15.298
  26	 7	 4.5373	 1.0414	   1.5092	        1.5094	          0.0002	   1.6808	1.182e-02	   0.037	    16.015
  27	 7	 4.5406	 1.0153	   1.5090	        1.5094	          0.0004	   1.5704	4.339e-04	   0.039	    16.752
  28	 7	 4.5383	 1.0227	   1.5091	        1.5094	          0.0004	   1.6546	3.724e-03	   0.036	    17.484
  29	 8	 4.5387	 1.0357	   1.5091	        1.5094	          0.0003	   1.6832	9.406e-03	   0.033	    18.201
  30	 8	 4.5264	 1.0158	   1.5090	        1.5094	          0.0004	   1.5678	6.225e-04	   0.035	    18.914
  31	 8	 4.5433	 1.0031	   1.5091	        1.5094	          0.0003	   1.6137	5.488e-03	   0.037	    19.653
  32	 8	 4.5403	 1.0278	   1.5091	        1.5094	          0.0003	   1.7167	5.995e-03	   0.040	    20.460
  33	 9	 4.5409	 1.0355	   1.5091	        1.5094	          0.0003	   1.6749	9.323e-03	   0.041	    21.251
  34	 9	 4.5512	 1.0517	   1.5093	        1.5094	          0.0001	   1.7279	1.605e-02	   0.037	    22.003
  35	 9	 4.5475	 1.0396	   1.5092	        1.5094	          0.0002	   1.5937	1.107e-02	   0.036	    22.720
  36	 9	 4.5466	 1.0211	   1.5091	        1.5094	          0.0004	   1.5735	2.986e-03	   0.034	    23.434
  37	10	 4.5396	 1.0192	   1.5090	        1.5094	          0.0004	   1.6246	2.120e-03	   0.033	    24.146
  38	10	 4.5414	 1.0239	   1.5091	        1.5094	          0.0004	   1.6641	4.226e-03	   0.030	    24.864
  39	10	 4.5455	 1.0266	   1.5091	        1.5094	          0.0003	   1.6593	5.457e-03	   0.034	    25.583
  40	10	 4.5481	 1.0204	   1.5091	        1.5094	          0.0004	   1.6213	2.693e-03	   0.038	    26.301
  41	11	 4.5489	 1.0166	   1.5090	        1.5094	          0.0004	   1.6374	9.459e-04	   0.039	    27.019
  42	11	 4.5582	 1.0162	   1.5090	        1.5094	          0.0004	   1.6414	7.923e-04	   0.036	    27.734
  43	11	 4.5571	 1.0126	   1.5090	        1.5094	          0.0004	   1.6211	9.648e-04	   0.038	    28.451
  44	11	 4.5500	 1.0050	   1.5091	        1.5094	          0.0004	   1.5884	4.567e-03	   0.040	    29.166
  45	12	 4.5509	 0.9944	   1.5091	        1.5094	          0.0003	   1.5802	9.802e-03	   0.034	    29.880
  46	12	 4.5546	 1.0135	   1.5090	        1.5094	          0.0004	   1.7270	5.772e-04	   0.032	    30.614
  47	12	 4.5446	 1.0139	   1.5090	        1.5094	          0.0004	   1.6229	4.261e-04	   0.037	    31.402
  48	12	 4.5509	 1.0051	   1.5091	        1.5094	          0.0004	   1.6056	4.503e-03	   0.037	    32.121
  49	13	 4.5482	 0.9937	   1.5091	        1.5094	          0.0003	   1.5688	1.016e-02	   0.036	    32.838
  50	13	 4.5509	 0.9940	   1.5091	        1.5094	          0.0003	   1.6294	1.001e-02	   0.036	    33.556
  51	13	 4.5473	 0.9957	   1.5091	        1.5094	          0.0003	   1.6340	9.141e-03	   0.035	    34.265
  52	13	 4.5420	 0.9984	   1.5091	        1.5094	          0.0003	   1.6357	7.779e-03	   0.034	    34.982
  53	14	 4.5423	 1.0042	   1.5091	        1.5094	          0.0004	   1.6618	4.952e-03	   0.036	    35.699
  54	14	 4.5385	 1.0037	   1.5091	        1.5094	          0.0004	   1.6264	5.196e-03	   0.042	    36.434
  55	14	 4.5443	 0.9997	   1.5091	        1.5094	          0.0003	   1.6192	7.149e-03	   0.040	    37.180
  56	14	 4.5480	 0.9990	   1.5091	        1.5094	          0.0003	   1.6411	7.484e-03	   0.037	    37.932
  57	15	 4.5444	 1.0046	   1.5091	        1.5094	          0.0004	   1.6690	4.766e-03	   0.039	    38.725
  58	15	 4.5533	 1.0025	   1.5091	        1.5094	          0.0003	   1.6346	5.793e-03	   0.038	    39.491
  59	15	 4.5531	 0.9965	   1.5091	        1.5094	          0.0003	   1.5965	8.735e-03	   0.035	    40.215
  60	15	 4.5527	 0.9993	   1.5091	        1.5094	          0.0003	   1.6445	7.357e-03	   0.037	    41.004
  61	16	 4.5504	 0.9991	   1.5091	        1.5094	          0.0003	   1.6235	7.441e-03	   0.037	    41.817
  62	16	 4.5593	 1.0016	   1.5091	        1.5094	          0.0003	   1.6696	6.227e-03	   0.037	    42.583
  63	16	 4.5584	 0.9968	   1.5091	        1.5094	          0.0003	   1.5944	8.558e-03	   0.036	    43.301
  64	16	 4.5543	 1.0021	   1.5091	        1.5094	          0.0003	   1.6670	5.947e-03	   0.037	    44.020
  65	17	 4.5589	 0.9955	   1.5091	        1.5094	          0.0003	   1.5958	9.217e-03	   0.035	    44.731
  66	17	 4.5620	 1.0006	   1.5091	        1.5094	          0.0003	   1.6736	6.702e-03	   0.035	    45.448
  67	17	 4.5563	 1.0037	   1.5091	        1.5094	          0.0004	   1.6427	5.189e-03	   0.036	    46.163
  68	17	 4.5552	 1.0015	   1.5091	        1.5094	          0.0003	   1.6161	6.265e-03	   0.040	    46.882
  69	18	 4.5524	 1.0008	   1.5091	        1.5094	          0.0003	   1.6192	6.603e-03	   0.037	    47.600
  70	18	 4.5534	 0.9953	   1.5091	        1.5094	          0.0003	   1.5957	9.314e-03	   0.033	    48.315
  71	18	 4.5531	 1.0014	   1.5091	        1.5094	          0.0003	   1.6721	6.294e-03	   0.035	    49.033
  72	18	 4.5547	 1.0034	   1.5091	        1.5094	          0.0004	   1.6550	5.341e-03	   0.035	    49.746
  73	19	 4.5562	 1.0011	   1.5091	        1.5094	          0.0003	   1.6203	6.438e-03	   0.033	    50.464
  74	19	 4.5568	 1.0003	   1.5091	        1.5094	          0.0003	   1.6241	6.865e-03	   0.036	    51.188
  75	19	 4.5577	 1.0022	   1.5091	        1.5094	          0.0003	   1.6541	5.918e-03	   0.041	    51.976
  76	19	 4.5567	 1.0009	   1.5091	        1.5094	          0.0003	   1.6250	6.530e-03	   0.039	    52.701
  77	20	 4.5569	 0.9990	   1.5091	        1.5094	          0.0003	   1.6160	7.513e-03	   0.037	    53.421
  78	20	 4.5567	 0.9974	   1.5091	        1.5094	          0.0003	   1.6140	8.294e-03	   0.036	    54.138
  79	20	 4.5584	 1.0055	   1.5091	        1.5094	          0.0004	   1.7081	4.325e-03	   0.030	    54.850
  80	20	 4.5565	 1.0055	   1.5091	        1.5094	          0.0004	   1.6310	4.296e-03	   0.034	    55.568
  81	21	 4.5620	 1.0099	   1.5090	        1.5094	          0.0004	   1.6905	2.222e-03	   0.036	    56.284
  82	21	 4.5623	 1.0096	   1.5090	        1.5094	          0.0004	   1.6400	2.353e-03	   0.039	    57.005
  83	21	 4.5641	 1.0074	   1.5091	        1.5094	          0.0004	   1.6205	3.423e-03	   0.035	    57.753
  84	21	 4.5588	 1.0048	   1.5091	        1.5094	          0.0004	   1.5945	4.640e-03	   0.032	    58.470
  85	22	 4.5580	 1.0055	   1.5091	        1.5094	          0.0004	   1.6482	4.340e-03	   0.035	    59.190
  86	22	 4.5575	 1.0047	   1.5091	        1.5094	          0.0004	   1.6270	4.706e-03	   0.036	    59.905
  87	22	 4.5556	 1.0070	   1.5091	        1.5094	          0.0004	   1.6512	3.606e-03	   0.036	    60.624
  88	22	 4.5567	 1.0074	   1.5091	        1.5094	          0.0004	   1.6363	3.417e-03	   0.040	    61.390
  89	23	 4.5558	 1.0047	   1.5091	        1.5094	          0.0004	   1.6024	4.685e-03	   0.044	    62.213
  90	23	 4.5571	 1.0070	   1.5091	        1.5094	          0.0004	   1.6669	3.581e-03	   0.039	    62.989
  91	23	 4.5532	 1.0094	   1.5090	        1.5094	          0.0004	   1.6456	2.463e-03	   0.036	    63.706
  92	23	 4.5563	 1.0125	   1.5090	        1.5094	          0.0004	   1.6817	1.041e-03	   0.033	    64.424
  93	24	 4.5581	 1.0128	   1.5090	        1.5094	          0.0004	   1.6525	8.731e-04	   0.031	    65.137
  94	24	 4.5552	 1.0105	   1.5090	        1.5094	          0.0004	   1.6017	1.922e-03	   0.035	    65.857
  95	24	 4.5547	 1.0107	   1.5090	        1.5094	          0.0004	   1.6300	1.870e-03	   0.035	    66.573
  96	24	 4.5559	 1.0121	   1.5090	        1.5094	          0.0004	   1.6580	1.214e-03	   0.037	    67.288
  97	25	 4.5589	 1.0193	   1.5090	        1.5094	          0.0004	   1.7277	2.178e-03	   0.037	    68.003
  98	25	 4.5635	 1.0148	   1.5090	        1.5094	          0.0004	   1.6130	2.766e-04	   0.036	    68.719
  99	25	 4.5624	 1.0123	   1.5090	        1.5094	          0.0004	   1.6060	1.106e-03	   0.037	    69.437
 100	25	 4.5575	 1.0080	   1.5091	        1.5094	          0.0004	   1.5678	3.129e-03	   0.037	    70.154
 101	26	 4.5568	 1.0132	   1.5090	        1.5094	          0.0004	   1.6920	7.040e-04	   0.035	    70.872
 102	26	 4.5591	 1.0079	   1.5091	        1.5094	          0.0004	   1.5894	3.158e-03	   0.034	    71.589
 103	26	 4.5556	 1.0052	   1.5091	        1.5094	          0.0004	   1.5945	4.456e-03	   0.042	    72.371
 104	26	 4.5549	 1.0119	   1.5090	        1.5094	          0.0004	   1.7055	1.303e-03	   0.039	    73.110
 105	27	 4.5570	 1.0144	   1.5090	        1.5094	          0.0004	   1.6763	2.791e-04	   0.035	    73.824
 106	27	 4.5601	 1.0147	   1.5090	        1.5094	          0.0004	   1.6564	2.653e-04	   0.033	    74.539
 107	27	 4.5593	 1.0106	   1.5090	        1.5094	          0.0004	   1.5854	1.900e-03	   0.033	    75.254
 108	27	 4.5570	 1.0128	   1.5090	        1.5094	          0.0004	   1.6503	8.791e-04	   0.034	    75.974
 109	28	 4.5583	 1.0180	   1.5090	        1.5094	          0.0004	   1.7098	1.592e-03	   0.036	    76.714
 110	28	 4.5580	 1.0169	   1.5090	        1.5094	          0.0004	   1.6134	1.081e-03	   0.046	    77.498
 111	28	 4.5573	 1.0128	   1.5090	        1.5094	          0.0004	   1.5927	8.665e-04	   0.041	    78.307
 112	28	 4.5568	 1.0131	   1.5090	        1.5094	          0.0004	   1.6426	7.612e-04	   0.038	    79.074
 113	29	 4.5565	 1.0138	   1.5090	        1.5094	          0.0004	   1.6486	4.754e-04	   0.041	    79.827
 114	29	 4.5544	 1.0131	   1.5090	        1.5094	          0.0004	   1.6286	7.419e-04	   0.037	    80.551
 115	29	 4.5559	 1.0137	   1.5090	        1.5094	          0.0004	   1.6428	5.100e-04	   0.035	    81.310
 116	29	 4.5578	 1.0109	   1.5090	        1.5094	          0.0004	   1.6050	1.770e-03	   0.036	    82.094
 117	30	 4.5583	 1.0117	   1.5090	        1.5094	          0.0004	   1.6531	1.399e-03	   0.048	    82.961
 118	30	 4.5585	 1.0108	   1.5090	        1.5094	          0.0004	   1.6241	1.810e-03	   0.039	    83.767
 119	30	 4.5577	 1.0076	   1.5091	        1.5094	          0.0004	   1.5961	3.329e-03	   0.033	    84.493
 120	30	 4.5562	 1.0082	   1.5091	        1.5094	          0.0004	   1.6326	3.036e-03	   0.036	    85.210
 121	31	 4.5563	 1.0099	   1.5090	        1.5094	          0.0004	   1.6686	2.211e-03	   0.035	    85.920
 122	31	 4.5579	 1.0078	   1.5091	        1.5094	          0.0004	   1.6092	3.229e-03	   0.036	    86.639
 123	31	 4.5587	 1.0064	   1.5091	        1.5094	          0.0004	   1.6182	3.863e-03	   0.036	    87.358
 124	31	 4.5596	 1.0047	   1.5091	        1.5094	          0.0004	   1.6184	4.722e-03	   0.039	    88.076
 125	32	 4.5602	 1.0030	   1.5091	        1.5094	          0.0004	   1.6151	5.529e-03	   0.034	    88.791
 126	32	 4.5614	 1.0024	   1.5091	        1.5094	          0.0003	   1.6352	5.820e-03	   0.036	    89.509
 127	32	 4.5604	 1.0044	   1.5091	        1.5094	          0.0004	   1.6578	4.852e-03	   0.037	    90.225
 128	32	 4.5604	 1.0044	   1.5091	        1.5094	          0.0004	   1.6297	4.834e-03	   0.035	    90.937
 129	33	 4.5627	 1.0045	   1.5091	        1.5094	          0.0004	   1.6503	4.799e-03	   0.032	    91.653
 130	33	 4.5618	 1.0075	   1.5091	        1.5094	          0.0004	   1.6642	3.376e-03	   0.031	    92.368
 131	33	 4.5611	 1.0058	   1.5091	        1.5094	          0.0004	   1.6111	4.170e-03	   0.042	    93.135
 132	33	 4.5616	 1.0070	   1.5091	        1.5094	          0.0004	   1.6602	3.583e-03	   0.038	    93.898
 133	34	 4.5600	 1.0022	   1.5091	        1.5094	          0.0003	   1.5593	5.921e-03	   0.038	    94.616
 134	34	 4.5603	 1.0071	   1.5091	        1.5094	          0.0004	   1.7102	3.536e-03	   0.036	    95.329
 135	34	 4.5604	 1.0041	   1.5091	        1.5094	          0.0004	   1.5971	4.980e-03	   0.035	    96.041
 136	34	 4.5613	 1.0081	   1.5090	        1.5094	          0.0004	   1.6963	3.055e-03	   0.036	    96.759
 137	35	 4.5627	 1.0066	   1.5091	        1.5094	          0.0004	   1.6233	3.777e-03	   0.035	    97.499
 138	35	 4.5646	 1.0091	   1.5090	        1.5094	          0.0004	   1.6828	2.591e-03	   0.036	    98.231
 139	35	 4.5636	 1.0074	   1.5091	        1.5094	          0.0004	   1.6070	3.430e-03	   0.035	    98.948
 140	35	 4.5641	 1.0051	   1.5091	        1.5094	          0.0004	   1.6061	4.514e-03	   0.036	    99.666
 141	36	 4.5635	 1.0057	   1.5091	        1.5094	          0.0004	   1.6388	4.199e-03	   0.036	   100.383
 142	36	 4.5650	 1.0090	   1.5090	        1.5094	          0.0004	   1.6995	2.643e-03	   0.034	   101.095
 143	36	 4.5637	 1.0072	   1.5091	        1.5094	          0.0004	   1.5970	3.523e-03	   0.034	   101.812
 144	36	 4.5635	 1.0061	   1.5091	        1.5094	          0.0004	   1.6184	4.047e-03	   0.034	   102.543
 145	37	 4.5656	 1.0080	   1.5090	        1.5094	          0.0004	   1.6826	3.136e-03	   0.049	   103.364
 146	37	 4.5652	 1.0074	   1.5091	        1.5094	          0.0004	   1.6211	3.410e-03	   0.043	   104.163
 147	37	 4.5645	 1.0067	   1.5091	        1.5094	          0.0004	   1.6201	3.731e-03	   0.037	   104.901
 148	37	 4.5643	 1.0056	   1.5091	        1.5094	          0.0004	   1.6167	4.258e-03	   0.033	   105.616
 149	38	 4.5656	 1.0037	   1.5091	        1.5094	          0.0004	   1.6079	5.176e-03	   0.035	   106.330
 150	38	 4.5657	 1.0042	   1.5091	        1.5094	          0.0004	   1.6444	4.967e-03	   0.036	   107.048
 151	38	 4.5655	 1.0066	   1.5091	        1.5094	          0.0004	   1.6756	3.802e-03	   0.033	   107.762
 152	38	 4.5667	 1.0061	   1.5091	        1.5094	          0.0004	   1.6344	4.005e-03	   0.036	   108.477
 153	39	 4.5668	 1.0049	   1.5091	        1.5094	          0.0004	   1.6098	4.603e-03	   0.033	   109.194
 154	39	 4.5645	 1.0033	   1.5091	        1.5094	          0.0004	   1.6033	5.390e-03	   0.036	   109.914
 155	39	 4.5636	 1.0050	   1.5091	        1.5094	          0.0004	   1.6587	4.536e-03	   0.035	   110.632
 156	39	 4.5673	 1.0085	   1.5090	        1.5094	          0.0004	   1.7159	2.872e-03	   0.037	   111.347
 157	40	 4.5672	 1.0074	   1.5090	        1.5094	          0.0004	   1.6153	3.391e-03	   0.034	   112.063
 158	40	 4.5669	 1.0076	   1.5090	        1.5094	          0.0004	   1.6412	3.292e-03	   0.035	   112.777
 159	40	 4.5673	 1.0059	   1.5091	        1.5094	          0.0004	   1.6100	4.144e-03	   0.044	   113.525
 160	40	 4.5680	 1.0084	   1.5090	        1.5094	          0.0004	   1.6873	2.917e-03	   0.037	   114.300
 161	41	 4.5707	 1.0047	   1.5091	        1.5094	          0.0004	   1.5840	4.685e-03	   0.035	   115.019
 162	41	 4.5695	 1.0065	   1.5091	        1.5094	          0.0004	   1.6625	3.821e-03	   0.032	   115.734
 163	41	 4.5688	 1.0041	   1.5091	        1.5094	          0.0004	   1.5886	5.000e-03	   0.035	   116.449
 164	41	 4.5680	 1.0090	   1.5090	        1.5094	          0.0004	   1.7253	2.634e-03	   0.040	   117.214
 165	42	 4.5696	 1.0062	   1.5091	        1.5094	          0.0004	   1.6011	3.959e-03	   0.040	   118.011
 166	42	 4.5682	 1.0111	   1.5090	        1.5094	          0.0004	   1.7138	1.677e-03	   0.040	   118.801
 167	42	 4.5687	 1.0116	   1.5090	        1.5094	          0.0004	   1.6492	1.407e-03	   0.039	   119.528
 168	42	 4.5688	 1.0092	   1.5090	        1.5094	          0.0004	   1.5942	2.530e-03	   0.038	   120.245
 169	43	 4.5705	 1.0097	   1.5090	        1.5094	          0.0004	   1.6560	2.304e-03	   0.037	   120.964
 170	43	 4.5705	 1.0085	   1.5090	        1.5094	          0.0004	   1.6205	2.897e-03	   0.037	   121.680
 171	43	 4.5696	 1.0097	   1.5090	        1.5094	          0.0004	   1.6476	2.299e-03	   0.032	   122.395
 172	43	 4.5697	 1.0096	   1.5090	        1.5094	          0.0004	   1.6373	2.345e-03	   0.036	   123.120
 173	44	 4.5689	 1.0094	   1.5090	        1.5094	          0.0004	   1.6255	2.476e-03	   0.046	   123.925
 174	44	 4.5666	 1.0104	   1.5090	        1.5094	          0.0004	   1.6362	1.997e-03	   0.040	   124.724
 175	44	 4.5681	 1.0083	   1.5090	        1.5094	          0.0004	   1.6112	2.959e-03	   0.034	   125.477
 176	44	 4.5690	 1.0094	   1.5090	        1.5094	          0.0004	   1.6612	2.449e-03	   0.032	   126.193
 177	45	 4.5690	 1.0114	   1.5090	        1.5094	          0.0004	   1.6771	1.497e-03	   0.035	   126.910
 178	45	 4.5699	 1.0111	   1.5090	        1.5094	          0.0004	   1.6407	1.653e-03	   0.034	   127.630
 179	45	 4.5693	 1.0086	   1.5090	        1.5094	          0.0004	   1.5876	2.837e-03	   0.036	   128.347
 180	45	 4.5693	 1.0102	   1.5090	        1.5094	          0.0004	   1.6630	2.095e-03	   0.040	   129.063
 181	46	 4.5696	 1.0105	   1.5090	        1.5094	          0.0004	   1.6436	1.939e-03	   0.037	   129.777
 182	46	 4.5701	 1.0119	   1.5090	        1.5094	          0.0004	   1.6659	1.301e-03	   0.038	   130.495
 183	46	 4.5701	 1.0103	   1.5090	        1.5094	          0.0004	   1.6063	2.033e-03	   0.035	   131.211
 184	46	 4.5702	 1.0099	   1.5090	        1.5094	          0.0004	   1.6327	2.238e-03	   0.033	   131.926
 185	47	 4.5701	 1.0079	   1.5090	        1.5094	          0.0004	   1.5964	3.180e-03	   0.030	   132.644
 186	47	 4.5708	 1.0088	   1.5090	        1.5094	          0.0004	   1.6587	2.742e-03	   0.037	   133.364
 187	47	 4.5717	 1.0101	   1.5090	        1.5094	          0.0004	   1.6728	2.135e-03	   0.041	   134.097
 188	47	 4.5709	 1.0103	   1.5090	        1.5094	          0.0004	   1.6356	2.039e-03	   0.038	   134.879
 189	48	 4.5708	 1.0095	   1.5090	        1.5094	          0.0004	   1.6113	2.408e-03	   0.036	   135.598
 190	48	 4.5704	 1.0099	   1.5090	        1.5094	          0.0004	   1.6435	2.206e-03	   0.037	   136.315
 191	48	 4.5733	 1.0095	   1.5090	        1.5094	          0.0004	   1.6507	2.399e-03	   0.037	   137.029
 192	48	 4.5724	 1.0097	   1.5090	        1.5094	          0.0004	   1.6396	2.296e-03	   0.037	   137.788
 193	49	 4.5722	 1.0125	   1.5090	        1.5094	          0.0004	   1.7000	9.982e-04	   0.035	   138.504
 194	49	 4.5739	 1.0113	   1.5090	        1.5094	          0.0004	   1.6227	1.584e-03	   0.036	   139.220
 195	49	 4.5732	 1.0098	   1.5090	        1.5094	          0.0004	   1.6029	2.256e-03	   0.037	   139.937
 196	49	 4.5725	 1.0079	   1.5090	        1.5094	          0.0004	   1.5897	3.183e-03	   0.039	   140.655
 197	50	 4.5734	 1.0078	   1.5090	        1.5094	          0.0004	   1.6480	3.217e-03	   0.037	   141.371
 198	50	 4.5725	 1.0088	   1.5090	        1.5094	          0.0004	   1.6486	2.755e-03	   0.031	   142.080
 199	50	 4.5722	 1.0100	   1.5090	        1.5094	          0.0004	   1.6658	2.151e-03	   0.031	   142.798
 200	50	 4.5730	 1.0071	   1.5090	        1.5094	          0.0004	   1.5742	3.561e-03	   0.037	   143.519
 201	51	 4.5710	 1.0054	   1.5091	        1.5094	          0.0004	   1.5899	4.340e-03	   0.044	   144.308
 202	51	 4.5710	 1.0064	   1.5091	        1.5094	          0.0004	   1.6597	3.891e-03	   0.040	   145.122
 203	51	 4.5712	 1.0085	   1.5090	        1.5094	          0.0004	   1.6807	2.890e-03	   0.036	   145.888
 204	51	 4.5707	 1.0079	   1.5090	        1.5094	          0.0004	   1.6163	3.154e-03	   0.036	   146.603
 205	52	 4.5700	 1.0059	   1.5091	        1.5094	          0.0004	   1.5786	4.146e-03	   0.037	   147.317
 206	52	 4.5701	 1.0063	   1.5091	        1.5094	          0.0004	   1.6499	3.952e-03	   0.037	   148.037
 207	52	 4.5700	 1.0081	   1.5090	        1.5094	          0.0004	   1.6813	3.057e-03	   0.031	   148.752
 208	52	 4.5711	 1.0078	   1.5090	        1.5094	          0.0004	   1.6327	3.228e-03	   0.036	   149.468
 209	53	 4.5700	 1.0090	   1.5090	        1.5094	          0.0004	   1.6561	2.628e-03	   0.036	   150.186
 210	53	 4.5691	 1.0091	   1.5090	        1.5094	          0.0004	   1.6312	2.591e-03	   0.036	   150.903
 211	53	 4.5701	 1.0104	   1.5090	        1.5094	          0.0004	   1.6799	2.008e-03	   0.034	   151.619
 212	53	 4.5702	 1.0091	   1.5090	        1.5094	          0.0004	   1.6053	2.602e-03	   0.035	   152.331
 213	54	 4.5714	 1.0116	   1.5090	        1.5094	          0.0004	   1.7138	1.413e-03	   0.034	   153.048
 214	54	 4.5708	 1.0116	   1.5090	        1.5094	          0.0004	   1.6299	1.431e-03	   0.036	   153.765
 215	54	 4.5698	 1.0093	   1.5090	        1.5094	          0.0004	   1.5734	2.515e-03	   0.042	   154.496
 216	54	 4.5709	 1.0087	   1.5090	        1.5094	          0.0004	   1.6320	2.763e-03	   0.042	   155.283
 217	55	 4.5695	 1.0061	   1.5091	        1.5094	          0.0004	   1.5590	4.038e-03	   0.035	   156.018
 218	55	 4.5690	 1.0068	   1.5091	        1.5094	          0.0004	   1.6530	3.707e-03	   0.041	   156.815
 219	55	 4.5705	 1.0092	   1.5090	        1.5094	          0.0004	   1.7023	2.541e-03	   0.043	   157.636
 220	55	 4.5717	 1.0088	   1.5090	        1.5094	          0.0004	   1.6407	2.746e-03	   0.035	   158.418
 221	56	 4.5707	 1.0072	   1.5090	        1.5094	          0.0004	   1.5951	3.485e-03	   0.034	   159.165
 222	56	 4.5701	 1.0095	   1.5090	        1.5094	          0.0004	   1.6777	2.418e-03	   0.037	   159.922
 223	56	 4.5708	 1.0085	   1.5090	        1.5094	          0.0004	   1.6183	2.869e-03	   0.039	   160.684
 224	56	 4.5706	 1.0088	   1.5090	        1.5094	          0.0004	   1.6465	2.760e-03	   0.038	   161.437
 225	57	 4.5703	 1.0092	   1.5090	        1.5094	          0.0004	   1.6420	2.541e-03	   0.039	   162.177
 226	57	 4.5703	 1.0080	   1.5090	        1.5094	          0.0004	   1.6096	3.110e-03	   0.035	   162.901
 227	57	 4.5708	 1.0075	   1.5090	        1.5094	          0.0004	   1.6300	3.378e-03	   0.034	   163.617
 228	57	 4.5710	 1.0082	   1.5090	        1.5094	          0.0004	   1.6592	3.026e-03	   0.036	   164.333
 229	58	 4.5713	 1.0073	   1.5090	        1.5094	          0.0004	   1.6214	3.429e-03	   0.043	   165.102
 230	58	 4.5721	 1.0083	   1.5090	        1.5094	          0.0004	   1.6660	2.994e-03	   0.039	   165.924
 231	58	 4.5709	 1.0104	   1.5090	        1.5094	          0.0004	   1.6749	2.005e-03	   0.039	   166.704
 232	58	 4.5698	 1.0088	   1.5090	        1.5094	          0.0004	   1.5923	2.738e-03	   0.035	   167.422
 233	59	 4.5701	 1.0079	   1.5090	        1.5094	          0.0004	   1.6182	3.183e-03	   0.035	   168.135
 234	59	 4.5719	 1.0091	   1.5090	        1.5094	          0.0004	   1.6815	2.598e-03	   0.033	   168.853
 235	59	 4.5710	 1.0077	   1.5090	        1.5094	          0.0004	   1.5928	3.246e-03	   0.034	   169.567
 236	59	 4.5705	 1.0091	   1.5090	        1.5094	          0.0004	   1.6690	2.602e-03	   0.038	   170.282
 237	60	 4.5715	 1.0101	   1.5090	        1.5094	          0.0004	   1.6786	2.131e-03	   0.036	   171.001
 238	60	 4.5713	 1.0086	   1.5090	        1.5094	          0.0004	   1.5937	2.848e-03	   0.037	   171.722
 239	60	 4.5707	 1.0094	   1.5090	        1.5094	          0.0004	   1.6532	2.434e-03	   0.035	   172.438
 240	60	 4.5706	 1.0096	   1.5090	        1.5094	          0.0004	   1.6395	2.381e-03	   0.031	   173.150
 241	61	 4.5707	 1.0128	   1.5090	        1.5094	          0.0004	   1.7255	8.799e-04	   0.035	   173.869
 242	61	 4.5705	 1.0125	   1.5090	        1.5094	          0.0004	   1.6289	1.034e-03	   0.036	   174.584
 243	61	 4.5702	 1.0109	   1.5090	        1.5094	          0.0004	   1.5933	1.758e-03	   0.039	   175.300
 244	61	 4.5716	 1.0091	   1.5090	        1.5094	          0.0004	   1.5940	2.583e-03	   0.039	   176.078
 245	62	 4.5708	 1.0081	   1.5090	        1.5094	          0.0004	   1.6037	3.074e-03	   0.032	   176.820
 246	62	 4.5706	 1.0081	   1.5090	        1.5094	          0.0004	   1.6389	3.054e-03	   0.037	   177.558
 247	62	 4.5706	 1.0098	   1.5090	        1.5094	          0.0004	   1.6724	2.258e-03	   0.035	   178.293
 248	62	 4.5712	 1.0097	   1.5090	        1.5094	          0.0004	   1.6465	2.295e-03	   0.036	   179.013
 249	63	 4.5707	 1.0081	   1.5090	        1.5094	          0.0004	   1.5868	3.090e-03	   0.034	   179.727
 250	63	 4.5711	 1.0083	   1.5090	        1.5094	          0.0004	   1.6456	2.962e-03	   0.039	   180.442
 251	63	 4.5702	 1.0088	   1.5090	        1.5094	          0.0004	   1.6381	2.751e-03	   0.039	   181.159
 252	63	 4.5702	 1.0098	   1.5090	        1.5094	          0.0004	   1.6684	2.274e-03	   0.036	   181.876
 253	64	 4.5712	 1.0088	   1.5090	        1.5094	          0.0004	   1.6250	2.730e-03	   0.033	   182.594
 254	64	 4.5721	 1.0090	   1.5090	        1.5094	          0.0004	   1.6573	2.637e-03	   0.031	   183.307
 255	64	 4.5704	 1.0084	   1.5090	        1.5094	          0.0004	   1.5997	2.926e-03	   0.034	   184.026
 256	64	 4.5705	 1.0093	   1.5090	        1.5094	          0.0004	   1.6606	2.523e-03	   0.034	   184.742
 257	65	 4.5700	 1.0078	   1.5090	        1.5094	          0.0004	   1.5918	3.192e-03	   0.042	   185.488
 258	65	 4.5716	 1.0081	   1.5090	        1.5094	          0.0004	   1.6623	3.050e-03	   0.042	   186.307
 259	65	 4.5705	 1.0092	   1.5090	        1.5094	          0.0004	   1.6521	2.532e-03	   0.041	   187.100
 260	65	 4.5710	 1.0099	   1.5090	        1.5094	          0.0004	   1.6653	2.240e-03	   0.040	   187.829
 261	66	 4.5717	 1.0106	   1.5090	        1.5094	          0.0004	   1.6642	1.897e-03	   0.036	   188.543
 262	66	 4.5703	 1.0101	   1.5090	        1.5094	          0.0004	   1.6023	2.120e-03	   0.035	   189.261
 263	66	 4.5700	 1.0113	   1.5090	        1.5094	          0.0004	   1.6716	1.588e-03	   0.031	   189.976
 264	66	 4.5695	 1.0103	   1.5090	        1.5094	          0.0004	   1.6077	2.038e-03	   0.042	   190.697
 265	67	 4.5697	 1.0109	   1.5090	        1.5094	          0.0004	   1.6577	1.751e-03	   0.038	   191.410
 266	67	 4.5695	 1.0108	   1.5090	        1.5094	          0.0004	   1.6416	1.777e-03	   0.033	   192.125
 267	67	 4.5697	 1.0084	   1.5090	        1.5094	          0.0004	   1.5702	2.925e-03	   0.033	   192.840
 268	67	 4.5698	 1.0106	   1.5090	        1.5094	          0.0004	   1.6978	1.910e-03	   0.032	   193.553
 269	68	 4.5703	 1.0089	   1.5090	        1.5094	          0.0004	   1.6002	2.680e-03	   0.032	   194.274
 270	68	 4.5704	 1.0076	   1.5090	        1.5094	          0.0004	   1.5947	3.292e-03	   0.034	   194.992
 271	68	 4.5705	 1.0090	   1.5090	        1.5094	          0.0004	   1.6751	2.633e-03	   0.041	   195.711
 272	68	 4.5703	 1.0109	   1.5090	        1.5094	          0.0004	   1.6932	1.761e-03	   0.045	   196.517
 273	69	 4.5686	 1.0110	   1.5090	        1.5094	          0.0004	   1.6301	1.698e-03	   0.044	   197.388
 274	69	 4.5700	 1.0112	   1.5090	        1.5094	          0.0004	   1.6530	1.616e-03	   0.037	   198.144
 275	69	 4.5697	 1.0110	   1.5090	        1.5094	          0.0004	   1.6282	1.705e-03	   0.035	   198.872
 276	69	 4.5705	 1.0109	   1.5090	        1.5094	          0.0004	   1.6442	1.744e-03	   0.033	   199.594
 277	70	 4.5714	 1.0102	   1.5090	        1.5094	          0.0004	   1.6274	2.097e-03	   0.032	   200.308
 278	70	 4.5711	 1.0096	   1.5090	        1.5094	          0.0004	   1.6148	2.338e-03	   0.039	   201.026
 279	70	 4.5695	 1.0110	   1.5090	        1.5094	          0.0004	   1.6591	1.699e-03	   0.037	   201.743
 280	70	 4.5694	 1.0112	   1.5090	        1.5094	          0.0004	   1.6433	1.607e-03	   0.035	   202.459
 281	71	 4.5692	 1.0102	   1.5090	        1.5094	          0.0004	   1.6015	2.070e-03	   0.034	   203.169
 282	71	 4.5699	 1.0096	   1.5090	        1.5094	          0.0004	   1.6257	2.346e-03	   0.035	   203.883
 283	71	 4.5703	 1.0111	   1.5090	        1.5094	          0.0004	   1.6876	1.670e-03	   0.034	   204.558
 284	71	 4.5699	 1.0111	   1.5090	        1.5094	          0.0004	   1.6369	1.653e-03	   0.029	   205.191
 285	72	 4.5702	 1.0111	   1.5090	        1.5094	          0.0004	   1.6435	1.654e-03	   0.047	   205.774
 286	72	 4.5700	 1.0102	   1.5090	        1.5094	          0.0004	   1.6001	2.070e-03	   0.028	   206.368
 287	72	 4.5710	 1.0119	   1.5090	        1.5094	          0.0004	   1.7010	1.295e-03	   0.024	   207.000
 288	72	 4.5702	 1.0114	   1.5090	        1.5094	          0.0004	   1.6190	1.502e-03	   0.023	   207.538
 289	73	 4.5711	 1.0134	   1.5090	        1.5094	          0.0004	   1.7144	6.049e-04	   0.026	   208.025
 290	73	 4.5701	 1.0122	   1.5090	        1.5094	          0.0004	   1.5892	1.153e-03	   0.028	   208.542
 291	73	 4.5698	 1.0117	   1.5090	        1.5094	          0.0004	   1.6256	1.386e-03	   0.026	   209.058
 292	73	 4.5692	 1.0124	   1.5090	        1.5094	          0.0004	   1.6532	1.058e-03	   0.027	   209.565
 293	74	 4.5693	 1.0119	   1.5090	        1.5094	          0.0004	   1.6229	1.301e-03	   0.024	   210.086
 294	74	 4.5685	 1.0133	   1.5090	        1.5094	          0.0004	   1.6784	6.388e-04	   0.025	   210.597
 295	74	 4.5686	 1.0126	   1.5090	        1.5094	          0.0004	   1.6151	9.551e-04	   0.027	   211.114
 296	74	 4.5691	 1.0123	   1.5090	        1.5094	          0.0004	   1.6325	1.123e-03	   0.024	   211.621
 297	75	 4.5698	 1.0128	   1.5090	        1.5094	          0.0004	   1.6652	8.776e-04	   0.025	   212.134
 298	75	 4.5704	 1.0103	   1.5090	        1.5094	          0.0004	   1.5647	2.033e-03	   0.022	   212.650
 299	75	 4.5701	 1.0120	   1.5090	        1.5094	          0.0004	   1.6872	1.240e-03	   0.026	   213.158
 300	75	 4.5695	 1.0110	   1.5090	        1.5094	          0.0004	   1.6004	1.706e-03	   0.032	   213.696
 301	76	 4.5694	 1.0116	   1.5090	        1.5094	          0.0004	   1.6631	1.436e-03	   0.027	   214.314
 302	76	 4.5687	 1.0118	   1.5090	        1.5094	          0.0004	   1.6384	1.341e-03	   0.027	   214.837
 303	76	 4.5697	 1.0109	   1.5090	        1.5094	          0.0004	   1.6207	1.739e-03	   0.022	   215.346
 304	76	 4.5695	 1.0115	   1.5090	        1.5094	          0.0004	   1.6544	1.459e-03	   0.027	   215.859
 305	77	 4.5703	 1.0109	   1.5090	        1.5094	          0.0004	   1.6258	1.764e-03	   0.024	   216.373
 306	77	 4.5700	 1.0104	   1.5090	        1.5094	          0.0004	   1.6111	1.970e-03	   0.025	   216.882
 307	77	 4.5689	 1.0121	   1.5090	        1.5094	          0.0004	   1.6840	1.198e-03	   0.024	   217.401
 308	77	 4.5695	 1.0115	   1.5090	        1.5094	          0.0004	   1.6299	1.468e-03	   0.024	   217.910
 309	78	 4.5700	 1.0112	   1.5090	        1.5094	          0.0004	   1.6404	1.623e-03	   0.025	   218.430
 310	78	 4.5701	 1.0121	   1.5090	        1.5094	          0.0004	   1.6691	1.187e-03	   0.025	   218.942
 311	78	 4.5708	 1.0122	   1.5090	        1.5094	          0.0004	   1.6452	1.145e-03	   0.029	   219.456
 312	78	 4.5697	 1.0114	   1.5090	        1.5094	          0.0004	   1.5981	1.502e-03	   0.026	   219.967
 313	79	 4.5693	 1.0122	   1.5090	        1.5094	          0.0004	   1.6605	1.153e-03	   0.026	   220.475
 314	79	 4.5691	 1.0124	   1.5090	        1.5094	          0.0004	   1.6377	1.072e-03	   0.033	   221.081
 315	79	 4.5695	 1.0131	   1.5090	        1.5094	          0.0004	   1.6768	7.236e-04	   0.031	   221.682
 316	79	 4.5700	 1.0130	   1.5090	        1.5094	          0.0004	   1.6331	7.982e-04	   0.024	   222.242
 317	80	 4.5705	 1.0121	   1.5090	        1.5094	          0.0004	   1.6150	1.187e-03	   0.022	   222.754
 318	80	 4.5705	 1.0119	   1.5090	        1.5094	          0.0004	   1.6394	1.268e-03	   0.028	   223.269
 319	80	 4.5701	 1.0123	   1.5090	        1.5094	          0.0004	   1.6427	1.117e-03	   0.025	   223.782
 320	80	 4.5698	 1.0134	   1.5090	        1.5094	          0.0004	   1.6718	6.135e-04	   0.023	   224.286
 321	81	 4.5696	 1.0120	   1.5090	        1.5094	          0.0004	   1.5803	1.254e-03	   0.024	   224.809
 322	81	 4.5690	 1.0122	   1.5090	        1.5094	          0.0004	   1.6382	1.162e-03	   0.026	   225.319
 323	81	 4.5693	 1.0139	   1.5090	        1.5094	          0.0004	   1.7037	4.080e-04	   0.029	   225.837
 324	81	 4.5695	 1.0130	   1.5090	        1.5094	          0.0004	   1.6131	7.716e-04	   0.025	   226.348
 325	82	 4.5698	 1.0120	   1.5090	        1.5094	          0.0004	   1.6094	1.246e-03	   0.029	   226.897
 326	82	 4.5693	 1.0122	   1.5090	        1.5094	          0.0004	   1.6363	1.133e-03	   0.026	   227.484
 327	82	 4.5696	 1.0132	   1.5090	        1.5094	          0.0004	   1.6821	6.784e-04	   0.032	   228.056
 328	82	 4.5700	 1.0129	   1.5090	        1.5094	          0.0004	   1.6286	8.198e-04	   0.030	   228.647
 329	83	 4.5702	 1.0131	   1.5090	        1.5094	          0.0004	   1.6437	7.464e-04	   0.031	   229.293
 330	83	 4.5699	 1.0127	   1.5090	        1.5094	          0.0004	   1.6182	9.306e-04	   0.027	   229.857
 331	83	 4.5692	 1.0122	   1.5090	        1.5094	          0.0004	   1.6062	1.167e-03	   0.023	   230.406
 332	83	 4.5703	 1.0127	   1.5090	        1.5094	          0.0004	   1.6753	9.242e-04	   0.029	   230.989
 333	84	 4.5726	 1.0118	   1.5090	        1.5094	          0.0004	   1.6358	1.349e-03	   0.027	   231.502
 334	84	 4.5720	 1.0102	   1.5090	        1.5094	          0.0004	   1.5638	2.070e-03	   0.026	   232.009
 335	84	 4.5717	 1.0119	   1.5090	        1.5094	          0.0004	   1.7004	1.271e-03	   0.026	   232.528
 336	84	 4.5712	 1.0116	   1.5090	        1.5094	          0.0004	   1.6192	1.415e-03	   0.027	   233.038
 337	85	 4.5705	 1.0121	   1.5090	        1.5094	          0.0004	   1.6445	1.188e-03	   0.026	   233.556
 338	85	 4.5702	 1.0116	   1.5090	        1.5094	          0.0004	   1.6170	1.428e-03	   0.023	   234.062
 339	85	 4.5703	 1.0111	   1.5090	        1.5094	          0.0004	   1.6200	1.646e-03	   0.026	   234.579
 340	85	 4.5713	 1.0115	   1.5090	        1.5094	          0.0004	   1.6679	1.467e-03	   0.025	   235.094
 341	86	 4.5712	 1.0121	   1.5090	        1.5094	          0.0004	   1.6582	1.181e-03	   0.027	   235.604
 342	86	 4.5708	 1.0121	   1.5090	        1.5094	          0.0004	   1.6341	1.178e-03	   0.035	   236.189
 343	86	 4.5715	 1.0123	   1.5090	        1.5094	          0.0004	   1.6549	1.104e-03	   0.031	   236.793
 344	86	 4.5715	 1.0119	   1.5090	        1.5094	          0.0004	   1.6262	1.275e-03	   0.027	   237.369
 345	87	 4.5708	 1.0115	   1.5090	        1.5094	          0.0004	   1.6190	1.457e-03	   0.026	   237.877
 346	87	 4.5709	 1.0108	   1.5090	        1.5094	          0.0004	   1.6120	1.792e-03	   0.028	   238.395
 347	87	 4.5712	 1.0111	   1.5090	        1.5094	          0.0004	   1.6497	1.660e-03	   0.023	   238.907
 348	87	 4.5718	 1.0118	   1.5090	        1.5094	          0.0004	   1.6707	1.337e-03	   0.026	   239.417
 349	88	 4.5711	 1.0136	   1.5090	        1.5094	          0.0004	   1.7006	5.214e-04	   0.027	   239.938
 350	88	 4.5708	 1.0146	   1.5090	        1.5094	          0.0004	   1.6806	2.497e-04	   0.028	   240.446
 351	88	 4.5720	 1.0130	   1.5090	        1.5094	          0.0004	   1.5909	7.953e-04	   0.022	   240.960
 352	88	 4.5721	 1.0126	   1.5090	        1.5094	          0.0004	   1.6146	9.816e-04	   0.023	   241.469
 353	89	 4.5719	 1.0136	   1.5090	        1.5094	          0.0004	   1.6750	5.187e-04	   0.027	   241.988
 354	89	 4.5713	 1.0141	   1.5090	        1.5094	          0.0004	   1.6572	3.394e-04	   0.028	   242.501
 355	89	 4.5713	 1.0139	   1.5090	        1.5094	          0.0004	   1.6315	4.271e-04	   0.031	   243.024
 356	89	 4.5719	 1.0138	   1.5090	        1.5094	          0.0004	   1.6423	4.549e-04	   0.027	   243.572
 357	90	 4.5727	 1.0149	   1.5090	        1.5094	          0.0004	   1.6982	2.954e-04	   0.028	   244.160
 358	90	 4.5729	 1.0142	   1.5090	        1.5094	          0.0004	   1.6078	3.092e-04	   0.027	   244.684
 359	90	 4.5723	 1.0140	   1.5090	        1.5094	          0.0004	   1.6235	3.589e-04	   0.026	   245.192
 360	90	 4.5720	 1.0134	   1.5090	        1.5094	          0.0004	   1.6127	6.253e-04	   0.027	   245.711
 361	91	 4.5716	 1.0121	   1.5090	        1.5094	          0.0004	   1.5772	1.196e-03	   0.024	   246.225
 362	91	 4.5713	 1.0127	   1.5090	        1.5094	          0.0004	   1.6557	9.024e-04	   0.025	   246.730
 363	91	 4.5710	 1.0137	   1.5090	        1.5094	          0.0004	   1.6739	4.732e-04	   0.026	   247.253
 364	91	 4.5710	 1.0137	   1.5090	        1.5094	          0.0004	   1.6431	4.940e-04	   0.027	   247.764
 365	92	 4.5704	 1.0118	   1.5090	        1.5094	          0.0004	   1.5590	1.332e-03	   0.029	   248.282
 366	92	 4.5704	 1.0127	   1.5090	        1.5094	          0.0004	   1.6716	9.054e-04	   0.026	   248.785
 367	92	 4.5706	 1.0136	   1.5090	        1.5094	          0.0004	   1.6745	5.284e-04	   0.028	   249.304
 368	92	 4.5710	 1.0143	   1.5090	        1.5094	          0.0004	   1.6744	2.811e-04	   0.030	   249.822
 369	93	 4.5707	 1.0147	   1.5090	        1.5094	          0.0004	   1.6492	2.524e-04	   0.030	   250.329
 370	93	 4.5709	 1.0158	   1.5090	        1.5094	          0.0004	   1.6851	6.108e-04	   0.029	   250.884
 371	93	 4.5707	 1.0152	   1.5090	        1.5094	          0.0004	   1.6195	3.854e-04	   0.029	   251.504
 372	93	 4.5704	 1.0152	   1.5090	        1.5094	          0.0004	   1.6277	3.608e-04	   0.029	   252.095
 373	94	 4.5699	 1.0165	   1.5090	        1.5094	          0.0004	   1.6981	9.345e-04	   0.025	   252.600
 374	94	 4.5708	 1.0175	   1.5090	        1.5094	          0.0004	   1.6961	1.341e-03	   0.025	   253.115
 375	94	 4.5702	 1.0169	   1.5090	        1.5094	          0.0004	   1.5977	1.077e-03	   0.024	   253.630
 376	94	 4.5694	 1.0165	   1.5090	        1.5094	          0.0004	   1.6144	9.322e-04	   0.027	   254.139
 377	95	 4.5693	 1.0160	   1.5090	        1.5094	          0.0004	   1.6219	7.154e-04	   0.029	   254.661
 378	95	 4.5701	 1.0156	   1.5090	        1.5094	          0.0004	   1.6333	5.254e-04	   0.029	   255.172
 379	95	 4.5700	 1.0147	   1.5090	        1.5094	          0.0004	   1.6046	2.585e-04	   0.030	   255.711
 380	95	 4.5702	 1.0152	   1.5090	        1.5094	          0.0004	   1.6523	3.583e-04	   0.026	   256.283
 381	96	 4.5709	 1.0160	   1.5090	        1.5094	          0.0004	   1.6923	7.107e-04	   0.029	   256.848
 382	96	 4.5706	 1.0151	   1.5090	        1.5094	          0.0004	   1.5922	3.473e-04	   0.028	   257.398
 383	96	 4.5702	 1.0137	   1.5090	        1.5094	          0.0004	   1.5711	4.950e-04	   0.026	   257.933
 384	96	 4.5703	 1.0148	   1.5090	        1.5094	          0.0004	   1.6878	2.683e-04	   0.025	   258.467
 385	97	 4.5697	 1.0144	   1.5090	        1.5094	          0.0004	   1.6167	2.626e-04	   0.031	   259.040
 386	97	 4.5700	 1.0141	   1.5090	        1.5094	          0.0004	   1.6233	3.416e-04	   0.026	   259.585
 387	97	 4.5704	 1.0151	   1.5090	        1.5094	          0.0004	   1.6923	3.442e-04	   0.025	   260.093
 388	97	 4.5706	 1.0142	   1.5090	        1.5094	          0.0004	   1.6016	3.125e-04	   0.029	   260.611
 389	98	 4.5704	 1.0149	   1.5090	        1.5094	          0.0004	   1.6540	2.755e-04	   0.028	   261.121
 390	98	 4.5698	 1.0152	   1.5090	        1.5094	          0.0004	   1.6515	3.637e-04	   0.027	   261.630
 391	98	 4.5697	 1.0148	   1.5090	        1.5094	          0.0004	   1.6215	2.684e-04	   0.029	   262.153
 392	98	 4.5697	 1.0150	   1.5090	        1.5094	          0.0004	   1.6476	3.124e-04	   0.028	   262.662
 393	99	 4.5687	 1.0150	   1.5090	        1.5094	          0.0004	   1.6129	3.017e-04	   0.025	   263.179
 394	99	 4.5684	 1.0150	   1.5090	        1.5094	          0.0004	   1.6428	3.259e-04	   0.024	   263.687
 395	99	 4.5690	 1.0146	   1.5090	        1.5094	          0.0004	   1.6315	2.508e-04	   0.027	   264.206
 396	99	 4.5701	 1.0146	   1.5090	        1.5094	          0.0004	   1.6558	2.498e-04	   0.027	   264.717
 397	100	 4.5705	 1.0143	   1.5090	        1.5094	          0.0004	   1.6380	2.954e-04	   0.024	   265.222
 398	100	 4.5698	 1.0137	   1.5090	        1.5094	          0.0004	   1.6051	4.695e-04	   0.030	   265.766
 399	100	 4.5689	 1.0147	   1.5090	        1.5094	          0.0004	   1.6671	2.524e-04	   0.032	   266.387
 400	100	 4.5698	 1.0144	   1.5090	        1.5094	          0.0004	   1.6387	2.724e-04	   0.033	   266.982
 401	101	 4.5688	 1.0139	   1.5090	        1.5094	          0.0004	   1.6042	3.940e-04	   0.026	   267.502
 402	101	 4.5694	 1.0152	   1.5090	        1.5094	          0.0004	   1.7032	3.702e-04	   0.028	   268.020
 403	101	 4.5700	 1.0143	   1.5090	        1.5094	          0.0004	   1.6092	2.918e-04	   0.026	   268.532
 404	101	 4.5704	 1.0139	   1.5090	        1.5094	          0.0004	   1.6316	4.101e-04	   0.027	   269.038
 405	102	 4.5708	 1.0150	   1.5090	        1.5094	          0.0004	   1.6899	3.125e-04	   0.025	   269.560
 406	102	 4.5701	 1.0150	   1.5090	        1.5094	          0.0004	   1.6245	3.072e-04	   0.026	   270.070
 407	102	 4.5700	 1.0141	   1.5090	        1.5094	          0.0004	   1.6000	3.483e-04	   0.025	   270.586
 408	102	 4.5701	 1.0141	   1.5090	        1.5094	          0.0004	   1.6472	3.418e-04	   0.023	   271.092
 409	103	 4.5706	 1.0148	   1.5090	        1.5094	          0.0004	   1.6836	2.708e-04	   0.026	   271.612
 410	103	 4.5701	 1.0145	   1.5090	        1.5094	          0.0004	   1.6106	2.551e-04	   0.028	   272.160
 411	103	 4.5701	 1.0145	   1.5090	        1.5094	          0.0004	   1.6405	2.523e-04	   0.029	   272.674
 412	103	 4.5702	 1.0141	   1.5090	        1.5094	          0.0004	   1.6190	3.435e-04	   0.029	   273.192
 413	104	 4.5699	 1.0145	   1.5090	        1.5094	          0.0004	   1.6468	2.541e-04	   0.033	   273.741
 414	104	 4.5702	 1.0144	   1.5090	        1.5094	          0.0004	   1.6403	2.734e-04	   0.029	   274.311
 415	104	 4.5701	 1.0137	   1.5090	        1.5094	          0.0004	   1.6134	4.748e-04	   0.026	   274.816
 416	104	 4.5705	 1.0138	   1.5090	        1.5094	          0.0004	   1.6493	4.597e-04	   0.025	   275.334
 417	105	 4.5704	 1.0142	   1.5090	        1.5094	          0.0004	   1.6566	3.207e-04	   0.026	   275.849
 418	105	 4.5700	 1.0147	   1.5090	        1.5094	          0.0004	   1.6575	2.536e-04	   0.027	   276.357
 419	105	 4.5698	 1.0139	   1.5090	        1.5094	          0.0004	   1.5962	4.035e-04	   0.027	   276.876
 420	105	 4.5698	 1.0144	   1.5090	        1.5094	          0.0004	   1.6669	2.627e-04	   0.024	   277.383
 421	106	 4.5693	 1.0149	   1.5090	        1.5094	          0.0004	   1.6551	2.841e-04	   0.025	   277.902
 422	106	 4.5700	 1.0163	   1.5090	        1.5094	          0.0004	   1.7192	8.435e-04	   0.025	   278.409
 423	106	 4.5699	 1.0167	   1.5090	        1.5094	          0.0004	   1.6566	1.012e-03	   0.030	   278.928
 424	106	 4.5695	 1.0146	   1.5090	        1.5094	          0.0004	   1.5330	2.504e-04	   0.028	   279.443
 425	107	 4.5695	 1.0137	   1.5090	        1.5094	          0.0004	   1.5936	4.885e-04	   0.027	   279.952
 426	107	 4.5688	 1.0137	   1.5090	        1.5094	          0.0004	   1.6269	4.829e-04	   0.029	   280.476
 427	107	 4.5693	 1.0133	   1.5090	        1.5094	          0.0004	   1.6222	6.773e-04	   0.032	   281.088
 428	107	 4.5695	 1.0139	   1.5090	        1.5094	          0.0004	   1.6750	4.175e-04	   0.030	   281.691
 429	108	 4.5701	 1.0132	   1.5090	        1.5094	          0.0004	   1.6165	6.816e-04	   0.024	   282.224
 430	108	 4.5700	 1.0132	   1.5090	        1.5094	          0.0004	   1.6320	7.183e-04	   0.026	   282.741
 431	108	 4.5701	 1.0144	   1.5090	        1.5094	          0.0004	   1.6976	2.748e-04	   0.025	   283.253
 432	108	 4.5694	 1.0138	   1.5090	        1.5094	          0.0004	   1.5987	4.361e-04	   0.027	   283.785
 433	109	 4.5694	 1.0154	   1.5090	        1.5094	          0.0004	   1.7189	4.644e-04	   0.031	   284.375
 434	109	 4.5689	 1.0147	   1.5090	        1.5094	          0.0004	   1.5975	2.585e-04	   0.027	   284.949
 435	109	 4.5692	 1.0142	   1.5090	        1.5094	          0.0004	   1.6143	3.167e-04	   0.031	   285.530
 436	109	 4.5694	 1.0141	   1.5090	        1.5094	          0.0004	   1.6397	3.431e-04	   0.029	   286.103
 437	110	 4.5691	 1.0147	   1.5090	        1.5094	          0.0004	   1.6606	2.531e-04	   0.032	   286.696
 438	110	 4.5686	 1.0142	   1.5090	        1.5094	          0.0004	   1.6096	3.210e-04	   0.030	   287.265
 439	110	 4.5694	 1.0137	   1.5090	        1.5094	          0.0004	   1.6253	4.869e-04	   0.026	   287.801
 440	110	 4.5697	 1.0137	   1.5090	        1.5094	          0.0004	   1.6429	5.037e-04	   0.026	   288.327
 441	111	 4.5697	 1.0134	   1.5090	        1.5094	          0.0004	   1.6260	6.049e-04	   0.031	   288.857
 442	111	 4.5696	 1.0145	   1.5090	        1.5094	          0.0004	   1.6921	2.540e-04	   0.028	   289.442
 443	111	 4.5702	 1.0133	   1.5090	        1.5094	          0.0004	   1.5861	6.606e-04	   0.022	   289.945
 444	111	 4.5699	 1.0130	   1.5090	        1.5094	          0.0004	   1.6216	8.037e-04	   0.026	   290.466
 445	112	 4.5702	 1.0132	   1.5090	        1.5094	          0.0004	   1.6595	7.097e-04	   0.026	   290.979
 446	112	 4.5696	 1.0117	   1.5090	        1.5094	          0.0004	   1.5511	1.370e-03	   0.029	   291.488
 447	112	 4.5697	 1.0120	   1.5090	        1.5094	          0.0004	   1.6615	1.223e-03	   0.029	   292.011
 448	112	 4.5696	 1.0127	   1.5090	        1.5094	          0.0004	   1.6668	9.344e-04	   0.027	   292.521
 449	113	 4.5698	 1.0130	   1.5090	        1.5094	          0.0004	   1.6531	8.096e-04	   0.027	   293.038
 450	113	 4.5688	 1.0132	   1.5090	        1.5094	          0.0004	   1.6404	6.917e-04	   0.025	   293.542
 451	113	 4.5692	 1.0131	   1.5090	        1.5094	          0.0004	   1.6374	7.313e-04	   0.028	   294.061
 452	113	 4.5695	 1.0138	   1.5090	        1.5094	          0.0004	   1.6814	4.672e-04	   0.025	   294.575
 453	114	 4.5695	 1.0134	   1.5090	        1.5094	          0.0004	   1.6294	6.028e-04	   0.025	   295.082
 454	114	 4.5694	 1.0128	   1.5090	        1.5094	          0.0004	   1.6057	8.601e-04	   0.025	   295.602
 455	114	 4.5701	 1.0126	   1.5090	        1.5094	          0.0004	   1.6416	9.565e-04	   0.030	   296.201
 456	114	 4.5703	 1.0132	   1.5090	        1.5094	          0.0004	   1.6698	6.965e-04	   0.032	   296.812
 457	115	 4.5701	 1.0136	   1.5090	        1.5094	          0.0004	   1.6549	5.157e-04	   0.026	   297.359
 458	115	 4.5703	 1.0130	   1.5090	        1.5094	          0.0004	   1.6101	8.041e-04	   0.029	   297.874
 459	115	 4.5694	 1.0138	   1.5090	        1.5094	          0.0004	   1.6638	4.680e-04	   0.024	   298.364
 460	115	 4.5692	 1.0133	   1.5090	        1.5094	          0.0004	   1.6115	6.586e-04	   0.029	   298.852
 461	116	 4.5688	 1.0133	   1.5090	        1.5094	          0.0004	   1.6264	6.725e-04	   0.025	   299.333
 462	116	 4.5692	 1.0136	   1.5090	        1.5094	          0.0004	   1.6681	5.286e-04	   0.025	   299.813
 463	116	 4.5693	 1.0141	   1.5090	        1.5094	          0.0004	   1.6585	3.545e-04	   0.029	   300.303
 464	116	 4.5691	 1.0138	   1.5090	        1.5094	          0.0004	   1.6241	4.572e-04	   0.029	   300.776
 465	117	 4.5693	 1.0133	   1.5090	        1.5094	          0.0004	   1.6200	6.649e-04	   0.025	   301.234
 466	117	 4.5690	 1.0134	   1.5090	        1.5094	          0.0004	   1.6365	6.088e-04	   0.025	   301.664
 467	117	 4.5690	 1.0136	   1.5090	        1.5094	          0.0004	   1.6547	5.165e-04	   0.026	   302.079
 468	117	 4.5692	 1.0134	   1.5090	        1.5094	          0.0004	   1.6259	6.202e-04	   0.028	   302.506
 469	118	 4.5688	 1.0135	   1.5090	        1.5094	          0.0004	   1.6429	5.922e-04	   0.026	   302.920
 470	118	 4.5693	 1.0129	   1.5090	        1.5094	          0.0004	   1.6176	8.252e-04	   0.029	   303.430
 471	118	 4.5698	 1.0143	   1.5090	        1.5094	          0.0004	   1.7130	2.861e-04	   0.028	   303.845
 472	118	 4.5696	 1.0138	   1.5090	        1.5094	          0.0004	   1.6155	4.335e-04	   0.027	   304.267
 473	119	 4.5698	 1.0137	   1.5090	        1.5094	          0.0004	   1.6375	4.832e-04	   0.025	   304.686
 474	119	 4.5696	 1.0137	   1.5090	        1.5094	          0.0004	   1.6366	4.873e-04	   0.026	   305.101
 475	119	 4.5697	 1.0141	   1.5090	        1.5094	          0.0004	   1.6600	3.434e-04	   0.028	   305.528
 476	119	 4.5696	 1.0134	   1.5090	        1.5094	          0.0004	   1.6001	6.298e-04	   0.024	   305.940
 477	120	 4.5693	 1.0133	   1.5090	        1.5094	          0.0004	   1.6288	6.756e-04	   0.028	   306.363
 478	120	 4.5690	 1.0141	   1.5090	        1.5094	          0.0004	   1.6731	3.535e-04	   0.028	   306.778
 479	120	 4.5695	 1.0138	   1.5090	        1.5094	          0.0004	   1.6386	4.325e-04	   0.027	   307.200
 480	120	 4.5697	 1.0131	   1.5090	        1.5094	          0.0004	   1.5994	7.643e-04	   0.025	   307.618
 481	121	 4.5699	 1.0123	   1.5090	        1.5094	          0.0004	   1.6027	1.120e-03	   0.026	   308.033
 482	121	 4.5693	 1.0136	   1.5090	        1.5094	          0.0004	   1.7051	5.204e-04	   0.028	   308.461
 483	121	 4.5694	 1.0139	   1.5090	        1.5094	          0.0004	   1.6515	4.136e-04	   0.032	   308.933
 484	121	 4.5696	 1.0135	   1.5090	        1.5094	          0.0004	   1.6156	5.913e-04	   0.033	   309.454
 485	122	 4.5693	 1.0139	   1.5090	        1.5094	          0.0004	   1.6651	4.159e-04	   0.028	   309.930
 486	122	 4.5694	 1.0134	   1.5090	        1.5094	          0.0004	   1.6190	5.950e-04	   0.029	   310.357
 487	122	 4.5694	 1.0130	   1.5090	        1.5094	          0.0004	   1.6107	7.753e-04	   0.030	   310.829
 488	122	 4.5693	 1.0133	   1.5090	        1.5094	          0.0004	   1.6451	6.537e-04	   0.029	   311.310
 489	123	 4.5700	 1.0130	   1.5090	        1.5094	          0.0004	   1.6397	7.674e-04	   0.028	   311.755
 490	123	 4.5697	 1.0128	   1.5090	        1.5094	          0.0004	   1.6206	8.903e-04	   0.024	   312.167
 491	123	 4.5694	 1.0137	   1.5090	        1.5094	          0.0004	   1.6831	4.696e-04	   0.030	   312.618
 492	123	 4.5692	 1.0135	   1.5090	        1.5094	          0.0004	   1.6199	5.848e-04	   0.029	   313.061
 493	124	 4.5695	 1.0139	   1.5090	        1.5094	          0.0004	   1.6709	4.093e-04	   0.027	   313.497
 494	124	 4.5694	 1.0132	   1.5090	        1.5094	          0.0004	   1.6023	6.978e-04	   0.026	   313.916
 495	124	 4.5693	 1.0134	   1.5090	        1.5094	          0.0004	   1.6416	6.327e-04	   0.027	   314.331
 496	124	 4.5694	 1.0135	   1.5090	        1.5094	          0.0004	   1.6443	5.878e-04	   0.029	   314.759
 497	125	 4.5690	 1.0140	   1.5090	        1.5094	          0.0004	   1.6588	3.734e-04	   0.024	   315.170
 498	125	 4.5689	 1.0142	   1.5090	        1.5094	          0.0004	   1.6512	3.116e-04	   0.030	   315.671
 499	125	 4.5693	 1.0134	   1.5090	        1.5094	          0.0004	   1.6057	6.012e-04	   0.028	   316.098
 500	125	 4.5690	 1.0137	   1.5090	        1.5094	          0.0004	   1.6489	4.729e-04	   0.027	   316.519
 501	126	 4.5693	 1.0137	   1.5090	        1.5094	          0.0004	   1.6442	4.932e-04	   0.026	   316.938
 502	126	 4.5693	 1.0145	   1.5090	        1.5094	          0.0004	   1.6773	2.585e-04	   0.027	   317.353
 503	126	 4.5694	 1.0142	   1.5090	        1.5094	          0.0004	   1.6267	3.068e-04	   0.029	   317.781
 504	126	 4.5694	 1.0134	   1.5090	        1.5094	          0.0004	   1.5933	6.164e-04	   0.025	   318.192
 505	127	 4.5692	 1.0138	   1.5090	        1.5094	          0.0004	   1.6669	4.455e-04	   0.028	   318.615
 506	127	 4.5687	 1.0143	   1.5090	        1.5094	          0.0004	   1.6596	2.944e-04	   0.028	   319.031
 507	127	 4.5693	 1.0137	   1.5090	        1.5094	          0.0004	   1.6144	5.023e-04	   0.027	   319.452
 508	127	 4.5695	 1.0136	   1.5090	        1.5094	          0.0004	   1.6286	5.159e-04	   0.026	   319.871
 509	128	 4.5698	 1.0129	   1.5090	        1.5094	          0.0004	   1.6058	8.206e-04	   0.026	   320.286
 510	128	 4.5697	 1.0134	   1.5090	        1.5094	          0.0004	   1.6601	6.104e-04	   0.029	   320.714
 511	128	 4.5697	 1.0123	   1.5090	        1.5094	          0.0004	   1.5782	1.086e-03	   0.029	   321.160
 512	128	 4.5699	 1.0134	   1.5090	        1.5094	          0.0004	   1.7033	6.189e-04	   0.031	   321.693
 513	129	 4.5696	 1.0127	   1.5090	        1.5094	          0.0004	   1.5929	9.218e-04	   0.029	   322.182
 514	129	 4.5696	 1.0125	   1.5090	        1.5094	          0.0004	   1.6299	1.005e-03	   0.027	   322.604
 515	129	 4.5697	 1.0141	   1.5090	        1.5094	          0.0004	   1.7239	3.555e-04	   0.026	   323.023
 516	129	 4.5702	 1.0131	   1.5090	        1.5094	          0.0004	   1.6004	7.324e-04	   0.026	   323.438
 517	130	 4.5700	 1.0125	   1.5090	        1.5094	          0.0004	   1.6016	1.009e-03	   0.028	   323.866
 518	130	 4.5700	 1.0122	   1.5090	        1.5094	          0.0004	   1.6312	1.126e-03	   0.024	   324.277
 519	130	 4.5695	 1.0131	   1.5090	        1.5094	          0.0004	   1.6734	7.600e-04	   0.030	   324.731
 520	130	 4.5696	 1.0129	   1.5090	        1.5094	          0.0004	   1.6307	8.133e-04	   0.028	   325.154
 521	131	 4.5700	 1.0132	   1.5090	        1.5094	          0.0004	   1.6549	7.190e-04	   0.026	   325.576
 522	131	 4.5705	 1.0147	   1.5090	        1.5094	          0.0004	   1.7421	2.572e-04	   0.025	   325.994
 523	131	 4.5697	 1.0135	   1.5090	        1.5094	          0.0004	   1.5538	5.696e-04	   0.026	   326.409
 524	131	 4.5695	 1.0127	   1.5090	        1.5094	          0.0004	   1.5859	9.335e-04	   0.028	   326.837
 525	132	 4.5694	 1.0119	   1.5090	        1.5094	          0.0004	   1.5889	1.268e-03	   0.024	   327.248
 526	132	 4.5693	 1.0122	   1.5090	        1.5094	          0.0004	   1.6578	1.156e-03	   0.034	   327.734
 527	132	 4.5694	 1.0120	   1.5090	        1.5094	          0.0004	   1.6300	1.246e-03	   0.028	   328.176
 528	132	 4.5697	 1.0116	   1.5090	        1.5094	          0.0004	   1.6216	1.429e-03	   0.027	   328.597
 529	133	 4.5699	 1.0121	   1.5090	        1.5094	          0.0004	   1.6692	1.208e-03	   0.025	   329.016
 530	133	 4.5698	 1.0116	   1.5090	        1.5094	          0.0004	   1.6013	1.448e-03	   0.026	   329.432
 531	133	 4.5698	 1.0115	   1.5090	        1.5094	          0.0004	   1.6368	1.483e-03	   0.028	   329.859
 532	133	 4.5701	 1.0117	   1.5090	        1.5094	          0.0004	   1.6568	1.379e-03	   0.024	   330.270
 533	134	 4.5700	 1.0109	   1.5090	        1.5094	          0.0004	   1.5866	1.759e-03	   0.028	   330.693
 534	134	 4.5701	 1.0106	   1.5090	        1.5094	          0.0004	   1.6215	1.912e-03	   0.028	   331.109
 535	134	 4.5705	 1.0107	   1.5090	        1.5094	          0.0004	   1.6557	1.833e-03	   0.027	   331.530
 536	134	 4.5700	 1.0118	   1.5090	        1.5094	          0.0004	   1.6992	1.322e-03	   0.025	   331.949
 537	135	 4.5696	 1.0113	   1.5090	        1.5094	          0.0004	   1.6014	1.563e-03	   0.026	   332.364
 538	135	 4.5691	 1.0105	   1.5090	        1.5094	          0.0004	   1.5755	1.937e-03	   0.028	   332.792
 539	135	 4.5693	 1.0112	   1.5090	        1.5094	          0.0004	   1.6865	1.597e-03	   0.031	   333.228
 540	135	 4.5702	 1.0111	   1.5090	        1.5094	          0.0004	   1.6506	1.672e-03	   0.038	   333.818
 541	136	 4.5704	 1.0109	   1.5090	        1.5094	          0.0004	   1.6248	1.765e-03	   0.036	   334.385
 542	136	 4.5707	 1.0109	   1.5090	        1.5094	          0.0004	   1.6444	1.765e-03	   0.031	   334.884
 543	136	 4.5707	 1.0108	   1.5090	        1.5094	          0.0004	   1.6345	1.797e-03	   0.027	   335.361
 544	136	 4.5703	 1.0104	   1.5090	        1.5094	          0.0004	   1.6046	1.963e-03	   0.028	   335.818
 545	137	 4.5704	 1.0112	   1.5090	        1.5094	          0.0004	   1.6798	1.630e-03	   0.032	   336.294
 546	137	 4.5705	 1.0105	   1.5090	        1.5094	          0.0004	   1.6026	1.938e-03	   0.025	   336.743
 547	137	 4.5702	 1.0116	   1.5090	        1.5094	          0.0004	   1.7121	1.408e-03	   0.030	   337.188
 548	137	 4.5701	 1.0109	   1.5090	        1.5094	          0.0004	   1.5833	1.772e-03	   0.028	   337.608
 549	138	 4.5700	 1.0106	   1.5090	        1.5094	          0.0004	   1.6237	1.870e-03	   0.026	   338.030
 550	138	 4.5700	 1.0125	   1.5090	        1.5094	          0.0004	   1.7588	9.917e-04	   0.025	   338.449
 551	138	 4.5701	 1.0126	   1.5090	        1.5094	          0.0004	   1.6504	9.500e-04	   0.026	   338.864
 552	138	 4.5696	 1.0112	   1.5090	        1.5094	          0.0004	   1.5333	1.612e-03	   0.028	   339.291
 553	139	 4.5696	 1.0119	   1.5090	        1.5094	          0.0004	   1.6778	1.303e-03	   0.024	   339.703
 554	139	 4.5700	 1.0120	   1.5090	        1.5094	          0.0004	   1.6526	1.245e-03	   0.032	   340.161
 555	139	 4.5698	 1.0126	   1.5090	        1.5094	          0.0004	   1.6720	9.846e-04	   0.028	   340.630
 556	139	 4.5690	 1.0120	   1.5090	        1.5094	          0.0004	   1.5848	1.250e-03	   0.027	   341.052
 557	140	 4.5690	 1.0122	   1.5090	        1.5094	          0.0004	   1.6492	1.161e-03	   0.025	   341.471
 558	140	 4.5689	 1.0123	   1.5090	        1.5094	          0.0004	   1.6460	1.094e-03	   0.026	   341.886
 559	140	 4.5688	 1.0122	   1.5090	        1.5094	          0.0004	   1.6324	1.129e-03	   0.028	   342.313
 560	140	 4.5689	 1.0119	   1.5090	        1.5094	          0.0004	   1.6180	1.277e-03	   0.024	   342.725
 561	141	 4.5694	 1.0122	   1.5090	        1.5094	          0.0004	   1.6612	1.150e-03	   0.028	   343.148
 562	141	 4.5692	 1.0122	   1.5090	        1.5094	          0.0004	   1.6371	1.151e-03	   0.028	   343.564
 563	141	 4.5692	 1.0126	   1.5090	        1.5094	          0.0004	   1.6639	9.613e-04	   0.027	   343.985
 564	141	 4.5687	 1.0123	   1.5090	        1.5094	          0.0004	   1.6131	1.098e-03	   0.025	   344.404
 565	142	 4.5686	 1.0117	   1.5090	        1.5094	          0.0004	   1.5960	1.368e-03	   0.026	   344.819
 566	142	 4.5687	 1.0120	   1.5090	        1.5094	          0.0004	   1.6610	1.250e-03	   0.028	   345.247
 567	142	 4.5685	 1.0121	   1.5090	        1.5094	          0.0004	   1.6384	1.200e-03	   0.026	   345.660
 568	142	 4.5687	 1.0121	   1.5090	        1.5094	          0.0004	   1.6422	1.214e-03	   0.034	   346.189
 569	143	 4.5685	 1.0126	   1.5090	        1.5094	          0.0004	   1.6712	9.532e-04	   0.031	   346.688
 570	143	 4.5683	 1.0135	   1.5090	        1.5094	          0.0004	   1.6873	5.903e-04	   0.027	   347.137
 571	143	 4.5686	 1.0128	   1.5090	        1.5094	          0.0004	   1.6052	8.570e-04	   0.025	   347.556
 572	143	 4.5690	 1.0119	   1.5090	        1.5094	          0.0004	   1.5918	1.273e-03	   0.026	   347.944
 573	144	 4.5689	 1.0110	   1.5090	        1.5094	          0.0004	   1.5783	1.723e-03	   0.026	   348.363
 574	144	 4.5685	 1.0115	   1.5090	        1.5094	          0.0004	   1.6602	1.473e-03	   0.022	   348.773
 575	144	 4.5691	 1.0109	   1.5090	        1.5094	          0.0004	   1.6125	1.732e-03	   0.026	   349.165
 576	144	 4.5690	 1.0113	   1.5090	        1.5094	          0.0004	   1.6626	1.563e-03	   0.024	   349.549
 577	145	 4.5696	 1.0119	   1.5090	        1.5094	          0.0004	   1.6980	1.267e-03	   0.022	   349.938
 578	145	 4.5697	 1.0117	   1.5090	        1.5094	          0.0004	   1.6181	1.390e-03	   0.026	   350.331
 579	145	 4.5691	 1.0125	   1.5090	        1.5094	          0.0004	   1.6835	1.005e-03	   0.025	   350.716
 580	145	 4.5690	 1.0116	   1.5090	        1.5094	          0.0004	   1.5722	1.434e-03	   0.024	   351.110
 581	146	 4.5693	 1.0112	   1.5090	        1.5094	          0.0004	   1.6192	1.595e-03	   0.021	   351.492
 582	146	 4.5687	 1.0110	   1.5090	        1.5094	          0.0004	   1.5999	1.726e-03	   0.030	   351.902
 583	146	 4.5690	 1.0114	   1.5090	        1.5094	          0.0004	   1.6756	1.538e-03	   0.024	   352.357
 584	146	 4.5693	 1.0118	   1.5090	        1.5094	          0.0004	   1.6807	1.337e-03	   0.023	   352.747
 585	147	 4.5698	 1.0117	   1.5090	        1.5094	          0.0004	   1.6440	1.373e-03	   0.026	   353.139
 586	147	 4.5696	 1.0107	   1.5090	        1.5094	          0.0004	   1.5651	1.855e-03	   0.024	   353.525
 587	147	 4.5695	 1.0108	   1.5090	        1.5094	          0.0004	   1.6412	1.780e-03	   0.024	   353.918
 588	147	 4.5694	 1.0115	   1.5090	        1.5094	          0.0004	   1.6791	1.494e-03	   0.022	   354.300
 589	148	 4.5698	 1.0112	   1.5090	        1.5094	          0.0004	   1.6331	1.600e-03	   0.025	   354.692
 590	148	 4.5700	 1.0113	   1.5090	        1.5094	          0.0004	   1.6542	1.549e-03	   0.024	   355.076
 591	148	 4.5696	 1.0111	   1.5090	        1.5094	          0.0004	   1.6133	1.655e-03	   0.023	   355.465
 592	148	 4.5693	 1.0110	   1.5090	        1.5094	          0.0004	   1.6152	1.714e-03	   0.026	   355.858
 593	149	 4.5692	 1.0110	   1.5090	        1.5094	          0.0004	   1.6413	1.691e-03	   0.025	   356.243
 594	149	 4.5693	 1.0114	   1.5090	        1.5094	          0.0004	   1.6652	1.498e-03	   0.027	   356.667
 595	149	 4.5692	 1.0115	   1.5090	        1.5094	          0.0004	   1.6372	1.474e-03	   0.025	   357.130
 596	149	 4.5691	 1.0117	   1.5090	        1.5094	          0.0004	   1.6564	1.370e-03	   0.031	   357.638
 597	150	 4.5687	 1.0115	   1.5090	        1.5094	          0.0004	   1.6082	1.486e-03	   0.028	   358.113
 598	150	 4.5689	 1.0116	   1.5090	        1.5094	          0.0004	   1.6411	1.447e-03	   0.023	   358.545
 599	150	 4.5690	 1.0121	   1.5090	        1.5094	          0.0004	   1.6781	1.181e-03	   0.026	   358.937
 600	150	 4.5691	 1.0123	   1.5090	        1.5094	          0.0004	   1.6619	1.105e-03	   0.027	   359.351
 601	151	 4.5693	 1.0117	   1.5090	        1.5094	          0.0004	   1.5982	1.387e-03	   0.025	   359.772
 602	151	 4.5692	 1.0117	   1.5090	        1.5094	          0.0004	   1.6367	1.389e-03	   0.022	   360.169
 603	151	 4.5686	 1.0127	   1.5090	        1.5094	          0.0004	   1.6968	9.279e-04	   0.026	   360.561
 604	151	 4.5690	 1.0122	   1.5090	        1.5094	          0.0004	   1.6148	1.166e-03	   0.024	   360.945
 605	152	 4.5693	 1.0129	   1.5090	        1.5094	          0.0004	   1.6996	8.331e-04	   0.023	   361.334
 606	152	 4.5691	 1.0120	   1.5090	        1.5094	          0.0004	   1.5765	1.220e-03	   0.026	   361.727
 607	152	 4.5694	 1.0113	   1.5090	        1.5094	          0.0004	   1.5949	1.547e-03	   0.025	   362.112
 608	152	 4.5688	 1.0121	   1.5090	        1.5094	          0.0004	   1.6754	1.203e-03	   0.025	   362.506
 609	153	 4.5687	 1.0123	   1.5090	        1.5094	          0.0004	   1.6507	1.102e-03	   0.022	   362.888
 610	153	 4.5691	 1.0120	   1.5090	        1.5094	          0.0004	   1.6149	1.248e-03	   0.028	   363.282
 611	153	 4.5687	 1.0115	   1.5090	        1.5094	          0.0004	   1.5998	1.464e-03	   0.026	   363.753
 612	153	 4.5690	 1.0117	   1.5090	        1.5094	          0.0004	   1.6637	1.378e-03	   0.023	   364.143
 613	154	 4.5691	 1.0119	   1.5090	        1.5094	          0.0004	   1.6591	1.281e-03	   0.026	   364.535
 614	154	 4.5692	 1.0120	   1.5090	        1.5094	          0.0004	   1.6518	1.230e-03	   0.025	   364.921
 615	154	 4.5692	 1.0117	   1.5090	        1.5094	          0.0004	   1.6093	1.390e-03	   0.025	   365.314
 616	154	 4.5690	 1.0115	   1.5090	        1.5094	          0.0004	   1.6225	1.479e-03	   0.022	   365.696
 617	155	 4.5689	 1.0125	   1.5090	        1.5094	          0.0004	   1.7053	1.015e-03	   0.026	   366.088
 618	155	 4.5695	 1.0121	   1.5090	        1.5094	          0.0004	   1.6247	1.211e-03	   0.024	   366.472
 619	155	 4.5698	 1.0112	   1.5090	        1.5094	          0.0004	   1.5896	1.590e-03	   0.023	   366.861
 620	155	 4.5692	 1.0109	   1.5090	        1.5094	          0.0004	   1.5996	1.730e-03	   0.026	   367.254
 621	156	 4.5693	 1.0110	   1.5090	        1.5094	          0.0004	   1.6464	1.686e-03	   0.025	   367.639
 622	156	 4.5691	 1.0116	   1.5090	        1.5094	          0.0004	   1.6617	1.447e-03	   0.025	   368.033
 623	156	 4.5691	 1.0109	   1.5090	        1.5094	          0.0004	   1.5960	1.766e-03	   0.022	   368.415
 624	156	 4.5691	 1.0109	   1.5090	        1.5094	          0.0004	   1.6356	1.765e-03	   0.033	   368.868
 625	157	 4.5688	 1.0106	   1.5090	        1.5094	          0.0004	   1.6080	1.908e-03	   0.029	   369.350
 626	157	 4.5686	 1.0115	   1.5090	        1.5094	          0.0004	   1.6946	1.473e-03	   0.023	   369.799
 627	157	 4.5686	 1.0106	   1.5090	        1.5094	          0.0004	   1.5735	1.894e-03	   0.026	   370.192
 628	157	 4.5691	 1.0106	   1.5090	        1.5094	          0.0004	   1.6546	1.910e-03	   0.027	   370.608
 629	158	 4.5693	 1.0101	   1.5090	        1.5094	          0.0004	   1.6143	2.103e-03	   0.024	   371.009
 630	158	 4.5693	 1.0118	   1.5090	        1.5094	          0.0004	   1.7576	1.352e-03	   0.022	   371.391
 631	158	 4.5693	 1.0112	   1.5090	        1.5094	          0.0004	   1.5951	1.627e-03	   0.026	   371.783
 632	158	 4.5689	 1.0112	   1.5090	        1.5094	          0.0004	   1.6326	1.599e-03	   0.024	   372.167
 633	159	 4.5691	 1.0109	   1.5090	        1.5094	          0.0004	   1.6174	1.770e-03	   0.023	   372.556
 634	159	 4.5688	 1.0120	   1.5090	        1.5094	          0.0004	   1.7136	1.247e-03	   0.026	   372.948
 635	159	 4.5685	 1.0118	   1.5090	        1.5094	          0.0004	   1.6184	1.330e-03	   0.025	   373.334
 636	159	 4.5684	 1.0116	   1.5090	        1.5094	          0.0004	   1.6165	1.442e-03	   0.025	   373.727
 637	160	 4.5682	 1.0110	   1.5090	        1.5094	          0.0004	   1.5949	1.704e-03	   0.022	   374.109
 638	160	 4.5679	 1.0115	   1.5090	        1.5094	          0.0004	   1.6638	1.493e-03	   0.026	   374.501
 639	160	 4.5682	 1.0112	   1.5090	        1.5094	          0.0004	   1.6277	1.589e-03	   0.026	   374.962
 640	160	 4.5683	 1.0117	   1.5090	        1.5094	          0.0004	   1.6737	1.383e-03	   0.023	   375.363
 641	161	 4.5679	 1.0119	   1.5090	        1.5094	          0.0004	   1.6384	1.306e-03	   0.026	   375.756
 642	161	 4.5677	 1.0123	   1.5090	        1.5094	          0.0004	   1.6682	1.122e-03	   0.025	   376.141
 643	161	 4.5675	 1.0115	   1.5090	        1.5094	          0.0004	   1.5762	1.490e-03	   0.025	   376.534
 644	161	 4.5680	 1.0111	   1.5090	        1.5094	          0.0004	   1.6162	1.674e-03	   0.022	   376.917
 645	162	 4.5678	 1.0106	   1.5090	        1.5094	          0.0004	   1.5964	1.899e-03	   0.026	   377.308
 646	162	 4.5677	 1.0107	   1.5090	        1.5094	          0.0004	   1.6415	1.860e-03	   0.024	   377.693
 647	162	 4.5680	 1.0101	   1.5090	        1.5094	          0.0004	   1.6110	2.104e-03	   0.027	   378.117
 648	162	 4.5679	 1.0113	   1.5090	        1.5094	          0.0004	   1.7197	1.560e-03	   0.031	   378.610
 649	163	 4.5676	 1.0113	   1.5090	        1.5094	          0.0004	   1.6290	1.570e-03	   0.029	   379.090
 650	163	 4.5677	 1.0106	   1.5090	        1.5094	          0.0004	   1.5906	1.905e-03	   0.029	   379.561
 651	163	 4.5674	 1.0110	   1.5090	        1.5094	          0.0004	   1.6576	1.714e-03	   0.024	   379.981
 652	163	 4.5677	 1.0114	   1.5090	        1.5094	          0.0004	   1.6775	1.526e-03	   0.031	   380.429
 653	164	 4.5679	 1.0112	   1.5090	        1.5094	          0.0004	   1.6321	1.624e-03	   0.027	   380.933
 654	164	 4.5676	 1.0115	   1.5090	        1.5094	          0.0004	   1.6515	1.474e-03	   0.026	   381.404
 655	164	 4.5684	 1.0113	   1.5090	        1.5094	          0.0004	   1.6477	1.552e-03	   0.027	   381.832
 656	164	 4.5680	 1.0114	   1.5090	        1.5094	          0.0004	   1.6361	1.500e-03	   0.027	   382.240
 657	165	 4.5680	 1.0107	   1.5090	        1.5094	          0.0004	   1.5797	1.824e-03	   0.025	   382.638
 658	165	 4.5682	 1.0110	   1.5090	        1.5094	          0.0004	   1.6594	1.686e-03	   0.022	   383.020
 659	165	 4.5685	 1.0114	   1.5090	        1.5094	          0.0004	   1.6767	1.523e-03	   0.026	   383.412
 660	165	 4.5681	 1.0113	   1.5090	        1.5094	          0.0004	   1.6265	1.572e-03	   0.024	   383.796
 661	166	 4.5683	 1.0118	   1.5090	        1.5094	          0.0004	   1.6763	1.333e-03	   0.023	   384.186
 662	166	 4.5680	 1.0115	   1.5090	        1.5094	          0.0004	   1.6154	1.476e-03	   0.026	   384.578
 663	166	 4.5685	 1.0111	   1.5090	        1.5094	          0.0004	   1.6241	1.664e-03	   0.025	   384.963
 664	166	 4.5683	 1.0113	   1.5090	        1.5094	          0.0004	   1.6372	1.575e-03	   0.025	   385.357
 665	167	 4.5684	 1.0115	   1.5090	        1.5094	          0.0004	   1.6614	1.457e-03	   0.022	   385.739
 666	167	 4.5681	 1.0123	   1.5090	        1.5094	          0.0004	   1.6858	1.121e-03	   0.026	   386.131
 667	167	 4.5682	 1.0118	   1.5090	        1.5094	          0.0004	   1.6103	1.313e-03	   0.030	   386.578
 668	167	 4.5680	 1.0115	   1.5090	        1.5094	          0.0004	   1.6020	1.477e-03	   0.023	   386.993
 669	168	 4.5678	 1.0113	   1.5090	        1.5094	          0.0004	   1.6243	1.584e-03	   0.026	   387.386
 670	168	 4.5676	 1.0114	   1.5090	        1.5094	          0.0004	   1.6401	1.529e-03	   0.025	   387.771
 671	168	 4.5675	 1.0113	   1.5090	        1.5094	          0.0004	   1.6263	1.563e-03	   0.025	   388.165
 672	168	 4.5681	 1.0112	   1.5090	        1.5094	          0.0004	   1.6350	1.623e-03	   0.022	   388.547
 673	169	 4.5680	 1.0112	   1.5090	        1.5094	          0.0004	   1.6384	1.621e-03	   0.026	   388.939
 674	169	 4.5684	 1.0109	   1.5090	        1.5094	          0.0004	   1.6309	1.764e-03	   0.024	   389.323
 675	169	 4.5679	 1.0104	   1.5090	        1.5094	          0.0004	   1.5951	1.964e-03	   0.023	   389.712
 676	169	 4.5678	 1.0111	   1.5090	        1.5094	          0.0004	   1.6761	1.655e-03	   0.026	   390.105
 677	170	 4.5677	 1.0105	   1.5090	        1.5094	          0.0004	   1.5818	1.944e-03	   0.025	   390.490
 678	170	 4.5679	 1.0110	   1.5090	        1.5094	          0.0004	   1.6848	1.705e-03	   0.025	   390.883
 679	170	 4.5677	 1.0110	   1.5090	        1.5094	          0.0004	   1.6337	1.695e-03	   0.022	   391.266
 680	170	 4.5679	 1.0119	   1.5090	        1.5094	          0.0004	   1.7163	1.284e-03	   0.030	   391.676
 681	171	 4.5674	 1.0121	   1.5090	        1.5094	          0.0004	   1.6429	1.207e-03	   0.030	   392.172
 682	171	 4.5674	 1.0113	   1.5090	        1.5094	          0.0004	   1.5713	1.582e-03	   0.029	   392.648
 683	171	 4.5680	 1.0115	   1.5090	        1.5094	          0.0004	   1.6680	1.470e-03	   0.027	   393.081
 684	171	 4.5678	 1.0118	   1.5090	        1.5094	          0.0004	   1.6613	1.344e-03	   0.025	   393.466
 685	172	 4.5676	 1.0126	   1.5090	        1.5094	          0.0004	   1.7061	9.574e-04	   0.025	   393.860
 686	172	 4.5681	 1.0132	   1.5090	        1.5094	          0.0004	   1.6958	6.875e-04	   0.022	   394.242
 687	172	 4.5685	 1.0124	   1.5090	        1.5094	          0.0004	   1.5767	1.080e-03	   0.026	   394.634
 688	172	 4.5682	 1.0123	   1.5090	        1.5094	          0.0004	   1.6291	1.088e-03	   0.024	   395.018
 689	173	 4.5681	 1.0125	   1.5090	        1.5094	          0.0004	   1.6483	1.006e-03	   0.023	   395.407
 690	173	 4.5678	 1.0123	   1.5090	        1.5094	          0.0004	   1.6181	1.093e-03	   0.026	   395.800
 691	173	 4.5677	 1.0123	   1.5090	        1.5094	          0.0004	   1.6281	1.109e-03	   0.025	   396.185
 692	173	 4.5680	 1.0124	   1.5090	        1.5094	          0.0004	   1.6525	1.069e-03	   0.025	   396.579
 693	174	 4.5677	 1.0120	   1.5090	        1.5094	          0.0004	   1.6041	1.250e-03	   0.022	   396.961
 694	174	 4.5675	 1.0123	   1.5090	        1.5094	          0.0004	   1.6627	1.090e-03	   0.026	   397.353
 695	174	 4.5675	 1.0122	   1.5090	        1.5094	          0.0004	   1.6271	1.164e-03	   0.028	   397.772
 696	174	 4.5678	 1.0125	   1.5090	        1.5094	          0.0004	   1.6669	1.024e-03	   0.023	   398.215
 697	175	 4.5682	 1.0123	   1.5090	        1.5094	          0.0004	   1.6368	1.120e-03	   0.026	   398.608
 698	175	 4.5680	 1.0124	   1.5090	        1.5094	          0.0004	   1.6407	1.072e-03	   0.025	   398.993
 699	175	 4.5683	 1.0122	   1.5090	        1.5094	          0.0004	   1.6284	1.161e-03	   0.025	   399.387
 700	175	 4.5678	 1.0120	   1.5090	        1.5094	          0.0004	   1.6126	1.234e-03	   0.022	   399.769
 701	176	 4.5680	 1.0125	   1.5090	        1.5094	          0.0004	   1.6773	1.027e-03	   0.028	   400.178
 702	176	 4.5674	 1.0124	   1.5090	        1.5094	          0.0004	   1.6174	1.063e-03	   0.028	   400.632
 703	176	 4.5678	 1.0127	   1.5090	        1.5094	          0.0004	   1.6722	9.439e-04	   0.025	   401.074
 704	176	 4.5677	 1.0121	   1.5090	        1.5094	          0.0004	   1.5847	1.212e-03	   0.026	   401.468
 705	177	 4.5674	 1.0121	   1.5090	        1.5094	          0.0004	   1.6379	1.174e-03	   0.025	   401.854
 706	177	 4.5673	 1.0120	   1.5090	        1.5094	          0.0004	   1.6229	1.255e-03	   0.025	   402.247
 707	177	 4.5672	 1.0122	   1.5090	        1.5094	          0.0004	   1.6578	1.136e-03	   0.022	   402.629
 708	177	 4.5679	 1.0117	   1.5090	        1.5094	          0.0004	   1.6158	1.387e-03	   0.028	   403.023
 709	178	 4.5678	 1.0118	   1.5090	        1.5094	          0.0004	   1.6320	1.354e-03	   0.032	   403.540
 710	178	 4.5675	 1.0115	   1.5090	        1.5094	          0.0004	   1.6086	1.488e-03	   0.026	   404.042
 711	178	 4.5676	 1.0116	   1.5090	        1.5094	          0.0004	   1.6577	1.403e-03	   0.026	   404.478
 712	178	 4.5682	 1.0113	   1.5090	        1.5094	          0.0004	   1.6304	1.561e-03	   0.025	   404.863
 713	179	 4.5684	 1.0113	   1.5090	        1.5094	          0.0004	   1.6354	1.566e-03	   0.024	   405.256
 714	179	 4.5684	 1.0112	   1.5090	        1.5094	          0.0004	   1.6301	1.596e-03	   0.022	   405.639
 715	179	 4.5683	 1.0112	   1.5090	        1.5094	          0.0004	   1.6362	1.600e-03	   0.026	   406.030
 716	179	 4.5681	 1.0117	   1.5090	        1.5094	          0.0004	   1.6812	1.360e-03	   0.024	   406.414
 717	180	 4.5686	 1.0114	   1.5090	        1.5094	          0.0004	   1.6322	1.518e-03	   0.023	   406.804
 718	180	 4.5684	 1.0109	   1.5090	        1.5094	          0.0004	   1.5918	1.737e-03	   0.026	   407.196
 719	180	 4.5684	 1.0113	   1.5090	        1.5094	          0.0004	   1.6621	1.572e-03	   0.025	   407.582
 720	180	 4.5680	 1.0119	   1.5090	        1.5094	          0.0004	   1.6757	1.291e-03	   0.025	   407.975
 721	181	 4.5678	 1.0123	   1.5090	        1.5094	          0.0004	   1.6586	1.104e-03	   0.022	   408.357
 722	181	 4.5677	 1.0126	   1.5090	        1.5094	          0.0004	   1.6602	9.898e-04	   0.026	   408.749
 723	181	 4.5680	 1.0116	   1.5090	        1.5094	          0.0004	   1.5640	1.420e-03	   0.028	   409.152
 724	181	 4.5680	 1.0119	   1.5090	        1.5094	          0.0004	   1.6629	1.302e-03	   0.023	   409.612
 725	182	 4.5683	 1.0118	   1.5090	        1.5094	          0.0004	   1.6375	1.321e-03	   0.026	   410.004
 726	182	 4.5683	 1.0110	   1.5090	        1.5094	          0.0004	   1.5716	1.687e-03	   0.025	   410.390
 727	182	 4.5680	 1.0118	   1.5090	        1.5094	          0.0004	   1.6935	1.343e-03	   0.025	   410.783
 728	182	 4.5682	 1.0120	   1.5090	        1.5094	          0.0004	   1.6651	1.235e-03	   0.022	   411.165
 729	183	 4.5683	 1.0123	   1.5090	        1.5094	          0.0004	   1.6673	1.111e-03	   0.026	   411.557
 730	183	 4.5678	 1.0121	   1.5090	        1.5094	          0.0004	   1.6036	1.199e-03	   0.024	   411.941
 731	183	 4.5682	 1.0122	   1.5090	        1.5094	          0.0004	   1.6601	1.152e-03	   0.023	   412.331
 732	183	 4.5683	 1.0120	   1.5090	        1.5094	          0.0004	   1.6267	1.223e-03	   0.026	   412.723
 733	184	 4.5686	 1.0124	   1.5090	        1.5094	          0.0004	   1.6685	1.077e-03	   0.025	   413.109
 734	184	 4.5685	 1.0123	   1.5090	        1.5094	          0.0004	   1.6310	1.120e-03	   0.025	   413.502
 735	184	 4.5683	 1.0122	   1.5090	        1.5094	          0.0004	   1.6237	1.168e-03	   0.022	   413.885
 736	184	 4.5686	 1.0119	   1.5090	        1.5094	          0.0004	   1.6213	1.290e-03	   0.026	   414.276
 737	185	 4.5686	 1.0118	   1.5090	        1.5094	          0.0004	   1.6372	1.316e-03	   0.031	   414.776
 738	185	 4.5690	 1.0121	   1.5090	        1.5094	          0.0004	   1.6778	1.173e-03	   0.027	   415.265
 739	185	 4.5689	 1.0122	   1.5090	        1.5094	          0.0004	   1.6437	1.140e-03	   0.026	   415.700
 740	185	 4.5683	 1.0121	   1.5090	        1.5094	          0.0004	   1.6076	1.201e-03	   0.025	   416.085
 741	186	 4.5687	 1.0121	   1.5090	        1.5094	          0.0004	   1.6376	1.211e-03	   0.024	   416.479
 742	186	 4.5686	 1.0121	   1.5090	        1.5094	          0.0004	   1.6442	1.177e-03	   0.022	   416.861
 743	186	 4.5686	 1.0126	   1.5090	        1.5094	          0.0004	   1.6775	9.633e-04	   0.026	   417.253
 744	186	 4.5687	 1.0122	   1.5090	        1.5094	          0.0004	   1.6060	1.169e-03	   0.024	   417.637
 745	187	 4.5691	 1.0128	   1.5090	        1.5094	          0.0004	   1.7016	8.832e-04	   0.023	   418.026
 746	187	 4.5691	 1.0131	   1.5090	        1.5094	          0.0004	   1.6696	7.230e-04	   0.026	   418.419
 747	187	 4.5691	 1.0124	   1.5090	        1.5094	          0.0004	   1.5685	1.079e-03	   0.025	   418.804
 748	187	 4.5690	 1.0122	   1.5090	        1.5094	          0.0004	   1.6238	1.134e-03	   0.025	   419.197
 749	188	 4.5692	 1.0115	   1.5090	        1.5094	          0.0004	   1.5761	1.472e-03	   0.022	   419.580
 750	188	 4.5694	 1.0116	   1.5090	        1.5094	          0.0004	   1.6518	1.424e-03	   0.026	   419.971
 751	188	 4.5690	 1.0118	   1.5090	        1.5094	          0.0004	   1.6499	1.343e-03	   0.026	   420.357
 752	188	 4.5689	 1.0121	   1.5090	        1.5094	          0.0004	   1.6649	1.195e-03	   0.024	   420.834
 753	189	 4.5691	 1.0122	   1.5090	        1.5094	          0.0004	   1.6401	1.169e-03	   0.026	   421.227
 754	189	 4.5693	 1.0121	   1.5090	        1.5094	          0.0004	   1.6397	1.211e-03	   0.027	   421.631
 755	189	 4.5693	 1.0120	   1.5090	        1.5094	          0.0004	   1.6264	1.264e-03	   0.031	   422.108
 756	189	 4.5689	 1.0124	   1.5090	        1.5094	          0.0004	   1.6741	1.052e-03	   0.026	   422.598
 757	190	 4.5689	 1.0128	   1.5090	        1.5094	          0.0004	   1.6615	8.982e-04	   0.028	   423.066
 758	190	 4.5688	 1.0128	   1.5090	        1.5094	          0.0004	   1.6447	8.649e-04	   0.026	   423.506
 759	190	 4.5686	 1.0127	   1.5090	        1.5094	          0.0004	   1.6194	9.441e-04	   0.023	   423.897
 760	190	 4.5687	 1.0127	   1.5090	        1.5094	          0.0004	   1.6417	9.444e-04	   0.026	   424.289
 761	191	 4.5688	 1.0124	   1.5090	        1.5094	          0.0004	   1.6110	1.072e-03	   0.024	   424.675
 762	191	 4.5688	 1.0125	   1.5090	        1.5094	          0.0004	   1.6499	1.006e-03	   0.025	   425.068
 763	191	 4.5690	 1.0128	   1.5090	        1.5094	          0.0004	   1.6697	8.584e-04	   0.024	   425.454
 764	191	 4.5689	 1.0128	   1.5090	        1.5094	          0.0004	   1.6386	8.604e-04	   0.028	   425.882
 765	192	 4.5692	 1.0129	   1.5090	        1.5094	          0.0004	   1.6515	8.439e-04	   0.032	   426.349
 766	192	 4.5689	 1.0133	   1.5090	        1.5094	          0.0004	   1.6626	6.692e-04	   0.028	   426.846
 767	192	 4.5688	 1.0124	   1.5090	        1.5094	          0.0004	   1.5691	1.040e-03	   0.026	   427.299
 768	192	 4.5688	 1.0128	   1.5090	        1.5094	          0.0004	   1.6690	8.674e-04	   0.025	   427.684
 769	193	 4.5692	 1.0134	   1.5090	        1.5094	          0.0004	   1.7003	6.258e-04	   0.024	   428.077
 770	193	 4.5688	 1.0125	   1.5090	        1.5094	          0.0004	   1.5511	1.005e-03	   0.022	   428.460
 771	193	 4.5689	 1.0125	   1.5090	        1.5094	          0.0004	   1.6342	1.017e-03	   0.026	   428.851
 772	193	 4.5689	 1.0125	   1.5090	        1.5094	          0.0004	   1.6422	1.000e-03	   0.024	   429.235
 773	194	 4.5688	 1.0127	   1.5090	        1.5094	          0.0004	   1.6534	9.342e-04	   0.022	   429.625
 774	194	 4.5683	 1.0119	   1.5090	        1.5094	          0.0004	   1.5534	1.290e-03	   0.026	   430.017
 775	194	 4.5687	 1.0124	   1.5090	        1.5094	          0.0004	   1.6892	1.063e-03	   0.025	   430.403
 776	194	 4.5684	 1.0126	   1.5090	        1.5094	          0.0004	   1.6481	9.490e-04	   0.025	   430.796
 777	195	 4.5686	 1.0123	   1.5090	        1.5094	          0.0004	   1.6209	1.109e-03	   0.022	   431.178
 778	195	 4.5686	 1.0128	   1.5090	        1.5094	          0.0004	   1.6779	8.714e-04	   0.026	   431.570
 779	195	 4.5686	 1.0125	   1.5090	        1.5094	          0.0004	   1.6129	1.003e-03	   0.024	   431.954
 780	195	 4.5686	 1.0126	   1.5090	        1.5094	          0.0004	   1.6438	9.485e-04	   0.025	   432.421
 781	196	 4.5683	 1.0130	   1.5090	        1.5094	          0.0004	   1.6705	7.685e-04	   0.026	   432.825
 782	196	 4.5684	 1.0128	   1.5090	        1.5094	          0.0004	   1.6219	8.615e-04	   0.025	   433.211
 783	196	 4.5686	 1.0129	   1.5090	        1.5094	          0.0004	   1.6479	8.309e-04	   0.025	   433.604
 784	196	 4.5686	 1.0124	   1.5090	        1.5094	          0.0004	   1.5913	1.068e-03	   0.022	   433.986
 785	197	 4.5685	 1.0119	   1.5090	        1.5094	          0.0004	   1.5968	1.280e-03	   0.026	   434.378
 786	197	 4.5688	 1.0122	   1.5090	        1.5094	          0.0004	   1.6741	1.149e-03	   0.024	   434.762
 787	197	 4.5688	 1.0119	   1.5090	        1.5094	          0.0004	   1.6100	1.296e-03	   0.023	   435.152
 788	197	 4.5689	 1.0122	   1.5090	        1.5094	          0.0004	   1.6677	1.139e-03	   0.026	   435.544
 789	198	 4.5684	 1.0117	   1.5090	        1.5094	          0.0004	   1.5816	1.369e-03	   0.025	   435.930
 790	198	 4.5684	 1.0119	   1.5090	        1.5094	          0.0004	   1.6481	1.290e-03	   0.025	   436.323
 791	198	 4.5687	 1.0121	   1.5090	        1.5094	          0.0004	   1.6571	1.216e-03	   0.024	   436.712
 792	198	 4.5690	 1.0123	   1.5090	        1.5094	          0.0004	   1.6812	1.089e-03	   0.026	   437.136
 793	199	 4.5685	 1.0131	   1.5090	        1.5094	          0.0004	   1.6947	7.269e-04	   0.028	   437.555
 794	199	 4.5687	 1.0124	   1.5090	        1.5094	          0.0004	   1.5793	1.040e-03	   0.026	   438.055
 795	199	 4.5687	 1.0122	   1.5090	        1.5094	          0.0004	   1.6217	1.167e-03	   0.027	   438.521
 796	199	 4.5689	 1.0120	   1.5090	        1.5094	          0.0004	   1.6342	1.220e-03	   0.025	   438.906
 797	200	 4.5688	 1.0119	   1.5090	        1.5094	          0.0004	   1.6288	1.277e-03	   0.024	   439.300
 798	200	 4.5687	 1.0118	   1.5090	        1.5094	          0.0004	   1.6223	1.334e-03	   0.022	   439.682
 799	200	 4.5690	 1.0122	   1.5090	        1.5094	          0.0004	   1.6847	1.152e-03	   0.026	   440.073
 800	200	 4.5691	 1.0117	   1.5090	        1.5094	          0.0004	   1.5904	1.399e-03	   0.024	   440.458

[BSGD] Finished on device cuda -> σ_f² ≈ 4.5691, σ_ε² ≈ 1.0117
