[GPU 7][JOB 96] 'python cli.py bsgd --n 1024 --lengthscale 0.5 --sigma-f2-true 4.0 --sigma-eps2-true 1.0 --n-epochs 200 --device auto --kernel-mode finite --theta-min 1e-4 --theta-max 20.0 --print-every 1 --seed 5 --batch-size 256 --sigma-f2-init 5.0 --sigma-eps2-init 3.0 --alpha1 9.0 '

=== BSGD (biased SGD on exact kernel) ===
iter	epoch	σ_f²	σ_ε²	real_nlml	real_nlml_true	real_nlml_abs_err	mini_nlml	||grad||	duration_s	wall_time_s
   1	 1	 5.0002	 2.1858	   1.6061	        1.4829	          0.1233	   1.7643	1.230e-01	   0.213	     0.258
   2	 1	 5.0506	 1.6515	   1.5399	        1.4829	          0.0571	   1.6471	1.211e-01	   0.006	     0.595
   3	 1	 5.1238	 1.3216	   1.5029	        1.4829	          0.0200	   1.6315	9.816e-02	   0.008	     0.743
   4	 1	 5.1903	 1.1106	   1.4859	        1.4829	          0.0031	   1.6209	5.667e-02	   0.014	     0.906
   5	 2	 5.2506	 1.0836	   1.4845	        1.4829	          0.0016	   1.6729	4.846e-02	   0.016	     1.229
   6	 2	 5.2798	 0.9954	   1.4816	        1.4829	          0.0012	   1.5988	1.460e-02	   0.019	     1.680
   7	 2	 5.2840	 0.9647	   1.4814	        1.4829	          0.0015	   1.5976	4.128e-04	   0.030	     2.215
   8	 2	 5.2828	 0.9165	   1.4821	        1.4829	          0.0008	   1.5695	2.797e-02	   0.025	     2.855
   9	 3	 5.2923	 0.9144	   1.4821	        1.4829	          0.0007	   1.5831	2.935e-02	   0.031	     3.537
  10	 3	 5.3190	 0.9595	   1.4814	        1.4829	          0.0015	   1.6402	3.077e-03	   0.030	     4.250
  11	 3	 5.3324	 0.9863	   1.4815	        1.4829	          0.0014	   1.6414	1.038e-02	   0.029	     4.968
  12	 3	 5.3381	 0.9739	   1.4814	        1.4829	          0.0015	   1.6084	4.372e-03	   0.031	     5.686
  13	 4	 5.3356	 0.9936	   1.4816	        1.4829	          0.0013	   1.6454	1.379e-02	   0.037	     6.394
  14	 4	 5.3423	 0.9589	   1.4814	        1.4829	          0.0015	   1.5723	3.375e-03	   0.031	     7.111
  15	 4	 5.3541	 0.9432	   1.4815	        1.4829	          0.0013	   1.5851	1.197e-02	   0.027	     7.833
  16	 4	 5.3666	 0.9671	   1.4814	        1.4829	          0.0015	   1.6433	9.207e-04	   0.036	     8.556
  17	 5	 5.3823	 0.9708	   1.4814	        1.4829	          0.0015	   1.6284	2.807e-03	   0.032	     9.303
  18	 5	 5.3916	 0.9543	   1.4814	        1.4829	          0.0015	   1.5887	5.807e-03	   0.035	    10.030
  19	 5	 5.3805	 0.9449	   1.4815	        1.4829	          0.0014	   1.5817	1.101e-02	   0.032	    10.761
  20	 5	 5.3888	 0.9409	   1.4815	        1.4829	          0.0013	   1.5984	1.326e-02	   0.037	    11.477
  21	 6	 5.3873	 0.9062	   1.4824	        1.4829	          0.0005	   1.5264	3.462e-02	   0.030	    12.208
  22	 6	 5.3938	 0.9596	   1.4814	        1.4829	          0.0015	   1.7023	3.015e-03	   0.025	    12.937
  23	 6	 5.4079	 0.9899	   1.4815	        1.4829	          0.0013	   1.6956	1.209e-02	   0.031	    13.651
  24	 6	 5.4084	 0.9731	   1.4814	        1.4829	          0.0015	   1.5773	3.962e-03	   0.034	    14.366
  25	 7	 5.4128	 0.9929	   1.4816	        1.4829	          0.0013	   1.6825	1.345e-02	   0.033	    15.085
  26	 7	 5.4186	 0.9685	   1.4814	        1.4829	          0.0015	   1.5536	1.625e-03	   0.030	    15.805
  27	 7	 5.4237	 0.9610	   1.4814	        1.4829	          0.0015	   1.5956	2.237e-03	   0.037	    16.518
  28	 7	 5.4299	 0.9781	   1.4814	        1.4829	          0.0015	   1.6651	6.415e-03	   0.029	    17.229
  29	 8	 5.4356	 0.9713	   1.4814	        1.4829	          0.0015	   1.6002	3.063e-03	   0.027	    17.950
  30	 8	 5.4388	 0.9578	   1.4814	        1.4829	          0.0015	   1.5723	3.946e-03	   0.036	    18.674
  31	 8	 5.4412	 0.9749	   1.4814	        1.4829	          0.0015	   1.6783	4.843e-03	   0.036	    19.432
  32	 8	 5.4468	 0.9813	   1.4814	        1.4829	          0.0014	   1.6433	7.992e-03	   0.036	    20.194
  33	 9	 5.4570	 0.9769	   1.4814	        1.4829	          0.0015	   1.6163	5.860e-03	   0.030	    20.968
  34	 9	 5.4560	 0.9770	   1.4814	        1.4829	          0.0015	   1.6179	5.901e-03	   0.042	    21.713
  35	 9	 5.4562	 0.9882	   1.4815	        1.4829	          0.0014	   1.6646	1.130e-02	   0.031	    22.458
  36	 9	 5.4564	 0.9713	   1.4814	        1.4829	          0.0015	   1.5520	3.077e-03	   0.031	    23.198
  37	10	 5.4533	 0.9763	   1.4814	        1.4829	          0.0015	   1.6289	5.557e-03	   0.029	    23.929
  38	10	 5.4600	 0.9710	   1.4814	        1.4829	          0.0015	   1.6094	2.894e-03	   0.033	    24.644
  39	10	 5.4637	 0.9727	   1.4814	        1.4829	          0.0015	   1.6239	3.762e-03	   0.035	    25.364
  40	10	 5.4658	 0.9700	   1.4814	        1.4829	          0.0015	   1.6149	2.387e-03	   0.031	    26.078
  41	11	 5.4721	 0.9810	   1.4814	        1.4829	          0.0014	   1.6774	7.853e-03	   0.036	    26.795
  42	11	 5.4728	 0.9714	   1.4814	        1.4829	          0.0015	   1.5801	3.110e-03	   0.030	    27.511
  43	11	 5.4770	 0.9784	   1.4814	        1.4829	          0.0015	   1.6593	6.598e-03	   0.031	    28.227
  44	11	 5.4761	 0.9730	   1.4814	        1.4829	          0.0015	   1.5870	3.893e-03	   0.035	    28.945
  45	12	 5.4720	 0.9761	   1.4814	        1.4829	          0.0015	   1.6243	5.448e-03	   0.033	    29.663
  46	12	 5.4746	 0.9761	   1.4814	        1.4829	          0.0015	   1.6195	5.431e-03	   0.033	    30.414
  47	12	 5.4761	 0.9642	   1.4814	        1.4829	          0.0015	   1.5573	5.650e-04	   0.033	    31.136
  48	12	 5.4801	 0.9737	   1.4814	        1.4829	          0.0015	   1.6715	4.239e-03	   0.041	    31.864
  49	13	 5.4797	 0.9680	   1.4814	        1.4829	          0.0015	   1.5933	1.367e-03	   0.029	    32.592
  50	13	 5.4791	 0.9665	   1.4814	        1.4829	          0.0015	   1.5971	6.034e-04	   0.031	    33.327
  51	13	 5.4796	 0.9695	   1.4814	        1.4829	          0.0015	   1.6352	2.159e-03	   0.034	    34.045
  52	13	 5.4846	 0.9781	   1.4814	        1.4829	          0.0015	   1.6737	6.432e-03	   0.033	    34.758
  53	14	 5.4876	 0.9734	   1.4814	        1.4829	          0.0015	   1.6017	4.134e-03	   0.032	    35.478
  54	14	 5.4890	 0.9840	   1.4815	        1.4829	          0.0014	   1.6795	9.271e-03	   0.032	    36.194
  55	14	 5.4920	 0.9787	   1.4814	        1.4829	          0.0015	   1.6033	6.726e-03	   0.036	    36.907
  56	14	 5.4907	 0.9759	   1.4814	        1.4829	          0.0015	   1.5945	5.360e-03	   0.026	    37.624
  57	15	 5.4933	 0.9719	   1.4814	        1.4829	          0.0015	   1.6033	3.352e-03	   0.034	    38.365
  58	15	 5.4926	 0.9712	   1.4814	        1.4829	          0.0015	   1.6184	3.002e-03	   0.040	    39.153
  59	15	 5.4963	 0.9728	   1.4814	        1.4829	          0.0015	   1.6340	3.823e-03	   0.038	    39.936
  60	15	 5.4991	 0.9815	   1.4814	        1.4829	          0.0014	   1.6700	8.071e-03	   0.032	    40.746
  61	16	 5.5017	 0.9735	   1.4814	        1.4829	          0.0015	   1.5654	4.149e-03	   0.033	    41.520
  62	16	 5.5027	 0.9775	   1.4814	        1.4829	          0.0015	   1.6563	6.134e-03	   0.038	    42.276
  63	16	 5.5001	 0.9798	   1.4814	        1.4829	          0.0014	   1.6313	7.260e-03	   0.033	    43.018
  64	16	 5.5021	 0.9830	   1.4814	        1.4829	          0.0014	   1.6448	8.818e-03	   0.033	    43.774
  65	17	 5.4994	 0.9829	   1.4814	        1.4829	          0.0014	   1.6182	8.742e-03	   0.031	    44.511
  66	17	 5.5039	 0.9841	   1.4815	        1.4829	          0.0014	   1.6387	9.330e-03	   0.037	    45.224
  67	17	 5.5059	 0.9832	   1.4814	        1.4829	          0.0014	   1.6181	8.898e-03	   0.030	    45.938
  68	17	 5.5059	 0.9800	   1.4814	        1.4829	          0.0014	   1.5995	7.358e-03	   0.034	    46.660
  69	18	 5.5059	 0.9762	   1.4814	        1.4829	          0.0015	   1.5909	5.492e-03	   0.038	    47.372
  70	18	 5.5102	 0.9722	   1.4814	        1.4829	          0.0015	   1.6043	3.492e-03	   0.034	    48.091
  71	18	 5.5117	 0.9743	   1.4814	        1.4829	          0.0015	   1.6330	4.548e-03	   0.029	    48.808
  72	18	 5.5098	 0.9770	   1.4814	        1.4829	          0.0015	   1.6317	5.908e-03	   0.034	    49.528
  73	19	 5.5092	 0.9743	   1.4814	        1.4829	          0.0015	   1.5908	4.553e-03	   0.033	    50.238
  74	19	 5.5105	 0.9749	   1.4814	        1.4829	          0.0015	   1.6270	4.874e-03	   0.034	    50.984
  75	19	 5.5129	 0.9779	   1.4814	        1.4829	          0.0015	   1.6483	6.322e-03	   0.033	    51.715
  76	19	 5.5150	 0.9751	   1.4814	        1.4829	          0.0015	   1.6069	4.957e-03	   0.040	    52.436
  77	20	 5.5153	 0.9741	   1.4814	        1.4829	          0.0015	   1.6126	4.467e-03	   0.030	    53.171
  78	20	 5.5164	 0.9700	   1.4814	        1.4829	          0.0015	   1.5879	2.422e-03	   0.031	    53.897
  79	20	 5.5197	 0.9677	   1.4814	        1.4829	          0.0015	   1.6119	1.228e-03	   0.030	    54.626
  80	20	 5.5205	 0.9687	   1.4814	        1.4829	          0.0015	   1.6196	1.728e-03	   0.036	    55.344
  81	21	 5.5196	 0.9693	   1.4814	        1.4829	          0.0015	   1.6276	2.040e-03	   0.035	    56.060
  82	21	 5.5210	 0.9695	   1.4814	        1.4829	          0.0015	   1.6151	2.159e-03	   0.035	    56.775
  83	21	 5.5208	 0.9665	   1.4814	        1.4829	          0.0015	   1.5861	6.265e-04	   0.034	    57.487
  84	21	 5.5222	 0.9767	   1.4814	        1.4829	          0.0015	   1.7077	5.752e-03	   0.031	    58.206
  85	22	 5.5244	 0.9774	   1.4814	        1.4829	          0.0015	   1.6340	6.082e-03	   0.031	    58.924
  86	22	 5.5232	 0.9775	   1.4814	        1.4829	          0.0015	   1.6044	6.121e-03	   0.032	    59.641
  87	22	 5.5247	 0.9800	   1.4814	        1.4829	          0.0014	   1.6542	7.381e-03	   0.036	    60.375
  88	22	 5.5260	 0.9742	   1.4814	        1.4829	          0.0015	   1.5674	4.531e-03	   0.033	    61.171
  89	23	 5.5262	 0.9858	   1.4815	        1.4829	          0.0014	   1.7285	1.013e-02	   0.035	    61.932
  90	23	 5.5268	 0.9758	   1.4814	        1.4829	          0.0015	   1.5248	5.288e-03	   0.035	    62.671
  91	23	 5.5284	 0.9725	   1.4814	        1.4829	          0.0015	   1.5949	3.670e-03	   0.031	    63.413
  92	23	 5.5285	 0.9743	   1.4814	        1.4829	          0.0015	   1.6412	4.573e-03	   0.032	    64.170
  93	24	 5.5304	 0.9741	   1.4814	        1.4829	          0.0015	   1.6295	4.470e-03	   0.036	    64.907
  94	24	 5.5318	 0.9750	   1.4814	        1.4829	          0.0015	   1.6299	4.892e-03	   0.035	    65.627
  95	24	 5.5319	 0.9724	   1.4814	        1.4829	          0.0015	   1.5903	3.603e-03	   0.030	    66.347
  96	24	 5.5312	 0.9739	   1.4814	        1.4829	          0.0015	   1.6257	4.355e-03	   0.036	    67.066
  97	25	 5.5311	 0.9740	   1.4814	        1.4829	          0.0015	   1.6183	4.419e-03	   0.037	    67.774
  98	25	 5.5313	 0.9760	   1.4814	        1.4829	          0.0015	   1.6468	5.396e-03	   0.031	    68.491
  99	25	 5.5340	 0.9783	   1.4814	        1.4829	          0.0015	   1.6530	6.556e-03	   0.031	    69.212
 100	25	 5.5340	 0.9744	   1.4814	        1.4829	          0.0015	   1.5742	4.592e-03	   0.031	    69.926
 101	26	 5.5360	 0.9705	   1.4814	        1.4829	          0.0015	   1.5871	2.649e-03	   0.032	    70.639
 102	26	 5.5368	 0.9722	   1.4814	        1.4829	          0.0015	   1.6376	3.518e-03	   0.030	    71.381
 103	26	 5.5382	 0.9749	   1.4814	        1.4829	          0.0015	   1.6444	4.840e-03	   0.034	    72.123
 104	26	 5.5378	 0.9775	   1.4814	        1.4829	          0.0015	   1.6529	6.164e-03	   0.038	    72.835
 105	27	 5.5382	 0.9760	   1.4814	        1.4829	          0.0015	   1.6065	5.390e-03	   0.031	    73.571
 106	27	 5.5400	 0.9797	   1.4814	        1.4829	          0.0015	   1.6716	7.208e-03	   0.031	    74.292
 107	27	 5.5407	 0.9792	   1.4814	        1.4829	          0.0015	   1.6061	6.974e-03	   0.031	    75.030
 108	27	 5.5403	 0.9778	   1.4814	        1.4829	          0.0015	   1.6074	6.305e-03	   0.033	    75.743
 109	28	 5.5416	 0.9788	   1.4814	        1.4829	          0.0015	   1.6339	6.763e-03	   0.026	    76.463
 110	28	 5.5423	 0.9760	   1.4814	        1.4829	          0.0015	   1.5916	5.405e-03	   0.033	    77.181
 111	28	 5.5416	 0.9813	   1.4814	        1.4829	          0.0014	   1.6735	7.973e-03	   0.040	    77.933
 112	28	 5.5428	 0.9751	   1.4814	        1.4829	          0.0015	   1.5546	4.974e-03	   0.038	    78.762
 113	29	 5.5435	 0.9778	   1.4814	        1.4829	          0.0015	   1.6472	6.281e-03	   0.027	    79.564
 114	29	 5.5441	 0.9764	   1.4814	        1.4829	          0.0015	   1.6045	5.600e-03	   0.038	    80.368
 115	29	 5.5430	 0.9775	   1.4814	        1.4829	          0.0015	   1.6296	6.120e-03	   0.038	    81.162
 116	29	 5.5442	 0.9741	   1.4814	        1.4829	          0.0015	   1.5844	4.465e-03	   0.036	    81.949
 117	30	 5.5443	 0.9757	   1.4814	        1.4829	          0.0015	   1.6366	5.257e-03	   0.036	    82.708
 118	30	 5.5458	 0.9807	   1.4814	        1.4829	          0.0014	   1.6951	7.692e-03	   0.035	    83.452
 119	30	 5.5467	 0.9775	   1.4814	        1.4829	          0.0015	   1.5805	6.152e-03	   0.032	    84.193
 120	30	 5.5458	 0.9726	   1.4814	        1.4829	          0.0015	   1.5528	3.699e-03	   0.031	    84.944
 121	31	 5.5455	 0.9735	   1.4814	        1.4829	          0.0015	   1.6288	4.173e-03	   0.037	    85.684
 122	31	 5.5471	 0.9724	   1.4814	        1.4829	          0.0015	   1.6096	3.614e-03	   0.033	    86.410
 123	31	 5.5469	 0.9706	   1.4814	        1.4829	          0.0015	   1.5937	2.694e-03	   0.032	    87.127
 124	31	 5.5482	 0.9740	   1.4814	        1.4829	          0.0015	   1.6713	4.400e-03	   0.030	    87.844
 125	32	 5.5491	 0.9707	   1.4814	        1.4829	          0.0015	   1.5807	2.784e-03	   0.033	    88.557
 126	32	 5.5502	 0.9710	   1.4814	        1.4829	          0.0015	   1.6271	2.909e-03	   0.033	    89.278
 127	32	 5.5496	 0.9734	   1.4814	        1.4829	          0.0015	   1.6412	4.129e-03	   0.031	    89.996
 128	32	 5.5496	 0.9736	   1.4814	        1.4829	          0.0015	   1.6233	4.228e-03	   0.035	    90.708
 129	33	 5.5511	 0.9709	   1.4814	        1.4829	          0.0015	   1.5796	2.866e-03	   0.031	    91.421
 130	33	 5.5521	 0.9720	   1.4814	        1.4829	          0.0015	   1.6343	3.429e-03	   0.034	    92.161
 131	33	 5.5520	 0.9711	   1.4814	        1.4829	          0.0015	   1.6089	2.952e-03	   0.034	    92.903
 132	33	 5.5523	 0.9734	   1.4814	        1.4829	          0.0015	   1.6587	4.107e-03	   0.035	    93.616
 133	34	 5.5539	 0.9755	   1.4814	        1.4829	          0.0015	   1.6547	5.182e-03	   0.031	    94.358
 134	34	 5.5530	 0.9732	   1.4814	        1.4829	          0.0015	   1.5850	4.036e-03	   0.029	    95.075
 135	34	 5.5533	 0.9734	   1.4814	        1.4829	          0.0015	   1.6168	4.113e-03	   0.034	    95.813
 136	34	 5.5550	 0.9734	   1.4814	        1.4829	          0.0015	   1.6354	4.126e-03	   0.031	    96.523
 137	35	 5.5557	 0.9760	   1.4814	        1.4829	          0.0015	   1.6583	5.415e-03	   0.032	    97.246
 138	35	 5.5559	 0.9739	   1.4814	        1.4829	          0.0015	   1.5934	4.365e-03	   0.034	    97.963
 139	35	 5.5571	 0.9750	   1.4814	        1.4829	          0.0015	   1.6385	4.899e-03	   0.035	    98.675
 140	35	 5.5571	 0.9738	   1.4814	        1.4829	          0.0015	   1.6030	4.315e-03	   0.033	    99.394
 141	36	 5.5597	 0.9776	   1.4814	        1.4829	          0.0015	   1.6880	6.191e-03	   0.028	   100.114
 142	36	 5.5600	 0.9755	   1.4814	        1.4829	          0.0015	   1.5821	5.183e-03	   0.036	   100.840
 143	36	 5.5594	 0.9734	   1.4814	        1.4829	          0.0015	   1.5901	4.137e-03	   0.035	   101.583
 144	36	 5.5597	 0.9747	   1.4814	        1.4829	          0.0015	   1.6411	4.740e-03	   0.034	   102.347
 145	37	 5.5601	 0.9741	   1.4814	        1.4829	          0.0015	   1.6166	4.468e-03	   0.033	   103.111
 146	37	 5.5590	 0.9724	   1.4814	        1.4829	          0.0015	   1.5879	3.619e-03	   0.036	   103.850
 147	37	 5.5599	 0.9719	   1.4814	        1.4829	          0.0015	   1.6081	3.369e-03	   0.030	   104.592
 148	37	 5.5618	 0.9734	   1.4814	        1.4829	          0.0015	   1.6527	4.104e-03	   0.027	   105.344
 149	38	 5.5609	 0.9753	   1.4814	        1.4829	          0.0015	   1.6464	5.081e-03	   0.035	   106.088
 150	38	 5.5605	 0.9764	   1.4814	        1.4829	          0.0015	   1.6357	5.598e-03	   0.035	   106.813
 151	38	 5.5628	 0.9767	   1.4814	        1.4829	          0.0015	   1.6391	5.767e-03	   0.032	   107.527
 152	38	 5.5638	 0.9721	   1.4814	        1.4829	          0.0015	   1.5449	3.481e-03	   0.031	   108.246
 153	39	 5.5637	 0.9738	   1.4814	        1.4829	          0.0015	   1.6514	4.336e-03	   0.037	   108.962
 154	39	 5.5636	 0.9764	   1.4814	        1.4829	          0.0015	   1.6625	5.613e-03	   0.031	   109.678
 155	39	 5.5636	 0.9757	   1.4814	        1.4829	          0.0015	   1.6043	5.268e-03	   0.028	   110.397
 156	39	 5.5642	 0.9730	   1.4814	        1.4829	          0.0015	   1.5693	3.895e-03	   0.034	   111.116
 157	40	 5.5643	 0.9727	   1.4814	        1.4829	          0.0015	   1.6203	3.780e-03	   0.031	   111.827
 158	40	 5.5650	 0.9754	   1.4814	        1.4829	          0.0015	   1.6716	5.124e-03	   0.034	   112.557
 159	40	 5.5648	 0.9735	   1.4814	        1.4829	          0.0015	   1.5784	4.188e-03	   0.031	   113.304
 160	40	 5.5654	 0.9730	   1.4814	        1.4829	          0.0015	   1.6105	3.931e-03	   0.034	   114.020
 161	41	 5.5663	 0.9743	   1.4814	        1.4829	          0.0015	   1.6437	4.580e-03	   0.036	   114.759
 162	41	 5.5667	 0.9737	   1.4814	        1.4829	          0.0015	   1.6150	4.279e-03	   0.030	   115.477
 163	41	 5.5656	 0.9714	   1.4814	        1.4829	          0.0015	   1.5640	3.135e-03	   0.036	   116.218
 164	41	 5.5666	 0.9716	   1.4814	        1.4829	          0.0015	   1.6297	3.215e-03	   0.031	   116.931
 165	42	 5.5672	 0.9712	   1.4814	        1.4829	          0.0015	   1.6154	3.021e-03	   0.034	   117.662
 166	42	 5.5681	 0.9718	   1.4814	        1.4829	          0.0015	   1.6370	3.303e-03	   0.036	   118.436
 167	42	 5.5666	 0.9710	   1.4814	        1.4829	          0.0015	   1.5902	2.906e-03	   0.039	   119.207
 168	42	 5.5674	 0.9697	   1.4814	        1.4829	          0.0015	   1.6003	2.264e-03	   0.034	   119.943
 169	43	 5.5685	 0.9704	   1.4814	        1.4829	          0.0015	   1.6385	2.622e-03	   0.031	   120.685
 170	43	 5.5680	 0.9738	   1.4814	        1.4829	          0.0015	   1.6774	4.293e-03	   0.031	   121.429
 171	43	 5.5688	 0.9740	   1.4814	        1.4829	          0.0015	   1.6343	4.423e-03	   0.030	   122.157
 172	43	 5.5688	 0.9713	   1.4814	        1.4829	          0.0015	   1.5581	3.083e-03	   0.036	   122.918
 173	44	 5.5686	 0.9692	   1.4814	        1.4829	          0.0015	   1.5798	2.019e-03	   0.038	   123.688
 174	44	 5.5688	 0.9696	   1.4814	        1.4829	          0.0015	   1.6230	2.182e-03	   0.038	   124.419
 175	44	 5.5674	 0.9700	   1.4814	        1.4829	          0.0015	   1.6071	2.422e-03	   0.030	   125.166
 176	44	 5.5693	 0.9719	   1.4814	        1.4829	          0.0015	   1.6724	3.360e-03	   0.032	   125.918
 177	45	 5.5686	 0.9742	   1.4814	        1.4829	          0.0015	   1.6638	4.525e-03	   0.034	   126.663
 178	45	 5.5695	 0.9741	   1.4814	        1.4829	          0.0015	   1.6094	4.459e-03	   0.031	   127.391
 179	45	 5.5696	 0.9734	   1.4814	        1.4829	          0.0015	   1.6064	4.101e-03	   0.032	   128.111
 180	45	 5.5701	 0.9718	   1.4814	        1.4829	          0.0015	   1.5934	3.293e-03	   0.031	   128.828
 181	46	 5.5699	 0.9728	   1.4814	        1.4829	          0.0015	   1.6419	3.813e-03	   0.041	   129.543
 182	46	 5.5717	 0.9685	   1.4814	        1.4829	          0.0015	   1.5463	1.659e-03	   0.030	   130.256
 183	46	 5.5726	 0.9647	   1.4814	        1.4829	          0.0015	   1.5413	3.245e-04	   0.029	   130.976
 184	46	 5.5716	 0.9701	   1.4814	        1.4829	          0.0015	   1.7123	2.453e-03	   0.037	   131.696
 185	47	 5.5725	 0.9712	   1.4814	        1.4829	          0.0015	   1.6463	2.996e-03	   0.032	   132.405
 186	47	 5.5720	 0.9706	   1.4814	        1.4829	          0.0015	   1.5982	2.694e-03	   0.035	   133.130
 187	47	 5.5712	 0.9692	   1.4814	        1.4829	          0.0015	   1.5881	1.994e-03	   0.031	   133.881
 188	47	 5.5720	 0.9690	   1.4814	        1.4829	          0.0015	   1.6191	1.904e-03	   0.038	   134.602
 189	48	 5.5712	 0.9679	   1.4814	        1.4829	          0.0015	   1.5838	1.350e-03	   0.033	   135.327
 190	48	 5.5716	 0.9670	   1.4814	        1.4829	          0.0015	   1.6019	8.781e-04	   0.030	   136.056
 191	48	 5.5718	 0.9683	   1.4814	        1.4829	          0.0015	   1.6443	1.531e-03	   0.035	   136.792
 192	48	 5.5726	 0.9706	   1.4814	        1.4829	          0.0015	   1.6697	2.709e-03	   0.033	   137.508
 193	49	 5.5725	 0.9699	   1.4814	        1.4829	          0.0015	   1.6071	2.375e-03	   0.030	   138.225
 194	49	 5.5729	 0.9707	   1.4814	        1.4829	          0.0015	   1.6296	2.755e-03	   0.026	   138.944
 195	49	 5.5734	 0.9680	   1.4814	        1.4829	          0.0015	   1.5612	1.397e-03	   0.039	   139.661
 196	49	 5.5736	 0.9712	   1.4814	        1.4829	          0.0015	   1.6884	3.000e-03	   0.033	   140.376
 197	50	 5.5736	 0.9725	   1.4814	        1.4829	          0.0015	   1.6502	3.649e-03	   0.032	   141.122
 198	50	 5.5735	 0.9691	   1.4814	        1.4829	          0.0015	   1.5446	1.932e-03	   0.030	   141.847
 199	50	 5.5732	 0.9686	   1.4814	        1.4829	          0.0015	   1.5976	1.682e-03	   0.033	   142.562
 200	50	 5.5742	 0.9706	   1.4814	        1.4829	          0.0015	   1.6670	2.731e-03	   0.037	   143.305
 201	51	 5.5748	 0.9704	   1.4814	        1.4829	          0.0015	   1.6187	2.633e-03	   0.033	   144.075
 202	51	 5.5750	 0.9699	   1.4814	        1.4829	          0.0015	   1.6081	2.346e-03	   0.041	   144.827
 203	51	 5.5756	 0.9691	   1.4814	        1.4829	          0.0015	   1.6024	1.942e-03	   0.030	   145.566
 204	51	 5.5763	 0.9696	   1.4814	        1.4829	          0.0015	   1.6299	2.204e-03	   0.033	   146.309
 205	52	 5.5766	 0.9689	   1.4814	        1.4829	          0.0015	   1.6008	1.837e-03	   0.033	   147.058
 206	52	 5.5772	 0.9717	   1.4814	        1.4829	          0.0015	   1.6894	3.261e-03	   0.035	   147.797
 207	52	 5.5770	 0.9739	   1.4814	        1.4829	          0.0015	   1.6625	4.358e-03	   0.035	   148.515
 208	52	 5.5774	 0.9717	   1.4814	        1.4829	          0.0015	   1.5721	3.257e-03	   0.031	   149.230
 209	53	 5.5775	 0.9689	   1.4814	        1.4829	          0.0015	   1.5547	1.867e-03	   0.041	   149.948
 210	53	 5.5776	 0.9710	   1.4814	        1.4829	          0.0015	   1.6642	2.917e-03	   0.029	   150.663
 211	53	 5.5785	 0.9711	   1.4814	        1.4829	          0.0015	   1.6289	2.944e-03	   0.030	   151.382
 212	53	 5.5795	 0.9714	   1.4814	        1.4829	          0.0015	   1.6322	3.117e-03	   0.036	   152.097
 213	54	 5.5796	 0.9712	   1.4814	        1.4829	          0.0015	   1.6153	3.025e-03	   0.034	   152.809
 214	54	 5.5798	 0.9721	   1.4814	        1.4829	          0.0015	   1.6481	3.470e-03	   0.031	   153.529
 215	54	 5.5793	 0.9712	   1.4814	        1.4829	          0.0015	   1.5832	2.989e-03	   0.034	   154.277
 216	54	 5.5803	 0.9714	   1.4814	        1.4829	          0.0015	   1.6312	3.093e-03	   0.036	   155.003
 217	55	 5.5806	 0.9713	   1.4814	        1.4829	          0.0015	   1.6150	3.075e-03	   0.029	   155.723
 218	55	 5.5805	 0.9750	   1.4814	        1.4829	          0.0015	   1.7011	4.915e-03	   0.038	   156.500
 219	55	 5.5807	 0.9751	   1.4814	        1.4829	          0.0015	   1.6277	4.967e-03	   0.044	   157.324
 220	55	 5.5813	 0.9719	   1.4814	        1.4829	          0.0015	   1.5476	3.386e-03	   0.039	   158.159
 221	56	 5.5814	 0.9725	   1.4814	        1.4829	          0.0015	   1.6370	3.664e-03	   0.033	   158.958
 222	56	 5.5818	 0.9703	   1.4814	        1.4829	          0.0015	   1.5655	2.555e-03	   0.035	   159.713
 223	56	 5.5820	 0.9705	   1.4814	        1.4829	          0.0015	   1.6195	2.648e-03	   0.040	   160.448
 224	56	 5.5824	 0.9710	   1.4814	        1.4829	          0.0015	   1.6358	2.921e-03	   0.030	   161.200
 225	57	 5.5824	 0.9708	   1.4814	        1.4829	          0.0015	   1.6183	2.813e-03	   0.036	   161.946
 226	57	 5.5828	 0.9697	   1.4814	        1.4829	          0.0015	   1.5963	2.250e-03	   0.032	   162.664
 227	57	 5.5831	 0.9693	   1.4814	        1.4829	          0.0015	   1.6088	2.076e-03	   0.034	   163.374
 228	57	 5.5826	 0.9720	   1.4814	        1.4829	          0.0015	   1.6722	3.437e-03	   0.034	   164.110
 229	58	 5.5826	 0.9684	   1.4814	        1.4829	          0.0015	   1.5261	1.593e-03	   0.032	   164.878
 230	58	 5.5822	 0.9711	   1.4814	        1.4829	          0.0015	   1.6705	2.944e-03	   0.040	   165.629
 231	58	 5.5821	 0.9719	   1.4814	        1.4829	          0.0015	   1.6381	3.344e-03	   0.031	   166.372
 232	58	 5.5834	 0.9708	   1.4814	        1.4829	          0.0015	   1.6096	2.812e-03	   0.034	   167.115
 233	59	 5.5830	 0.9730	   1.4814	        1.4829	          0.0015	   1.6688	3.918e-03	   0.033	   167.870
 234	59	 5.5839	 0.9726	   1.4814	        1.4829	          0.0015	   1.6182	3.731e-03	   0.034	   168.605
 235	59	 5.5835	 0.9725	   1.4814	        1.4829	          0.0015	   1.6147	3.649e-03	   0.032	   169.324
 236	59	 5.5838	 0.9726	   1.4814	        1.4829	          0.0015	   1.6205	3.699e-03	   0.034	   170.044
 237	60	 5.5835	 0.9711	   1.4814	        1.4829	          0.0015	   1.5766	2.966e-03	   0.039	   170.761
 238	60	 5.5845	 0.9740	   1.4814	        1.4829	          0.0015	   1.7010	4.411e-03	   0.030	   171.474
 239	60	 5.5847	 0.9719	   1.4814	        1.4829	          0.0015	   1.5642	3.345e-03	   0.029	   172.192
 240	60	 5.5845	 0.9736	   1.4814	        1.4829	          0.0015	   1.6635	4.197e-03	   0.030	   172.910
 241	61	 5.5845	 0.9767	   1.4814	        1.4829	          0.0015	   1.6933	5.758e-03	   0.035	   173.626
 242	61	 5.5850	 0.9748	   1.4814	        1.4829	          0.0015	   1.5816	4.791e-03	   0.033	   174.341
 243	61	 5.5853	 0.9739	   1.4814	        1.4829	          0.0015	   1.5989	4.380e-03	   0.035	   175.081
 244	61	 5.5856	 0.9741	   1.4814	        1.4829	          0.0015	   1.6242	4.481e-03	   0.035	   175.816
 245	62	 5.5861	 0.9732	   1.4814	        1.4829	          0.0015	   1.5941	4.021e-03	   0.029	   176.534
 246	62	 5.5862	 0.9737	   1.4814	        1.4829	          0.0015	   1.6344	4.278e-03	   0.031	   177.275
 247	62	 5.5865	 0.9762	   1.4814	        1.4829	          0.0015	   1.6924	5.483e-03	   0.033	   177.993
 248	62	 5.5868	 0.9722	   1.4814	        1.4829	          0.0015	   1.5178	3.537e-03	   0.038	   178.733
 249	63	 5.5864	 0.9711	   1.4814	        1.4829	          0.0015	   1.5809	2.938e-03	   0.030	   179.446
 250	63	 5.5867	 0.9695	   1.4814	        1.4829	          0.0015	   1.5738	2.129e-03	   0.032	   180.161
 251	63	 5.5874	 0.9708	   1.4814	        1.4829	          0.0015	   1.6698	2.806e-03	   0.037	   180.883
 252	63	 5.5871	 0.9722	   1.4814	        1.4829	          0.0015	   1.6521	3.503e-03	   0.029	   181.631
 253	64	 5.5867	 0.9722	   1.4814	        1.4829	          0.0015	   1.6090	3.511e-03	   0.031	   182.350
 254	64	 5.5869	 0.9721	   1.4814	        1.4829	          0.0015	   1.6194	3.447e-03	   0.034	   183.065
 255	64	 5.5868	 0.9728	   1.4814	        1.4829	          0.0015	   1.6343	3.822e-03	   0.035	   183.780
 256	64	 5.5875	 0.9722	   1.4814	        1.4829	          0.0015	   1.6092	3.496e-03	   0.031	   184.512
 257	65	 5.5875	 0.9727	   1.4814	        1.4829	          0.0015	   1.6244	3.762e-03	   0.035	   185.278
 258	65	 5.5880	 0.9739	   1.4814	        1.4829	          0.0015	   1.6553	4.354e-03	   0.042	   186.026
 259	65	 5.5881	 0.9721	   1.4814	        1.4829	          0.0015	   1.5699	3.473e-03	   0.031	   186.770
 260	65	 5.5882	 0.9725	   1.4814	        1.4829	          0.0015	   1.6420	3.679e-03	   0.030	   187.517
 261	66	 5.5881	 0.9741	   1.4814	        1.4829	          0.0015	   1.6585	4.467e-03	   0.034	   188.266
 262	66	 5.5890	 0.9728	   1.4814	        1.4829	          0.0015	   1.5925	3.831e-03	   0.034	   188.998
 263	66	 5.5891	 0.9722	   1.4814	        1.4829	          0.0015	   1.6048	3.504e-03	   0.028	   189.729
 264	66	 5.5889	 0.9735	   1.4814	        1.4829	          0.0015	   1.6516	4.177e-03	   0.034	   190.451
 265	67	 5.5885	 0.9720	   1.4814	        1.4829	          0.0015	   1.5681	3.412e-03	   0.039	   191.163
 266	67	 5.5883	 0.9741	   1.4814	        1.4829	          0.0015	   1.6731	4.465e-03	   0.032	   191.877
 267	67	 5.5889	 0.9724	   1.4814	        1.4829	          0.0015	   1.5768	3.595e-03	   0.029	   192.596
 268	67	 5.5894	 0.9714	   1.4814	        1.4829	          0.0015	   1.5971	3.123e-03	   0.036	   193.316
 269	68	 5.5891	 0.9716	   1.4814	        1.4829	          0.0015	   1.6282	3.231e-03	   0.034	   194.026
 270	68	 5.5889	 0.9705	   1.4814	        1.4829	          0.0015	   1.5821	2.641e-03	   0.030	   194.743
 271	68	 5.5896	 0.9699	   1.4814	        1.4829	          0.0015	   1.6009	2.352e-03	   0.036	   195.487
 272	68	 5.5899	 0.9711	   1.4814	        1.4829	          0.0015	   1.6510	2.960e-03	   0.035	   196.222
 273	69	 5.5899	 0.9710	   1.4814	        1.4829	          0.0015	   1.6173	2.904e-03	   0.036	   196.978
 274	69	 5.5901	 0.9707	   1.4814	        1.4829	          0.0015	   1.6143	2.782e-03	   0.031	   197.790
 275	69	 5.5899	 0.9695	   1.4814	        1.4829	          0.0015	   1.5672	2.142e-03	   0.032	   198.538
 276	69	 5.5902	 0.9709	   1.4814	        1.4829	          0.0015	   1.6641	2.867e-03	   0.031	   199.272
 277	70	 5.5897	 0.9702	   1.4814	        1.4829	          0.0015	   1.5889	2.510e-03	   0.031	   199.989
 278	70	 5.5901	 0.9705	   1.4814	        1.4829	          0.0015	   1.6363	2.653e-03	   0.037	   200.740
 279	70	 5.5907	 0.9685	   1.4814	        1.4829	          0.0015	   1.5590	1.646e-03	   0.036	   201.480
 280	70	 5.5909	 0.9704	   1.4814	        1.4829	          0.0015	   1.6752	2.587e-03	   0.031	   202.213
 281	71	 5.5913	 0.9693	   1.4814	        1.4829	          0.0015	   1.5922	2.035e-03	   0.030	   202.927
 282	71	 5.5904	 0.9685	   1.4814	        1.4829	          0.0015	   1.5797	1.639e-03	   0.033	   203.644
 283	71	 5.5904	 0.9691	   1.4814	        1.4829	          0.0015	   1.6360	1.974e-03	   0.034	   204.360
 284	71	 5.5911	 0.9694	   1.4814	        1.4829	          0.0015	   1.6324	2.093e-03	   0.031	   205.081
 285	72	 5.5913	 0.9684	   1.4814	        1.4829	          0.0015	   1.5914	1.610e-03	   0.026	   205.800
 286	72	 5.5912	 0.9668	   1.4814	        1.4829	          0.0015	   1.5586	7.555e-04	   0.054	   206.480
 287	72	 5.5918	 0.9684	   1.4814	        1.4829	          0.0015	   1.6756	1.610e-03	   0.024	   207.058
 288	72	 5.5920	 0.9698	   1.4814	        1.4829	          0.0015	   1.6629	2.293e-03	   0.022	   207.713
 289	73	 5.5921	 0.9702	   1.4814	        1.4829	          0.0015	   1.6425	2.518e-03	   0.050	   208.344
 290	73	 5.5923	 0.9690	   1.4814	        1.4829	          0.0015	   1.5777	1.887e-03	   0.029	   208.876
 291	73	 5.5928	 0.9716	   1.4814	        1.4829	          0.0015	   1.7027	3.194e-03	   0.024	   209.449
 292	73	 5.5928	 0.9708	   1.4814	        1.4829	          0.0015	   1.5865	2.835e-03	   0.024	   209.960
 293	74	 5.5931	 0.9726	   1.4814	        1.4829	          0.0015	   1.6679	3.715e-03	   0.027	   210.471
 294	74	 5.5935	 0.9739	   1.4814	        1.4829	          0.0015	   1.6667	4.355e-03	   0.029	   210.986
 295	74	 5.5938	 0.9736	   1.4814	        1.4829	          0.0015	   1.6165	4.198e-03	   0.025	   211.499
 296	74	 5.5935	 0.9724	   1.4814	        1.4829	          0.0015	   1.5716	3.626e-03	   0.024	   212.012
 297	75	 5.5939	 0.9737	   1.4814	        1.4829	          0.0015	   1.6695	4.256e-03	   0.027	   212.526
 298	75	 5.5940	 0.9727	   1.4814	        1.4829	          0.0015	   1.5863	3.761e-03	   0.023	   213.062
 299	75	 5.5942	 0.9710	   1.4814	        1.4829	          0.0015	   1.5589	2.893e-03	   0.027	   213.577
 300	75	 5.5939	 0.9721	   1.4814	        1.4829	          0.0015	   1.6517	3.443e-03	   0.029	   214.113
 301	76	 5.5942	 0.9705	   1.4814	        1.4829	          0.0015	   1.5700	2.671e-03	   0.027	   214.621
 302	76	 5.5945	 0.9706	   1.4814	        1.4829	          0.0015	   1.6263	2.720e-03	   0.023	   215.157
 303	76	 5.5947	 0.9721	   1.4814	        1.4829	          0.0015	   1.6686	3.480e-03	   0.024	   215.671
 304	76	 5.5946	 0.9729	   1.4814	        1.4829	          0.0015	   1.6435	3.890e-03	   0.031	   216.209
 305	77	 5.5952	 0.9719	   1.4814	        1.4829	          0.0015	   1.5885	3.352e-03	   0.024	   216.723
 306	77	 5.5955	 0.9735	   1.4814	        1.4829	          0.0015	   1.6755	4.151e-03	   0.027	   217.268
 307	77	 5.5955	 0.9728	   1.4814	        1.4829	          0.0015	   1.6049	3.813e-03	   0.026	   217.789
 308	77	 5.5958	 0.9723	   1.4814	        1.4829	          0.0015	   1.6013	3.574e-03	   0.027	   218.298
 309	78	 5.5961	 0.9715	   1.4814	        1.4829	          0.0015	   1.5866	3.175e-03	   0.022	   218.809
 310	78	 5.5955	 0.9732	   1.4814	        1.4829	          0.0015	   1.6600	4.017e-03	   0.022	   219.324
 311	78	 5.5960	 0.9740	   1.4814	        1.4829	          0.0015	   1.6537	4.404e-03	   0.031	   219.850
 312	78	 5.5962	 0.9727	   1.4814	        1.4829	          0.0015	   1.5875	3.768e-03	   0.027	   220.391
 313	79	 5.5959	 0.9738	   1.4814	        1.4829	          0.0015	   1.6482	4.293e-03	   0.031	   220.941
 314	79	 5.5956	 0.9730	   1.4814	        1.4829	          0.0015	   1.5936	3.908e-03	   0.026	   221.477
 315	79	 5.5955	 0.9725	   1.4814	        1.4829	          0.0015	   1.5929	3.650e-03	   0.025	   222.020
 316	79	 5.5964	 0.9732	   1.4814	        1.4829	          0.0015	   1.6609	4.032e-03	   0.025	   222.552
 317	80	 5.5966	 0.9733	   1.4814	        1.4829	          0.0015	   1.6226	4.045e-03	   0.025	   223.087
 318	80	 5.5967	 0.9736	   1.4814	        1.4829	          0.0015	   1.6319	4.231e-03	   0.031	   223.636
 319	80	 5.5968	 0.9740	   1.4814	        1.4829	          0.0015	   1.6353	4.402e-03	   0.024	   224.167
 320	80	 5.5972	 0.9739	   1.4814	        1.4829	          0.0015	   1.6143	4.358e-03	   0.023	   224.677
 321	81	 5.5976	 0.9723	   1.4814	        1.4829	          0.0015	   1.5659	3.553e-03	   0.024	   225.193
 322	81	 5.5976	 0.9719	   1.4814	        1.4829	          0.0015	   1.6106	3.355e-03	   0.028	   225.707
 323	81	 5.5977	 0.9730	   1.4814	        1.4829	          0.0015	   1.6590	3.894e-03	   0.026	   226.218
 324	81	 5.5984	 0.9740	   1.4814	        1.4829	          0.0015	   1.6567	4.404e-03	   0.024	   226.728
 325	82	 5.5985	 0.9729	   1.4814	        1.4829	          0.0015	   1.5835	3.860e-03	   0.027	   227.246
 326	82	 5.5986	 0.9732	   1.4814	        1.4829	          0.0015	   1.6327	4.037e-03	   0.032	   227.850
 327	82	 5.5985	 0.9751	   1.4814	        1.4829	          0.0015	   1.6839	4.941e-03	   0.031	   228.485
 328	82	 5.5991	 0.9741	   1.4814	        1.4829	          0.0015	   1.5918	4.443e-03	   0.032	   229.118
 329	83	 5.5997	 0.9740	   1.4814	        1.4829	          0.0015	   1.6257	4.406e-03	   0.029	   229.682
 330	83	 5.5995	 0.9745	   1.4814	        1.4829	          0.0015	   1.6364	4.684e-03	   0.024	   230.222
 331	83	 5.6001	 0.9741	   1.4814	        1.4829	          0.0015	   1.6045	4.475e-03	   0.024	   230.733
 332	83	 5.5997	 0.9738	   1.4814	        1.4829	          0.0015	   1.6047	4.322e-03	   0.031	   231.269
 333	84	 5.5998	 0.9749	   1.4814	        1.4829	          0.0015	   1.6558	4.840e-03	   0.025	   231.830
 334	84	 5.5999	 0.9754	   1.4814	        1.4829	          0.0015	   1.6417	5.099e-03	   0.027	   232.362
 335	84	 5.6001	 0.9744	   1.4814	        1.4829	          0.0015	   1.5874	4.609e-03	   0.027	   232.883
 336	84	 5.6004	 0.9740	   1.4814	        1.4829	          0.0015	   1.6082	4.415e-03	   0.030	   233.398
 337	85	 5.6006	 0.9734	   1.4814	        1.4829	          0.0015	   1.6101	4.138e-03	   0.023	   233.909
 338	85	 5.6006	 0.9738	   1.4814	        1.4829	          0.0015	   1.6311	4.313e-03	   0.024	   234.423
 339	85	 5.6013	 0.9740	   1.4814	        1.4829	          0.0015	   1.6317	4.393e-03	   0.029	   234.936
 340	85	 5.6007	 0.9736	   1.4814	        1.4829	          0.0015	   1.5902	4.220e-03	   0.027	   235.482
 341	86	 5.6009	 0.9731	   1.4814	        1.4829	          0.0015	   1.6049	3.982e-03	   0.028	   236.026
 342	86	 5.6005	 0.9736	   1.4814	        1.4829	          0.0015	   1.6314	4.238e-03	   0.028	   236.568
 343	86	 5.6005	 0.9741	   1.4814	        1.4829	          0.0015	   1.6288	4.447e-03	   0.027	   237.107
 344	86	 5.6009	 0.9740	   1.4814	        1.4829	          0.0015	   1.6262	4.432e-03	   0.022	   237.648
 345	87	 5.6010	 0.9734	   1.4814	        1.4829	          0.0015	   1.5948	4.103e-03	   0.025	   238.181
 346	87	 5.6008	 0.9738	   1.4814	        1.4829	          0.0015	   1.6370	4.327e-03	   0.031	   238.724
 347	87	 5.6012	 0.9738	   1.4814	        1.4829	          0.0015	   1.6243	4.307e-03	   0.028	   239.258
 348	87	 5.6015	 0.9752	   1.4814	        1.4829	          0.0015	   1.6751	5.022e-03	   0.023	   239.772
 349	88	 5.6013	 0.9767	   1.4814	        1.4829	          0.0015	   1.6708	5.756e-03	   0.027	   240.289
 350	88	 5.6018	 0.9762	   1.4814	        1.4829	          0.0015	   1.6154	5.518e-03	   0.027	   240.800
 351	88	 5.6020	 0.9751	   1.4814	        1.4829	          0.0015	   1.5802	4.963e-03	   0.023	   241.312
 352	88	 5.6023	 0.9749	   1.4814	        1.4829	          0.0015	   1.6073	4.861e-03	   0.024	   241.828
 353	89	 5.6024	 0.9744	   1.4814	        1.4829	          0.0015	   1.6006	4.631e-03	   0.027	   242.343
 354	89	 5.6025	 0.9746	   1.4814	        1.4829	          0.0015	   1.6207	4.698e-03	   0.028	   242.863
 355	89	 5.6027	 0.9743	   1.4814	        1.4829	          0.0015	   1.6139	4.575e-03	   0.023	   243.385
 356	89	 5.6029	 0.9743	   1.4814	        1.4829	          0.0015	   1.6241	4.578e-03	   0.028	   243.920
 357	90	 5.6022	 0.9746	   1.4814	        1.4829	          0.0015	   1.6156	4.693e-03	   0.027	   244.437
 358	90	 5.6026	 0.9739	   1.4814	        1.4829	          0.0015	   1.5980	4.362e-03	   0.025	   244.965
 359	90	 5.6029	 0.9747	   1.4814	        1.4829	          0.0015	   1.6612	4.752e-03	   0.025	   245.486
 360	90	 5.6028	 0.9738	   1.4814	        1.4829	          0.0015	   1.5828	4.328e-03	   0.031	   246.016
 361	91	 5.6028	 0.9715	   1.4814	        1.4829	          0.0015	   1.5327	3.152e-03	   0.026	   246.579
 362	91	 5.6034	 0.9716	   1.4814	        1.4829	          0.0015	   1.6232	3.212e-03	   0.024	   247.088
 363	91	 5.6027	 0.9718	   1.4814	        1.4829	          0.0015	   1.6099	3.301e-03	   0.027	   247.601
 364	91	 5.6029	 0.9740	   1.4814	        1.4829	          0.0015	   1.7116	4.433e-03	   0.027	   248.115
 365	92	 5.6035	 0.9739	   1.4814	        1.4829	          0.0015	   1.6260	4.366e-03	   0.024	   248.626
 366	92	 5.6028	 0.9750	   1.4814	        1.4829	          0.0015	   1.6449	4.897e-03	   0.023	   249.138
 367	92	 5.6029	 0.9740	   1.4814	        1.4829	          0.0015	   1.5907	4.426e-03	   0.025	   249.656
 368	92	 5.6028	 0.9739	   1.4814	        1.4829	          0.0015	   1.6096	4.363e-03	   0.029	   250.199
 369	93	 5.6022	 0.9729	   1.4814	        1.4829	          0.0015	   1.5646	3.848e-03	   0.028	   250.729
 370	93	 5.6023	 0.9741	   1.4814	        1.4829	          0.0015	   1.6775	4.489e-03	   0.030	   251.281
 371	93	 5.6034	 0.9740	   1.4814	        1.4829	          0.0015	   1.6277	4.402e-03	   0.027	   251.817
 372	93	 5.6037	 0.9732	   1.4814	        1.4829	          0.0015	   1.5942	4.014e-03	   0.026	   252.363
 373	94	 5.6039	 0.9714	   1.4814	        1.4829	          0.0015	   1.5462	3.126e-03	   0.025	   252.897
 374	94	 5.6041	 0.9721	   1.4814	        1.4829	          0.0015	   1.6419	3.476e-03	   0.027	   253.436
 375	94	 5.6040	 0.9733	   1.4814	        1.4829	          0.0015	   1.6673	4.063e-03	   0.028	   253.975
 376	94	 5.6042	 0.9737	   1.4814	        1.4829	          0.0015	   1.6470	4.291e-03	   0.023	   254.494
 377	95	 5.6045	 0.9739	   1.4814	        1.4829	          0.0015	   1.6248	4.363e-03	   0.028	   255.008
 378	95	 5.6045	 0.9731	   1.4814	        1.4829	          0.0015	   1.5923	3.970e-03	   0.024	   255.517
 379	95	 5.6045	 0.9750	   1.4814	        1.4829	          0.0015	   1.6926	4.924e-03	   0.023	   256.032
 380	95	 5.6046	 0.9738	   1.4814	        1.4829	          0.0015	   1.5712	4.318e-03	   0.026	   256.568
 381	96	 5.6045	 0.9738	   1.4814	        1.4829	          0.0015	   1.6143	4.294e-03	   0.033	   257.149
 382	96	 5.6048	 0.9739	   1.4814	        1.4829	          0.0015	   1.6319	4.345e-03	   0.029	   257.713
 383	96	 5.6048	 0.9737	   1.4814	        1.4829	          0.0015	   1.6139	4.249e-03	   0.023	   258.253
 384	96	 5.6049	 0.9742	   1.4814	        1.4829	          0.0015	   1.6324	4.499e-03	   0.030	   258.777
 385	97	 5.6052	 0.9736	   1.4814	        1.4829	          0.0015	   1.6018	4.218e-03	   0.026	   259.299
 386	97	 5.6054	 0.9757	   1.4814	        1.4829	          0.0015	   1.7136	5.275e-03	   0.027	   259.822
 387	97	 5.6054	 0.9749	   1.4814	        1.4829	          0.0015	   1.5797	4.840e-03	   0.026	   260.376
 388	97	 5.6056	 0.9750	   1.4814	        1.4829	          0.0015	   1.6292	4.932e-03	   0.028	   260.921
 389	98	 5.6053	 0.9754	   1.4814	        1.4829	          0.0015	   1.6328	5.127e-03	   0.024	   261.469
 390	98	 5.6058	 0.9749	   1.4814	        1.4829	          0.0015	   1.6074	4.862e-03	   0.021	   261.980
 391	98	 5.6057	 0.9753	   1.4814	        1.4829	          0.0015	   1.6328	5.065e-03	   0.029	   262.499
 392	98	 5.6057	 0.9755	   1.4814	        1.4829	          0.0015	   1.6273	5.150e-03	   0.028	   263.009
 393	99	 5.6061	 0.9760	   1.4814	        1.4829	          0.0015	   1.6459	5.431e-03	   0.025	   263.518
 394	99	 5.6066	 0.9758	   1.4814	        1.4829	          0.0015	   1.6193	5.296e-03	   0.022	   264.032
 395	99	 5.6063	 0.9756	   1.4814	        1.4829	          0.0015	   1.6049	5.213e-03	   0.029	   264.551
 396	99	 5.6067	 0.9739	   1.4814	        1.4829	          0.0015	   1.5565	4.353e-03	   0.028	   265.082
 397	100	 5.6068	 0.9734	   1.4814	        1.4829	          0.0015	   1.6036	4.107e-03	   0.022	   265.614
 398	100	 5.6069	 0.9725	   1.4814	        1.4829	          0.0015	   1.5801	3.664e-03	   0.030	   266.173
 399	100	 5.6066	 0.9736	   1.4814	        1.4829	          0.0015	   1.6565	4.225e-03	   0.027	   266.704
 400	100	 5.6069	 0.9742	   1.4814	        1.4829	          0.0015	   1.6470	4.502e-03	   0.026	   267.250
 401	101	 5.6068	 0.9739	   1.4814	        1.4829	          0.0015	   1.6153	4.357e-03	   0.024	   267.784
 402	101	 5.6071	 0.9745	   1.4814	        1.4829	          0.0015	   1.6477	4.686e-03	   0.025	   268.325
 403	101	 5.6069	 0.9743	   1.4814	        1.4829	          0.0015	   1.5965	4.586e-03	   0.026	   268.862
 404	101	 5.6073	 0.9734	   1.4814	        1.4829	          0.0015	   1.5837	4.134e-03	   0.023	   269.386
 405	102	 5.6074	 0.9746	   1.4814	        1.4829	          0.0015	   1.6749	4.714e-03	   0.029	   269.903
 406	102	 5.6071	 0.9741	   1.4814	        1.4829	          0.0015	   1.5940	4.446e-03	   0.025	   270.415
 407	102	 5.6074	 0.9737	   1.4814	        1.4829	          0.0015	   1.6110	4.277e-03	   0.025	   270.928
 408	102	 5.6074	 0.9736	   1.4814	        1.4829	          0.0015	   1.6059	4.194e-03	   0.023	   271.437
 409	103	 5.6075	 0.9738	   1.4814	        1.4829	          0.0015	   1.6291	4.301e-03	   0.029	   271.955
 410	103	 5.6073	 0.9745	   1.4814	        1.4829	          0.0015	   1.6504	4.668e-03	   0.026	   272.470
 411	103	 5.6078	 0.9745	   1.4814	        1.4829	          0.0015	   1.6254	4.668e-03	   0.024	   273.001
 412	103	 5.6079	 0.9728	   1.4814	        1.4829	          0.0015	   1.5416	3.820e-03	   0.026	   273.516
 413	104	 5.6078	 0.9734	   1.4814	        1.4829	          0.0015	   1.6509	4.093e-03	   0.023	   274.050
 414	104	 5.6081	 0.9727	   1.4814	        1.4829	          0.0015	   1.5932	3.775e-03	   0.028	   274.569
 415	104	 5.6082	 0.9725	   1.4814	        1.4829	          0.0015	   1.6053	3.658e-03	   0.027	   275.129
 416	104	 5.6085	 0.9728	   1.4814	        1.4829	          0.0015	   1.6357	3.829e-03	   0.030	   275.653
 417	105	 5.6080	 0.9726	   1.4814	        1.4829	          0.0015	   1.5991	3.712e-03	   0.024	   276.189
 418	105	 5.6081	 0.9733	   1.4814	        1.4829	          0.0015	   1.6563	4.075e-03	   0.025	   276.702
 419	105	 5.6088	 0.9729	   1.4814	        1.4829	          0.0015	   1.6138	3.885e-03	   0.028	   277.216
 420	105	 5.6089	 0.9726	   1.4814	        1.4829	          0.0015	   1.6031	3.694e-03	   0.024	   277.727
 421	106	 5.6090	 0.9718	   1.4814	        1.4829	          0.0015	   1.5748	3.294e-03	   0.025	   278.243
 422	106	 5.6087	 0.9730	   1.4814	        1.4829	          0.0015	   1.6758	3.912e-03	   0.022	   278.754
 423	106	 5.6088	 0.9722	   1.4814	        1.4829	          0.0015	   1.5905	3.539e-03	   0.030	   279.270
 424	106	 5.6094	 0.9726	   1.4814	        1.4829	          0.0015	   1.6446	3.720e-03	   0.026	   279.795
 425	107	 5.6097	 0.9730	   1.4814	        1.4829	          0.0015	   1.6526	3.939e-03	   0.023	   280.334
 426	107	 5.6095	 0.9732	   1.4814	        1.4829	          0.0015	   1.6184	4.023e-03	   0.030	   280.885
 427	107	 5.6095	 0.9727	   1.4814	        1.4829	          0.0015	   1.5889	3.783e-03	   0.026	   281.415
 428	107	 5.6094	 0.9721	   1.4814	        1.4829	          0.0015	   1.5870	3.489e-03	   0.028	   281.966
 429	108	 5.6098	 0.9717	   1.4814	        1.4829	          0.0015	   1.6047	3.247e-03	   0.024	   282.500
 430	108	 5.6097	 0.9701	   1.4814	        1.4829	          0.0015	   1.5407	2.450e-03	   0.032	   283.043
 431	108	 5.6099	 0.9708	   1.4814	        1.4829	          0.0015	   1.6614	2.825e-03	   0.027	   283.580
 432	108	 5.6099	 0.9721	   1.4814	        1.4829	          0.0015	   1.6721	3.487e-03	   0.027	   284.149
 433	109	 5.6096	 0.9704	   1.4814	        1.4829	          0.0015	   1.5252	2.617e-03	   0.032	   284.732
 434	109	 5.6103	 0.9711	   1.4814	        1.4829	          0.0015	   1.6622	2.965e-03	   0.031	   285.348
 435	109	 5.6101	 0.9709	   1.4814	        1.4829	          0.0015	   1.6115	2.877e-03	   0.026	   285.953
 436	109	 5.6103	 0.9718	   1.4814	        1.4829	          0.0015	   1.6722	3.339e-03	   0.021	   286.520
 437	110	 5.6097	 0.9718	   1.4814	        1.4829	          0.0015	   1.6100	3.335e-03	   0.030	   287.056
 438	110	 5.6101	 0.9723	   1.4814	        1.4829	          0.0015	   1.6485	3.575e-03	   0.027	   287.567
 439	110	 5.6104	 0.9724	   1.4814	        1.4829	          0.0015	   1.6226	3.601e-03	   0.027	   288.095
 440	110	 5.6105	 0.9722	   1.4814	        1.4829	          0.0015	   1.6141	3.538e-03	   0.026	   288.613
 441	111	 5.6104	 0.9721	   1.4814	        1.4829	          0.0015	   1.5994	3.458e-03	   0.028	   289.155
 442	111	 5.6107	 0.9720	   1.4814	        1.4829	          0.0015	   1.6198	3.417e-03	   0.028	   289.703
 443	111	 5.6108	 0.9719	   1.4814	        1.4829	          0.0015	   1.6290	3.387e-03	   0.024	   290.259
 444	111	 5.6111	 0.9717	   1.4814	        1.4829	          0.0015	   1.6031	3.248e-03	   0.030	   290.787
 445	112	 5.6114	 0.9730	   1.4814	        1.4829	          0.0015	   1.6883	3.936e-03	   0.026	   291.317
 446	112	 5.6116	 0.9718	   1.4814	        1.4829	          0.0015	   1.5536	3.297e-03	   0.025	   291.829
 447	112	 5.6117	 0.9715	   1.4814	        1.4829	          0.0015	   1.6095	3.161e-03	   0.026	   292.342
 448	112	 5.6114	 0.9712	   1.4814	        1.4829	          0.0015	   1.6016	3.015e-03	   0.025	   292.857
 449	113	 5.6117	 0.9694	   1.4814	        1.4829	          0.0015	   1.5381	2.119e-03	   0.025	   293.369
 450	113	 5.6120	 0.9695	   1.4814	        1.4829	          0.0015	   1.6277	2.152e-03	   0.024	   293.881
 451	113	 5.6119	 0.9700	   1.4814	        1.4829	          0.0015	   1.6365	2.389e-03	   0.030	   294.401
 452	113	 5.6123	 0.9707	   1.4814	        1.4829	          0.0015	   1.6606	2.741e-03	   0.026	   294.920
 453	114	 5.6124	 0.9710	   1.4814	        1.4829	          0.0015	   1.6388	2.895e-03	   0.027	   295.461
 454	114	 5.6127	 0.9706	   1.4814	        1.4829	          0.0015	   1.6046	2.690e-03	   0.030	   296.008
 455	114	 5.6121	 0.9715	   1.4814	        1.4829	          0.0015	   1.6506	3.160e-03	   0.026	   296.544
 456	114	 5.6124	 0.9712	   1.4814	        1.4829	          0.0015	   1.6094	3.024e-03	   0.026	   297.090
 457	115	 5.6128	 0.9718	   1.4814	        1.4829	          0.0015	   1.6535	3.300e-03	   0.023	   297.625
 458	115	 5.6125	 0.9715	   1.4814	        1.4829	          0.0015	   1.5935	3.168e-03	   0.030	   298.160
 459	115	 5.6124	 0.9715	   1.4814	        1.4829	          0.0015	   1.6195	3.142e-03	   0.022	   298.704
 460	115	 5.6125	 0.9712	   1.4814	        1.4829	          0.0015	   1.6039	3.013e-03	   0.026	   299.239
 461	116	 5.6125	 0.9710	   1.4814	        1.4829	          0.0015	   1.6016	2.920e-03	   0.029	   299.752
 462	116	 5.6129	 0.9717	   1.4814	        1.4829	          0.0015	   1.6564	3.284e-03	   0.027	   300.261
 463	116	 5.6129	 0.9716	   1.4814	        1.4829	          0.0015	   1.6095	3.240e-03	   0.023	   300.774
 464	116	 5.6131	 0.9713	   1.4814	        1.4829	          0.0015	   1.6173	3.062e-03	   0.021	   301.273
 465	117	 5.6132	 0.9715	   1.4814	        1.4829	          0.0015	   1.6238	3.180e-03	   0.025	   301.773
 466	117	 5.6131	 0.9717	   1.4814	        1.4829	          0.0015	   1.6251	3.264e-03	   0.020	   302.252
 467	117	 5.6132	 0.9726	   1.4814	        1.4829	          0.0015	   1.6725	3.713e-03	   0.023	   302.724
 468	117	 5.6134	 0.9722	   1.4814	        1.4829	          0.0015	   1.5977	3.501e-03	   0.022	   303.166
 469	118	 5.6137	 0.9724	   1.4814	        1.4829	          0.0015	   1.6294	3.631e-03	   0.025	   303.640
 470	118	 5.6138	 0.9724	   1.4814	        1.4829	          0.0015	   1.6229	3.595e-03	   0.024	   304.094
 471	118	 5.6136	 0.9723	   1.4814	        1.4829	          0.0015	   1.6150	3.554e-03	   0.023	   304.527
 472	118	 5.6135	 0.9725	   1.4814	        1.4829	          0.0015	   1.6202	3.659e-03	   0.023	   304.950
 473	119	 5.6137	 0.9722	   1.4814	        1.4829	          0.0015	   1.6088	3.534e-03	   0.023	   305.378
 474	119	 5.6140	 0.9725	   1.4814	        1.4829	          0.0015	   1.6305	3.672e-03	   0.026	   305.808
 475	119	 5.6138	 0.9723	   1.4814	        1.4829	          0.0015	   1.6113	3.565e-03	   0.024	   306.230
 476	119	 5.6139	 0.9731	   1.4814	        1.4829	          0.0015	   1.6616	3.965e-03	   0.023	   306.647
 477	120	 5.6135	 0.9723	   1.4814	        1.4829	          0.0015	   1.5640	3.578e-03	   0.024	   307.069
 478	120	 5.6135	 0.9721	   1.4814	        1.4829	          0.0015	   1.6118	3.461e-03	   0.023	   307.480
 479	120	 5.6136	 0.9719	   1.4814	        1.4829	          0.0015	   1.6038	3.361e-03	   0.023	   307.903
 480	120	 5.6139	 0.9733	   1.4814	        1.4829	          0.0015	   1.6943	4.081e-03	   0.021	   308.336
 481	121	 5.6136	 0.9726	   1.4814	        1.4829	          0.0015	   1.5801	3.739e-03	   0.026	   308.780
 482	121	 5.6134	 0.9721	   1.4814	        1.4829	          0.0015	   1.5891	3.447e-03	   0.026	   309.227
 483	121	 5.6137	 0.9726	   1.4814	        1.4829	          0.0015	   1.6466	3.739e-03	   0.024	   309.672
 484	121	 5.6143	 0.9738	   1.4814	        1.4829	          0.0015	   1.6852	4.296e-03	   0.026	   310.125
 485	122	 5.6146	 0.9737	   1.4814	        1.4829	          0.0015	   1.6214	4.255e-03	   0.023	   310.561
 486	122	 5.6147	 0.9739	   1.4814	        1.4829	          0.0015	   1.6332	4.367e-03	   0.023	   310.999
 487	122	 5.6147	 0.9736	   1.4814	        1.4829	          0.0015	   1.6027	4.198e-03	   0.024	   311.452
 488	122	 5.6148	 0.9735	   1.4814	        1.4829	          0.0015	   1.6172	4.166e-03	   0.033	   311.948
 489	123	 5.6149	 0.9747	   1.4814	        1.4829	          0.0015	   1.6782	4.751e-03	   0.026	   312.435
 490	123	 5.6152	 0.9741	   1.4814	        1.4829	          0.0015	   1.5999	4.485e-03	   0.023	   312.872
 491	123	 5.6152	 0.9729	   1.4814	        1.4829	          0.0015	   1.5519	3.851e-03	   0.024	   313.294
 492	123	 5.6153	 0.9729	   1.4814	        1.4829	          0.0015	   1.6197	3.869e-03	   0.023	   313.705
 493	124	 5.6155	 0.9728	   1.4814	        1.4829	          0.0015	   1.6162	3.825e-03	   0.023	   314.128
 494	124	 5.6155	 0.9735	   1.4814	        1.4829	          0.0015	   1.6606	4.187e-03	   0.021	   314.545
 495	124	 5.6157	 0.9739	   1.4814	        1.4829	          0.0015	   1.6430	4.369e-03	   0.026	   314.987
 496	124	 5.6159	 0.9732	   1.4814	        1.4829	          0.0015	   1.5741	3.995e-03	   0.026	   315.435
 497	125	 5.6161	 0.9723	   1.4814	        1.4829	          0.0015	   1.5781	3.574e-03	   0.024	   315.898
 498	125	 5.6163	 0.9733	   1.4814	        1.4829	          0.0015	   1.6749	4.075e-03	   0.024	   316.341
 499	125	 5.6162	 0.9735	   1.4814	        1.4829	          0.0015	   1.6255	4.158e-03	   0.025	   316.773
 500	125	 5.6161	 0.9732	   1.4814	        1.4829	          0.0015	   1.6011	4.003e-03	   0.023	   317.198
 501	126	 5.6162	 0.9729	   1.4814	        1.4829	          0.0015	   1.6016	3.872e-03	   0.023	   317.619
 502	126	 5.6164	 0.9730	   1.4814	        1.4829	          0.0015	   1.6358	3.918e-03	   0.026	   318.057
 503	126	 5.6163	 0.9736	   1.4814	        1.4829	          0.0015	   1.6422	4.218e-03	   0.024	   318.479
 504	126	 5.6162	 0.9734	   1.4814	        1.4829	          0.0015	   1.6096	4.131e-03	   0.023	   318.896
 505	127	 5.6163	 0.9728	   1.4814	        1.4829	          0.0015	   1.5835	3.805e-03	   0.024	   319.318
 506	127	 5.6160	 0.9731	   1.4814	        1.4829	          0.0015	   1.6258	3.944e-03	   0.023	   319.728
 507	127	 5.6161	 0.9728	   1.4814	        1.4829	          0.0015	   1.6062	3.800e-03	   0.023	   320.151
 508	127	 5.6163	 0.9736	   1.4814	        1.4829	          0.0015	   1.6719	4.237e-03	   0.023	   320.580
 509	128	 5.6165	 0.9731	   1.4814	        1.4829	          0.0015	   1.5844	3.989e-03	   0.026	   321.027
 510	128	 5.6170	 0.9734	   1.4814	        1.4829	          0.0015	   1.6452	4.120e-03	   0.026	   321.466
 511	128	 5.6173	 0.9739	   1.4814	        1.4829	          0.0015	   1.6502	4.386e-03	   0.024	   321.914
 512	128	 5.6171	 0.9735	   1.4814	        1.4829	          0.0015	   1.5919	4.147e-03	   0.026	   322.364
 513	129	 5.6169	 0.9724	   1.4814	        1.4829	          0.0015	   1.5667	3.613e-03	   0.025	   322.804
 514	129	 5.6168	 0.9720	   1.4814	        1.4829	          0.0015	   1.5967	3.440e-03	   0.023	   323.246
 515	129	 5.6173	 0.9728	   1.4814	        1.4829	          0.0015	   1.6621	3.833e-03	   0.022	   323.685
 516	129	 5.6176	 0.9722	   1.4814	        1.4829	          0.0015	   1.5788	3.495e-03	   0.028	   324.127
 517	130	 5.6175	 0.9725	   1.4814	        1.4829	          0.0015	   1.6368	3.653e-03	   0.024	   324.559
 518	130	 5.6178	 0.9723	   1.4814	        1.4829	          0.0015	   1.6163	3.562e-03	   0.023	   324.976
 519	130	 5.6178	 0.9721	   1.4814	        1.4829	          0.0015	   1.6113	3.480e-03	   0.024	   325.399
 520	130	 5.6178	 0.9724	   1.4814	        1.4829	          0.0015	   1.6244	3.603e-03	   0.023	   325.809
 521	131	 5.6180	 0.9722	   1.4814	        1.4829	          0.0015	   1.6102	3.506e-03	   0.023	   326.232
 522	131	 5.6181	 0.9716	   1.4814	        1.4829	          0.0015	   1.5919	3.220e-03	   0.021	   326.649
 523	131	 5.6179	 0.9720	   1.4814	        1.4829	          0.0015	   1.6330	3.401e-03	   0.028	   327.087
 524	131	 5.6180	 0.9725	   1.4814	        1.4829	          0.0015	   1.6469	3.654e-03	   0.026	   327.542
 525	132	 5.6184	 0.9735	   1.4814	        1.4829	          0.0015	   1.6802	4.170e-03	   0.025	   327.979
 526	132	 5.6184	 0.9734	   1.4814	        1.4829	          0.0015	   1.6050	4.095e-03	   0.024	   328.413
 527	132	 5.6184	 0.9733	   1.4814	        1.4829	          0.0015	   1.6197	4.074e-03	   0.025	   328.838
 528	132	 5.6184	 0.9726	   1.4814	        1.4829	          0.0015	   1.5840	3.714e-03	   0.023	   329.268
 529	133	 5.6189	 0.9717	   1.4814	        1.4829	          0.0015	   1.5806	3.246e-03	   0.021	   329.685
 530	133	 5.6187	 0.9719	   1.4814	        1.4829	          0.0015	   1.6236	3.369e-03	   0.026	   330.127
 531	133	 5.6185	 0.9722	   1.4814	        1.4829	          0.0015	   1.6264	3.506e-03	   0.024	   330.549
 532	133	 5.6187	 0.9728	   1.4814	        1.4829	          0.0015	   1.6578	3.825e-03	   0.023	   330.966
 533	134	 5.6186	 0.9729	   1.4814	        1.4829	          0.0015	   1.6228	3.851e-03	   0.024	   331.388
 534	134	 5.6190	 0.9730	   1.4814	        1.4829	          0.0015	   1.6351	3.896e-03	   0.023	   331.799
 535	134	 5.6193	 0.9731	   1.4814	        1.4829	          0.0015	   1.6330	3.964e-03	   0.023	   332.222
 536	134	 5.6193	 0.9730	   1.4814	        1.4829	          0.0015	   1.6086	3.908e-03	   0.023	   332.642
 537	135	 5.6196	 0.9727	   1.4814	        1.4829	          0.0015	   1.6058	3.783e-03	   0.026	   333.092
 538	135	 5.6198	 0.9721	   1.4814	        1.4829	          0.0015	   1.5948	3.491e-03	   0.024	   333.535
 539	135	 5.6196	 0.9720	   1.4814	        1.4829	          0.0015	   1.6031	3.400e-03	   0.026	   334.015
 540	135	 5.6197	 0.9728	   1.4814	        1.4829	          0.0015	   1.6632	3.798e-03	   0.030	   334.510
 541	136	 5.6202	 0.9718	   1.4814	        1.4829	          0.0015	   1.5670	3.334e-03	   0.031	   335.049
 542	136	 5.6202	 0.9727	   1.4814	        1.4829	          0.0015	   1.6679	3.744e-03	   0.027	   335.587
 543	136	 5.6204	 0.9731	   1.4814	        1.4829	          0.0015	   1.6510	3.952e-03	   0.022	   336.074
 544	136	 5.6202	 0.9732	   1.4814	        1.4829	          0.0015	   1.6262	4.037e-03	   0.026	   336.538
 545	137	 5.6203	 0.9732	   1.4814	        1.4829	          0.0015	   1.6144	4.028e-03	   0.024	   336.975
 546	137	 5.6203	 0.9727	   1.4814	        1.4829	          0.0015	   1.5892	3.769e-03	   0.023	   337.392
 547	137	 5.6202	 0.9734	   1.4814	        1.4829	          0.0015	   1.6557	4.105e-03	   0.024	   337.814
 548	137	 5.6201	 0.9730	   1.4814	        1.4829	          0.0015	   1.5962	3.915e-03	   0.023	   338.225
 549	138	 5.6203	 0.9727	   1.4814	        1.4829	          0.0015	   1.6055	3.764e-03	   0.022	   338.647
 550	138	 5.6200	 0.9718	   1.4814	        1.4829	          0.0015	   1.5598	3.330e-03	   0.023	   339.070
 551	138	 5.6204	 0.9717	   1.4814	        1.4829	          0.0015	   1.6175	3.282e-03	   0.030	   339.539
 552	138	 5.6205	 0.9725	   1.4814	        1.4829	          0.0015	   1.6734	3.684e-03	   0.026	   339.992
 553	139	 5.6206	 0.9727	   1.4814	        1.4829	          0.0015	   1.6318	3.775e-03	   0.025	   340.418
 554	139	 5.6204	 0.9727	   1.4814	        1.4829	          0.0015	   1.6121	3.772e-03	   0.024	   340.860
 555	139	 5.6209	 0.9719	   1.4814	        1.4829	          0.0015	   1.5790	3.365e-03	   0.025	   341.278
 556	139	 5.6206	 0.9729	   1.4814	        1.4829	          0.0015	   1.6751	3.884e-03	   0.023	   341.716
 557	140	 5.6207	 0.9728	   1.4814	        1.4829	          0.0015	   1.6231	3.838e-03	   0.021	   342.133
 558	140	 5.6207	 0.9728	   1.4814	        1.4829	          0.0015	   1.6188	3.802e-03	   0.026	   342.576
 559	140	 5.6205	 0.9728	   1.4814	        1.4829	          0.0015	   1.6025	3.816e-03	   0.024	   342.997
 560	140	 5.6204	 0.9732	   1.4814	        1.4829	          0.0015	   1.6357	4.001e-03	   0.023	   343.414
 561	141	 5.6205	 0.9728	   1.4814	        1.4829	          0.0015	   1.5993	3.841e-03	   0.023	   343.836
 562	141	 5.6204	 0.9743	   1.4814	        1.4829	          0.0015	   1.7058	4.550e-03	   0.023	   344.247
 563	141	 5.6205	 0.9748	   1.4814	        1.4829	          0.0015	   1.6496	4.805e-03	   0.022	   344.670
 564	141	 5.6204	 0.9741	   1.4814	        1.4829	          0.0015	   1.5745	4.453e-03	   0.021	   345.087
 565	142	 5.6204	 0.9728	   1.4814	        1.4829	          0.0015	   1.5423	3.798e-03	   0.026	   345.535
 566	142	 5.6207	 0.9730	   1.4814	        1.4829	          0.0015	   1.6415	3.922e-03	   0.026	   345.980
 567	142	 5.6207	 0.9738	   1.4814	        1.4829	          0.0015	   1.6692	4.337e-03	   0.024	   346.422
 568	142	 5.6206	 0.9738	   1.4814	        1.4829	          0.0015	   1.6094	4.333e-03	   0.024	   346.851
 569	143	 5.6207	 0.9743	   1.4814	        1.4829	          0.0015	   1.6566	4.546e-03	   0.023	   347.280
 570	143	 5.6205	 0.9741	   1.4814	        1.4829	          0.0015	   1.6025	4.452e-03	   0.022	   347.697
 571	143	 5.6205	 0.9747	   1.4814	        1.4829	          0.0015	   1.6487	4.752e-03	   0.022	   348.102
 572	143	 5.6208	 0.9737	   1.4814	        1.4829	          0.0015	   1.5610	4.246e-03	   0.026	   348.518
 573	144	 5.6210	 0.9735	   1.4814	        1.4829	          0.0015	   1.6173	4.171e-03	   0.022	   348.926
 574	144	 5.6208	 0.9726	   1.4814	        1.4829	          0.0015	   1.5576	3.705e-03	   0.022	   349.312
 575	144	 5.6210	 0.9720	   1.4814	        1.4829	          0.0015	   1.5846	3.426e-03	   0.021	   349.701
 576	144	 5.6211	 0.9727	   1.4814	        1.4829	          0.0015	   1.6686	3.793e-03	   0.022	   350.083
 577	145	 5.6211	 0.9721	   1.4814	        1.4829	          0.0015	   1.5796	3.483e-03	   0.021	   350.479
 578	145	 5.6212	 0.9721	   1.4814	        1.4829	          0.0015	   1.6203	3.463e-03	   0.022	   350.871
 579	145	 5.6212	 0.9724	   1.4814	        1.4829	          0.0015	   1.6437	3.633e-03	   0.027	   351.295
 580	145	 5.6216	 0.9727	   1.4814	        1.4829	          0.0015	   1.6422	3.786e-03	   0.023	   351.705
 581	146	 5.6221	 0.9722	   1.4814	        1.4829	          0.0015	   1.5963	3.535e-03	   0.022	   352.091
 582	146	 5.6218	 0.9721	   1.4814	        1.4829	          0.0015	   1.6006	3.444e-03	   0.021	   352.502
 583	146	 5.6220	 0.9732	   1.4814	        1.4829	          0.0015	   1.6947	4.018e-03	   0.022	   352.884
 584	146	 5.6221	 0.9728	   1.4814	        1.4829	          0.0015	   1.5944	3.798e-03	   0.021	   353.302
 585	147	 5.6218	 0.9730	   1.4814	        1.4829	          0.0015	   1.6357	3.943e-03	   0.020	   353.686
 586	147	 5.6218	 0.9731	   1.4814	        1.4829	          0.0015	   1.6206	3.963e-03	   0.028	   354.093
 587	147	 5.6219	 0.9721	   1.4814	        1.4829	          0.0015	   1.5564	3.473e-03	   0.023	   354.489
 588	147	 5.6223	 0.9725	   1.4814	        1.4829	          0.0015	   1.6542	3.689e-03	   0.023	   354.875
 589	148	 5.6229	 0.9722	   1.4814	        1.4829	          0.0015	   1.6048	3.542e-03	   0.021	   355.264
 590	148	 5.6226	 0.9724	   1.4814	        1.4829	          0.0015	   1.6349	3.641e-03	   0.022	   355.646
 591	148	 5.6226	 0.9726	   1.4814	        1.4829	          0.0015	   1.6283	3.694e-03	   0.021	   356.042
 592	148	 5.6225	 0.9721	   1.4814	        1.4829	          0.0015	   1.5831	3.471e-03	   0.020	   356.425
 593	149	 5.6226	 0.9716	   1.4814	        1.4829	          0.0015	   1.5948	3.240e-03	   0.028	   356.838
 594	149	 5.6223	 0.9719	   1.4814	        1.4829	          0.0015	   1.6207	3.363e-03	   0.024	   357.252
 595	149	 5.6224	 0.9719	   1.4814	        1.4829	          0.0015	   1.6266	3.364e-03	   0.025	   357.700
 596	149	 5.6227	 0.9720	   1.4814	        1.4829	          0.0015	   1.6320	3.416e-03	   0.023	   358.184
 597	150	 5.6228	 0.9726	   1.4814	        1.4829	          0.0015	   1.6598	3.729e-03	   0.025	   358.634
 598	150	 5.6231	 0.9722	   1.4814	        1.4829	          0.0015	   1.5936	3.538e-03	   0.021	   359.052
 599	150	 5.6231	 0.9733	   1.4814	        1.4829	          0.0015	   1.6908	4.069e-03	   0.022	   359.454
 600	150	 5.6230	 0.9725	   1.4814	        1.4829	          0.0015	   1.5679	3.671e-03	   0.026	   359.872
 601	151	 5.6230	 0.9720	   1.4814	        1.4829	          0.0015	   1.5848	3.429e-03	   0.022	   360.286
 602	151	 5.6231	 0.9726	   1.4814	        1.4829	          0.0015	   1.6579	3.737e-03	   0.023	   360.672
 603	151	 5.6232	 0.9720	   1.4814	        1.4829	          0.0015	   1.5808	3.422e-03	   0.021	   361.061
 604	151	 5.6229	 0.9723	   1.4814	        1.4829	          0.0015	   1.6266	3.589e-03	   0.022	   361.443
 605	152	 5.6230	 0.9733	   1.4814	        1.4829	          0.0015	   1.6746	4.049e-03	   0.023	   361.865
 606	152	 5.6227	 0.9724	   1.4814	        1.4829	          0.0015	   1.5582	3.621e-03	   0.020	   362.278
 607	152	 5.6229	 0.9728	   1.4814	        1.4829	          0.0015	   1.6484	3.821e-03	   0.026	   362.681
 608	152	 5.6231	 0.9726	   1.4814	        1.4829	          0.0015	   1.6181	3.732e-03	   0.022	   363.097
 609	153	 5.6231	 0.9731	   1.4814	        1.4829	          0.0015	   1.6435	3.987e-03	   0.022	   363.483
 610	153	 5.6235	 0.9732	   1.4814	        1.4829	          0.0015	   1.6438	4.028e-03	   0.021	   363.894
 611	153	 5.6237	 0.9721	   1.4814	        1.4829	          0.0015	   1.5457	3.451e-03	   0.022	   364.276
 612	153	 5.6237	 0.9726	   1.4814	        1.4829	          0.0015	   1.6506	3.719e-03	   0.021	   364.694
 613	154	 5.6238	 0.9717	   1.4814	        1.4829	          0.0015	   1.5629	3.255e-03	   0.020	   365.078
 614	154	 5.6239	 0.9717	   1.4814	        1.4829	          0.0015	   1.6151	3.245e-03	   0.028	   365.478
 615	154	 5.6240	 0.9714	   1.4814	        1.4829	          0.0015	   1.6055	3.136e-03	   0.023	   365.881
 616	154	 5.6241	 0.9721	   1.4814	        1.4829	          0.0015	   1.6671	3.473e-03	   0.023	   366.267
 617	155	 5.6239	 0.9709	   1.4814	        1.4829	          0.0015	   1.5336	2.859e-03	   0.021	   366.656
 618	155	 5.6239	 0.9712	   1.4814	        1.4829	          0.0015	   1.6366	3.030e-03	   0.022	   367.038
 619	155	 5.6240	 0.9710	   1.4814	        1.4829	          0.0015	   1.6094	2.909e-03	   0.021	   367.433
 620	155	 5.6246	 0.9714	   1.4814	        1.4829	          0.0015	   1.6579	3.125e-03	   0.020	   367.817
 621	156	 5.6247	 0.9711	   1.4814	        1.4829	          0.0015	   1.5978	2.966e-03	   0.028	   368.224
 622	156	 5.6248	 0.9722	   1.4814	        1.4829	          0.0015	   1.6893	3.494e-03	   0.022	   368.639
 623	156	 5.6247	 0.9716	   1.4814	        1.4829	          0.0015	   1.5834	3.225e-03	   0.025	   369.050
 624	156	 5.6247	 0.9718	   1.4814	        1.4829	          0.0015	   1.6294	3.297e-03	   0.022	   369.467
 625	157	 5.6246	 0.9724	   1.4814	        1.4829	          0.0015	   1.6598	3.597e-03	   0.024	   369.879
 626	157	 5.6248	 0.9722	   1.4814	        1.4829	          0.0015	   1.6084	3.497e-03	   0.022	   370.300
 627	157	 5.6248	 0.9715	   1.4814	        1.4829	          0.0015	   1.5692	3.173e-03	   0.020	   370.699
 628	157	 5.6249	 0.9717	   1.4814	        1.4829	          0.0015	   1.6389	3.282e-03	   0.026	   371.115
 629	158	 5.6250	 0.9724	   1.4814	        1.4829	          0.0015	   1.6596	3.593e-03	   0.025	   371.532
 630	158	 5.6247	 0.9722	   1.4814	        1.4829	          0.0015	   1.5975	3.514e-03	   0.023	   371.921
 631	158	 5.6249	 0.9727	   1.4814	        1.4829	          0.0015	   1.6479	3.753e-03	   0.021	   372.309
 632	158	 5.6251	 0.9719	   1.4814	        1.4829	          0.0015	   1.5814	3.350e-03	   0.022	   372.691
 633	159	 5.6251	 0.9710	   1.4814	        1.4829	          0.0015	   1.5594	2.904e-03	   0.023	   373.116
 634	159	 5.6254	 0.9716	   1.4814	        1.4829	          0.0015	   1.6564	3.191e-03	   0.020	   373.509
 635	159	 5.6254	 0.9714	   1.4814	        1.4829	          0.0015	   1.6141	3.135e-03	   0.026	   373.897
 636	159	 5.6253	 0.9721	   1.4814	        1.4829	          0.0015	   1.6625	3.457e-03	   0.023	   374.313
 637	160	 5.6253	 0.9727	   1.4814	        1.4829	          0.0015	   1.6623	3.781e-03	   0.022	   374.699
 638	160	 5.6255	 0.9719	   1.4814	        1.4829	          0.0015	   1.5685	3.381e-03	   0.021	   375.104
 639	160	 5.6256	 0.9724	   1.4814	        1.4829	          0.0015	   1.6568	3.599e-03	   0.023	   375.491
 640	160	 5.6258	 0.9721	   1.4814	        1.4829	          0.0015	   1.6036	3.467e-03	   0.023	   375.908
 641	161	 5.6256	 0.9725	   1.4814	        1.4829	          0.0015	   1.6299	3.661e-03	   0.020	   376.293
 642	161	 5.6256	 0.9719	   1.4814	        1.4829	          0.0015	   1.5895	3.390e-03	   0.028	   376.686
 643	161	 5.6256	 0.9717	   1.4814	        1.4829	          0.0015	   1.5945	3.276e-03	   0.023	   377.097
 644	161	 5.6258	 0.9719	   1.4814	        1.4829	          0.0015	   1.6430	3.369e-03	   0.025	   377.485
 645	162	 5.6256	 0.9729	   1.4814	        1.4829	          0.0015	   1.6851	3.865e-03	   0.023	   377.915
 646	162	 5.6254	 0.9735	   1.4814	        1.4829	          0.0015	   1.6469	4.145e-03	   0.025	   378.338
 647	162	 5.6255	 0.9738	   1.4814	        1.4829	          0.0015	   1.6498	4.302e-03	   0.023	   378.775
 648	162	 5.6255	 0.9726	   1.4814	        1.4829	          0.0015	   1.5314	3.699e-03	   0.022	   379.223
 649	163	 5.6257	 0.9719	   1.4814	        1.4829	          0.0015	   1.5719	3.356e-03	   0.032	   379.715
 650	163	 5.6259	 0.9723	   1.4814	        1.4829	          0.0015	   1.6553	3.588e-03	   0.026	   380.190
 651	163	 5.6258	 0.9722	   1.4814	        1.4829	          0.0015	   1.6066	3.530e-03	   0.026	   380.624
 652	163	 5.6259	 0.9724	   1.4814	        1.4829	          0.0015	   1.6348	3.598e-03	   0.022	   381.053
 653	164	 5.6262	 0.9722	   1.4814	        1.4829	          0.0015	   1.6109	3.494e-03	   0.025	   381.462
 654	164	 5.6261	 0.9722	   1.4814	        1.4829	          0.0015	   1.6231	3.525e-03	   0.023	   381.888
 655	164	 5.6261	 0.9718	   1.4814	        1.4829	          0.0015	   1.5849	3.307e-03	   0.020	   382.291
 656	164	 5.6265	 0.9722	   1.4814	        1.4829	          0.0015	   1.6577	3.525e-03	   0.026	   382.701
 657	165	 5.6265	 0.9727	   1.4814	        1.4829	          0.0015	   1.6544	3.779e-03	   0.025	   383.116
 658	165	 5.6265	 0.9728	   1.4814	        1.4829	          0.0015	   1.6317	3.828e-03	   0.023	   383.512
 659	165	 5.6266	 0.9720	   1.4814	        1.4829	          0.0015	   1.5653	3.442e-03	   0.023	   383.907
 660	165	 5.6268	 0.9722	   1.4814	        1.4829	          0.0015	   1.6343	3.534e-03	   0.025	   384.325
 661	166	 5.6267	 0.9717	   1.4814	        1.4829	          0.0015	   1.5834	3.247e-03	   0.023	   384.742
 662	166	 5.6272	 0.9713	   1.4814	        1.4829	          0.0015	   1.6086	3.079e-03	   0.020	   385.133
 663	166	 5.6269	 0.9712	   1.4814	        1.4829	          0.0015	   1.6016	2.991e-03	   0.026	   385.521
 664	166	 5.6271	 0.9719	   1.4814	        1.4829	          0.0015	   1.6662	3.345e-03	   0.025	   385.935
 665	167	 5.6272	 0.9718	   1.4814	        1.4829	          0.0015	   1.6146	3.326e-03	   0.023	   386.323
 666	167	 5.6273	 0.9722	   1.4814	        1.4829	          0.0015	   1.6505	3.503e-03	   0.023	   386.722
 667	167	 5.6278	 0.9718	   1.4814	        1.4829	          0.0015	   1.6038	3.320e-03	   0.023	   387.116
 668	167	 5.6276	 0.9717	   1.4814	        1.4829	          0.0015	   1.6046	3.251e-03	   0.023	   387.526
 669	168	 5.6277	 0.9709	   1.4814	        1.4829	          0.0015	   1.5637	2.842e-03	   0.020	   387.918
 670	168	 5.6276	 0.9714	   1.4814	        1.4829	          0.0015	   1.6521	3.131e-03	   0.026	   388.306
 671	168	 5.6274	 0.9718	   1.4814	        1.4829	          0.0015	   1.6416	3.326e-03	   0.023	   388.722
 672	168	 5.6276	 0.9715	   1.4814	        1.4829	          0.0015	   1.6034	3.189e-03	   0.023	   389.107
 673	169	 5.6274	 0.9718	   1.4814	        1.4829	          0.0015	   1.6319	3.340e-03	   0.021	   389.496
 674	169	 5.6276	 0.9721	   1.4814	        1.4829	          0.0015	   1.6403	3.477e-03	   0.022	   389.878
 675	169	 5.6278	 0.9716	   1.4814	        1.4829	          0.0015	   1.5832	3.203e-03	   0.021	   390.274
 676	169	 5.6278	 0.9713	   1.4814	        1.4829	          0.0015	   1.6023	3.080e-03	   0.020	   390.657
 677	170	 5.6278	 0.9723	   1.4814	        1.4829	          0.0015	   1.6840	3.570e-03	   0.028	   391.052
 678	170	 5.6276	 0.9725	   1.4814	        1.4829	          0.0015	   1.6296	3.666e-03	   0.025	   391.475
 679	170	 5.6276	 0.9725	   1.4814	        1.4829	          0.0015	   1.6219	3.686e-03	   0.023	   391.880
 680	170	 5.6280	 0.9716	   1.4814	        1.4829	          0.0015	   1.5609	3.236e-03	   0.022	   392.296
 681	171	 5.6282	 0.9722	   1.4814	        1.4829	          0.0015	   1.6712	3.537e-03	   0.025	   392.700
 682	171	 5.6281	 0.9721	   1.4814	        1.4829	          0.0015	   1.6016	3.451e-03	   0.023	   393.132
 683	171	 5.6282	 0.9718	   1.4814	        1.4829	          0.0015	   1.5939	3.299e-03	   0.022	   393.539
 684	171	 5.6284	 0.9714	   1.4814	        1.4829	          0.0015	   1.5982	3.099e-03	   0.026	   393.945
 685	172	 5.6283	 0.9718	   1.4814	        1.4829	          0.0015	   1.6524	3.341e-03	   0.022	   394.362
 686	172	 5.6285	 0.9720	   1.4814	        1.4829	          0.0015	   1.6302	3.431e-03	   0.023	   394.762
 687	172	 5.6283	 0.9726	   1.4814	        1.4829	          0.0015	   1.6631	3.734e-03	   0.023	   395.159
 688	172	 5.6287	 0.9713	   1.4814	        1.4829	          0.0015	   1.5268	3.053e-03	   0.022	   395.571
 689	173	 5.6287	 0.9717	   1.4814	        1.4829	          0.0015	   1.6507	3.291e-03	   0.021	   395.967
 690	173	 5.6288	 0.9714	   1.4814	        1.4829	          0.0015	   1.5995	3.124e-03	   0.020	   396.351
 691	173	 5.6291	 0.9710	   1.4814	        1.4829	          0.0015	   1.5936	2.900e-03	   0.026	   396.739
 692	173	 5.6288	 0.9711	   1.4814	        1.4829	          0.0015	   1.6141	2.941e-03	   0.025	   397.147
 693	174	 5.6290	 0.9710	   1.4814	        1.4829	          0.0015	   1.6214	2.906e-03	   0.023	   397.541
 694	174	 5.6290	 0.9708	   1.4814	        1.4829	          0.0015	   1.6020	2.803e-03	   0.023	   397.931
 695	174	 5.6289	 0.9705	   1.4814	        1.4829	          0.0015	   1.5939	2.659e-03	   0.023	   398.334
 696	174	 5.6289	 0.9714	   1.4814	        1.4829	          0.0015	   1.6755	3.091e-03	   0.023	   398.736
 697	175	 5.6291	 0.9710	   1.4814	        1.4829	          0.0015	   1.6019	2.938e-03	   0.020	   399.136
 698	175	 5.6289	 0.9716	   1.4814	        1.4829	          0.0015	   1.6529	3.216e-03	   0.026	   399.524
 699	175	 5.6291	 0.9713	   1.4814	        1.4829	          0.0015	   1.5977	3.045e-03	   0.023	   399.939
 700	175	 5.6292	 0.9712	   1.4814	        1.4829	          0.0015	   1.6201	3.036e-03	   0.023	   400.326
 701	176	 5.6291	 0.9710	   1.4814	        1.4829	          0.0015	   1.5886	2.890e-03	   0.021	   400.714
 702	176	 5.6291	 0.9713	   1.4814	        1.4829	          0.0015	   1.6490	3.074e-03	   0.025	   401.117
 703	176	 5.6292	 0.9707	   1.4814	        1.4829	          0.0015	   1.5801	2.785e-03	   0.025	   401.576
 704	176	 5.6292	 0.9710	   1.4814	        1.4829	          0.0015	   1.6418	2.930e-03	   0.022	   402.010
 705	177	 5.6294	 0.9713	   1.4814	        1.4829	          0.0015	   1.6421	3.044e-03	   0.025	   402.406
 706	177	 5.6297	 0.9703	   1.4814	        1.4829	          0.0015	   1.5519	2.562e-03	   0.025	   402.830
 707	177	 5.6293	 0.9706	   1.4814	        1.4829	          0.0015	   1.6223	2.687e-03	   0.025	   403.239
 708	177	 5.6293	 0.9709	   1.4814	        1.4829	          0.0015	   1.6414	2.853e-03	   0.022	   403.651
 709	178	 5.6293	 0.9705	   1.4814	        1.4829	          0.0015	   1.5948	2.684e-03	   0.024	   404.053
 710	178	 5.6294	 0.9704	   1.4814	        1.4829	          0.0015	   1.6090	2.610e-03	   0.023	   404.486
 711	178	 5.6298	 0.9709	   1.4814	        1.4829	          0.0015	   1.6709	2.887e-03	   0.021	   404.891
 712	178	 5.6296	 0.9709	   1.4814	        1.4829	          0.0015	   1.6073	2.863e-03	   0.028	   405.301
 713	179	 5.6297	 0.9701	   1.4814	        1.4829	          0.0015	   1.5640	2.469e-03	   0.023	   405.721
 714	179	 5.6296	 0.9703	   1.4814	        1.4829	          0.0015	   1.6294	2.566e-03	   0.025	   406.149
 715	179	 5.6296	 0.9702	   1.4814	        1.4829	          0.0015	   1.6074	2.492e-03	   0.021	   406.567
 716	179	 5.6298	 0.9710	   1.4814	        1.4829	          0.0015	   1.6788	2.895e-03	   0.022	   406.964
 717	180	 5.6299	 0.9706	   1.4814	        1.4829	          0.0015	   1.5989	2.730e-03	   0.021	   407.360
 718	180	 5.6300	 0.9705	   1.4814	        1.4829	          0.0015	   1.6101	2.671e-03	   0.020	   407.744
 719	180	 5.6301	 0.9702	   1.4814	        1.4829	          0.0015	   1.6043	2.515e-03	   0.025	   408.132
 720	180	 5.6301	 0.9711	   1.4814	        1.4829	          0.0015	   1.6805	2.950e-03	   0.025	   408.531
 721	181	 5.6301	 0.9718	   1.4814	        1.4829	          0.0015	   1.6721	3.310e-03	   0.022	   408.933
 722	181	 5.6302	 0.9721	   1.4814	        1.4829	          0.0015	   1.6449	3.492e-03	   0.021	   409.322
 723	181	 5.6303	 0.9716	   1.4814	        1.4829	          0.0015	   1.5767	3.230e-03	   0.022	   409.726
 724	181	 5.6305	 0.9711	   1.4814	        1.4829	          0.0015	   1.5901	2.985e-03	   0.021	   410.122
 725	182	 5.6307	 0.9714	   1.4814	        1.4829	          0.0015	   1.6426	3.106e-03	   0.020	   410.528
 726	182	 5.6309	 0.9702	   1.4814	        1.4829	          0.0015	   1.5246	2.509e-03	   0.025	   410.916
 727	182	 5.6309	 0.9711	   1.4814	        1.4829	          0.0015	   1.6917	2.987e-03	   0.025	   411.328
 728	182	 5.6309	 0.9707	   1.4814	        1.4829	          0.0015	   1.5784	2.740e-03	   0.023	   411.718
 729	183	 5.6310	 0.9708	   1.4814	        1.4829	          0.0015	   1.6318	2.800e-03	   0.021	   412.106
 730	183	 5.6312	 0.9707	   1.4814	        1.4829	          0.0015	   1.6163	2.766e-03	   0.022	   412.488
 731	183	 5.6312	 0.9709	   1.4814	        1.4829	          0.0015	   1.6342	2.880e-03	   0.021	   412.884
 732	183	 5.6313	 0.9707	   1.4814	        1.4829	          0.0015	   1.5990	2.782e-03	   0.020	   413.268
 733	184	 5.6314	 0.9706	   1.4814	        1.4829	          0.0015	   1.6041	2.718e-03	   0.025	   413.656
 734	184	 5.6316	 0.9711	   1.4814	        1.4829	          0.0015	   1.6644	2.943e-03	   0.025	   414.074
 735	184	 5.6314	 0.9710	   1.4814	        1.4829	          0.0015	   1.6066	2.938e-03	   0.024	   414.480
 736	184	 5.6313	 0.9711	   1.4814	        1.4829	          0.0015	   1.6255	2.953e-03	   0.021	   414.895
 737	185	 5.6316	 0.9720	   1.4814	        1.4829	          0.0015	   1.7022	3.425e-03	   0.023	   415.300
 738	185	 5.6317	 0.9726	   1.4814	        1.4829	          0.0015	   1.6648	3.696e-03	   0.023	   415.730
 739	185	 5.6317	 0.9723	   1.4814	        1.4829	          0.0015	   1.5993	3.577e-03	   0.020	   416.135
 740	185	 5.6317	 0.9713	   1.4814	        1.4829	          0.0015	   1.5410	3.068e-03	   0.028	   416.542
 741	186	 5.6318	 0.9714	   1.4814	        1.4829	          0.0015	   1.6263	3.111e-03	   0.023	   416.965
 742	186	 5.6320	 0.9712	   1.4814	        1.4829	          0.0015	   1.6104	3.034e-03	   0.025	   417.401
 743	186	 5.6318	 0.9706	   1.4814	        1.4829	          0.0015	   1.5605	2.692e-03	   0.021	   417.799
 744	186	 5.6319	 0.9710	   1.4814	        1.4829	          0.0015	   1.6563	2.918e-03	   0.023	   418.181
 745	187	 5.6319	 0.9711	   1.4814	        1.4829	          0.0015	   1.6315	2.967e-03	   0.021	   418.577
 746	187	 5.6319	 0.9714	   1.4814	        1.4829	          0.0015	   1.6419	3.095e-03	   0.020	   418.960
 747	187	 5.6320	 0.9716	   1.4814	        1.4829	          0.0015	   1.6375	3.204e-03	   0.026	   419.349
 748	187	 5.6321	 0.9714	   1.4814	        1.4829	          0.0015	   1.5963	3.128e-03	   0.023	   419.742
 749	188	 5.6322	 0.9708	   1.4814	        1.4829	          0.0015	   1.5751	2.810e-03	   0.023	   420.150
 750	188	 5.6320	 0.9716	   1.4814	        1.4829	          0.0015	   1.6739	3.194e-03	   0.021	   420.539
 751	188	 5.6321	 0.9704	   1.4814	        1.4829	          0.0015	   1.5259	2.629e-03	   0.023	   420.943
 752	188	 5.6322	 0.9709	   1.4814	        1.4829	          0.0015	   1.6585	2.868e-03	   0.023	   421.374
 753	189	 5.6325	 0.9708	   1.4814	        1.4829	          0.0015	   1.6151	2.802e-03	   0.022	   421.821
 754	189	 5.6325	 0.9707	   1.4814	        1.4829	          0.0015	   1.6277	2.784e-03	   0.028	   422.251
 755	189	 5.6324	 0.9714	   1.4814	        1.4829	          0.0015	   1.6620	3.092e-03	   0.027	   422.698
 756	189	 5.6324	 0.9707	   1.4814	        1.4829	          0.0015	   1.5505	2.765e-03	   0.027	   423.160
 757	190	 5.6323	 0.9709	   1.4814	        1.4829	          0.0015	   1.6336	2.886e-03	   0.023	   423.614
 758	190	 5.6326	 0.9709	   1.4814	        1.4829	          0.0015	   1.6246	2.876e-03	   0.023	   424.035
 759	190	 5.6323	 0.9711	   1.4814	        1.4829	          0.0015	   1.6235	2.944e-03	   0.021	   424.446
 760	190	 5.6326	 0.9707	   1.4814	        1.4829	          0.0015	   1.5960	2.782e-03	   0.020	   424.829
 761	191	 5.6325	 0.9709	   1.4814	        1.4829	          0.0015	   1.6324	2.865e-03	   0.026	   425.217
 762	191	 5.6325	 0.9711	   1.4814	        1.4829	          0.0015	   1.6385	2.960e-03	   0.025	   425.629
 763	191	 5.6326	 0.9716	   1.4814	        1.4829	          0.0015	   1.6557	3.192e-03	   0.023	   426.037
 764	191	 5.6326	 0.9710	   1.4814	        1.4829	          0.0015	   1.5772	2.936e-03	   0.023	   426.450
 765	192	 5.6328	 0.9710	   1.4814	        1.4829	          0.0015	   1.6102	2.907e-03	   0.024	   426.861
 766	192	 5.6330	 0.9706	   1.4814	        1.4829	          0.0015	   1.5978	2.699e-03	   0.023	   427.287
 767	192	 5.6329	 0.9707	   1.4814	        1.4829	          0.0015	   1.6192	2.763e-03	   0.021	   427.696
 768	192	 5.6331	 0.9711	   1.4814	        1.4829	          0.0015	   1.6612	2.972e-03	   0.028	   428.106
 769	193	 5.6334	 0.9711	   1.4814	        1.4829	          0.0015	   1.6253	2.982e-03	   0.025	   428.563
 770	193	 5.6334	 0.9717	   1.4814	        1.4829	          0.0015	   1.6560	3.249e-03	   0.027	   428.994
 771	193	 5.6337	 0.9717	   1.4814	        1.4829	          0.0015	   1.6284	3.247e-03	   0.021	   429.393
 772	193	 5.6333	 0.9712	   1.4814	        1.4829	          0.0015	   1.5789	3.020e-03	   0.022	   429.775
 773	194	 5.6336	 0.9708	   1.4814	        1.4829	          0.0015	   1.5999	2.836e-03	   0.021	   430.171
 774	194	 5.6336	 0.9712	   1.4814	        1.4829	          0.0015	   1.6474	3.012e-03	   0.020	   430.554
 775	194	 5.6335	 0.9714	   1.4814	        1.4829	          0.0015	   1.6314	3.100e-03	   0.026	   430.943
 776	194	 5.6336	 0.9713	   1.4814	        1.4829	          0.0015	   1.6100	3.082e-03	   0.023	   431.336
 777	195	 5.6337	 0.9712	   1.4814	        1.4829	          0.0015	   1.6031	2.994e-03	   0.022	   431.744
 778	195	 5.6338	 0.9714	   1.4814	        1.4829	          0.0015	   1.6379	3.122e-03	   0.021	   432.133
 779	195	 5.6338	 0.9720	   1.4814	        1.4829	          0.0015	   1.6777	3.429e-03	   0.023	   432.531
 780	195	 5.6337	 0.9716	   1.4814	        1.4829	          0.0015	   1.5802	3.223e-03	   0.021	   432.933
 781	196	 5.6336	 0.9716	   1.4814	        1.4829	          0.0015	   1.6150	3.219e-03	   0.022	   433.337
 782	196	 5.6336	 0.9719	   1.4814	        1.4829	          0.0015	   1.6426	3.352e-03	   0.026	   433.727
 783	196	 5.6339	 0.9715	   1.4814	        1.4829	          0.0015	   1.5951	3.181e-03	   0.025	   434.125
 784	196	 5.6340	 0.9714	   1.4814	        1.4829	          0.0015	   1.6103	3.129e-03	   0.023	   434.529
 785	197	 5.6340	 0.9712	   1.4814	        1.4829	          0.0015	   1.6000	3.020e-03	   0.021	   434.918
 786	197	 5.6340	 0.9712	   1.4814	        1.4829	          0.0015	   1.6210	3.037e-03	   0.022	   435.299
 787	197	 5.6341	 0.9719	   1.4814	        1.4829	          0.0015	   1.6726	3.350e-03	   0.021	   435.695
 788	197	 5.6343	 0.9714	   1.4814	        1.4829	          0.0015	   1.5786	3.108e-03	   0.020	   436.079
 789	198	 5.6342	 0.9723	   1.4814	        1.4829	          0.0015	   1.6900	3.547e-03	   0.025	   436.467
 790	198	 5.6343	 0.9715	   1.4814	        1.4829	          0.0015	   1.5567	3.171e-03	   0.025	   436.875
 791	198	 5.6342	 0.9713	   1.4814	        1.4829	          0.0015	   1.5948	3.069e-03	   0.023	   437.287
 792	198	 5.6343	 0.9714	   1.4814	        1.4829	          0.0015	   1.6363	3.111e-03	   0.023	   437.692
 793	199	 5.6344	 0.9716	   1.4814	        1.4829	          0.0015	   1.6433	3.225e-03	   0.023	   438.105
 794	199	 5.6345	 0.9714	   1.4814	        1.4829	          0.0015	   1.6030	3.137e-03	   0.023	   438.529
 795	199	 5.6344	 0.9717	   1.4814	        1.4829	          0.0015	   1.6347	3.291e-03	   0.022	   438.942
 796	199	 5.6345	 0.9716	   1.4814	        1.4829	          0.0015	   1.6114	3.221e-03	   0.028	   439.357
 797	200	 5.6345	 0.9716	   1.4814	        1.4829	          0.0015	   1.6261	3.229e-03	   0.023	   439.803
 798	200	 5.6345	 0.9710	   1.4814	        1.4829	          0.0015	   1.5575	2.899e-03	   0.025	   440.211
 799	200	 5.6345	 0.9707	   1.4814	        1.4829	          0.0015	   1.5896	2.781e-03	   0.021	   440.610
 800	200	 5.6346	 0.9712	   1.4814	        1.4829	          0.0015	   1.6588	2.993e-03	   0.023	   440.992

[BSGD] Finished on device cuda -> σ_f² ≈ 5.6346, σ_ε² ≈ 0.9712
