[GPU 0][JOB 97] 'python cli.py bsgd --n 1024 --lengthscale 0.5 --sigma-f2-true 4.0 --sigma-eps2-true 1.0 --n-epochs 200 --device auto --kernel-mode finite --theta-min 1e-4 --theta-max 20.0 --print-every 1 --seed 6 --batch-size 256 --sigma-f2-init 5.0 --sigma-eps2-init 3.0 --alpha1 9.0 '

=== BSGD (biased SGD on exact kernel) ===
iter	epoch	σ_f²	σ_ε²	real_nlml	real_nlml_true	real_nlml_abs_err	mini_nlml	||grad||	duration_s	wall_time_s
   1	 1	 4.9404	 2.1735	   1.6221	        1.5159	          0.1063	   1.7625	1.165e-01	   0.290	     0.383
   2	 1	 4.9615	 1.6428	   1.5610	        1.5159	          0.0452	   1.6587	1.096e-01	   0.019	     1.069
   3	 1	 4.9000	 1.3925	   1.5356	        1.5159	          0.0197	   1.6858	9.068e-02	   0.031	     1.637
   4	 1	 4.8906	 1.2504	   1.5241	        1.5159	          0.0083	   1.6879	6.892e-02	   0.029	     2.290
   5	 2	 4.9196	 1.0763	   1.5158	        1.5159	          0.0000	   1.6033	2.106e-02	   0.029	     2.978
   6	 2	 4.9156	 1.0737	   1.5158	        1.5159	          0.0001	   1.6614	2.008e-02	   0.025	     3.684
   7	 2	 4.9228	 1.1233	   1.5172	        1.5159	          0.0014	   1.7106	3.716e-02	   0.030	     4.364
   8	 2	 4.9233	 1.0816	   1.5160	        1.5159	          0.0001	   1.6538	2.302e-02	   0.031	     5.053
   9	 3	 4.9145	 1.0637	   1.5156	        1.5159	          0.0003	   1.6509	1.621e-02	   0.030	     5.734
  10	 3	 4.9221	 1.0653	   1.5156	        1.5159	          0.0002	   1.6682	1.686e-02	   0.032	     6.411
  11	 3	 4.9153	 1.0960	   1.5163	        1.5159	          0.0005	   1.7002	2.816e-02	   0.036	     7.128
  12	 3	 4.9346	 1.0312	   1.5153	        1.5159	          0.0006	   1.5892	2.634e-03	   0.036	     7.844
  13	 4	 4.9251	 1.0025	   1.5154	        1.5159	          0.0005	   1.6092	1.090e-02	   0.031	     8.554
  14	 4	 4.9414	 0.9989	   1.5155	        1.5159	          0.0004	   1.6451	1.272e-02	   0.032	     9.291
  15	 4	 4.9386	 1.0338	   1.5153	        1.5159	          0.0006	   1.6843	3.749e-03	   0.037	    10.045
  16	 4	 4.9344	 1.0528	   1.5155	        1.5159	          0.0004	   1.6837	1.183e-02	   0.031	    10.755
  17	 5	 4.9300	 1.0287	   1.5153	        1.5159	          0.0006	   1.6066	1.493e-03	   0.036	    11.463
  18	 5	 4.9300	 1.0365	   1.5153	        1.5159	          0.0005	   1.6665	4.956e-03	   0.031	    12.176
  19	 5	 4.9561	 1.0380	   1.5153	        1.5159	          0.0005	   1.6776	5.622e-03	   0.032	    12.889
  20	 5	 4.9541	 1.0205	   1.5153	        1.5159	          0.0006	   1.6143	2.258e-03	   0.032	    13.602
  21	 6	 4.9532	 1.0244	   1.5153	        1.5159	          0.0006	   1.6527	4.574e-04	   0.030	    14.309
  22	 6	 4.9518	 1.0343	   1.5153	        1.5159	          0.0006	   1.6677	3.989e-03	   0.035	    15.028
  23	 6	 4.9468	 1.0142	   1.5153	        1.5159	          0.0005	   1.6034	5.224e-03	   0.031	    15.735
  24	 6	 4.9636	 1.0160	   1.5153	        1.5159	          0.0006	   1.6637	4.346e-03	   0.039	    16.445
  25	 7	 4.9643	 0.9967	   1.5155	        1.5159	          0.0004	   1.5883	1.383e-02	   0.036	    17.167
  26	 7	 4.9579	 1.0095	   1.5153	        1.5159	          0.0005	   1.6656	7.449e-03	   0.036	    17.906
  27	 7	 4.9753	 1.0327	   1.5153	        1.5159	          0.0006	   1.7287	3.278e-03	   0.033	    18.661
  28	 7	 4.9761	 1.0250	   1.5153	        1.5159	          0.0006	   1.6250	1.795e-04	   0.035	    19.413
  29	 8	 4.9810	 1.0146	   1.5153	        1.5159	          0.0005	   1.6156	4.995e-03	   0.041	    20.202
  30	 8	 4.9871	 1.0153	   1.5153	        1.5159	          0.0006	   1.6544	4.682e-03	   0.034	    20.961
  31	 8	 4.9809	 1.0195	   1.5153	        1.5159	          0.0006	   1.6547	2.721e-03	   0.037	    21.684
  32	 8	 4.9853	 1.0188	   1.5153	        1.5159	          0.0006	   1.6540	3.047e-03	   0.033	    22.395
  33	 9	 4.9943	 1.0158	   1.5153	        1.5159	          0.0006	   1.6335	4.457e-03	   0.036	    23.110
  34	 9	 4.9971	 1.0158	   1.5153	        1.5159	          0.0006	   1.6541	4.444e-03	   0.030	    23.821
  35	 9	 4.9986	 1.0128	   1.5153	        1.5159	          0.0005	   1.6426	5.885e-03	   0.031	    24.523
  36	 9	 4.9921	 1.0182	   1.5153	        1.5159	          0.0006	   1.6628	3.304e-03	   0.031	    25.243
  37	10	 4.9937	 1.0167	   1.5153	        1.5159	          0.0006	   1.6387	4.034e-03	   0.032	    25.953
  38	10	 4.9951	 1.0194	   1.5153	        1.5159	          0.0006	   1.6587	2.763e-03	   0.038	    26.664
  39	10	 4.9964	 1.0171	   1.5153	        1.5159	          0.0006	   1.6377	3.833e-03	   0.033	    27.376
  40	10	 4.9943	 1.0243	   1.5153	        1.5159	          0.0006	   1.6817	5.207e-04	   0.037	    28.099
  41	11	 4.9914	 1.0345	   1.5153	        1.5159	          0.0006	   1.6981	4.079e-03	   0.031	    28.822
  42	11	 4.9938	 1.0243	   1.5153	        1.5159	          0.0006	   1.6061	4.931e-04	   0.031	    29.526
  43	11	 4.9938	 1.0391	   1.5153	        1.5159	          0.0005	   1.7224	6.070e-03	   0.037	    30.281
  44	11	 4.9979	 1.0288	   1.5153	        1.5159	          0.0006	   1.6065	1.573e-03	   0.031	    31.022
  45	12	 5.0027	 1.0313	   1.5153	        1.5159	          0.0006	   1.6573	2.689e-03	   0.037	    31.734
  46	12	 5.0011	 1.0320	   1.5153	        1.5159	          0.0006	   1.6578	3.000e-03	   0.032	    32.445
  47	12	 4.9974	 1.0358	   1.5153	        1.5159	          0.0005	   1.6722	4.634e-03	   0.036	    33.160
  48	12	 4.9986	 1.0251	   1.5153	        1.5159	          0.0006	   1.5981	1.430e-04	   0.031	    33.871
  49	13	 5.0037	 1.0152	   1.5153	        1.5159	          0.0005	   1.5958	4.726e-03	   0.032	    34.573
  50	13	 5.0102	 1.0089	   1.5154	        1.5159	          0.0005	   1.6187	7.740e-03	   0.035	    35.294
  51	13	 5.0085	 1.0307	   1.5153	        1.5159	          0.0006	   1.7550	2.407e-03	   0.036	    36.012
  52	13	 5.0069	 1.0258	   1.5153	        1.5159	          0.0006	   1.6299	2.187e-04	   0.039	    36.765
  53	14	 5.0011	 1.0192	   1.5153	        1.5159	          0.0006	   1.6023	2.853e-03	   0.034	    37.500
  54	14	 5.0019	 1.0201	   1.5153	        1.5159	          0.0006	   1.6555	2.439e-03	   0.039	    38.252
  55	14	 5.0050	 1.0283	   1.5153	        1.5159	          0.0006	   1.7044	1.327e-03	   0.031	    39.011
  56	14	 5.0076	 1.0207	   1.5153	        1.5159	          0.0006	   1.6051	2.140e-03	   0.038	    39.753
  57	15	 5.0058	 1.0207	   1.5153	        1.5159	          0.0006	   1.6414	2.154e-03	   0.035	    40.558
  58	15	 5.0094	 1.0239	   1.5153	        1.5159	          0.0006	   1.6741	6.682e-04	   0.033	    41.330
  59	15	 5.0068	 1.0317	   1.5153	        1.5159	          0.0006	   1.6953	2.842e-03	   0.037	    42.058
  60	15	 5.0107	 1.0257	   1.5153	        1.5159	          0.0006	   1.6243	1.958e-04	   0.033	    42.771
  61	16	 5.0166	 1.0220	   1.5153	        1.5159	          0.0006	   1.6420	1.552e-03	   0.035	    43.485
  62	16	 5.0168	 1.0209	   1.5153	        1.5159	          0.0006	   1.6369	2.077e-03	   0.029	    44.194
  63	16	 5.0119	 1.0194	   1.5153	        1.5159	          0.0006	   1.6294	2.756e-03	   0.034	    44.899
  64	16	 5.0102	 1.0251	   1.5153	        1.5159	          0.0006	   1.6863	1.468e-04	   0.033	    45.616
  65	17	 5.0099	 1.0210	   1.5153	        1.5159	          0.0006	   1.6113	2.007e-03	   0.032	    46.327
  66	17	 5.0113	 1.0220	   1.5153	        1.5159	          0.0006	   1.6618	1.542e-03	   0.038	    47.039
  67	17	 5.0103	 1.0234	   1.5153	        1.5159	          0.0006	   1.6559	8.912e-04	   0.032	    47.751
  68	17	 5.0138	 1.0215	   1.5153	        1.5159	          0.0006	   1.6471	1.762e-03	   0.036	    48.469
  69	18	 5.0161	 1.0254	   1.5153	        1.5159	          0.0006	   1.6945	1.088e-04	   0.028	    49.197
  70	18	 5.0156	 1.0227	   1.5153	        1.5159	          0.0006	   1.6368	1.240e-03	   0.035	    49.905
  71	18	 5.0180	 1.0227	   1.5153	        1.5159	          0.0006	   1.6480	1.235e-03	   0.037	    50.643
  72	18	 5.0143	 1.0155	   1.5153	        1.5159	          0.0005	   1.5656	4.605e-03	   0.034	    51.398
  73	19	 5.0146	 1.0122	   1.5153	        1.5159	          0.0005	   1.6227	6.172e-03	   0.037	    52.109
  74	19	 5.0159	 1.0139	   1.5153	        1.5159	          0.0005	   1.6630	5.320e-03	   0.031	    52.820
  75	19	 5.0151	 1.0192	   1.5153	        1.5159	          0.0006	   1.6909	2.868e-03	   0.035	    53.538
  76	19	 5.0163	 1.0186	   1.5153	        1.5159	          0.0006	   1.6428	3.145e-03	   0.029	    54.245
  77	20	 5.0162	 1.0122	   1.5153	        1.5159	          0.0005	   1.5852	6.171e-03	   0.034	    54.952
  78	20	 5.0161	 1.0197	   1.5153	        1.5159	          0.0006	   1.7079	2.628e-03	   0.035	    55.670
  79	20	 5.0227	 1.0225	   1.5153	        1.5159	          0.0006	   1.6915	1.330e-03	   0.034	    56.379
  80	20	 5.0185	 1.0189	   1.5153	        1.5159	          0.0006	   1.6060	3.003e-03	   0.036	    57.089
  81	21	 5.0216	 1.0187	   1.5153	        1.5159	          0.0006	   1.6557	3.091e-03	   0.032	    57.802
  82	21	 5.0200	 1.0249	   1.5153	        1.5159	          0.0006	   1.6963	2.230e-04	   0.037	    58.541
  83	21	 5.0191	 1.0199	   1.5153	        1.5159	          0.0006	   1.5971	2.530e-03	   0.032	    59.309
  84	21	 5.0197	 1.0205	   1.5153	        1.5159	          0.0006	   1.6612	2.219e-03	   0.036	    60.031
  85	22	 5.0208	 1.0120	   1.5153	        1.5159	          0.0005	   1.5632	6.243e-03	   0.037	    60.815
  86	22	 5.0227	 1.0109	   1.5153	        1.5159	          0.0005	   1.6426	6.800e-03	   0.032	    61.593
  87	22	 5.0220	 1.0178	   1.5153	        1.5159	          0.0006	   1.7090	3.512e-03	   0.035	    62.327
  88	22	 5.0221	 1.0192	   1.5153	        1.5159	          0.0006	   1.6628	2.832e-03	   0.033	    63.042
  89	23	 5.0219	 1.0273	   1.5153	        1.5159	          0.0006	   1.7220	8.751e-04	   0.034	    63.757
  90	23	 5.0218	 1.0290	   1.5153	        1.5159	          0.0006	   1.6688	1.638e-03	   0.027	    64.466
  91	23	 5.0243	 1.0208	   1.5153	        1.5159	          0.0006	   1.5742	2.094e-03	   0.036	    65.176
  92	23	 5.0246	 1.0165	   1.5153	        1.5159	          0.0006	   1.6062	4.092e-03	   0.028	    65.891
  93	24	 5.0252	 1.0215	   1.5153	        1.5159	          0.0006	   1.7051	1.776e-03	   0.034	    66.601
  94	24	 5.0235	 1.0235	   1.5153	        1.5159	          0.0006	   1.6689	8.537e-04	   0.037	    67.312
  95	24	 5.0293	 1.0215	   1.5153	        1.5159	          0.0006	   1.6457	1.770e-03	   0.034	    68.023
  96	24	 5.0261	 1.0168	   1.5153	        1.5159	          0.0006	   1.5832	3.952e-03	   0.036	    68.738
  97	25	 5.0280	 1.0203	   1.5153	        1.5159	          0.0006	   1.6883	2.321e-03	   0.029	    69.469
  98	25	 5.0277	 1.0224	   1.5153	        1.5159	          0.0006	   1.6643	1.356e-03	   0.034	    70.178
  99	25	 5.0291	 1.0201	   1.5153	        1.5159	          0.0006	   1.6319	2.411e-03	   0.035	    70.907
 100	25	 5.0256	 1.0174	   1.5153	        1.5159	          0.0006	   1.6069	3.710e-03	   0.036	    71.669
 101	26	 5.0258	 1.0178	   1.5153	        1.5159	          0.0006	   1.6529	3.502e-03	   0.037	    72.383
 102	26	 5.0265	 1.0191	   1.5153	        1.5159	          0.0006	   1.6608	2.893e-03	   0.034	    73.093
 103	26	 5.0264	 1.0172	   1.5153	        1.5159	          0.0006	   1.6290	3.763e-03	   0.034	    73.807
 104	26	 5.0275	 1.0201	   1.5153	        1.5159	          0.0006	   1.6862	2.410e-03	   0.030	    74.548
 105	27	 5.0279	 1.0162	   1.5153	        1.5159	          0.0006	   1.5946	4.250e-03	   0.038	    75.322
 106	27	 5.0294	 1.0241	   1.5153	        1.5159	          0.0006	   1.7463	5.920e-04	   0.035	    76.122
 107	27	 5.0311	 1.0225	   1.5153	        1.5159	          0.0006	   1.6416	1.318e-03	   0.035	    76.879
 108	27	 5.0273	 1.0195	   1.5153	        1.5159	          0.0006	   1.6009	2.726e-03	   0.035	    77.605
 109	28	 5.0251	 1.0193	   1.5153	        1.5159	          0.0006	   1.6408	2.809e-03	   0.036	    78.335
 110	28	 5.0255	 1.0179	   1.5153	        1.5159	          0.0006	   1.6389	3.450e-03	   0.037	    79.129
 111	28	 5.0263	 1.0187	   1.5153	        1.5159	          0.0006	   1.6626	3.095e-03	   0.032	    79.927
 112	28	 5.0275	 1.0221	   1.5153	        1.5159	          0.0006	   1.6908	1.499e-03	   0.037	    80.689
 113	29	 5.0266	 1.0263	   1.5153	        1.5159	          0.0006	   1.6952	4.413e-04	   0.036	    81.481
 114	29	 5.0271	 1.0254	   1.5153	        1.5159	          0.0006	   1.6437	1.158e-04	   0.037	    82.267
 115	29	 5.0263	 1.0226	   1.5153	        1.5159	          0.0006	   1.6108	1.251e-03	   0.032	    83.014
 116	29	 5.0271	 1.0256	   1.5153	        1.5159	          0.0006	   1.6942	1.460e-04	   0.036	    83.730
 117	30	 5.0269	 1.0245	   1.5153	        1.5159	          0.0006	   1.6235	4.177e-04	   0.034	    84.440
 118	30	 5.0279	 1.0238	   1.5153	        1.5159	          0.0006	   1.6465	7.055e-04	   0.029	    85.150
 119	30	 5.0278	 1.0235	   1.5153	        1.5159	          0.0006	   1.6454	8.406e-04	   0.034	    85.857
 120	30	 5.0278	 1.0241	   1.5153	        1.5159	          0.0006	   1.6681	6.084e-04	   0.032	    86.575
 121	31	 5.0271	 1.0300	   1.5153	        1.5159	          0.0006	   1.7288	2.086e-03	   0.034	    87.288
 122	31	 5.0279	 1.0331	   1.5153	        1.5159	          0.0006	   1.7023	3.459e-03	   0.036	    87.999
 123	31	 5.0290	 1.0302	   1.5153	        1.5159	          0.0006	   1.6132	2.171e-03	   0.036	    88.710
 124	31	 5.0296	 1.0258	   1.5153	        1.5159	          0.0006	   1.5934	2.369e-04	   0.035	    89.423
 125	32	 5.0286	 1.0224	   1.5153	        1.5159	          0.0006	   1.5935	1.383e-03	   0.032	    90.155
 126	32	 5.0289	 1.0281	   1.5153	        1.5159	          0.0006	   1.7350	1.244e-03	   0.032	    90.860
 127	32	 5.0299	 1.0301	   1.5153	        1.5159	          0.0006	   1.6867	2.156e-03	   0.033	    91.582
 128	32	 5.0313	 1.0282	   1.5153	        1.5159	          0.0006	   1.6283	1.309e-03	   0.035	    92.346
 129	33	 5.0315	 1.0251	   1.5153	        1.5159	          0.0006	   1.6130	1.822e-04	   0.035	    93.067
 130	33	 5.0313	 1.0262	   1.5153	        1.5159	          0.0006	   1.6640	4.139e-04	   0.036	    93.780
 131	33	 5.0315	 1.0242	   1.5153	        1.5159	          0.0006	   1.6230	5.644e-04	   0.034	    94.493
 132	33	 5.0309	 1.0262	   1.5153	        1.5159	          0.0006	   1.6762	3.995e-04	   0.031	    95.203
 133	34	 5.0313	 1.0234	   1.5153	        1.5159	          0.0006	   1.6112	9.082e-04	   0.032	    95.906
 134	34	 5.0307	 1.0228	   1.5153	        1.5159	          0.0006	   1.6395	1.187e-03	   0.032	    96.627
 135	34	 5.0312	 1.0256	   1.5153	        1.5159	          0.0006	   1.6933	1.607e-04	   0.035	    97.338
 136	34	 5.0316	 1.0271	   1.5153	        1.5159	          0.0006	   1.6832	7.840e-04	   0.031	    98.048
 137	35	 5.0334	 1.0251	   1.5153	        1.5159	          0.0006	   1.6313	1.748e-04	   0.038	    98.783
 138	35	 5.0309	 1.0272	   1.5153	        1.5159	          0.0006	   1.6742	8.444e-04	   0.034	    99.523
 139	35	 5.0306	 1.0287	   1.5153	        1.5159	          0.0006	   1.6707	1.518e-03	   0.035	   100.266
 140	35	 5.0315	 1.0264	   1.5153	        1.5159	          0.0006	   1.6191	4.693e-04	   0.031	   100.983
 141	36	 5.0313	 1.0233	   1.5153	        1.5159	          0.0006	   1.5986	9.513e-04	   0.031	   101.739
 142	36	 5.0298	 1.0230	   1.5153	        1.5159	          0.0006	   1.6393	1.067e-03	   0.035	   102.525
 143	36	 5.0302	 1.0293	   1.5153	        1.5159	          0.0006	   1.7543	1.770e-03	   0.037	   103.283
 144	36	 5.0314	 1.0263	   1.5153	        1.5159	          0.0006	   1.6069	4.200e-04	   0.036	   104.002
 145	37	 5.0307	 1.0244	   1.5153	        1.5159	          0.0006	   1.6162	4.555e-04	   0.037	   104.717
 146	37	 5.0315	 1.0245	   1.5153	        1.5159	          0.0006	   1.6482	4.298e-04	   0.031	   105.427
 147	37	 5.0316	 1.0270	   1.5153	        1.5159	          0.0006	   1.6958	7.713e-04	   0.033	   106.129
 148	37	 5.0310	 1.0250	   1.5153	        1.5159	          0.0006	   1.6158	2.166e-04	   0.038	   106.850
 149	38	 5.0313	 1.0242	   1.5153	        1.5159	          0.0006	   1.6370	5.560e-04	   0.033	   107.557
 150	38	 5.0314	 1.0237	   1.5153	        1.5159	          0.0006	   1.6415	7.579e-04	   0.034	   108.267
 151	38	 5.0321	 1.0247	   1.5153	        1.5159	          0.0006	   1.6678	3.268e-04	   0.034	   108.981
 152	38	 5.0318	 1.0244	   1.5153	        1.5159	          0.0006	   1.6511	4.586e-04	   0.034	   109.696
 153	39	 5.0321	 1.0243	   1.5153	        1.5159	          0.0006	   1.6448	4.957e-04	   0.032	   110.423
 154	39	 5.0311	 1.0260	   1.5153	        1.5159	          0.0006	   1.6738	3.038e-04	   0.034	   111.135
 155	39	 5.0324	 1.0237	   1.5153	        1.5159	          0.0006	   1.6164	7.866e-04	   0.033	   111.851
 156	39	 5.0319	 1.0255	   1.5153	        1.5159	          0.0006	   1.6851	1.267e-04	   0.037	   112.611
 157	40	 5.0315	 1.0243	   1.5153	        1.5159	          0.0006	   1.6273	4.877e-04	   0.038	   113.341
 158	40	 5.0326	 1.0255	   1.5153	        1.5159	          0.0006	   1.6863	1.275e-04	   0.036	   114.052
 159	40	 5.0311	 1.0241	   1.5153	        1.5159	          0.0006	   1.6111	5.766e-04	   0.035	   114.768
 160	40	 5.0321	 1.0247	   1.5153	        1.5159	          0.0006	   1.6648	3.218e-04	   0.034	   115.519
 161	41	 5.0311	 1.0224	   1.5153	        1.5159	          0.0006	   1.6003	1.351e-03	   0.030	   116.251
 162	41	 5.0306	 1.0203	   1.5153	        1.5159	          0.0006	   1.6018	2.339e-03	   0.034	   116.971
 163	41	 5.0306	 1.0205	   1.5153	        1.5159	          0.0006	   1.6565	2.234e-03	   0.033	   117.679
 164	41	 5.0320	 1.0255	   1.5153	        1.5159	          0.0006	   1.7517	1.258e-04	   0.035	   118.422
 165	42	 5.0324	 1.0287	   1.5153	        1.5159	          0.0006	   1.7142	1.515e-03	   0.035	   119.161
 166	42	 5.0332	 1.0271	   1.5153	        1.5159	          0.0006	   1.6280	8.070e-04	   0.035	   119.891
 167	42	 5.0324	 1.0256	   1.5153	        1.5159	          0.0006	   1.6116	1.591e-04	   0.033	   120.635
 168	42	 5.0311	 1.0242	   1.5153	        1.5159	          0.0006	   1.6249	5.572e-04	   0.032	   121.359
 169	43	 5.0301	 1.0249	   1.5153	        1.5159	          0.0006	   1.6609	2.402e-04	   0.036	   122.109
 170	43	 5.0311	 1.0233	   1.5153	        1.5159	          0.0006	   1.6293	9.352e-04	   0.035	   122.890
 171	43	 5.0312	 1.0233	   1.5153	        1.5159	          0.0006	   1.6469	9.611e-04	   0.040	   123.651
 172	43	 5.0312	 1.0240	   1.5153	        1.5159	          0.0006	   1.6631	6.517e-04	   0.034	   124.375
 173	44	 5.0310	 1.0217	   1.5153	        1.5159	          0.0006	   1.6042	1.664e-03	   0.033	   125.088
 174	44	 5.0312	 1.0288	   1.5153	        1.5159	          0.0006	   1.7884	1.548e-03	   0.030	   125.799
 175	44	 5.0306	 1.0274	   1.5153	        1.5159	          0.0006	   1.6149	9.092e-04	   0.032	   126.505
 176	44	 5.0315	 1.0247	   1.5153	        1.5159	          0.0006	   1.6071	3.128e-04	   0.035	   127.224
 177	45	 5.0304	 1.0255	   1.5153	        1.5159	          0.0006	   1.6663	1.334e-04	   0.032	   127.935
 178	45	 5.0302	 1.0231	   1.5153	        1.5159	          0.0006	   1.5962	1.040e-03	   0.036	   128.643
 179	45	 5.0307	 1.0252	   1.5153	        1.5159	          0.0006	   1.6949	1.412e-04	   0.033	   129.354
 180	45	 5.0318	 1.0259	   1.5153	        1.5159	          0.0006	   1.6678	2.759e-04	   0.034	   130.070
 181	46	 5.0309	 1.0260	   1.5153	        1.5159	          0.0006	   1.6451	3.243e-04	   0.034	   130.792
 182	46	 5.0313	 1.0265	   1.5153	        1.5159	          0.0006	   1.6643	5.255e-04	   0.030	   131.509
 183	46	 5.0328	 1.0265	   1.5153	        1.5159	          0.0006	   1.6624	5.267e-04	   0.035	   132.229
 184	46	 5.0321	 1.0240	   1.5153	        1.5159	          0.0006	   1.5858	6.551e-04	   0.032	   132.981
 185	47	 5.0306	 1.0252	   1.5153	        1.5159	          0.0006	   1.6644	1.335e-04	   0.036	   133.715
 186	47	 5.0314	 1.0250	   1.5153	        1.5159	          0.0006	   1.6528	1.935e-04	   0.035	   134.427
 187	47	 5.0325	 1.0258	   1.5153	        1.5159	          0.0006	   1.6740	2.179e-04	   0.034	   135.140
 188	47	 5.0315	 1.0232	   1.5153	        1.5159	          0.0006	   1.5872	9.810e-04	   0.032	   135.851
 189	48	 5.0309	 1.0255	   1.5153	        1.5159	          0.0006	   1.6957	1.406e-04	   0.030	   136.557
 190	48	 5.0330	 1.0262	   1.5153	        1.5159	          0.0006	   1.6732	3.791e-04	   0.035	   137.278
 191	48	 5.0327	 1.0236	   1.5153	        1.5159	          0.0006	   1.5944	8.071e-04	   0.034	   137.987
 192	48	 5.0313	 1.0224	   1.5153	        1.5159	          0.0006	   1.6220	1.355e-03	   0.041	   138.733
 193	49	 5.0312	 1.0202	   1.5153	        1.5159	          0.0006	   1.5945	2.358e-03	   0.032	   139.447
 194	49	 5.0315	 1.0175	   1.5153	        1.5159	          0.0006	   1.5950	3.617e-03	   0.036	   140.160
 195	49	 5.0306	 1.0178	   1.5153	        1.5159	          0.0006	   1.6442	3.492e-03	   0.031	   140.898
 196	49	 5.0325	 1.0207	   1.5153	        1.5159	          0.0006	   1.7326	2.134e-03	   0.036	   141.628
 197	50	 5.0322	 1.0238	   1.5153	        1.5159	          0.0006	   1.7112	7.153e-04	   0.037	   142.370
 198	50	 5.0329	 1.0204	   1.5153	        1.5159	          0.0006	   1.5826	2.297e-03	   0.034	   143.157
 199	50	 5.0335	 1.0218	   1.5153	        1.5159	          0.0006	   1.6874	1.659e-03	   0.040	   143.923
 200	50	 5.0341	 1.0201	   1.5153	        1.5159	          0.0006	   1.6079	2.418e-03	   0.036	   144.650
 201	51	 5.0326	 1.0216	   1.5153	        1.5159	          0.0006	   1.6821	1.731e-03	   0.036	   145.362
 202	51	 5.0336	 1.0216	   1.5153	        1.5159	          0.0006	   1.6477	1.742e-03	   0.029	   146.069
 203	51	 5.0338	 1.0220	   1.5153	        1.5159	          0.0006	   1.6649	1.565e-03	   0.032	   146.776
 204	51	 5.0351	 1.0185	   1.5153	        1.5159	          0.0006	   1.5654	3.183e-03	   0.035	   147.496
 205	52	 5.0354	 1.0170	   1.5153	        1.5159	          0.0006	   1.6110	3.866e-03	   0.031	   148.205
 206	52	 5.0355	 1.0184	   1.5153	        1.5159	          0.0006	   1.6815	3.207e-03	   0.038	   148.918
 207	52	 5.0361	 1.0172	   1.5153	        1.5159	          0.0006	   1.6313	3.780e-03	   0.034	   149.630
 208	52	 5.0364	 1.0191	   1.5153	        1.5159	          0.0006	   1.6911	2.883e-03	   0.034	   150.343
 209	53	 5.0366	 1.0183	   1.5153	        1.5159	          0.0006	   1.6322	3.282e-03	   0.032	   151.054
 210	53	 5.0352	 1.0199	   1.5153	        1.5159	          0.0006	   1.6673	2.524e-03	   0.034	   151.793
 211	53	 5.0365	 1.0190	   1.5153	        1.5159	          0.0006	   1.6337	2.947e-03	   0.037	   152.554
 212	53	 5.0366	 1.0185	   1.5153	        1.5159	          0.0006	   1.6444	3.180e-03	   0.038	   153.343
 213	54	 5.0358	 1.0215	   1.5153	        1.5159	          0.0006	   1.7146	1.759e-03	   0.039	   154.163
 214	54	 5.0357	 1.0229	   1.5153	        1.5159	          0.0006	   1.6826	1.134e-03	   0.036	   154.934
 215	54	 5.0347	 1.0203	   1.5153	        1.5159	          0.0006	   1.5707	2.355e-03	   0.036	   155.686
 216	54	 5.0359	 1.0185	   1.5153	        1.5159	          0.0006	   1.6178	3.165e-03	   0.033	   156.407
 217	55	 5.0356	 1.0189	   1.5153	        1.5159	          0.0006	   1.6518	2.988e-03	   0.036	   157.155
 218	55	 5.0377	 1.0177	   1.5153	        1.5159	          0.0006	   1.6377	3.531e-03	   0.037	   157.925
 219	55	 5.0385	 1.0180	   1.5153	        1.5159	          0.0006	   1.6662	3.390e-03	   0.033	   158.707
 220	55	 5.0374	 1.0199	   1.5153	        1.5159	          0.0006	   1.6806	2.533e-03	   0.036	   159.464
 221	56	 5.0385	 1.0206	   1.5153	        1.5159	          0.0006	   1.6749	2.206e-03	   0.035	   160.198
 222	56	 5.0378	 1.0223	   1.5153	        1.5159	          0.0006	   1.6926	1.400e-03	   0.036	   160.911
 223	56	 5.0367	 1.0218	   1.5153	        1.5159	          0.0006	   1.6229	1.620e-03	   0.030	   161.642
 224	56	 5.0374	 1.0198	   1.5153	        1.5159	          0.0006	   1.6022	2.547e-03	   0.034	   162.366
 225	57	 5.0375	 1.0243	   1.5153	        1.5159	          0.0006	   1.7588	4.848e-04	   0.036	   163.104
 226	57	 5.0375	 1.0216	   1.5153	        1.5159	          0.0006	   1.5803	1.745e-03	   0.036	   163.889
 227	57	 5.0364	 1.0178	   1.5153	        1.5159	          0.0006	   1.5391	3.497e-03	   0.038	   164.668
 228	57	 5.0370	 1.0207	   1.5153	        1.5159	          0.0006	   1.7315	2.145e-03	   0.030	   165.397
 229	58	 5.0386	 1.0231	   1.5153	        1.5159	          0.0006	   1.7275	1.042e-03	   0.036	   166.112
 230	58	 5.0386	 1.0219	   1.5153	        1.5159	          0.0006	   1.6191	1.603e-03	   0.028	   166.819
 231	58	 5.0383	 1.0228	   1.5153	        1.5159	          0.0006	   1.6688	1.189e-03	   0.034	   167.529
 232	58	 5.0374	 1.0214	   1.5153	        1.5159	          0.0006	   1.6114	1.807e-03	   0.034	   168.244
 233	59	 5.0374	 1.0226	   1.5153	        1.5159	          0.0006	   1.6863	1.265e-03	   0.032	   168.952
 234	59	 5.0366	 1.0215	   1.5153	        1.5159	          0.0006	   1.6120	1.767e-03	   0.036	   169.664
 235	59	 5.0376	 1.0232	   1.5153	        1.5159	          0.0006	   1.6976	1.006e-03	   0.033	   170.376
 236	59	 5.0381	 1.0224	   1.5153	        1.5159	          0.0006	   1.6362	1.356e-03	   0.036	   171.093
 237	60	 5.0391	 1.0220	   1.5153	        1.5159	          0.0006	   1.6472	1.565e-03	   0.030	   171.802
 238	60	 5.0398	 1.0194	   1.5153	        1.5159	          0.0006	   1.5806	2.772e-03	   0.034	   172.530
 239	60	 5.0390	 1.0178	   1.5153	        1.5159	          0.0006	   1.5975	3.521e-03	   0.036	   173.250
 240	60	 5.0392	 1.0208	   1.5153	        1.5159	          0.0006	   1.7320	2.114e-03	   0.039	   173.983
 241	61	 5.0393	 1.0203	   1.5153	        1.5159	          0.0006	   1.6260	2.350e-03	   0.036	   174.730
 242	61	 5.0396	 1.0213	   1.5153	        1.5159	          0.0006	   1.6825	1.865e-03	   0.032	   175.446
 243	61	 5.0391	 1.0208	   1.5153	        1.5159	          0.0006	   1.6307	2.094e-03	   0.032	   176.161
 244	61	 5.0391	 1.0212	   1.5153	        1.5159	          0.0006	   1.6644	1.911e-03	   0.029	   176.872
 245	62	 5.0392	 1.0214	   1.5153	        1.5159	          0.0006	   1.6556	1.805e-03	   0.034	   177.578
 246	62	 5.0392	 1.0191	   1.5153	        1.5159	          0.0006	   1.5895	2.901e-03	   0.034	   178.308
 247	62	 5.0383	 1.0203	   1.5153	        1.5159	          0.0006	   1.6695	2.325e-03	   0.033	   179.043
 248	62	 5.0392	 1.0208	   1.5153	        1.5159	          0.0006	   1.6713	2.100e-03	   0.041	   179.757
 249	63	 5.0389	 1.0199	   1.5153	        1.5159	          0.0006	   1.6256	2.511e-03	   0.033	   180.467
 250	63	 5.0379	 1.0191	   1.5153	        1.5159	          0.0006	   1.6097	2.880e-03	   0.036	   181.182
 251	63	 5.0379	 1.0217	   1.5153	        1.5159	          0.0006	   1.7301	1.666e-03	   0.028	   181.908
 252	63	 5.0396	 1.0209	   1.5153	        1.5159	          0.0006	   1.6385	2.072e-03	   0.034	   182.638
 253	64	 5.0388	 1.0202	   1.5153	        1.5159	          0.0006	   1.6201	2.386e-03	   0.030	   183.369
 254	64	 5.0396	 1.0236	   1.5153	        1.5159	          0.0006	   1.7483	8.106e-04	   0.036	   184.142
 255	64	 5.0402	 1.0213	   1.5153	        1.5159	          0.0006	   1.5868	1.859e-03	   0.040	   184.929
 256	64	 5.0401	 1.0207	   1.5153	        1.5159	          0.0006	   1.6327	2.153e-03	   0.029	   185.666
 257	65	 5.0404	 1.0202	   1.5153	        1.5159	          0.0006	   1.6240	2.401e-03	   0.036	   186.382
 258	65	 5.0404	 1.0197	   1.5153	        1.5159	          0.0006	   1.6419	2.597e-03	   0.030	   187.091
 259	65	 5.0399	 1.0206	   1.5153	        1.5159	          0.0006	   1.6745	2.192e-03	   0.034	   187.802
 260	65	 5.0402	 1.0215	   1.5153	        1.5159	          0.0006	   1.6717	1.789e-03	   0.032	   188.515
 261	66	 5.0413	 1.0193	   1.5153	        1.5159	          0.0006	   1.5973	2.804e-03	   0.035	   189.227
 262	66	 5.0409	 1.0217	   1.5153	        1.5159	          0.0006	   1.7227	1.665e-03	   0.040	   189.939
 263	66	 5.0413	 1.0213	   1.5153	        1.5159	          0.0006	   1.6356	1.869e-03	   0.036	   190.648
 264	66	 5.0408	 1.0231	   1.5153	        1.5159	          0.0006	   1.6912	1.053e-03	   0.034	   191.362
 265	67	 5.0415	 1.0227	   1.5153	        1.5159	          0.0006	   1.6469	1.226e-03	   0.027	   192.071
 266	67	 5.0420	 1.0233	   1.5153	        1.5159	          0.0006	   1.6698	9.517e-04	   0.033	   192.800
 267	67	 5.0421	 1.0229	   1.5153	        1.5159	          0.0006	   1.6408	1.154e-03	   0.035	   193.549
 268	67	 5.0412	 1.0234	   1.5153	        1.5159	          0.0006	   1.6569	9.174e-04	   0.041	   194.309
 269	68	 5.0415	 1.0238	   1.5153	        1.5159	          0.0006	   1.6724	7.088e-04	   0.037	   195.067
 270	68	 5.0417	 1.0234	   1.5153	        1.5159	          0.0006	   1.6321	8.844e-04	   0.035	   195.792
 271	68	 5.0416	 1.0234	   1.5153	        1.5159	          0.0006	   1.6538	8.845e-04	   0.034	   196.502
 272	68	 5.0411	 1.0235	   1.5153	        1.5159	          0.0006	   1.6494	8.672e-04	   0.028	   197.216
 273	69	 5.0410	 1.0216	   1.5153	        1.5159	          0.0006	   1.5925	1.723e-03	   0.036	   197.951
 274	69	 5.0406	 1.0206	   1.5153	        1.5159	          0.0006	   1.6206	2.183e-03	   0.034	   198.697
 275	69	 5.0413	 1.0217	   1.5153	        1.5159	          0.0006	   1.6775	1.699e-03	   0.037	   199.423
 276	69	 5.0417	 1.0236	   1.5153	        1.5159	          0.0006	   1.7128	8.229e-04	   0.034	   200.129
 277	70	 5.0425	 1.0247	   1.5153	        1.5159	          0.0006	   1.6914	3.082e-04	   0.034	   200.843
 278	70	 5.0425	 1.0239	   1.5153	        1.5159	          0.0006	   1.6252	6.911e-04	   0.032	   201.543
 279	70	 5.0425	 1.0231	   1.5153	        1.5159	          0.0006	   1.6298	1.044e-03	   0.034	   202.267
 280	70	 5.0415	 1.0249	   1.5153	        1.5159	          0.0006	   1.6937	2.572e-04	   0.038	   202.966
 281	71	 5.0410	 1.0246	   1.5153	        1.5159	          0.0006	   1.6418	3.701e-04	   0.035	   203.661
 282	71	 5.0404	 1.0240	   1.5153	        1.5159	          0.0006	   1.6297	6.407e-04	   0.038	   204.380
 283	71	 5.0408	 1.0233	   1.5153	        1.5159	          0.0006	   1.6306	9.369e-04	   0.034	   205.121
 284	71	 5.0408	 1.0240	   1.5153	        1.5159	          0.0006	   1.6683	6.177e-04	   0.028	   205.728
 285	72	 5.0405	 1.0235	   1.5153	        1.5159	          0.0006	   1.6254	8.702e-04	   0.030	   206.445
 286	72	 5.0410	 1.0235	   1.5153	        1.5159	          0.0006	   1.6462	8.555e-04	   0.031	   207.024
 287	72	 5.0402	 1.0238	   1.5153	        1.5159	          0.0006	   1.6625	7.295e-04	   0.031	   207.600
 288	72	 5.0409	 1.0237	   1.5153	        1.5159	          0.0006	   1.6568	7.495e-04	   0.027	   208.165
 289	73	 5.0407	 1.0249	   1.5153	        1.5159	          0.0006	   1.6817	2.412e-04	   0.029	   208.742
 290	73	 5.0405	 1.0249	   1.5153	        1.5159	          0.0006	   1.6489	2.482e-04	   0.033	   209.321
 291	73	 5.0404	 1.0250	   1.5153	        1.5159	          0.0006	   1.6541	2.151e-04	   0.029	   209.896
 292	73	 5.0413	 1.0227	   1.5153	        1.5159	          0.0006	   1.5823	1.204e-03	   0.034	   210.471
 293	74	 5.0401	 1.0227	   1.5153	        1.5159	          0.0006	   1.6306	1.231e-03	   0.034	   211.047
 294	74	 5.0405	 1.0220	   1.5153	        1.5159	          0.0006	   1.6404	1.558e-03	   0.026	   211.644
 295	74	 5.0421	 1.0221	   1.5153	        1.5159	          0.0006	   1.6688	1.482e-03	   0.029	   212.214
 296	74	 5.0421	 1.0214	   1.5153	        1.5159	          0.0006	   1.6245	1.810e-03	   0.032	   212.819
 297	75	 5.0421	 1.0224	   1.5153	        1.5159	          0.0006	   1.6816	1.360e-03	   0.034	   213.432
 298	75	 5.0427	 1.0225	   1.5153	        1.5159	          0.0006	   1.6547	1.295e-03	   0.027	   214.006
 299	75	 5.0429	 1.0214	   1.5153	        1.5159	          0.0006	   1.6148	1.838e-03	   0.032	   214.582
 300	75	 5.0428	 1.0213	   1.5153	        1.5159	          0.0006	   1.6550	1.864e-03	   0.034	   215.159
 301	76	 5.0427	 1.0203	   1.5153	        1.5159	          0.0006	   1.6193	2.330e-03	   0.029	   215.766
 302	76	 5.0425	 1.0214	   1.5153	        1.5159	          0.0006	   1.6804	1.830e-03	   0.030	   216.343
 303	76	 5.0432	 1.0219	   1.5153	        1.5159	          0.0006	   1.6724	1.580e-03	   0.033	   216.918
 304	76	 5.0431	 1.0215	   1.5153	        1.5159	          0.0006	   1.6318	1.776e-03	   0.034	   217.493
 305	77	 5.0433	 1.0203	   1.5153	        1.5159	          0.0006	   1.6056	2.340e-03	   0.027	   218.065
 306	77	 5.0435	 1.0212	   1.5153	        1.5159	          0.0006	   1.6830	1.896e-03	   0.031	   218.643
 307	77	 5.0429	 1.0199	   1.5153	        1.5159	          0.0006	   1.5953	2.496e-03	   0.036	   219.235
 308	77	 5.0438	 1.0201	   1.5153	        1.5159	          0.0006	   1.6686	2.418e-03	   0.031	   219.835
 309	78	 5.0432	 1.0223	   1.5153	        1.5159	          0.0006	   1.7185	1.396e-03	   0.030	   220.429
 310	78	 5.0439	 1.0226	   1.5153	        1.5159	          0.0006	   1.6616	1.269e-03	   0.033	   221.071
 311	78	 5.0442	 1.0210	   1.5153	        1.5159	          0.0006	   1.6022	2.015e-03	   0.035	   221.710
 312	78	 5.0440	 1.0212	   1.5153	        1.5159	          0.0006	   1.6496	1.934e-03	   0.028	   222.303
 313	79	 5.0434	 1.0200	   1.5153	        1.5159	          0.0006	   1.6071	2.464e-03	   0.028	   222.880
 314	79	 5.0451	 1.0179	   1.5153	        1.5159	          0.0006	   1.5939	3.449e-03	   0.036	   223.463
 315	79	 5.0444	 1.0192	   1.5153	        1.5159	          0.0006	   1.6800	2.842e-03	   0.031	   224.035
 316	79	 5.0447	 1.0207	   1.5153	        1.5159	          0.0006	   1.7004	2.165e-03	   0.029	   224.603
 317	80	 5.0449	 1.0229	   1.5153	        1.5159	          0.0006	   1.7318	1.135e-03	   0.030	   225.182
 318	80	 5.0449	 1.0224	   1.5153	        1.5159	          0.0006	   1.6424	1.359e-03	   0.038	   225.801
 319	80	 5.0453	 1.0197	   1.5153	        1.5159	          0.0006	   1.5551	2.600e-03	   0.033	   226.412
 320	80	 5.0450	 1.0205	   1.5153	        1.5159	          0.0006	   1.6658	2.246e-03	   0.033	   227.068
 321	81	 5.0454	 1.0192	   1.5153	        1.5159	          0.0006	   1.6106	2.832e-03	   0.034	   227.696
 322	81	 5.0444	 1.0202	   1.5153	        1.5159	          0.0006	   1.6709	2.360e-03	   0.035	   228.315
 323	81	 5.0456	 1.0194	   1.5153	        1.5159	          0.0006	   1.6264	2.738e-03	   0.027	   228.887
 324	81	 5.0458	 1.0200	   1.5153	        1.5159	          0.0006	   1.6746	2.483e-03	   0.033	   229.514
 325	82	 5.0464	 1.0209	   1.5153	        1.5159	          0.0006	   1.6934	2.034e-03	   0.037	   230.174
 326	82	 5.0455	 1.0192	   1.5153	        1.5159	          0.0006	   1.5777	2.834e-03	   0.034	   230.790
 327	82	 5.0463	 1.0202	   1.5153	        1.5159	          0.0006	   1.6873	2.397e-03	   0.034	   231.399
 328	82	 5.0461	 1.0207	   1.5153	        1.5159	          0.0006	   1.6661	2.150e-03	   0.036	   232.013
 329	83	 5.0454	 1.0202	   1.5153	        1.5159	          0.0006	   1.6256	2.381e-03	   0.031	   232.612
 330	83	 5.0459	 1.0215	   1.5153	        1.5159	          0.0006	   1.7093	1.770e-03	   0.028	   233.185
 331	83	 5.0466	 1.0214	   1.5153	        1.5159	          0.0006	   1.6481	1.839e-03	   0.031	   233.762
 332	83	 5.0469	 1.0204	   1.5153	        1.5159	          0.0006	   1.6060	2.274e-03	   0.035	   234.340
 333	84	 5.0464	 1.0210	   1.5153	        1.5159	          0.0006	   1.6673	1.994e-03	   0.028	   234.911
 334	84	 5.0460	 1.0203	   1.5153	        1.5159	          0.0006	   1.6113	2.335e-03	   0.029	   235.480
 335	84	 5.0471	 1.0197	   1.5153	        1.5159	          0.0006	   1.6333	2.607e-03	   0.035	   236.065
 336	84	 5.0481	 1.0192	   1.5153	        1.5159	          0.0006	   1.6471	2.841e-03	   0.030	   236.673
 337	85	 5.0472	 1.0180	   1.5153	        1.5159	          0.0006	   1.5932	3.392e-03	   0.031	   237.271
 338	85	 5.0477	 1.0191	   1.5153	        1.5159	          0.0006	   1.6906	2.909e-03	   0.036	   237.899
 339	85	 5.0477	 1.0195	   1.5153	        1.5159	          0.0006	   1.6598	2.693e-03	   0.038	   238.546
 340	85	 5.0481	 1.0190	   1.5153	        1.5159	          0.0006	   1.6388	2.953e-03	   0.029	   239.152
 341	86	 5.0479	 1.0193	   1.5153	        1.5159	          0.0006	   1.6560	2.795e-03	   0.033	   239.727
 342	86	 5.0477	 1.0180	   1.5153	        1.5159	          0.0006	   1.6004	3.397e-03	   0.037	   240.306
 343	86	 5.0476	 1.0177	   1.5153	        1.5159	          0.0006	   1.6346	3.530e-03	   0.028	   240.877
 344	86	 5.0480	 1.0200	   1.5153	        1.5159	          0.0006	   1.7390	2.469e-03	   0.028	   241.446
 345	87	 5.0485	 1.0216	   1.5153	        1.5159	          0.0006	   1.7193	1.730e-03	   0.029	   242.022
 346	87	 5.0479	 1.0206	   1.5153	        1.5159	          0.0006	   1.5969	2.178e-03	   0.031	   242.597
 347	87	 5.0477	 1.0201	   1.5153	        1.5159	          0.0006	   1.6276	2.407e-03	   0.027	   243.169
 348	87	 5.0483	 1.0194	   1.5153	        1.5159	          0.0006	   1.6345	2.756e-03	   0.032	   243.748
 349	88	 5.0482	 1.0205	   1.5153	        1.5159	          0.0006	   1.6836	2.257e-03	   0.035	   244.321
 350	88	 5.0484	 1.0199	   1.5153	        1.5159	          0.0006	   1.6307	2.534e-03	   0.036	   244.912
 351	88	 5.0495	 1.0198	   1.5153	        1.5159	          0.0006	   1.6585	2.582e-03	   0.028	   245.489
 352	88	 5.0494	 1.0192	   1.5153	        1.5159	          0.0006	   1.6261	2.827e-03	   0.029	   246.081
 353	89	 5.0490	 1.0184	   1.5153	        1.5159	          0.0006	   1.6196	3.236e-03	   0.034	   246.698
 354	89	 5.0494	 1.0211	   1.5153	        1.5159	          0.0006	   1.7536	1.975e-03	   0.031	   247.283
 355	89	 5.0496	 1.0214	   1.5153	        1.5159	          0.0006	   1.6630	1.803e-03	   0.034	   247.871
 356	89	 5.0491	 1.0208	   1.5153	        1.5159	          0.0006	   1.6105	2.120e-03	   0.031	   248.473
 357	90	 5.0498	 1.0198	   1.5153	        1.5159	          0.0006	   1.6207	2.553e-03	   0.028	   249.044
 358	90	 5.0489	 1.0177	   1.5153	        1.5159	          0.0006	   1.5461	3.526e-03	   0.028	   249.615
 359	90	 5.0489	 1.0189	   1.5153	        1.5159	          0.0006	   1.6927	2.988e-03	   0.025	   250.190
 360	90	 5.0496	 1.0199	   1.5153	        1.5159	          0.0006	   1.7036	2.502e-03	   0.034	   250.772
 361	91	 5.0505	 1.0203	   1.5153	        1.5159	          0.0006	   1.6760	2.326e-03	   0.031	   251.342
 362	91	 5.0506	 1.0211	   1.5153	        1.5159	          0.0006	   1.6810	1.978e-03	   0.034	   251.921
 363	91	 5.0504	 1.0184	   1.5153	        1.5159	          0.0006	   1.5334	3.229e-03	   0.033	   252.495
 364	91	 5.0499	 1.0188	   1.5153	        1.5159	          0.0006	   1.6595	3.031e-03	   0.034	   253.099
 365	92	 5.0496	 1.0183	   1.5153	        1.5159	          0.0006	   1.6228	3.258e-03	   0.030	   253.690
 366	92	 5.0496	 1.0179	   1.5153	        1.5159	          0.0006	   1.6299	3.445e-03	   0.028	   254.316
 367	92	 5.0495	 1.0194	   1.5153	        1.5159	          0.0006	   1.7039	2.763e-03	   0.034	   254.970
 368	92	 5.0495	 1.0195	   1.5153	        1.5159	          0.0006	   1.6552	2.684e-03	   0.033	   255.579
 369	93	 5.0498	 1.0191	   1.5153	        1.5159	          0.0006	   1.6346	2.899e-03	   0.030	   256.160
 370	93	 5.0490	 1.0191	   1.5153	        1.5159	          0.0006	   1.6397	2.884e-03	   0.029	   256.734
 371	93	 5.0494	 1.0189	   1.5153	        1.5159	          0.0006	   1.6513	2.998e-03	   0.030	   257.311
 372	93	 5.0496	 1.0198	   1.5153	        1.5159	          0.0006	   1.6888	2.548e-03	   0.030	   257.878
 373	94	 5.0497	 1.0196	   1.5153	        1.5159	          0.0006	   1.6331	2.679e-03	   0.030	   258.454
 374	94	 5.0499	 1.0200	   1.5153	        1.5159	          0.0006	   1.6738	2.471e-03	   0.035	   259.061
 375	94	 5.0500	 1.0193	   1.5153	        1.5159	          0.0006	   1.6145	2.799e-03	   0.031	   259.677
 376	94	 5.0498	 1.0199	   1.5153	        1.5159	          0.0006	   1.6797	2.539e-03	   0.031	   260.254
 377	95	 5.0503	 1.0209	   1.5153	        1.5159	          0.0006	   1.7076	2.051e-03	   0.036	   260.832
 378	95	 5.0506	 1.0199	   1.5153	        1.5159	          0.0006	   1.6052	2.519e-03	   0.032	   261.411
 379	95	 5.0505	 1.0199	   1.5153	        1.5159	          0.0006	   1.6479	2.511e-03	   0.027	   261.996
 380	95	 5.0499	 1.0199	   1.5153	        1.5159	          0.0006	   1.6364	2.531e-03	   0.029	   262.578
 381	96	 5.0495	 1.0201	   1.5153	        1.5159	          0.0006	   1.6507	2.408e-03	   0.034	   263.192
 382	96	 5.0493	 1.0187	   1.5153	        1.5159	          0.0006	   1.5743	3.083e-03	   0.030	   263.814
 383	96	 5.0496	 1.0194	   1.5153	        1.5159	          0.0006	   1.6822	2.773e-03	   0.034	   264.424
 384	96	 5.0500	 1.0197	   1.5153	        1.5159	          0.0006	   1.6745	2.617e-03	   0.033	   265.012
 385	97	 5.0498	 1.0193	   1.5153	        1.5159	          0.0006	   1.6314	2.799e-03	   0.033	   265.590
 386	97	 5.0502	 1.0212	   1.5153	        1.5159	          0.0006	   1.7339	1.900e-03	   0.026	   266.157
 387	97	 5.0503	 1.0206	   1.5153	        1.5159	          0.0006	   1.6212	2.197e-03	   0.031	   266.734
 388	97	 5.0503	 1.0206	   1.5153	        1.5159	          0.0006	   1.6493	2.183e-03	   0.032	   267.308
 389	98	 5.0502	 1.0188	   1.5153	        1.5159	          0.0006	   1.5681	3.048e-03	   0.029	   267.881
 390	98	 5.0502	 1.0197	   1.5153	        1.5159	          0.0006	   1.6897	2.621e-03	   0.031	   268.461
 391	98	 5.0504	 1.0206	   1.5153	        1.5159	          0.0006	   1.6845	2.213e-03	   0.033	   269.036
 392	98	 5.0504	 1.0209	   1.5153	        1.5159	          0.0006	   1.6692	2.037e-03	   0.030	   269.633
 393	99	 5.0504	 1.0206	   1.5153	        1.5159	          0.0006	   1.6429	2.171e-03	   0.025	   270.224
 394	99	 5.0501	 1.0206	   1.5153	        1.5159	          0.0006	   1.6437	2.213e-03	   0.032	   270.849
 395	99	 5.0499	 1.0201	   1.5153	        1.5159	          0.0006	   1.6238	2.435e-03	   0.039	   271.498
 396	99	 5.0508	 1.0203	   1.5153	        1.5159	          0.0006	   1.6612	2.346e-03	   0.034	   272.110
 397	100	 5.0509	 1.0191	   1.5153	        1.5159	          0.0006	   1.5997	2.878e-03	   0.032	   272.700
 398	100	 5.0512	 1.0199	   1.5153	        1.5159	          0.0006	   1.6791	2.521e-03	   0.031	   273.278
 399	100	 5.0513	 1.0191	   1.5153	        1.5159	          0.0006	   1.6249	2.871e-03	   0.029	   273.851
 400	100	 5.0513	 1.0190	   1.5153	        1.5159	          0.0006	   1.6387	2.940e-03	   0.028	   274.422
 401	101	 5.0522	 1.0188	   1.5153	        1.5159	          0.0006	   1.6462	3.035e-03	   0.029	   274.999
 402	101	 5.0519	 1.0178	   1.5153	        1.5159	          0.0006	   1.5979	3.508e-03	   0.031	   275.574
 403	101	 5.0515	 1.0191	   1.5153	        1.5159	          0.0006	   1.7013	2.903e-03	   0.028	   276.143
 404	101	 5.0511	 1.0194	   1.5153	        1.5159	          0.0006	   1.6612	2.734e-03	   0.030	   276.720
 405	102	 5.0506	 1.0194	   1.5153	        1.5159	          0.0006	   1.6423	2.764e-03	   0.029	   277.297
 406	102	 5.0515	 1.0189	   1.5153	        1.5159	          0.0006	   1.6342	2.979e-03	   0.031	   277.877
 407	102	 5.0514	 1.0197	   1.5153	        1.5159	          0.0006	   1.6864	2.613e-03	   0.029	   278.467
 408	102	 5.0519	 1.0196	   1.5153	        1.5159	          0.0006	   1.6472	2.643e-03	   0.032	   279.046
 409	103	 5.0522	 1.0207	   1.5153	        1.5159	          0.0006	   1.7050	2.127e-03	   0.031	   279.658
 410	103	 5.0521	 1.0208	   1.5153	        1.5159	          0.0006	   1.6534	2.099e-03	   0.035	   280.287
 411	103	 5.0519	 1.0199	   1.5153	        1.5159	          0.0006	   1.6013	2.535e-03	   0.031	   280.872
 412	103	 5.0520	 1.0199	   1.5153	        1.5159	          0.0006	   1.6517	2.495e-03	   0.030	   281.447
 413	104	 5.0514	 1.0205	   1.5153	        1.5159	          0.0006	   1.6642	2.256e-03	   0.029	   282.025
 414	104	 5.0519	 1.0199	   1.5153	        1.5159	          0.0006	   1.6232	2.535e-03	   0.029	   282.595
 415	104	 5.0515	 1.0196	   1.5153	        1.5159	          0.0006	   1.6275	2.657e-03	   0.027	   283.170
 416	104	 5.0522	 1.0190	   1.5153	        1.5159	          0.0006	   1.6336	2.919e-03	   0.029	   283.746
 417	105	 5.0516	 1.0199	   1.5153	        1.5159	          0.0006	   1.6771	2.528e-03	   0.031	   284.322
 418	105	 5.0511	 1.0191	   1.5153	        1.5159	          0.0006	   1.6147	2.891e-03	   0.034	   284.896
 419	105	 5.0517	 1.0192	   1.5153	        1.5159	          0.0006	   1.6618	2.823e-03	   0.035	   285.473
 420	105	 5.0522	 1.0183	   1.5153	        1.5159	          0.0006	   1.6108	3.241e-03	   0.032	   286.065
 421	106	 5.0521	 1.0194	   1.5153	        1.5159	          0.0006	   1.6920	2.750e-03	   0.026	   286.658
 422	106	 5.0518	 1.0195	   1.5153	        1.5159	          0.0006	   1.6502	2.718e-03	   0.033	   287.274
 423	106	 5.0523	 1.0185	   1.5153	        1.5159	          0.0006	   1.6096	3.179e-03	   0.037	   287.929
 424	106	 5.0525	 1.0188	   1.5153	        1.5159	          0.0006	   1.6683	3.037e-03	   0.034	   288.599
 425	107	 5.0529	 1.0195	   1.5153	        1.5159	          0.0006	   1.6900	2.719e-03	   0.032	   289.230
 426	107	 5.0526	 1.0179	   1.5153	        1.5159	          0.0006	   1.5716	3.431e-03	   0.031	   289.840
 427	107	 5.0528	 1.0197	   1.5153	        1.5159	          0.0006	   1.7320	2.609e-03	   0.030	   290.470
 428	107	 5.0527	 1.0202	   1.5153	        1.5159	          0.0006	   1.6675	2.390e-03	   0.027	   291.095
 429	108	 5.0528	 1.0210	   1.5153	        1.5159	          0.0006	   1.6788	2.012e-03	   0.030	   291.695
 430	108	 5.0530	 1.0214	   1.5153	        1.5159	          0.0006	   1.6761	1.843e-03	   0.035	   292.323
 431	108	 5.0527	 1.0214	   1.5153	        1.5159	          0.0006	   1.6509	1.827e-03	   0.036	   292.939
 432	108	 5.0526	 1.0202	   1.5153	        1.5159	          0.0006	   1.5858	2.369e-03	   0.033	   293.555
 433	109	 5.0527	 1.0200	   1.5153	        1.5159	          0.0006	   1.6324	2.491e-03	   0.037	   294.161
 434	109	 5.0534	 1.0207	   1.5153	        1.5159	          0.0006	   1.7009	2.146e-03	   0.029	   294.750
 435	109	 5.0534	 1.0205	   1.5153	        1.5159	          0.0006	   1.6320	2.262e-03	   0.026	   295.342
 436	109	 5.0529	 1.0209	   1.5153	        1.5159	          0.0006	   1.6656	2.067e-03	   0.033	   295.927
 437	110	 5.0529	 1.0220	   1.5153	        1.5159	          0.0006	   1.7051	1.537e-03	   0.036	   296.569
 438	110	 5.0531	 1.0215	   1.5153	        1.5159	          0.0006	   1.6268	1.785e-03	   0.032	   297.196
 439	110	 5.0531	 1.0200	   1.5153	        1.5159	          0.0006	   1.5810	2.478e-03	   0.028	   297.784
 440	110	 5.0530	 1.0212	   1.5153	        1.5159	          0.0006	   1.7094	1.899e-03	   0.033	   298.361
 441	111	 5.0533	 1.0212	   1.5153	        1.5159	          0.0006	   1.6492	1.932e-03	   0.031	   298.934
 442	111	 5.0529	 1.0210	   1.5153	        1.5159	          0.0006	   1.6251	2.029e-03	   0.029	   299.503
 443	111	 5.0532	 1.0205	   1.5153	        1.5159	          0.0006	   1.6300	2.239e-03	   0.029	   300.080
 444	111	 5.0533	 1.0213	   1.5153	        1.5159	          0.0006	   1.6991	1.890e-03	   0.030	   300.659
 445	112	 5.0540	 1.0212	   1.5153	        1.5159	          0.0006	   1.6560	1.908e-03	   0.030	   301.231
 446	112	 5.0538	 1.0219	   1.5153	        1.5159	          0.0006	   1.6831	1.590e-03	   0.032	   301.808
 447	112	 5.0539	 1.0211	   1.5153	        1.5159	          0.0006	   1.6077	1.945e-03	   0.033	   302.384
 448	112	 5.0537	 1.0205	   1.5153	        1.5159	          0.0006	   1.6149	2.246e-03	   0.030	   302.972
 449	113	 5.0542	 1.0215	   1.5153	        1.5159	          0.0006	   1.6993	1.770e-03	   0.026	   303.563
 450	113	 5.0543	 1.0221	   1.5153	        1.5159	          0.0006	   1.6753	1.519e-03	   0.029	   304.177
 451	113	 5.0538	 1.0212	   1.5153	        1.5159	          0.0006	   1.6001	1.934e-03	   0.035	   304.814
 452	113	 5.0540	 1.0203	   1.5153	        1.5159	          0.0006	   1.6124	2.339e-03	   0.035	   305.455
 453	114	 5.0538	 1.0207	   1.5153	        1.5159	          0.0006	   1.6679	2.166e-03	   0.032	   306.050
 454	114	 5.0537	 1.0212	   1.5153	        1.5159	          0.0006	   1.6810	1.902e-03	   0.033	   306.625
 455	114	 5.0540	 1.0206	   1.5153	        1.5159	          0.0006	   1.6192	2.214e-03	   0.028	   307.200
 456	114	 5.0543	 1.0205	   1.5153	        1.5159	          0.0006	   1.6507	2.231e-03	   0.030	   307.771
 457	115	 5.0542	 1.0214	   1.5153	        1.5159	          0.0006	   1.6917	1.826e-03	   0.028	   308.343
 458	115	 5.0542	 1.0215	   1.5153	        1.5159	          0.0006	   1.6506	1.794e-03	   0.030	   308.920
 459	115	 5.0541	 1.0212	   1.5153	        1.5159	          0.0006	   1.6365	1.920e-03	   0.030	   309.497
 460	115	 5.0541	 1.0209	   1.5153	        1.5159	          0.0006	   1.6342	2.074e-03	   0.032	   310.073
 461	116	 5.0546	 1.0205	   1.5153	        1.5159	          0.0006	   1.6436	2.242e-03	   0.027	   310.625
 462	116	 5.0550	 1.0205	   1.5153	        1.5159	          0.0006	   1.6414	2.244e-03	   0.023	   311.188
 463	116	 5.0549	 1.0202	   1.5153	        1.5159	          0.0006	   1.6365	2.378e-03	   0.022	   311.744
 464	116	 5.0543	 1.0208	   1.5153	        1.5159	          0.0006	   1.6712	2.099e-03	   0.026	   312.216
 465	117	 5.0548	 1.0205	   1.5153	        1.5159	          0.0006	   1.6425	2.217e-03	   0.026	   312.719
 466	117	 5.0550	 1.0219	   1.5153	        1.5159	          0.0006	   1.7320	1.600e-03	   0.025	   313.198
 467	117	 5.0545	 1.0212	   1.5153	        1.5159	          0.0006	   1.5981	1.923e-03	   0.021	   313.643
 468	117	 5.0547	 1.0206	   1.5153	        1.5159	          0.0006	   1.6202	2.216e-03	   0.022	   314.093
 469	118	 5.0548	 1.0204	   1.5153	        1.5159	          0.0006	   1.6358	2.287e-03	   0.022	   314.539
 470	118	 5.0544	 1.0206	   1.5153	        1.5159	          0.0006	   1.6671	2.177e-03	   0.022	   314.990
 471	118	 5.0542	 1.0207	   1.5153	        1.5159	          0.0006	   1.6433	2.139e-03	   0.022	   315.437
 472	118	 5.0546	 1.0208	   1.5153	        1.5159	          0.0006	   1.6618	2.087e-03	   0.022	   315.887
 473	119	 5.0541	 1.0206	   1.5153	        1.5159	          0.0006	   1.6272	2.209e-03	   0.025	   316.338
 474	119	 5.0544	 1.0207	   1.5153	        1.5159	          0.0006	   1.6593	2.157e-03	   0.021	   316.784
 475	119	 5.0547	 1.0215	   1.5153	        1.5159	          0.0006	   1.7024	1.773e-03	   0.022	   317.233
 476	119	 5.0548	 1.0214	   1.5153	        1.5159	          0.0006	   1.6363	1.820e-03	   0.024	   317.692
 477	120	 5.0547	 1.0214	   1.5153	        1.5159	          0.0006	   1.6522	1.842e-03	   0.024	   318.176
 478	120	 5.0550	 1.0215	   1.5153	        1.5159	          0.0006	   1.6541	1.766e-03	   0.024	   318.670
 479	120	 5.0556	 1.0215	   1.5153	        1.5159	          0.0006	   1.6579	1.782e-03	   0.023	   319.188
 480	120	 5.0553	 1.0221	   1.5153	        1.5159	          0.0006	   1.6744	1.516e-03	   0.030	   319.685
 481	121	 5.0546	 1.0224	   1.5153	        1.5159	          0.0006	   1.6507	1.363e-03	   0.023	   320.170
 482	121	 5.0550	 1.0220	   1.5153	        1.5159	          0.0006	   1.6355	1.551e-03	   0.024	   320.660
 483	121	 5.0553	 1.0214	   1.5153	        1.5159	          0.0006	   1.6281	1.831e-03	   0.022	   321.110
 484	121	 5.0553	 1.0223	   1.5153	        1.5159	          0.0006	   1.7027	1.396e-03	   0.022	   321.561
 485	122	 5.0557	 1.0219	   1.5153	        1.5159	          0.0006	   1.6311	1.598e-03	   0.021	   322.008
 486	122	 5.0558	 1.0229	   1.5153	        1.5159	          0.0006	   1.7106	1.149e-03	   0.022	   322.458
 487	122	 5.0554	 1.0229	   1.5153	        1.5159	          0.0006	   1.6440	1.147e-03	   0.025	   322.909
 488	122	 5.0553	 1.0227	   1.5153	        1.5159	          0.0006	   1.6341	1.221e-03	   0.020	   323.354
 489	123	 5.0558	 1.0220	   1.5153	        1.5159	          0.0006	   1.6188	1.533e-03	   0.022	   323.804
 490	123	 5.0556	 1.0221	   1.5153	        1.5159	          0.0006	   1.6546	1.517e-03	   0.022	   324.250
 491	123	 5.0557	 1.0218	   1.5153	        1.5159	          0.0006	   1.6302	1.650e-03	   0.026	   324.741
 492	123	 5.0555	 1.0218	   1.5153	        1.5159	          0.0006	   1.6430	1.657e-03	   0.024	   325.237
 493	124	 5.0554	 1.0210	   1.5153	        1.5159	          0.0006	   1.6071	2.003e-03	   0.024	   325.719
 494	124	 5.0557	 1.0216	   1.5153	        1.5159	          0.0006	   1.6852	1.730e-03	   0.025	   326.210
 495	124	 5.0554	 1.0215	   1.5153	        1.5159	          0.0006	   1.6361	1.790e-03	   0.020	   326.655
 496	124	 5.0558	 1.0217	   1.5153	        1.5159	          0.0006	   1.6764	1.668e-03	   0.022	   327.105
 497	125	 5.0558	 1.0227	   1.5153	        1.5159	          0.0006	   1.6973	1.249e-03	   0.022	   327.551
 498	125	 5.0565	 1.0221	   1.5153	        1.5159	          0.0006	   1.6305	1.493e-03	   0.022	   328.002
 499	125	 5.0564	 1.0209	   1.5153	        1.5159	          0.0006	   1.5843	2.049e-03	   0.022	   328.449
 500	125	 5.0562	 1.0216	   1.5153	        1.5159	          0.0006	   1.6882	1.731e-03	   0.022	   328.899
 501	126	 5.0564	 1.0221	   1.5153	        1.5159	          0.0006	   1.6878	1.491e-03	   0.025	   329.350
 502	126	 5.0563	 1.0230	   1.5153	        1.5159	          0.0006	   1.6971	1.088e-03	   0.021	   329.795
 503	126	 5.0565	 1.0226	   1.5153	        1.5159	          0.0006	   1.6348	1.275e-03	   0.022	   330.244
 504	126	 5.0565	 1.0216	   1.5153	        1.5159	          0.0006	   1.5867	1.744e-03	   0.024	   330.695
 505	127	 5.0568	 1.0227	   1.5153	        1.5159	          0.0006	   1.7227	1.209e-03	   0.022	   331.176
 506	127	 5.0565	 1.0209	   1.5153	        1.5159	          0.0006	   1.5400	2.050e-03	   0.023	   331.677
 507	127	 5.0566	 1.0218	   1.5153	        1.5159	          0.0006	   1.6867	1.654e-03	   0.023	   332.188
 508	127	 5.0564	 1.0217	   1.5153	        1.5159	          0.0006	   1.6477	1.701e-03	   0.028	   332.684
 509	128	 5.0564	 1.0221	   1.5153	        1.5159	          0.0006	   1.6671	1.513e-03	   0.020	   333.154
 510	128	 5.0562	 1.0217	   1.5153	        1.5159	          0.0006	   1.6322	1.695e-03	   0.022	   333.604
 511	128	 5.0566	 1.0216	   1.5153	        1.5159	          0.0006	   1.6375	1.736e-03	   0.022	   334.051
 512	128	 5.0564	 1.0218	   1.5153	        1.5159	          0.0006	   1.6669	1.621e-03	   0.022	   334.501
 513	129	 5.0564	 1.0211	   1.5153	        1.5159	          0.0006	   1.6078	1.940e-03	   0.022	   334.948
 514	129	 5.0563	 1.0217	   1.5153	        1.5159	          0.0006	   1.6806	1.696e-03	   0.022	   335.399
 515	129	 5.0562	 1.0222	   1.5153	        1.5159	          0.0006	   1.6666	1.471e-03	   0.025	   335.850
 516	129	 5.0562	 1.0215	   1.5153	        1.5159	          0.0006	   1.6193	1.763e-03	   0.021	   336.295
 517	130	 5.0566	 1.0216	   1.5153	        1.5159	          0.0006	   1.6601	1.718e-03	   0.022	   336.744
 518	130	 5.0564	 1.0223	   1.5153	        1.5159	          0.0006	   1.6859	1.397e-03	   0.022	   337.191
 519	130	 5.0562	 1.0219	   1.5153	        1.5159	          0.0006	   1.6271	1.593e-03	   0.026	   337.675
 520	130	 5.0566	 1.0215	   1.5153	        1.5159	          0.0006	   1.6309	1.788e-03	   0.024	   338.160
 521	131	 5.0566	 1.0218	   1.5153	        1.5159	          0.0006	   1.6652	1.634e-03	   0.022	   338.622
 522	131	 5.0571	 1.0220	   1.5153	        1.5159	          0.0006	   1.6663	1.570e-03	   0.025	   339.118
 523	131	 5.0568	 1.0220	   1.5153	        1.5159	          0.0006	   1.6517	1.565e-03	   0.021	   339.563
 524	131	 5.0569	 1.0215	   1.5153	        1.5159	          0.0006	   1.6234	1.755e-03	   0.022	   340.012
 525	132	 5.0571	 1.0217	   1.5153	        1.5159	          0.0006	   1.6575	1.705e-03	   0.022	   340.459
 526	132	 5.0566	 1.0207	   1.5153	        1.5159	          0.0006	   1.5766	2.151e-03	   0.022	   340.910
 527	132	 5.0568	 1.0210	   1.5153	        1.5159	          0.0006	   1.6672	1.998e-03	   0.022	   341.357
 528	132	 5.0570	 1.0218	   1.5153	        1.5159	          0.0006	   1.7094	1.623e-03	   0.022	   341.807
 529	133	 5.0567	 1.0215	   1.5153	        1.5159	          0.0006	   1.6307	1.763e-03	   0.025	   342.258
 530	133	 5.0568	 1.0207	   1.5153	        1.5159	          0.0006	   1.5980	2.130e-03	   0.022	   342.705
 531	133	 5.0567	 1.0204	   1.5153	        1.5159	          0.0006	   1.6351	2.271e-03	   0.024	   343.195
 532	133	 5.0573	 1.0213	   1.5153	        1.5159	          0.0006	   1.7091	1.879e-03	   0.024	   343.683
 533	134	 5.0575	 1.0222	   1.5153	        1.5159	          0.0006	   1.7094	1.475e-03	   0.024	   344.203
 534	134	 5.0582	 1.0222	   1.5153	        1.5159	          0.0006	   1.6582	1.466e-03	   0.027	   344.741
 535	134	 5.0576	 1.0216	   1.5153	        1.5159	          0.0006	   1.6101	1.747e-03	   0.028	   345.284
 536	134	 5.0575	 1.0215	   1.5153	        1.5159	          0.0006	   1.6347	1.794e-03	   0.026	   345.812
 537	135	 5.0579	 1.0210	   1.5153	        1.5159	          0.0006	   1.6240	2.025e-03	   0.023	   346.334
 538	135	 5.0579	 1.0207	   1.5153	        1.5159	          0.0006	   1.6355	2.153e-03	   0.024	   346.824
 539	135	 5.0579	 1.0217	   1.5153	        1.5159	          0.0006	   1.7173	1.668e-03	   0.024	   347.312
 540	135	 5.0577	 1.0214	   1.5153	        1.5159	          0.0006	   1.6276	1.827e-03	   0.022	   347.786
 541	136	 5.0572	 1.0210	   1.5153	        1.5159	          0.0006	   1.6221	2.017e-03	   0.022	   348.233
 542	136	 5.0575	 1.0207	   1.5153	        1.5159	          0.0006	   1.6374	2.130e-03	   0.022	   348.683
 543	136	 5.0573	 1.0209	   1.5153	        1.5159	          0.0006	   1.6491	2.069e-03	   0.025	   349.134
 544	136	 5.0575	 1.0216	   1.5153	        1.5159	          0.0006	   1.6993	1.729e-03	   0.021	   349.579
 545	137	 5.0578	 1.0212	   1.5153	        1.5159	          0.0006	   1.6323	1.901e-03	   0.022	   350.029
 546	137	 5.0577	 1.0214	   1.5153	        1.5159	          0.0006	   1.6489	1.827e-03	   0.022	   350.508
 547	137	 5.0576	 1.0208	   1.5153	        1.5159	          0.0006	   1.6130	2.108e-03	   0.024	   350.987
 548	137	 5.0574	 1.0215	   1.5153	        1.5159	          0.0006	   1.6927	1.771e-03	   0.024	   351.469
 549	138	 5.0572	 1.0215	   1.5153	        1.5159	          0.0006	   1.6384	1.781e-03	   0.022	   351.940
 550	138	 5.0571	 1.0215	   1.5153	        1.5159	          0.0006	   1.6549	1.759e-03	   0.028	   352.432
 551	138	 5.0570	 1.0214	   1.5153	        1.5159	          0.0006	   1.6398	1.818e-03	   0.021	   352.880
 552	138	 5.0572	 1.0218	   1.5153	        1.5159	          0.0006	   1.6804	1.648e-03	   0.022	   353.330
 553	139	 5.0574	 1.0204	   1.5153	        1.5159	          0.0006	   1.5626	2.305e-03	   0.022	   353.777
 554	139	 5.0572	 1.0208	   1.5153	        1.5159	          0.0006	   1.6651	2.121e-03	   0.022	   354.227
 555	139	 5.0570	 1.0210	   1.5153	        1.5159	          0.0006	   1.6714	1.998e-03	   0.022	   354.674
 556	139	 5.0568	 1.0217	   1.5153	        1.5159	          0.0006	   1.6846	1.679e-03	   0.022	   355.125
 557	140	 5.0565	 1.0223	   1.5153	        1.5159	          0.0006	   1.6756	1.400e-03	   0.025	   355.576
 558	140	 5.0566	 1.0224	   1.5153	        1.5159	          0.0006	   1.6643	1.344e-03	   0.021	   356.021
 559	140	 5.0568	 1.0228	   1.5153	        1.5159	          0.0006	   1.6805	1.191e-03	   0.022	   356.470
 560	140	 5.0570	 1.0218	   1.5153	        1.5159	          0.0006	   1.5865	1.652e-03	   0.022	   356.917
 561	141	 5.0565	 1.0218	   1.5153	        1.5159	          0.0006	   1.6379	1.621e-03	   0.022	   357.390
 562	141	 5.0567	 1.0221	   1.5153	        1.5159	          0.0006	   1.6740	1.492e-03	   0.024	   357.881
 563	141	 5.0565	 1.0221	   1.5153	        1.5159	          0.0006	   1.6407	1.489e-03	   0.026	   358.371
 564	141	 5.0569	 1.0223	   1.5153	        1.5159	          0.0006	   1.6725	1.423e-03	   0.024	   358.856
 565	142	 5.0570	 1.0215	   1.5153	        1.5159	          0.0006	   1.6028	1.790e-03	   0.021	   359.326
 566	142	 5.0571	 1.0211	   1.5153	        1.5159	          0.0006	   1.6295	1.944e-03	   0.022	   359.743
 567	142	 5.0575	 1.0213	   1.5153	        1.5159	          0.0006	   1.6619	1.860e-03	   0.021	   360.159
 568	142	 5.0575	 1.0215	   1.5153	        1.5159	          0.0006	   1.6634	1.795e-03	   0.022	   360.581
 569	143	 5.0577	 1.0224	   1.5153	        1.5159	          0.0006	   1.7206	1.341e-03	   0.021	   360.996
 570	143	 5.0576	 1.0224	   1.5153	        1.5159	          0.0006	   1.6411	1.372e-03	   0.022	   361.416
 571	143	 5.0576	 1.0219	   1.5153	        1.5159	          0.0006	   1.6189	1.580e-03	   0.025	   361.834
 572	143	 5.0578	 1.0219	   1.5153	        1.5159	          0.0006	   1.6523	1.580e-03	   0.022	   362.252
 573	144	 5.0581	 1.0213	   1.5153	        1.5159	          0.0006	   1.6204	1.864e-03	   0.021	   362.669
 574	144	 5.0581	 1.0210	   1.5153	        1.5159	          0.0006	   1.6301	1.996e-03	   0.023	   363.121
 575	144	 5.0583	 1.0213	   1.5153	        1.5159	          0.0006	   1.6588	1.867e-03	   0.022	   363.546
 576	144	 5.0581	 1.0218	   1.5153	        1.5159	          0.0006	   1.6794	1.645e-03	   0.021	   363.983
 577	145	 5.0578	 1.0222	   1.5153	        1.5159	          0.0006	   1.6685	1.468e-03	   0.022	   364.425
 578	145	 5.0575	 1.0219	   1.5153	        1.5159	          0.0006	   1.6254	1.594e-03	   0.029	   364.875
 579	145	 5.0574	 1.0210	   1.5153	        1.5159	          0.0006	   1.5857	2.017e-03	   0.022	   365.306
 580	145	 5.0579	 1.0219	   1.5153	        1.5159	          0.0006	   1.7262	1.587e-03	   0.022	   365.723
 581	146	 5.0583	 1.0212	   1.5153	        1.5159	          0.0006	   1.6034	1.930e-03	   0.021	   366.140
 582	146	 5.0578	 1.0217	   1.5153	        1.5159	          0.0006	   1.6772	1.699e-03	   0.022	   366.561
 583	146	 5.0581	 1.0207	   1.5153	        1.5159	          0.0006	   1.5979	2.135e-03	   0.021	   366.976
 584	146	 5.0583	 1.0213	   1.5153	        1.5159	          0.0006	   1.6876	1.863e-03	   0.022	   367.396
 585	147	 5.0581	 1.0214	   1.5153	        1.5159	          0.0006	   1.6478	1.824e-03	   0.025	   367.815
 586	147	 5.0581	 1.0224	   1.5153	        1.5159	          0.0006	   1.7145	1.346e-03	   0.022	   368.232
 587	147	 5.0581	 1.0219	   1.5153	        1.5159	          0.0006	   1.6169	1.606e-03	   0.022	   368.649
 588	147	 5.0586	 1.0214	   1.5153	        1.5159	          0.0006	   1.6256	1.829e-03	   0.024	   369.080
 589	148	 5.0584	 1.0224	   1.5153	        1.5159	          0.0006	   1.7117	1.365e-03	   0.025	   369.559
 590	148	 5.0583	 1.0223	   1.5153	        1.5159	          0.0006	   1.6434	1.419e-03	   0.023	   370.031
 591	148	 5.0585	 1.0220	   1.5153	        1.5159	          0.0006	   1.6430	1.536e-03	   0.024	   370.491
 592	148	 5.0587	 1.0220	   1.5153	        1.5159	          0.0006	   1.6476	1.546e-03	   0.026	   370.983
 593	149	 5.0585	 1.0215	   1.5153	        1.5159	          0.0006	   1.6108	1.755e-03	   0.024	   371.445
 594	149	 5.0591	 1.0217	   1.5153	        1.5159	          0.0006	   1.6728	1.690e-03	   0.022	   371.865
 595	149	 5.0588	 1.0216	   1.5153	        1.5159	          0.0006	   1.6398	1.719e-03	   0.021	   372.281
 596	149	 5.0590	 1.0215	   1.5153	        1.5159	          0.0006	   1.6499	1.795e-03	   0.022	   372.703
 597	150	 5.0592	 1.0215	   1.5153	        1.5159	          0.0006	   1.6626	1.760e-03	   0.021	   373.118
 598	150	 5.0592	 1.0212	   1.5153	        1.5159	          0.0006	   1.6174	1.914e-03	   0.021	   373.538
 599	150	 5.0592	 1.0218	   1.5153	        1.5159	          0.0006	   1.6977	1.641e-03	   0.025	   373.957
 600	150	 5.0593	 1.0220	   1.5153	        1.5159	          0.0006	   1.6589	1.536e-03	   0.024	   374.386
 601	151	 5.0597	 1.0211	   1.5153	        1.5159	          0.0006	   1.5940	1.963e-03	   0.022	   374.836
 602	151	 5.0597	 1.0216	   1.5153	        1.5159	          0.0006	   1.6837	1.723e-03	   0.023	   375.276
 603	151	 5.0600	 1.0209	   1.5153	        1.5159	          0.0006	   1.6065	2.066e-03	   0.022	   375.700
 604	151	 5.0597	 1.0212	   1.5153	        1.5159	          0.0006	   1.6656	1.937e-03	   0.021	   376.137
 605	152	 5.0604	 1.0214	   1.5153	        1.5159	          0.0006	   1.6839	1.817e-03	   0.021	   376.580
 606	152	 5.0601	 1.0213	   1.5153	        1.5159	          0.0006	   1.6355	1.865e-03	   0.029	   377.015
 607	152	 5.0601	 1.0218	   1.5153	        1.5159	          0.0006	   1.6778	1.644e-03	   0.022	   377.461
 608	152	 5.0597	 1.0211	   1.5153	        1.5159	          0.0006	   1.5934	1.984e-03	   0.022	   377.878
 609	153	 5.0593	 1.0213	   1.5153	        1.5159	          0.0006	   1.6700	1.847e-03	   0.021	   378.294
 610	153	 5.0591	 1.0209	   1.5153	        1.5159	          0.0006	   1.6160	2.051e-03	   0.022	   378.716
 611	153	 5.0594	 1.0209	   1.5153	        1.5159	          0.0006	   1.6506	2.069e-03	   0.021	   379.130
 612	153	 5.0597	 1.0213	   1.5153	        1.5159	          0.0006	   1.6765	1.873e-03	   0.022	   379.550
 613	154	 5.0598	 1.0206	   1.5153	        1.5159	          0.0006	   1.6003	2.214e-03	   0.025	   379.969
 614	154	 5.0596	 1.0199	   1.5153	        1.5159	          0.0006	   1.5970	2.502e-03	   0.022	   380.386
 615	154	 5.0595	 1.0210	   1.5153	        1.5159	          0.0006	   1.7194	2.003e-03	   0.022	   380.804
 616	154	 5.0598	 1.0205	   1.5153	        1.5159	          0.0006	   1.6251	2.229e-03	   0.021	   381.220
 617	155	 5.0601	 1.0203	   1.5153	        1.5159	          0.0006	   1.6386	2.340e-03	   0.024	   381.654
 618	155	 5.0596	 1.0199	   1.5153	        1.5159	          0.0006	   1.6136	2.513e-03	   0.023	   382.110
 619	155	 5.0594	 1.0204	   1.5153	        1.5159	          0.0006	   1.6729	2.302e-03	   0.021	   382.571
 620	155	 5.0598	 1.0203	   1.5153	        1.5159	          0.0006	   1.6611	2.328e-03	   0.026	   383.055
 621	156	 5.0597	 1.0200	   1.5153	        1.5159	          0.0006	   1.6299	2.480e-03	   0.026	   383.518
 622	156	 5.0598	 1.0196	   1.5153	        1.5159	          0.0006	   1.6206	2.658e-03	   0.022	   383.949
 623	156	 5.0601	 1.0203	   1.5153	        1.5159	          0.0006	   1.7111	2.317e-03	   0.021	   384.365
 624	156	 5.0598	 1.0211	   1.5153	        1.5159	          0.0006	   1.6935	1.944e-03	   0.022	   384.786
 625	157	 5.0593	 1.0208	   1.5153	        1.5159	          0.0006	   1.6136	2.107e-03	   0.021	   385.201
 626	157	 5.0593	 1.0213	   1.5153	        1.5159	          0.0006	   1.6873	1.860e-03	   0.021	   385.621
 627	157	 5.0595	 1.0216	   1.5153	        1.5159	          0.0006	   1.6668	1.748e-03	   0.025	   386.040
 628	157	 5.0598	 1.0216	   1.5153	        1.5159	          0.0006	   1.6682	1.710e-03	   0.024	   386.470
 629	158	 5.0596	 1.0217	   1.5153	        1.5159	          0.0006	   1.6596	1.682e-03	   0.022	   386.914
 630	158	 5.0598	 1.0214	   1.5153	        1.5159	          0.0006	   1.6236	1.821e-03	   0.021	   387.330
 631	158	 5.0598	 1.0207	   1.5153	        1.5159	          0.0006	   1.6003	2.132e-03	   0.022	   387.751
 632	158	 5.0601	 1.0216	   1.5153	        1.5159	          0.0006	   1.7146	1.752e-03	   0.023	   388.185
 633	159	 5.0600	 1.0213	   1.5153	        1.5159	          0.0006	   1.6311	1.876e-03	   0.022	   388.630
 634	159	 5.0600	 1.0211	   1.5153	        1.5159	          0.0006	   1.6334	1.947e-03	   0.027	   389.053
 635	159	 5.0601	 1.0208	   1.5153	        1.5159	          0.0006	   1.6325	2.080e-03	   0.022	   389.511
 636	159	 5.0602	 1.0210	   1.5153	        1.5159	          0.0006	   1.6600	2.015e-03	   0.024	   389.941
 637	160	 5.0606	 1.0212	   1.5153	        1.5159	          0.0006	   1.6684	1.932e-03	   0.023	   390.398
 638	160	 5.0602	 1.0213	   1.5153	        1.5159	          0.0006	   1.6475	1.872e-03	   0.024	   390.861
 639	160	 5.0606	 1.0206	   1.5153	        1.5159	          0.0006	   1.6096	2.200e-03	   0.023	   391.313
 640	160	 5.0608	 1.0207	   1.5153	        1.5159	          0.0006	   1.6638	2.151e-03	   0.022	   391.755
 641	161	 5.0608	 1.0202	   1.5153	        1.5159	          0.0006	   1.6189	2.397e-03	   0.027	   392.205
 642	161	 5.0615	 1.0204	   1.5153	        1.5159	          0.0006	   1.6877	2.289e-03	   0.024	   392.663
 643	161	 5.0612	 1.0196	   1.5153	        1.5159	          0.0006	   1.5764	2.650e-03	   0.025	   393.149
 644	161	 5.0611	 1.0202	   1.5153	        1.5159	          0.0006	   1.6889	2.362e-03	   0.023	   393.622
 645	162	 5.0611	 1.0208	   1.5153	        1.5159	          0.0006	   1.6858	2.100e-03	   0.027	   394.089
 646	162	 5.0614	 1.0201	   1.5153	        1.5159	          0.0006	   1.6051	2.430e-03	   0.026	   394.574
 647	162	 5.0618	 1.0211	   1.5153	        1.5159	          0.0006	   1.7331	1.963e-03	   0.022	   395.061
 648	162	 5.0612	 1.0204	   1.5153	        1.5159	          0.0006	   1.5831	2.276e-03	   0.025	   395.535
 649	163	 5.0610	 1.0202	   1.5153	        1.5159	          0.0006	   1.6319	2.361e-03	   0.024	   395.997
 650	163	 5.0610	 1.0208	   1.5153	        1.5159	          0.0006	   1.6862	2.116e-03	   0.022	   396.440
 651	163	 5.0613	 1.0215	   1.5153	        1.5159	          0.0006	   1.7084	1.792e-03	   0.021	   396.856
 652	163	 5.0613	 1.0206	   1.5153	        1.5159	          0.0006	   1.5820	2.197e-03	   0.022	   397.277
 653	164	 5.0613	 1.0202	   1.5153	        1.5159	          0.0006	   1.6204	2.374e-03	   0.021	   397.692
 654	164	 5.0613	 1.0195	   1.5153	        1.5159	          0.0006	   1.6045	2.697e-03	   0.022	   398.112
 655	164	 5.0616	 1.0209	   1.5153	        1.5159	          0.0006	   1.7691	2.033e-03	   0.027	   398.559
 656	164	 5.0613	 1.0203	   1.5153	        1.5159	          0.0006	   1.5859	2.328e-03	   0.022	   399.004
 657	165	 5.0616	 1.0209	   1.5153	        1.5159	          0.0006	   1.6885	2.077e-03	   0.022	   399.436
 658	165	 5.0613	 1.0209	   1.5153	        1.5159	          0.0006	   1.6439	2.074e-03	   0.021	   399.853
 659	165	 5.0613	 1.0202	   1.5153	        1.5159	          0.0006	   1.5942	2.399e-03	   0.022	   400.274
 660	165	 5.0611	 1.0205	   1.5153	        1.5159	          0.0006	   1.6702	2.262e-03	   0.023	   400.701
 661	166	 5.0610	 1.0211	   1.5153	        1.5159	          0.0006	   1.6940	1.956e-03	   0.024	   401.150
 662	166	 5.0613	 1.0203	   1.5153	        1.5159	          0.0006	   1.5994	2.309e-03	   0.025	   401.572
 663	166	 5.0617	 1.0211	   1.5153	        1.5159	          0.0006	   1.7222	1.961e-03	   0.022	   402.034
 664	166	 5.0613	 1.0203	   1.5153	        1.5159	          0.0006	   1.5759	2.324e-03	   0.022	   402.452
 665	167	 5.0612	 1.0193	   1.5153	        1.5159	          0.0006	   1.5741	2.790e-03	   0.021	   402.868
 666	167	 5.0612	 1.0199	   1.5153	        1.5159	          0.0006	   1.6852	2.500e-03	   0.022	   403.289
 667	167	 5.0612	 1.0211	   1.5153	        1.5159	          0.0006	   1.7455	1.955e-03	   0.021	   403.704
 668	167	 5.0613	 1.0209	   1.5153	        1.5159	          0.0006	   1.6294	2.067e-03	   0.022	   404.124
 669	168	 5.0613	 1.0211	   1.5153	        1.5159	          0.0006	   1.6610	1.984e-03	   0.025	   404.543
 670	168	 5.0611	 1.0202	   1.5153	        1.5159	          0.0006	   1.5843	2.366e-03	   0.022	   404.960
 671	168	 5.0617	 1.0210	   1.5153	        1.5159	          0.0006	   1.7253	2.006e-03	   0.022	   405.377
 672	168	 5.0617	 1.0209	   1.5153	        1.5159	          0.0006	   1.6378	2.056e-03	   0.021	   405.793
 673	169	 5.0619	 1.0206	   1.5153	        1.5159	          0.0006	   1.6198	2.213e-03	   0.022	   406.215
 674	169	 5.0618	 1.0212	   1.5153	        1.5159	          0.0006	   1.6990	1.938e-03	   0.024	   406.662
 675	169	 5.0618	 1.0207	   1.5153	        1.5159	          0.0006	   1.6164	2.135e-03	   0.026	   407.137
 676	169	 5.0617	 1.0207	   1.5153	        1.5159	          0.0006	   1.6453	2.132e-03	   0.027	   407.607
 677	170	 5.0616	 1.0207	   1.5153	        1.5159	          0.0006	   1.6460	2.126e-03	   0.022	   408.075
 678	170	 5.0616	 1.0210	   1.5153	        1.5159	          0.0006	   1.6744	2.006e-03	   0.022	   408.522
 679	170	 5.0619	 1.0216	   1.5153	        1.5159	          0.0006	   1.6968	1.730e-03	   0.021	   408.939
 680	170	 5.0617	 1.0208	   1.5153	        1.5159	          0.0006	   1.5841	2.093e-03	   0.023	   409.360
 681	171	 5.0619	 1.0214	   1.5153	        1.5159	          0.0006	   1.7057	1.814e-03	   0.021	   409.775
 682	171	 5.0615	 1.0209	   1.5153	        1.5159	          0.0006	   1.6040	2.041e-03	   0.022	   410.195
 683	171	 5.0613	 1.0213	   1.5153	        1.5159	          0.0006	   1.6672	1.891e-03	   0.027	   410.642
 684	171	 5.0614	 1.0207	   1.5153	        1.5159	          0.0006	   1.6109	2.132e-03	   0.022	   411.070
 685	172	 5.0616	 1.0207	   1.5153	        1.5159	          0.0006	   1.6582	2.125e-03	   0.022	   411.487
 686	172	 5.0616	 1.0205	   1.5153	        1.5159	          0.0006	   1.6300	2.228e-03	   0.021	   411.903
 687	172	 5.0621	 1.0204	   1.5153	        1.5159	          0.0006	   1.6516	2.309e-03	   0.022	   412.325
 688	172	 5.0616	 1.0204	   1.5153	        1.5159	          0.0006	   1.6316	2.304e-03	   0.023	   412.743
 689	173	 5.0619	 1.0211	   1.5153	        1.5159	          0.0006	   1.7150	1.957e-03	   0.024	   413.196
 690	173	 5.0620	 1.0202	   1.5153	        1.5159	          0.0006	   1.5810	2.375e-03	   0.025	   413.623
 691	173	 5.0618	 1.0196	   1.5153	        1.5159	          0.0006	   1.5959	2.647e-03	   0.024	   414.081
 692	173	 5.0618	 1.0201	   1.5153	        1.5159	          0.0006	   1.6883	2.413e-03	   0.022	   414.503
 693	174	 5.0618	 1.0201	   1.5153	        1.5159	          0.0006	   1.6477	2.428e-03	   0.021	   414.919
 694	174	 5.0617	 1.0205	   1.5153	        1.5159	          0.0006	   1.6841	2.236e-03	   0.022	   415.340
 695	174	 5.0615	 1.0204	   1.5153	        1.5159	          0.0006	   1.6335	2.284e-03	   0.024	   415.758
 696	174	 5.0616	 1.0201	   1.5153	        1.5159	          0.0006	   1.6253	2.433e-03	   0.024	   416.219
 697	175	 5.0616	 1.0195	   1.5153	        1.5159	          0.0006	   1.6074	2.703e-03	   0.025	   416.665
 698	175	 5.0618	 1.0198	   1.5153	        1.5159	          0.0006	   1.6753	2.584e-03	   0.022	   417.082
 699	175	 5.0617	 1.0192	   1.5153	        1.5159	          0.0006	   1.5899	2.846e-03	   0.022	   417.499
 700	175	 5.0615	 1.0191	   1.5153	        1.5159	          0.0006	   1.6357	2.883e-03	   0.021	   417.916
 701	176	 5.0616	 1.0199	   1.5153	        1.5159	          0.0006	   1.7137	2.535e-03	   0.022	   418.337
 702	176	 5.0615	 1.0195	   1.5153	        1.5159	          0.0006	   1.6132	2.694e-03	   0.021	   418.774
 703	176	 5.0617	 1.0191	   1.5153	        1.5159	          0.0006	   1.6192	2.908e-03	   0.025	   419.250
 704	176	 5.0616	 1.0193	   1.5153	        1.5159	          0.0006	   1.6658	2.806e-03	   0.029	   419.717
 705	177	 5.0615	 1.0190	   1.5153	        1.5159	          0.0006	   1.6218	2.949e-03	   0.022	   420.191
 706	177	 5.0615	 1.0193	   1.5153	        1.5159	          0.0006	   1.6762	2.790e-03	   0.022	   420.645
 707	177	 5.0616	 1.0193	   1.5153	        1.5159	          0.0006	   1.6505	2.779e-03	   0.021	   421.061
 708	177	 5.0617	 1.0195	   1.5153	        1.5159	          0.0006	   1.6655	2.709e-03	   0.022	   421.482
 709	178	 5.0621	 1.0195	   1.5153	        1.5159	          0.0006	   1.6514	2.703e-03	   0.023	   421.901
 710	178	 5.0621	 1.0194	   1.5153	        1.5159	          0.0006	   1.6394	2.758e-03	   0.024	   422.358
 711	178	 5.0622	 1.0197	   1.5153	        1.5159	          0.0006	   1.6746	2.624e-03	   0.026	   422.798
 712	178	 5.0620	 1.0195	   1.5153	        1.5159	          0.0006	   1.6322	2.715e-03	   0.022	   423.224
 713	179	 5.0624	 1.0192	   1.5153	        1.5159	          0.0006	   1.6382	2.840e-03	   0.022	   423.642
 714	179	 5.0626	 1.0191	   1.5153	        1.5159	          0.0006	   1.6413	2.912e-03	   0.021	   424.058
 715	179	 5.0620	 1.0194	   1.5153	        1.5159	          0.0006	   1.6632	2.741e-03	   0.022	   424.479
 716	179	 5.0622	 1.0194	   1.5153	        1.5159	          0.0006	   1.6498	2.742e-03	   0.021	   424.894
 717	180	 5.0622	 1.0194	   1.5153	        1.5159	          0.0006	   1.6379	2.768e-03	   0.024	   425.347
 718	180	 5.0622	 1.0187	   1.5153	        1.5159	          0.0006	   1.6086	3.073e-03	   0.025	   425.777
 719	180	 5.0621	 1.0188	   1.5153	        1.5159	          0.0006	   1.6479	3.051e-03	   0.026	   426.226
 720	180	 5.0620	 1.0198	   1.5153	        1.5159	          0.0006	   1.7193	2.576e-03	   0.022	   426.657
 721	181	 5.0626	 1.0199	   1.5153	        1.5159	          0.0006	   1.6764	2.521e-03	   0.021	   427.073
 722	181	 5.0624	 1.0201	   1.5153	        1.5159	          0.0006	   1.6614	2.422e-03	   0.022	   427.495
 723	181	 5.0623	 1.0193	   1.5153	        1.5159	          0.0006	   1.5810	2.806e-03	   0.021	   427.909
 724	181	 5.0624	 1.0196	   1.5153	        1.5159	          0.0006	   1.6721	2.657e-03	   0.022	   428.329
 725	182	 5.0626	 1.0203	   1.5153	        1.5159	          0.0006	   1.7101	2.341e-03	   0.025	   428.748
 726	182	 5.0627	 1.0202	   1.5153	        1.5159	          0.0006	   1.6360	2.386e-03	   0.022	   429.165
 727	182	 5.0627	 1.0197	   1.5153	        1.5159	          0.0006	   1.6107	2.612e-03	   0.022	   429.583
 728	182	 5.0629	 1.0196	   1.5153	        1.5159	          0.0006	   1.6449	2.675e-03	   0.021	   429.999
 729	183	 5.0629	 1.0195	   1.5153	        1.5159	          0.0006	   1.6417	2.700e-03	   0.022	   430.421
 730	183	 5.0628	 1.0200	   1.5153	        1.5159	          0.0006	   1.6836	2.469e-03	   0.021	   430.852
 731	183	 5.0630	 1.0202	   1.5153	        1.5159	          0.0006	   1.6724	2.386e-03	   0.024	   431.326
 732	183	 5.0630	 1.0202	   1.5153	        1.5159	          0.0006	   1.6517	2.377e-03	   0.029	   431.787
 733	184	 5.0631	 1.0205	   1.5153	        1.5159	          0.0006	   1.6711	2.255e-03	   0.022	   432.263
 734	184	 5.0631	 1.0210	   1.5153	        1.5159	          0.0006	   1.6969	2.008e-03	   0.024	   432.725
 735	184	 5.0629	 1.0208	   1.5153	        1.5159	          0.0006	   1.6223	2.116e-03	   0.021	   433.144
 736	184	 5.0627	 1.0202	   1.5153	        1.5159	          0.0006	   1.5955	2.394e-03	   0.023	   433.566
 737	185	 5.0626	 1.0199	   1.5153	        1.5159	          0.0006	   1.6204	2.512e-03	   0.023	   433.986
 738	185	 5.0627	 1.0205	   1.5153	        1.5159	          0.0006	   1.7120	2.229e-03	   0.022	   434.439
 739	185	 5.0629	 1.0206	   1.5153	        1.5159	          0.0006	   1.6607	2.174e-03	   0.025	   434.858
 740	185	 5.0629	 1.0203	   1.5153	        1.5159	          0.0006	   1.6174	2.332e-03	   0.022	   435.275
 741	186	 5.0630	 1.0201	   1.5153	        1.5159	          0.0006	   1.6344	2.442e-03	   0.022	   435.692
 742	186	 5.0630	 1.0206	   1.5153	        1.5159	          0.0006	   1.6887	2.189e-03	   0.021	   436.109
 743	186	 5.0631	 1.0207	   1.5153	        1.5159	          0.0006	   1.6563	2.148e-03	   0.025	   436.535
 744	186	 5.0629	 1.0204	   1.5153	        1.5159	          0.0006	   1.6266	2.266e-03	   0.023	   436.991
 745	187	 5.0626	 1.0203	   1.5153	        1.5159	          0.0006	   1.6295	2.326e-03	   0.026	   437.481
 746	187	 5.0625	 1.0205	   1.5153	        1.5159	          0.0006	   1.6621	2.246e-03	   0.027	   437.957
 747	187	 5.0627	 1.0206	   1.5153	        1.5159	          0.0006	   1.6575	2.210e-03	   0.026	   438.399
 748	187	 5.0628	 1.0207	   1.5153	        1.5159	          0.0006	   1.6670	2.152e-03	   0.024	   438.849
 749	188	 5.0629	 1.0195	   1.5153	        1.5159	          0.0006	   1.5600	2.692e-03	   0.024	   439.306
 750	188	 5.0628	 1.0199	   1.5153	        1.5159	          0.0006	   1.6647	2.535e-03	   0.027	   439.792
 751	188	 5.0632	 1.0200	   1.5153	        1.5159	          0.0006	   1.6734	2.475e-03	   0.025	   440.271
 752	188	 5.0629	 1.0205	   1.5153	        1.5159	          0.0006	   1.6834	2.259e-03	   0.024	   440.734
 753	189	 5.0627	 1.0206	   1.5153	        1.5159	          0.0006	   1.6502	2.197e-03	   0.025	   441.176
 754	189	 5.0627	 1.0207	   1.5153	        1.5159	          0.0006	   1.6547	2.160e-03	   0.022	   441.594
 755	189	 5.0628	 1.0206	   1.5153	        1.5159	          0.0006	   1.6440	2.192e-03	   0.022	   442.011
 756	189	 5.0629	 1.0205	   1.5153	        1.5159	          0.0006	   1.6473	2.239e-03	   0.021	   442.427
 757	190	 5.0629	 1.0199	   1.5153	        1.5159	          0.0006	   1.5950	2.522e-03	   0.022	   442.849
 758	190	 5.0632	 1.0204	   1.5153	        1.5159	          0.0006	   1.6945	2.279e-03	   0.023	   443.276
 759	190	 5.0629	 1.0200	   1.5153	        1.5159	          0.0006	   1.6102	2.471e-03	   0.023	   443.750
 760	190	 5.0629	 1.0208	   1.5153	        1.5159	          0.0006	   1.7240	2.091e-03	   0.027	   444.207
 761	191	 5.0634	 1.0207	   1.5153	        1.5159	          0.0006	   1.6495	2.164e-03	   0.023	   444.679
 762	191	 5.0632	 1.0199	   1.5153	        1.5159	          0.0006	   1.5733	2.504e-03	   0.026	   445.143
 763	191	 5.0629	 1.0203	   1.5153	        1.5159	          0.0006	   1.6819	2.311e-03	   0.021	   445.572
 764	191	 5.0635	 1.0200	   1.5153	        1.5159	          0.0006	   1.6305	2.477e-03	   0.025	   446.017
 765	192	 5.0637	 1.0200	   1.5153	        1.5159	          0.0006	   1.6631	2.457e-03	   0.023	   446.463
 766	192	 5.0640	 1.0206	   1.5153	        1.5159	          0.0006	   1.7017	2.204e-03	   0.022	   446.900
 767	192	 5.0641	 1.0204	   1.5153	        1.5159	          0.0006	   1.6368	2.278e-03	   0.025	   447.319
 768	192	 5.0639	 1.0202	   1.5153	        1.5159	          0.0006	   1.6266	2.367e-03	   0.022	   447.736
 769	193	 5.0635	 1.0199	   1.5153	        1.5159	          0.0006	   1.6082	2.514e-03	   0.022	   448.153
 770	193	 5.0635	 1.0200	   1.5153	        1.5159	          0.0006	   1.6467	2.485e-03	   0.021	   448.570
 771	193	 5.0640	 1.0200	   1.5153	        1.5159	          0.0006	   1.6668	2.480e-03	   0.023	   448.991
 772	193	 5.0640	 1.0202	   1.5153	        1.5159	          0.0006	   1.6756	2.371e-03	   0.021	   449.406
 773	194	 5.0641	 1.0203	   1.5153	        1.5159	          0.0006	   1.6573	2.342e-03	   0.026	   449.847
 774	194	 5.0641	 1.0203	   1.5153	        1.5159	          0.0006	   1.6495	2.342e-03	   0.025	   450.289
 775	194	 5.0641	 1.0205	   1.5153	        1.5159	          0.0006	   1.6697	2.241e-03	   0.024	   450.711
 776	194	 5.0639	 1.0208	   1.5153	        1.5159	          0.0006	   1.6652	2.119e-03	   0.022	   451.169
 777	195	 5.0638	 1.0203	   1.5153	        1.5159	          0.0006	   1.6006	2.339e-03	   0.021	   451.585
 778	195	 5.0638	 1.0208	   1.5153	        1.5159	          0.0006	   1.7004	2.104e-03	   0.022	   452.006
 779	195	 5.0641	 1.0208	   1.5153	        1.5159	          0.0006	   1.6602	2.084e-03	   0.021	   452.421
 780	195	 5.0642	 1.0210	   1.5153	        1.5159	          0.0006	   1.6649	1.999e-03	   0.022	   452.841
 781	196	 5.0642	 1.0214	   1.5153	        1.5159	          0.0006	   1.6816	1.846e-03	   0.025	   453.260
 782	196	 5.0644	 1.0217	   1.5153	        1.5159	          0.0006	   1.6850	1.668e-03	   0.022	   453.677
 783	196	 5.0643	 1.0217	   1.5153	        1.5159	          0.0006	   1.6408	1.702e-03	   0.022	   454.094
 784	196	 5.0644	 1.0207	   1.5153	        1.5159	          0.0006	   1.5692	2.147e-03	   0.022	   454.511
 785	197	 5.0642	 1.0206	   1.5153	        1.5159	          0.0006	   1.6276	2.177e-03	   0.022	   454.932
 786	197	 5.0645	 1.0206	   1.5153	        1.5159	          0.0006	   1.6568	2.188e-03	   0.023	   455.351
 787	197	 5.0647	 1.0209	   1.5153	        1.5159	          0.0006	   1.6898	2.031e-03	   0.022	   455.822
 788	197	 5.0646	 1.0208	   1.5153	        1.5159	          0.0006	   1.6382	2.080e-03	   0.027	   456.284
 789	198	 5.0647	 1.0206	   1.5153	        1.5159	          0.0006	   1.6343	2.180e-03	   0.022	   456.751
 790	198	 5.0645	 1.0201	   1.5153	        1.5159	          0.0006	   1.5974	2.424e-03	   0.024	   457.214
 791	198	 5.0644	 1.0209	   1.5153	        1.5159	          0.0006	   1.7119	2.075e-03	   0.021	   457.655
 792	198	 5.0646	 1.0207	   1.5153	        1.5159	          0.0006	   1.6395	2.138e-03	   0.024	   458.101
 793	199	 5.0645	 1.0202	   1.5153	        1.5159	          0.0006	   1.5964	2.389e-03	   0.021	   458.529
 794	199	 5.0643	 1.0210	   1.5153	        1.5159	          0.0006	   1.7153	1.997e-03	   0.022	   458.949
 795	199	 5.0646	 1.0206	   1.5153	        1.5159	          0.0006	   1.6205	2.198e-03	   0.025	   459.368
 796	199	 5.0647	 1.0204	   1.5153	        1.5159	          0.0006	   1.6394	2.278e-03	   0.022	   459.786
 797	200	 5.0650	 1.0205	   1.5153	        1.5159	          0.0006	   1.6734	2.224e-03	   0.019	   460.190
 798	200	 5.0650	 1.0198	   1.5153	        1.5159	          0.0006	   1.5888	2.562e-03	   0.016	   460.592
 799	200	 5.0648	 1.0202	   1.5153	        1.5159	          0.0006	   1.6752	2.379e-03	   0.018	   460.981
 800	200	 5.0648	 1.0200	   1.5153	        1.5159	          0.0006	   1.6259	2.452e-03	   0.015	   461.350

[BSGD] Finished on device cuda -> σ_f² ≈ 5.0648, σ_ε² ≈ 1.0200
