[GPU 1][JOB 98] 'python cli.py bsgd --n 1024 --lengthscale 0.5 --sigma-f2-true 4.0 --sigma-eps2-true 1.0 --n-epochs 200 --device auto --kernel-mode finite --theta-min 1e-4 --theta-max 20.0 --print-every 1 --seed 7 --batch-size 256 --sigma-f2-init 5.0 --sigma-eps2-init 3.0 --alpha1 9.0 '

=== BSGD (biased SGD on exact kernel) ===
iter	epoch	σ_f²	σ_ε²	real_nlml	real_nlml_true	real_nlml_abs_err	mini_nlml	||grad||	duration_s	wall_time_s
   1	 1	 4.3051	 2.0929	   1.5990	        1.5011	          0.0979	   1.6812	1.173e-01	   0.141	     0.265
   2	 1	 4.1010	 1.5712	   1.5390	        1.5011	          0.0380	   1.6196	1.063e-01	   0.040	     1.183
   3	 1	 3.9908	 1.3349	   1.5161	        1.5011	          0.0150	   1.6576	8.330e-02	   0.035	     1.852
   4	 1	 3.8906	 1.2085	   1.5069	        1.5011	          0.0058	   1.6462	5.994e-02	   0.044	     2.554
   5	 2	 3.8488	 1.0997	   1.5019	        1.5011	          0.0008	   1.6035	2.904e-02	   0.038	     3.271
   6	 2	 3.8147	 1.0333	   1.5008	        1.5011	          0.0003	   1.5927	3.077e-03	   0.037	     3.979
   7	 2	 3.7572	 1.0863	   1.5014	        1.5011	          0.0004	   1.6534	2.431e-02	   0.043	     4.692
   8	 2	 3.7327	 1.0338	   1.5007	        1.5011	          0.0004	   1.5810	3.240e-03	   0.045	     5.402
   9	 3	 3.6947	 1.0592	   1.5009	        1.5011	          0.0002	   1.6354	1.391e-02	   0.041	     6.112
  10	 3	 3.6720	 1.0311	   1.5006	        1.5011	          0.0005	   1.5863	2.075e-03	   0.039	     6.823
  11	 3	 3.6498	 0.9885	   1.5010	        1.5011	          0.0001	   1.5609	1.889e-02	   0.046	     7.584
  12	 3	 3.6541	 1.0032	   1.5007	        1.5011	          0.0003	   1.6162	1.132e-02	   0.038	     8.316
  13	 4	 3.6439	 0.9819	   1.5011	        1.5011	          0.0000	   1.5741	2.244e-02	   0.041	     9.034
  14	 4	 3.6233	 1.0231	   1.5006	        1.5011	          0.0005	   1.6453	1.881e-03	   0.043	     9.761
  15	 4	 3.6022	 1.0289	   1.5006	        1.5011	          0.0005	   1.6137	1.196e-03	   0.042	    10.473
  16	 4	 3.6100	 1.0273	   1.5006	        1.5011	          0.0005	   1.6104	7.469e-04	   0.036	    11.176
  17	 5	 3.6003	 0.9954	   1.5008	        1.5011	          0.0003	   1.5360	1.530e-02	   0.038	    11.894
  18	 5	 3.5895	 1.0273	   1.5006	        1.5011	          0.0005	   1.6584	7.318e-04	   0.044	    12.603
  19	 5	 3.5745	 1.0163	   1.5006	        1.5011	          0.0005	   1.5753	4.948e-03	   0.044	    13.321
  20	 5	 3.5568	 1.0407	   1.5006	        1.5011	          0.0005	   1.6651	6.194e-03	   0.040	    14.029
  21	 6	 3.5514	 1.0412	   1.5006	        1.5011	          0.0005	   1.6212	6.409e-03	   0.042	    14.743
  22	 6	 3.5476	 1.0479	   1.5006	        1.5011	          0.0005	   1.6290	9.246e-03	   0.042	    15.457
  23	 6	 3.5277	 1.0281	   1.5005	        1.5011	          0.0006	   1.5542	8.546e-04	   0.041	    16.160
  24	 6	 3.5314	 1.0350	   1.5005	        1.5011	          0.0006	   1.6393	3.710e-03	   0.038	    16.872
  25	 7	 3.5174	 1.0520	   1.5007	        1.5011	          0.0004	   1.6553	1.095e-02	   0.047	    17.646
  26	 7	 3.5243	 1.0334	   1.5005	        1.5011	          0.0006	   1.5690	3.039e-03	   0.044	    18.444
  27	 7	 3.5122	 1.0216	   1.5005	        1.5011	          0.0006	   1.5717	2.473e-03	   0.041	    19.215
  28	 7	 3.5138	 1.0293	   1.5005	        1.5011	          0.0006	   1.6352	1.266e-03	   0.039	    19.956
  29	 8	 3.5177	 1.0332	   1.5005	        1.5011	          0.0006	   1.6320	2.915e-03	   0.045	    20.693
  30	 8	 3.5079	 1.0491	   1.5006	        1.5011	          0.0005	   1.6627	9.742e-03	   0.041	    21.398
  31	 8	 3.5035	 1.0513	   1.5006	        1.5011	          0.0005	   1.6185	1.068e-02	   0.041	    22.104
  32	 8	 3.4987	 1.0275	   1.5005	        1.5011	          0.0006	   1.5308	6.669e-04	   0.038	    22.813
  33	 9	 3.4973	 1.0396	   1.5005	        1.5011	          0.0006	   1.6592	5.709e-03	   0.043	    23.559
  34	 9	 3.4842	 1.0320	   1.5005	        1.5011	          0.0006	   1.5791	2.399e-03	   0.036	    24.301
  35	 9	 3.4913	 1.0349	   1.5005	        1.5011	          0.0006	   1.6278	3.655e-03	   0.041	    25.022
  36	 9	 3.4856	 1.0276	   1.5005	        1.5011	          0.0006	   1.5834	6.760e-04	   0.041	    25.738
  37	10	 3.4824	 1.0299	   1.5005	        1.5011	          0.0006	   1.6214	1.522e-03	   0.038	    26.442
  38	10	 3.4706	 1.0256	   1.5005	        1.5011	          0.0006	   1.5805	8.142e-04	   0.036	    27.152
  39	10	 3.4681	 1.0307	   1.5005	        1.5011	          0.0006	   1.6259	1.845e-03	   0.038	    27.860
  40	10	 3.4678	 1.0265	   1.5005	        1.5011	          0.0006	   1.5958	5.831e-04	   0.042	    28.638
  41	11	 3.4680	 1.0150	   1.5005	        1.5011	          0.0006	   1.5593	5.545e-03	   0.037	    29.352
  42	11	 3.4661	 1.0204	   1.5005	        1.5011	          0.0006	   1.6315	3.051e-03	   0.044	    30.074
  43	11	 3.4651	 1.0389	   1.5005	        1.5011	          0.0006	   1.6970	5.387e-03	   0.042	    30.807
  44	11	 3.4615	 1.0250	   1.5005	        1.5011	          0.0006	   1.5396	1.002e-03	   0.037	    31.511
  45	12	 3.4500	 1.0324	   1.5005	        1.5011	          0.0006	   1.6322	2.547e-03	   0.036	    32.225
  46	12	 3.4542	 1.0318	   1.5005	        1.5011	          0.0006	   1.6122	2.316e-03	   0.043	    32.934
  47	12	 3.4557	 1.0196	   1.5005	        1.5011	          0.0006	   1.5447	3.409e-03	   0.041	    33.648
  48	12	 3.4549	 1.0193	   1.5005	        1.5011	          0.0006	   1.6156	3.521e-03	   0.037	    34.355
  49	13	 3.4569	 1.0101	   1.5006	        1.5011	          0.0005	   1.5572	7.908e-03	   0.039	    35.067
  50	13	 3.4568	 1.0143	   1.5005	        1.5011	          0.0006	   1.6224	5.877e-03	   0.041	    35.781
  51	13	 3.4558	 1.0196	   1.5005	        1.5011	          0.0006	   1.6295	3.397e-03	   0.034	    36.489
  52	13	 3.4503	 1.0236	   1.5005	        1.5011	          0.0006	   1.6319	1.587e-03	   0.038	    37.205
  53	14	 3.4459	 1.0366	   1.5005	        1.5011	          0.0006	   1.6854	4.402e-03	   0.046	    37.967
  54	14	 3.4411	 1.0315	   1.5005	        1.5011	          0.0006	   1.5680	2.178e-03	   0.048	    38.785
  55	14	 3.4436	 1.0234	   1.5005	        1.5011	          0.0006	   1.5639	1.657e-03	   0.038	    39.565
  56	14	 3.4447	 1.0202	   1.5005	        1.5011	          0.0006	   1.5932	3.136e-03	   0.042	    40.305
  57	15	 3.4476	 1.0182	   1.5005	        1.5011	          0.0006	   1.6021	4.042e-03	   0.042	    41.041
  58	15	 3.4446	 1.0296	   1.5005	        1.5011	          0.0006	   1.6748	1.340e-03	   0.034	    41.755
  59	15	 3.4460	 1.0265	   1.5005	        1.5011	          0.0006	   1.5972	5.670e-04	   0.037	    42.473
  60	15	 3.4375	 1.0207	   1.5005	        1.5011	          0.0006	   1.5531	2.901e-03	   0.040	    43.181
  61	16	 3.4386	 1.0208	   1.5005	        1.5011	          0.0006	   1.6118	2.827e-03	   0.040	    43.895
  62	16	 3.4335	 1.0095	   1.5005	        1.5011	          0.0006	   1.5202	8.199e-03	   0.032	    44.598
  63	16	 3.4362	 1.0146	   1.5005	        1.5011	          0.0006	   1.6393	5.765e-03	   0.038	    45.316
  64	16	 3.4357	 1.0253	   1.5005	        1.5011	          0.0006	   1.6838	8.724e-04	   0.041	    46.028
  65	17	 3.4373	 1.0130	   1.5005	        1.5011	          0.0006	   1.5221	6.514e-03	   0.038	    46.738
  66	17	 3.4393	 1.0251	   1.5005	        1.5011	          0.0006	   1.6926	9.764e-04	   0.036	    47.451
  67	17	 3.4346	 1.0263	   1.5005	        1.5011	          0.0006	   1.6168	5.904e-04	   0.039	    48.162
  68	17	 3.4299	 1.0262	   1.5005	        1.5011	          0.0006	   1.5975	6.078e-04	   0.043	    48.929
  69	18	 3.4295	 1.0260	   1.5005	        1.5011	          0.0006	   1.6078	6.466e-04	   0.033	    49.648
  70	18	 3.4260	 1.0198	   1.5005	        1.5011	          0.0006	   1.5557	3.316e-03	   0.038	    50.361
  71	18	 3.4239	 1.0217	   1.5005	        1.5011	          0.0006	   1.6153	2.453e-03	   0.042	    51.100
  72	18	 3.4300	 1.0256	   1.5005	        1.5011	          0.0006	   1.6545	7.848e-04	   0.035	    51.803
  73	19	 3.4279	 1.0246	   1.5005	        1.5011	          0.0006	   1.5943	1.162e-03	   0.036	    52.519
  74	19	 3.4252	 1.0298	   1.5005	        1.5011	          0.0006	   1.6465	1.443e-03	   0.036	    53.229
  75	19	 3.4271	 1.0302	   1.5005	        1.5011	          0.0006	   1.6220	1.620e-03	   0.042	    53.947
  76	19	 3.4238	 1.0266	   1.5005	        1.5011	          0.0006	   1.5762	5.190e-04	   0.037	    54.652
  77	20	 3.4228	 1.0230	   1.5005	        1.5011	          0.0006	   1.5660	1.859e-03	   0.041	    55.363
  78	20	 3.4223	 1.0313	   1.5005	        1.5011	          0.0006	   1.6889	2.069e-03	   0.041	    56.078
  79	20	 3.4203	 1.0299	   1.5005	        1.5011	          0.0006	   1.5904	1.457e-03	   0.038	    56.785
  80	20	 3.4174	 1.0316	   1.5005	        1.5011	          0.0006	   1.6245	2.202e-03	   0.034	    57.498
  81	21	 3.4193	 1.0329	   1.5005	        1.5011	          0.0006	   1.6247	2.781e-03	   0.044	    58.249
  82	21	 3.4193	 1.0335	   1.5005	        1.5011	          0.0006	   1.6213	3.026e-03	   0.044	    59.074
  83	21	 3.4199	 1.0353	   1.5005	        1.5011	          0.0006	   1.6257	3.815e-03	   0.038	    59.832
  84	21	 3.4154	 1.0313	   1.5005	        1.5011	          0.0006	   1.5738	2.077e-03	   0.040	    60.564
  85	22	 3.4175	 1.0341	   1.5005	        1.5011	          0.0006	   1.6458	3.286e-03	   0.036	    61.296
  86	22	 3.4161	 1.0317	   1.5005	        1.5011	          0.0006	   1.5841	2.236e-03	   0.038	    62.028
  87	22	 3.4142	 1.0317	   1.5005	        1.5011	          0.0006	   1.6138	2.254e-03	   0.038	    62.781
  88	22	 3.4128	 1.0305	   1.5005	        1.5011	          0.0006	   1.5917	1.706e-03	   0.042	    63.522
  89	23	 3.4149	 1.0311	   1.5005	        1.5011	          0.0006	   1.6223	1.988e-03	   0.044	    64.259
  90	23	 3.4106	 1.0267	   1.5005	        1.5011	          0.0006	   1.5527	5.002e-04	   0.034	    64.973
  91	23	 3.4111	 1.0237	   1.5005	        1.5011	          0.0006	   1.5833	1.541e-03	   0.041	    65.688
  92	23	 3.4082	 1.0303	   1.5005	        1.5011	          0.0006	   1.6728	1.616e-03	   0.041	    66.397
  93	24	 3.4112	 1.0357	   1.5005	        1.5011	          0.0006	   1.6741	4.021e-03	   0.038	    67.107
  94	24	 3.4077	 1.0322	   1.5005	        1.5011	          0.0006	   1.5689	2.455e-03	   0.036	    67.817
  95	24	 3.4038	 1.0333	   1.5005	        1.5011	          0.0006	   1.6219	2.930e-03	   0.037	    68.523
  96	24	 3.4046	 1.0318	   1.5005	        1.5011	          0.0006	   1.5927	2.307e-03	   0.047	    69.284
  97	25	 3.4051	 1.0274	   1.5005	        1.5011	          0.0006	   1.5592	5.378e-04	   0.032	    70.016
  98	25	 3.4019	 1.0240	   1.5005	        1.5011	          0.0006	   1.5688	1.418e-03	   0.039	    70.731
  99	25	 3.4027	 1.0279	   1.5005	        1.5011	          0.0006	   1.6501	6.848e-04	   0.041	    71.467
 100	25	 3.4034	 1.0303	   1.5005	        1.5011	          0.0006	   1.6460	1.652e-03	   0.040	    72.169
 101	26	 3.4029	 1.0260	   1.5005	        1.5011	          0.0006	   1.5569	6.389e-04	   0.035	    72.884
 102	26	 3.4016	 1.0297	   1.5005	        1.5011	          0.0006	   1.6557	1.355e-03	   0.042	    73.619
 103	26	 3.3997	 1.0307	   1.5005	        1.5011	          0.0006	   1.6154	1.814e-03	   0.042	    74.375
 104	26	 3.4015	 1.0303	   1.5005	        1.5011	          0.0006	   1.6049	1.638e-03	   0.036	    75.144
 105	27	 3.4008	 1.0305	   1.5005	        1.5011	          0.0006	   1.5990	1.714e-03	   0.044	    75.929
 106	27	 3.4022	 1.0246	   1.5005	        1.5011	          0.0006	   1.5491	1.151e-03	   0.042	    76.681
 107	27	 3.4019	 1.0309	   1.5005	        1.5011	          0.0006	   1.6936	1.912e-03	   0.037	    77.415
 108	27	 3.3994	 1.0256	   1.5005	        1.5011	          0.0006	   1.5384	7.514e-04	   0.033	    78.162
 109	28	 3.4000	 1.0269	   1.5005	        1.5011	          0.0006	   1.6202	4.807e-04	   0.042	    78.914
 110	28	 3.3994	 1.0273	   1.5005	        1.5011	          0.0006	   1.6157	5.263e-04	   0.047	    79.729
 111	28	 3.3985	 1.0251	   1.5005	        1.5011	          0.0006	   1.5806	9.544e-04	   0.039	    80.496
 112	28	 3.3951	 1.0272	   1.5005	        1.5011	          0.0006	   1.6299	4.955e-04	   0.041	    81.230
 113	29	 3.3947	 1.0256	   1.5005	        1.5011	          0.0006	   1.5971	7.396e-04	   0.039	    81.970
 114	29	 3.3943	 1.0220	   1.5005	        1.5011	          0.0006	   1.5590	2.300e-03	   0.040	    82.693
 115	29	 3.3922	 1.0229	   1.5005	        1.5011	          0.0006	   1.6075	1.882e-03	   0.035	    83.402
 116	29	 3.3926	 1.0248	   1.5005	        1.5011	          0.0006	   1.6318	1.073e-03	   0.040	    84.114
 117	30	 3.3933	 1.0206	   1.5005	        1.5011	          0.0006	   1.5523	2.941e-03	   0.042	    84.828
 118	30	 3.3902	 1.0207	   1.5005	        1.5011	          0.0006	   1.6051	2.901e-03	   0.034	    85.535
 119	30	 3.3901	 1.0202	   1.5005	        1.5011	          0.0006	   1.6059	3.134e-03	   0.039	    86.249
 120	30	 3.3906	 1.0241	   1.5005	        1.5011	          0.0006	   1.6576	1.339e-03	   0.036	    86.963
 121	31	 3.3897	 1.0234	   1.5005	        1.5011	          0.0006	   1.5941	1.676e-03	   0.038	    87.672
 122	31	 3.3899	 1.0214	   1.5005	        1.5011	          0.0006	   1.5844	2.571e-03	   0.038	    88.385
 123	31	 3.3898	 1.0266	   1.5005	        1.5011	          0.0006	   1.6727	4.844e-04	   0.042	    89.092
 124	31	 3.3884	 1.0277	   1.5005	        1.5011	          0.0006	   1.6249	5.978e-04	   0.046	    89.842
 125	32	 3.3863	 1.0305	   1.5005	        1.5011	          0.0006	   1.6523	1.716e-03	   0.036	    90.583
 126	32	 3.3840	 1.0290	   1.5004	        1.5011	          0.0006	   1.5863	1.062e-03	   0.037	    91.296
 127	32	 3.3841	 1.0312	   1.5005	        1.5011	          0.0006	   1.6357	2.011e-03	   0.040	    92.030
 128	32	 3.3868	 1.0296	   1.5005	        1.5011	          0.0006	   1.5910	1.310e-03	   0.038	    92.742
 129	33	 3.3855	 1.0271	   1.5004	        1.5011	          0.0006	   1.5705	4.741e-04	   0.036	    93.457
 130	33	 3.3848	 1.0231	   1.5005	        1.5011	          0.0006	   1.5484	1.814e-03	   0.035	    94.160
 131	33	 3.3837	 1.0241	   1.5004	        1.5011	          0.0006	   1.6290	1.330e-03	   0.040	    94.874
 132	33	 3.3850	 1.0281	   1.5004	        1.5011	          0.0006	   1.6644	7.346e-04	   0.035	    95.586
 133	34	 3.3847	 1.0295	   1.5004	        1.5011	          0.0006	   1.6323	1.275e-03	   0.037	    96.298
 134	34	 3.3865	 1.0273	   1.5004	        1.5011	          0.0006	   1.5846	5.060e-04	   0.041	    97.012
 135	34	 3.3855	 1.0244	   1.5005	        1.5011	          0.0006	   1.5607	1.218e-03	   0.039	    97.720
 136	34	 3.3833	 1.0270	   1.5004	        1.5011	          0.0006	   1.6397	4.628e-04	   0.037	    98.471
 137	35	 3.3847	 1.0248	   1.5004	        1.5011	          0.0006	   1.5802	1.057e-03	   0.039	    99.187
 138	35	 3.3816	 1.0245	   1.5004	        1.5011	          0.0006	   1.5960	1.172e-03	   0.047	    99.984
 139	35	 3.3827	 1.0284	   1.5004	        1.5011	          0.0006	   1.6687	8.524e-04	   0.037	   100.755
 140	35	 3.3822	 1.0274	   1.5004	        1.5011	          0.0006	   1.5933	5.178e-04	   0.042	   101.488
 141	36	 3.3814	 1.0283	   1.5004	        1.5011	          0.0006	   1.6238	8.035e-04	   0.042	   102.253
 142	36	 3.3812	 1.0244	   1.5004	        1.5011	          0.0006	   1.5390	1.227e-03	   0.041	   103.020
 143	36	 3.3826	 1.0267	   1.5004	        1.5011	          0.0006	   1.6515	4.653e-04	   0.030	   103.741
 144	36	 3.3815	 1.0270	   1.5004	        1.5011	          0.0006	   1.6144	4.608e-04	   0.039	   104.451
 145	37	 3.3805	 1.0283	   1.5004	        1.5011	          0.0006	   1.6350	7.928e-04	   0.044	   105.165
 146	37	 3.3810	 1.0285	   1.5004	        1.5011	          0.0006	   1.6121	8.675e-04	   0.039	   105.873
 147	37	 3.3795	 1.0287	   1.5004	        1.5011	          0.0006	   1.6097	9.351e-04	   0.038	   106.585
 148	37	 3.3795	 1.0275	   1.5004	        1.5011	          0.0006	   1.5868	5.430e-04	   0.040	   107.298
 149	38	 3.3784	 1.0272	   1.5004	        1.5011	          0.0007	   1.6083	4.833e-04	   0.036	   108.007
 150	38	 3.3759	 1.0271	   1.5004	        1.5011	          0.0007	   1.5975	4.643e-04	   0.031	   108.717
 151	38	 3.3807	 1.0271	   1.5004	        1.5011	          0.0006	   1.6233	4.651e-04	   0.039	   109.433
 152	38	 3.3783	 1.0281	   1.5004	        1.5011	          0.0007	   1.6189	7.355e-04	   0.048	   110.170
 153	39	 3.3780	 1.0280	   1.5004	        1.5011	          0.0007	   1.6039	6.947e-04	   0.034	   110.918
 154	39	 3.3780	 1.0278	   1.5004	        1.5011	          0.0007	   1.6083	6.232e-04	   0.035	   111.628
 155	39	 3.3785	 1.0271	   1.5004	        1.5011	          0.0007	   1.6073	4.695e-04	   0.042	   112.361
 156	39	 3.3797	 1.0274	   1.5004	        1.5011	          0.0006	   1.6102	5.116e-04	   0.039	   113.073
 157	40	 3.3797	 1.0282	   1.5004	        1.5011	          0.0006	   1.6219	7.476e-04	   0.036	   113.789
 158	40	 3.3796	 1.0257	   1.5004	        1.5011	          0.0006	   1.5661	7.061e-04	   0.038	   114.499
 159	40	 3.3789	 1.0273	   1.5004	        1.5011	          0.0007	   1.6344	5.009e-04	   0.041	   115.215
 160	40	 3.3782	 1.0269	   1.5004	        1.5011	          0.0007	   1.5971	4.538e-04	   0.035	   115.923
 161	41	 3.3780	 1.0271	   1.5004	        1.5011	          0.0007	   1.6090	4.678e-04	   0.042	   116.637
 162	41	 3.3774	 1.0288	   1.5004	        1.5011	          0.0006	   1.6379	9.985e-04	   0.040	   117.357
 163	41	 3.3779	 1.0280	   1.5004	        1.5011	          0.0007	   1.5981	6.951e-04	   0.038	   118.098
 164	41	 3.3781	 1.0265	   1.5004	        1.5011	          0.0007	   1.5839	4.769e-04	   0.035	   118.833
 165	42	 3.3784	 1.0274	   1.5004	        1.5011	          0.0007	   1.6214	5.233e-04	   0.041	   119.549
 166	42	 3.3770	 1.0264	   1.5004	        1.5011	          0.0007	   1.5909	4.987e-04	   0.042	   120.341
 167	42	 3.3765	 1.0276	   1.5004	        1.5011	          0.0007	   1.6324	5.525e-04	   0.037	   121.114
 168	42	 3.3764	 1.0274	   1.5004	        1.5011	          0.0007	   1.6096	5.105e-04	   0.040	   121.849
 169	43	 3.3789	 1.0274	   1.5004	        1.5011	          0.0007	   1.6102	5.084e-04	   0.044	   122.589
 170	43	 3.3769	 1.0241	   1.5004	        1.5011	          0.0006	   1.5340	1.348e-03	   0.040	   123.321
 171	43	 3.3775	 1.0267	   1.5004	        1.5011	          0.0007	   1.6682	4.603e-04	   0.035	   124.035
 172	43	 3.3764	 1.0282	   1.5004	        1.5011	          0.0007	   1.6373	7.537e-04	   0.038	   124.746
 173	44	 3.3767	 1.0272	   1.5004	        1.5011	          0.0007	   1.5830	4.820e-04	   0.039	   125.460
 174	44	 3.3746	 1.0254	   1.5004	        1.5011	          0.0007	   1.5644	8.155e-04	   0.037	   126.174
 175	44	 3.3770	 1.0252	   1.5004	        1.5011	          0.0007	   1.6205	8.804e-04	   0.039	   126.885
 176	44	 3.3775	 1.0267	   1.5004	        1.5011	          0.0007	   1.6442	4.573e-04	   0.038	   127.594
 177	45	 3.3776	 1.0254	   1.5004	        1.5011	          0.0007	   1.5758	8.033e-04	   0.035	   128.299
 178	45	 3.3788	 1.0269	   1.5004	        1.5011	          0.0007	   1.6437	4.542e-04	   0.033	   129.015
 179	45	 3.3762	 1.0270	   1.5004	        1.5011	          0.0007	   1.6079	4.548e-04	   0.040	   129.725
 180	45	 3.3763	 1.0272	   1.5004	        1.5011	          0.0007	   1.6156	4.750e-04	   0.046	   130.455
 181	46	 3.3759	 1.0257	   1.5004	        1.5011	          0.0007	   1.5735	7.031e-04	   0.036	   131.218
 182	46	 3.3751	 1.0251	   1.5004	        1.5011	          0.0007	   1.5931	9.257e-04	   0.038	   131.931
 183	46	 3.3746	 1.0262	   1.5004	        1.5011	          0.0007	   1.6328	5.336e-04	   0.041	   132.649
 184	46	 3.3759	 1.0277	   1.5004	        1.5011	          0.0007	   1.6509	5.925e-04	   0.039	   133.370
 185	47	 3.3768	 1.0265	   1.5004	        1.5011	          0.0007	   1.5865	4.780e-04	   0.033	   134.083
 186	47	 3.3766	 1.0271	   1.5004	        1.5011	          0.0007	   1.6231	4.635e-04	   0.039	   134.794
 187	47	 3.3764	 1.0268	   1.5004	        1.5011	          0.0007	   1.6078	4.512e-04	   0.040	   135.508
 188	47	 3.3772	 1.0267	   1.5004	        1.5011	          0.0007	   1.6125	4.582e-04	   0.036	   136.218
 189	48	 3.3779	 1.0298	   1.5004	        1.5011	          0.0006	   1.6820	1.392e-03	   0.032	   136.931
 190	48	 3.3765	 1.0300	   1.5004	        1.5011	          0.0006	   1.6116	1.503e-03	   0.044	   137.661
 191	48	 3.3746	 1.0291	   1.5004	        1.5011	          0.0007	   1.5821	1.115e-03	   0.041	   138.391
 192	48	 3.3762	 1.0273	   1.5004	        1.5011	          0.0007	   1.5736	4.909e-04	   0.037	   139.101
 193	49	 3.3744	 1.0261	   1.5004	        1.5011	          0.0007	   1.5831	5.828e-04	   0.039	   139.812
 194	49	 3.3753	 1.0266	   1.5004	        1.5011	          0.0007	   1.6262	4.632e-04	   0.047	   140.623
 195	49	 3.3772	 1.0263	   1.5004	        1.5011	          0.0007	   1.6102	5.245e-04	   0.036	   141.439
 196	49	 3.3749	 1.0263	   1.5004	        1.5011	          0.0007	   1.5927	5.277e-04	   0.033	   142.199
 197	50	 3.3761	 1.0261	   1.5004	        1.5011	          0.0007	   1.6161	5.746e-04	   0.042	   142.958
 198	50	 3.3743	 1.0265	   1.5004	        1.5011	          0.0007	   1.6041	4.847e-04	   0.041	   143.684
 199	50	 3.3745	 1.0275	   1.5004	        1.5011	          0.0007	   1.6356	5.450e-04	   0.032	   144.402
 200	50	 3.3742	 1.0265	   1.5004	        1.5011	          0.0007	   1.5847	4.754e-04	   0.036	   145.109
 201	51	 3.3733	 1.0280	   1.5004	        1.5011	          0.0007	   1.6384	6.862e-04	   0.041	   145.828
 202	51	 3.3733	 1.0282	   1.5004	        1.5011	          0.0007	   1.6150	7.690e-04	   0.036	   146.536
 203	51	 3.3737	 1.0288	   1.5004	        1.5011	          0.0007	   1.6230	9.680e-04	   0.040	   147.251
 204	51	 3.3738	 1.0285	   1.5004	        1.5011	          0.0007	   1.6062	8.675e-04	   0.040	   147.964
 205	52	 3.3718	 1.0278	   1.5004	        1.5011	          0.0007	   1.5843	6.040e-04	   0.037	   148.672
 206	52	 3.3741	 1.0280	   1.5004	        1.5011	          0.0007	   1.6323	6.806e-04	   0.032	   149.384
 207	52	 3.3759	 1.0295	   1.5004	        1.5011	          0.0006	   1.6540	1.286e-03	   0.042	   150.095
 208	52	 3.3744	 1.0277	   1.5004	        1.5011	          0.0007	   1.5533	5.732e-04	   0.044	   150.826
 209	53	 3.3730	 1.0265	   1.5004	        1.5011	          0.0007	   1.5764	4.706e-04	   0.038	   151.635
 210	53	 3.3743	 1.0264	   1.5004	        1.5011	          0.0007	   1.6170	4.874e-04	   0.040	   152.390
 211	53	 3.3744	 1.0268	   1.5004	        1.5011	          0.0007	   1.6056	4.490e-04	   0.042	   153.181
 212	53	 3.3747	 1.0267	   1.5004	        1.5011	          0.0007	   1.6170	4.516e-04	   0.035	   153.976
 213	54	 3.3745	 1.0284	   1.5004	        1.5011	          0.0007	   1.6550	8.467e-04	   0.037	   154.748
 214	54	 3.3740	 1.0301	   1.5004	        1.5011	          0.0006	   1.6494	1.538e-03	   0.043	   155.480
 215	54	 3.3731	 1.0289	   1.5004	        1.5011	          0.0007	   1.5753	1.045e-03	   0.044	   156.209
 216	54	 3.3735	 1.0273	   1.5004	        1.5011	          0.0007	   1.5747	4.929e-04	   0.036	   156.920
 217	55	 3.3728	 1.0272	   1.5004	        1.5011	          0.0007	   1.5996	4.725e-04	   0.040	   157.663
 218	55	 3.3726	 1.0261	   1.5004	        1.5011	          0.0007	   1.5826	5.678e-04	   0.038	   158.400
 219	55	 3.3739	 1.0261	   1.5004	        1.5011	          0.0007	   1.6156	5.675e-04	   0.038	   159.124
 220	55	 3.3730	 1.0280	   1.5004	        1.5011	          0.0007	   1.6529	6.775e-04	   0.036	   159.840
 221	56	 3.3719	 1.0300	   1.5004	        1.5011	          0.0007	   1.6635	1.504e-03	   0.040	   160.548
 222	56	 3.3707	 1.0318	   1.5004	        1.5011	          0.0006	   1.6417	2.275e-03	   0.043	   161.318
 223	56	 3.3719	 1.0317	   1.5004	        1.5011	          0.0006	   1.6186	2.240e-03	   0.032	   162.097
 224	56	 3.3715	 1.0292	   1.5004	        1.5011	          0.0007	   1.5448	1.151e-03	   0.038	   162.846
 225	57	 3.3694	 1.0295	   1.5004	        1.5011	          0.0007	   1.6144	1.290e-03	   0.042	   163.576
 226	57	 3.3694	 1.0301	   1.5004	        1.5011	          0.0007	   1.6212	1.519e-03	   0.038	   164.307
 227	57	 3.3692	 1.0277	   1.5004	        1.5011	          0.0007	   1.5428	5.824e-04	   0.035	   165.035
 228	57	 3.3702	 1.0293	   1.5004	        1.5011	          0.0007	   1.6617	1.182e-03	   0.038	   165.746
 229	58	 3.3706	 1.0268	   1.5004	        1.5011	          0.0007	   1.5495	4.454e-04	   0.042	   166.463
 230	58	 3.3710	 1.0243	   1.5004	        1.5011	          0.0007	   1.5439	1.270e-03	   0.036	   167.168
 231	58	 3.3703	 1.0277	   1.5004	        1.5011	          0.0007	   1.7017	5.852e-04	   0.036	   167.881
 232	58	 3.3700	 1.0283	   1.5004	        1.5011	          0.0007	   1.6206	7.712e-04	   0.040	   168.594
 233	59	 3.3692	 1.0282	   1.5004	        1.5011	          0.0007	   1.6089	7.449e-04	   0.036	   169.299
 234	59	 3.3699	 1.0283	   1.5004	        1.5011	          0.0007	   1.6157	8.019e-04	   0.035	   170.013
 235	59	 3.3684	 1.0279	   1.5004	        1.5011	          0.0007	   1.5825	6.342e-04	   0.035	   170.725
 236	59	 3.3700	 1.0281	   1.5004	        1.5011	          0.0007	   1.6283	7.070e-04	   0.044	   171.446
 237	60	 3.3692	 1.0271	   1.5004	        1.5011	          0.0007	   1.5798	4.592e-04	   0.039	   172.216
 238	60	 3.3703	 1.0266	   1.5004	        1.5011	          0.0007	   1.6004	4.623e-04	   0.041	   172.926
 239	60	 3.3711	 1.0252	   1.5004	        1.5011	          0.0007	   1.5774	8.688e-04	   0.039	   173.640
 240	60	 3.3697	 1.0264	   1.5004	        1.5011	          0.0007	   1.6345	4.907e-04	   0.039	   174.369
 241	61	 3.3704	 1.0263	   1.5004	        1.5011	          0.0007	   1.6094	5.060e-04	   0.033	   175.083
 242	61	 3.3701	 1.0246	   1.5004	        1.5011	          0.0007	   1.5535	1.141e-03	   0.039	   175.795
 243	61	 3.3687	 1.0258	   1.5004	        1.5011	          0.0007	   1.6409	6.424e-04	   0.042	   176.512
 244	61	 3.3697	 1.0260	   1.5004	        1.5011	          0.0007	   1.6222	5.862e-04	   0.036	   177.219
 245	62	 3.3694	 1.0259	   1.5004	        1.5011	          0.0007	   1.6081	6.296e-04	   0.037	   177.960
 246	62	 3.3697	 1.0267	   1.5004	        1.5011	          0.0007	   1.6339	4.466e-04	   0.036	   178.676
 247	62	 3.3700	 1.0286	   1.5004	        1.5011	          0.0007	   1.6621	9.145e-04	   0.036	   179.387
 248	62	 3.3691	 1.0268	   1.5004	        1.5011	          0.0007	   1.5514	4.424e-04	   0.037	   180.111
 249	63	 3.3687	 1.0282	   1.5004	        1.5011	          0.0007	   1.6496	7.560e-04	   0.042	   180.864
 250	63	 3.3701	 1.0269	   1.5004	        1.5011	          0.0007	   1.5733	4.421e-04	   0.049	   181.644
 251	63	 3.3702	 1.0256	   1.5004	        1.5011	          0.0007	   1.5715	7.152e-04	   0.038	   182.433
 252	63	 3.3689	 1.0272	   1.5004	        1.5011	          0.0007	   1.6546	4.715e-04	   0.038	   183.182
 253	64	 3.3685	 1.0271	   1.5004	        1.5011	          0.0007	   1.5995	4.506e-04	   0.042	   183.908
 254	64	 3.3695	 1.0266	   1.5004	        1.5011	          0.0007	   1.6030	4.643e-04	   0.038	   184.640
 255	64	 3.3700	 1.0271	   1.5004	        1.5011	          0.0007	   1.6266	4.510e-04	   0.035	   185.370
 256	64	 3.3695	 1.0267	   1.5004	        1.5011	          0.0007	   1.5921	4.492e-04	   0.040	   186.081
 257	65	 3.3695	 1.0257	   1.5004	        1.5011	          0.0007	   1.5787	7.001e-04	   0.042	   186.794
 258	65	 3.3715	 1.0271	   1.5004	        1.5011	          0.0007	   1.6654	4.615e-04	   0.032	   187.504
 259	65	 3.3713	 1.0265	   1.5004	        1.5011	          0.0007	   1.5825	4.720e-04	   0.039	   188.219
 260	65	 3.3697	 1.0274	   1.5004	        1.5011	          0.0007	   1.6265	5.074e-04	   0.042	   188.931
 261	66	 3.3699	 1.0271	   1.5004	        1.5011	          0.0007	   1.5984	4.507e-04	   0.038	   189.635
 262	66	 3.3684	 1.0265	   1.5004	        1.5011	          0.0007	   1.5833	4.796e-04	   0.036	   190.350
 263	66	 3.3686	 1.0257	   1.5004	        1.5011	          0.0007	   1.5818	6.768e-04	   0.040	   191.059
 264	66	 3.3685	 1.0281	   1.5004	        1.5011	          0.0007	   1.6865	7.142e-04	   0.041	   191.775
 265	67	 3.3698	 1.0280	   1.5004	        1.5011	          0.0007	   1.6124	6.693e-04	   0.036	   192.545
 266	67	 3.3691	 1.0302	   1.5004	        1.5011	          0.0007	   1.6707	1.557e-03	   0.038	   193.265
 267	67	 3.3687	 1.0296	   1.5004	        1.5011	          0.0007	   1.5942	1.301e-03	   0.042	   193.979
 268	67	 3.3674	 1.0300	   1.5004	        1.5011	          0.0007	   1.6153	1.469e-03	   0.041	   194.702
 269	68	 3.3687	 1.0290	   1.5004	        1.5011	          0.0007	   1.5890	1.069e-03	   0.031	   195.412
 270	68	 3.3678	 1.0284	   1.5004	        1.5011	          0.0007	   1.5858	8.106e-04	   0.037	   196.127
 271	68	 3.3691	 1.0302	   1.5004	        1.5011	          0.0007	   1.6787	1.583e-03	   0.046	   196.852
 272	68	 3.3686	 1.0287	   1.5004	        1.5011	          0.0007	   1.5615	9.327e-04	   0.034	   197.596
 273	69	 3.3695	 1.0289	   1.5004	        1.5011	          0.0007	   1.6237	1.036e-03	   0.042	   198.333
 274	69	 3.3688	 1.0281	   1.5004	        1.5011	          0.0007	   1.5772	6.992e-04	   0.035	   199.023
 275	69	 3.3677	 1.0257	   1.5004	        1.5011	          0.0007	   1.5319	7.003e-04	   0.038	   199.736
 276	69	 3.3679	 1.0288	   1.5004	        1.5011	          0.0007	   1.7057	9.702e-04	   0.034	   200.412
 277	70	 3.3679	 1.0296	   1.5004	        1.5011	          0.0007	   1.6418	1.330e-03	   0.035	   201.086
 278	70	 3.3670	 1.0286	   1.5004	        1.5011	          0.0007	   1.5705	8.821e-04	   0.040	   201.804
 279	70	 3.3665	 1.0277	   1.5004	        1.5011	          0.0007	   1.5772	5.905e-04	   0.035	   202.560
 280	70	 3.3673	 1.0294	   1.5004	        1.5011	          0.0007	   1.6686	1.223e-03	   0.035	   203.237
 281	71	 3.3671	 1.0294	   1.5004	        1.5011	          0.0007	   1.6057	1.215e-03	   0.034	   203.907
 282	71	 3.3675	 1.0304	   1.5004	        1.5011	          0.0007	   1.6543	1.666e-03	   0.032	   204.510
 283	71	 3.3667	 1.0300	   1.5004	        1.5011	          0.0007	   1.5969	1.470e-03	   0.026	   205.156
 284	71	 3.3670	 1.0294	   1.5004	        1.5011	          0.0007	   1.5839	1.216e-03	   0.031	   205.728
 285	72	 3.3681	 1.0296	   1.5004	        1.5011	          0.0007	   1.6225	1.304e-03	   0.028	   206.302
 286	72	 3.3674	 1.0284	   1.5004	        1.5011	          0.0007	   1.5677	8.253e-04	   0.028	   206.876
 287	72	 3.3667	 1.0299	   1.5004	        1.5011	          0.0007	   1.6567	1.425e-03	   0.029	   207.456
 288	72	 3.3657	 1.0294	   1.5004	        1.5011	          0.0007	   1.5899	1.218e-03	   0.029	   208.031
 289	73	 3.3658	 1.0305	   1.5004	        1.5011	          0.0007	   1.6518	1.721e-03	   0.030	   208.602
 290	73	 3.3661	 1.0318	   1.5004	        1.5011	          0.0007	   1.6545	2.277e-03	   0.030	   209.180
 291	73	 3.3651	 1.0299	   1.5004	        1.5011	          0.0007	   1.5395	1.431e-03	   0.030	   209.752
 292	73	 3.3646	 1.0297	   1.5004	        1.5011	          0.0007	   1.6011	1.341e-03	   0.033	   210.329
 293	74	 3.3648	 1.0311	   1.5004	        1.5011	          0.0007	   1.6604	1.953e-03	   0.030	   210.957
 294	74	 3.3645	 1.0306	   1.5004	        1.5011	          0.0007	   1.5951	1.727e-03	   0.030	   211.545
 295	74	 3.3640	 1.0312	   1.5004	        1.5011	          0.0007	   1.6272	1.993e-03	   0.027	   212.119
 296	74	 3.3636	 1.0301	   1.5004	        1.5011	          0.0007	   1.5715	1.542e-03	   0.032	   212.710
 297	75	 3.3639	 1.0316	   1.5004	        1.5011	          0.0007	   1.6613	2.168e-03	   0.029	   213.289
 298	75	 3.3631	 1.0316	   1.5004	        1.5011	          0.0007	   1.6065	2.201e-03	   0.027	   213.862
 299	75	 3.3625	 1.0297	   1.5004	        1.5011	          0.0007	   1.5426	1.350e-03	   0.033	   214.469
 300	75	 3.3631	 1.0299	   1.5004	        1.5011	          0.0007	   1.6244	1.447e-03	   0.031	   215.067
 301	76	 3.3633	 1.0311	   1.5004	        1.5011	          0.0007	   1.6555	1.943e-03	   0.030	   215.687
 302	76	 3.3632	 1.0303	   1.5004	        1.5011	          0.0007	   1.5861	1.614e-03	   0.028	   216.288
 303	76	 3.3631	 1.0310	   1.5004	        1.5011	          0.0007	   1.6322	1.916e-03	   0.031	   216.877
 304	76	 3.3629	 1.0304	   1.5004	        1.5011	          0.0007	   1.5919	1.674e-03	   0.028	   217.452
 305	77	 3.3631	 1.0325	   1.5004	        1.5011	          0.0006	   1.6856	2.580e-03	   0.024	   218.023
 306	77	 3.3633	 1.0332	   1.5004	        1.5011	          0.0006	   1.6345	2.893e-03	   0.035	   218.639
 307	77	 3.3639	 1.0311	   1.5004	        1.5011	          0.0007	   1.5486	1.982e-03	   0.036	   219.293
 308	77	 3.3628	 1.0293	   1.5004	        1.5011	          0.0007	   1.5404	1.207e-03	   0.029	   219.911
 309	78	 3.3624	 1.0287	   1.5004	        1.5011	          0.0007	   1.5827	9.205e-04	   0.030	   220.491
 310	78	 3.3622	 1.0285	   1.5004	        1.5011	          0.0007	   1.5990	8.478e-04	   0.030	   221.094
 311	78	 3.3619	 1.0280	   1.5004	        1.5011	          0.0007	   1.5938	6.695e-04	   0.026	   221.691
 312	78	 3.3621	 1.0294	   1.5004	        1.5011	          0.0007	   1.6642	1.236e-03	   0.029	   222.265
 313	79	 3.3604	 1.0287	   1.5004	        1.5011	          0.0007	   1.5726	9.484e-04	   0.032	   222.843
 314	79	 3.3612	 1.0283	   1.5004	        1.5011	          0.0007	   1.6017	7.651e-04	   0.027	   223.411
 315	79	 3.3623	 1.0276	   1.5004	        1.5011	          0.0007	   1.5936	5.519e-04	   0.030	   223.988
 316	79	 3.3618	 1.0299	   1.5004	        1.5011	          0.0007	   1.6882	1.439e-03	   0.029	   224.600
 317	80	 3.3617	 1.0306	   1.5004	        1.5011	          0.0007	   1.6383	1.755e-03	   0.032	   225.216
 318	80	 3.3625	 1.0314	   1.5004	        1.5011	          0.0007	   1.6475	2.101e-03	   0.030	   225.871
 319	80	 3.3617	 1.0292	   1.5004	        1.5011	          0.0007	   1.5213	1.142e-03	   0.031	   226.499
 320	80	 3.3617	 1.0293	   1.5004	        1.5011	          0.0007	   1.6128	1.192e-03	   0.034	   227.116
 321	81	 3.3617	 1.0293	   1.5004	        1.5011	          0.0007	   1.6131	1.195e-03	   0.031	   227.754
 322	81	 3.3620	 1.0284	   1.5004	        1.5011	          0.0007	   1.5785	8.029e-04	   0.031	   228.346
 323	81	 3.3618	 1.0287	   1.5004	        1.5011	          0.0007	   1.6208	9.210e-04	   0.029	   228.916
 324	81	 3.3622	 1.0288	   1.5004	        1.5011	          0.0007	   1.6177	9.663e-04	   0.031	   229.501
 325	82	 3.3613	 1.0269	   1.5004	        1.5011	          0.0007	   1.5391	4.311e-04	   0.028	   230.097
 326	82	 3.3616	 1.0289	   1.5004	        1.5011	          0.0007	   1.6833	1.001e-03	   0.032	   230.709
 327	82	 3.3622	 1.0296	   1.5004	        1.5011	          0.0007	   1.6418	1.332e-03	   0.034	   231.307
 328	82	 3.3620	 1.0296	   1.5004	        1.5011	          0.0007	   1.6048	1.312e-03	   0.025	   231.879
 329	83	 3.3621	 1.0283	   1.5004	        1.5011	          0.0007	   1.5637	7.936e-04	   0.030	   232.460
 330	83	 3.3637	 1.0276	   1.5004	        1.5011	          0.0007	   1.5932	5.381e-04	   0.029	   233.032
 331	83	 3.3627	 1.0279	   1.5004	        1.5011	          0.0007	   1.6179	6.461e-04	   0.031	   233.602
 332	83	 3.3630	 1.0282	   1.5004	        1.5011	          0.0007	   1.6203	7.323e-04	   0.026	   234.180
 333	84	 3.3627	 1.0279	   1.5004	        1.5011	          0.0007	   1.5981	6.540e-04	   0.029	   234.756
 334	84	 3.3621	 1.0281	   1.5004	        1.5011	          0.0007	   1.6189	7.173e-04	   0.032	   235.358
 335	84	 3.3624	 1.0286	   1.5004	        1.5011	          0.0007	   1.6228	8.857e-04	   0.033	   236.012
 336	84	 3.3622	 1.0282	   1.5004	        1.5011	          0.0007	   1.5928	7.266e-04	   0.034	   236.646
 337	85	 3.3634	 1.0273	   1.5004	        1.5011	          0.0007	   1.5867	4.832e-04	   0.028	   237.218
 338	85	 3.3632	 1.0274	   1.5004	        1.5011	          0.0007	   1.6028	4.881e-04	   0.032	   237.816
 339	85	 3.3631	 1.0298	   1.5004	        1.5011	          0.0007	   1.7072	1.410e-03	   0.028	   238.414
 340	85	 3.3622	 1.0283	   1.5004	        1.5011	          0.0007	   1.5508	7.907e-04	   0.029	   238.995
 341	86	 3.3617	 1.0304	   1.5004	        1.5011	          0.0007	   1.6872	1.668e-03	   0.029	   239.572
 342	86	 3.3617	 1.0295	   1.5004	        1.5011	          0.0007	   1.5689	1.265e-03	   0.027	   240.143
 343	86	 3.3621	 1.0282	   1.5004	        1.5011	          0.0007	   1.5698	7.257e-04	   0.032	   240.723
 344	86	 3.3620	 1.0283	   1.5004	        1.5011	          0.0007	   1.6149	7.697e-04	   0.028	   241.295
 345	87	 3.3628	 1.0277	   1.5004	        1.5011	          0.0007	   1.5959	5.827e-04	   0.032	   241.868
 346	87	 3.3629	 1.0270	   1.5004	        1.5011	          0.0007	   1.5762	4.352e-04	   0.027	   242.439
 347	87	 3.3625	 1.0288	   1.5004	        1.5011	          0.0007	   1.6779	9.785e-04	   0.028	   243.014
 348	87	 3.3622	 1.0284	   1.5004	        1.5011	          0.0007	   1.5980	8.261e-04	   0.030	   243.593
 349	88	 3.3621	 1.0275	   1.5004	        1.5011	          0.0007	   1.5690	5.187e-04	   0.033	   244.204
 350	88	 3.3615	 1.0288	   1.5004	        1.5011	          0.0007	   1.6623	9.706e-04	   0.031	   244.811
 351	88	 3.3620	 1.0270	   1.5004	        1.5011	          0.0007	   1.5515	4.372e-04	   0.025	   245.381
 352	88	 3.3617	 1.0280	   1.5004	        1.5011	          0.0007	   1.6364	6.752e-04	   0.033	   245.959
 353	89	 3.3619	 1.0276	   1.5004	        1.5011	          0.0007	   1.5974	5.526e-04	   0.029	   246.561
 354	89	 3.3631	 1.0269	   1.5004	        1.5011	          0.0007	   1.5882	4.330e-04	   0.032	   247.169
 355	89	 3.3624	 1.0264	   1.5004	        1.5011	          0.0007	   1.5878	4.842e-04	   0.031	   247.789
 356	89	 3.3623	 1.0283	   1.5004	        1.5011	          0.0007	   1.6801	7.912e-04	   0.027	   248.382
 357	90	 3.3620	 1.0288	   1.5004	        1.5011	          0.0007	   1.6370	9.980e-04	   0.030	   248.962
 358	90	 3.3613	 1.0299	   1.5004	        1.5011	          0.0007	   1.6377	1.421e-03	   0.028	   249.535
 359	90	 3.3616	 1.0298	   1.5004	        1.5011	          0.0007	   1.6066	1.386e-03	   0.033	   250.109
 360	90	 3.3614	 1.0292	   1.5004	        1.5011	          0.0007	   1.5857	1.126e-03	   0.026	   250.681
 361	91	 3.3610	 1.0296	   1.5004	        1.5011	          0.0007	   1.6275	1.333e-03	   0.030	   251.254
 362	91	 3.3613	 1.0282	   1.5004	        1.5011	          0.0007	   1.5544	7.457e-04	   0.031	   251.849
 363	91	 3.3607	 1.0306	   1.5004	        1.5011	          0.0007	   1.7008	1.752e-03	   0.029	   252.497
 364	91	 3.3609	 1.0298	   1.5004	        1.5011	          0.0007	   1.5820	1.413e-03	   0.031	   253.135
 365	92	 3.3608	 1.0300	   1.5004	        1.5011	          0.0007	   1.6224	1.471e-03	   0.027	   253.721
 366	92	 3.3607	 1.0299	   1.5004	        1.5011	          0.0007	   1.6058	1.457e-03	   0.034	   254.318
 367	92	 3.3606	 1.0306	   1.5004	        1.5011	          0.0007	   1.6328	1.764e-03	   0.030	   254.914
 368	92	 3.3603	 1.0302	   1.5004	        1.5011	          0.0007	   1.5912	1.568e-03	   0.031	   255.497
 369	93	 3.3604	 1.0306	   1.5004	        1.5011	          0.0007	   1.6332	1.729e-03	   0.030	   256.070
 370	93	 3.3601	 1.0298	   1.5004	        1.5011	          0.0007	   1.5764	1.385e-03	   0.026	   256.641
 371	93	 3.3597	 1.0305	   1.5004	        1.5011	          0.0007	   1.6333	1.681e-03	   0.030	   257.224
 372	93	 3.3599	 1.0300	   1.5004	        1.5011	          0.0007	   1.5903	1.488e-03	   0.029	   257.799
 373	94	 3.3603	 1.0287	   1.5004	        1.5011	          0.0007	   1.5584	9.174e-04	   0.032	   258.372
 374	94	 3.3595	 1.0283	   1.5004	        1.5011	          0.0007	   1.5913	7.757e-04	   0.023	   258.943
 375	94	 3.3600	 1.0279	   1.5004	        1.5011	          0.0007	   1.5921	6.254e-04	   0.030	   259.519
 376	94	 3.3591	 1.0300	   1.5004	        1.5011	          0.0007	   1.6950	1.505e-03	   0.031	   260.093
 377	95	 3.3584	 1.0296	   1.5004	        1.5011	          0.0007	   1.5827	1.307e-03	   0.030	   260.694
 378	95	 3.3586	 1.0298	   1.5004	        1.5011	          0.0007	   1.6194	1.381e-03	   0.031	   261.313
 379	95	 3.3591	 1.0301	   1.5004	        1.5011	          0.0007	   1.6374	1.536e-03	   0.028	   261.885
 380	95	 3.3591	 1.0307	   1.5004	        1.5011	          0.0007	   1.6300	1.799e-03	   0.033	   262.487
 381	96	 3.3597	 1.0307	   1.5004	        1.5011	          0.0007	   1.6084	1.773e-03	   0.026	   263.110
 382	96	 3.3591	 1.0305	   1.5004	        1.5011	          0.0007	   1.6000	1.713e-03	   0.032	   263.702
 383	96	 3.3590	 1.0302	   1.5004	        1.5011	          0.0007	   1.5949	1.554e-03	   0.029	   264.275
 384	96	 3.3589	 1.0310	   1.5004	        1.5011	          0.0007	   1.6526	1.928e-03	   0.029	   264.844
 385	97	 3.3585	 1.0300	   1.5004	        1.5011	          0.0007	   1.5658	1.489e-03	   0.029	   265.422
 386	97	 3.3583	 1.0289	   1.5004	        1.5011	          0.0007	   1.5546	1.017e-03	   0.028	   265.999
 387	97	 3.3578	 1.0301	   1.5004	        1.5011	          0.0007	   1.6612	1.508e-03	   0.030	   266.573
 388	97	 3.3582	 1.0312	   1.5004	        1.5011	          0.0007	   1.6600	1.993e-03	   0.026	   267.148
 389	98	 3.3583	 1.0314	   1.5004	        1.5011	          0.0007	   1.6201	2.086e-03	   0.032	   267.723
 390	98	 3.3580	 1.0308	   1.5004	        1.5011	          0.0007	   1.5756	1.837e-03	   0.029	   268.313
 391	98	 3.3579	 1.0297	   1.5004	        1.5011	          0.0007	   1.5675	1.369e-03	   0.032	   268.954
 392	98	 3.3580	 1.0305	   1.5004	        1.5011	          0.0007	   1.6462	1.699e-03	   0.032	   269.592
 393	99	 3.3578	 1.0305	   1.5004	        1.5011	          0.0007	   1.6031	1.691e-03	   0.027	   270.182
 394	99	 3.3578	 1.0307	   1.5004	        1.5011	          0.0007	   1.6127	1.775e-03	   0.031	   270.774
 395	99	 3.3579	 1.0314	   1.5004	        1.5011	          0.0007	   1.6557	2.110e-03	   0.027	   271.374
 396	99	 3.3580	 1.0312	   1.5004	        1.5011	          0.0007	   1.6045	2.016e-03	   0.031	   271.963
 397	100	 3.3582	 1.0315	   1.5004	        1.5011	          0.0007	   1.6223	2.152e-03	   0.026	   272.536
 398	100	 3.3579	 1.0319	   1.5004	        1.5011	          0.0007	   1.6271	2.329e-03	   0.029	   273.108
 399	100	 3.3575	 1.0321	   1.5004	        1.5011	          0.0007	   1.6187	2.391e-03	   0.031	   273.686
 400	100	 3.3573	 1.0319	   1.5004	        1.5011	          0.0007	   1.6017	2.299e-03	   0.029	   274.258
 401	101	 3.3572	 1.0316	   1.5004	        1.5011	          0.0007	   1.6013	2.203e-03	   0.030	   274.833
 402	101	 3.3574	 1.0322	   1.5004	        1.5011	          0.0007	   1.6383	2.464e-03	   0.026	   275.409
 403	101	 3.3567	 1.0315	   1.5004	        1.5011	          0.0007	   1.5661	2.143e-03	   0.030	   275.984
 404	101	 3.3573	 1.0318	   1.5004	        1.5011	          0.0007	   1.6319	2.278e-03	   0.029	   276.560
 405	102	 3.3574	 1.0320	   1.5004	        1.5011	          0.0007	   1.6257	2.359e-03	   0.033	   277.160
 406	102	 3.3573	 1.0313	   1.5004	        1.5011	          0.0007	   1.5747	2.059e-03	   0.029	   277.775
 407	102	 3.3572	 1.0312	   1.5004	        1.5011	          0.0007	   1.6013	2.017e-03	   0.031	   278.356
 408	102	 3.3567	 1.0321	   1.5004	        1.5011	          0.0007	   1.6499	2.413e-03	   0.034	   278.999
 409	103	 3.3565	 1.0330	   1.5004	        1.5011	          0.0007	   1.6542	2.792e-03	   0.026	   279.638
 410	103	 3.3558	 1.0336	   1.5004	        1.5011	          0.0006	   1.6404	3.077e-03	   0.029	   280.235
 411	103	 3.3558	 1.0333	   1.5004	        1.5011	          0.0007	   1.5965	2.925e-03	   0.029	   280.811
 412	103	 3.3562	 1.0325	   1.5004	        1.5011	          0.0007	   1.5686	2.569e-03	   0.031	   281.382
 413	104	 3.3565	 1.0335	   1.5004	        1.5011	          0.0007	   1.6666	3.009e-03	   0.029	   281.959
 414	104	 3.3572	 1.0321	   1.5004	        1.5011	          0.0007	   1.5547	2.417e-03	   0.030	   282.534
 415	104	 3.3566	 1.0321	   1.5004	        1.5011	          0.0007	   1.6006	2.393e-03	   0.031	   283.103
 416	104	 3.3560	 1.0320	   1.5004	        1.5011	          0.0007	   1.6017	2.376e-03	   0.025	   283.678
 417	105	 3.3559	 1.0318	   1.5004	        1.5011	          0.0007	   1.6051	2.272e-03	   0.029	   284.256
 418	105	 3.3558	 1.0313	   1.5004	        1.5011	          0.0007	   1.5793	2.058e-03	   0.033	   284.848
 419	105	 3.3556	 1.0308	   1.5004	        1.5011	          0.0007	   1.5876	1.851e-03	   0.033	   285.486
 420	105	 3.3556	 1.0327	   1.5004	        1.5011	          0.0007	   1.6964	2.644e-03	   0.028	   286.124
 421	106	 3.3558	 1.0325	   1.5004	        1.5011	          0.0007	   1.6061	2.577e-03	   0.031	   286.727
 422	106	 3.3558	 1.0328	   1.5004	        1.5011	          0.0007	   1.6209	2.722e-03	   0.036	   287.351
 423	106	 3.3561	 1.0319	   1.5004	        1.5011	          0.0007	   1.5693	2.305e-03	   0.031	   288.000
 424	106	 3.3557	 1.0324	   1.5004	        1.5011	          0.0007	   1.6397	2.550e-03	   0.031	   288.672
 425	107	 3.3556	 1.0337	   1.5004	        1.5011	          0.0006	   1.6693	3.086e-03	   0.031	   289.314
 426	107	 3.3553	 1.0317	   1.5004	        1.5011	          0.0007	   1.5142	2.235e-03	   0.028	   289.938
 427	107	 3.3547	 1.0323	   1.5004	        1.5011	          0.0007	   1.6409	2.511e-03	   0.029	   290.540
 428	107	 3.3555	 1.0334	   1.5004	        1.5011	          0.0007	   1.6710	2.961e-03	   0.031	   291.130
 429	108	 3.3557	 1.0323	   1.5004	        1.5011	          0.0007	   1.5567	2.483e-03	   0.030	   291.700
 430	108	 3.3546	 1.0324	   1.5004	        1.5011	          0.0007	   1.5972	2.518e-03	   0.027	   292.273
 431	108	 3.3550	 1.0334	   1.5004	        1.5011	          0.0007	   1.6712	2.986e-03	   0.028	   292.846
 432	108	 3.3546	 1.0336	   1.5004	        1.5011	          0.0007	   1.6220	3.065e-03	   0.029	   293.425
 433	109	 3.3544	 1.0322	   1.5004	        1.5011	          0.0007	   1.5408	2.444e-03	   0.029	   294.022
 434	109	 3.3540	 1.0321	   1.5004	        1.5011	          0.0007	   1.6083	2.379e-03	   0.031	   294.652
 435	109	 3.3544	 1.0325	   1.5004	        1.5011	          0.0007	   1.6338	2.593e-03	   0.032	   295.260
 436	109	 3.3548	 1.0327	   1.5004	        1.5011	          0.0007	   1.6241	2.676e-03	   0.032	   295.853
 437	110	 3.3553	 1.0340	   1.5004	        1.5011	          0.0006	   1.6776	3.223e-03	   0.030	   296.452
 438	110	 3.3547	 1.0336	   1.5004	        1.5011	          0.0007	   1.5851	3.070e-03	   0.030	   297.027
 439	110	 3.3545	 1.0338	   1.5004	        1.5011	          0.0007	   1.6224	3.145e-03	   0.028	   297.604
 440	110	 3.3546	 1.0329	   1.5004	        1.5011	          0.0007	   1.5705	2.749e-03	   0.028	   298.177
 441	111	 3.3554	 1.0318	   1.5004	        1.5011	          0.0007	   1.5590	2.255e-03	   0.030	   298.759
 442	111	 3.3552	 1.0307	   1.5004	        1.5011	          0.0007	   1.5575	1.793e-03	   0.030	   299.332
 443	111	 3.3547	 1.0312	   1.5004	        1.5011	          0.0007	   1.6348	2.002e-03	   0.027	   299.901
 444	111	 3.3547	 1.0325	   1.5004	        1.5011	          0.0007	   1.6781	2.569e-03	   0.027	   300.478
 445	112	 3.3551	 1.0331	   1.5004	        1.5011	          0.0007	   1.6492	2.831e-03	   0.030	   301.050
 446	112	 3.3547	 1.0321	   1.5004	        1.5011	          0.0007	   1.5592	2.422e-03	   0.032	   301.634
 447	112	 3.3544	 1.0330	   1.5004	        1.5011	          0.0007	   1.6449	2.787e-03	   0.032	   302.271
 448	112	 3.3542	 1.0330	   1.5004	        1.5011	          0.0007	   1.6151	2.805e-03	   0.031	   302.918
 449	113	 3.3545	 1.0334	   1.5004	        1.5011	          0.0007	   1.6294	2.965e-03	   0.028	   303.517
 450	113	 3.3550	 1.0343	   1.5004	        1.5011	          0.0006	   1.6694	3.377e-03	   0.032	   304.092
 451	113	 3.3542	 1.0334	   1.5004	        1.5011	          0.0007	   1.5558	2.973e-03	   0.030	   304.699
 452	113	 3.3542	 1.0331	   1.5004	        1.5011	          0.0007	   1.5976	2.826e-03	   0.029	   305.292
 453	114	 3.3546	 1.0321	   1.5004	        1.5011	          0.0007	   1.5530	2.387e-03	   0.030	   305.866
 454	114	 3.3548	 1.0321	   1.5004	        1.5011	          0.0007	   1.6091	2.381e-03	   0.027	   306.435
 455	114	 3.3544	 1.0325	   1.5004	        1.5011	          0.0007	   1.6364	2.562e-03	   0.029	   307.018
 456	114	 3.3539	 1.0328	   1.5004	        1.5011	          0.0007	   1.6260	2.690e-03	   0.027	   307.593
 457	115	 3.3534	 1.0308	   1.5004	        1.5011	          0.0007	   1.5038	1.821e-03	   0.030	   308.166
 458	115	 3.3537	 1.0320	   1.5004	        1.5011	          0.0007	   1.6848	2.377e-03	   0.029	   308.741
 459	115	 3.3532	 1.0323	   1.5004	        1.5011	          0.0007	   1.6180	2.495e-03	   0.029	   309.313
 460	115	 3.3535	 1.0321	   1.5004	        1.5011	          0.0007	   1.6017	2.384e-03	   0.050	   309.880
 461	116	 3.3535	 1.0316	   1.5004	        1.5011	          0.0007	   1.5857	2.183e-03	   0.025	   310.363
 462	116	 3.3535	 1.0321	   1.5004	        1.5011	          0.0007	   1.6410	2.405e-03	   0.030	   311.015
 463	116	 3.3529	 1.0321	   1.5004	        1.5011	          0.0007	   1.6000	2.387e-03	   0.024	   311.511
 464	116	 3.3530	 1.0324	   1.5004	        1.5011	          0.0007	   1.6341	2.535e-03	   0.023	   311.957
 465	117	 3.3535	 1.0330	   1.5004	        1.5011	          0.0007	   1.6394	2.804e-03	   0.021	   312.421
 466	117	 3.3530	 1.0325	   1.5004	        1.5011	          0.0007	   1.5842	2.569e-03	   0.026	   312.879
 467	117	 3.3530	 1.0317	   1.5004	        1.5011	          0.0007	   1.5733	2.210e-03	   0.025	   313.327
 468	117	 3.3532	 1.0324	   1.5004	        1.5011	          0.0007	   1.6532	2.525e-03	   0.025	   313.773
 469	118	 3.3528	 1.0326	   1.5004	        1.5011	          0.0007	   1.6149	2.622e-03	   0.024	   314.226
 470	118	 3.3536	 1.0327	   1.5004	        1.5011	          0.0007	   1.6234	2.668e-03	   0.024	   314.674
 471	118	 3.3538	 1.0338	   1.5004	        1.5011	          0.0007	   1.6795	3.149e-03	   0.023	   315.120
 472	118	 3.3532	 1.0316	   1.5004	        1.5011	          0.0007	   1.4834	2.179e-03	   0.020	   315.564
 473	119	 3.3527	 1.0306	   1.5004	        1.5011	          0.0007	   1.5507	1.758e-03	   0.026	   316.020
 474	119	 3.3532	 1.0302	   1.5004	        1.5011	          0.0007	   1.5988	1.586e-03	   0.027	   316.486
 475	119	 3.3537	 1.0312	   1.5004	        1.5011	          0.0007	   1.6680	1.995e-03	   0.030	   316.993
 476	119	 3.3531	 1.0309	   1.5004	        1.5011	          0.0007	   1.5908	1.893e-03	   0.026	   317.507
 477	120	 3.3528	 1.0306	   1.5004	        1.5011	          0.0007	   1.5768	1.726e-03	   0.024	   317.979
 478	120	 3.3529	 1.0303	   1.5004	        1.5011	          0.0007	   1.6034	1.607e-03	   0.026	   318.431
 479	120	 3.3531	 1.0300	   1.5004	        1.5011	          0.0007	   1.5957	1.489e-03	   0.022	   318.905
 480	120	 3.3524	 1.0311	   1.5004	        1.5011	          0.0007	   1.6645	1.962e-03	   0.026	   319.380
 481	121	 3.3532	 1.0306	   1.5004	        1.5011	          0.0007	   1.5889	1.760e-03	   0.025	   319.828
 482	121	 3.3526	 1.0307	   1.5004	        1.5011	          0.0007	   1.6083	1.798e-03	   0.025	   320.274
 483	121	 3.3526	 1.0316	   1.5004	        1.5011	          0.0007	   1.6622	2.184e-03	   0.025	   320.727
 484	121	 3.3522	 1.0311	   1.5004	        1.5011	          0.0007	   1.5823	1.958e-03	   0.024	   321.175
 485	122	 3.3526	 1.0308	   1.5004	        1.5011	          0.0007	   1.6017	1.847e-03	   0.023	   321.621
 486	122	 3.3526	 1.0318	   1.5004	        1.5011	          0.0007	   1.6593	2.253e-03	   0.020	   322.065
 487	122	 3.3526	 1.0321	   1.5004	        1.5011	          0.0007	   1.6285	2.389e-03	   0.026	   322.521
 488	122	 3.3523	 1.0314	   1.5004	        1.5011	          0.0007	   1.5747	2.111e-03	   0.027	   322.975
 489	123	 3.3518	 1.0297	   1.5004	        1.5011	          0.0007	   1.5078	1.358e-03	   0.027	   323.479
 490	123	 3.3518	 1.0298	   1.5004	        1.5011	          0.0007	   1.6129	1.385e-03	   0.029	   323.996
 491	123	 3.3519	 1.0305	   1.5004	        1.5011	          0.0007	   1.6490	1.684e-03	   0.024	   324.452
 492	123	 3.3518	 1.0312	   1.5004	        1.5011	          0.0007	   1.6557	2.001e-03	   0.023	   324.899
 493	124	 3.3519	 1.0316	   1.5004	        1.5011	          0.0007	   1.6301	2.163e-03	   0.021	   325.357
 494	124	 3.3521	 1.0317	   1.5004	        1.5011	          0.0007	   1.6211	2.233e-03	   0.026	   325.821
 495	124	 3.3519	 1.0312	   1.5004	        1.5011	          0.0007	   1.5758	1.997e-03	   0.025	   326.269
 496	124	 3.3520	 1.0313	   1.5004	        1.5011	          0.0007	   1.6224	2.027e-03	   0.025	   326.715
 497	125	 3.3518	 1.0314	   1.5004	        1.5011	          0.0007	   1.6157	2.073e-03	   0.024	   327.168
 498	125	 3.3520	 1.0314	   1.5004	        1.5011	          0.0007	   1.6159	2.089e-03	   0.024	   327.616
 499	125	 3.3517	 1.0311	   1.5004	        1.5011	          0.0007	   1.5901	1.944e-03	   0.023	   328.062
 500	125	 3.3521	 1.0313	   1.5004	        1.5011	          0.0007	   1.6284	2.038e-03	   0.019	   328.505
 501	126	 3.3520	 1.0314	   1.5004	        1.5011	          0.0007	   1.6147	2.085e-03	   0.026	   328.961
 502	126	 3.3524	 1.0314	   1.5004	        1.5011	          0.0007	   1.6206	2.089e-03	   0.026	   329.425
 503	126	 3.3520	 1.0318	   1.5004	        1.5011	          0.0007	   1.6242	2.260e-03	   0.029	   329.923
 504	126	 3.3518	 1.0314	   1.5004	        1.5011	          0.0007	   1.5886	2.103e-03	   0.029	   330.443
 505	127	 3.3512	 1.0309	   1.5004	        1.5011	          0.0007	   1.5654	1.882e-03	   0.024	   330.920
 506	127	 3.3515	 1.0309	   1.5004	        1.5011	          0.0007	   1.6184	1.893e-03	   0.023	   331.366
 507	127	 3.3518	 1.0309	   1.5004	        1.5011	          0.0007	   1.6163	1.873e-03	   0.022	   331.840
 508	127	 3.3515	 1.0314	   1.5004	        1.5011	          0.0007	   1.6349	2.075e-03	   0.028	   332.320
 509	128	 3.3517	 1.0314	   1.5004	        1.5011	          0.0007	   1.6214	2.102e-03	   0.025	   332.769
 510	128	 3.3516	 1.0319	   1.5004	        1.5011	          0.0007	   1.6401	2.327e-03	   0.025	   333.216
 511	128	 3.3512	 1.0306	   1.5004	        1.5011	          0.0007	   1.5309	1.756e-03	   0.024	   333.669
 512	128	 3.3511	 1.0311	   1.5004	        1.5011	          0.0007	   1.6302	1.945e-03	   0.024	   334.116
 513	129	 3.3513	 1.0306	   1.5004	        1.5011	          0.0007	   1.5897	1.744e-03	   0.023	   334.562
 514	129	 3.3515	 1.0301	   1.5004	        1.5011	          0.0007	   1.5837	1.525e-03	   0.022	   335.034
 515	129	 3.3517	 1.0305	   1.5004	        1.5011	          0.0007	   1.6444	1.716e-03	   0.028	   335.529
 516	129	 3.3510	 1.0304	   1.5004	        1.5011	          0.0007	   1.5873	1.668e-03	   0.027	   336.006
 517	130	 3.3506	 1.0308	   1.5004	        1.5011	          0.0007	   1.6280	1.836e-03	   0.025	   336.519
 518	130	 3.3506	 1.0300	   1.5004	        1.5011	          0.0007	   1.5686	1.497e-03	   0.027	   337.011
 519	130	 3.3505	 1.0300	   1.5004	        1.5011	          0.0007	   1.6024	1.470e-03	   0.024	   337.464
 520	130	 3.3511	 1.0305	   1.5004	        1.5011	          0.0007	   1.6498	1.714e-03	   0.023	   337.910
 521	131	 3.3512	 1.0305	   1.5004	        1.5011	          0.0007	   1.6140	1.717e-03	   0.021	   338.360
 522	131	 3.3503	 1.0303	   1.5004	        1.5011	          0.0007	   1.5895	1.630e-03	   0.026	   338.833
 523	131	 3.3507	 1.0305	   1.5004	        1.5011	          0.0007	   1.6215	1.686e-03	   0.025	   339.280
 524	131	 3.3508	 1.0311	   1.5004	        1.5011	          0.0007	   1.6443	1.958e-03	   0.025	   339.727
 525	132	 3.3499	 1.0311	   1.5004	        1.5011	          0.0007	   1.5992	1.979e-03	   0.024	   340.180
 526	132	 3.3499	 1.0308	   1.5004	        1.5011	          0.0007	   1.5855	1.813e-03	   0.024	   340.628
 527	132	 3.3498	 1.0301	   1.5004	        1.5011	          0.0007	   1.5713	1.503e-03	   0.023	   341.074
 528	132	 3.3505	 1.0308	   1.5004	        1.5011	          0.0007	   1.6650	1.841e-03	   0.022	   341.524
 529	133	 3.3503	 1.0312	   1.5004	        1.5011	          0.0007	   1.6293	1.994e-03	   0.028	   342.021
 530	133	 3.3494	 1.0312	   1.5004	        1.5011	          0.0007	   1.5989	1.989e-03	   0.031	   342.530
 531	133	 3.3496	 1.0312	   1.5004	        1.5011	          0.0007	   1.6119	1.985e-03	   0.032	   343.105
 532	133	 3.3497	 1.0315	   1.5004	        1.5011	          0.0007	   1.6391	2.146e-03	   0.028	   343.672
 533	134	 3.3498	 1.0313	   1.5004	        1.5011	          0.0007	   1.5975	2.046e-03	   0.026	   344.196
 534	134	 3.3499	 1.0314	   1.5004	        1.5011	          0.0007	   1.6108	2.096e-03	   0.024	   344.645
 535	134	 3.3493	 1.0316	   1.5004	        1.5011	          0.0007	   1.6159	2.163e-03	   0.022	   345.113
 536	134	 3.3498	 1.0312	   1.5004	        1.5011	          0.0007	   1.6017	2.014e-03	   0.027	   345.591
 537	135	 3.3492	 1.0317	   1.5004	        1.5011	          0.0007	   1.6326	2.221e-03	   0.025	   346.048
 538	135	 3.3496	 1.0309	   1.5004	        1.5011	          0.0007	   1.5650	1.865e-03	   0.026	   346.495
 539	135	 3.3494	 1.0315	   1.5004	        1.5011	          0.0007	   1.6522	2.134e-03	   0.025	   346.948
 540	135	 3.3493	 1.0317	   1.5004	        1.5011	          0.0007	   1.6179	2.229e-03	   0.024	   347.395
 541	136	 3.3494	 1.0318	   1.5004	        1.5011	          0.0007	   1.6139	2.277e-03	   0.023	   347.841
 542	136	 3.3485	 1.0309	   1.5004	        1.5011	          0.0007	   1.5423	1.854e-03	   0.020	   348.285
 543	136	 3.3484	 1.0311	   1.5004	        1.5011	          0.0007	   1.6237	1.976e-03	   0.028	   348.768
 544	136	 3.3490	 1.0314	   1.5004	        1.5011	          0.0007	   1.6420	2.080e-03	   0.025	   349.244
 545	137	 3.3490	 1.0323	   1.5004	        1.5011	          0.0007	   1.6701	2.469e-03	   0.027	   349.727
 546	137	 3.3493	 1.0332	   1.5004	        1.5011	          0.0007	   1.6737	2.877e-03	   0.027	   350.213
 547	137	 3.3493	 1.0324	   1.5004	        1.5011	          0.0007	   1.5592	2.529e-03	   0.024	   350.672
 548	137	 3.3491	 1.0319	   1.5004	        1.5011	          0.0007	   1.5713	2.297e-03	   0.023	   351.119
 549	138	 3.3491	 1.0315	   1.5004	        1.5011	          0.0007	   1.5827	2.137e-03	   0.019	   351.563
 550	138	 3.3484	 1.0318	   1.5004	        1.5011	          0.0007	   1.6224	2.270e-03	   0.026	   352.041
 551	138	 3.3486	 1.0314	   1.5004	        1.5011	          0.0007	   1.5831	2.082e-03	   0.025	   352.489
 552	138	 3.3486	 1.0316	   1.5004	        1.5011	          0.0007	   1.6342	2.195e-03	   0.025	   352.935
 553	139	 3.3488	 1.0324	   1.5004	        1.5011	          0.0007	   1.6613	2.520e-03	   0.024	   353.388
 554	139	 3.3488	 1.0325	   1.5004	        1.5011	          0.0007	   1.6232	2.589e-03	   0.024	   353.836
 555	139	 3.3488	 1.0322	   1.5004	        1.5011	          0.0007	   1.5968	2.464e-03	   0.023	   354.282
 556	139	 3.3484	 1.0316	   1.5004	        1.5011	          0.0007	   1.5631	2.171e-03	   0.019	   354.726
 557	140	 3.3479	 1.0316	   1.5004	        1.5011	          0.0007	   1.6025	2.186e-03	   0.026	   355.182
 558	140	 3.3480	 1.0319	   1.5004	        1.5011	          0.0007	   1.6318	2.328e-03	   0.027	   355.638
 559	140	 3.3479	 1.0326	   1.5004	        1.5011	          0.0007	   1.6626	2.609e-03	   0.028	   356.131
 560	140	 3.3481	 1.0319	   1.5004	        1.5011	          0.0007	   1.5615	2.295e-03	   0.027	   356.654
 561	141	 3.3475	 1.0335	   1.5004	        1.5011	          0.0007	   1.7146	3.017e-03	   0.025	   357.139
 562	141	 3.3484	 1.0330	   1.5004	        1.5011	          0.0007	   1.5940	2.797e-03	   0.021	   357.558
 563	141	 3.3481	 1.0324	   1.5004	        1.5011	          0.0007	   1.5707	2.544e-03	   0.020	   357.998
 564	141	 3.3479	 1.0320	   1.5004	        1.5011	          0.0007	   1.5720	2.340e-03	   0.024	   358.444
 565	142	 3.3481	 1.0318	   1.5004	        1.5011	          0.0007	   1.6067	2.259e-03	   0.023	   358.878
 566	142	 3.3476	 1.0320	   1.5004	        1.5011	          0.0007	   1.6201	2.343e-03	   0.024	   359.293
 567	142	 3.3475	 1.0319	   1.5004	        1.5011	          0.0007	   1.5987	2.304e-03	   0.023	   359.713
 568	142	 3.3477	 1.0317	   1.5004	        1.5011	          0.0007	   1.6056	2.243e-03	   0.025	   360.161
 569	143	 3.3472	 1.0318	   1.5004	        1.5011	          0.0007	   1.6070	2.247e-03	   0.023	   360.618
 570	143	 3.3473	 1.0319	   1.5004	        1.5011	          0.0007	   1.6234	2.319e-03	   0.018	   361.030
 571	143	 3.3481	 1.0320	   1.5004	        1.5011	          0.0007	   1.6286	2.358e-03	   0.026	   361.484
 572	143	 3.3478	 1.0316	   1.5004	        1.5011	          0.0007	   1.5828	2.197e-03	   0.023	   361.912
 573	144	 3.3476	 1.0317	   1.5004	        1.5011	          0.0007	   1.6143	2.201e-03	   0.026	   362.345
 574	144	 3.3471	 1.0316	   1.5004	        1.5011	          0.0007	   1.6001	2.175e-03	   0.025	   362.798
 575	144	 3.3477	 1.0317	   1.5004	        1.5011	          0.0007	   1.6252	2.205e-03	   0.023	   363.233
 576	144	 3.3474	 1.0317	   1.5004	        1.5011	          0.0007	   1.6020	2.201e-03	   0.021	   363.650
 577	145	 3.3477	 1.0322	   1.5004	        1.5011	          0.0007	   1.6491	2.435e-03	   0.017	   364.061
 578	145	 3.3476	 1.0325	   1.5004	        1.5011	          0.0007	   1.6326	2.574e-03	   0.024	   364.507
 579	145	 3.3473	 1.0320	   1.5004	        1.5011	          0.0007	   1.5674	2.337e-03	   0.022	   364.926
 580	145	 3.3469	 1.0318	   1.5004	        1.5011	          0.0007	   1.6026	2.283e-03	   0.024	   365.342
 581	146	 3.3463	 1.0308	   1.5004	        1.5011	          0.0007	   1.5336	1.820e-03	   0.022	   365.762
 582	146	 3.3463	 1.0308	   1.5004	        1.5011	          0.0007	   1.6105	1.843e-03	   0.023	   366.181
 583	146	 3.3464	 1.0323	   1.5004	        1.5011	          0.0007	   1.7030	2.480e-03	   0.021	   366.599
 584	146	 3.3467	 1.0323	   1.5004	        1.5011	          0.0007	   1.6307	2.498e-03	   0.017	   367.009
 585	147	 3.3469	 1.0324	   1.5004	        1.5011	          0.0007	   1.6027	2.529e-03	   0.024	   367.434
 586	147	 3.3466	 1.0328	   1.5004	        1.5011	          0.0007	   1.6403	2.700e-03	   0.025	   367.857
 587	147	 3.3464	 1.0325	   1.5004	        1.5011	          0.0007	   1.5902	2.555e-03	   0.028	   368.316
 588	147	 3.3465	 1.0320	   1.5004	        1.5011	          0.0007	   1.5845	2.359e-03	   0.025	   368.807
 589	148	 3.3462	 1.0316	   1.5004	        1.5011	          0.0007	   1.5846	2.199e-03	   0.024	   369.263
 590	148	 3.3465	 1.0312	   1.5004	        1.5011	          0.0007	   1.5857	2.021e-03	   0.021	   369.689
 591	148	 3.3464	 1.0313	   1.5004	        1.5011	          0.0007	   1.6165	2.053e-03	   0.020	   370.114
 592	148	 3.3467	 1.0320	   1.5004	        1.5011	          0.0007	   1.6608	2.356e-03	   0.025	   370.564
 593	149	 3.3467	 1.0322	   1.5004	        1.5011	          0.0007	   1.6266	2.446e-03	   0.023	   370.998
 594	149	 3.3472	 1.0321	   1.5004	        1.5011	          0.0007	   1.6162	2.409e-03	   0.024	   371.413
 595	149	 3.3472	 1.0326	   1.5004	        1.5011	          0.0007	   1.6405	2.603e-03	   0.023	   371.834
 596	149	 3.3467	 1.0320	   1.5004	        1.5011	          0.0007	   1.5586	2.334e-03	   0.023	   372.253
 597	150	 3.3465	 1.0330	   1.5004	        1.5011	          0.0007	   1.6835	2.799e-03	   0.023	   372.676
 598	150	 3.3465	 1.0333	   1.5004	        1.5011	          0.0007	   1.6377	2.910e-03	   0.020	   373.123
 599	150	 3.3465	 1.0319	   1.5004	        1.5011	          0.0007	   1.5184	2.310e-03	   0.026	   373.568
 600	150	 3.3464	 1.0318	   1.5004	        1.5011	          0.0007	   1.5910	2.250e-03	   0.023	   373.994
 601	151	 3.3466	 1.0318	   1.5004	        1.5011	          0.0007	   1.6120	2.254e-03	   0.026	   374.424
 602	151	 3.3469	 1.0320	   1.5004	        1.5011	          0.0007	   1.6383	2.363e-03	   0.024	   374.874
 603	151	 3.3470	 1.0318	   1.5004	        1.5011	          0.0007	   1.5956	2.252e-03	   0.023	   375.316
 604	151	 3.3466	 1.0321	   1.5004	        1.5011	          0.0007	   1.6248	2.385e-03	   0.021	   375.733
 605	152	 3.3461	 1.0313	   1.5004	        1.5011	          0.0007	   1.5561	2.062e-03	   0.017	   376.144
 606	152	 3.3458	 1.0317	   1.5004	        1.5011	          0.0007	   1.6298	2.213e-03	   0.026	   376.589
 607	152	 3.3462	 1.0323	   1.5004	        1.5011	          0.0007	   1.6591	2.489e-03	   0.022	   377.009
 608	152	 3.3461	 1.0324	   1.5004	        1.5011	          0.0007	   1.6209	2.514e-03	   0.024	   377.424
 609	153	 3.3460	 1.0320	   1.5004	        1.5011	          0.0007	   1.5834	2.353e-03	   0.022	   377.845
 610	153	 3.3455	 1.0313	   1.5004	        1.5011	          0.0007	   1.5581	2.056e-03	   0.023	   378.264
 611	153	 3.3461	 1.0319	   1.5004	        1.5011	          0.0007	   1.6604	2.298e-03	   0.021	   378.681
 612	153	 3.3462	 1.0323	   1.5004	        1.5011	          0.0007	   1.6449	2.498e-03	   0.017	   379.092
 613	154	 3.3469	 1.0321	   1.5004	        1.5011	          0.0007	   1.6043	2.396e-03	   0.024	   379.516
 614	154	 3.3471	 1.0315	   1.5004	        1.5011	          0.0007	   1.5775	2.147e-03	   0.022	   379.935
 615	154	 3.3466	 1.0322	   1.5004	        1.5011	          0.0007	   1.6502	2.446e-03	   0.027	   380.391
 616	154	 3.3463	 1.0321	   1.5004	        1.5011	          0.0007	   1.6035	2.418e-03	   0.025	   380.886
 617	155	 3.3461	 1.0320	   1.5004	        1.5011	          0.0007	   1.6034	2.342e-03	   0.025	   381.342
 618	155	 3.3459	 1.0323	   1.5004	        1.5011	          0.0007	   1.6241	2.481e-03	   0.021	   381.771
 619	155	 3.3459	 1.0330	   1.5004	        1.5011	          0.0007	   1.6582	2.789e-03	   0.020	   382.188
 620	155	 3.3463	 1.0327	   1.5004	        1.5011	          0.0007	   1.5981	2.671e-03	   0.026	   382.642
 621	156	 3.3462	 1.0331	   1.5004	        1.5011	          0.0007	   1.6411	2.849e-03	   0.025	   383.109
 622	156	 3.3461	 1.0331	   1.5004	        1.5011	          0.0007	   1.6094	2.850e-03	   0.026	   383.562
 623	156	 3.3456	 1.0330	   1.5004	        1.5011	          0.0007	   1.5978	2.789e-03	   0.023	   384.004
 624	156	 3.3459	 1.0329	   1.5004	        1.5011	          0.0007	   1.6081	2.757e-03	   0.023	   384.438
 625	157	 3.3456	 1.0336	   1.5004	        1.5011	          0.0007	   1.6590	3.059e-03	   0.023	   384.863
 626	157	 3.3460	 1.0326	   1.5004	        1.5011	          0.0007	   1.5462	2.630e-03	   0.018	   385.303
 627	157	 3.3457	 1.0325	   1.5004	        1.5011	          0.0007	   1.5958	2.568e-03	   0.024	   385.728
 628	157	 3.3462	 1.0325	   1.5004	        1.5011	          0.0007	   1.6171	2.584e-03	   0.023	   386.147
 629	158	 3.3459	 1.0327	   1.5004	        1.5011	          0.0007	   1.6176	2.684e-03	   0.026	   386.572
 630	158	 3.3457	 1.0330	   1.5004	        1.5011	          0.0007	   1.6225	2.778e-03	   0.025	   387.023
 631	158	 3.3454	 1.0327	   1.5004	        1.5011	          0.0007	   1.5963	2.655e-03	   0.023	   387.468
 632	158	 3.3454	 1.0329	   1.5004	        1.5011	          0.0007	   1.6326	2.762e-03	   0.021	   387.885
 633	159	 3.3458	 1.0332	   1.5004	        1.5011	          0.0007	   1.6353	2.881e-03	   0.017	   388.296
 634	159	 3.3460	 1.0328	   1.5004	        1.5011	          0.0007	   1.5822	2.693e-03	   0.028	   388.751
 635	159	 3.3460	 1.0324	   1.5004	        1.5011	          0.0007	   1.5915	2.546e-03	   0.025	   389.219
 636	159	 3.3458	 1.0326	   1.5004	        1.5011	          0.0007	   1.6213	2.622e-03	   0.028	   389.694
 637	160	 3.3456	 1.0327	   1.5004	        1.5011	          0.0007	   1.6165	2.681e-03	   0.025	   390.191
 638	160	 3.3460	 1.0331	   1.5004	        1.5011	          0.0007	   1.6527	2.848e-03	   0.027	   390.673
 639	160	 3.3455	 1.0333	   1.5004	        1.5011	          0.0007	   1.6088	2.908e-03	   0.023	   391.136
 640	160	 3.3458	 1.0323	   1.5004	        1.5011	          0.0007	   1.5497	2.505e-03	   0.019	   391.568
 641	161	 3.3455	 1.0317	   1.5004	        1.5011	          0.0007	   1.5603	2.212e-03	   0.024	   392.001
 642	161	 3.3452	 1.0313	   1.5004	        1.5011	          0.0007	   1.5720	2.058e-03	   0.023	   392.420
 643	161	 3.3453	 1.0315	   1.5004	        1.5011	          0.0007	   1.6291	2.131e-03	   0.028	   392.869
 644	161	 3.3453	 1.0318	   1.5004	        1.5011	          0.0007	   1.6343	2.283e-03	   0.027	   393.362
 645	162	 3.3448	 1.0319	   1.5004	        1.5011	          0.0007	   1.6133	2.322e-03	   0.023	   393.824
 646	162	 3.3452	 1.0324	   1.5004	        1.5011	          0.0007	   1.6449	2.530e-03	   0.021	   394.256
 647	162	 3.3452	 1.0326	   1.5004	        1.5011	          0.0007	   1.6246	2.608e-03	   0.018	   394.667
 648	162	 3.3450	 1.0319	   1.5004	        1.5011	          0.0007	   1.5616	2.305e-03	   0.026	   395.121
 649	163	 3.3451	 1.0317	   1.5004	        1.5011	          0.0007	   1.6055	2.235e-03	   0.025	   395.564
 650	163	 3.3452	 1.0313	   1.5004	        1.5011	          0.0007	   1.5722	2.024e-03	   0.024	   395.980
 651	163	 3.3455	 1.0307	   1.5004	        1.5011	          0.0007	   1.5712	1.760e-03	   0.023	   396.401
 652	163	 3.3457	 1.0312	   1.5004	        1.5011	          0.0007	   1.6477	1.983e-03	   0.025	   396.847
 653	164	 3.3454	 1.0306	   1.5004	        1.5011	          0.0007	   1.5596	1.747e-03	   0.022	   397.293
 654	164	 3.3457	 1.0313	   1.5004	        1.5011	          0.0007	   1.6781	2.062e-03	   0.018	   397.718
 655	164	 3.3458	 1.0315	   1.5004	        1.5011	          0.0007	   1.6287	2.142e-03	   0.024	   398.143
 656	164	 3.3456	 1.0314	   1.5004	        1.5011	          0.0007	   1.5913	2.073e-03	   0.023	   398.562
 657	165	 3.3458	 1.0319	   1.5004	        1.5011	          0.0007	   1.6515	2.305e-03	   0.026	   398.983
 658	165	 3.3458	 1.0316	   1.5004	        1.5011	          0.0007	   1.5958	2.188e-03	   0.025	   399.434
 659	165	 3.3454	 1.0318	   1.5004	        1.5011	          0.0007	   1.6231	2.272e-03	   0.023	   399.883
 660	165	 3.3453	 1.0316	   1.5004	        1.5011	          0.0007	   1.5914	2.184e-03	   0.021	   400.300
 661	166	 3.3453	 1.0320	   1.5004	        1.5011	          0.0007	   1.6381	2.359e-03	   0.017	   400.711
 662	166	 3.3448	 1.0319	   1.5004	        1.5011	          0.0007	   1.5923	2.291e-03	   0.026	   401.141
 663	166	 3.3447	 1.0318	   1.5004	        1.5011	          0.0007	   1.6090	2.276e-03	   0.022	   401.576
 664	166	 3.3451	 1.0317	   1.5004	        1.5011	          0.0007	   1.6055	2.207e-03	   0.024	   401.992
 665	167	 3.3454	 1.0322	   1.5004	        1.5011	          0.0007	   1.6581	2.450e-03	   0.022	   402.413
 666	167	 3.3454	 1.0319	   1.5004	        1.5011	          0.0007	   1.5836	2.289e-03	   0.023	   402.832
 667	167	 3.3448	 1.0319	   1.5004	        1.5011	          0.0007	   1.6122	2.326e-03	   0.021	   403.249
 668	167	 3.3450	 1.0318	   1.5004	        1.5011	          0.0007	   1.5981	2.249e-03	   0.017	   403.660
 669	168	 3.3450	 1.0308	   1.5004	        1.5011	          0.0007	   1.5375	1.843e-03	   0.024	   404.084
 670	168	 3.3452	 1.0311	   1.5004	        1.5011	          0.0007	   1.6299	1.936e-03	   0.022	   404.503
 671	168	 3.3454	 1.0321	   1.5004	        1.5011	          0.0007	   1.6973	2.393e-03	   0.025	   404.945
 672	168	 3.3447	 1.0321	   1.5004	        1.5011	          0.0007	   1.6008	2.404e-03	   0.028	   405.434
 673	169	 3.3443	 1.0323	   1.5004	        1.5011	          0.0007	   1.6165	2.495e-03	   0.024	   405.907
 674	169	 3.3441	 1.0324	   1.5004	        1.5011	          0.0007	   1.6190	2.545e-03	   0.022	   406.339
 675	169	 3.3449	 1.0323	   1.5004	        1.5011	          0.0007	   1.6203	2.492e-03	   0.020	   406.764
 676	169	 3.3449	 1.0318	   1.5004	        1.5011	          0.0007	   1.5710	2.272e-03	   0.028	   407.254
 677	170	 3.3449	 1.0320	   1.5004	        1.5011	          0.0007	   1.6267	2.352e-03	   0.023	   407.708
 678	170	 3.3448	 1.0322	   1.5004	        1.5011	          0.0007	   1.6227	2.450e-03	   0.024	   408.133
 679	170	 3.3446	 1.0324	   1.5004	        1.5011	          0.0007	   1.6223	2.527e-03	   0.023	   408.554
 680	170	 3.3448	 1.0317	   1.5004	        1.5011	          0.0007	   1.5647	2.229e-03	   0.025	   409.002
 681	171	 3.3447	 1.0319	   1.5004	        1.5011	          0.0007	   1.6290	2.298e-03	   0.021	   409.429
 682	171	 3.3445	 1.0322	   1.5004	        1.5011	          0.0007	   1.6274	2.441e-03	   0.018	   409.839
 683	171	 3.3446	 1.0325	   1.5004	        1.5011	          0.0007	   1.6358	2.585e-03	   0.024	   410.263
 684	171	 3.3448	 1.0320	   1.5004	        1.5011	          0.0007	   1.5720	2.359e-03	   0.023	   410.682
 685	172	 3.3446	 1.0319	   1.5004	        1.5011	          0.0007	   1.5950	2.299e-03	   0.026	   411.100
 686	172	 3.3445	 1.0320	   1.5004	        1.5011	          0.0007	   1.6136	2.337e-03	   0.025	   411.551
 687	172	 3.3448	 1.0323	   1.5004	        1.5011	          0.0007	   1.6435	2.483e-03	   0.025	   412.002
 688	172	 3.3445	 1.0324	   1.5004	        1.5011	          0.0007	   1.6205	2.549e-03	   0.021	   412.422
 689	173	 3.3442	 1.0327	   1.5004	        1.5011	          0.0007	   1.6274	2.645e-03	   0.017	   412.832
 690	173	 3.3440	 1.0331	   1.5004	        1.5011	          0.0007	   1.6436	2.833e-03	   0.024	   413.256
 691	173	 3.3441	 1.0329	   1.5004	        1.5011	          0.0007	   1.6018	2.743e-03	   0.023	   413.698
 692	173	 3.3443	 1.0323	   1.5004	        1.5011	          0.0007	   1.5675	2.505e-03	   0.024	   414.113
 693	174	 3.3445	 1.0321	   1.5004	        1.5011	          0.0007	   1.6022	2.410e-03	   0.022	   414.534
 694	174	 3.3448	 1.0321	   1.5004	        1.5011	          0.0007	   1.6142	2.396e-03	   0.023	   414.953
 695	174	 3.3446	 1.0322	   1.5004	        1.5011	          0.0007	   1.6236	2.453e-03	   0.021	   415.370
 696	174	 3.3443	 1.0323	   1.5004	        1.5011	          0.0007	   1.6115	2.489e-03	   0.018	   415.781
 697	175	 3.3444	 1.0316	   1.5004	        1.5011	          0.0007	   1.5615	2.169e-03	   0.024	   416.205
 698	175	 3.3445	 1.0317	   1.5004	        1.5011	          0.0007	   1.6217	2.229e-03	   0.022	   416.624
 699	175	 3.3444	 1.0322	   1.5004	        1.5011	          0.0007	   1.6468	2.456e-03	   0.026	   417.063
 700	175	 3.3444	 1.0324	   1.5004	        1.5011	          0.0007	   1.6264	2.530e-03	   0.028	   417.541
 701	176	 3.3442	 1.0317	   1.5004	        1.5011	          0.0007	   1.5502	2.214e-03	   0.027	   418.025
 702	176	 3.3444	 1.0325	   1.5004	        1.5011	          0.0007	   1.6733	2.572e-03	   0.021	   418.460
 703	176	 3.3445	 1.0327	   1.5004	        1.5011	          0.0007	   1.6233	2.654e-03	   0.017	   418.871
 704	176	 3.3443	 1.0325	   1.5004	        1.5011	          0.0007	   1.6066	2.595e-03	   0.026	   419.314
 705	177	 3.3441	 1.0325	   1.5004	        1.5011	          0.0007	   1.5989	2.568e-03	   0.022	   419.754
 706	177	 3.3438	 1.0328	   1.5004	        1.5011	          0.0007	   1.6381	2.713e-03	   0.026	   420.191
 707	177	 3.3439	 1.0328	   1.5004	        1.5011	          0.0007	   1.6116	2.706e-03	   0.025	   420.647
 708	177	 3.3441	 1.0325	   1.5004	        1.5011	          0.0007	   1.5900	2.572e-03	   0.025	   421.088
 709	178	 3.3437	 1.0323	   1.5004	        1.5011	          0.0007	   1.5904	2.491e-03	   0.021	   421.512
 710	178	 3.3438	 1.0328	   1.5004	        1.5011	          0.0007	   1.6614	2.726e-03	   0.017	   421.923
 711	178	 3.3437	 1.0332	   1.5004	        1.5011	          0.0007	   1.6428	2.898e-03	   0.024	   422.347
 712	178	 3.3437	 1.0325	   1.5004	        1.5011	          0.0007	   1.5513	2.585e-03	   0.022	   422.766
 713	179	 3.3437	 1.0321	   1.5004	        1.5011	          0.0007	   1.5783	2.416e-03	   0.024	   423.181
 714	179	 3.3437	 1.0322	   1.5004	        1.5011	          0.0007	   1.6178	2.447e-03	   0.024	   423.630
 715	179	 3.3438	 1.0324	   1.5004	        1.5011	          0.0007	   1.6345	2.529e-03	   0.025	   424.082
 716	179	 3.3436	 1.0325	   1.5004	        1.5011	          0.0007	   1.6105	2.573e-03	   0.021	   424.505
 717	180	 3.3437	 1.0326	   1.5004	        1.5011	          0.0007	   1.6168	2.630e-03	   0.017	   424.915
 718	180	 3.3436	 1.0325	   1.5004	        1.5011	          0.0007	   1.6037	2.583e-03	   0.024	   425.340
 719	180	 3.3435	 1.0327	   1.5004	        1.5011	          0.0007	   1.6249	2.648e-03	   0.022	   425.781
 720	180	 3.3435	 1.0325	   1.5004	        1.5011	          0.0007	   1.5971	2.567e-03	   0.024	   426.196
 721	181	 3.3437	 1.0318	   1.5004	        1.5011	          0.0007	   1.5551	2.245e-03	   0.022	   426.617
 722	181	 3.3435	 1.0324	   1.5004	        1.5011	          0.0007	   1.6646	2.540e-03	   0.023	   427.036
 723	181	 3.3436	 1.0322	   1.5004	        1.5011	          0.0007	   1.5914	2.443e-03	   0.021	   427.453
 724	181	 3.3436	 1.0322	   1.5004	        1.5011	          0.0007	   1.6120	2.437e-03	   0.017	   427.864
 725	182	 3.3440	 1.0319	   1.5004	        1.5011	          0.0007	   1.5928	2.313e-03	   0.024	   428.288
 726	182	 3.3436	 1.0312	   1.5004	        1.5011	          0.0007	   1.5406	2.015e-03	   0.022	   428.707
 727	182	 3.3433	 1.0315	   1.5004	        1.5011	          0.0007	   1.6336	2.141e-03	   0.025	   429.143
 728	182	 3.3436	 1.0314	   1.5004	        1.5011	          0.0007	   1.6141	2.099e-03	   0.030	   429.631
 729	183	 3.3435	 1.0315	   1.5004	        1.5011	          0.0007	   1.6182	2.119e-03	   0.028	   430.157
 730	183	 3.3434	 1.0312	   1.5004	        1.5011	          0.0007	   1.5824	2.017e-03	   0.022	   430.630
 731	183	 3.3435	 1.0314	   1.5004	        1.5011	          0.0007	   1.6262	2.100e-03	   0.018	   431.056
 732	183	 3.3434	 1.0314	   1.5004	        1.5011	          0.0007	   1.6012	2.068e-03	   0.026	   431.495
 733	184	 3.3434	 1.0314	   1.5004	        1.5011	          0.0007	   1.6066	2.076e-03	   0.023	   431.939
 734	184	 3.3434	 1.0304	   1.5004	        1.5011	          0.0007	   1.5347	1.641e-03	   0.026	   432.378
 735	184	 3.3434	 1.0308	   1.5004	        1.5011	          0.0007	   1.6492	1.815e-03	   0.023	   432.828
 736	184	 3.3434	 1.0313	   1.5004	        1.5011	          0.0007	   1.6448	2.036e-03	   0.023	   433.248
 737	185	 3.3436	 1.0320	   1.5004	        1.5011	          0.0007	   1.6703	2.335e-03	   0.021	   433.665
 738	185	 3.3435	 1.0322	   1.5004	        1.5011	          0.0007	   1.6337	2.453e-03	   0.018	   434.075
 739	185	 3.3436	 1.0323	   1.5004	        1.5011	          0.0007	   1.6202	2.470e-03	   0.024	   434.500
 740	185	 3.3429	 1.0317	   1.5004	        1.5011	          0.0007	   1.5483	2.211e-03	   0.023	   434.919
 741	186	 3.3429	 1.0314	   1.5004	        1.5011	          0.0007	   1.5885	2.072e-03	   0.026	   435.345
 742	186	 3.3428	 1.0313	   1.5004	        1.5011	          0.0007	   1.5986	2.048e-03	   0.027	   435.831
 743	186	 3.3430	 1.0317	   1.5004	        1.5011	          0.0007	   1.6533	2.231e-03	   0.029	   436.337
 744	186	 3.3423	 1.0318	   1.5004	        1.5011	          0.0007	   1.6063	2.268e-03	   0.024	   436.844
 745	187	 3.3425	 1.0311	   1.5004	        1.5011	          0.0007	   1.5559	1.958e-03	   0.019	   437.296
 746	187	 3.3426	 1.0305	   1.5004	        1.5011	          0.0007	   1.5577	1.702e-03	   0.025	   437.759
 747	187	 3.3424	 1.0310	   1.5004	        1.5011	          0.0007	   1.6482	1.896e-03	   0.024	   438.199
 748	187	 3.3421	 1.0320	   1.5004	        1.5011	          0.0007	   1.6968	2.363e-03	   0.024	   438.616
 749	188	 3.3421	 1.0325	   1.5004	        1.5011	          0.0007	   1.6554	2.559e-03	   0.022	   439.037
 750	188	 3.3422	 1.0318	   1.5004	        1.5011	          0.0007	   1.5543	2.245e-03	   0.023	   439.457
 751	188	 3.3421	 1.0317	   1.5004	        1.5011	          0.0007	   1.6031	2.232e-03	   0.021	   439.874
 752	188	 3.3416	 1.0322	   1.5004	        1.5011	          0.0007	   1.6418	2.452e-03	   0.018	   440.285
 753	189	 3.3414	 1.0320	   1.5004	        1.5011	          0.0007	   1.5921	2.374e-03	   0.024	   440.709
 754	189	 3.3410	 1.0327	   1.5004	        1.5011	          0.0007	   1.6574	2.674e-03	   0.022	   441.128
 755	189	 3.3411	 1.0325	   1.5004	        1.5011	          0.0007	   1.6046	2.582e-03	   0.026	   441.561
 756	189	 3.3411	 1.0326	   1.5004	        1.5011	          0.0007	   1.6172	2.634e-03	   0.025	   442.028
 757	190	 3.3410	 1.0326	   1.5004	        1.5011	          0.0007	   1.6069	2.623e-03	   0.025	   442.510
 758	190	 3.3410	 1.0329	   1.5004	        1.5011	          0.0007	   1.6388	2.742e-03	   0.023	   442.961
 759	190	 3.3413	 1.0328	   1.5004	        1.5011	          0.0007	   1.6061	2.703e-03	   0.018	   443.375
 760	190	 3.3410	 1.0331	   1.5004	        1.5011	          0.0007	   1.6412	2.844e-03	   0.026	   443.805
 761	191	 3.3411	 1.0329	   1.5004	        1.5011	          0.0007	   1.5986	2.763e-03	   0.027	   444.281
 762	191	 3.3407	 1.0335	   1.5004	        1.5011	          0.0007	   1.6458	3.008e-03	   0.025	   444.743
 763	191	 3.3408	 1.0336	   1.5004	        1.5011	          0.0007	   1.6185	3.059e-03	   0.023	   445.180
 764	191	 3.3406	 1.0329	   1.5004	        1.5011	          0.0007	   1.5575	2.759e-03	   0.023	   445.599
 765	192	 3.3403	 1.0323	   1.5004	        1.5011	          0.0007	   1.5528	2.494e-03	   0.021	   446.016
 766	192	 3.3407	 1.0322	   1.5004	        1.5011	          0.0007	   1.6099	2.448e-03	   0.017	   446.427
 767	192	 3.3404	 1.0333	   1.5004	        1.5011	          0.0007	   1.7061	2.945e-03	   0.024	   446.851
 768	192	 3.3404	 1.0332	   1.5004	        1.5011	          0.0007	   1.5926	2.863e-03	   0.022	   447.270
 769	193	 3.3408	 1.0334	   1.5004	        1.5011	          0.0007	   1.6405	2.959e-03	   0.024	   447.685
 770	193	 3.3406	 1.0331	   1.5004	        1.5011	          0.0007	   1.5869	2.838e-03	   0.022	   448.128
 771	193	 3.3407	 1.0331	   1.5004	        1.5011	          0.0007	   1.6037	2.816e-03	   0.025	   448.573
 772	193	 3.3405	 1.0327	   1.5004	        1.5011	          0.0007	   1.5802	2.675e-03	   0.021	   449.009
 773	194	 3.3405	 1.0329	   1.5004	        1.5011	          0.0007	   1.6269	2.735e-03	   0.017	   449.419
 774	194	 3.3408	 1.0325	   1.5004	        1.5011	          0.0007	   1.5852	2.564e-03	   0.024	   449.844
 775	194	 3.3403	 1.0321	   1.5004	        1.5011	          0.0007	   1.5647	2.391e-03	   0.024	   450.277
 776	194	 3.3402	 1.0324	   1.5004	        1.5011	          0.0007	   1.6374	2.535e-03	   0.024	   450.700
 777	195	 3.3404	 1.0320	   1.5004	        1.5011	          0.0007	   1.5829	2.373e-03	   0.022	   451.121
 778	195	 3.3399	 1.0320	   1.5004	        1.5011	          0.0007	   1.6072	2.373e-03	   0.023	   451.540
 779	195	 3.3404	 1.0321	   1.5004	        1.5011	          0.0007	   1.6246	2.409e-03	   0.021	   451.957
 780	195	 3.3406	 1.0324	   1.5004	        1.5011	          0.0007	   1.6365	2.539e-03	   0.017	   452.368
 781	196	 3.3404	 1.0319	   1.5004	        1.5011	          0.0007	   1.5694	2.323e-03	   0.024	   452.793
 782	196	 3.3406	 1.0323	   1.5004	        1.5011	          0.0007	   1.6477	2.503e-03	   0.024	   453.214
 783	196	 3.3406	 1.0323	   1.5004	        1.5011	          0.0007	   1.6111	2.506e-03	   0.028	   453.686
 784	196	 3.3405	 1.0323	   1.5004	        1.5011	          0.0007	   1.6068	2.467e-03	   0.024	   454.179
 785	197	 3.3405	 1.0323	   1.5004	        1.5011	          0.0007	   1.6198	2.491e-03	   0.027	   454.657
 786	197	 3.3400	 1.0318	   1.5004	        1.5011	          0.0007	   1.5564	2.276e-03	   0.022	   455.108
 787	197	 3.3402	 1.0316	   1.5004	        1.5011	          0.0007	   1.5984	2.190e-03	   0.018	   455.528
 788	197	 3.3404	 1.0323	   1.5004	        1.5011	          0.0007	   1.6695	2.464e-03	   0.024	   455.952
 789	198	 3.3401	 1.0319	   1.5004	        1.5011	          0.0007	   1.5739	2.311e-03	   0.027	   456.430
 790	198	 3.3405	 1.0320	   1.5004	        1.5011	          0.0007	   1.6291	2.337e-03	   0.026	   456.878
 791	198	 3.3402	 1.0326	   1.5004	        1.5011	          0.0007	   1.6679	2.638e-03	   0.023	   457.300
 792	198	 3.3402	 1.0327	   1.5004	        1.5011	          0.0007	   1.6109	2.644e-03	   0.023	   457.719
 793	199	 3.3407	 1.0327	   1.5004	        1.5011	          0.0007	   1.6273	2.682e-03	   0.021	   458.137
 794	199	 3.3406	 1.0322	   1.5004	        1.5011	          0.0007	   1.5656	2.462e-03	   0.018	   458.547
 795	199	 3.3404	 1.0320	   1.5004	        1.5011	          0.0007	   1.5882	2.344e-03	   0.024	   458.971
 796	199	 3.3402	 1.0322	   1.5004	        1.5011	          0.0007	   1.6258	2.443e-03	   0.023	   459.390
 797	200	 3.3399	 1.0321	   1.5004	        1.5011	          0.0007	   1.5999	2.402e-03	   0.024	   459.806
 798	200	 3.3399	 1.0326	   1.5004	        1.5011	          0.0007	   1.6548	2.596e-03	   0.023	   460.248
 799	200	 3.3403	 1.0319	   1.5004	        1.5011	          0.0007	   1.5570	2.310e-03	   0.023	   460.690
 800	200	 3.3403	 1.0320	   1.5004	        1.5011	          0.0007	   1.6198	2.363e-03	   0.018	   461.100

[BSGD] Finished on device cuda -> σ_f² ≈ 3.3403, σ_ε² ≈ 1.0320
