[GPU 1][JOB 106] 'python cli.py bsgd --n 1024 --lengthscale 0.5 --sigma-f2-true 4.0 --sigma-eps2-true 1.0 --n-epochs 200 --device auto --kernel-mode finite --theta-min 1e-4 --theta-max 20.0 --print-every 1 --seed 5 --batch-size 512 --sigma-f2-init 5.0 --sigma-eps2-init 3.0 --alpha1 9.0 '

=== BSGD (biased SGD on exact kernel) ===
iter	epoch	σ_f²	σ_ε²	real_nlml	real_nlml_true	real_nlml_abs_err	mini_nlml	||grad||	duration_s	wall_time_s
   1	 1	 5.0947	 2.0601	   1.5906	        1.4829	          0.1077	   1.6438	1.242e-01	   0.188	     0.354
   2	 1	 5.1536	 1.5209	   1.5244	        1.4829	          0.0416	   1.5765	1.156e-01	   0.058	     1.029
   3	 2	 5.2276	 1.1932	   1.4915	        1.4829	          0.0086	   1.5519	7.702e-02	   0.066	     1.787
   4	 2	 5.2407	 0.9907	   1.4816	        1.4829	          0.0013	   1.5100	1.242e-02	   0.063	     2.536
   5	 3	 5.2802	 0.9662	   1.4814	        1.4829	          0.0015	   1.5332	5.038e-04	   0.065	     3.309
   6	 3	 5.3021	 0.9835	   1.4815	        1.4829	          0.0014	   1.5458	9.040e-03	   0.067	     4.121
   7	 4	 5.2989	 0.9657	   1.4814	        1.4829	          0.0015	   1.5276	2.886e-04	   0.072	     4.940
   8	 4	 5.3411	 0.9621	   1.4814	        1.4829	          0.0015	   1.5328	1.691e-03	   0.067	     5.768
   9	 5	 5.3661	 0.9794	   1.4814	        1.4829	          0.0014	   1.5515	7.065e-03	   0.075	     6.600
  10	 5	 5.3719	 0.9695	   1.4814	        1.4829	          0.0015	   1.5305	2.129e-03	   0.075	     7.417
  11	 6	 5.3793	 0.9661	   1.4814	        1.4829	          0.0015	   1.5341	4.275e-04	   0.055	     8.267
  12	 6	 5.3888	 0.9718	   1.4814	        1.4829	          0.0015	   1.5396	3.327e-03	   0.074	     9.113
  13	 7	 5.3981	 0.9642	   1.4814	        1.4829	          0.0015	   1.5295	5.818e-04	   0.070	     9.931
  14	 7	 5.4056	 0.9790	   1.4814	        1.4829	          0.0014	   1.5543	6.863e-03	   0.066	    10.747
  15	 8	 5.4175	 0.9530	   1.4814	        1.4829	          0.0015	   1.4959	6.539e-03	   0.077	    11.570
  16	 8	 5.4244	 0.9727	   1.4814	        1.4829	          0.0015	   1.5641	3.763e-03	   0.064	    12.381
  17	 9	 5.4416	 0.9630	   1.4814	        1.4829	          0.0015	   1.5260	1.191e-03	   0.078	    13.222
  18	 9	 5.4423	 0.9612	   1.4814	        1.4829	          0.0015	   1.5277	2.129e-03	   0.068	    14.039
  19	10	 5.4478	 0.9678	   1.4814	        1.4829	          0.0015	   1.5468	1.289e-03	   0.075	    14.857
  20	10	 5.4552	 0.9662	   1.4814	        1.4829	          0.0015	   1.5346	4.640e-04	   0.076	    15.687
  21	11	 5.4595	 0.9667	   1.4814	        1.4829	          0.0015	   1.5372	7.048e-04	   0.071	    16.531
  22	11	 5.4640	 0.9685	   1.4814	        1.4829	          0.0015	   1.5395	1.625e-03	   0.071	    17.357
  23	12	 5.4699	 0.9684	   1.4814	        1.4829	          0.0015	   1.5368	1.604e-03	   0.071	    18.226
  24	12	 5.4745	 0.9670	   1.4814	        1.4829	          0.0015	   1.5337	8.913e-04	   0.066	    19.135
  25	13	 5.4744	 0.9568	   1.4814	        1.4829	          0.0015	   1.5055	4.450e-03	   0.074	    19.986
  26	13	 5.4804	 0.9696	   1.4814	        1.4829	          0.0015	   1.5676	2.175e-03	   0.073	    20.826
  27	14	 5.4831	 0.9775	   1.4814	        1.4829	          0.0015	   1.5594	6.118e-03	   0.069	    21.638
  28	14	 5.4860	 0.9707	   1.4814	        1.4829	          0.0015	   1.5208	2.779e-03	   0.070	    22.459
  29	15	 5.4869	 0.9633	   1.4814	        1.4829	          0.0015	   1.5166	1.038e-03	   0.068	    23.284
  30	15	 5.4936	 0.9736	   1.4814	        1.4829	          0.0015	   1.5647	4.210e-03	   0.079	    24.136
  31	16	 5.4961	 0.9675	   1.4814	        1.4829	          0.0015	   1.5180	1.131e-03	   0.061	    24.962
  32	16	 5.4943	 0.9742	   1.4814	        1.4829	          0.0015	   1.5551	4.512e-03	   0.074	    25.788
  33	17	 5.4956	 0.9757	   1.4814	        1.4829	          0.0015	   1.5432	5.262e-03	   0.071	    26.606
  34	17	 5.4970	 0.9716	   1.4814	        1.4829	          0.0015	   1.5237	3.224e-03	   0.071	    27.426
  35	18	 5.4986	 0.9650	   1.4814	        1.4829	          0.0015	   1.5127	2.058e-04	   0.077	    28.249
  36	18	 5.5038	 0.9713	   1.4814	        1.4829	          0.0015	   1.5602	3.055e-03	   0.070	    29.101
  37	19	 5.5041	 0.9714	   1.4814	        1.4829	          0.0015	   1.5352	3.129e-03	   0.067	    29.923
  38	19	 5.5084	 0.9711	   1.4814	        1.4829	          0.0015	   1.5398	2.982e-03	   0.074	    30.741
  39	20	 5.5086	 0.9698	   1.4814	        1.4829	          0.0015	   1.5306	2.293e-03	   0.066	    31.562
  40	20	 5.5112	 0.9683	   1.4814	        1.4829	          0.0015	   1.5311	1.535e-03	   0.073	    32.382
  41	21	 5.5141	 0.9658	   1.4814	        1.4829	          0.0015	   1.5278	2.727e-04	   0.069	    33.197
  42	21	 5.5156	 0.9709	   1.4814	        1.4829	          0.0015	   1.5571	2.846e-03	   0.067	    34.018
  43	22	 5.5168	 0.9723	   1.4814	        1.4829	          0.0015	   1.5413	3.573e-03	   0.075	    34.865
  44	22	 5.5189	 0.9681	   1.4814	        1.4829	          0.0015	   1.5199	1.430e-03	   0.065	    35.693
  45	23	 5.5204	 0.9692	   1.4814	        1.4829	          0.0015	   1.5399	2.017e-03	   0.081	    36.553
  46	23	 5.5214	 0.9681	   1.4814	        1.4829	          0.0015	   1.5324	1.425e-03	   0.071	    37.383
  47	24	 5.5252	 0.9699	   1.4814	        1.4829	          0.0015	   1.5489	2.331e-03	   0.077	    38.223
  48	24	 5.5239	 0.9672	   1.4814	        1.4829	          0.0015	   1.5201	9.861e-04	   0.070	    39.104
  49	25	 5.5244	 0.9700	   1.4814	        1.4829	          0.0015	   1.5507	2.384e-03	   0.073	    39.981
  50	25	 5.5263	 0.9678	   1.4814	        1.4829	          0.0015	   1.5235	1.299e-03	   0.071	    40.826
  51	26	 5.5294	 0.9639	   1.4814	        1.4829	          0.0015	   1.5162	7.567e-04	   0.068	    41.640
  52	26	 5.5289	 0.9688	   1.4814	        1.4829	          0.0015	   1.5592	1.794e-03	   0.068	    42.459
  53	27	 5.5312	 0.9708	   1.4814	        1.4829	          0.0015	   1.5495	2.830e-03	   0.071	    43.279
  54	27	 5.5320	 0.9693	   1.4814	        1.4829	          0.0015	   1.5264	2.037e-03	   0.074	    44.154
  55	28	 5.5335	 0.9659	   1.4814	        1.4829	          0.0015	   1.5179	3.115e-04	   0.080	    45.032
  56	28	 5.5366	 0.9669	   1.4814	        1.4829	          0.0015	   1.5432	8.098e-04	   0.068	    45.867
  57	29	 5.5366	 0.9683	   1.4814	        1.4829	          0.0015	   1.5388	1.525e-03	   0.068	    46.681
  58	29	 5.5373	 0.9662	   1.4814	        1.4829	          0.0015	   1.5242	4.489e-04	   0.077	    47.499
  59	30	 5.5411	 0.9709	   1.4814	        1.4829	          0.0015	   1.5707	2.874e-03	   0.064	    48.314
  60	30	 5.5407	 0.9651	   1.4814	        1.4829	          0.0015	   1.4964	1.263e-04	   0.082	    49.175
  61	31	 5.5409	 0.9648	   1.4814	        1.4829	          0.0015	   1.5311	2.801e-04	   0.065	    49.999
  62	31	 5.5431	 0.9666	   1.4814	        1.4829	          0.0015	   1.5482	6.835e-04	   0.076	    50.847
  63	32	 5.5453	 0.9632	   1.4814	        1.4829	          0.0015	   1.5144	1.112e-03	   0.071	    51.663
  64	32	 5.5454	 0.9680	   1.4814	        1.4829	          0.0015	   1.5654	1.399e-03	   0.061	    52.472
  65	33	 5.5487	 0.9675	   1.4814	        1.4829	          0.0015	   1.5316	1.113e-03	   0.067	    53.298
  66	33	 5.5486	 0.9675	   1.4814	        1.4829	          0.0015	   1.5393	1.136e-03	   0.073	    54.119
  67	34	 5.5482	 0.9669	   1.4814	        1.4829	          0.0015	   1.5294	8.308e-04	   0.065	    54.961
  68	34	 5.5505	 0.9676	   1.4814	        1.4829	          0.0015	   1.5429	1.176e-03	   0.068	    55.776
  69	35	 5.5509	 0.9682	   1.4814	        1.4829	          0.0015	   1.5402	1.481e-03	   0.070	    56.635
  70	35	 5.5521	 0.9680	   1.4814	        1.4829	          0.0015	   1.5350	1.386e-03	   0.070	    57.453
  71	36	 5.5552	 0.9702	   1.4814	        1.4829	          0.0015	   1.5525	2.509e-03	   0.072	    58.277
  72	36	 5.5547	 0.9681	   1.4814	        1.4829	          0.0015	   1.5222	1.452e-03	   0.078	    59.143
  73	37	 5.5537	 0.9669	   1.4814	        1.4829	          0.0015	   1.5271	8.376e-04	   0.088	    60.030
  74	37	 5.5571	 0.9683	   1.4814	        1.4829	          0.0015	   1.5477	1.525e-03	   0.068	    60.876
  75	38	 5.5561	 0.9707	   1.4814	        1.4829	          0.0015	   1.5547	2.756e-03	   0.072	    61.712
  76	38	 5.5594	 0.9665	   1.4814	        1.4829	          0.0015	   1.5049	6.281e-04	   0.065	    62.532
  77	39	 5.5593	 0.9707	   1.4814	        1.4829	          0.0015	   1.5719	2.759e-03	   0.069	    63.352
  78	39	 5.5608	 0.9666	   1.4814	        1.4829	          0.0015	   1.4995	6.515e-04	   0.071	    64.165
  79	40	 5.5622	 0.9691	   1.4814	        1.4829	          0.0015	   1.5602	1.935e-03	   0.072	    65.018
  80	40	 5.5626	 0.9664	   1.4814	        1.4829	          0.0015	   1.5106	5.711e-04	   0.070	    65.860
  81	41	 5.5639	 0.9658	   1.4814	        1.4829	          0.0015	   1.5314	2.528e-04	   0.067	    66.675
  82	41	 5.5641	 0.9651	   1.4814	        1.4829	          0.0015	   1.5271	1.172e-04	   0.073	    67.504
  83	42	 5.5650	 0.9661	   1.4814	        1.4829	          0.0015	   1.5457	4.345e-04	   0.076	    68.320
  84	42	 5.5656	 0.9649	   1.4814	        1.4829	          0.0015	   1.5223	2.268e-04	   0.060	    69.131
  85	43	 5.5655	 0.9693	   1.4814	        1.4829	          0.0015	   1.5744	2.057e-03	   0.075	    69.999
  86	43	 5.5672	 0.9654	   1.4814	        1.4829	          0.0015	   1.5017	9.375e-05	   0.076	    70.833
  87	44	 5.5670	 0.9642	   1.4814	        1.4829	          0.0015	   1.5219	5.793e-04	   0.065	    71.657
  88	44	 5.5695	 0.9659	   1.4814	        1.4829	          0.0015	   1.5538	3.136e-04	   0.075	    72.481
  89	45	 5.5699	 0.9677	   1.4814	        1.4829	          0.0015	   1.5504	1.235e-03	   0.064	    73.293
  90	45	 5.5702	 0.9658	   1.4814	        1.4829	          0.0015	   1.5190	2.555e-04	   0.080	    74.153
  91	46	 5.5715	 0.9616	   1.4814	        1.4829	          0.0015	   1.4960	1.923e-03	   0.074	    75.013
  92	46	 5.5715	 0.9644	   1.4814	        1.4829	          0.0015	   1.5583	4.497e-04	   0.083	    75.982
  93	47	 5.5721	 0.9657	   1.4814	        1.4829	          0.0015	   1.5453	2.141e-04	   0.081	    76.893
  94	47	 5.5721	 0.9654	   1.4814	        1.4829	          0.0015	   1.5319	8.167e-05	   0.069	    77.751
  95	48	 5.5714	 0.9634	   1.4814	        1.4829	          0.0015	   1.5105	9.694e-04	   0.068	    78.580
  96	48	 5.5722	 0.9667	   1.4814	        1.4829	          0.0015	   1.5680	7.354e-04	   0.075	    79.413
  97	49	 5.5725	 0.9673	   1.4814	        1.4829	          0.0015	   1.5409	1.035e-03	   0.075	    80.294
  98	49	 5.5728	 0.9671	   1.4814	        1.4829	          0.0015	   1.5339	9.286e-04	   0.075	    81.164
  99	50	 5.5731	 0.9650	   1.4814	        1.4829	          0.0015	   1.5144	1.461e-04	   0.076	    82.018
 100	50	 5.5745	 0.9672	   1.4814	        1.4829	          0.0015	   1.5593	9.970e-04	   0.075	    82.838
 101	51	 5.5748	 0.9671	   1.4814	        1.4829	          0.0015	   1.5351	9.159e-04	   0.079	    83.710
 102	51	 5.5758	 0.9678	   1.4814	        1.4829	          0.0015	   1.5426	1.262e-03	   0.073	    84.556
 103	52	 5.5765	 0.9695	   1.4814	        1.4829	          0.0015	   1.5569	2.168e-03	   0.074	    85.414
 104	52	 5.5767	 0.9685	   1.4814	        1.4829	          0.0015	   1.5240	1.656e-03	   0.056	    86.249
 105	53	 5.5767	 0.9675	   1.4814	        1.4829	          0.0015	   1.5223	1.134e-03	   0.073	    87.089
 106	53	 5.5779	 0.9682	   1.4814	        1.4829	          0.0015	   1.5457	1.475e-03	   0.065	    87.905
 107	54	 5.5777	 0.9684	   1.4814	        1.4829	          0.0015	   1.5407	1.572e-03	   0.070	    88.727
 108	54	 5.5790	 0.9685	   1.4814	        1.4829	          0.0015	   1.5359	1.653e-03	   0.069	    89.543
 109	55	 5.5790	 0.9718	   1.4814	        1.4829	          0.0015	   1.5713	3.305e-03	   0.075	    90.389
 110	55	 5.5799	 0.9683	   1.4814	        1.4829	          0.0015	   1.4979	1.524e-03	   0.074	    91.235
 111	56	 5.5803	 0.9661	   1.4814	        1.4829	          0.0015	   1.5105	4.413e-04	   0.070	    92.065
 112	56	 5.5810	 0.9672	   1.4814	        1.4829	          0.0015	   1.5483	9.662e-04	   0.070	    92.888
 113	57	 5.5817	 0.9663	   1.4814	        1.4829	          0.0015	   1.5290	5.178e-04	   0.078	    93.710
 114	57	 5.5815	 0.9677	   1.4814	        1.4829	          0.0015	   1.5473	1.221e-03	   0.069	    94.522
 115	58	 5.5808	 0.9674	   1.4814	        1.4829	          0.0015	   1.5269	1.079e-03	   0.069	    95.342
 116	58	 5.5821	 0.9678	   1.4814	        1.4829	          0.0015	   1.5460	1.280e-03	   0.078	    96.214
 117	59	 5.5830	 0.9692	   1.4814	        1.4829	          0.0015	   1.5554	2.019e-03	   0.063	    97.038
 118	59	 5.5829	 0.9686	   1.4814	        1.4829	          0.0015	   1.5271	1.720e-03	   0.080	    97.861
 119	60	 5.5835	 0.9698	   1.4814	        1.4829	          0.0015	   1.5504	2.280e-03	   0.068	    98.674
 120	60	 5.5833	 0.9688	   1.4814	        1.4829	          0.0015	   1.5219	1.784e-03	   0.076	    99.497
 121	61	 5.5843	 0.9694	   1.4814	        1.4829	          0.0015	   1.5462	2.095e-03	   0.069	   100.367
 122	61	 5.5842	 0.9689	   1.4814	        1.4829	          0.0015	   1.5275	1.825e-03	   0.079	   101.244
 123	62	 5.5849	 0.9686	   1.4814	        1.4829	          0.0015	   1.5327	1.701e-03	   0.069	   102.106
 124	62	 5.5853	 0.9685	   1.4814	        1.4829	          0.0015	   1.5359	1.641e-03	   0.060	   102.928
 125	63	 5.5854	 0.9655	   1.4814	        1.4829	          0.0015	   1.4928	1.229e-04	   0.073	   103.753
 126	63	 5.5861	 0.9684	   1.4814	        1.4829	          0.0015	   1.5763	1.572e-03	   0.064	   104.568
 127	64	 5.5863	 0.9679	   1.4814	        1.4829	          0.0015	   1.5293	1.339e-03	   0.072	   105.399
 128	64	 5.5866	 0.9683	   1.4814	        1.4829	          0.0015	   1.5405	1.537e-03	   0.075	   106.241
 129	65	 5.5872	 0.9703	   1.4814	        1.4829	          0.0015	   1.5623	2.553e-03	   0.074	   107.091
 130	65	 5.5874	 0.9684	   1.4814	        1.4829	          0.0015	   1.5117	1.577e-03	   0.076	   107.909
 131	66	 5.5880	 0.9687	   1.4814	        1.4829	          0.0015	   1.5409	1.766e-03	   0.068	   108.717
 132	66	 5.5884	 0.9688	   1.4814	        1.4829	          0.0015	   1.5396	1.801e-03	   0.063	   109.539
 133	67	 5.5877	 0.9700	   1.4814	        1.4829	          0.0015	   1.5472	2.385e-03	   0.078	   110.368
 134	67	 5.5883	 0.9682	   1.4814	        1.4829	          0.0015	   1.5146	1.501e-03	   0.061	   111.221
 135	68	 5.5879	 0.9667	   1.4814	        1.4829	          0.0015	   1.5158	7.495e-04	   0.078	   112.059
 136	68	 5.5891	 0.9675	   1.4814	        1.4829	          0.0015	   1.5453	1.110e-03	   0.067	   112.882
 137	69	 5.5893	 0.9675	   1.4814	        1.4829	          0.0015	   1.5369	1.152e-03	   0.068	   113.700
 138	69	 5.5900	 0.9677	   1.4814	        1.4829	          0.0015	   1.5367	1.213e-03	   0.077	   114.524
 139	70	 5.5904	 0.9668	   1.4814	        1.4829	          0.0015	   1.5233	7.791e-04	   0.074	   115.358
 140	70	 5.5914	 0.9673	   1.4814	        1.4829	          0.0015	   1.5431	1.018e-03	   0.075	   116.218
 141	71	 5.5914	 0.9650	   1.4814	        1.4829	          0.0015	   1.5006	1.482e-04	   0.068	   117.069
 142	71	 5.5924	 0.9661	   1.4814	        1.4829	          0.0015	   1.5524	4.365e-04	   0.073	   117.890
 143	72	 5.5928	 0.9638	   1.4814	        1.4829	          0.0015	   1.4977	7.572e-04	   0.068	   118.708
 144	72	 5.5931	 0.9666	   1.4814	        1.4829	          0.0015	   1.5777	6.553e-04	   0.064	   119.523
 145	73	 5.5936	 0.9650	   1.4814	        1.4829	          0.0015	   1.5148	1.393e-04	   0.070	   120.355
 146	73	 5.5937	 0.9674	   1.4814	        1.4829	          0.0015	   1.5680	1.075e-03	   0.079	   121.244
 147	74	 5.5943	 0.9702	   1.4814	        1.4829	          0.0015	   1.5810	2.499e-03	   0.070	   122.116
 148	74	 5.5948	 0.9682	   1.4814	        1.4829	          0.0015	   1.5045	1.477e-03	   0.084	   122.989
 149	75	 5.5956	 0.9681	   1.4814	        1.4829	          0.0015	   1.5373	1.423e-03	   0.065	   123.857
 150	75	 5.5955	 0.9678	   1.4814	        1.4829	          0.0015	   1.5274	1.274e-03	   0.073	   124.677
 151	76	 5.5959	 0.9660	   1.4814	        1.4829	          0.0015	   1.5069	3.717e-04	   0.063	   125.492
 152	76	 5.5958	 0.9682	   1.4814	        1.4829	          0.0015	   1.5698	1.486e-03	   0.074	   126.324
 153	77	 5.5966	 0.9687	   1.4814	        1.4829	          0.0015	   1.5454	1.740e-03	   0.079	   127.175
 154	77	 5.5968	 0.9675	   1.4814	        1.4829	          0.0015	   1.5168	1.119e-03	   0.063	   127.998
 155	78	 5.5964	 0.9687	   1.4814	        1.4829	          0.0015	   1.5487	1.731e-03	   0.075	   128.830
 156	78	 5.5969	 0.9673	   1.4814	        1.4829	          0.0015	   1.5179	1.030e-03	   0.070	   129.642
 157	79	 5.5970	 0.9673	   1.4814	        1.4829	          0.0015	   1.5344	1.012e-03	   0.073	   130.466
 158	79	 5.5974	 0.9676	   1.4814	        1.4829	          0.0015	   1.5415	1.175e-03	   0.083	   131.302
 159	80	 5.5978	 0.9678	   1.4814	        1.4829	          0.0015	   1.5401	1.265e-03	   0.071	   132.138
 160	80	 5.5982	 0.9677	   1.4814	        1.4829	          0.0015	   1.5351	1.220e-03	   0.066	   132.984
 161	81	 5.5982	 0.9656	   1.4814	        1.4829	          0.0015	   1.5018	1.759e-04	   0.073	   133.807
 162	81	 5.5992	 0.9681	   1.4814	        1.4829	          0.0015	   1.5786	1.442e-03	   0.067	   134.621
 163	82	 5.5992	 0.9677	   1.4814	        1.4829	          0.0015	   1.5288	1.257e-03	   0.077	   135.446
 164	82	 5.6000	 0.9686	   1.4814	        1.4829	          0.0015	   1.5538	1.689e-03	   0.058	   136.288
 165	83	 5.6000	 0.9693	   1.4814	        1.4829	          0.0015	   1.5485	2.073e-03	   0.070	   137.129
 166	83	 5.6004	 0.9687	   1.4814	        1.4829	          0.0015	   1.5247	1.738e-03	   0.072	   137.961
 167	84	 5.6002	 0.9698	   1.4814	        1.4829	          0.0015	   1.5551	2.305e-03	   0.072	   138.777
 168	84	 5.6008	 0.9683	   1.4814	        1.4829	          0.0015	   1.5105	1.547e-03	   0.072	   139.597
 169	85	 5.6008	 0.9691	   1.4814	        1.4829	          0.0015	   1.5530	1.937e-03	   0.068	   140.412
 170	85	 5.6014	 0.9688	   1.4814	        1.4829	          0.0015	   1.5280	1.810e-03	   0.077	   141.281
 171	86	 5.6015	 0.9686	   1.4814	        1.4829	          0.0015	   1.5302	1.704e-03	   0.072	   142.150
 172	86	 5.6016	 0.9690	   1.4814	        1.4829	          0.0015	   1.5443	1.918e-03	   0.072	   143.020
 173	87	 5.6016	 0.9684	   1.4814	        1.4829	          0.0015	   1.5230	1.579e-03	   0.068	   143.852
 174	87	 5.6024	 0.9696	   1.4814	        1.4829	          0.0015	   1.5614	2.189e-03	   0.072	   144.672
 175	88	 5.6024	 0.9711	   1.4814	        1.4829	          0.0015	   1.5665	2.955e-03	   0.071	   145.490
 176	88	 5.6029	 0.9698	   1.4814	        1.4829	          0.0015	   1.5111	2.324e-03	   0.071	   146.307
 177	89	 5.6032	 0.9696	   1.4814	        1.4829	          0.0015	   1.5283	2.191e-03	   0.065	   147.156
 178	89	 5.6034	 0.9698	   1.4814	        1.4829	          0.0015	   1.5430	2.285e-03	   0.080	   148.002
 179	90	 5.6039	 0.9690	   1.4814	        1.4829	          0.0015	   1.5232	1.911e-03	   0.065	   148.818
 180	90	 5.6039	 0.9692	   1.4814	        1.4829	          0.0015	   1.5407	2.005e-03	   0.071	   149.637
 181	91	 5.6044	 0.9667	   1.4814	        1.4829	          0.0015	   1.4885	7.431e-04	   0.070	   150.455
 182	91	 5.6042	 0.9696	   1.4814	        1.4829	          0.0015	   1.5903	2.221e-03	   0.075	   151.281
 183	92	 5.6051	 0.9702	   1.4814	        1.4829	          0.0015	   1.5507	2.532e-03	   0.082	   152.203
 184	92	 5.6053	 0.9696	   1.4814	        1.4829	          0.0015	   1.5256	2.229e-03	   0.076	   153.083
 185	93	 5.6048	 0.9704	   1.4814	        1.4829	          0.0015	   1.5489	2.592e-03	   0.084	   154.006
 186	93	 5.6059	 0.9691	   1.4814	        1.4829	          0.0015	   1.5142	1.951e-03	   0.079	   154.889
 187	94	 5.6064	 0.9675	   1.4814	        1.4829	          0.0015	   1.5017	1.159e-03	   0.073	   155.787
 188	94	 5.6064	 0.9694	   1.4814	        1.4829	          0.0015	   1.5767	2.119e-03	   0.071	   156.658
 189	95	 5.6064	 0.9687	   1.4814	        1.4829	          0.0015	   1.5227	1.749e-03	   0.070	   157.485
 190	95	 5.6068	 0.9695	   1.4814	        1.4829	          0.0015	   1.5515	2.175e-03	   0.068	   158.325
 191	96	 5.6072	 0.9695	   1.4814	        1.4829	          0.0015	   1.5385	2.174e-03	   0.067	   159.139
 192	96	 5.6075	 0.9698	   1.4814	        1.4829	          0.0015	   1.5394	2.286e-03	   0.071	   159.961
 193	97	 5.6077	 0.9713	   1.4814	        1.4829	          0.0015	   1.5696	3.042e-03	   0.076	   160.781
 194	97	 5.6077	 0.9699	   1.4814	        1.4829	          0.0015	   1.5080	2.358e-03	   0.077	   161.639
 195	98	 5.6081	 0.9697	   1.4814	        1.4829	          0.0015	   1.5356	2.273e-03	   0.082	   162.563
 196	98	 5.6080	 0.9701	   1.4814	        1.4829	          0.0015	   1.5412	2.446e-03	   0.073	   163.465
 197	99	 5.6084	 0.9715	   1.4814	        1.4829	          0.0015	   1.5667	3.144e-03	   0.070	   164.316
 198	99	 5.6083	 0.9699	   1.4814	        1.4829	          0.0015	   1.5041	2.349e-03	   0.075	   165.140
 199	100	 5.6085	 0.9683	   1.4814	        1.4829	          0.0015	   1.5066	1.568e-03	   0.065	   165.955
 200	100	 5.6087	 0.9704	   1.4814	        1.4829	          0.0015	   1.5765	2.604e-03	   0.076	   166.783
 201	101	 5.6091	 0.9710	   1.4814	        1.4829	          0.0015	   1.5547	2.929e-03	   0.068	   167.606
 202	101	 5.6091	 0.9702	   1.4814	        1.4829	          0.0015	   1.5143	2.499e-03	   0.076	   168.460
 203	102	 5.6089	 0.9710	   1.4814	        1.4829	          0.0015	   1.5565	2.938e-03	   0.071	   169.290
 204	102	 5.6096	 0.9704	   1.4814	        1.4829	          0.0015	   1.5229	2.605e-03	   0.062	   170.099
 205	103	 5.6096	 0.9716	   1.4814	        1.4829	          0.0015	   1.5648	3.232e-03	   0.067	   170.926
 206	103	 5.6097	 0.9703	   1.4814	        1.4829	          0.0015	   1.5072	2.565e-03	   0.071	   171.744
 207	104	 5.6098	 0.9700	   1.4814	        1.4829	          0.0015	   1.5325	2.430e-03	   0.071	   172.587
 208	104	 5.6105	 0.9697	   1.4814	        1.4829	          0.0015	   1.5291	2.274e-03	   0.074	   173.428
 209	105	 5.6103	 0.9703	   1.4814	        1.4829	          0.0015	   1.5481	2.571e-03	   0.070	   174.268
 210	105	 5.6109	 0.9694	   1.4814	        1.4829	          0.0015	   1.5169	2.087e-03	   0.069	   175.085
 211	106	 5.6108	 0.9695	   1.4814	        1.4829	          0.0015	   1.5375	2.148e-03	   0.072	   175.937
 212	106	 5.6113	 0.9691	   1.4814	        1.4829	          0.0015	   1.5315	1.969e-03	   0.069	   176.760
 213	107	 5.6114	 0.9700	   1.4814	        1.4829	          0.0015	   1.5579	2.405e-03	   0.082	   177.590
 214	107	 5.6111	 0.9688	   1.4814	        1.4829	          0.0015	   1.5036	1.796e-03	   0.070	   178.414
 215	108	 5.6114	 0.9671	   1.4814	        1.4829	          0.0015	   1.4962	9.211e-04	   0.074	   179.241
 216	108	 5.6117	 0.9689	   1.4814	        1.4829	          0.0015	   1.5792	1.840e-03	   0.066	   180.062
 217	109	 5.6122	 0.9683	   1.4814	        1.4829	          0.0015	   1.5200	1.521e-03	   0.069	   180.881
 218	109	 5.6120	 0.9689	   1.4814	        1.4829	          0.0015	   1.5535	1.860e-03	   0.071	   181.694
 219	110	 5.6120	 0.9697	   1.4814	        1.4829	          0.0015	   1.5543	2.231e-03	   0.073	   182.558
 220	110	 5.6124	 0.9691	   1.4814	        1.4829	          0.0015	   1.5235	1.949e-03	   0.079	   183.435
 221	111	 5.6125	 0.9688	   1.4814	        1.4829	          0.0015	   1.5260	1.807e-03	   0.072	   184.300
 222	111	 5.6127	 0.9687	   1.4814	        1.4829	          0.0015	   1.5356	1.765e-03	   0.073	   185.143
 223	112	 5.6134	 0.9692	   1.4814	        1.4829	          0.0015	   1.5478	1.979e-03	   0.074	   185.959
 224	112	 5.6132	 0.9686	   1.4814	        1.4829	          0.0015	   1.5233	1.695e-03	   0.059	   186.770
 225	113	 5.6136	 0.9672	   1.4814	        1.4829	          0.0015	   1.5057	9.923e-04	   0.069	   187.590
 226	113	 5.6137	 0.9681	   1.4814	        1.4829	          0.0015	   1.5560	1.447e-03	   0.076	   188.439
 227	114	 5.6141	 0.9680	   1.4814	        1.4829	          0.0015	   1.5345	1.370e-03	   0.070	   189.285
 228	114	 5.6137	 0.9685	   1.4814	        1.4829	          0.0015	   1.5453	1.660e-03	   0.074	   190.107
 229	115	 5.6142	 0.9688	   1.4814	        1.4829	          0.0015	   1.5432	1.790e-03	   0.064	   190.919
 230	115	 5.6141	 0.9685	   1.4814	        1.4829	          0.0015	   1.5277	1.628e-03	   0.077	   191.746
 231	116	 5.6146	 0.9688	   1.4814	        1.4829	          0.0015	   1.5447	1.813e-03	   0.068	   192.557
 232	116	 5.6147	 0.9681	   1.4814	        1.4829	          0.0015	   1.5214	1.443e-03	   0.075	   193.420
 233	117	 5.6148	 0.9681	   1.4814	        1.4829	          0.0015	   1.5338	1.443e-03	   0.074	   194.255
 234	117	 5.6151	 0.9686	   1.4814	        1.4829	          0.0015	   1.5495	1.673e-03	   0.072	   195.105
 235	118	 5.6153	 0.9692	   1.4814	        1.4829	          0.0015	   1.5517	1.978e-03	   0.068	   195.960
 236	118	 5.6155	 0.9690	   1.4814	        1.4829	          0.0015	   1.5322	1.911e-03	   0.068	   196.790
 237	119	 5.6160	 0.9690	   1.4814	        1.4829	          0.0015	   1.5352	1.903e-03	   0.068	   197.609
 238	119	 5.6157	 0.9693	   1.4814	        1.4829	          0.0015	   1.5431	2.035e-03	   0.072	   198.422
 239	120	 5.6156	 0.9686	   1.4814	        1.4829	          0.0015	   1.5188	1.676e-03	   0.075	   199.275
 240	120	 5.6158	 0.9696	   1.4814	        1.4829	          0.0015	   1.5609	2.213e-03	   0.073	   200.088
 241	121	 5.6155	 0.9679	   1.4814	        1.4829	          0.0015	   1.4913	1.320e-03	   0.071	   200.901
 242	121	 5.6166	 0.9695	   1.4814	        1.4829	          0.0015	   1.5793	2.144e-03	   0.063	   201.745
 243	122	 5.6170	 0.9697	   1.4814	        1.4829	          0.0015	   1.5440	2.236e-03	   0.066	   202.505
 244	122	 5.6170	 0.9689	   1.4814	        1.4829	          0.0015	   1.5163	1.871e-03	   0.051	   203.267
 245	123	 5.6173	 0.9696	   1.4814	        1.4829	          0.0015	   1.5524	2.192e-03	   0.055	   204.008
 246	123	 5.6174	 0.9685	   1.4814	        1.4829	          0.0015	   1.5062	1.625e-03	   0.057	   204.717
 247	124	 5.6176	 0.9689	   1.4814	        1.4829	          0.0015	   1.5525	1.871e-03	   0.060	   205.394
 248	124	 5.6180	 0.9688	   1.4814	        1.4829	          0.0015	   1.5313	1.811e-03	   0.051	   206.083
 249	125	 5.6183	 0.9690	   1.4814	        1.4829	          0.0015	   1.5423	1.922e-03	   0.053	   206.744
 250	125	 5.6182	 0.9689	   1.4814	        1.4829	          0.0015	   1.5299	1.830e-03	   0.055	   207.415
 251	126	 5.6185	 0.9684	   1.4814	        1.4829	          0.0015	   1.5256	1.595e-03	   0.055	   208.108
 252	126	 5.6185	 0.9688	   1.4814	        1.4829	          0.0015	   1.5446	1.802e-03	   0.057	   208.781
 253	127	 5.6185	 0.9681	   1.4814	        1.4829	          0.0015	   1.5163	1.458e-03	   0.053	   209.445
 254	127	 5.6187	 0.9689	   1.4814	        1.4829	          0.0015	   1.5560	1.825e-03	   0.052	   210.107
 255	128	 5.6192	 0.9689	   1.4814	        1.4829	          0.0015	   1.5359	1.832e-03	   0.051	   210.789
 256	128	 5.6192	 0.9688	   1.4814	        1.4829	          0.0015	   1.5358	1.782e-03	   0.060	   211.456
 257	129	 5.6188	 0.9683	   1.4814	        1.4829	          0.0015	   1.5253	1.547e-03	   0.054	   212.133
 258	129	 5.6195	 0.9686	   1.4814	        1.4829	          0.0015	   1.5396	1.693e-03	   0.061	   212.820
 259	130	 5.6198	 0.9686	   1.4814	        1.4829	          0.0015	   1.5363	1.675e-03	   0.058	   213.518
 260	130	 5.6197	 0.9688	   1.4814	        1.4829	          0.0015	   1.5397	1.791e-03	   0.062	   214.182
 261	131	 5.6199	 0.9680	   1.4814	        1.4829	          0.0015	   1.5167	1.404e-03	   0.053	   214.841
 262	131	 5.6200	 0.9688	   1.4814	        1.4829	          0.0015	   1.5564	1.822e-03	   0.052	   215.500
 263	132	 5.6202	 0.9696	   1.4814	        1.4829	          0.0015	   1.5566	2.229e-03	   0.059	   216.177
 264	132	 5.6203	 0.9689	   1.4814	        1.4829	          0.0015	   1.5165	1.838e-03	   0.049	   216.835
 265	133	 5.6207	 0.9682	   1.4814	        1.4829	          0.0015	   1.5216	1.499e-03	   0.056	   217.503
 266	133	 5.6207	 0.9693	   1.4814	        1.4829	          0.0015	   1.5625	2.038e-03	   0.056	   218.166
 267	134	 5.6210	 0.9695	   1.4814	        1.4829	          0.0015	   1.5462	2.149e-03	   0.056	   218.870
 268	134	 5.6212	 0.9693	   1.4814	        1.4829	          0.0015	   1.5291	2.058e-03	   0.057	   219.562
 269	135	 5.6217	 0.9683	   1.4814	        1.4829	          0.0015	   1.5088	1.521e-03	   0.060	   220.253
 270	135	 5.6215	 0.9690	   1.4814	        1.4829	          0.0015	   1.5555	1.925e-03	   0.055	   220.956
 271	136	 5.6217	 0.9688	   1.4814	        1.4829	          0.0015	   1.5273	1.797e-03	   0.054	   221.631
 272	136	 5.6217	 0.9691	   1.4814	        1.4829	          0.0015	   1.5471	1.947e-03	   0.059	   222.295
 273	137	 5.6221	 0.9688	   1.4814	        1.4829	          0.0015	   1.5275	1.804e-03	   0.056	   222.962
 274	137	 5.6220	 0.9693	   1.4814	        1.4829	          0.0015	   1.5513	2.037e-03	   0.052	   223.618
 275	138	 5.6221	 0.9682	   1.4814	        1.4829	          0.0015	   1.5050	1.507e-03	   0.059	   224.305
 276	138	 5.6222	 0.9692	   1.4814	        1.4829	          0.0015	   1.5658	2.001e-03	   0.064	   225.034
 277	139	 5.6222	 0.9694	   1.4814	        1.4829	          0.0015	   1.5419	2.110e-03	   0.061	   225.790
 278	139	 5.6223	 0.9697	   1.4814	        1.4829	          0.0015	   1.5452	2.238e-03	   0.058	   226.541
 279	140	 5.6226	 0.9692	   1.4814	        1.4829	          0.0015	   1.5281	2.001e-03	   0.062	   227.262
 280	140	 5.6226	 0.9694	   1.4814	        1.4829	          0.0015	   1.5372	2.123e-03	   0.055	   227.934
 281	141	 5.6229	 0.9703	   1.4814	        1.4829	          0.0015	   1.5636	2.547e-03	   0.056	   228.619
 282	141	 5.6231	 0.9696	   1.4814	        1.4829	          0.0015	   1.5155	2.185e-03	   0.061	   229.334
 283	142	 5.6233	 0.9687	   1.4814	        1.4829	          0.0015	   1.5122	1.738e-03	   0.056	   230.029
 284	142	 5.6233	 0.9696	   1.4814	        1.4829	          0.0015	   1.5616	2.200e-03	   0.053	   230.690
 285	143	 5.6234	 0.9698	   1.4814	        1.4829	          0.0015	   1.5460	2.304e-03	   0.058	   231.352
 286	143	 5.6237	 0.9696	   1.4814	        1.4829	          0.0015	   1.5298	2.214e-03	   0.059	   232.015
 287	144	 5.6238	 0.9691	   1.4814	        1.4829	          0.0015	   1.5203	1.937e-03	   0.055	   232.686
 288	144	 5.6242	 0.9692	   1.4814	        1.4829	          0.0015	   1.5416	1.989e-03	   0.063	   233.418
 289	145	 5.6243	 0.9682	   1.4814	        1.4829	          0.0015	   1.5065	1.486e-03	   0.052	   234.109
 290	145	 5.6248	 0.9688	   1.4814	        1.4829	          0.0015	   1.5581	1.815e-03	   0.051	   234.783
 291	146	 5.6250	 0.9686	   1.4814	        1.4829	          0.0015	   1.5278	1.692e-03	   0.055	   235.462
 292	146	 5.6251	 0.9688	   1.4814	        1.4829	          0.0015	   1.5432	1.795e-03	   0.060	   236.149
 293	147	 5.6249	 0.9690	   1.4814	        1.4829	          0.0015	   1.5430	1.900e-03	   0.059	   236.859
 294	147	 5.6253	 0.9688	   1.4814	        1.4829	          0.0015	   1.5310	1.799e-03	   0.051	   237.559
 295	148	 5.6255	 0.9689	   1.4814	        1.4829	          0.0015	   1.5411	1.854e-03	   0.058	   238.253
 296	148	 5.6255	 0.9686	   1.4814	        1.4829	          0.0015	   1.5237	1.684e-03	   0.057	   238.916
 297	149	 5.6254	 0.9685	   1.4814	        1.4829	          0.0015	   1.5311	1.647e-03	   0.053	   239.573
 298	149	 5.6258	 0.9686	   1.4814	        1.4829	          0.0015	   1.5433	1.694e-03	   0.054	   240.229
 299	150	 5.6261	 0.9686	   1.4814	        1.4829	          0.0015	   1.5356	1.693e-03	   0.063	   240.906
 300	150	 5.6260	 0.9687	   1.4814	        1.4829	          0.0015	   1.5411	1.755e-03	   0.058	   241.601
 301	151	 5.6261	 0.9687	   1.4814	        1.4829	          0.0015	   1.5339	1.736e-03	   0.053	   242.277
 302	151	 5.6262	 0.9685	   1.4814	        1.4829	          0.0015	   1.5301	1.623e-03	   0.054	   242.933
 303	152	 5.6260	 0.9683	   1.4814	        1.4829	          0.0015	   1.5271	1.539e-03	   0.056	   243.594
 304	152	 5.6263	 0.9685	   1.4814	        1.4829	          0.0015	   1.5450	1.632e-03	   0.049	   244.272
 305	153	 5.6265	 0.9693	   1.4814	        1.4829	          0.0015	   1.5639	2.034e-03	   0.058	   244.938
 306	153	 5.6267	 0.9684	   1.4814	        1.4829	          0.0015	   1.5080	1.614e-03	   0.057	   245.656
 307	154	 5.6270	 0.9676	   1.4814	        1.4829	          0.0015	   1.5102	1.202e-03	   0.056	   246.352
 308	154	 5.6270	 0.9685	   1.4814	        1.4829	          0.0015	   1.5634	1.626e-03	   0.052	   247.005
 309	155	 5.6270	 0.9675	   1.4814	        1.4829	          0.0015	   1.5012	1.127e-03	   0.051	   247.663
 310	155	 5.6276	 0.9678	   1.4814	        1.4829	          0.0015	   1.5534	1.313e-03	   0.052	   248.326
 311	156	 5.6277	 0.9684	   1.4814	        1.4829	          0.0015	   1.5519	1.594e-03	   0.052	   248.985
 312	156	 5.6276	 0.9677	   1.4814	        1.4829	          0.0015	   1.5136	1.244e-03	   0.064	   249.665
 313	157	 5.6279	 0.9681	   1.4814	        1.4829	          0.0015	   1.5507	1.432e-03	   0.059	   250.337
 314	157	 5.6279	 0.9677	   1.4814	        1.4829	          0.0015	   1.5211	1.235e-03	   0.056	   250.995
 315	158	 5.6278	 0.9681	   1.4814	        1.4829	          0.0015	   1.5456	1.428e-03	   0.054	   251.657
 316	158	 5.6280	 0.9675	   1.4814	        1.4829	          0.0015	   1.5205	1.156e-03	   0.065	   252.356
 317	159	 5.6286	 0.9669	   1.4814	        1.4829	          0.0015	   1.5152	8.444e-04	   0.053	   253.047
 318	159	 5.6284	 0.9674	   1.4814	        1.4829	          0.0015	   1.5516	1.067e-03	   0.056	   253.734
 319	160	 5.6285	 0.9673	   1.4814	        1.4829	          0.0015	   1.5326	1.035e-03	   0.059	   254.448
 320	160	 5.6288	 0.9676	   1.4814	        1.4829	          0.0015	   1.5473	1.187e-03	   0.055	   255.124
 321	161	 5.6287	 0.9678	   1.4814	        1.4829	          0.0015	   1.5413	1.304e-03	   0.053	   255.788
 322	161	 5.6289	 0.9675	   1.4814	        1.4829	          0.0015	   1.5232	1.117e-03	   0.050	   256.442
 323	162	 5.6284	 0.9688	   1.4814	        1.4829	          0.0015	   1.5797	1.824e-03	   0.054	   257.108
 324	162	 5.6287	 0.9679	   1.4814	        1.4829	          0.0015	   1.5058	1.349e-03	   0.059	   257.792
 325	163	 5.6289	 0.9677	   1.4814	        1.4829	          0.0015	   1.5285	1.215e-03	   0.062	   258.478
 326	163	 5.6290	 0.9676	   1.4814	        1.4829	          0.0015	   1.5351	1.205e-03	   0.056	   259.143
 327	164	 5.6291	 0.9673	   1.4814	        1.4829	          0.0015	   1.5248	1.039e-03	   0.055	   259.808
 328	164	 5.6294	 0.9678	   1.4814	        1.4829	          0.0015	   1.5543	1.314e-03	   0.057	   260.475
 329	165	 5.6295	 0.9687	   1.4814	        1.4829	          0.0015	   1.5684	1.769e-03	   0.056	   261.178
 330	165	 5.6297	 0.9679	   1.4814	        1.4829	          0.0015	   1.5060	1.324e-03	   0.057	   261.886
 331	166	 5.6301	 0.9667	   1.4814	        1.4829	          0.0015	   1.4973	7.080e-04	   0.056	   262.570
 332	166	 5.6300	 0.9673	   1.4814	        1.4829	          0.0015	   1.5546	1.019e-03	   0.056	   263.245
 333	167	 5.6303	 0.9674	   1.4814	        1.4829	          0.0015	   1.5403	1.082e-03	   0.057	   263.912
 334	167	 5.6303	 0.9672	   1.4814	        1.4829	          0.0015	   1.5297	9.793e-04	   0.050	   264.571
 335	168	 5.6304	 0.9671	   1.4814	        1.4829	          0.0015	   1.5345	9.479e-04	   0.058	   265.280
 336	168	 5.6307	 0.9671	   1.4814	        1.4829	          0.0015	   1.5356	9.452e-04	   0.053	   265.962
 337	169	 5.6308	 0.9676	   1.4814	        1.4829	          0.0015	   1.5528	1.202e-03	   0.051	   266.642
 338	169	 5.6309	 0.9669	   1.4814	        1.4829	          0.0015	   1.5115	8.461e-04	   0.053	   267.303
 339	170	 5.6310	 0.9681	   1.4814	        1.4829	          0.0015	   1.5785	1.436e-03	   0.055	   267.968
 340	170	 5.6313	 0.9672	   1.4814	        1.4829	          0.0015	   1.5026	9.568e-04	   0.063	   268.656
 341	171	 5.6313	 0.9675	   1.4814	        1.4829	          0.0015	   1.5476	1.118e-03	   0.059	   269.340
 342	171	 5.6315	 0.9665	   1.4814	        1.4829	          0.0015	   1.5005	6.129e-04	   0.062	   270.038
 343	172	 5.6316	 0.9671	   1.4814	        1.4829	          0.0015	   1.5570	9.452e-04	   0.055	   270.743
 344	172	 5.6317	 0.9664	   1.4814	        1.4829	          0.0015	   1.5111	5.934e-04	   0.060	   271.428
 345	173	 5.6317	 0.9668	   1.4814	        1.4829	          0.0015	   1.5511	8.027e-04	   0.055	   272.097
 346	173	 5.6319	 0.9665	   1.4814	        1.4829	          0.0015	   1.5211	6.017e-04	   0.054	   272.761
 347	174	 5.6322	 0.9662	   1.4814	        1.4829	          0.0015	   1.5272	4.493e-04	   0.053	   273.423
 348	174	 5.6321	 0.9667	   1.4814	        1.4829	          0.0015	   1.5496	7.065e-04	   0.055	   274.085
 349	175	 5.6322	 0.9673	   1.4814	        1.4829	          0.0015	   1.5591	1.050e-03	   0.054	   274.783
 350	175	 5.6324	 0.9669	   1.4814	        1.4829	          0.0015	   1.5206	8.320e-04	   0.049	   275.453
 351	176	 5.6323	 0.9671	   1.4814	        1.4829	          0.0015	   1.5389	9.135e-04	   0.051	   276.119
 352	176	 5.6324	 0.9668	   1.4814	        1.4829	          0.0015	   1.5254	7.614e-04	   0.062	   276.782
 353	177	 5.6327	 0.9660	   1.4814	        1.4829	          0.0015	   1.5084	3.536e-04	   0.062	   277.477
 354	177	 5.6325	 0.9665	   1.4814	        1.4829	          0.0015	   1.5534	6.407e-04	   0.053	   278.164
 355	178	 5.6324	 0.9659	   1.4814	        1.4829	          0.0015	   1.5114	3.280e-04	   0.055	   278.849
 356	178	 5.6329	 0.9663	   1.4814	        1.4829	          0.0015	   1.5506	5.115e-04	   0.054	   279.530
 357	179	 5.6330	 0.9659	   1.4814	        1.4829	          0.0015	   1.5196	2.978e-04	   0.052	   280.191
 358	179	 5.6331	 0.9664	   1.4814	        1.4829	          0.0015	   1.5559	5.892e-04	   0.054	   280.846
 359	180	 5.6333	 0.9659	   1.4814	        1.4829	          0.0015	   1.5158	3.071e-04	   0.059	   281.512
 360	180	 5.6333	 0.9664	   1.4814	        1.4829	          0.0015	   1.5554	5.721e-04	   0.055	   282.175
 361	181	 5.6335	 0.9674	   1.4814	        1.4829	          0.0015	   1.5738	1.100e-03	   0.058	   282.848
 362	181	 5.6337	 0.9664	   1.4814	        1.4829	          0.0015	   1.4986	5.812e-04	   0.049	   283.518
 363	182	 5.6342	 0.9655	   1.4814	        1.4829	          0.0015	   1.5016	1.237e-04	   0.055	   284.182
 364	182	 5.6342	 0.9662	   1.4814	        1.4829	          0.0015	   1.5620	4.817e-04	   0.050	   284.835
 365	183	 5.6345	 0.9663	   1.4814	        1.4829	          0.0015	   1.5371	5.151e-04	   0.057	   285.532
 366	183	 5.6346	 0.9662	   1.4814	        1.4829	          0.0015	   1.5316	4.564e-04	   0.059	   286.234
 367	184	 5.6349	 0.9665	   1.4814	        1.4829	          0.0015	   1.5511	6.454e-04	   0.052	   286.921
 368	184	 5.6348	 0.9663	   1.4814	        1.4829	          0.0015	   1.5255	5.250e-04	   0.067	   287.679
 369	185	 5.6351	 0.9678	   1.4814	        1.4829	          0.0015	   1.5953	1.278e-03	   0.065	   288.453
 370	185	 5.6349	 0.9664	   1.4814	        1.4829	          0.0015	   1.4807	5.933e-04	   0.065	   289.203
 371	186	 5.6352	 0.9662	   1.4814	        1.4829	          0.0015	   1.5259	4.657e-04	   0.051	   289.921
 372	186	 5.6352	 0.9659	   1.4814	        1.4829	          0.0015	   1.5235	2.985e-04	   0.065	   290.630
 373	187	 5.6352	 0.9659	   1.4814	        1.4829	          0.0015	   1.5410	3.317e-04	   0.060	   291.320
 374	187	 5.6354	 0.9660	   1.4814	        1.4829	          0.0015	   1.5347	3.773e-04	   0.055	   292.003
 375	188	 5.6355	 0.9663	   1.4814	        1.4829	          0.0015	   1.5484	5.428e-04	   0.053	   292.668
 376	188	 5.6357	 0.9658	   1.4814	        1.4829	          0.0015	   1.5169	2.870e-04	   0.056	   293.328
 377	189	 5.6359	 0.9659	   1.4814	        1.4829	          0.0015	   1.5410	3.022e-04	   0.058	   294.038
 378	189	 5.6359	 0.9658	   1.4814	        1.4829	          0.0015	   1.5279	2.890e-04	   0.051	   294.735
 379	190	 5.6361	 0.9659	   1.4814	        1.4829	          0.0015	   1.5357	2.989e-04	   0.061	   295.428
 380	190	 5.6360	 0.9659	   1.4814	        1.4829	          0.0015	   1.5349	3.088e-04	   0.064	   296.101
 381	191	 5.6360	 0.9662	   1.4814	        1.4829	          0.0015	   1.5509	4.830e-04	   0.059	   296.816
 382	191	 5.6362	 0.9661	   1.4814	        1.4829	          0.0015	   1.5265	4.005e-04	   0.058	   297.512
 383	192	 5.6366	 0.9656	   1.4814	        1.4829	          0.0015	   1.5198	1.640e-04	   0.056	   298.197
 384	192	 5.6367	 0.9658	   1.4814	        1.4829	          0.0015	   1.5429	2.699e-04	   0.051	   298.853
 385	193	 5.6370	 0.9661	   1.4814	        1.4829	          0.0015	   1.5443	4.137e-04	   0.056	   299.518
 386	193	 5.6369	 0.9658	   1.4814	        1.4829	          0.0015	   1.5234	2.504e-04	   0.054	   300.201
 387	194	 5.6370	 0.9656	   1.4814	        1.4829	          0.0015	   1.5297	1.677e-04	   0.053	   300.864
 388	194	 5.6370	 0.9659	   1.4814	        1.4829	          0.0015	   1.5449	3.344e-04	   0.051	   301.522
 389	195	 5.6373	 0.9659	   1.4814	        1.4829	          0.0015	   1.5306	2.957e-04	   0.055	   302.202
 390	195	 5.6373	 0.9660	   1.4814	        1.4829	          0.0015	   1.5444	3.724e-04	   0.055	   302.888
 391	196	 5.6372	 0.9663	   1.4814	        1.4829	          0.0015	   1.5457	5.380e-04	   0.055	   303.589
 392	196	 5.6374	 0.9658	   1.4814	        1.4829	          0.0015	   1.5140	2.672e-04	   0.062	   304.296
 393	197	 5.6373	 0.9655	   1.4814	        1.4829	          0.0015	   1.5237	1.330e-04	   0.058	   304.963
 394	197	 5.6376	 0.9656	   1.4814	        1.4829	          0.0015	   1.5385	1.809e-04	   0.048	   305.616
 395	198	 5.6375	 0.9658	   1.4814	        1.4829	          0.0015	   1.5412	2.732e-04	   0.052	   306.241
 396	198	 5.6376	 0.9656	   1.4814	        1.4829	          0.0015	   1.5277	1.805e-04	   0.056	   306.869
 397	199	 5.6379	 0.9656	   1.4814	        1.4829	          0.0015	   1.5363	1.597e-04	   0.050	   307.488
 398	199	 5.6380	 0.9659	   1.4814	        1.4829	          0.0015	   1.5473	3.370e-04	   0.053	   308.124
 399	200	 5.6381	 0.9655	   1.4814	        1.4829	          0.0015	   1.5195	1.207e-04	   0.048	   308.729
 400	200	 5.6381	 0.9660	   1.4814	        1.4829	          0.0015	   1.5548	3.903e-04	   0.053	   309.311

[BSGD] Finished on device cuda -> σ_f² ≈ 5.6381, σ_ε² ≈ 0.9660
