[GPU 5][JOB 110] 'python cli.py bsgd --n 1024 --lengthscale 0.5 --sigma-f2-true 4.0 --sigma-eps2-true 1.0 --n-epochs 200 --device auto --kernel-mode finite --theta-min 1e-4 --theta-max 20.0 --print-every 1 --seed 9 --batch-size 512 --sigma-f2-init 5.0 --sigma-eps2-init 3.0 --alpha1 9.0 '

=== BSGD (biased SGD on exact kernel) ===
iter	epoch	σ_f²	σ_ε²	real_nlml	real_nlml_true	real_nlml_abs_err	mini_nlml	||grad||	duration_s	wall_time_s
   1	 1	 4.6582	 2.0602	   1.6070	        1.5186	          0.0884	   1.6355	1.149e-01	   0.189	     0.265
   2	 1	 4.6914	 1.5822	   1.5538	        1.5186	          0.0352	   1.6174	1.029e-01	   0.038	     0.739
   3	 2	 4.6845	 1.2532	   1.5253	        1.5186	          0.0067	   1.5527	6.326e-02	   0.054	     1.296
   4	 2	 4.6414	 1.1526	   1.5201	        1.5186	          0.0015	   1.5907	3.837e-02	   0.063	     1.988
   5	 3	 4.6484	 1.0791	   1.5181	        1.5186	          0.0005	   1.5630	1.345e-02	   0.071	     2.798
   6	 3	 4.6362	 1.0655	   1.5180	        1.5186	          0.0006	   1.5709	8.064e-03	   0.081	     3.622
   7	 4	 4.6265	 1.0133	   1.5181	        1.5186	          0.0004	   1.5305	1.551e-02	   0.066	     4.430
   8	 4	 4.6331	 1.0592	   1.5179	        1.5186	          0.0007	   1.5914	5.429e-03	   0.072	     5.278
   9	 5	 4.6240	 1.0642	   1.5180	        1.5186	          0.0006	   1.5790	7.510e-03	   0.077	     6.136
  10	 5	 4.6266	 1.0529	   1.5179	        1.5186	          0.0007	   1.5602	2.762e-03	   0.065	     6.986
  11	 6	 4.6329	 1.0449	   1.5179	        1.5186	          0.0007	   1.5618	7.083e-04	   0.070	     7.846
  12	 6	 4.6231	 1.0562	   1.5179	        1.5186	          0.0007	   1.5797	4.175e-03	   0.072	     8.695
  13	 7	 4.6161	 1.0414	   1.5179	        1.5186	          0.0007	   1.5459	2.273e-03	   0.083	     9.579
  14	 7	 4.6186	 1.0598	   1.5179	        1.5186	          0.0007	   1.5965	5.707e-03	   0.075	    10.454
  15	 8	 4.6100	 1.0482	   1.5179	        1.5186	          0.0007	   1.5497	7.592e-04	   0.063	    11.328
  16	 8	 4.6162	 1.0606	   1.5179	        1.5186	          0.0007	   1.5937	6.012e-03	   0.077	    12.191
  17	 9	 4.6162	 1.0461	   1.5179	        1.5186	          0.0007	   1.5445	1.924e-04	   0.070	    13.042
  18	 9	 4.6148	 1.0583	   1.5179	        1.5186	          0.0007	   1.5925	5.056e-03	   0.074	    13.892
  19	10	 4.6239	 1.0476	   1.5179	        1.5186	          0.0007	   1.5524	5.024e-04	   0.076	    14.745
  20	10	 4.6244	 1.0444	   1.5179	        1.5186	          0.0007	   1.5605	9.021e-04	   0.065	    15.602
  21	11	 4.6242	 1.0392	   1.5179	        1.5186	          0.0007	   1.5565	3.236e-03	   0.079	    16.465
  22	11	 4.6276	 1.0393	   1.5179	        1.5186	          0.0007	   1.5628	3.198e-03	   0.065	    17.315
  23	12	 4.6277	 1.0354	   1.5179	        1.5186	          0.0007	   1.5541	4.986e-03	   0.074	    18.171
  24	12	 4.6270	 1.0477	   1.5179	        1.5186	          0.0007	   1.5947	5.236e-04	   0.068	    19.017
  25	13	 4.6290	 1.0329	   1.5179	        1.5186	          0.0007	   1.5245	6.104e-03	   0.078	    19.921
  26	13	 4.6277	 1.0438	   1.5179	        1.5186	          0.0007	   1.5923	1.209e-03	   0.088	    20.852
  27	14	 4.6270	 1.0377	   1.5179	        1.5186	          0.0007	   1.5442	3.942e-03	   0.073	    21.797
  28	14	 4.6269	 1.0481	   1.5179	        1.5186	          0.0007	   1.5974	7.001e-04	   0.074	    22.680
  29	15	 4.6240	 1.0390	   1.5179	        1.5186	          0.0007	   1.5348	3.321e-03	   0.076	    23.528
  30	15	 4.6239	 1.0467	   1.5179	        1.5186	          0.0007	   1.5913	1.108e-04	   0.073	    24.378
  31	16	 4.6250	 1.0444	   1.5179	        1.5186	          0.0007	   1.5585	9.360e-04	   0.070	    25.226
  32	16	 4.6244	 1.0474	   1.5179	        1.5186	          0.0007	   1.5779	4.045e-04	   0.074	    26.090
  33	17	 4.6263	 1.0462	   1.5179	        1.5186	          0.0007	   1.5625	1.490e-04	   0.078	    26.956
  34	17	 4.6237	 1.0484	   1.5179	        1.5186	          0.0007	   1.5759	8.219e-04	   0.074	    27.809
  35	18	 4.6219	 1.0471	   1.5179	        1.5186	          0.0007	   1.5619	2.819e-04	   0.064	    28.653
  36	18	 4.6232	 1.0478	   1.5179	        1.5186	          0.0007	   1.5711	5.582e-04	   0.079	    29.506
  37	19	 4.6250	 1.0483	   1.5179	        1.5186	          0.0007	   1.5700	7.785e-04	   0.064	    30.357
  38	19	 4.6217	 1.0482	   1.5179	        1.5186	          0.0007	   1.5666	7.268e-04	   0.072	    31.242
  39	20	 4.6227	 1.0450	   1.5179	        1.5186	          0.0007	   1.5556	6.423e-04	   0.074	    32.122
  40	20	 4.6196	 1.0489	   1.5179	        1.5186	          0.0007	   1.5808	1.039e-03	   0.071	    33.000
  41	21	 4.6174	 1.0428	   1.5179	        1.5186	          0.0007	   1.5391	1.615e-03	   0.081	    33.857
  42	21	 4.6200	 1.0486	   1.5179	        1.5186	          0.0007	   1.5947	9.052e-04	   0.067	    34.694
  43	22	 4.6165	 1.0468	   1.5179	        1.5186	          0.0007	   1.5572	1.302e-04	   0.066	    35.560
  44	22	 4.6194	 1.0477	   1.5179	        1.5186	          0.0007	   1.5740	5.123e-04	   0.077	    36.428
  45	23	 4.6222	 1.0468	   1.5179	        1.5186	          0.0007	   1.5660	1.498e-04	   0.078	    37.332
  46	23	 4.6226	 1.0452	   1.5179	        1.5186	          0.0007	   1.5579	5.782e-04	   0.082	    38.201
  47	24	 4.6264	 1.0403	   1.5179	        1.5186	          0.0007	   1.5429	2.762e-03	   0.069	    39.047
  48	24	 4.6227	 1.0427	   1.5179	        1.5186	          0.0007	   1.5747	1.667e-03	   0.067	    39.908
  49	25	 4.6215	 1.0449	   1.5179	        1.5186	          0.0007	   1.5789	7.100e-04	   0.084	    40.808
  50	25	 4.6219	 1.0417	   1.5179	        1.5186	          0.0007	   1.5454	2.142e-03	   0.079	    41.756
  51	26	 4.6223	 1.0380	   1.5179	        1.5186	          0.0007	   1.5405	3.765e-03	   0.080	    42.704
  52	26	 4.6212	 1.0442	   1.5179	        1.5186	          0.0007	   1.6005	1.028e-03	   0.074	    43.613
  53	27	 4.6218	 1.0487	   1.5179	        1.5186	          0.0007	   1.5955	9.505e-04	   0.076	    44.484
  54	27	 4.6214	 1.0443	   1.5179	        1.5186	          0.0007	   1.5388	9.786e-04	   0.069	    45.343
  55	28	 4.6227	 1.0506	   1.5179	        1.5186	          0.0007	   1.6071	1.780e-03	   0.060	    46.193
  56	28	 4.6232	 1.0444	   1.5179	        1.5186	          0.0007	   1.5295	9.174e-04	   0.078	    47.058
  57	29	 4.6265	 1.0427	   1.5179	        1.5186	          0.0007	   1.5610	1.685e-03	   0.072	    47.904
  58	29	 4.6245	 1.0445	   1.5179	        1.5186	          0.0007	   1.5738	8.968e-04	   0.075	    48.756
  59	30	 4.6264	 1.0396	   1.5179	        1.5186	          0.0007	   1.5342	3.084e-03	   0.072	    49.607
  60	30	 4.6247	 1.0433	   1.5179	        1.5186	          0.0007	   1.5881	1.391e-03	   0.071	    50.475
  61	31	 4.6247	 1.0413	   1.5179	        1.5186	          0.0007	   1.5491	2.310e-03	   0.075	    51.333
  62	31	 4.6249	 1.0427	   1.5179	        1.5186	          0.0007	   1.5764	1.677e-03	   0.073	    52.185
  63	32	 4.6248	 1.0461	   1.5179	        1.5186	          0.0007	   1.5905	1.714e-04	   0.073	    53.071
  64	32	 4.6244	 1.0415	   1.5179	        1.5186	          0.0007	   1.5332	2.220e-03	   0.075	    53.947
  65	33	 4.6237	 1.0362	   1.5179	        1.5186	          0.0007	   1.5226	4.615e-03	   0.065	    54.803
  66	33	 4.6244	 1.0422	   1.5179	        1.5186	          0.0007	   1.6112	1.886e-03	   0.079	    55.673
  67	34	 4.6250	 1.0480	   1.5179	        1.5186	          0.0007	   1.6117	6.635e-04	   0.070	    56.529
  68	34	 4.6242	 1.0428	   1.5179	        1.5186	          0.0007	   1.5235	1.625e-03	   0.072	    57.380
  69	35	 4.6256	 1.0431	   1.5179	        1.5186	          0.0007	   1.5692	1.477e-03	   0.083	    58.233
  70	35	 4.6242	 1.0431	   1.5179	        1.5186	          0.0007	   1.5660	1.490e-03	   0.067	    59.076
  71	36	 4.6216	 1.0422	   1.5179	        1.5186	          0.0007	   1.5563	1.886e-03	   0.069	    59.938
  72	36	 4.6238	 1.0439	   1.5179	        1.5186	          0.0007	   1.5797	1.147e-03	   0.072	    60.795
  73	37	 4.6225	 1.0432	   1.5179	        1.5186	          0.0007	   1.5582	1.436e-03	   0.079	    61.690
  74	37	 4.6240	 1.0441	   1.5179	        1.5186	          0.0007	   1.5767	1.051e-03	   0.080	    62.575
  75	38	 4.6266	 1.0434	   1.5179	        1.5186	          0.0007	   1.5642	1.374e-03	   0.068	    63.497
  76	38	 4.6239	 1.0428	   1.5179	        1.5186	          0.0007	   1.5560	1.618e-03	   0.076	    64.424
  77	39	 4.6235	 1.0393	   1.5179	        1.5186	          0.0007	   1.5335	3.210e-03	   0.071	    65.310
  78	39	 4.6240	 1.0435	   1.5179	        1.5186	          0.0007	   1.6027	1.301e-03	   0.067	    66.163
  79	40	 4.6246	 1.0471	   1.5179	        1.5186	          0.0007	   1.5976	2.737e-04	   0.079	    67.023
  80	40	 4.6248	 1.0438	   1.5179	        1.5186	          0.0007	   1.5394	1.202e-03	   0.070	    67.878
  81	41	 4.6247	 1.0426	   1.5179	        1.5186	          0.0007	   1.5576	1.731e-03	   0.078	    68.726
  82	41	 4.6241	 1.0437	   1.5179	        1.5186	          0.0007	   1.5702	1.251e-03	   0.059	    69.578
  83	42	 4.6230	 1.0421	   1.5179	        1.5186	          0.0007	   1.5494	1.935e-03	   0.068	    70.438
  84	42	 4.6241	 1.0431	   1.5179	        1.5186	          0.0007	   1.5770	1.512e-03	   0.073	    71.296
  85	43	 4.6228	 1.0460	   1.5179	        1.5186	          0.0007	   1.5939	2.099e-04	   0.074	    72.146
  86	43	 4.6234	 1.0431	   1.5179	        1.5186	          0.0007	   1.5377	1.509e-03	   0.085	    73.006
  87	44	 4.6241	 1.0415	   1.5179	        1.5186	          0.0007	   1.5507	2.215e-03	   0.065	    73.872
  88	44	 4.6247	 1.0422	   1.5179	        1.5186	          0.0007	   1.5743	1.895e-03	   0.073	    74.762
  89	45	 4.6252	 1.0430	   1.5179	        1.5186	          0.0007	   1.5742	1.543e-03	   0.074	    75.637
  90	45	 4.6246	 1.0417	   1.5179	        1.5186	          0.0007	   1.5528	2.135e-03	   0.071	    76.490
  91	46	 4.6256	 1.0414	   1.5179	        1.5186	          0.0007	   1.5630	2.237e-03	   0.074	    77.366
  92	46	 4.6264	 1.0408	   1.5179	        1.5186	          0.0007	   1.5618	2.504e-03	   0.082	    78.306
  93	47	 4.6270	 1.0431	   1.5179	        1.5186	          0.0007	   1.5898	1.507e-03	   0.072	    79.235
  94	47	 4.6269	 1.0417	   1.5179	        1.5186	          0.0007	   1.5497	2.123e-03	   0.067	    80.146
  95	48	 4.6261	 1.0434	   1.5179	        1.5186	          0.0007	   1.5811	1.355e-03	   0.064	    81.002
  96	48	 4.6265	 1.0421	   1.5179	        1.5186	          0.0007	   1.5534	1.935e-03	   0.082	    81.885
  97	49	 4.6283	 1.0441	   1.5179	        1.5186	          0.0007	   1.5918	1.064e-03	   0.079	    82.772
  98	49	 4.6266	 1.0430	   1.5179	        1.5186	          0.0007	   1.5484	1.563e-03	   0.075	    83.671
  99	50	 4.6272	 1.0446	   1.5179	        1.5186	          0.0007	   1.5851	8.205e-04	   0.081	    84.612
 100	50	 4.6270	 1.0430	   1.5179	        1.5186	          0.0007	   1.5482	1.549e-03	   0.073	    85.533
 101	51	 4.6266	 1.0427	   1.5179	        1.5186	          0.0007	   1.5624	1.695e-03	   0.078	    86.432
 102	51	 4.6263	 1.0430	   1.5179	        1.5186	          0.0007	   1.5667	1.532e-03	   0.067	    87.286
 103	52	 4.6273	 1.0425	   1.5179	        1.5186	          0.0007	   1.5619	1.751e-03	   0.072	    88.140
 104	52	 4.6263	 1.0423	   1.5179	        1.5186	          0.0007	   1.5605	1.869e-03	   0.064	    88.989
 105	53	 4.6260	 1.0394	   1.5179	        1.5186	          0.0007	   1.5320	3.153e-03	   0.072	    89.854
 106	53	 4.6258	 1.0428	   1.5179	        1.5186	          0.0007	   1.6031	1.642e-03	   0.074	    90.717
 107	54	 4.6269	 1.0435	   1.5179	        1.5186	          0.0007	   1.5772	1.322e-03	   0.073	    91.570
 108	54	 4.6262	 1.0421	   1.5179	        1.5186	          0.0007	   1.5457	1.936e-03	   0.071	    92.421
 109	55	 4.6247	 1.0425	   1.5179	        1.5186	          0.0007	   1.5675	1.754e-03	   0.078	    93.269
 110	55	 4.6252	 1.0429	   1.5179	        1.5186	          0.0007	   1.5699	1.572e-03	   0.063	    94.126
 111	56	 4.6240	 1.0410	   1.5179	        1.5186	          0.0007	   1.5390	2.421e-03	   0.074	    94.989
 112	56	 4.6249	 1.0436	   1.5179	        1.5186	          0.0007	   1.6008	1.270e-03	   0.078	    95.884
 113	57	 4.6262	 1.0452	   1.5179	        1.5186	          0.0007	   1.5922	5.799e-04	   0.076	    96.764
 114	57	 4.6253	 1.0437	   1.5179	        1.5186	          0.0007	   1.5429	1.220e-03	   0.077	    97.618
 115	58	 4.6263	 1.0449	   1.5179	        1.5186	          0.0007	   1.5841	6.891e-04	   0.062	    98.460
 116	58	 4.6254	 1.0440	   1.5179	        1.5186	          0.0007	   1.5518	1.110e-03	   0.079	    99.330
 117	59	 4.6250	 1.0401	   1.5179	        1.5186	          0.0007	   1.5130	2.833e-03	   0.068	   100.180
 118	59	 4.6250	 1.0450	   1.5179	        1.5186	          0.0007	   1.6308	6.389e-04	   0.073	   101.035
 119	60	 4.6244	 1.0443	   1.5179	        1.5186	          0.0007	   1.5576	9.685e-04	   0.074	   101.889
 120	60	 4.6245	 1.0455	   1.5179	        1.5186	          0.0007	   1.5820	4.313e-04	   0.077	   102.755
 121	61	 4.6237	 1.0475	   1.5179	        1.5186	          0.0007	   1.5939	4.426e-04	   0.070	   103.640
 122	61	 4.6247	 1.0451	   1.5179	        1.5186	          0.0007	   1.5331	6.090e-04	   0.065	   104.528
 123	62	 4.6232	 1.0458	   1.5179	        1.5186	          0.0007	   1.5743	2.874e-04	   0.073	   105.410
 124	62	 4.6243	 1.0450	   1.5179	        1.5186	          0.0007	   1.5551	6.760e-04	   0.080	   106.316
 125	63	 4.6255	 1.0435	   1.5179	        1.5186	          0.0007	   1.5487	1.325e-03	   0.079	   107.237
 126	63	 4.6245	 1.0448	   1.5179	        1.5186	          0.0007	   1.5821	7.385e-04	   0.083	   108.113
 127	64	 4.6249	 1.0455	   1.5179	        1.5186	          0.0007	   1.5802	4.283e-04	   0.071	   108.974
 128	64	 4.6248	 1.0443	   1.5179	        1.5186	          0.0007	   1.5455	9.695e-04	   0.072	   109.829
 129	65	 4.6243	 1.0464	   1.5179	        1.5186	          0.0007	   1.5978	4.475e-05	   0.076	   110.684
 130	65	 4.6247	 1.0439	   1.5179	        1.5186	          0.0007	   1.5291	1.145e-03	   0.069	   111.531
 131	66	 4.6236	 1.0417	   1.5179	        1.5186	          0.0007	   1.5293	2.140e-03	   0.070	   112.381
 132	66	 4.6243	 1.0441	   1.5179	        1.5186	          0.0007	   1.6030	1.076e-03	   0.067	   113.233
 133	67	 4.6249	 1.0450	   1.5179	        1.5186	          0.0007	   1.5813	6.734e-04	   0.075	   114.105
 134	67	 4.6240	 1.0449	   1.5179	        1.5186	          0.0007	   1.5638	7.205e-04	   0.069	   114.959
 135	68	 4.6232	 1.0449	   1.5179	        1.5186	          0.0007	   1.5632	7.178e-04	   0.068	   115.809
 136	68	 4.6236	 1.0449	   1.5179	        1.5186	          0.0007	   1.5696	6.970e-04	   0.077	   116.686
 137	69	 4.6241	 1.0462	   1.5179	        1.5186	          0.0007	   1.5877	1.449e-04	   0.079	   117.562
 138	69	 4.6234	 1.0442	   1.5179	        1.5186	          0.0007	   1.5338	9.977e-04	   0.070	   118.440
 139	70	 4.6234	 1.0438	   1.5179	        1.5186	          0.0007	   1.5599	1.198e-03	   0.078	   119.349
 140	70	 4.6231	 1.0453	   1.5179	        1.5186	          0.0007	   1.5882	5.215e-04	   0.072	   120.229
 141	71	 4.6227	 1.0469	   1.5179	        1.5186	          0.0007	   1.5895	1.734e-04	   0.075	   121.078
 142	71	 4.6225	 1.0449	   1.5179	        1.5186	          0.0007	   1.5361	7.022e-04	   0.071	   121.925
 143	72	 4.6232	 1.0446	   1.5179	        1.5186	          0.0007	   1.5597	8.517e-04	   0.071	   122.783
 144	72	 4.6228	 1.0447	   1.5179	        1.5186	          0.0007	   1.5709	7.940e-04	   0.078	   123.687
 145	73	 4.6236	 1.0435	   1.5179	        1.5186	          0.0007	   1.5483	1.311e-03	   0.075	   124.601
 146	73	 4.6225	 1.0440	   1.5179	        1.5186	          0.0007	   1.5723	1.084e-03	   0.087	   125.488
 147	74	 4.6229	 1.0443	   1.5179	        1.5186	          0.0007	   1.5742	9.769e-04	   0.069	   126.347
 148	74	 4.6225	 1.0441	   1.5179	        1.5186	          0.0007	   1.5580	1.077e-03	   0.078	   127.251
 149	75	 4.6228	 1.0438	   1.5179	        1.5186	          0.0007	   1.5622	1.191e-03	   0.075	   128.167
 150	75	 4.6228	 1.0440	   1.5179	        1.5186	          0.0007	   1.5703	1.111e-03	   0.069	   129.063
 151	76	 4.6236	 1.0447	   1.5179	        1.5186	          0.0007	   1.5834	7.769e-04	   0.071	   129.930
 152	76	 4.6230	 1.0439	   1.5179	        1.5186	          0.0007	   1.5497	1.126e-03	   0.077	   130.784
 153	77	 4.6221	 1.0456	   1.5179	        1.5186	          0.0007	   1.5912	3.900e-04	   0.081	   131.643
 154	77	 4.6226	 1.0446	   1.5179	        1.5186	          0.0007	   1.5524	8.228e-04	   0.072	   132.489
 155	78	 4.6229	 1.0435	   1.5179	        1.5186	          0.0007	   1.5481	1.339e-03	   0.066	   133.351
 156	78	 4.6225	 1.0452	   1.5179	        1.5186	          0.0007	   1.5948	5.720e-04	   0.077	   134.208
 157	79	 4.6215	 1.0450	   1.5179	        1.5186	          0.0007	   1.5604	6.743e-04	   0.070	   135.060
 158	79	 4.6223	 1.0452	   1.5179	        1.5186	          0.0007	   1.5730	5.564e-04	   0.071	   135.910
 159	80	 4.6235	 1.0440	   1.5179	        1.5186	          0.0007	   1.5469	1.096e-03	   0.077	   136.764
 160	80	 4.6233	 1.0448	   1.5179	        1.5186	          0.0007	   1.5810	7.593e-04	   0.069	   137.630
 161	81	 4.6234	 1.0444	   1.5179	        1.5186	          0.0007	   1.5597	9.263e-04	   0.078	   138.531
 162	81	 4.6239	 1.0453	   1.5179	        1.5186	          0.0007	   1.5836	5.389e-04	   0.062	   139.398
 163	82	 4.6236	 1.0455	   1.5179	        1.5186	          0.0007	   1.5688	4.501e-04	   0.075	   140.257
 164	82	 4.6237	 1.0453	   1.5179	        1.5186	          0.0007	   1.5669	5.042e-04	   0.071	   141.105
 165	83	 4.6229	 1.0459	   1.5179	        1.5186	          0.0007	   1.5739	2.574e-04	   0.074	   141.954
 166	83	 4.6235	 1.0452	   1.5179	        1.5186	          0.0007	   1.5557	5.811e-04	   0.071	   142.822
 167	84	 4.6232	 1.0454	   1.5179	        1.5186	          0.0007	   1.5702	4.753e-04	   0.067	   143.677
 168	84	 4.6229	 1.0450	   1.5179	        1.5186	          0.0007	   1.5584	6.391e-04	   0.073	   144.574
 169	85	 4.6213	 1.0432	   1.5179	        1.5186	          0.0007	   1.5262	1.433e-03	   0.079	   145.443
 170	85	 4.6228	 1.0452	   1.5179	        1.5186	          0.0007	   1.6093	5.519e-04	   0.073	   146.311
 171	86	 4.6237	 1.0456	   1.5179	        1.5186	          0.0007	   1.5756	3.735e-04	   0.068	   147.157
 172	86	 4.6230	 1.0451	   1.5179	        1.5186	          0.0007	   1.5560	6.087e-04	   0.077	   148.048
 173	87	 4.6220	 1.0455	   1.5179	        1.5186	          0.0007	   1.5659	4.577e-04	   0.083	   148.975
 174	87	 4.6226	 1.0452	   1.5179	        1.5186	          0.0007	   1.5673	5.632e-04	   0.079	   149.889
 175	88	 4.6220	 1.0438	   1.5179	        1.5186	          0.0007	   1.5349	1.192e-03	   0.060	   150.749
 176	88	 4.6227	 1.0447	   1.5179	        1.5186	          0.0007	   1.5875	8.015e-04	   0.079	   151.603
 177	89	 4.6225	 1.0458	   1.5179	        1.5186	          0.0007	   1.5878	2.941e-04	   0.060	   152.454
 178	89	 4.6225	 1.0449	   1.5179	        1.5186	          0.0007	   1.5500	6.932e-04	   0.068	   153.314
 179	90	 4.6223	 1.0448	   1.5179	        1.5186	          0.0007	   1.5627	7.393e-04	   0.073	   154.177
 180	90	 4.6222	 1.0448	   1.5179	        1.5186	          0.0007	   1.5665	7.337e-04	   0.071	   155.031
 181	91	 4.6221	 1.0443	   1.5179	        1.5186	          0.0007	   1.5531	9.809e-04	   0.079	   155.888
 182	91	 4.6223	 1.0447	   1.5179	        1.5186	          0.0007	   1.5787	7.812e-04	   0.067	   156.725
 183	92	 4.6222	 1.0455	   1.5179	        1.5186	          0.0007	   1.5822	4.415e-04	   0.072	   157.596
 184	92	 4.6226	 1.0448	   1.5179	        1.5186	          0.0007	   1.5546	7.288e-04	   0.080	   158.474
 185	93	 4.6231	 1.0446	   1.5179	        1.5186	          0.0007	   1.5636	8.247e-04	   0.084	   159.452
 186	93	 4.6231	 1.0442	   1.5179	        1.5186	          0.0007	   1.5586	1.000e-03	   0.092	   160.420
 187	94	 4.6229	 1.0452	   1.5179	        1.5186	          0.0007	   1.5837	5.637e-04	   0.076	   161.327
 188	94	 4.6225	 1.0446	   1.5179	        1.5186	          0.0007	   1.5538	8.448e-04	   0.063	   162.196
 189	95	 4.6229	 1.0457	   1.5179	        1.5186	          0.0007	   1.5910	3.478e-04	   0.073	   163.058
 190	95	 4.6224	 1.0445	   1.5179	        1.5186	          0.0007	   1.5394	8.904e-04	   0.064	   163.910
 191	96	 4.6211	 1.0448	   1.5179	        1.5186	          0.0007	   1.5653	7.337e-04	   0.079	   164.800
 192	96	 4.6221	 1.0444	   1.5179	        1.5186	          0.0007	   1.5632	9.195e-04	   0.083	   165.696
 193	97	 4.6222	 1.0450	   1.5179	        1.5186	          0.0007	   1.5818	6.367e-04	   0.082	   166.599
 194	97	 4.6221	 1.0444	   1.5179	        1.5186	          0.0007	   1.5510	9.054e-04	   0.064	   167.472
 195	98	 4.6222	 1.0448	   1.5179	        1.5186	          0.0007	   1.5706	7.396e-04	   0.064	   168.325
 196	98	 4.6217	 1.0446	   1.5179	        1.5186	          0.0007	   1.5625	8.345e-04	   0.083	   169.196
 197	99	 4.6217	 1.0451	   1.5179	        1.5186	          0.0007	   1.5811	6.208e-04	   0.072	   170.093
 198	99	 4.6221	 1.0445	   1.5179	        1.5186	          0.0007	   1.5503	8.819e-04	   0.079	   171.009
 199	100	 4.6217	 1.0448	   1.5179	        1.5186	          0.0007	   1.5724	7.279e-04	   0.078	   171.896
 200	100	 4.6221	 1.0444	   1.5179	        1.5186	          0.0007	   1.5572	9.334e-04	   0.072	   172.770
 201	101	 4.6221	 1.0437	   1.5179	        1.5186	          0.0007	   1.5493	1.233e-03	   0.072	   173.626
 202	101	 4.6225	 1.0446	   1.5179	        1.5186	          0.0007	   1.5901	8.410e-04	   0.069	   174.477
 203	102	 4.6222	 1.0441	   1.5179	        1.5186	          0.0007	   1.5527	1.065e-03	   0.069	   175.328
 204	102	 4.6228	 1.0443	   1.5179	        1.5186	          0.0007	   1.5756	9.527e-04	   0.075	   176.176
 205	103	 4.6220	 1.0434	   1.5179	        1.5186	          0.0007	   1.5409	1.353e-03	   0.062	   177.030
 206	103	 4.6230	 1.0437	   1.5179	        1.5186	          0.0007	   1.5784	1.214e-03	   0.074	   177.899
 207	104	 4.6229	 1.0437	   1.5179	        1.5186	          0.0007	   1.5616	1.252e-03	   0.070	   178.755
 208	104	 4.6226	 1.0440	   1.5179	        1.5186	          0.0007	   1.5760	1.090e-03	   0.072	   179.607
 209	105	 4.6221	 1.0435	   1.5179	        1.5186	          0.0007	   1.5499	1.330e-03	   0.084	   180.476
 210	105	 4.6226	 1.0442	   1.5179	        1.5186	          0.0007	   1.5863	1.001e-03	   0.067	   181.347
 211	106	 4.6230	 1.0438	   1.5179	        1.5186	          0.0007	   1.5575	1.186e-03	   0.076	   182.238
 212	106	 4.6228	 1.0442	   1.5179	        1.5186	          0.0007	   1.5755	1.002e-03	   0.074	   183.091
 213	107	 4.6228	 1.0438	   1.5179	        1.5186	          0.0007	   1.5565	1.199e-03	   0.076	   183.954
 214	107	 4.6227	 1.0443	   1.5179	        1.5186	          0.0007	   1.5778	9.604e-04	   0.073	   184.803
 215	108	 4.6228	 1.0451	   1.5179	        1.5186	          0.0007	   1.5867	6.241e-04	   0.068	   185.670
 216	108	 4.6226	 1.0446	   1.5179	        1.5186	          0.0007	   1.5546	8.231e-04	   0.077	   186.547
 217	109	 4.6222	 1.0447	   1.5179	        1.5186	          0.0007	   1.5657	7.691e-04	   0.068	   187.439
 218	109	 4.6231	 1.0443	   1.5179	        1.5186	          0.0007	   1.5620	9.487e-04	   0.065	   188.293
 219	110	 4.6230	 1.0440	   1.5179	        1.5186	          0.0007	   1.5606	1.078e-03	   0.080	   189.154
 220	110	 4.6231	 1.0447	   1.5179	        1.5186	          0.0007	   1.5795	7.983e-04	   0.069	   190.007
 221	111	 4.6229	 1.0447	   1.5179	        1.5186	          0.0007	   1.5654	7.777e-04	   0.081	   190.890
 222	111	 4.6229	 1.0448	   1.5179	        1.5186	          0.0007	   1.5713	7.256e-04	   0.067	   191.810
 223	112	 4.6234	 1.0437	   1.5179	        1.5186	          0.0007	   1.5392	1.223e-03	   0.071	   192.721
 224	112	 4.6231	 1.0442	   1.5179	        1.5186	          0.0007	   1.5769	1.025e-03	   0.073	   193.592
 225	113	 4.6233	 1.0454	   1.5179	        1.5186	          0.0007	   1.6026	4.681e-04	   0.068	   194.439
 226	113	 4.6232	 1.0443	   1.5179	        1.5186	          0.0007	   1.5340	9.710e-04	   0.085	   195.303
 227	114	 4.6233	 1.0445	   1.5179	        1.5186	          0.0007	   1.5728	8.864e-04	   0.068	   196.148
 228	114	 4.6230	 1.0446	   1.5179	        1.5186	          0.0007	   1.5664	8.342e-04	   0.074	   197.015
 229	115	 4.6227	 1.0461	   1.5179	        1.5186	          0.0007	   1.6045	1.853e-04	   0.072	   197.867
 230	115	 4.6229	 1.0449	   1.5179	        1.5186	          0.0007	   1.5360	6.963e-04	   0.070	   198.720
 231	116	 4.6226	 1.0433	   1.5179	        1.5186	          0.0007	   1.5238	1.401e-03	   0.069	   199.571
 232	116	 4.6229	 1.0451	   1.5179	        1.5186	          0.0007	   1.6129	6.048e-04	   0.082	   200.462
 233	117	 4.6222	 1.0458	   1.5179	        1.5186	          0.0007	   1.5810	3.151e-04	   0.066	   201.352
 234	117	 4.6226	 1.0452	   1.5179	        1.5186	          0.0007	   1.5545	5.483e-04	   0.073	   202.247
 235	118	 4.6230	 1.0457	   1.5179	        1.5186	          0.0007	   1.5769	3.640e-04	   0.069	   203.125
 236	118	 4.6224	 1.0452	   1.5179	        1.5186	          0.0007	   1.5526	5.842e-04	   0.079	   203.988
 237	119	 4.6220	 1.0457	   1.5179	        1.5186	          0.0007	   1.5771	3.467e-04	   0.073	   204.838
 238	119	 4.6227	 1.0450	   1.5179	        1.5186	          0.0007	   1.5527	6.596e-04	   0.073	   205.701
 239	120	 4.6234	 1.0455	   1.5179	        1.5186	          0.0007	   1.5874	4.153e-04	   0.080	   206.608
 240	120	 4.6226	 1.0452	   1.5179	        1.5186	          0.0007	   1.5520	5.585e-04	   0.076	   207.524
 241	121	 4.6224	 1.0441	   1.5179	        1.5186	          0.0007	   1.5365	1.038e-03	   0.082	   208.410
 242	121	 4.6232	 1.0447	   1.5179	        1.5186	          0.0007	   1.5845	7.891e-04	   0.066	   209.251
 243	122	 4.6235	 1.0435	   1.5179	        1.5186	          0.0007	   1.5347	1.329e-03	   0.069	   210.105
 244	122	 4.6238	 1.0447	   1.5179	        1.5186	          0.0007	   1.6020	7.794e-04	   0.063	   210.927
 245	123	 4.6239	 1.0429	   1.5179	        1.5186	          0.0007	   1.5176	1.571e-03	   0.077	   211.605
 246	123	 4.6238	 1.0449	   1.5179	        1.5186	          0.0007	   1.6190	7.161e-04	   0.047	   212.389
 247	124	 4.6237	 1.0448	   1.5179	        1.5186	          0.0007	   1.5649	7.331e-04	   0.059	   213.055
 248	124	 4.6237	 1.0451	   1.5179	        1.5186	          0.0007	   1.5748	6.165e-04	   0.029	   213.777
 249	125	 4.6240	 1.0449	   1.5179	        1.5186	          0.0007	   1.5645	6.862e-04	   0.066	   214.392
 250	125	 4.6240	 1.0450	   1.5179	        1.5186	          0.0007	   1.5685	6.502e-04	   0.060	   215.086
 251	126	 4.6236	 1.0449	   1.5179	        1.5186	          0.0007	   1.5628	7.072e-04	   0.071	   215.782
 252	126	 4.6238	 1.0449	   1.5179	        1.5186	          0.0007	   1.5634	7.209e-04	   0.055	   216.444
 253	127	 4.6243	 1.0457	   1.5179	        1.5186	          0.0007	   1.5967	3.375e-04	   0.067	   216.972
 254	127	 4.6239	 1.0443	   1.5179	        1.5186	          0.0007	   1.5204	9.568e-04	   0.058	   217.622
 255	128	 4.6240	 1.0437	   1.5179	        1.5186	          0.0007	   1.5501	1.237e-03	   0.060	   218.282
 256	128	 4.6234	 1.0443	   1.5179	        1.5186	          0.0007	   1.5792	9.680e-04	   0.059	   218.932
 257	129	 4.6239	 1.0445	   1.5179	        1.5186	          0.0007	   1.5737	8.877e-04	   0.057	   219.590
 258	129	 4.6233	 1.0444	   1.5179	        1.5186	          0.0007	   1.5628	9.080e-04	   0.063	   220.249
 259	130	 4.6229	 1.0438	   1.5179	        1.5186	          0.0007	   1.5394	1.204e-03	   0.061	   220.926
 260	130	 4.6229	 1.0446	   1.5179	        1.5186	          0.0007	   1.5962	8.244e-04	   0.059	   221.607
 261	131	 4.6236	 1.0445	   1.5179	        1.5186	          0.0007	   1.5674	8.831e-04	   0.061	   222.287
 262	131	 4.6227	 1.0442	   1.5179	        1.5186	          0.0007	   1.5522	1.006e-03	   0.056	   222.940
 263	132	 4.6225	 1.0455	   1.5179	        1.5186	          0.0007	   1.6053	4.430e-04	   0.063	   223.604
 264	132	 4.6225	 1.0445	   1.5179	        1.5186	          0.0007	   1.5351	8.677e-04	   0.057	   224.289
 265	133	 4.6222	 1.0452	   1.5179	        1.5186	          0.0007	   1.5881	5.500e-04	   0.063	   224.978
 266	133	 4.6224	 1.0443	   1.5179	        1.5186	          0.0007	   1.5365	9.815e-04	   0.059	   225.644
 267	134	 4.6224	 1.0440	   1.5179	        1.5186	          0.0007	   1.5579	1.089e-03	   0.058	   226.301
 268	134	 4.6222	 1.0445	   1.5179	        1.5186	          0.0007	   1.5811	8.598e-04	   0.062	   226.959
 269	135	 4.6220	 1.0443	   1.5179	        1.5186	          0.0007	   1.5582	9.516e-04	   0.059	   227.614
 270	135	 4.6222	 1.0446	   1.5179	        1.5186	          0.0007	   1.5772	8.176e-04	   0.063	   228.269
 271	136	 4.6221	 1.0458	   1.5179	        1.5186	          0.0007	   1.5990	3.121e-04	   0.068	   228.970
 272	136	 4.6222	 1.0442	   1.5179	        1.5186	          0.0007	   1.5193	1.024e-03	   0.067	   229.694
 273	137	 4.6224	 1.0438	   1.5179	        1.5186	          0.0007	   1.5584	1.190e-03	   0.065	   230.391
 274	137	 4.6225	 1.0442	   1.5179	        1.5186	          0.0007	   1.5757	1.012e-03	   0.053	   231.059
 275	138	 4.6217	 1.0429	   1.5179	        1.5186	          0.0007	   1.5228	1.591e-03	   0.055	   231.717
 276	138	 4.6223	 1.0440	   1.5179	        1.5186	          0.0007	   1.6010	1.106e-03	   0.061	   232.370
 277	139	 4.6224	 1.0431	   1.5179	        1.5186	          0.0007	   1.5396	1.499e-03	   0.060	   233.026
 278	139	 4.6225	 1.0443	   1.5179	        1.5186	          0.0007	   1.6027	9.616e-04	   0.068	   233.695
 279	140	 4.6226	 1.0438	   1.5179	        1.5186	          0.0007	   1.5482	1.209e-03	   0.068	   234.439
 280	140	 4.6222	 1.0449	   1.5179	        1.5186	          0.0007	   1.5997	7.206e-04	   0.073	   235.191
 281	141	 4.6218	 1.0448	   1.5179	        1.5186	          0.0007	   1.5619	7.581e-04	   0.063	   235.895
 282	141	 4.6218	 1.0450	   1.5179	        1.5186	          0.0007	   1.5725	6.649e-04	   0.056	   236.544
 283	142	 4.6216	 1.0456	   1.5179	        1.5186	          0.0007	   1.5847	4.135e-04	   0.064	   237.207
 284	142	 4.6214	 1.0449	   1.5179	        1.5186	          0.0007	   1.5437	7.026e-04	   0.062	   237.894
 285	143	 4.6217	 1.0443	   1.5179	        1.5186	          0.0007	   1.5504	9.791e-04	   0.059	   238.580
 286	143	 4.6211	 1.0452	   1.5179	        1.5186	          0.0007	   1.5896	5.892e-04	   0.064	   239.243
 287	144	 4.6208	 1.0451	   1.5179	        1.5186	          0.0007	   1.5649	6.035e-04	   0.063	   239.939
 288	144	 4.6210	 1.0451	   1.5179	        1.5186	          0.0007	   1.5655	6.190e-04	   0.068	   240.649
 289	145	 4.6213	 1.0432	   1.5179	        1.5186	          0.0007	   1.5042	1.475e-03	   0.057	   241.332
 290	145	 4.6214	 1.0451	   1.5179	        1.5186	          0.0007	   1.6287	6.322e-04	   0.059	   242.001
 291	146	 4.6216	 1.0455	   1.5179	        1.5186	          0.0007	   1.5818	4.357e-04	   0.059	   242.662
 292	146	 4.6212	 1.0450	   1.5179	        1.5186	          0.0007	   1.5479	6.570e-04	   0.058	   243.317
 293	147	 4.6209	 1.0459	   1.5179	        1.5186	          0.0007	   1.5922	2.737e-04	   0.063	   243.976
 294	147	 4.6208	 1.0456	   1.5179	        1.5186	          0.0007	   1.5584	4.042e-04	   0.053	   244.630
 295	148	 4.6202	 1.0453	   1.5179	        1.5186	          0.0007	   1.5521	5.411e-04	   0.063	   245.308
 296	148	 4.6208	 1.0456	   1.5179	        1.5186	          0.0007	   1.5830	3.821e-04	   0.063	   246.013
 297	149	 4.6207	 1.0451	   1.5179	        1.5186	          0.0007	   1.5505	6.110e-04	   0.066	   246.744
 298	149	 4.6204	 1.0459	   1.5179	        1.5186	          0.0007	   1.5907	2.560e-04	   0.065	   247.421
 299	150	 4.6203	 1.0457	   1.5179	        1.5186	          0.0007	   1.5555	3.710e-04	   0.062	   248.079
 300	150	 4.6200	 1.0456	   1.5179	        1.5186	          0.0007	   1.5661	3.876e-04	   0.064	   248.738
 301	151	 4.6202	 1.0462	   1.5179	        1.5186	          0.0007	   1.5874	1.381e-04	   0.060	   249.391
 302	151	 4.6202	 1.0456	   1.5179	        1.5186	          0.0007	   1.5470	3.917e-04	   0.051	   250.044
 303	152	 4.6204	 1.0463	   1.5179	        1.5186	          0.0007	   1.5943	7.133e-05	   0.057	   250.701
 304	152	 4.6201	 1.0458	   1.5179	        1.5186	          0.0007	   1.5458	3.102e-04	   0.058	   251.355
 305	153	 4.6205	 1.0463	   1.5179	        1.5186	          0.0007	   1.5905	7.043e-05	   0.058	   252.013
 306	153	 4.6201	 1.0455	   1.5179	        1.5186	          0.0007	   1.5329	4.315e-04	   0.063	   252.672
 307	154	 4.6201	 1.0466	   1.5179	        1.5186	          0.0007	   1.6064	2.626e-05	   0.058	   253.329
 308	154	 4.6199	 1.0458	   1.5179	        1.5186	          0.0007	   1.5385	2.882e-04	   0.066	   254.014
 309	155	 4.6199	 1.0457	   1.5179	        1.5186	          0.0007	   1.5645	3.384e-04	   0.063	   254.690
 310	155	 4.6199	 1.0458	   1.5179	        1.5186	          0.0007	   1.5687	3.044e-04	   0.061	   255.362
 311	156	 4.6194	 1.0447	   1.5179	        1.5186	          0.0007	   1.5184	8.092e-04	   0.063	   256.054
 312	156	 4.6198	 1.0456	   1.5179	        1.5186	          0.0007	   1.6084	3.761e-04	   0.063	   256.724
 313	157	 4.6197	 1.0463	   1.5179	        1.5186	          0.0007	   1.5946	7.987e-05	   0.060	   257.411
 314	157	 4.6197	 1.0459	   1.5179	        1.5186	          0.0007	   1.5468	2.747e-04	   0.057	   258.066
 315	158	 4.6194	 1.0462	   1.5179	        1.5186	          0.0007	   1.5791	1.111e-04	   0.060	   258.723
 316	158	 4.6197	 1.0458	   1.5179	        1.5186	          0.0007	   1.5506	3.264e-04	   0.057	   259.374
 317	159	 4.6192	 1.0452	   1.5179	        1.5186	          0.0007	   1.5393	5.743e-04	   0.060	   260.033
 318	159	 4.6191	 1.0460	   1.5179	        1.5186	          0.0007	   1.5973	2.350e-04	   0.061	   260.689
 319	160	 4.6189	 1.0471	   1.5179	        1.5186	          0.0007	   1.6072	2.490e-04	   0.061	   261.352
 320	160	 4.6190	 1.0457	   1.5179	        1.5186	          0.0007	   1.5170	3.517e-04	   0.067	   262.061
 321	161	 4.6188	 1.0456	   1.5179	        1.5186	          0.0007	   1.5622	3.815e-04	   0.062	   262.777
 322	161	 4.6188	 1.0458	   1.5179	        1.5186	          0.0007	   1.5723	3.261e-04	   0.056	   263.470
 323	162	 4.6189	 1.0456	   1.5179	        1.5186	          0.0007	   1.5599	3.839e-04	   0.059	   264.134
 324	162	 4.6189	 1.0458	   1.5179	        1.5186	          0.0007	   1.5737	3.237e-04	   0.058	   264.791
 325	163	 4.6195	 1.0451	   1.5179	        1.5186	          0.0007	   1.5428	6.340e-04	   0.064	   265.453
 326	163	 4.6192	 1.0451	   1.5179	        1.5186	          0.0007	   1.5675	6.075e-04	   0.069	   266.139
 327	164	 4.6191	 1.0449	   1.5179	        1.5186	          0.0007	   1.5527	7.167e-04	   0.061	   266.837
 328	164	 4.6192	 1.0455	   1.5179	        1.5186	          0.0007	   1.5946	4.394e-04	   0.066	   267.496
 329	165	 4.6189	 1.0463	   1.5179	        1.5186	          0.0007	   1.5937	9.337e-05	   0.056	   268.144
 330	165	 4.6189	 1.0457	   1.5179	        1.5186	          0.0007	   1.5441	3.561e-04	   0.054	   268.802
 331	166	 4.6190	 1.0463	   1.5179	        1.5186	          0.0007	   1.5894	8.260e-05	   0.057	   269.459
 332	166	 4.6189	 1.0461	   1.5179	        1.5186	          0.0007	   1.5586	1.883e-04	   0.067	   270.129
 333	167	 4.6191	 1.0453	   1.5179	        1.5186	          0.0007	   1.5365	5.359e-04	   0.064	   270.819
 334	167	 4.6191	 1.0461	   1.5179	        1.5186	          0.0007	   1.5995	1.695e-04	   0.062	   271.527
 335	168	 4.6191	 1.0472	   1.5179	        1.5186	          0.0007	   1.6109	3.287e-04	   0.063	   272.217
 336	168	 4.6191	 1.0462	   1.5179	        1.5186	          0.0007	   1.5278	1.178e-04	   0.066	   272.929
 337	169	 4.6196	 1.0466	   1.5179	        1.5186	          0.0007	   1.5872	5.953e-05	   0.063	   273.608
 338	169	 4.6191	 1.0462	   1.5179	        1.5186	          0.0007	   1.5467	1.236e-04	   0.063	   274.262
 339	170	 4.6184	 1.0457	   1.5179	        1.5186	          0.0007	   1.5439	3.320e-04	   0.063	   274.923
 340	170	 4.6189	 1.0464	   1.5179	        1.5186	          0.0007	   1.5955	5.369e-05	   0.060	   275.577
 341	171	 4.6185	 1.0460	   1.5179	        1.5186	          0.0007	   1.5500	2.241e-04	   0.056	   276.234
 342	171	 4.6188	 1.0465	   1.5179	        1.5186	          0.0007	   1.5879	1.750e-05	   0.055	   276.888
 343	172	 4.6191	 1.0463	   1.5179	        1.5186	          0.0007	   1.5639	9.898e-05	   0.061	   277.543
 344	172	 4.6187	 1.0466	   1.5179	        1.5186	          0.0007	   1.5762	5.164e-05	   0.058	   278.219
 345	173	 4.6186	 1.0469	   1.5179	        1.5186	          0.0007	   1.5803	1.921e-04	   0.071	   278.942
 346	173	 4.6185	 1.0465	   1.5179	        1.5186	          0.0007	   1.5504	1.589e-05	   0.064	   279.662
 347	174	 4.6185	 1.0466	   1.5179	        1.5186	          0.0007	   1.5660	2.659e-05	   0.058	   280.340
 348	174	 4.6184	 1.0465	   1.5179	        1.5186	          0.0007	   1.5689	1.923e-05	   0.062	   280.995
 349	175	 4.6185	 1.0460	   1.5179	        1.5186	          0.0007	   1.5448	2.071e-04	   0.054	   281.644
 350	175	 4.6184	 1.0465	   1.5179	        1.5186	          0.0007	   1.5888	1.253e-05	   0.058	   282.302
 351	176	 4.6187	 1.0477	   1.5179	        1.5186	          0.0007	   1.6146	5.132e-04	   0.059	   282.958
 352	176	 4.6187	 1.0466	   1.5179	        1.5186	          0.0007	   1.5243	3.363e-05	   0.059	   283.616
 353	177	 4.6189	 1.0462	   1.5179	        1.5186	          0.0007	   1.5546	1.191e-04	   0.067	   284.280
 354	177	 4.6188	 1.0464	   1.5179	        1.5186	          0.0007	   1.5712	6.406e-05	   0.060	   284.932
 355	178	 4.6192	 1.0466	   1.5179	        1.5186	          0.0007	   1.5812	3.330e-05	   0.061	   285.588
 356	178	 4.6187	 1.0463	   1.5179	        1.5186	          0.0007	   1.5516	7.658e-05	   0.062	   286.243
 357	179	 4.6188	 1.0467	   1.5179	        1.5186	          0.0007	   1.5819	9.207e-05	   0.063	   286.921
 358	179	 4.6185	 1.0464	   1.5179	        1.5186	          0.0007	   1.5542	3.240e-05	   0.067	   287.627
 359	180	 4.6182	 1.0469	   1.5179	        1.5186	          0.0007	   1.5861	1.722e-04	   0.057	   288.316
 360	180	 4.6184	 1.0464	   1.5179	        1.5186	          0.0007	   1.5472	3.402e-05	   0.063	   289.013
 361	181	 4.6184	 1.0466	   1.5179	        1.5186	          0.0007	   1.5734	3.188e-05	   0.057	   289.668
 362	181	 4.6185	 1.0464	   1.5179	        1.5186	          0.0007	   1.5615	3.541e-05	   0.056	   290.321
 363	182	 4.6181	 1.0462	   1.5179	        1.5186	          0.0007	   1.5562	1.104e-04	   0.060	   290.978
 364	182	 4.6182	 1.0463	   1.5179	        1.5186	          0.0007	   1.5718	8.959e-05	   0.062	   291.638
 365	183	 4.6184	 1.0463	   1.5179	        1.5186	          0.0007	   1.5655	1.071e-04	   0.064	   292.295
 366	183	 4.6181	 1.0462	   1.5179	        1.5186	          0.0007	   1.5605	1.508e-04	   0.065	   292.952
 367	184	 4.6179	 1.0457	   1.5179	        1.5186	          0.0007	   1.5451	3.506e-04	   0.059	   293.609
 368	184	 4.6180	 1.0464	   1.5179	        1.5186	          0.0007	   1.5978	5.571e-05	   0.066	   294.270
 369	185	 4.6181	 1.0460	   1.5179	        1.5186	          0.0007	   1.5521	2.072e-04	   0.058	   294.976
 370	185	 4.6179	 1.0466	   1.5179	        1.5186	          0.0007	   1.5894	3.064e-05	   0.071	   295.713
 371	186	 4.6180	 1.0466	   1.5179	        1.5186	          0.0007	   1.5721	5.435e-05	   0.071	   296.455
 372	186	 4.6178	 1.0463	   1.5179	        1.5186	          0.0007	   1.5522	6.513e-05	   0.066	   297.186
 373	187	 4.6183	 1.0466	   1.5179	        1.5186	          0.0007	   1.5824	6.119e-05	   0.072	   297.930
 374	187	 4.6182	 1.0462	   1.5179	        1.5186	          0.0007	   1.5462	1.390e-04	   0.059	   298.625
 375	188	 4.6180	 1.0453	   1.5179	        1.5186	          0.0007	   1.5297	5.086e-04	   0.058	   299.294
 376	188	 4.6182	 1.0463	   1.5179	        1.5186	          0.0007	   1.6091	8.766e-05	   0.058	   299.944
 377	189	 4.6180	 1.0461	   1.5179	        1.5186	          0.0007	   1.5552	1.596e-04	   0.059	   300.600
 378	189	 4.6181	 1.0463	   1.5179	        1.5186	          0.0007	   1.5759	9.558e-05	   0.061	   301.259
 379	190	 4.6186	 1.0458	   1.5179	        1.5186	          0.0007	   1.5480	3.233e-04	   0.059	   301.914
 380	190	 4.6182	 1.0460	   1.5179	        1.5186	          0.0007	   1.5757	2.083e-04	   0.060	   302.574
 381	191	 4.6179	 1.0458	   1.5179	        1.5186	          0.0007	   1.5545	3.128e-04	   0.071	   303.261
 382	191	 4.6182	 1.0462	   1.5179	        1.5186	          0.0007	   1.5874	1.227e-04	   0.059	   303.979
 383	192	 4.6181	 1.0464	   1.5179	        1.5186	          0.0007	   1.5760	3.438e-05	   0.064	   304.710
 384	192	 4.6182	 1.0463	   1.5179	        1.5186	          0.0007	   1.5625	8.538e-05	   0.066	   305.394
 385	193	 4.6188	 1.0465	   1.5179	        1.5186	          0.0007	   1.5808	6.392e-06	   0.061	   306.060
 386	193	 4.6183	 1.0460	   1.5179	        1.5186	          0.0007	   1.5397	2.330e-04	   0.057	   306.720
 387	194	 4.6183	 1.0451	   1.5179	        1.5186	          0.0007	   1.5252	6.277e-04	   0.056	   307.377
 388	194	 4.6185	 1.0457	   1.5179	        1.5186	          0.0007	   1.5998	3.336e-04	   0.063	   308.033
 389	195	 4.6184	 1.0461	   1.5179	        1.5186	          0.0007	   1.5854	1.592e-04	   0.053	   308.684
 390	195	 4.6184	 1.0455	   1.5179	        1.5186	          0.0007	   1.5357	4.518e-04	   0.061	   309.341
 391	196	 4.6183	 1.0451	   1.5179	        1.5186	          0.0007	   1.5519	5.929e-04	   0.059	   309.997
 392	196	 4.6183	 1.0458	   1.5179	        1.5186	          0.0007	   1.5953	3.040e-04	   0.063	   310.661
 393	197	 4.6187	 1.0463	   1.5179	        1.5186	          0.0007	   1.5941	7.745e-05	   0.070	   311.347
 394	197	 4.6183	 1.0459	   1.5179	        1.5186	          0.0007	   1.5452	2.477e-04	   0.069	   312.070
 395	198	 4.6184	 1.0458	   1.5179	        1.5186	          0.0007	   1.5652	2.856e-04	   0.060	   312.778
 396	198	 4.6181	 1.0461	   1.5179	        1.5186	          0.0007	   1.5738	1.933e-04	   0.058	   313.443
 397	199	 4.6185	 1.0463	   1.5179	        1.5186	          0.0007	   1.5801	9.474e-05	   0.057	   314.101
 398	199	 4.6183	 1.0458	   1.5179	        1.5186	          0.0007	   1.5452	2.915e-04	   0.063	   314.761
 399	200	 4.6180	 1.0454	   1.5179	        1.5186	          0.0007	   1.5456	4.609e-04	   0.061	   315.416
 400	200	 4.6183	 1.0460	   1.5179	        1.5186	          0.0007	   1.5954	2.197e-04	   0.055	   316.064

[BSGD] Finished on device cuda -> σ_f² ≈ 4.6183, σ_ε² ≈ 1.0460
