[GPU 3][JOB 116] 'python cli.py bsgd --n 1024 --lengthscale 0.5 --sigma-f2-true 4.0 --sigma-eps2-true 1.0 --n-epochs 200 --device auto --kernel-mode finite --theta-min 1e-4 --theta-max 20.0 --print-every 1 --seed 5 --batch-size 1024 --sigma-f2-init 5.0 --sigma-eps2-init 3.0 --alpha1 9.0 '

=== BSGD (biased SGD on exact kernel) ===
iter	epoch	σ_f²	σ_ε²	real_nlml	real_nlml_true	real_nlml_abs_err	mini_nlml	||grad||	duration_s	wall_time_s
   1	 1	 5.1363	 2.0199	   1.5855	        1.4829	          0.1027	   1.5855	1.245e-01	   0.314	     0.362
   2	 2	 5.1973	 1.4598	   1.5175	        1.4829	          0.0346	   1.5175	1.117e-01	   0.019	     0.452
   3	 3	 5.2376	 1.1248	   1.4868	        1.4829	          0.0039	   1.4868	6.064e-02	   0.018	     0.537
   4	 4	 5.2677	 0.9883	   1.4815	        1.4829	          0.0013	   1.4815	1.132e-02	   0.016	     0.657
   5	 5	 5.2907	 0.9679	   1.4814	        1.4829	          0.0015	   1.4814	1.359e-03	   0.012	     0.767
   6	 6	 5.3088	 0.9659	   1.4814	        1.4829	          0.0015	   1.4814	3.866e-04	   0.027	     0.962
   7	 7	 5.3234	 0.9655	   1.4814	        1.4829	          0.0015	   1.4814	2.450e-04	   0.047	     1.363
   8	 8	 5.3357	 0.9654	   1.4814	        1.4829	          0.0015	   1.4814	2.171e-04	   0.077	     2.023
   9	 9	 5.3461	 0.9654	   1.4814	        1.4829	          0.0015	   1.4814	2.062e-04	   0.097	     2.788
  10	10	 5.3552	 0.9654	   1.4814	        1.4829	          0.0015	   1.4814	1.990e-04	   0.097	     3.648
  11	11	 5.3632	 0.9653	   1.4814	        1.4829	          0.0015	   1.4814	1.931e-04	   0.098	     4.540
  12	12	 5.3703	 0.9653	   1.4814	        1.4829	          0.0015	   1.4814	1.881e-04	   0.097	     5.452
  13	13	 5.3767	 0.9653	   1.4814	        1.4829	          0.0015	   1.4814	1.836e-04	   0.096	     6.364
  14	14	 5.3826	 0.9653	   1.4814	        1.4829	          0.0015	   1.4814	1.796e-04	   0.105	     7.286
  15	15	 5.3879	 0.9653	   1.4814	        1.4829	          0.0015	   1.4814	1.760e-04	   0.104	     8.264
  16	16	 5.3927	 0.9653	   1.4814	        1.4829	          0.0015	   1.4814	1.726e-04	   0.111	     9.298
  17	17	 5.3972	 0.9653	   1.4814	        1.4829	          0.0015	   1.4814	1.696e-04	   0.123	    10.359
  18	18	 5.4014	 0.9653	   1.4814	        1.4829	          0.0015	   1.4814	1.667e-04	   0.114	    11.448
  19	19	 5.4053	 0.9653	   1.4814	        1.4829	          0.0015	   1.4814	1.641e-04	   0.105	    12.490
  20	20	 5.4089	 0.9653	   1.4814	        1.4829	          0.0015	   1.4814	1.616e-04	   0.117	    13.537
  21	21	 5.4123	 0.9653	   1.4814	        1.4829	          0.0015	   1.4814	1.593e-04	   0.111	    14.565
  22	22	 5.4156	 0.9653	   1.4814	        1.4829	          0.0015	   1.4814	1.572e-04	   0.113	    15.599
  23	23	 5.4186	 0.9653	   1.4814	        1.4829	          0.0015	   1.4814	1.552e-04	   0.114	    16.648
  24	24	 5.4214	 0.9653	   1.4814	        1.4829	          0.0015	   1.4814	1.532e-04	   0.108	    17.679
  25	25	 5.4242	 0.9653	   1.4814	        1.4829	          0.0015	   1.4814	1.514e-04	   0.128	    18.765
  26	26	 5.4267	 0.9653	   1.4814	        1.4829	          0.0015	   1.4814	1.497e-04	   0.118	    19.849
  27	27	 5.4292	 0.9653	   1.4814	        1.4829	          0.0015	   1.4814	1.481e-04	   0.127	    20.939
  28	28	 5.4315	 0.9653	   1.4814	        1.4829	          0.0015	   1.4814	1.465e-04	   0.118	    22.039
  29	29	 5.4338	 0.9653	   1.4814	        1.4829	          0.0015	   1.4814	1.450e-04	   0.108	    23.090
  30	30	 5.4359	 0.9653	   1.4814	        1.4829	          0.0015	   1.4814	1.436e-04	   0.124	    24.141
  31	31	 5.4380	 0.9653	   1.4814	        1.4829	          0.0015	   1.4814	1.422e-04	   0.109	    25.172
  32	32	 5.4399	 0.9653	   1.4814	        1.4829	          0.0015	   1.4814	1.409e-04	   0.118	    26.215
  33	33	 5.4418	 0.9653	   1.4814	        1.4829	          0.0015	   1.4814	1.397e-04	   0.110	    27.257
  34	34	 5.4437	 0.9653	   1.4814	        1.4829	          0.0015	   1.4814	1.385e-04	   0.105	    28.296
  35	35	 5.4454	 0.9653	   1.4814	        1.4829	          0.0015	   1.4814	1.373e-04	   0.125	    29.358
  36	36	 5.4471	 0.9653	   1.4814	        1.4829	          0.0015	   1.4814	1.362e-04	   0.124	    30.412
  37	37	 5.4487	 0.9653	   1.4814	        1.4829	          0.0015	   1.4814	1.352e-04	   0.118	    31.498
  38	38	 5.4503	 0.9653	   1.4814	        1.4829	          0.0015	   1.4814	1.341e-04	   0.118	    32.612
  39	39	 5.4518	 0.9653	   1.4814	        1.4829	          0.0015	   1.4814	1.331e-04	   0.104	    33.660
  40	40	 5.4533	 0.9653	   1.4814	        1.4829	          0.0015	   1.4814	1.322e-04	   0.116	    34.701
  41	41	 5.4547	 0.9653	   1.4814	        1.4829	          0.0015	   1.4814	1.312e-04	   0.117	    35.747
  42	42	 5.4561	 0.9653	   1.4814	        1.4829	          0.0015	   1.4814	1.303e-04	   0.109	    36.784
  43	43	 5.4575	 0.9653	   1.4814	        1.4829	          0.0015	   1.4814	1.294e-04	   0.112	    37.828
  44	44	 5.4588	 0.9653	   1.4814	        1.4829	          0.0015	   1.4814	1.286e-04	   0.111	    38.874
  45	45	 5.4600	 0.9653	   1.4814	        1.4829	          0.0015	   1.4814	1.278e-04	   0.128	    40.005
  46	46	 5.4613	 0.9653	   1.4814	        1.4829	          0.0015	   1.4814	1.270e-04	   0.122	    41.109
  47	47	 5.4625	 0.9653	   1.4814	        1.4829	          0.0015	   1.4814	1.262e-04	   0.118	    42.185
  48	48	 5.4636	 0.9653	   1.4814	        1.4829	          0.0015	   1.4814	1.254e-04	   0.119	    43.301
  49	49	 5.4648	 0.9653	   1.4814	        1.4829	          0.0015	   1.4814	1.247e-04	   0.102	    44.354
  50	50	 5.4659	 0.9653	   1.4814	        1.4829	          0.0015	   1.4814	1.240e-04	   0.126	    45.405
  51	51	 5.4669	 0.9653	   1.4814	        1.4829	          0.0015	   1.4814	1.233e-04	   0.114	    46.448
  52	52	 5.4680	 0.9653	   1.4814	        1.4829	          0.0015	   1.4814	1.226e-04	   0.114	    47.484
  53	53	 5.4690	 0.9653	   1.4814	        1.4829	          0.0015	   1.4814	1.219e-04	   0.112	    48.527
  54	54	 5.4700	 0.9653	   1.4814	        1.4829	          0.0015	   1.4814	1.213e-04	   0.105	    49.559
  55	55	 5.4710	 0.9653	   1.4814	        1.4829	          0.0015	   1.4814	1.207e-04	   0.132	    50.625
  56	56	 5.4720	 0.9653	   1.4814	        1.4829	          0.0015	   1.4814	1.200e-04	   0.120	    51.683
  57	57	 5.4729	 0.9653	   1.4814	        1.4829	          0.0015	   1.4814	1.194e-04	   0.119	    52.762
  58	58	 5.4738	 0.9653	   1.4814	        1.4829	          0.0015	   1.4814	1.188e-04	   0.113	    53.854
  59	59	 5.4747	 0.9653	   1.4814	        1.4829	          0.0015	   1.4814	1.183e-04	   0.111	    54.895
  60	60	 5.4756	 0.9653	   1.4814	        1.4829	          0.0015	   1.4814	1.177e-04	   0.122	    55.948
  61	61	 5.4764	 0.9653	   1.4814	        1.4829	          0.0015	   1.4814	1.172e-04	   0.113	    56.984
  62	62	 5.4773	 0.9653	   1.4814	        1.4829	          0.0015	   1.4814	1.166e-04	   0.113	    58.022
  63	63	 5.4781	 0.9653	   1.4814	        1.4829	          0.0015	   1.4814	1.161e-04	   0.107	    59.059
  64	64	 5.4789	 0.9653	   1.4814	        1.4829	          0.0015	   1.4814	1.156e-04	   0.115	    60.107
  65	65	 5.4797	 0.9653	   1.4814	        1.4829	          0.0015	   1.4814	1.151e-04	   0.120	    61.183
  66	66	 5.4804	 0.9653	   1.4814	        1.4829	          0.0015	   1.4814	1.146e-04	   0.121	    62.274
  67	67	 5.4812	 0.9653	   1.4814	        1.4829	          0.0015	   1.4814	1.141e-04	   0.114	    63.347
  68	68	 5.4819	 0.9653	   1.4814	        1.4829	          0.0015	   1.4814	1.136e-04	   0.125	    64.462
  69	69	 5.4827	 0.9653	   1.4814	        1.4829	          0.0015	   1.4814	1.131e-04	   0.112	    65.531
  70	70	 5.4834	 0.9653	   1.4814	        1.4829	          0.0015	   1.4814	1.127e-04	   0.120	    66.577
  71	71	 5.4841	 0.9653	   1.4814	        1.4829	          0.0015	   1.4814	1.122e-04	   0.112	    67.615
  72	72	 5.4848	 0.9653	   1.4814	        1.4829	          0.0015	   1.4814	1.118e-04	   0.108	    68.647
  73	73	 5.4855	 0.9653	   1.4814	        1.4829	          0.0015	   1.4814	1.114e-04	   0.117	    69.694
  74	74	 5.4861	 0.9653	   1.4814	        1.4829	          0.0015	   1.4814	1.109e-04	   0.107	    70.736
  75	75	 5.4868	 0.9653	   1.4814	        1.4829	          0.0015	   1.4814	1.105e-04	   0.127	    71.789
  76	76	 5.4874	 0.9653	   1.4814	        1.4829	          0.0015	   1.4814	1.101e-04	   0.118	    72.873
  77	77	 5.4881	 0.9653	   1.4814	        1.4829	          0.0015	   1.4814	1.097e-04	   0.114	    73.958
  78	78	 5.4887	 0.9653	   1.4814	        1.4829	          0.0015	   1.4814	1.093e-04	   0.121	    75.059
  79	79	 5.4893	 0.9653	   1.4814	        1.4829	          0.0015	   1.4814	1.089e-04	   0.108	    76.102
  80	80	 5.4899	 0.9653	   1.4814	        1.4829	          0.0015	   1.4814	1.085e-04	   0.120	    77.147
  81	81	 5.4905	 0.9653	   1.4814	        1.4829	          0.0015	   1.4814	1.081e-04	   0.100	    78.181
  82	82	 5.4911	 0.9653	   1.4814	        1.4829	          0.0015	   1.4814	1.078e-04	   0.122	    79.257
  83	83	 5.4917	 0.9653	   1.4814	        1.4829	          0.0015	   1.4814	1.074e-04	   0.126	    80.417
  84	84	 5.4922	 0.9653	   1.4814	        1.4829	          0.0015	   1.4814	1.070e-04	   0.109	    81.527
  85	85	 5.4928	 0.9653	   1.4814	        1.4829	          0.0015	   1.4814	1.067e-04	   0.126	    82.618
  86	86	 5.4933	 0.9653	   1.4814	        1.4829	          0.0015	   1.4814	1.063e-04	   0.111	    83.699
  87	87	 5.4939	 0.9653	   1.4814	        1.4829	          0.0015	   1.4814	1.060e-04	   0.124	    84.785
  88	88	 5.4944	 0.9653	   1.4814	        1.4829	          0.0015	   1.4814	1.057e-04	   0.116	    85.898
  89	89	 5.4949	 0.9653	   1.4814	        1.4829	          0.0015	   1.4814	1.053e-04	   0.107	    86.968
  90	90	 5.4955	 0.9653	   1.4814	        1.4829	          0.0015	   1.4814	1.050e-04	   0.119	    88.013
  91	91	 5.4960	 0.9653	   1.4814	        1.4829	          0.0015	   1.4814	1.047e-04	   0.114	    89.048
  92	92	 5.4965	 0.9653	   1.4814	        1.4829	          0.0015	   1.4814	1.043e-04	   0.118	    90.094
  93	93	 5.4970	 0.9653	   1.4814	        1.4829	          0.0015	   1.4814	1.040e-04	   0.111	    91.135
  94	94	 5.4975	 0.9653	   1.4814	        1.4829	          0.0015	   1.4814	1.037e-04	   0.107	    92.174
  95	95	 5.4979	 0.9653	   1.4814	        1.4829	          0.0015	   1.4814	1.034e-04	   0.117	    93.217
  96	96	 5.4984	 0.9653	   1.4814	        1.4829	          0.0015	   1.4814	1.031e-04	   0.124	    94.312
  97	97	 5.4989	 0.9653	   1.4814	        1.4829	          0.0015	   1.4814	1.028e-04	   0.113	    95.381
  98	98	 5.4994	 0.9653	   1.4814	        1.4829	          0.0015	   1.4814	1.025e-04	   0.119	    96.460
  99	99	 5.4998	 0.9653	   1.4814	        1.4829	          0.0015	   1.4814	1.022e-04	   0.107	    97.506
 100	100	 5.5003	 0.9653	   1.4814	        1.4829	          0.0015	   1.4814	1.019e-04	   0.118	    98.546
 101	101	 5.5007	 0.9653	   1.4814	        1.4829	          0.0015	   1.4814	1.017e-04	   0.119	    99.593
 102	102	 5.5012	 0.9653	   1.4814	        1.4829	          0.0015	   1.4814	1.014e-04	   0.111	   100.629
 103	103	 5.5016	 0.9653	   1.4814	        1.4829	          0.0015	   1.4814	1.011e-04	   0.112	   101.673
 104	104	 5.5020	 0.9653	   1.4814	        1.4829	          0.0015	   1.4814	1.008e-04	   0.103	   102.707
 105	105	 5.5025	 0.9653	   1.4814	        1.4829	          0.0015	   1.4814	1.006e-04	   0.127	   103.779
 106	106	 5.5029	 0.9653	   1.4814	        1.4829	          0.0015	   1.4814	1.003e-04	   0.120	   104.875
 107	107	 5.5033	 0.9653	   1.4814	        1.4829	          0.0015	   1.4814	1.000e-04	   0.120	   105.948
 108	108	 5.5037	 0.9653	   1.4814	        1.4829	          0.0015	   1.4814	9.977e-05	   0.118	   107.061
 109	109	 5.5041	 0.9653	   1.4814	        1.4829	          0.0015	   1.4814	9.952e-05	   0.108	   108.135
 110	110	 5.5045	 0.9653	   1.4814	        1.4829	          0.0015	   1.4814	9.926e-05	   0.127	   109.184
 111	111	 5.5049	 0.9653	   1.4814	        1.4829	          0.0015	   1.4814	9.901e-05	   0.109	   110.223
 112	112	 5.5053	 0.9653	   1.4814	        1.4829	          0.0015	   1.4814	9.876e-05	   0.113	   111.260
 113	113	 5.5057	 0.9653	   1.4814	        1.4829	          0.0015	   1.4814	9.852e-05	   0.110	   112.302
 114	114	 5.5061	 0.9653	   1.4814	        1.4829	          0.0015	   1.4814	9.828e-05	   0.108	   113.337
 115	115	 5.5064	 0.9653	   1.4814	        1.4829	          0.0015	   1.4814	9.804e-05	   0.129	   114.424
 116	116	 5.5068	 0.9653	   1.4814	        1.4829	          0.0015	   1.4814	9.780e-05	   0.119	   115.518
 117	117	 5.5072	 0.9653	   1.4814	        1.4829	          0.0015	   1.4814	9.757e-05	   0.116	   116.584
 118	118	 5.5076	 0.9653	   1.4814	        1.4829	          0.0015	   1.4814	9.734e-05	   0.113	   117.650
 119	119	 5.5079	 0.9653	   1.4814	        1.4829	          0.0015	   1.4814	9.711e-05	   0.113	   118.705
 120	120	 5.5083	 0.9653	   1.4814	        1.4829	          0.0015	   1.4814	9.689e-05	   0.120	   119.755
 121	121	 5.5086	 0.9653	   1.4814	        1.4829	          0.0015	   1.4814	9.666e-05	   0.114	   120.792
 122	122	 5.5090	 0.9653	   1.4814	        1.4829	          0.0015	   1.4814	9.644e-05	   0.120	   121.886
 123	123	 5.5093	 0.9653	   1.4814	        1.4829	          0.0015	   1.4814	9.622e-05	   0.113	   122.939
 124	124	 5.5097	 0.9653	   1.4814	        1.4829	          0.0015	   1.4814	9.601e-05	   0.113	   123.983
 125	125	 5.5100	 0.9653	   1.4814	        1.4829	          0.0015	   1.4814	9.579e-05	   0.123	   125.050
 126	126	 5.5103	 0.9653	   1.4814	        1.4829	          0.0015	   1.4814	9.558e-05	   0.121	   126.138
 127	127	 5.5107	 0.9653	   1.4814	        1.4829	          0.0015	   1.4814	9.537e-05	   0.114	   127.206
 128	128	 5.5110	 0.9653	   1.4814	        1.4829	          0.0015	   1.4814	9.516e-05	   0.120	   128.321
 129	129	 5.5113	 0.9653	   1.4814	        1.4829	          0.0015	   1.4814	9.496e-05	   0.109	   129.408
 130	130	 5.5117	 0.9653	   1.4814	        1.4829	          0.0015	   1.4814	9.475e-05	   0.120	   130.453
 131	131	 5.5120	 0.9653	   1.4814	        1.4829	          0.0015	   1.4814	9.455e-05	   0.114	   131.493
 132	132	 5.5123	 0.9653	   1.4814	        1.4829	          0.0015	   1.4814	9.435e-05	   0.108	   132.523
 133	133	 5.5126	 0.9653	   1.4814	        1.4829	          0.0015	   1.4814	9.416e-05	   0.118	   133.574
 134	134	 5.5129	 0.9653	   1.4814	        1.4829	          0.0015	   1.4814	9.396e-05	   0.107	   134.615
 135	135	 5.5132	 0.9653	   1.4814	        1.4829	          0.0015	   1.4814	9.377e-05	   0.124	   135.696
 136	136	 5.5135	 0.9653	   1.4814	        1.4829	          0.0015	   1.4814	9.358e-05	   0.111	   136.756
 137	137	 5.5138	 0.9653	   1.4814	        1.4829	          0.0015	   1.4814	9.339e-05	   0.112	   137.812
 138	138	 5.5141	 0.9653	   1.4814	        1.4829	          0.0015	   1.4814	9.320e-05	   0.120	   138.890
 139	139	 5.5144	 0.9653	   1.4814	        1.4829	          0.0015	   1.4814	9.301e-05	   0.104	   139.944
 140	140	 5.5147	 0.9653	   1.4814	        1.4829	          0.0015	   1.4814	9.283e-05	   0.118	   140.991
 141	141	 5.5150	 0.9653	   1.4814	        1.4829	          0.0015	   1.4814	9.264e-05	   0.105	   142.024
 142	142	 5.5153	 0.9653	   1.4814	        1.4829	          0.0015	   1.4814	9.246e-05	   0.118	   143.066
 143	143	 5.5156	 0.9653	   1.4814	        1.4829	          0.0015	   1.4814	9.228e-05	   0.112	   144.113
 144	144	 5.5159	 0.9653	   1.4814	        1.4829	          0.0015	   1.4814	9.210e-05	   0.108	   145.150
 145	145	 5.5162	 0.9653	   1.4814	        1.4829	          0.0015	   1.4814	9.193e-05	   0.124	   146.216
 146	146	 5.5164	 0.9653	   1.4814	        1.4829	          0.0015	   1.4814	9.175e-05	   0.125	   147.298
 147	147	 5.5167	 0.9653	   1.4814	        1.4829	          0.0015	   1.4814	9.158e-05	   0.126	   148.379
 148	148	 5.5170	 0.9653	   1.4814	        1.4829	          0.0015	   1.4814	9.141e-05	   0.116	   149.490
 149	149	 5.5173	 0.9653	   1.4814	        1.4829	          0.0015	   1.4814	9.124e-05	   0.107	   150.574
 150	150	 5.5175	 0.9653	   1.4814	        1.4829	          0.0015	   1.4814	9.107e-05	   0.116	   151.617
 151	151	 5.5178	 0.9653	   1.4814	        1.4829	          0.0015	   1.4814	9.090e-05	   0.117	   152.656
 152	152	 5.5181	 0.9653	   1.4814	        1.4829	          0.0015	   1.4814	9.074e-05	   0.114	   153.699
 153	153	 5.5183	 0.9653	   1.4814	        1.4829	          0.0015	   1.4814	9.057e-05	   0.115	   154.744
 154	154	 5.5186	 0.9653	   1.4814	        1.4829	          0.0015	   1.4814	9.041e-05	   0.111	   155.816
 155	155	 5.5189	 0.9653	   1.4814	        1.4829	          0.0015	   1.4814	9.025e-05	   0.121	   156.890
 156	156	 5.5191	 0.9653	   1.4814	        1.4829	          0.0015	   1.4814	9.009e-05	   0.120	   157.958
 157	157	 5.5194	 0.9653	   1.4814	        1.4829	          0.0015	   1.4814	8.993e-05	   0.111	   159.018
 158	158	 5.5196	 0.9653	   1.4814	        1.4829	          0.0015	   1.4814	8.977e-05	   0.123	   160.119
 159	159	 5.5199	 0.9653	   1.4814	        1.4829	          0.0015	   1.4814	8.962e-05	   0.118	   161.244
 160	160	 5.5201	 0.9653	   1.4814	        1.4829	          0.0015	   1.4814	8.946e-05	   0.129	   162.388
 161	161	 5.5204	 0.9653	   1.4814	        1.4829	          0.0015	   1.4814	8.931e-05	   0.128	   163.501
 162	162	 5.5206	 0.9653	   1.4814	        1.4829	          0.0015	   1.4814	8.915e-05	   0.116	   164.541
 163	163	 5.5208	 0.9653	   1.4814	        1.4829	          0.0015	   1.4814	8.900e-05	   0.111	   165.578
 164	164	 5.5211	 0.9653	   1.4814	        1.4829	          0.0015	   1.4814	8.885e-05	   0.100	   166.611
 165	165	 5.5213	 0.9653	   1.4814	        1.4829	          0.0015	   1.4814	8.870e-05	   0.130	   167.678
 166	166	 5.5216	 0.9653	   1.4814	        1.4829	          0.0015	   1.4814	8.856e-05	   0.124	   168.764
 167	167	 5.5218	 0.9653	   1.4814	        1.4829	          0.0015	   1.4814	8.841e-05	   0.116	   169.838
 168	168	 5.5220	 0.9653	   1.4814	        1.4829	          0.0015	   1.4814	8.826e-05	   0.123	   170.955
 169	169	 5.5223	 0.9653	   1.4814	        1.4829	          0.0015	   1.4814	8.812e-05	   0.107	   172.034
 170	170	 5.5225	 0.9653	   1.4814	        1.4829	          0.0015	   1.4814	8.798e-05	   0.122	   173.090
 171	171	 5.5227	 0.9653	   1.4814	        1.4829	          0.0015	   1.4814	8.783e-05	   0.110	   174.126
 172	172	 5.5229	 0.9653	   1.4814	        1.4829	          0.0015	   1.4814	8.769e-05	   0.111	   175.164
 173	173	 5.5232	 0.9653	   1.4814	        1.4829	          0.0015	   1.4814	8.755e-05	   0.106	   176.203
 174	174	 5.5234	 0.9653	   1.4814	        1.4829	          0.0015	   1.4814	8.741e-05	   0.113	   177.281
 175	175	 5.5236	 0.9653	   1.4814	        1.4829	          0.0015	   1.4814	8.728e-05	   0.122	   178.335
 176	176	 5.5238	 0.9653	   1.4814	        1.4829	          0.0015	   1.4814	8.714e-05	   0.112	   179.393
 177	177	 5.5241	 0.9653	   1.4814	        1.4829	          0.0015	   1.4814	8.700e-05	   0.111	   180.452
 178	178	 5.5243	 0.9653	   1.4814	        1.4829	          0.0015	   1.4814	8.687e-05	   0.112	   181.507
 179	179	 5.5245	 0.9653	   1.4814	        1.4829	          0.0015	   1.4814	8.673e-05	   0.112	   182.579
 180	180	 5.5247	 0.9653	   1.4814	        1.4829	          0.0015	   1.4814	8.660e-05	   0.117	   183.627
 181	181	 5.5249	 0.9653	   1.4814	        1.4829	          0.0015	   1.4814	8.647e-05	   0.112	   184.665
 182	182	 5.5251	 0.9653	   1.4814	        1.4829	          0.0015	   1.4814	8.634e-05	   0.110	   185.700
 183	183	 5.5253	 0.9653	   1.4814	        1.4829	          0.0015	   1.4814	8.621e-05	   0.111	   186.740
 184	184	 5.5255	 0.9653	   1.4814	        1.4829	          0.0015	   1.4814	8.608e-05	   0.114	   187.790
 185	185	 5.5257	 0.9653	   1.4814	        1.4829	          0.0015	   1.4814	8.595e-05	   0.121	   188.844
 186	186	 5.5260	 0.9653	   1.4814	        1.4829	          0.0015	   1.4814	8.582e-05	   0.124	   189.921
 187	187	 5.5262	 0.9653	   1.4814	        1.4829	          0.0015	   1.4814	8.570e-05	   0.106	   190.996
 188	188	 5.5264	 0.9653	   1.4814	        1.4829	          0.0015	   1.4814	8.557e-05	   0.123	   192.112
 189	189	 5.5266	 0.9653	   1.4814	        1.4829	          0.0015	   1.4814	8.545e-05	   0.112	   193.209
 190	190	 5.5268	 0.9653	   1.4814	        1.4829	          0.0015	   1.4814	8.532e-05	   0.120	   194.256
 191	191	 5.5270	 0.9653	   1.4814	        1.4829	          0.0015	   1.4814	8.520e-05	   0.112	   195.294
 192	192	 5.5272	 0.9653	   1.4814	        1.4829	          0.0015	   1.4814	8.508e-05	   0.110	   196.325
 193	193	 5.5273	 0.9653	   1.4814	        1.4829	          0.0015	   1.4814	8.496e-05	   0.119	   197.415
 194	194	 5.5275	 0.9653	   1.4814	        1.4829	          0.0015	   1.4814	8.484e-05	   0.103	   198.484
 195	195	 5.5277	 0.9653	   1.4814	        1.4829	          0.0015	   1.4814	8.472e-05	   0.119	   199.532
 196	196	 5.5279	 0.9653	   1.4814	        1.4829	          0.0015	   1.4814	8.460e-05	   0.108	   200.588
 197	197	 5.5281	 0.9653	   1.4814	        1.4829	          0.0015	   1.4814	8.448e-05	   0.116	   201.649
 198	198	 5.5283	 0.9653	   1.4814	        1.4829	          0.0015	   1.4814	8.436e-05	   0.125	   202.733
 199	199	 5.5285	 0.9653	   1.4814	        1.4829	          0.0015	   1.4814	8.424e-05	   0.111	   203.854
 200	200	 5.5287	 0.9653	   1.4814	        1.4829	          0.0015	   1.4814	8.413e-05	   0.119	   204.895

[BSGD] Finished on device cuda -> σ_f² ≈ 5.5287, σ_ε² ≈ 0.9653
