[GPU 5][JOB 118] 'python cli.py bsgd --n 1024 --lengthscale 0.5 --sigma-f2-true 4.0 --sigma-eps2-true 1.0 --n-epochs 200 --device auto --kernel-mode finite --theta-min 1e-4 --theta-max 20.0 --print-every 1 --seed 7 --batch-size 1024 --sigma-f2-init 5.0 --sigma-eps2-init 3.0 --alpha1 9.0 '

=== BSGD (biased SGD on exact kernel) ===
iter	epoch	σ_f²	σ_ε²	real_nlml	real_nlml_true	real_nlml_abs_err	mini_nlml	||grad||	duration_s	wall_time_s
   1	 1	 4.4038	 2.0480	   1.5938	        1.5011	          0.0927	   1.5938	1.174e-01	   0.675	     0.771
   2	 2	 4.1340	 1.5198	   1.5337	        1.5011	          0.0326	   1.5337	1.028e-01	   0.082	     1.468
   3	 3	 3.9705	 1.2113	   1.5071	        1.5011	          0.0060	   1.5071	6.057e-02	   0.108	     2.394
   4	 4	 3.8586	 1.0750	   1.5013	        1.5011	          0.0002	   1.5013	2.012e-02	   0.105	     3.369
   5	 5	 3.7761	 1.0389	   1.5007	        1.5011	          0.0003	   1.5007	5.444e-03	   0.116	     4.377
   6	 6	 3.7122	 1.0308	   1.5007	        1.5011	          0.0004	   1.5007	1.977e-03	   0.113	     5.407
   7	 7	 3.6609	 1.0285	   1.5006	        1.5011	          0.0005	   1.5006	1.073e-03	   0.116	     6.446
   8	 8	 3.6186	 1.0276	   1.5006	        1.5011	          0.0005	   1.5006	8.109e-04	   0.111	     7.487
   9	 9	 3.5829	 1.0273	   1.5006	        1.5011	          0.0005	   1.5006	7.159e-04	   0.112	     8.522
  10	10	 3.5524	 1.0271	   1.5005	        1.5011	          0.0006	   1.5005	6.665e-04	   0.123	     9.594
  11	11	 3.5260	 1.0270	   1.5005	        1.5011	          0.0006	   1.5005	6.322e-04	   0.120	    10.671
  12	12	 3.5028	 1.0269	   1.5005	        1.5011	          0.0006	   1.5005	6.043e-04	   0.113	    11.714
  13	13	 3.4822	 1.0269	   1.5005	        1.5011	          0.0006	   1.5005	5.802e-04	   0.113	    12.756
  14	14	 3.4639	 1.0269	   1.5005	        1.5011	          0.0006	   1.5005	5.585e-04	   0.114	    13.799
  15	15	 3.4474	 1.0269	   1.5005	        1.5011	          0.0006	   1.5005	5.389e-04	   0.118	    14.841
  16	16	 3.4325	 1.0269	   1.5005	        1.5011	          0.0006	   1.5005	5.208e-04	   0.113	    15.880
  17	17	 3.4189	 1.0269	   1.5005	        1.5011	          0.0006	   1.5005	5.042e-04	   0.110	    16.913
  18	18	 3.4065	 1.0269	   1.5005	        1.5011	          0.0006	   1.5005	4.887e-04	   0.120	    17.965
  19	19	 3.3951	 1.0269	   1.5005	        1.5011	          0.0006	   1.5005	4.743e-04	   0.106	    18.996
  20	20	 3.3846	 1.0269	   1.5004	        1.5011	          0.0006	   1.5004	4.609e-04	   0.123	    20.101
  21	21	 3.3748	 1.0269	   1.5004	        1.5011	          0.0007	   1.5004	4.483e-04	   0.128	    21.258
  22	22	 3.3658	 1.0269	   1.5004	        1.5011	          0.0007	   1.5004	4.365e-04	   0.115	    22.334
  23	23	 3.3574	 1.0269	   1.5004	        1.5011	          0.0007	   1.5004	4.254e-04	   0.120	    23.398
  24	24	 3.3495	 1.0269	   1.5004	        1.5011	          0.0007	   1.5004	4.149e-04	   0.109	    24.431
  25	25	 3.3422	 1.0269	   1.5004	        1.5011	          0.0007	   1.5004	4.050e-04	   0.121	    25.480
  26	26	 3.3353	 1.0269	   1.5004	        1.5011	          0.0007	   1.5004	3.957e-04	   0.112	    26.514
  27	27	 3.3288	 1.0269	   1.5004	        1.5011	          0.0007	   1.5004	3.868e-04	   0.114	    27.549
  28	28	 3.3227	 1.0269	   1.5004	        1.5011	          0.0007	   1.5004	3.783e-04	   0.118	    28.602
  29	29	 3.3169	 1.0269	   1.5004	        1.5011	          0.0007	   1.5004	3.703e-04	   0.110	    29.634
  30	30	 3.3114	 1.0269	   1.5004	        1.5011	          0.0007	   1.5004	3.627e-04	   0.122	    30.683
  31	31	 3.3062	 1.0269	   1.5004	        1.5011	          0.0007	   1.5004	3.554e-04	   0.117	    31.754
  32	32	 3.3013	 1.0269	   1.5004	        1.5011	          0.0007	   1.5004	3.484e-04	   0.120	    32.822
  33	33	 3.2966	 1.0269	   1.5004	        1.5011	          0.0007	   1.5004	3.417e-04	   0.114	    33.869
  34	34	 3.2922	 1.0269	   1.5004	        1.5011	          0.0007	   1.5004	3.354e-04	   0.111	    34.903
  35	35	 3.2879	 1.0269	   1.5004	        1.5011	          0.0007	   1.5004	3.292e-04	   0.120	    35.953
  36	36	 3.2839	 1.0269	   1.5004	        1.5011	          0.0007	   1.5004	3.234e-04	   0.120	    37.026
  37	37	 3.2800	 1.0269	   1.5004	        1.5011	          0.0007	   1.5004	3.178e-04	   0.117	    38.099
  38	38	 3.2763	 1.0269	   1.5004	        1.5011	          0.0007	   1.5004	3.123e-04	   0.114	    39.143
  39	39	 3.2727	 1.0269	   1.5004	        1.5011	          0.0007	   1.5004	3.071e-04	   0.116	    40.200
  40	40	 3.2693	 1.0269	   1.5004	        1.5011	          0.0007	   1.5004	3.021e-04	   0.129	    41.308
  41	41	 3.2661	 1.0269	   1.5004	        1.5011	          0.0007	   1.5004	2.973e-04	   0.135	    42.475
  42	42	 3.2629	 1.0269	   1.5004	        1.5011	          0.0007	   1.5004	2.927e-04	   0.115	    43.592
  43	43	 3.2599	 1.0269	   1.5004	        1.5011	          0.0007	   1.5004	2.882e-04	   0.118	    44.656
  44	44	 3.2570	 1.0269	   1.5004	        1.5011	          0.0007	   1.5004	2.838e-04	   0.106	    45.687
  45	45	 3.2542	 1.0269	   1.5004	        1.5011	          0.0007	   1.5004	2.796e-04	   0.119	    46.732
  46	46	 3.2515	 1.0269	   1.5004	        1.5011	          0.0007	   1.5004	2.756e-04	   0.117	    47.773
  47	47	 3.2489	 1.0269	   1.5004	        1.5011	          0.0007	   1.5004	2.717e-04	   0.114	    48.811
  48	48	 3.2464	 1.0269	   1.5004	        1.5011	          0.0007	   1.5004	2.679e-04	   0.117	    49.860
  49	49	 3.2440	 1.0269	   1.5004	        1.5011	          0.0007	   1.5004	2.642e-04	   0.109	    50.893
  50	50	 3.2417	 1.0269	   1.5004	        1.5011	          0.0007	   1.5004	2.606e-04	   0.121	    51.936
  51	51	 3.2394	 1.0269	   1.5004	        1.5011	          0.0007	   1.5004	2.571e-04	   0.123	    53.010
  52	52	 3.2372	 1.0269	   1.5004	        1.5011	          0.0007	   1.5004	2.538e-04	   0.117	    54.082
  53	53	 3.2351	 1.0269	   1.5004	        1.5011	          0.0007	   1.5004	2.505e-04	   0.117	    55.130
  54	54	 3.2330	 1.0269	   1.5004	        1.5011	          0.0007	   1.5004	2.474e-04	   0.106	    56.159
  55	55	 3.2310	 1.0269	   1.5004	        1.5011	          0.0007	   1.5004	2.443e-04	   0.126	    57.209
  56	56	 3.2291	 1.0269	   1.5004	        1.5011	          0.0007	   1.5004	2.413e-04	   0.113	    58.246
  57	57	 3.2272	 1.0269	   1.5004	        1.5011	          0.0007	   1.5004	2.384e-04	   0.117	    59.285
  58	58	 3.2254	 1.0269	   1.5004	        1.5011	          0.0007	   1.5004	2.356e-04	   0.115	    60.333
  59	59	 3.2236	 1.0269	   1.5004	        1.5011	          0.0007	   1.5004	2.328e-04	   0.114	    61.374
  60	60	 3.2219	 1.0269	   1.5004	        1.5011	          0.0007	   1.5004	2.301e-04	   0.134	    62.473
  61	61	 3.2202	 1.0269	   1.5004	        1.5011	          0.0007	   1.5004	2.275e-04	   0.122	    63.602
  62	62	 3.2186	 1.0269	   1.5004	        1.5011	          0.0007	   1.5004	2.250e-04	   0.117	    64.715
  63	63	 3.2170	 1.0269	   1.5004	        1.5011	          0.0007	   1.5004	2.225e-04	   0.112	    65.771
  64	64	 3.2155	 1.0269	   1.5004	        1.5011	          0.0007	   1.5004	2.200e-04	   0.111	    66.807
  65	65	 3.2140	 1.0269	   1.5004	        1.5011	          0.0007	   1.5004	2.177e-04	   0.120	    67.857
  66	66	 3.2125	 1.0269	   1.5004	        1.5011	          0.0007	   1.5004	2.154e-04	   0.120	    68.932
  67	67	 3.2111	 1.0269	   1.5004	        1.5011	          0.0007	   1.5004	2.131e-04	   0.111	    69.969
  68	68	 3.2097	 1.0269	   1.5004	        1.5011	          0.0007	   1.5004	2.109e-04	   0.111	    71.006
  69	69	 3.2084	 1.0269	   1.5004	        1.5011	          0.0007	   1.5004	2.088e-04	   0.113	    72.051
  70	70	 3.2070	 1.0269	   1.5004	        1.5011	          0.0007	   1.5004	2.067e-04	   0.113	    73.094
  71	71	 3.2057	 1.0269	   1.5004	        1.5011	          0.0007	   1.5004	2.046e-04	   0.125	    74.168
  72	72	 3.2045	 1.0269	   1.5004	        1.5011	          0.0007	   1.5004	2.026e-04	   0.111	    75.234
  73	73	 3.2033	 1.0269	   1.5004	        1.5011	          0.0007	   1.5004	2.006e-04	   0.114	    76.281
  74	74	 3.2021	 1.0269	   1.5004	        1.5011	          0.0007	   1.5004	1.987e-04	   0.115	    77.347
  75	75	 3.2009	 1.0269	   1.5004	        1.5011	          0.0007	   1.5004	1.968e-04	   0.123	    78.497
  76	76	 3.1997	 1.0269	   1.5004	        1.5011	          0.0007	   1.5004	1.950e-04	   0.123	    79.624
  77	77	 3.1986	 1.0269	   1.5004	        1.5011	          0.0007	   1.5004	1.932e-04	   0.111	    80.677
  78	78	 3.1975	 1.0269	   1.5004	        1.5011	          0.0007	   1.5004	1.914e-04	   0.122	    81.743
  79	79	 3.1964	 1.0269	   1.5004	        1.5011	          0.0007	   1.5004	1.897e-04	   0.119	    82.830
  80	80	 3.1954	 1.0269	   1.5004	        1.5011	          0.0007	   1.5004	1.880e-04	   0.125	    83.947
  81	81	 3.1944	 1.0269	   1.5004	        1.5011	          0.0007	   1.5004	1.863e-04	   0.123	    85.060
  82	82	 3.1934	 1.0269	   1.5004	        1.5011	          0.0007	   1.5004	1.847e-04	   0.112	    86.170
  83	83	 3.1924	 1.0269	   1.5004	        1.5011	          0.0007	   1.5004	1.831e-04	   0.113	    87.233
  84	84	 3.1914	 1.0269	   1.5004	        1.5011	          0.0007	   1.5004	1.816e-04	   0.112	    88.271
  85	85	 3.1905	 1.0269	   1.5004	        1.5011	          0.0007	   1.5004	1.800e-04	   0.115	    89.318
  86	86	 3.1895	 1.0269	   1.5004	        1.5011	          0.0007	   1.5004	1.785e-04	   0.113	    90.353
  87	87	 3.1886	 1.0269	   1.5004	        1.5011	          0.0007	   1.5004	1.770e-04	   0.118	    91.392
  88	88	 3.1877	 1.0269	   1.5004	        1.5011	          0.0007	   1.5004	1.756e-04	   0.110	    92.435
  89	89	 3.1869	 1.0269	   1.5004	        1.5011	          0.0007	   1.5004	1.742e-04	   0.113	    93.474
  90	90	 3.1860	 1.0269	   1.5004	        1.5011	          0.0007	   1.5004	1.728e-04	   0.113	    94.521
  91	91	 3.1852	 1.0269	   1.5004	        1.5011	          0.0007	   1.5004	1.714e-04	   0.120	    95.581
  92	92	 3.1843	 1.0269	   1.5004	        1.5011	          0.0007	   1.5004	1.700e-04	   0.121	    96.664
  93	93	 3.1835	 1.0269	   1.5004	        1.5011	          0.0007	   1.5004	1.687e-04	   0.110	    97.704
  94	94	 3.1827	 1.0269	   1.5004	        1.5011	          0.0007	   1.5004	1.674e-04	   0.111	    98.746
  95	95	 3.1819	 1.0269	   1.5004	        1.5011	          0.0007	   1.5004	1.661e-04	   0.110	    99.786
  96	96	 3.1812	 1.0269	   1.5004	        1.5011	          0.0007	   1.5004	1.649e-04	   0.120	   100.829
  97	97	 3.1804	 1.0269	   1.5004	        1.5011	          0.0007	   1.5004	1.636e-04	   0.113	   101.867
  98	98	 3.1797	 1.0269	   1.5004	        1.5011	          0.0007	   1.5004	1.624e-04	   0.119	   102.931
  99	99	 3.1790	 1.0269	   1.5004	        1.5011	          0.0007	   1.5004	1.612e-04	   0.115	   103.998
 100	100	 3.1782	 1.0269	   1.5004	        1.5011	          0.0007	   1.5004	1.600e-04	   0.118	   105.072
 101	101	 3.1775	 1.0269	   1.5004	        1.5011	          0.0007	   1.5004	1.589e-04	   0.126	   106.176
 102	102	 3.1768	 1.0269	   1.5004	        1.5011	          0.0007	   1.5004	1.577e-04	   0.118	   107.294
 103	103	 3.1762	 1.0269	   1.5004	        1.5011	          0.0007	   1.5004	1.566e-04	   0.113	   108.355
 104	104	 3.1755	 1.0269	   1.5004	        1.5011	          0.0007	   1.5004	1.555e-04	   0.108	   109.390
 105	105	 3.1748	 1.0269	   1.5004	        1.5011	          0.0007	   1.5004	1.544e-04	   0.113	   110.434
 106	106	 3.1742	 1.0269	   1.5004	        1.5011	          0.0007	   1.5004	1.534e-04	   0.119	   111.478
 107	107	 3.1736	 1.0269	   1.5004	        1.5011	          0.0007	   1.5004	1.523e-04	   0.115	   112.515
 108	108	 3.1729	 1.0269	   1.5004	        1.5011	          0.0007	   1.5004	1.513e-04	   0.113	   113.559
 109	109	 3.1723	 1.0269	   1.5004	        1.5011	          0.0007	   1.5004	1.503e-04	   0.107	   114.592
 110	110	 3.1717	 1.0269	   1.5004	        1.5011	          0.0007	   1.5004	1.493e-04	   0.119	   115.640
 111	111	 3.1711	 1.0269	   1.5004	        1.5011	          0.0007	   1.5004	1.483e-04	   0.114	   116.702
 112	112	 3.1705	 1.0269	   1.5004	        1.5011	          0.0007	   1.5004	1.473e-04	   0.123	   117.781
 113	113	 3.1700	 1.0269	   1.5004	        1.5011	          0.0007	   1.5004	1.463e-04	   0.117	   118.857
 114	114	 3.1694	 1.0269	   1.5004	        1.5011	          0.0007	   1.5004	1.454e-04	   0.109	   119.930
 115	115	 3.1688	 1.0269	   1.5004	        1.5011	          0.0007	   1.5004	1.444e-04	   0.117	   120.983
 116	116	 3.1683	 1.0269	   1.5004	        1.5011	          0.0007	   1.5004	1.435e-04	   0.113	   122.020
 117	117	 3.1677	 1.0269	   1.5004	        1.5011	          0.0007	   1.5004	1.426e-04	   0.121	   123.083
 118	118	 3.1672	 1.0269	   1.5004	        1.5011	          0.0007	   1.5004	1.417e-04	   0.115	   124.168
 119	119	 3.1667	 1.0269	   1.5004	        1.5011	          0.0007	   1.5004	1.408e-04	   0.114	   125.264
 120	120	 3.1661	 1.0269	   1.5004	        1.5011	          0.0007	   1.5004	1.400e-04	   0.119	   126.331
 121	121	 3.1656	 1.0269	   1.5004	        1.5011	          0.0007	   1.5004	1.391e-04	   0.122	   127.429
 122	122	 3.1651	 1.0269	   1.5004	        1.5011	          0.0007	   1.5004	1.383e-04	   0.116	   128.545
 123	123	 3.1646	 1.0269	   1.5004	        1.5011	          0.0007	   1.5004	1.374e-04	   0.110	   129.606
 124	124	 3.1641	 1.0269	   1.5004	        1.5011	          0.0007	   1.5004	1.366e-04	   0.115	   130.648
 125	125	 3.1637	 1.0269	   1.5004	        1.5011	          0.0007	   1.5004	1.358e-04	   0.113	   131.695
 126	126	 3.1632	 1.0269	   1.5004	        1.5011	          0.0007	   1.5004	1.350e-04	   0.118	   132.736
 127	127	 3.1627	 1.0269	   1.5004	        1.5011	          0.0007	   1.5004	1.342e-04	   0.110	   133.770
 128	128	 3.1622	 1.0269	   1.5004	        1.5011	          0.0007	   1.5004	1.334e-04	   0.111	   134.811
 129	129	 3.1618	 1.0269	   1.5004	        1.5011	          0.0007	   1.5004	1.327e-04	   0.112	   135.853
 130	130	 3.1613	 1.0269	   1.5004	        1.5011	          0.0007	   1.5004	1.319e-04	   0.116	   136.899
 131	131	 3.1609	 1.0269	   1.5004	        1.5011	          0.0007	   1.5004	1.311e-04	   0.119	   137.962
 132	132	 3.1604	 1.0269	   1.5004	        1.5011	          0.0007	   1.5004	1.304e-04	   0.115	   139.028
 133	133	 3.1600	 1.0269	   1.5004	        1.5011	          0.0007	   1.5004	1.297e-04	   0.117	   140.084
 134	134	 3.1596	 1.0269	   1.5004	        1.5011	          0.0007	   1.5004	1.289e-04	   0.108	   141.122
 135	135	 3.1592	 1.0269	   1.5004	        1.5011	          0.0007	   1.5004	1.282e-04	   0.118	   142.171
 136	136	 3.1587	 1.0269	   1.5004	        1.5011	          0.0007	   1.5004	1.275e-04	   0.116	   143.209
 137	137	 3.1583	 1.0269	   1.5004	        1.5011	          0.0007	   1.5004	1.268e-04	   0.118	   144.264
 138	138	 3.1579	 1.0269	   1.5004	        1.5011	          0.0007	   1.5004	1.261e-04	   0.121	   145.344
 139	139	 3.1575	 1.0269	   1.5004	        1.5011	          0.0007	   1.5004	1.255e-04	   0.109	   146.400
 140	140	 3.1571	 1.0269	   1.5004	        1.5011	          0.0007	   1.5004	1.248e-04	   0.116	   147.450
 141	141	 3.1567	 1.0269	   1.5004	        1.5011	          0.0007	   1.5004	1.241e-04	   0.119	   148.544
 142	142	 3.1563	 1.0269	   1.5004	        1.5011	          0.0007	   1.5004	1.235e-04	   0.125	   149.664
 143	143	 3.1560	 1.0269	   1.5004	        1.5011	          0.0007	   1.5004	1.228e-04	   0.114	   150.734
 144	144	 3.1556	 1.0269	   1.5004	        1.5011	          0.0007	   1.5004	1.222e-04	   0.111	   151.770
 145	145	 3.1552	 1.0269	   1.5004	        1.5011	          0.0007	   1.5004	1.216e-04	   0.112	   152.815
 146	146	 3.1548	 1.0269	   1.5004	        1.5011	          0.0007	   1.5004	1.209e-04	   0.113	   153.852
 147	147	 3.1545	 1.0269	   1.5004	        1.5011	          0.0007	   1.5004	1.203e-04	   0.118	   154.893
 148	148	 3.1541	 1.0269	   1.5004	        1.5011	          0.0007	   1.5004	1.197e-04	   0.111	   155.936
 149	149	 3.1538	 1.0269	   1.5004	        1.5011	          0.0007	   1.5004	1.191e-04	   0.113	   156.976
 150	150	 3.1534	 1.0269	   1.5004	        1.5011	          0.0007	   1.5004	1.185e-04	   0.111	   158.018
 151	151	 3.1531	 1.0269	   1.5004	        1.5011	          0.0007	   1.5004	1.179e-04	   0.133	   159.174
 152	152	 3.1527	 1.0269	   1.5004	        1.5011	          0.0007	   1.5004	1.173e-04	   0.132	   160.353
 153	153	 3.1524	 1.0269	   1.5004	        1.5011	          0.0007	   1.5004	1.167e-04	   0.112	   161.460
 154	154	 3.1520	 1.0269	   1.5004	        1.5011	          0.0007	   1.5004	1.162e-04	   0.111	   162.514
 155	155	 3.1517	 1.0269	   1.5004	        1.5011	          0.0007	   1.5004	1.156e-04	   0.112	   163.555
 156	156	 3.1514	 1.0269	   1.5004	        1.5011	          0.0007	   1.5004	1.150e-04	   0.130	   164.625
 157	157	 3.1511	 1.0269	   1.5004	        1.5011	          0.0007	   1.5004	1.145e-04	   0.123	   165.712
 158	158	 3.1507	 1.0269	   1.5004	        1.5011	          0.0007	   1.5004	1.139e-04	   0.115	   166.805
 159	159	 3.1504	 1.0269	   1.5004	        1.5011	          0.0007	   1.5004	1.134e-04	   0.113	   167.860
 160	160	 3.1501	 1.0269	   1.5004	        1.5011	          0.0007	   1.5004	1.129e-04	   0.116	   168.900
 161	161	 3.1498	 1.0269	   1.5004	        1.5011	          0.0007	   1.5004	1.123e-04	   0.129	   170.000
 162	162	 3.1495	 1.0269	   1.5004	        1.5011	          0.0007	   1.5004	1.118e-04	   0.127	   171.114
 163	163	 3.1492	 1.0269	   1.5004	        1.5011	          0.0007	   1.5004	1.113e-04	   0.112	   172.188
 164	164	 3.1489	 1.0269	   1.5004	        1.5011	          0.0007	   1.5004	1.108e-04	   0.108	   173.220
 165	165	 3.1486	 1.0269	   1.5004	        1.5011	          0.0007	   1.5004	1.103e-04	   0.118	   174.269
 166	166	 3.1483	 1.0269	   1.5004	        1.5011	          0.0007	   1.5004	1.098e-04	   0.121	   175.313
 167	167	 3.1480	 1.0269	   1.5004	        1.5011	          0.0007	   1.5004	1.093e-04	   0.112	   176.347
 168	168	 3.1477	 1.0269	   1.5004	        1.5011	          0.0007	   1.5004	1.088e-04	   0.109	   177.390
 169	169	 3.1474	 1.0269	   1.5004	        1.5011	          0.0007	   1.5004	1.083e-04	   0.111	   178.426
 170	170	 3.1471	 1.0269	   1.5004	        1.5011	          0.0007	   1.5004	1.078e-04	   0.122	   179.478
 171	171	 3.1469	 1.0269	   1.5004	        1.5011	          0.0007	   1.5004	1.073e-04	   0.124	   180.536
 172	172	 3.1466	 1.0269	   1.5004	        1.5011	          0.0007	   1.5004	1.069e-04	   0.117	   181.599
 173	173	 3.1463	 1.0269	   1.5004	        1.5011	          0.0007	   1.5004	1.064e-04	   0.110	   182.660
 174	174	 3.1460	 1.0269	   1.5004	        1.5011	          0.0007	   1.5004	1.059e-04	   0.111	   183.695
 175	175	 3.1458	 1.0269	   1.5004	        1.5011	          0.0007	   1.5004	1.055e-04	   0.117	   184.747
 176	176	 3.1455	 1.0269	   1.5004	        1.5011	          0.0007	   1.5004	1.050e-04	   0.124	   185.815
 177	177	 3.1452	 1.0269	   1.5004	        1.5011	          0.0007	   1.5004	1.046e-04	   0.120	   186.882
 178	178	 3.1450	 1.0269	   1.5004	        1.5011	          0.0007	   1.5004	1.041e-04	   0.108	   187.939
 179	179	 3.1447	 1.0269	   1.5004	        1.5011	          0.0007	   1.5004	1.037e-04	   0.120	   188.981
 180	180	 3.1445	 1.0269	   1.5004	        1.5011	          0.0007	   1.5004	1.032e-04	   0.114	   190.025
 181	181	 3.1442	 1.0269	   1.5004	        1.5011	          0.0007	   1.5004	1.028e-04	   0.132	   191.118
 182	182	 3.1440	 1.0269	   1.5004	        1.5011	          0.0007	   1.5004	1.024e-04	   0.123	   192.229
 183	183	 3.1437	 1.0269	   1.5004	        1.5011	          0.0007	   1.5004	1.019e-04	   0.112	   193.304
 184	184	 3.1435	 1.0269	   1.5004	        1.5011	          0.0007	   1.5004	1.015e-04	   0.115	   194.348
 185	185	 3.1432	 1.0269	   1.5004	        1.5011	          0.0007	   1.5004	1.011e-04	   0.114	   195.391
 186	186	 3.1430	 1.0269	   1.5004	        1.5011	          0.0007	   1.5004	1.007e-04	   0.120	   196.435
 187	187	 3.1428	 1.0269	   1.5004	        1.5011	          0.0007	   1.5004	1.003e-04	   0.111	   197.466
 188	188	 3.1425	 1.0269	   1.5004	        1.5011	          0.0007	   1.5004	9.987e-05	   0.116	   198.512
 189	189	 3.1423	 1.0269	   1.5004	        1.5011	          0.0007	   1.5004	9.947e-05	   0.111	   199.551
 190	190	 3.1421	 1.0269	   1.5004	        1.5011	          0.0007	   1.5004	9.907e-05	   0.122	   200.647
 191	191	 3.1418	 1.0269	   1.5004	        1.5011	          0.0007	   1.5004	9.867e-05	   0.123	   201.724
 192	192	 3.1416	 1.0269	   1.5004	        1.5011	          0.0007	   1.5004	9.828e-05	   0.113	   202.785
 193	193	 3.1414	 1.0269	   1.5004	        1.5011	          0.0007	   1.5004	9.789e-05	   0.118	   203.854
 194	194	 3.1411	 1.0269	   1.5004	        1.5011	          0.0007	   1.5004	9.750e-05	   0.111	   204.892
 195	195	 3.1409	 1.0269	   1.5004	        1.5011	          0.0007	   1.5004	9.712e-05	   0.123	   205.971
 196	196	 3.1407	 1.0269	   1.5004	        1.5011	          0.0007	   1.5004	9.674e-05	   0.127	   207.063
 197	197	 3.1405	 1.0269	   1.5004	        1.5011	          0.0007	   1.5004	9.637e-05	   0.114	   208.137
 198	198	 3.1403	 1.0269	   1.5004	        1.5011	          0.0007	   1.5004	9.599e-05	   0.115	   209.200
 199	199	 3.1401	 1.0269	   1.5004	        1.5011	          0.0007	   1.5004	9.563e-05	   0.114	   210.237
 200	200	 3.1398	 1.0269	   1.5004	        1.5011	          0.0007	   1.5004	9.526e-05	   0.113	   211.280

[BSGD] Finished on device cuda -> σ_f² ≈ 3.1398, σ_ε² ≈ 1.0269
