[GPU 7][JOB 120] 'python cli.py bsgd --n 1024 --lengthscale 0.5 --sigma-f2-true 4.0 --sigma-eps2-true 1.0 --n-epochs 200 --device auto --kernel-mode finite --theta-min 1e-4 --theta-max 20.0 --print-every 1 --seed 9 --batch-size 1024 --sigma-f2-init 5.0 --sigma-eps2-init 3.0 --alpha1 9.0 '

=== BSGD (biased SGD on exact kernel) ===
iter	epoch	σ_f²	σ_ε²	real_nlml	real_nlml_true	real_nlml_abs_err	mini_nlml	||grad||	duration_s	wall_time_s
   1	 1	 4.8037	 2.0595	   1.6069	        1.5186	          0.0883	   1.6069	1.149e-01	   0.347	     0.370
   2	 2	 4.7423	 1.5426	   1.5498	        1.5186	          0.0312	   1.5498	1.002e-01	   0.048	     0.780
   3	 3	 4.7154	 1.2419	   1.5246	        1.5186	          0.0060	   1.5246	6.089e-02	   0.078	     1.453
   4	 4	 4.7027	 1.1049	   1.5186	        1.5186	          0.0000	   1.5186	2.300e-02	   0.093	     2.280
   5	 5	 4.6958	 1.0635	   1.5180	        1.5186	          0.0006	   1.5180	7.237e-03	   0.100	     3.201
   6	 6	 4.6911	 1.0526	   1.5179	        1.5186	          0.0007	   1.5179	2.680e-03	   0.103	     4.093
   7	 7	 4.6876	 1.0492	   1.5179	        1.5186	          0.0007	   1.5179	1.194e-03	   0.100	     5.021
   8	 8	 4.6846	 1.0478	   1.5179	        1.5186	          0.0007	   1.5179	6.102e-04	   0.109	     5.987
   9	 9	 4.6821	 1.0472	   1.5179	        1.5186	          0.0007	   1.5179	3.453e-04	   0.093	     6.952
  10	10	 4.6800	 1.0469	   1.5179	        1.5186	          0.0007	   1.5179	2.119e-04	   0.103	     7.924
  11	11	 4.6781	 1.0468	   1.5179	        1.5186	          0.0007	   1.5179	1.397e-04	   0.113	     8.921
  12	12	 4.6764	 1.0467	   1.5179	        1.5186	          0.0007	   1.5179	9.866e-05	   0.117	     9.963
  13	13	 4.6749	 1.0466	   1.5179	        1.5186	          0.0007	   1.5179	7.464e-05	   0.117	    10.986
  14	14	 4.6736	 1.0466	   1.5179	        1.5186	          0.0007	   1.5179	6.036e-05	   0.101	    11.978
  15	15	 4.6723	 1.0465	   1.5179	        1.5186	          0.0007	   1.5179	5.174e-05	   0.103	    12.984
  16	16	 4.6712	 1.0465	   1.5179	        1.5186	          0.0007	   1.5179	4.643e-05	   0.111	    13.983
  17	17	 4.6702	 1.0465	   1.5179	        1.5186	          0.0007	   1.5179	4.304e-05	   0.119	    14.988
  18	18	 4.6692	 1.0465	   1.5179	        1.5186	          0.0007	   1.5179	4.077e-05	   0.110	    15.983
  19	19	 4.6683	 1.0465	   1.5179	        1.5186	          0.0007	   1.5179	3.917e-05	   0.102	    16.999
  20	20	 4.6675	 1.0465	   1.5179	        1.5186	          0.0007	   1.5179	3.797e-05	   0.099	    18.003
  21	21	 4.6667	 1.0465	   1.5179	        1.5186	          0.0007	   1.5179	3.702e-05	   0.112	    19.009
  22	22	 4.6659	 1.0465	   1.5179	        1.5186	          0.0007	   1.5179	3.624e-05	   0.123	    20.112
  23	23	 4.6653	 1.0465	   1.5179	        1.5186	          0.0007	   1.5179	3.557e-05	   0.114	    21.175
  24	24	 4.6646	 1.0465	   1.5179	        1.5186	          0.0007	   1.5179	3.498e-05	   0.106	    22.198
  25	25	 4.6640	 1.0465	   1.5179	        1.5186	          0.0007	   1.5179	3.444e-05	   0.094	    23.211
  26	26	 4.6634	 1.0465	   1.5179	        1.5186	          0.0007	   1.5179	3.395e-05	   0.115	    24.221
  27	27	 4.6628	 1.0465	   1.5179	        1.5186	          0.0007	   1.5179	3.349e-05	   0.111	    25.223
  28	28	 4.6623	 1.0465	   1.5179	        1.5186	          0.0007	   1.5179	3.306e-05	   0.114	    26.239
  29	29	 4.6618	 1.0465	   1.5179	        1.5186	          0.0007	   1.5179	3.266e-05	   0.110	    27.273
  30	30	 4.6613	 1.0465	   1.5179	        1.5186	          0.0007	   1.5179	3.228e-05	   0.095	    28.274
  31	31	 4.6609	 1.0465	   1.5179	        1.5186	          0.0007	   1.5179	3.192e-05	   0.115	    29.287
  32	32	 4.6604	 1.0465	   1.5179	        1.5186	          0.0007	   1.5179	3.157e-05	   0.113	    30.303
  33	33	 4.6600	 1.0465	   1.5179	        1.5186	          0.0007	   1.5179	3.124e-05	   0.112	    31.330
  34	34	 4.6596	 1.0465	   1.5179	        1.5186	          0.0007	   1.5179	3.092e-05	   0.101	    32.349
  35	35	 4.6592	 1.0465	   1.5179	        1.5186	          0.0007	   1.5179	3.061e-05	   0.097	    33.352
  36	36	 4.6588	 1.0465	   1.5179	        1.5186	          0.0007	   1.5179	3.032e-05	   0.116	    34.363
  37	37	 4.6585	 1.0465	   1.5179	        1.5186	          0.0007	   1.5179	3.004e-05	   0.108	    35.360
  38	38	 4.6581	 1.0465	   1.5179	        1.5186	          0.0007	   1.5179	2.976e-05	   0.113	    36.362
  39	39	 4.6578	 1.0465	   1.5179	        1.5186	          0.0007	   1.5179	2.950e-05	   0.113	    37.424
  40	40	 4.6574	 1.0465	   1.5179	        1.5186	          0.0007	   1.5179	2.925e-05	   0.101	    38.517
  41	41	 4.6571	 1.0465	   1.5179	        1.5186	          0.0007	   1.5179	2.900e-05	   0.118	    39.553
  42	42	 4.6568	 1.0465	   1.5179	        1.5186	          0.0007	   1.5179	2.876e-05	   0.121	    40.643
  43	43	 4.6565	 1.0465	   1.5179	        1.5186	          0.0007	   1.5179	2.853e-05	   0.118	    41.716
  44	44	 4.6562	 1.0465	   1.5179	        1.5186	          0.0007	   1.5179	2.831e-05	   0.103	    42.747
  45	45	 4.6560	 1.0465	   1.5179	        1.5186	          0.0007	   1.5179	2.809e-05	   0.101	    43.770
  46	46	 4.6557	 1.0465	   1.5179	        1.5186	          0.0007	   1.5179	2.788e-05	   0.111	    44.775
  47	47	 4.6554	 1.0465	   1.5179	        1.5186	          0.0007	   1.5179	2.767e-05	   0.112	    45.777
  48	48	 4.6552	 1.0465	   1.5179	        1.5186	          0.0007	   1.5179	2.747e-05	   0.113	    46.787
  49	49	 4.6549	 1.0465	   1.5179	        1.5186	          0.0007	   1.5179	2.728e-05	   0.110	    47.818
  50	50	 4.6547	 1.0465	   1.5179	        1.5186	          0.0007	   1.5179	2.709e-05	   0.100	    48.835
  51	51	 4.6544	 1.0465	   1.5179	        1.5186	          0.0007	   1.5179	2.691e-05	   0.113	    49.840
  52	52	 4.6542	 1.0465	   1.5179	        1.5186	          0.0007	   1.5179	2.673e-05	   0.117	    50.857
  53	53	 4.6540	 1.0465	   1.5179	        1.5186	          0.0007	   1.5179	2.655e-05	   0.107	    51.882
  54	54	 4.6538	 1.0465	   1.5179	        1.5186	          0.0007	   1.5179	2.638e-05	   0.106	    52.907
  55	55	 4.6536	 1.0465	   1.5179	        1.5186	          0.0007	   1.5179	2.622e-05	   0.094	    53.907
  56	56	 4.6534	 1.0465	   1.5179	        1.5186	          0.0007	   1.5179	2.605e-05	   0.113	    54.917
  57	57	 4.6532	 1.0465	   1.5179	        1.5186	          0.0007	   1.5179	2.590e-05	   0.110	    55.918
  58	58	 4.6530	 1.0465	   1.5179	        1.5186	          0.0007	   1.5179	2.574e-05	   0.112	    56.918
  59	59	 4.6528	 1.0465	   1.5179	        1.5186	          0.0007	   1.5179	2.559e-05	   0.107	    57.944
  60	60	 4.6526	 1.0465	   1.5179	        1.5186	          0.0007	   1.5179	2.544e-05	   0.096	    58.941
  61	61	 4.6524	 1.0465	   1.5179	        1.5186	          0.0007	   1.5179	2.530e-05	   0.121	    59.964
  62	62	 4.6522	 1.0465	   1.5179	        1.5186	          0.0007	   1.5179	2.515e-05	   0.118	    61.036
  63	63	 4.6520	 1.0465	   1.5179	        1.5186	          0.0007	   1.5179	2.502e-05	   0.119	    62.095
  64	64	 4.6519	 1.0465	   1.5179	        1.5186	          0.0007	   1.5179	2.488e-05	   0.106	    63.140
  65	65	 4.6517	 1.0465	   1.5179	        1.5186	          0.0007	   1.5179	2.475e-05	   0.099	    64.154
  66	66	 4.6515	 1.0465	   1.5179	        1.5186	          0.0007	   1.5179	2.462e-05	   0.113	    65.164
  67	67	 4.6514	 1.0465	   1.5179	        1.5186	          0.0007	   1.5179	2.449e-05	   0.111	    66.161
  68	68	 4.6512	 1.0465	   1.5179	        1.5186	          0.0007	   1.5179	2.436e-05	   0.119	    67.172
  69	69	 4.6510	 1.0465	   1.5179	        1.5186	          0.0007	   1.5179	2.424e-05	   0.102	    68.200
  70	70	 4.6509	 1.0465	   1.5179	        1.5186	          0.0007	   1.5179	2.412e-05	   0.098	    69.220
  71	71	 4.6507	 1.0465	   1.5179	        1.5186	          0.0007	   1.5179	2.400e-05	   0.108	    70.226
  72	72	 4.6506	 1.0465	   1.5179	        1.5186	          0.0007	   1.5179	2.389e-05	   0.121	    71.239
  73	73	 4.6504	 1.0465	   1.5179	        1.5186	          0.0007	   1.5179	2.377e-05	   0.109	    72.274
  74	74	 4.6503	 1.0465	   1.5179	        1.5186	          0.0007	   1.5179	2.366e-05	   0.110	    73.293
  75	75	 4.6502	 1.0465	   1.5179	        1.5186	          0.0007	   1.5179	2.355e-05	   0.097	    74.298
  76	76	 4.6500	 1.0465	   1.5179	        1.5186	          0.0007	   1.5179	2.344e-05	   0.111	    75.303
  77	77	 4.6499	 1.0465	   1.5179	        1.5186	          0.0007	   1.5179	2.334e-05	   0.126	    76.343
  78	78	 4.6498	 1.0465	   1.5179	        1.5186	          0.0007	   1.5179	2.323e-05	   0.123	    77.506
  79	79	 4.6496	 1.0465	   1.5179	        1.5186	          0.0007	   1.5179	2.313e-05	   0.112	    78.642
  80	80	 4.6495	 1.0465	   1.5179	        1.5186	          0.0007	   1.5179	2.303e-05	   0.104	    79.682
  81	81	 4.6494	 1.0465	   1.5179	        1.5186	          0.0007	   1.5179	2.293e-05	   0.113	    80.730
  82	82	 4.6493	 1.0465	   1.5179	        1.5186	          0.0007	   1.5179	2.283e-05	   0.123	    81.795
  83	83	 4.6491	 1.0465	   1.5179	        1.5186	          0.0007	   1.5179	2.274e-05	   0.112	    82.850
  84	84	 4.6490	 1.0465	   1.5179	        1.5186	          0.0007	   1.5179	2.264e-05	   0.110	    83.894
  85	85	 4.6489	 1.0465	   1.5179	        1.5186	          0.0007	   1.5179	2.255e-05	   0.097	    84.913
  86	86	 4.6488	 1.0465	   1.5179	        1.5186	          0.0007	   1.5179	2.246e-05	   0.115	    85.922
  87	87	 4.6487	 1.0465	   1.5179	        1.5186	          0.0007	   1.5179	2.237e-05	   0.113	    86.925
  88	88	 4.6485	 1.0465	   1.5179	        1.5186	          0.0007	   1.5179	2.228e-05	   0.110	    87.924
  89	89	 4.6484	 1.0465	   1.5179	        1.5186	          0.0007	   1.5179	2.219e-05	   0.105	    88.962
  90	90	 4.6483	 1.0465	   1.5179	        1.5186	          0.0007	   1.5179	2.211e-05	   0.098	    89.977
  91	91	 4.6482	 1.0465	   1.5179	        1.5186	          0.0007	   1.5179	2.202e-05	   0.114	    90.988
  92	92	 4.6481	 1.0465	   1.5179	        1.5186	          0.0007	   1.5179	2.194e-05	   0.117	    91.996
  93	93	 4.6480	 1.0465	   1.5179	        1.5186	          0.0007	   1.5179	2.186e-05	   0.111	    93.032
  94	94	 4.6479	 1.0465	   1.5179	        1.5186	          0.0007	   1.5179	2.178e-05	   0.107	    94.047
  95	95	 4.6478	 1.0465	   1.5179	        1.5186	          0.0007	   1.5179	2.170e-05	   0.100	    95.054
  96	96	 4.6477	 1.0465	   1.5179	        1.5186	          0.0007	   1.5179	2.162e-05	   0.112	    96.065
  97	97	 4.6476	 1.0465	   1.5179	        1.5186	          0.0007	   1.5179	2.154e-05	   0.107	    97.063
  98	98	 4.6475	 1.0465	   1.5179	        1.5186	          0.0007	   1.5179	2.146e-05	   0.111	    98.065
  99	99	 4.6474	 1.0465	   1.5179	        1.5186	          0.0007	   1.5179	2.139e-05	   0.102	    99.081
 100	100	 4.6473	 1.0465	   1.5179	        1.5186	          0.0007	   1.5179	2.131e-05	   0.109	   100.105
 101	101	 4.6472	 1.0465	   1.5179	        1.5186	          0.0007	   1.5179	2.124e-05	   0.109	   101.133
 102	102	 4.6471	 1.0465	   1.5179	        1.5186	          0.0007	   1.5179	2.117e-05	   0.125	   102.172
 103	103	 4.6470	 1.0465	   1.5179	        1.5186	          0.0007	   1.5179	2.109e-05	   0.116	   103.235
 104	104	 4.6470	 1.0465	   1.5179	        1.5186	          0.0007	   1.5179	2.102e-05	   0.106	   104.273
 105	105	 4.6469	 1.0465	   1.5179	        1.5186	          0.0007	   1.5179	2.095e-05	   0.100	   105.300
 106	106	 4.6468	 1.0465	   1.5179	        1.5186	          0.0007	   1.5179	2.089e-05	   0.109	   106.305
 107	107	 4.6467	 1.0465	   1.5179	        1.5186	          0.0007	   1.5179	2.082e-05	   0.113	   107.307
 108	108	 4.6466	 1.0465	   1.5179	        1.5186	          0.0007	   1.5179	2.075e-05	   0.108	   108.306
 109	109	 4.6465	 1.0465	   1.5179	        1.5186	          0.0007	   1.5179	2.068e-05	   0.108	   109.345
 110	110	 4.6464	 1.0465	   1.5179	        1.5186	          0.0007	   1.5179	2.062e-05	   0.100	   110.365
 111	111	 4.6464	 1.0465	   1.5179	        1.5186	          0.0007	   1.5179	2.055e-05	   0.110	   111.369
 112	112	 4.6463	 1.0465	   1.5179	        1.5186	          0.0007	   1.5179	2.049e-05	   0.116	   112.374
 113	113	 4.6462	 1.0465	   1.5179	        1.5186	          0.0007	   1.5179	2.043e-05	   0.110	   113.413
 114	114	 4.6461	 1.0465	   1.5179	        1.5186	          0.0007	   1.5179	2.036e-05	   0.111	   114.428
 115	115	 4.6460	 1.0465	   1.5179	        1.5186	          0.0007	   1.5179	2.030e-05	   0.098	   115.439
 116	116	 4.6460	 1.0465	   1.5179	        1.5186	          0.0007	   1.5179	2.024e-05	   0.119	   116.464
 117	117	 4.6459	 1.0465	   1.5179	        1.5186	          0.0007	   1.5179	2.018e-05	   0.117	   117.572
 118	118	 4.6458	 1.0465	   1.5179	        1.5186	          0.0007	   1.5179	2.012e-05	   0.113	   118.587
 119	119	 4.6457	 1.0465	   1.5179	        1.5186	          0.0007	   1.5179	2.006e-05	   0.115	   119.627
 120	120	 4.6457	 1.0465	   1.5179	        1.5186	          0.0007	   1.5179	2.000e-05	   0.100	   120.666
 121	121	 4.6456	 1.0465	   1.5179	        1.5186	          0.0007	   1.5179	1.994e-05	   0.113	   121.690
 122	122	 4.6455	 1.0465	   1.5179	        1.5186	          0.0007	   1.5179	1.989e-05	   0.120	   122.720
 123	123	 4.6454	 1.0465	   1.5179	        1.5186	          0.0007	   1.5179	1.983e-05	   0.117	   123.789
 124	124	 4.6454	 1.0465	   1.5179	        1.5186	          0.0007	   1.5179	1.977e-05	   0.105	   124.829
 125	125	 4.6453	 1.0465	   1.5179	        1.5186	          0.0007	   1.5179	1.972e-05	   0.099	   125.855
 126	126	 4.6452	 1.0465	   1.5179	        1.5186	          0.0007	   1.5179	1.966e-05	   0.112	   126.864
 127	127	 4.6452	 1.0465	   1.5179	        1.5186	          0.0007	   1.5179	1.961e-05	   0.111	   127.863
 128	128	 4.6451	 1.0465	   1.5179	        1.5186	          0.0007	   1.5179	1.956e-05	   0.112	   128.868
 129	129	 4.6450	 1.0465	   1.5179	        1.5186	          0.0007	   1.5179	1.950e-05	   0.105	   129.901
 130	130	 4.6450	 1.0465	   1.5179	        1.5186	          0.0007	   1.5179	1.945e-05	   0.096	   130.921
 131	131	 4.6449	 1.0465	   1.5179	        1.5186	          0.0007	   1.5179	1.940e-05	   0.111	   131.929
 132	132	 4.6448	 1.0465	   1.5179	        1.5186	          0.0007	   1.5179	1.935e-05	   0.111	   132.932
 133	133	 4.6448	 1.0465	   1.5179	        1.5186	          0.0007	   1.5179	1.930e-05	   0.112	   133.978
 134	134	 4.6447	 1.0465	   1.5179	        1.5186	          0.0007	   1.5179	1.925e-05	   0.108	   134.982
 135	135	 4.6446	 1.0465	   1.5179	        1.5186	          0.0007	   1.5179	1.920e-05	   0.099	   135.999
 136	136	 4.6446	 1.0465	   1.5179	        1.5186	          0.0007	   1.5179	1.915e-05	   0.113	   137.005
 137	137	 4.6445	 1.0465	   1.5179	        1.5186	          0.0007	   1.5179	1.910e-05	   0.111	   138.008
 138	138	 4.6445	 1.0465	   1.5179	        1.5186	          0.0007	   1.5179	1.905e-05	   0.110	   139.009
 139	139	 4.6444	 1.0465	   1.5179	        1.5186	          0.0007	   1.5179	1.900e-05	   0.116	   140.043
 140	140	 4.6443	 1.0465	   1.5179	        1.5186	          0.0007	   1.5179	1.895e-05	   0.097	   141.067
 141	141	 4.6443	 1.0465	   1.5179	        1.5186	          0.0007	   1.5179	1.891e-05	   0.117	   142.078
 142	142	 4.6442	 1.0465	   1.5179	        1.5186	          0.0007	   1.5179	1.886e-05	   0.120	   143.104
 143	143	 4.6442	 1.0465	   1.5179	        1.5186	          0.0007	   1.5179	1.882e-05	   0.113	   144.171
 144	144	 4.6441	 1.0465	   1.5179	        1.5186	          0.0007	   1.5179	1.877e-05	   0.110	   145.218
 145	145	 4.6440	 1.0465	   1.5179	        1.5186	          0.0007	   1.5179	1.872e-05	   0.097	   146.241
 146	146	 4.6440	 1.0465	   1.5179	        1.5186	          0.0007	   1.5179	1.868e-05	   0.116	   147.253
 147	147	 4.6439	 1.0465	   1.5179	        1.5186	          0.0007	   1.5179	1.863e-05	   0.108	   148.252
 148	148	 4.6439	 1.0465	   1.5179	        1.5186	          0.0007	   1.5179	1.859e-05	   0.111	   149.253
 149	149	 4.6438	 1.0465	   1.5179	        1.5186	          0.0007	   1.5179	1.855e-05	   0.106	   150.286
 150	150	 4.6438	 1.0465	   1.5179	        1.5186	          0.0007	   1.5179	1.850e-05	   0.098	   151.307
 151	151	 4.6437	 1.0465	   1.5179	        1.5186	          0.0007	   1.5179	1.846e-05	   0.114	   152.319
 152	152	 4.6437	 1.0465	   1.5179	        1.5186	          0.0007	   1.5179	1.842e-05	   0.110	   153.319
 153	153	 4.6436	 1.0465	   1.5179	        1.5186	          0.0007	   1.5179	1.838e-05	   0.119	   154.382
 154	154	 4.6435	 1.0465	   1.5179	        1.5186	          0.0007	   1.5179	1.833e-05	   0.125	   155.480
 155	155	 4.6435	 1.0465	   1.5179	        1.5186	          0.0007	   1.5179	1.829e-05	   0.110	   156.658
 156	156	 4.6434	 1.0465	   1.5179	        1.5186	          0.0007	   1.5179	1.825e-05	   0.122	   157.755
 157	157	 4.6434	 1.0465	   1.5179	        1.5186	          0.0007	   1.5179	1.821e-05	   0.109	   158.766
 158	158	 4.6433	 1.0465	   1.5179	        1.5186	          0.0007	   1.5179	1.817e-05	   0.121	   159.795
 159	159	 4.6433	 1.0465	   1.5179	        1.5186	          0.0007	   1.5179	1.813e-05	   0.112	   160.839
 160	160	 4.6432	 1.0465	   1.5179	        1.5186	          0.0007	   1.5179	1.809e-05	   0.100	   161.862
 161	161	 4.6432	 1.0465	   1.5179	        1.5186	          0.0007	   1.5179	1.805e-05	   0.112	   162.871
 162	162	 4.6431	 1.0465	   1.5179	        1.5186	          0.0007	   1.5179	1.801e-05	   0.116	   163.891
 163	163	 4.6431	 1.0465	   1.5179	        1.5186	          0.0007	   1.5179	1.797e-05	   0.114	   164.963
 164	164	 4.6430	 1.0465	   1.5179	        1.5186	          0.0007	   1.5179	1.794e-05	   0.110	   166.003
 165	165	 4.6430	 1.0465	   1.5179	        1.5186	          0.0007	   1.5179	1.790e-05	   0.096	   167.038
 166	166	 4.6429	 1.0465	   1.5179	        1.5186	          0.0007	   1.5179	1.786e-05	   0.113	   168.046
 167	167	 4.6429	 1.0465	   1.5179	        1.5186	          0.0007	   1.5179	1.782e-05	   0.110	   169.045
 168	168	 4.6429	 1.0465	   1.5179	        1.5186	          0.0007	   1.5179	1.779e-05	   0.111	   170.046
 169	169	 4.6428	 1.0465	   1.5179	        1.5186	          0.0007	   1.5179	1.775e-05	   0.114	   171.080
 170	170	 4.6428	 1.0465	   1.5179	        1.5186	          0.0007	   1.5179	1.771e-05	   0.094	   172.100
 171	171	 4.6427	 1.0465	   1.5179	        1.5186	          0.0007	   1.5179	1.768e-05	   0.112	   173.109
 172	172	 4.6427	 1.0465	   1.5179	        1.5186	          0.0007	   1.5179	1.764e-05	   0.111	   174.111
 173	173	 4.6426	 1.0465	   1.5179	        1.5186	          0.0007	   1.5179	1.760e-05	   0.113	   175.153
 174	174	 4.6426	 1.0465	   1.5179	        1.5186	          0.0007	   1.5179	1.757e-05	   0.108	   176.158
 175	175	 4.6425	 1.0465	   1.5179	        1.5186	          0.0007	   1.5179	1.753e-05	   0.096	   177.178
 176	176	 4.6425	 1.0465	   1.5179	        1.5186	          0.0007	   1.5179	1.750e-05	   0.113	   178.187
 177	177	 4.6424	 1.0465	   1.5179	        1.5186	          0.0007	   1.5179	1.746e-05	   0.109	   179.186
 178	178	 4.6424	 1.0465	   1.5179	        1.5186	          0.0007	   1.5179	1.743e-05	   0.121	   180.217
 179	179	 4.6424	 1.0465	   1.5179	        1.5186	          0.0007	   1.5179	1.740e-05	   0.111	   181.237
 180	180	 4.6423	 1.0465	   1.5179	        1.5186	          0.0007	   1.5179	1.736e-05	   0.098	   182.250
 181	181	 4.6423	 1.0465	   1.5179	        1.5186	          0.0007	   1.5179	1.733e-05	   0.114	   183.259
 182	182	 4.6422	 1.0465	   1.5179	        1.5186	          0.0007	   1.5179	1.729e-05	   0.117	   184.271
 183	183	 4.6422	 1.0465	   1.5179	        1.5186	          0.0007	   1.5179	1.726e-05	   0.121	   185.346
 184	184	 4.6421	 1.0465	   1.5179	        1.5186	          0.0007	   1.5179	1.723e-05	   0.106	   186.389
 185	185	 4.6421	 1.0465	   1.5179	        1.5186	          0.0007	   1.5179	1.720e-05	   0.100	   187.423
 186	186	 4.6421	 1.0465	   1.5179	        1.5186	          0.0007	   1.5179	1.716e-05	   0.111	   188.431
 187	187	 4.6420	 1.0465	   1.5179	        1.5186	          0.0007	   1.5179	1.713e-05	   0.114	   189.433
 188	188	 4.6420	 1.0465	   1.5179	        1.5186	          0.0007	   1.5179	1.710e-05	   0.110	   190.435
 189	189	 4.6419	 1.0465	   1.5179	        1.5186	          0.0007	   1.5179	1.707e-05	   0.106	   191.460
 190	190	 4.6419	 1.0465	   1.5179	        1.5186	          0.0007	   1.5179	1.704e-05	   0.099	   192.489
 191	191	 4.6419	 1.0465	   1.5179	        1.5186	          0.0007	   1.5179	1.700e-05	   0.109	   193.494
 192	192	 4.6418	 1.0465	   1.5179	        1.5186	          0.0007	   1.5179	1.697e-05	   0.115	   194.500
 193	193	 4.6418	 1.0465	   1.5179	        1.5186	          0.0007	   1.5179	1.694e-05	   0.125	   195.598
 194	194	 4.6417	 1.0465	   1.5179	        1.5186	          0.0007	   1.5179	1.691e-05	   0.105	   196.681
 195	195	 4.6417	 1.0465	   1.5179	        1.5186	          0.0007	   1.5179	1.688e-05	   0.098	   197.705
 196	196	 4.6417	 1.0465	   1.5179	        1.5186	          0.0007	   1.5179	1.685e-05	   0.112	   198.712
 197	197	 4.6416	 1.0465	   1.5179	        1.5186	          0.0007	   1.5179	1.682e-05	   0.119	   199.744
 198	198	 4.6416	 1.0465	   1.5179	        1.5186	          0.0007	   1.5179	1.679e-05	   0.112	   200.775
 199	199	 4.6416	 1.0465	   1.5179	        1.5186	          0.0007	   1.5179	1.676e-05	   0.110	   201.789
 200	200	 4.6415	 1.0465	   1.5179	        1.5186	          0.0007	   1.5179	1.673e-05	   0.095	   202.807

[BSGD] Finished on device cuda -> σ_f² ≈ 4.6415, σ_ε² ≈ 1.0465
