[GPU 3][JOB 124] 'python cli.py bsgd --n 1024 --lengthscale 0.5 --sigma-f2-true 4.0 --sigma-eps2-true 1.0 --n-epochs 200 --device auto --kernel-mode finite --theta-min 1e-4 --theta-max 20.0 --print-every 1 --seed 3 --batch-size 256 --sigma-f2-init 5.0 --sigma-eps2-init 3.0 --alpha1 9.0 '

=== BSGD (biased SGD on exact kernel) ===
iter	epoch	σ_f²	σ_ε²	real_nlml	real_nlml_true	real_nlml_abs_err	mini_nlml	||grad||	duration_s	wall_time_s
   1	 1	 4.4755	 2.1944	   1.6258	        1.5214	          0.1044	   1.7510	1.144e-01	   0.419	     0.533
   2	 1	 4.3031	 1.7487	   1.5750	        1.5214	          0.0537	   1.7071	1.103e-01	   0.027	     1.334
   3	 1	 4.2445	 1.4599	   1.5451	        1.5214	          0.0238	   1.6676	9.342e-02	   0.029	     1.933
   4	 1	 4.1715	 1.2747	   1.5299	        1.5214	          0.0085	   1.6538	6.800e-02	   0.027	     2.551
   5	 2	 4.1349	 1.1481	   1.5230	        1.5214	          0.0017	   1.6273	3.791e-02	   0.033	     3.170
   6	 2	 4.1167	 1.1320	   1.5225	        1.5214	          0.0011	   1.6774	3.300e-02	   0.035	     3.854
   7	 2	 4.1623	 1.0882	   1.5214	        1.5214	          0.0000	   1.6488	1.805e-02	   0.031	     4.497
   8	 2	 4.1196	 1.0791	   1.5212	        1.5214	          0.0002	   1.6436	1.460e-02	   0.027	     5.144
   9	 3	 4.1058	 1.0531	   1.5210	        1.5214	          0.0004	   1.6336	4.108e-03	   0.031	     5.781
  10	 3	 4.1253	 1.0316	   1.5210	        1.5214	          0.0004	   1.6298	5.370e-03	   0.024	     6.484
  11	 3	 4.1083	 1.0421	   1.5209	        1.5214	          0.0004	   1.6468	6.475e-04	   0.029	     7.176
  12	 3	 4.1171	 1.0620	   1.5210	        1.5214	          0.0004	   1.6744	7.824e-03	   0.036	     7.922
  13	 4	 4.1054	 1.0837	   1.5213	        1.5214	          0.0001	   1.6783	1.634e-02	   0.042	     8.664
  14	 4	 4.1025	 1.0630	   1.5210	        1.5214	          0.0004	   1.6272	8.209e-03	   0.038	     9.461
  15	 4	 4.0783	 1.0602	   1.5210	        1.5214	          0.0004	   1.6412	7.058e-03	   0.037	    10.220
  16	 4	 4.0870	 1.0484	   1.5209	        1.5214	          0.0004	   1.6370	2.089e-03	   0.041	    10.954
  17	 5	 4.0916	 1.0665	   1.5210	        1.5214	          0.0003	   1.6940	9.628e-03	   0.031	    11.708
  18	 5	 4.0759	 1.0961	   1.5215	        1.5214	          0.0001	   1.7087	2.091e-02	   0.034	    12.455
  19	 5	 4.0697	 1.0512	   1.5209	        1.5214	          0.0004	   1.5491	3.287e-03	   0.040	    13.194
  20	 5	 4.0753	 1.0365	   1.5209	        1.5214	          0.0004	   1.6184	3.140e-03	   0.038	    13.932
  21	 6	 4.0756	 1.0704	   1.5211	        1.5214	          0.0003	   1.7240	1.120e-02	   0.034	    14.681
  22	 6	 4.0773	 1.0720	   1.5211	        1.5214	          0.0003	   1.6692	1.182e-02	   0.039	    15.423
  23	 6	 4.0751	 1.0469	   1.5209	        1.5214	          0.0004	   1.5857	1.439e-03	   0.039	    16.148
  24	 6	 4.0731	 1.0292	   1.5210	        1.5214	          0.0004	   1.5880	6.490e-03	   0.030	    16.909
  25	 7	 4.0739	 1.0404	   1.5209	        1.5214	          0.0004	   1.6717	1.408e-03	   0.031	    17.680
  26	 7	 4.0576	 1.0307	   1.5210	        1.5214	          0.0004	   1.6027	5.805e-03	   0.042	    18.466
  27	 7	 4.0683	 1.0463	   1.5209	        1.5214	          0.0004	   1.6941	1.189e-03	   0.041	    19.235
  28	 7	 4.0667	 1.0288	   1.5210	        1.5214	          0.0004	   1.5894	6.655e-03	   0.035	    20.032
  29	 8	 4.0561	 1.0226	   1.5210	        1.5214	          0.0003	   1.6137	9.591e-03	   0.040	    20.809
  30	 8	 4.0714	 1.0248	   1.5210	        1.5214	          0.0004	   1.6616	8.515e-03	   0.045	    21.565
  31	 8	 4.0637	 1.0313	   1.5210	        1.5214	          0.0004	   1.6496	5.503e-03	   0.036	    22.309
  32	 8	 4.0705	 1.0414	   1.5209	        1.5214	          0.0004	   1.6821	9.587e-04	   0.030	    23.051
  33	 9	 4.0655	 1.0587	   1.5210	        1.5214	          0.0004	   1.6993	6.461e-03	   0.034	    23.795
  34	 9	 4.0604	 1.0532	   1.5209	        1.5214	          0.0004	   1.6314	4.150e-03	   0.037	    24.541
  35	 9	 4.0644	 1.0434	   1.5209	        1.5214	          0.0004	   1.6140	1.139e-04	   0.037	    25.289
  36	 9	 4.0651	 1.0488	   1.5209	        1.5214	          0.0004	   1.6686	2.285e-03	   0.044	    26.037
  37	10	 4.0628	 1.0387	   1.5209	        1.5214	          0.0004	   1.6041	2.143e-03	   0.042	    26.773
  38	10	 4.0644	 1.0403	   1.5209	        1.5214	          0.0004	   1.6568	1.430e-03	   0.035	    27.517
  39	10	 4.0646	 1.0407	   1.5209	        1.5214	          0.0004	   1.6489	1.277e-03	   0.040	    28.282
  40	10	 4.0686	 1.0437	   1.5209	        1.5214	          0.0004	   1.6572	1.011e-04	   0.037	    29.022
  41	11	 4.0821	 1.0489	   1.5209	        1.5214	          0.0004	   1.6896	2.336e-03	   0.041	    29.801
  42	11	 4.0791	 1.0441	   1.5209	        1.5214	          0.0004	   1.6160	2.370e-04	   0.033	    30.580
  43	11	 4.0705	 1.0483	   1.5209	        1.5214	          0.0004	   1.6548	2.061e-03	   0.040	    31.381
  44	11	 4.0700	 1.0405	   1.5209	        1.5214	          0.0004	   1.6065	1.377e-03	   0.041	    32.136
  45	12	 4.0801	 1.0387	   1.5209	        1.5214	          0.0004	   1.6467	2.174e-03	   0.036	    32.885
  46	12	 4.0729	 1.0439	   1.5209	        1.5214	          0.0004	   1.6654	1.517e-04	   0.033	    33.622
  47	12	 4.0744	 1.0429	   1.5209	        1.5214	          0.0004	   1.6399	3.035e-04	   0.037	    34.359
  48	12	 4.0676	 1.0389	   1.5209	        1.5214	          0.0004	   1.6148	2.060e-03	   0.040	    35.113
  49	13	 4.0671	 1.0431	   1.5209	        1.5214	          0.0004	   1.6611	2.164e-04	   0.036	    35.860
  50	13	 4.0677	 1.0370	   1.5209	        1.5214	          0.0004	   1.6124	2.932e-03	   0.037	    36.602
  51	13	 4.0711	 1.0323	   1.5210	        1.5214	          0.0004	   1.6249	5.061e-03	   0.040	    37.340
  52	13	 4.0647	 1.0461	   1.5209	        1.5214	          0.0004	   1.7061	1.093e-03	   0.039	    38.131
  53	14	 4.0624	 1.0477	   1.5209	        1.5214	          0.0004	   1.6530	1.801e-03	   0.036	    38.937
  54	14	 4.0621	 1.0421	   1.5209	        1.5214	          0.0004	   1.6173	6.670e-04	   0.039	    39.713
  55	14	 4.0571	 1.0449	   1.5209	        1.5214	          0.0004	   1.6509	5.848e-04	   0.041	    40.483
  56	14	 4.0643	 1.0519	   1.5209	        1.5214	          0.0004	   1.7030	3.588e-03	   0.038	    41.277
  57	15	 4.0622	 1.0429	   1.5209	        1.5214	          0.0004	   1.5817	2.872e-04	   0.037	    42.069
  58	15	 4.0663	 1.0412	   1.5209	        1.5214	          0.0004	   1.6372	1.029e-03	   0.044	    42.836
  59	15	 4.0629	 1.0342	   1.5209	        1.5214	          0.0004	   1.5903	4.165e-03	   0.034	    43.585
  60	15	 4.0655	 1.0447	   1.5209	        1.5214	          0.0004	   1.7251	5.162e-04	   0.030	    44.329
  61	16	 4.0663	 1.0361	   1.5209	        1.5214	          0.0004	   1.5862	3.324e-03	   0.040	    45.066
  62	16	 4.0682	 1.0422	   1.5209	        1.5214	          0.0004	   1.6948	5.900e-04	   0.039	    45.806
  63	16	 4.0707	 1.0384	   1.5209	        1.5214	          0.0004	   1.6242	2.269e-03	   0.035	    46.557
  64	16	 4.0661	 1.0457	   1.5209	        1.5214	          0.0004	   1.6857	9.291e-04	   0.039	    47.302
  65	17	 4.0597	 1.0495	   1.5209	        1.5214	          0.0004	   1.6670	2.587e-03	   0.044	    48.043
  66	17	 4.0593	 1.0463	   1.5209	        1.5214	          0.0004	   1.6258	1.204e-03	   0.031	    48.789
  67	17	 4.0636	 1.0460	   1.5209	        1.5214	          0.0004	   1.6503	1.063e-03	   0.030	    49.551
  68	17	 4.0662	 1.0434	   1.5209	        1.5214	          0.0004	   1.6300	1.132e-04	   0.040	    50.297
  69	18	 4.0672	 1.0432	   1.5209	        1.5214	          0.0004	   1.6472	1.953e-04	   0.040	    51.060
  70	18	 4.0692	 1.0450	   1.5209	        1.5214	          0.0004	   1.6640	6.412e-04	   0.032	    51.839
  71	18	 4.0691	 1.0405	   1.5209	        1.5214	          0.0004	   1.6079	1.371e-03	   0.037	    52.629
  72	18	 4.0697	 1.0418	   1.5209	        1.5214	          0.0004	   1.6611	7.819e-04	   0.044	    53.373
  73	19	 4.0687	 1.0455	   1.5209	        1.5214	          0.0004	   1.6720	8.414e-04	   0.035	    54.125
  74	19	 4.0715	 1.0513	   1.5209	        1.5214	          0.0004	   1.7016	3.357e-03	   0.029	    54.864
  75	19	 4.0671	 1.0482	   1.5209	        1.5214	          0.0004	   1.6122	2.005e-03	   0.036	    55.608
  76	19	 4.0673	 1.0426	   1.5209	        1.5214	          0.0004	   1.5965	4.446e-04	   0.041	    56.350
  77	20	 4.0659	 1.0399	   1.5209	        1.5214	          0.0004	   1.6170	1.625e-03	   0.036	    57.091
  78	20	 4.0674	 1.0346	   1.5209	        1.5214	          0.0004	   1.5944	4.005e-03	   0.034	    57.832
  79	20	 4.0684	 1.0376	   1.5209	        1.5214	          0.0004	   1.6786	2.660e-03	   0.041	    58.579
  80	20	 4.0692	 1.0444	   1.5209	        1.5214	          0.0004	   1.7062	3.614e-04	   0.036	    59.331
  81	21	 4.0652	 1.0436	   1.5209	        1.5214	          0.0004	   1.6247	8.205e-05	   0.031	    60.105
  82	21	 4.0653	 1.0408	   1.5209	        1.5214	          0.0004	   1.6179	1.206e-03	   0.042	    60.886
  83	21	 4.0651	 1.0416	   1.5209	        1.5214	          0.0004	   1.6543	8.867e-04	   0.038	    61.653
  84	21	 4.0668	 1.0468	   1.5209	        1.5214	          0.0004	   1.7000	1.418e-03	   0.041	    62.437
  85	22	 4.0674	 1.0456	   1.5209	        1.5214	          0.0004	   1.6381	8.729e-04	   0.042	    63.226
  86	22	 4.0648	 1.0482	   1.5209	        1.5214	          0.0004	   1.6606	2.018e-03	   0.038	    64.000
  87	22	 4.0677	 1.0444	   1.5209	        1.5214	          0.0004	   1.6229	3.753e-04	   0.032	    64.752
  88	22	 4.0680	 1.0472	   1.5209	        1.5214	          0.0004	   1.6700	1.568e-03	   0.033	    65.497
  89	23	 4.0639	 1.0466	   1.5209	        1.5214	          0.0004	   1.6324	1.308e-03	   0.038	    66.235
  90	23	 4.0643	 1.0523	   1.5209	        1.5214	          0.0004	   1.7016	3.782e-03	   0.038	    66.984
  91	23	 4.0691	 1.0529	   1.5209	        1.5214	          0.0004	   1.6747	4.026e-03	   0.038	    67.730
  92	23	 4.0720	 1.0464	   1.5209	        1.5214	          0.0004	   1.5840	1.231e-03	   0.036	    68.464
  93	24	 4.0719	 1.0555	   1.5210	        1.5214	          0.0004	   1.7387	5.116e-03	   0.042	    69.202
  94	24	 4.0710	 1.0540	   1.5210	        1.5214	          0.0004	   1.6283	4.496e-03	   0.036	    69.959
  95	24	 4.0701	 1.0497	   1.5209	        1.5214	          0.0004	   1.6062	2.642e-03	   0.035	    70.714
  96	24	 4.0704	 1.0499	   1.5209	        1.5214	          0.0004	   1.6494	2.735e-03	   0.040	    71.485
  97	25	 4.0685	 1.0555	   1.5210	        1.5214	          0.0004	   1.7097	5.136e-03	   0.037	    72.281
  98	25	 4.0692	 1.0529	   1.5209	        1.5214	          0.0004	   1.6250	4.014e-03	   0.037	    73.051
  99	25	 4.0714	 1.0484	   1.5209	        1.5214	          0.0004	   1.5996	2.118e-03	   0.045	    73.830
 100	25	 4.0704	 1.0488	   1.5209	        1.5214	          0.0004	   1.6408	2.268e-03	   0.044	    74.568
 101	26	 4.0723	 1.0457	   1.5209	        1.5214	          0.0004	   1.6155	9.183e-04	   0.030	    75.316
 102	26	 4.0725	 1.0490	   1.5209	        1.5214	          0.0004	   1.6947	2.344e-03	   0.030	    76.065
 103	26	 4.0720	 1.0497	   1.5209	        1.5214	          0.0004	   1.6515	2.646e-03	   0.038	    76.805
 104	26	 4.0709	 1.0459	   1.5209	        1.5214	          0.0004	   1.5953	1.004e-03	   0.041	    77.563
 105	27	 4.0687	 1.0423	   1.5209	        1.5214	          0.0004	   1.5920	5.778e-04	   0.041	    78.362
 106	27	 4.0723	 1.0421	   1.5209	        1.5214	          0.0004	   1.6507	6.674e-04	   0.043	    79.188
 107	27	 4.0696	 1.0408	   1.5209	        1.5214	          0.0004	   1.6249	1.246e-03	   0.048	    79.986
 108	27	 4.0712	 1.0432	   1.5209	        1.5214	          0.0004	   1.6876	1.792e-04	   0.036	    80.757
 109	28	 4.0705	 1.0438	   1.5209	        1.5214	          0.0004	   1.6488	1.409e-04	   0.031	    81.538
 110	28	 4.0687	 1.0398	   1.5209	        1.5214	          0.0004	   1.5962	1.687e-03	   0.041	    82.321
 111	28	 4.0691	 1.0392	   1.5209	        1.5214	          0.0004	   1.6360	1.929e-03	   0.037	    83.089
 112	28	 4.0727	 1.0388	   1.5209	        1.5214	          0.0004	   1.6475	2.125e-03	   0.041	    83.871
 113	29	 4.0718	 1.0405	   1.5209	        1.5214	          0.0004	   1.6582	1.376e-03	   0.035	    84.666
 114	29	 4.0709	 1.0453	   1.5209	        1.5214	          0.0004	   1.7069	7.474e-04	   0.043	    85.445
 115	29	 4.0705	 1.0408	   1.5209	        1.5214	          0.0004	   1.5885	1.214e-03	   0.035	    86.186
 116	29	 4.0708	 1.0386	   1.5209	        1.5214	          0.0004	   1.6186	2.182e-03	   0.033	    86.929
 117	30	 4.0708	 1.0406	   1.5209	        1.5214	          0.0004	   1.6601	1.296e-03	   0.039	    87.675
 118	30	 4.0687	 1.0411	   1.5209	        1.5214	          0.0004	   1.6435	1.093e-03	   0.036	    88.420
 119	30	 4.0717	 1.0408	   1.5209	        1.5214	          0.0004	   1.6587	1.223e-03	   0.035	    89.169
 120	30	 4.0706	 1.0408	   1.5209	        1.5214	          0.0004	   1.6429	1.242e-03	   0.036	    89.908
 121	31	 4.0718	 1.0407	   1.5209	        1.5214	          0.0004	   1.6510	1.286e-03	   0.045	    90.653
 122	31	 4.0712	 1.0409	   1.5209	        1.5214	          0.0004	   1.6456	1.166e-03	   0.036	    91.396
 123	31	 4.0693	 1.0349	   1.5209	        1.5214	          0.0004	   1.5487	3.879e-03	   0.036	    92.144
 124	31	 4.0718	 1.0405	   1.5209	        1.5214	          0.0004	   1.7291	1.358e-03	   0.037	    92.918
 125	32	 4.0757	 1.0422	   1.5209	        1.5214	          0.0004	   1.6816	6.183e-04	   0.036	    93.709
 126	32	 4.0741	 1.0406	   1.5209	        1.5214	          0.0004	   1.6131	1.299e-03	   0.036	    94.454
 127	32	 4.0749	 1.0409	   1.5209	        1.5214	          0.0004	   1.6515	1.192e-03	   0.040	    95.231
 128	32	 4.0732	 1.0404	   1.5209	        1.5214	          0.0004	   1.6330	1.409e-03	   0.043	    95.984
 129	33	 4.0737	 1.0383	   1.5209	        1.5214	          0.0004	   1.6128	2.344e-03	   0.032	    96.731
 130	33	 4.0761	 1.0396	   1.5209	        1.5214	          0.0004	   1.6786	1.767e-03	   0.033	    97.469
 131	33	 4.0765	 1.0396	   1.5209	        1.5214	          0.0004	   1.6456	1.761e-03	   0.038	    98.205
 132	33	 4.0735	 1.0405	   1.5209	        1.5214	          0.0004	   1.6425	1.362e-03	   0.035	    98.954
 133	34	 4.0745	 1.0432	   1.5209	        1.5214	          0.0004	   1.6904	1.679e-04	   0.036	    99.706
 134	34	 4.0752	 1.0442	   1.5209	        1.5214	          0.0004	   1.6616	3.022e-04	   0.034	   100.446
 135	34	 4.0760	 1.0392	   1.5209	        1.5214	          0.0004	   1.5684	1.922e-03	   0.044	   101.186
 136	34	 4.0728	 1.0431	   1.5209	        1.5214	          0.0004	   1.6912	2.365e-04	   0.031	   101.935
 137	35	 4.0705	 1.0439	   1.5209	        1.5214	          0.0004	   1.6538	1.704e-04	   0.034	   102.708
 138	35	 4.0706	 1.0477	   1.5209	        1.5214	          0.0004	   1.7045	1.803e-03	   0.044	   103.478
 139	35	 4.0713	 1.0452	   1.5209	        1.5214	          0.0004	   1.6037	7.167e-04	   0.037	   104.252
 140	35	 4.0732	 1.0441	   1.5209	        1.5214	          0.0004	   1.6372	2.391e-04	   0.038	   105.035
 141	36	 4.0731	 1.0440	   1.5209	        1.5214	          0.0004	   1.6425	2.176e-04	   0.040	   105.833
 142	36	 4.0733	 1.0432	   1.5209	        1.5214	          0.0004	   1.6384	1.652e-04	   0.041	   106.612
 143	36	 4.0741	 1.0438	   1.5209	        1.5214	          0.0004	   1.6569	1.432e-04	   0.031	   107.358
 144	36	 4.0720	 1.0445	   1.5209	        1.5214	          0.0004	   1.6500	4.143e-04	   0.034	   108.107
 145	37	 4.0741	 1.0493	   1.5209	        1.5214	          0.0004	   1.7381	2.503e-03	   0.040	   108.842
 146	37	 4.0761	 1.0482	   1.5209	        1.5214	          0.0004	   1.6384	2.014e-03	   0.037	   109.582
 147	37	 4.0750	 1.0465	   1.5209	        1.5214	          0.0004	   1.6090	1.288e-03	   0.034	   110.330
 148	37	 4.0726	 1.0429	   1.5209	        1.5214	          0.0004	   1.5783	3.164e-04	   0.035	   111.075
 149	38	 4.0736	 1.0419	   1.5209	        1.5214	          0.0004	   1.6335	7.254e-04	   0.043	   111.816
 150	38	 4.0719	 1.0407	   1.5209	        1.5214	          0.0004	   1.6183	1.277e-03	   0.034	   112.565
 151	38	 4.0738	 1.0430	   1.5209	        1.5214	          0.0004	   1.6951	2.465e-04	   0.036	   113.352
 152	38	 4.0731	 1.0435	   1.5209	        1.5214	          0.0004	   1.6486	9.499e-05	   0.037	   114.130
 153	39	 4.0742	 1.0415	   1.5209	        1.5214	          0.0004	   1.6142	9.194e-04	   0.041	   114.905
 154	39	 4.0743	 1.0383	   1.5209	        1.5214	          0.0004	   1.5871	2.315e-03	   0.037	   115.650
 155	39	 4.0745	 1.0388	   1.5209	        1.5214	          0.0004	   1.6522	2.098e-03	   0.036	   116.423
 156	39	 4.0736	 1.0431	   1.5209	        1.5214	          0.0004	   1.7158	2.364e-04	   0.043	   117.182
 157	40	 4.0727	 1.0392	   1.5209	        1.5214	          0.0004	   1.5663	1.954e-03	   0.031	   117.928
 158	40	 4.0722	 1.0391	   1.5209	        1.5214	          0.0004	   1.6378	1.965e-03	   0.032	   118.672
 159	40	 4.0719	 1.0445	   1.5209	        1.5214	          0.0004	   1.7405	3.993e-04	   0.035	   119.413
 160	40	 4.0731	 1.0437	   1.5209	        1.5214	          0.0004	   1.6437	1.035e-04	   0.043	   120.189
 161	41	 4.0729	 1.0464	   1.5209	        1.5214	          0.0004	   1.6987	1.236e-03	   0.039	   120.968
 162	41	 4.0721	 1.0500	   1.5209	        1.5214	          0.0004	   1.7039	2.768e-03	   0.036	   121.708
 163	41	 4.0734	 1.0470	   1.5209	        1.5214	          0.0004	   1.5972	1.482e-03	   0.043	   122.455
 164	41	 4.0736	 1.0430	   1.5209	        1.5214	          0.0004	   1.5734	2.702e-04	   0.034	   123.205
 165	42	 4.0729	 1.0451	   1.5209	        1.5214	          0.0004	   1.6781	6.714e-04	   0.031	   123.975
 166	42	 4.0719	 1.0450	   1.5209	        1.5214	          0.0004	   1.6477	6.498e-04	   0.040	   124.743
 167	42	 4.0701	 1.0436	   1.5209	        1.5214	          0.0004	   1.6032	8.297e-05	   0.040	   125.530
 168	42	 4.0720	 1.0448	   1.5209	        1.5214	          0.0004	   1.6839	5.487e-04	   0.040	   126.301
 169	43	 4.0712	 1.0452	   1.5209	        1.5214	          0.0004	   1.6508	7.048e-04	   0.039	   127.091
 170	43	 4.0722	 1.0432	   1.5209	        1.5214	          0.0004	   1.6056	1.930e-04	   0.042	   127.869
 171	43	 4.0715	 1.0443	   1.5209	        1.5214	          0.0004	   1.6634	3.278e-04	   0.032	   128.628
 172	43	 4.0734	 1.0464	   1.5209	        1.5214	          0.0004	   1.6976	1.236e-03	   0.032	   129.372
 173	44	 4.0718	 1.0457	   1.5209	        1.5214	          0.0004	   1.6252	9.522e-04	   0.037	   130.113
 174	44	 4.0721	 1.0417	   1.5209	        1.5214	          0.0004	   1.5681	8.104e-04	   0.039	   130.860
 175	44	 4.0729	 1.0416	   1.5209	        1.5214	          0.0004	   1.6544	8.580e-04	   0.036	   131.607
 176	44	 4.0744	 1.0445	   1.5209	        1.5214	          0.0004	   1.7043	4.353e-04	   0.042	   132.346
 177	45	 4.0743	 1.0432	   1.5209	        1.5214	          0.0004	   1.6180	1.936e-04	   0.042	   133.082
 178	45	 4.0744	 1.0447	   1.5209	        1.5214	          0.0004	   1.6808	5.082e-04	   0.032	   133.833
 179	45	 4.0749	 1.0445	   1.5209	        1.5214	          0.0004	   1.6463	4.056e-04	   0.032	   134.617
 180	45	 4.0735	 1.0431	   1.5209	        1.5214	          0.0004	   1.6071	2.088e-04	   0.034	   135.378
 181	46	 4.0747	 1.0447	   1.5209	        1.5214	          0.0004	   1.6773	4.897e-04	   0.042	   136.143
 182	46	 4.0743	 1.0443	   1.5209	        1.5214	          0.0004	   1.6401	3.353e-04	   0.032	   136.894
 183	46	 4.0728	 1.0429	   1.5209	        1.5214	          0.0004	   1.6120	3.137e-04	   0.043	   137.659
 184	46	 4.0725	 1.0425	   1.5209	        1.5214	          0.0004	   1.6334	4.809e-04	   0.044	   138.414
 185	47	 4.0726	 1.0411	   1.5209	        1.5214	          0.0004	   1.6189	1.073e-03	   0.030	   139.159
 186	47	 4.0726	 1.0393	   1.5209	        1.5214	          0.0004	   1.6062	1.886e-03	   0.031	   139.911
 187	47	 4.0717	 1.0415	   1.5209	        1.5214	          0.0004	   1.6859	9.143e-04	   0.040	   140.652
 188	47	 4.0723	 1.0400	   1.5209	        1.5214	          0.0004	   1.6153	1.586e-03	   0.038	   141.397
 189	48	 4.0699	 1.0388	   1.5209	        1.5214	          0.0004	   1.6036	2.111e-03	   0.032	   142.141
 190	48	 4.0707	 1.0376	   1.5209	        1.5214	          0.0004	   1.6257	2.635e-03	   0.038	   142.887
 191	48	 4.0706	 1.0371	   1.5209	        1.5214	          0.0004	   1.6323	2.866e-03	   0.045	   143.625
 192	48	 4.0705	 1.0393	   1.5209	        1.5214	          0.0004	   1.6867	1.873e-03	   0.034	   144.367
 193	49	 4.0704	 1.0390	   1.5209	        1.5214	          0.0004	   1.6419	2.027e-03	   0.030	   145.133
 194	49	 4.0698	 1.0389	   1.5209	        1.5214	          0.0004	   1.6353	2.069e-03	   0.040	   145.904
 195	49	 4.0704	 1.0383	   1.5209	        1.5214	          0.0004	   1.6286	2.318e-03	   0.040	   146.691
 196	49	 4.0709	 1.0388	   1.5209	        1.5214	          0.0004	   1.6534	2.114e-03	   0.041	   147.469
 197	50	 4.0710	 1.0395	   1.5209	        1.5214	          0.0004	   1.6553	1.795e-03	   0.039	   148.261
 198	50	 4.0704	 1.0366	   1.5209	        1.5214	          0.0004	   1.5763	3.096e-03	   0.045	   149.040
 199	50	 4.0707	 1.0405	   1.5209	        1.5214	          0.0004	   1.7348	1.359e-03	   0.033	   149.794
 200	50	 4.0702	 1.0416	   1.5209	        1.5214	          0.0004	   1.6651	8.893e-04	   0.035	   150.537
 201	51	 4.0709	 1.0417	   1.5209	        1.5214	          0.0004	   1.6470	8.428e-04	   0.034	   151.279
 202	51	 4.0702	 1.0411	   1.5209	        1.5214	          0.0004	   1.6289	1.101e-03	   0.041	   152.029
 203	51	 4.0704	 1.0409	   1.5209	        1.5214	          0.0004	   1.6371	1.200e-03	   0.034	   152.772
 204	51	 4.0708	 1.0417	   1.5209	        1.5214	          0.0004	   1.6729	8.393e-04	   0.037	   153.513
 205	52	 4.0701	 1.0420	   1.5209	        1.5214	          0.0004	   1.6457	6.861e-04	   0.042	   154.276
 206	52	 4.0705	 1.0411	   1.5209	        1.5214	          0.0004	   1.6236	1.092e-03	   0.038	   155.056
 207	52	 4.0710	 1.0431	   1.5209	        1.5214	          0.0004	   1.7028	2.351e-04	   0.032	   155.812
 208	52	 4.0711	 1.0430	   1.5209	        1.5214	          0.0004	   1.6406	2.759e-04	   0.037	   156.571
 209	53	 4.0700	 1.0434	   1.5209	        1.5214	          0.0004	   1.6481	1.240e-04	   0.040	   157.337
 210	53	 4.0706	 1.0456	   1.5209	        1.5214	          0.0004	   1.7044	8.898e-04	   0.037	   158.093
 211	53	 4.0692	 1.0437	   1.5209	        1.5214	          0.0004	   1.5931	9.156e-05	   0.042	   158.887
 212	53	 4.0707	 1.0434	   1.5209	        1.5214	          0.0004	   1.6490	1.184e-04	   0.042	   159.693
 213	54	 4.0701	 1.0435	   1.5209	        1.5214	          0.0004	   1.6482	8.899e-05	   0.041	   160.520
 214	54	 4.0696	 1.0450	   1.5209	        1.5214	          0.0004	   1.6814	6.519e-04	   0.037	   161.321
 215	54	 4.0700	 1.0414	   1.5209	        1.5214	          0.0004	   1.5475	9.724e-04	   0.043	   162.098
 216	54	 4.0706	 1.0426	   1.5209	        1.5214	          0.0004	   1.6783	4.189e-04	   0.036	   162.858
 217	55	 4.0700	 1.0428	   1.5209	        1.5214	          0.0004	   1.6455	3.396e-04	   0.035	   163.610
 218	55	 4.0701	 1.0430	   1.5209	        1.5214	          0.0004	   1.6442	2.608e-04	   0.037	   164.351
 219	55	 4.0703	 1.0410	   1.5209	        1.5214	          0.0004	   1.5980	1.143e-03	   0.044	   165.092
 220	55	 4.0705	 1.0433	   1.5209	        1.5214	          0.0004	   1.7062	1.411e-04	   0.035	   165.843
 221	56	 4.0731	 1.0442	   1.5209	        1.5214	          0.0004	   1.6852	2.941e-04	   0.034	   166.607
 222	56	 4.0733	 1.0424	   1.5209	        1.5214	          0.0004	   1.6033	5.295e-04	   0.039	   167.360
 223	56	 4.0712	 1.0404	   1.5209	        1.5214	          0.0004	   1.5788	1.396e-03	   0.041	   168.151
 224	56	 4.0717	 1.0429	   1.5209	        1.5214	          0.0004	   1.7089	3.140e-04	   0.036	   168.926
 225	57	 4.0713	 1.0427	   1.5209	        1.5214	          0.0004	   1.6384	3.940e-04	   0.042	   169.723
 226	57	 4.0704	 1.0431	   1.5209	        1.5214	          0.0004	   1.6559	2.107e-04	   0.041	   170.500
 227	57	 4.0718	 1.0406	   1.5209	        1.5214	          0.0004	   1.5859	1.299e-03	   0.035	   171.265
 228	57	 4.0721	 1.0412	   1.5209	        1.5214	          0.0004	   1.6602	1.032e-03	   0.030	   172.012
 229	58	 4.0715	 1.0407	   1.5209	        1.5214	          0.0004	   1.6222	1.275e-03	   0.040	   172.749
 230	58	 4.0712	 1.0404	   1.5209	        1.5214	          0.0004	   1.6329	1.395e-03	   0.044	   173.493
 231	58	 4.0721	 1.0423	   1.5209	        1.5214	          0.0004	   1.7020	5.853e-04	   0.035	   174.233
 232	58	 4.0719	 1.0423	   1.5209	        1.5214	          0.0004	   1.6496	5.620e-04	   0.037	   174.981
 233	59	 4.0704	 1.0402	   1.5209	        1.5214	          0.0004	   1.5807	1.497e-03	   0.047	   175.745
 234	59	 4.0704	 1.0424	   1.5209	        1.5214	          0.0004	   1.7031	5.130e-04	   0.035	   176.510
 235	59	 4.0705	 1.0409	   1.5209	        1.5214	          0.0004	   1.6111	1.161e-03	   0.029	   177.251
 236	59	 4.0720	 1.0415	   1.5209	        1.5214	          0.0004	   1.6676	9.041e-04	   0.039	   178.016
 237	60	 4.0727	 1.0411	   1.5209	        1.5214	          0.0004	   1.6355	1.099e-03	   0.043	   178.770
 238	60	 4.0719	 1.0406	   1.5209	        1.5214	          0.0004	   1.6295	1.309e-03	   0.040	   179.525
 239	60	 4.0734	 1.0402	   1.5209	        1.5214	          0.0004	   1.6463	1.467e-03	   0.036	   180.277
 240	60	 4.0727	 1.0412	   1.5209	        1.5214	          0.0004	   1.6638	1.030e-03	   0.041	   181.053
 241	61	 4.0739	 1.0439	   1.5209	        1.5214	          0.0004	   1.7241	1.788e-04	   0.034	   181.802
 242	61	 4.0735	 1.0435	   1.5209	        1.5214	          0.0004	   1.6349	8.938e-05	   0.033	   182.547
 243	61	 4.0734	 1.0433	   1.5209	        1.5214	          0.0004	   1.6464	1.492e-04	   0.039	   183.287
 244	61	 4.0721	 1.0421	   1.5209	        1.5214	          0.0004	   1.5978	6.517e-04	   0.040	   184.036
 245	62	 4.0722	 1.0441	   1.5209	        1.5214	          0.0004	   1.6989	2.358e-04	   0.041	   184.779
 246	62	 4.0710	 1.0448	   1.5209	        1.5214	          0.0004	   1.6574	5.404e-04	   0.037	   185.512
 247	62	 4.0712	 1.0419	   1.5209	        1.5214	          0.0004	   1.5730	7.352e-04	   0.041	   186.256
 248	62	 4.0713	 1.0429	   1.5209	        1.5214	          0.0004	   1.6723	3.147e-04	   0.036	   187.011
 249	63	 4.0704	 1.0447	   1.5209	        1.5214	          0.0004	   1.6928	5.196e-04	   0.029	   187.768
 250	63	 4.0710	 1.0440	   1.5209	        1.5214	          0.0004	   1.6298	1.937e-04	   0.036	   188.530
 251	63	 4.0711	 1.0438	   1.5209	        1.5214	          0.0004	   1.6334	1.183e-04	   0.037	   189.323
 252	63	 4.0719	 1.0432	   1.5209	        1.5214	          0.0004	   1.6446	1.829e-04	   0.044	   190.097
 253	64	 4.0712	 1.0443	   1.5209	        1.5214	          0.0004	   1.6758	3.528e-04	   0.041	   190.881
 254	64	 4.0727	 1.0456	   1.5209	        1.5214	          0.0004	   1.7007	8.876e-04	   0.043	   191.662
 255	64	 4.0733	 1.0430	   1.5209	        1.5214	          0.0004	   1.5764	2.596e-04	   0.035	   192.433
 256	64	 4.0725	 1.0428	   1.5209	        1.5214	          0.0004	   1.6205	3.399e-04	   0.034	   193.177
 257	65	 4.0723	 1.0425	   1.5209	        1.5214	          0.0004	   1.6359	4.692e-04	   0.038	   193.916
 258	65	 4.0731	 1.0424	   1.5209	        1.5214	          0.0004	   1.6518	5.180e-04	   0.037	   194.661
 259	65	 4.0735	 1.0415	   1.5209	        1.5214	          0.0004	   1.6185	9.339e-04	   0.038	   195.412
 260	65	 4.0741	 1.0406	   1.5209	        1.5214	          0.0004	   1.6251	1.303e-03	   0.043	   196.189
 261	66	 4.0748	 1.0415	   1.5209	        1.5214	          0.0004	   1.6782	9.060e-04	   0.043	   196.941
 262	66	 4.0738	 1.0426	   1.5209	        1.5214	          0.0004	   1.6725	4.420e-04	   0.031	   197.703
 263	66	 4.0742	 1.0424	   1.5209	        1.5214	          0.0004	   1.6379	5.246e-04	   0.031	   198.452
 264	66	 4.0733	 1.0418	   1.5209	        1.5214	          0.0004	   1.6198	7.986e-04	   0.038	   199.212
 265	67	 4.0739	 1.0421	   1.5209	        1.5214	          0.0004	   1.6648	6.510e-04	   0.042	   199.967
 266	67	 4.0750	 1.0420	   1.5209	        1.5214	          0.0004	   1.6500	6.911e-04	   0.037	   200.730
 267	67	 4.0742	 1.0420	   1.5209	        1.5214	          0.0004	   1.6416	6.801e-04	   0.040	   201.500
 268	67	 4.0735	 1.0414	   1.5209	        1.5214	          0.0004	   1.6128	9.649e-04	   0.047	   202.310
 269	68	 4.0740	 1.0406	   1.5209	        1.5214	          0.0004	   1.6244	1.330e-03	   0.034	   203.066
 270	68	 4.0741	 1.0405	   1.5209	        1.5214	          0.0004	   1.6463	1.354e-03	   0.030	   203.813
 271	68	 4.0751	 1.0398	   1.5209	        1.5214	          0.0004	   1.6290	1.683e-03	   0.038	   204.555
 272	68	 4.0746	 1.0392	   1.5209	        1.5214	          0.0004	   1.6134	1.952e-03	   0.038	   205.274
 273	69	 4.0751	 1.0397	   1.5209	        1.5214	          0.0004	   1.6656	1.720e-03	   0.034	   206.108
 274	69	 4.0743	 1.0397	   1.5209	        1.5214	          0.0004	   1.6349	1.703e-03	   0.032	   206.815
 275	69	 4.0752	 1.0403	   1.5209	        1.5214	          0.0004	   1.6779	1.428e-03	   0.041	   207.522
 276	69	 4.0743	 1.0404	   1.5209	        1.5214	          0.0004	   1.6397	1.401e-03	   0.035	   208.234
 277	70	 4.0740	 1.0398	   1.5209	        1.5214	          0.0004	   1.6219	1.669e-03	   0.040	   208.964
 278	70	 4.0738	 1.0407	   1.5209	        1.5214	          0.0004	   1.6764	1.278e-03	   0.036	   209.684
 279	70	 4.0735	 1.0427	   1.5209	        1.5214	          0.0004	   1.7006	3.937e-04	   0.042	   210.437
 280	70	 4.0739	 1.0415	   1.5209	        1.5214	          0.0004	   1.6114	9.197e-04	   0.033	   211.121
 281	71	 4.0754	 1.0404	   1.5209	        1.5214	          0.0004	   1.6202	1.403e-03	   0.031	   211.804
 282	71	 4.0748	 1.0396	   1.5209	        1.5214	          0.0004	   1.6142	1.774e-03	   0.036	   212.423
 283	71	 4.0741	 1.0408	   1.5209	        1.5214	          0.0004	   1.6761	1.228e-03	   0.032	   213.043
 284	71	 4.0735	 1.0407	   1.5209	        1.5214	          0.0004	   1.6425	1.253e-03	   0.032	   213.645
 285	72	 4.0734	 1.0415	   1.5209	        1.5214	          0.0004	   1.6708	8.953e-04	   0.033	   214.242
 286	72	 4.0733	 1.0410	   1.5209	        1.5214	          0.0004	   1.6242	1.151e-03	   0.033	   214.842
 287	72	 4.0726	 1.0414	   1.5209	        1.5214	          0.0004	   1.6507	9.692e-04	   0.033	   215.454
 288	72	 4.0732	 1.0414	   1.5209	        1.5214	          0.0004	   1.6492	9.538e-04	   0.029	   216.085
 289	73	 4.0749	 1.0427	   1.5209	        1.5214	          0.0004	   1.6930	3.896e-04	   0.038	   216.688
 290	73	 4.0751	 1.0426	   1.5209	        1.5214	          0.0004	   1.6480	4.163e-04	   0.032	   217.275
 291	73	 4.0734	 1.0433	   1.5209	        1.5214	          0.0004	   1.6558	1.602e-04	   0.024	   217.871
 292	73	 4.0738	 1.0417	   1.5209	        1.5214	          0.0004	   1.6007	8.123e-04	   0.030	   218.466
 293	74	 4.0741	 1.0432	   1.5209	        1.5214	          0.0004	   1.6947	1.964e-04	   0.035	   219.046
 294	74	 4.0740	 1.0429	   1.5209	        1.5214	          0.0004	   1.6388	3.168e-04	   0.028	   219.649
 295	74	 4.0737	 1.0430	   1.5209	        1.5214	          0.0004	   1.6464	2.686e-04	   0.026	   220.219
 296	74	 4.0735	 1.0419	   1.5209	        1.5214	          0.0004	   1.6081	7.337e-04	   0.029	   220.812
 297	75	 4.0731	 1.0423	   1.5209	        1.5214	          0.0004	   1.6502	5.433e-04	   0.027	   221.387
 298	75	 4.0729	 1.0419	   1.5209	        1.5214	          0.0004	   1.6257	7.560e-04	   0.027	   221.960
 299	75	 4.0740	 1.0415	   1.5209	        1.5214	          0.0004	   1.6436	9.118e-04	   0.032	   222.535
 300	75	 4.0736	 1.0421	   1.5209	        1.5214	          0.0004	   1.6675	6.425e-04	   0.031	   223.101
 301	76	 4.0730	 1.0412	   1.5209	        1.5214	          0.0004	   1.6075	1.029e-03	   0.027	   223.669
 302	76	 4.0732	 1.0412	   1.5209	        1.5214	          0.0004	   1.6472	1.061e-03	   0.028	   224.242
 303	76	 4.0720	 1.0413	   1.5209	        1.5214	          0.0004	   1.6349	1.012e-03	   0.034	   224.814
 304	76	 4.0732	 1.0427	   1.5209	        1.5214	          0.0004	   1.7089	3.878e-04	   0.034	   225.398
 305	77	 4.0737	 1.0434	   1.5209	        1.5214	          0.0004	   1.6774	1.121e-04	   0.021	   225.973
 306	77	 4.0733	 1.0430	   1.5209	        1.5214	          0.0004	   1.6301	2.462e-04	   0.029	   226.572
 307	77	 4.0728	 1.0422	   1.5209	        1.5214	          0.0004	   1.6089	6.102e-04	   0.034	   227.203
 308	77	 4.0727	 1.0424	   1.5209	        1.5214	          0.0004	   1.6520	5.165e-04	   0.030	   227.819
 309	78	 4.0722	 1.0431	   1.5209	        1.5214	          0.0004	   1.6686	2.064e-04	   0.030	   228.425
 310	78	 4.0727	 1.0433	   1.5209	        1.5214	          0.0004	   1.6572	1.347e-04	   0.033	   229.015
 311	78	 4.0731	 1.0430	   1.5209	        1.5214	          0.0004	   1.6351	2.677e-04	   0.029	   229.603
 312	78	 4.0724	 1.0421	   1.5209	        1.5214	          0.0004	   1.6066	6.551e-04	   0.028	   230.176
 313	79	 4.0715	 1.0414	   1.5209	        1.5214	          0.0004	   1.6125	9.804e-04	   0.029	   230.751
 314	79	 4.0707	 1.0412	   1.5209	        1.5214	          0.0004	   1.6371	1.065e-03	   0.031	   231.349
 315	79	 4.0710	 1.0407	   1.5209	        1.5214	          0.0004	   1.6317	1.274e-03	   0.029	   231.945
 316	79	 4.0727	 1.0415	   1.5209	        1.5214	          0.0004	   1.6841	9.277e-04	   0.030	   232.529
 317	80	 4.0726	 1.0418	   1.5209	        1.5214	          0.0004	   1.6560	7.858e-04	   0.032	   233.100
 318	80	 4.0731	 1.0420	   1.5209	        1.5214	          0.0004	   1.6533	6.945e-04	   0.029	   233.701
 319	80	 4.0725	 1.0416	   1.5209	        1.5214	          0.0004	   1.6248	8.821e-04	   0.024	   234.311
 320	80	 4.0726	 1.0419	   1.5209	        1.5214	          0.0004	   1.6627	7.174e-04	   0.033	   234.983
 321	81	 4.0732	 1.0414	   1.5209	        1.5214	          0.0004	   1.6284	9.410e-04	   0.034	   235.621
 322	81	 4.0730	 1.0421	   1.5209	        1.5214	          0.0004	   1.6699	6.322e-04	   0.033	   236.253
 323	81	 4.0732	 1.0417	   1.5209	        1.5214	          0.0004	   1.6241	8.135e-04	   0.030	   236.832
 324	81	 4.0729	 1.0419	   1.5209	        1.5214	          0.0004	   1.6562	7.388e-04	   0.032	   237.421
 325	82	 4.0729	 1.0421	   1.5209	        1.5214	          0.0004	   1.6511	6.579e-04	   0.029	   237.996
 326	82	 4.0722	 1.0400	   1.5209	        1.5214	          0.0004	   1.5579	1.584e-03	   0.027	   238.566
 327	82	 4.0723	 1.0428	   1.5209	        1.5214	          0.0004	   1.7536	3.484e-04	   0.028	   239.142
 328	82	 4.0726	 1.0423	   1.5209	        1.5214	          0.0004	   1.6267	5.767e-04	   0.029	   239.711
 329	83	 4.0726	 1.0435	   1.5209	        1.5214	          0.0004	   1.6860	9.501e-05	   0.028	   240.283
 330	83	 4.0724	 1.0434	   1.5209	        1.5214	          0.0004	   1.6456	1.239e-04	   0.029	   240.853
 331	83	 4.0730	 1.0427	   1.5209	        1.5214	          0.0004	   1.6284	3.890e-04	   0.033	   241.423
 332	83	 4.0729	 1.0426	   1.5209	        1.5214	          0.0004	   1.6401	4.505e-04	   0.027	   241.994
 333	84	 4.0728	 1.0417	   1.5209	        1.5214	          0.0004	   1.6201	8.151e-04	   0.028	   242.578
 334	84	 4.0729	 1.0419	   1.5209	        1.5214	          0.0004	   1.6577	7.257e-04	   0.030	   243.178
 335	84	 4.0728	 1.0420	   1.5209	        1.5214	          0.0004	   1.6463	6.879e-04	   0.036	   243.808
 336	84	 4.0722	 1.0433	   1.5209	        1.5214	          0.0004	   1.6797	1.311e-04	   0.030	   244.426
 337	85	 4.0722	 1.0440	   1.5209	        1.5214	          0.0004	   1.6675	2.022e-04	   0.026	   245.033
 338	85	 4.0725	 1.0445	   1.5209	        1.5214	          0.0004	   1.6711	4.255e-04	   0.033	   245.626
 339	85	 4.0724	 1.0432	   1.5209	        1.5214	          0.0004	   1.5893	1.745e-04	   0.031	   246.213
 340	85	 4.0714	 1.0432	   1.5209	        1.5214	          0.0004	   1.6412	1.797e-04	   0.026	   246.782
 341	86	 4.0716	 1.0435	   1.5209	        1.5214	          0.0004	   1.6593	9.267e-05	   0.028	   247.355
 342	86	 4.0720	 1.0423	   1.5209	        1.5214	          0.0004	   1.6019	5.649e-04	   0.029	   247.955
 343	86	 4.0717	 1.0429	   1.5209	        1.5214	          0.0004	   1.6653	3.161e-04	   0.027	   248.535
 344	86	 4.0722	 1.0427	   1.5209	        1.5214	          0.0004	   1.6480	3.712e-04	   0.028	   249.109
 345	87	 4.0706	 1.0435	   1.5209	        1.5214	          0.0004	   1.6614	9.178e-05	   0.035	   249.681
 346	87	 4.0711	 1.0443	   1.5209	        1.5214	          0.0004	   1.6877	3.394e-04	   0.028	   250.250
 347	87	 4.0711	 1.0439	   1.5209	        1.5214	          0.0004	   1.6245	1.743e-04	   0.025	   250.817
 348	87	 4.0715	 1.0434	   1.5209	        1.5214	          0.0004	   1.6312	1.060e-04	   0.031	   251.415
 349	88	 4.0714	 1.0435	   1.5209	        1.5214	          0.0004	   1.6451	9.566e-05	   0.033	   251.987
 350	88	 4.0718	 1.0417	   1.5209	        1.5214	          0.0004	   1.5752	8.379e-04	   0.027	   252.602
 351	88	 4.0722	 1.0413	   1.5209	        1.5214	          0.0004	   1.6336	9.995e-04	   0.026	   253.172
 352	88	 4.0716	 1.0419	   1.5209	        1.5214	          0.0004	   1.6654	7.576e-04	   0.032	   253.766
 353	89	 4.0721	 1.0411	   1.5209	        1.5214	          0.0004	   1.6187	1.109e-03	   0.029	   254.339
 354	89	 4.0721	 1.0426	   1.5209	        1.5214	          0.0004	   1.7098	4.353e-04	   0.026	   254.907
 355	89	 4.0715	 1.0423	   1.5209	        1.5214	          0.0004	   1.6162	5.790e-04	   0.028	   255.479
 356	89	 4.0712	 1.0418	   1.5209	        1.5214	          0.0004	   1.6279	8.024e-04	   0.031	   256.049
 357	90	 4.0708	 1.0425	   1.5209	        1.5214	          0.0004	   1.6767	4.669e-04	   0.029	   256.620
 358	90	 4.0707	 1.0426	   1.5209	        1.5214	          0.0004	   1.6385	4.503e-04	   0.030	   257.195
 359	90	 4.0699	 1.0437	   1.5209	        1.5214	          0.0004	   1.6861	9.665e-05	   0.033	   257.767
 360	90	 4.0708	 1.0426	   1.5209	        1.5214	          0.0004	   1.6100	4.156e-04	   0.027	   258.339
 361	91	 4.0713	 1.0407	   1.5209	        1.5214	          0.0004	   1.5661	1.286e-03	   0.029	   258.918
 362	91	 4.0714	 1.0405	   1.5209	        1.5214	          0.0004	   1.6432	1.337e-03	   0.032	   259.520
 363	91	 4.0714	 1.0405	   1.5209	        1.5214	          0.0004	   1.6433	1.353e-03	   0.035	   260.139
 364	91	 4.0710	 1.0424	   1.5209	        1.5214	          0.0004	   1.7181	5.028e-04	   0.028	   260.759
 365	92	 4.0720	 1.0429	   1.5209	        1.5214	          0.0004	   1.6749	3.262e-04	   0.026	   261.368
 366	92	 4.0715	 1.0424	   1.5209	        1.5214	          0.0004	   1.6167	5.370e-04	   0.032	   261.967
 367	92	 4.0712	 1.0424	   1.5209	        1.5214	          0.0004	   1.6371	5.148e-04	   0.027	   262.558
 368	92	 4.0712	 1.0419	   1.5209	        1.5214	          0.0004	   1.6284	7.265e-04	   0.031	   263.137
 369	93	 4.0719	 1.0416	   1.5209	        1.5214	          0.0004	   1.6465	8.631e-04	   0.030	   263.742
 370	93	 4.0714	 1.0423	   1.5209	        1.5214	          0.0004	   1.6668	5.655e-04	   0.032	   264.331
 371	93	 4.0706	 1.0428	   1.5209	        1.5214	          0.0004	   1.6506	3.646e-04	   0.029	   264.909
 372	93	 4.0710	 1.0421	   1.5209	        1.5214	          0.0004	   1.6260	6.458e-04	   0.028	   265.480
 373	94	 4.0708	 1.0402	   1.5209	        1.5214	          0.0004	   1.5668	1.467e-03	   0.031	   266.053
 374	94	 4.0709	 1.0406	   1.5209	        1.5214	          0.0004	   1.6584	1.299e-03	   0.028	   266.646
 375	94	 4.0706	 1.0423	   1.5209	        1.5214	          0.0004	   1.7114	5.806e-04	   0.027	   267.258
 376	94	 4.0712	 1.0424	   1.5209	        1.5214	          0.0004	   1.6614	5.030e-04	   0.032	   267.860
 377	95	 4.0705	 1.0420	   1.5209	        1.5214	          0.0004	   1.6208	7.083e-04	   0.031	   268.430
 378	95	 4.0708	 1.0422	   1.5209	        1.5214	          0.0004	   1.6520	5.921e-04	   0.029	   269.041
 379	95	 4.0698	 1.0411	   1.5209	        1.5214	          0.0004	   1.5865	1.102e-03	   0.030	   269.616
 380	95	 4.0706	 1.0424	   1.5209	        1.5214	          0.0004	   1.7137	5.081e-04	   0.034	   270.208
 381	96	 4.0704	 1.0421	   1.5209	        1.5214	          0.0004	   1.6313	6.572e-04	   0.030	   270.786
 382	96	 4.0699	 1.0425	   1.5209	        1.5214	          0.0004	   1.6540	4.946e-04	   0.026	   271.354
 383	96	 4.0707	 1.0423	   1.5209	        1.5214	          0.0004	   1.6503	5.464e-04	   0.028	   271.928
 384	96	 4.0702	 1.0424	   1.5209	        1.5214	          0.0004	   1.6443	5.293e-04	   0.032	   272.497
 385	97	 4.0704	 1.0435	   1.5209	        1.5214	          0.0004	   1.6950	9.046e-05	   0.031	   273.066
 386	97	 4.0698	 1.0439	   1.5209	        1.5214	          0.0004	   1.6484	1.634e-04	   0.028	   273.636
 387	97	 4.0701	 1.0426	   1.5209	        1.5214	          0.0004	   1.5976	4.132e-04	   0.032	   274.207
 388	97	 4.0693	 1.0427	   1.5209	        1.5214	          0.0004	   1.6409	3.895e-04	   0.026	   274.781
 389	98	 4.0699	 1.0439	   1.5209	        1.5214	          0.0004	   1.6993	1.708e-04	   0.026	   275.358
 390	98	 4.0704	 1.0422	   1.5209	        1.5214	          0.0004	   1.5778	6.001e-04	   0.035	   275.968
 391	98	 4.0695	 1.0430	   1.5209	        1.5214	          0.0004	   1.6650	2.787e-04	   0.035	   276.581
 392	98	 4.0692	 1.0438	   1.5209	        1.5214	          0.0004	   1.6895	1.466e-04	   0.032	   277.200
 393	99	 4.0684	 1.0447	   1.5209	        1.5214	          0.0004	   1.6732	4.857e-04	   0.029	   277.808
 394	99	 4.0683	 1.0439	   1.5209	        1.5214	          0.0004	   1.6157	1.705e-04	   0.035	   278.412
 395	99	 4.0685	 1.0438	   1.5209	        1.5214	          0.0004	   1.6386	1.224e-04	   0.029	   278.999
 396	99	 4.0688	 1.0440	   1.5209	        1.5214	          0.0004	   1.6610	2.131e-04	   0.027	   279.580
 397	100	 4.0687	 1.0445	   1.5209	        1.5214	          0.0004	   1.6629	4.059e-04	   0.027	   280.182
 398	100	 4.0690	 1.0443	   1.5209	        1.5214	          0.0004	   1.6399	3.142e-04	   0.030	   280.753
 399	100	 4.0691	 1.0442	   1.5209	        1.5214	          0.0004	   1.6448	2.973e-04	   0.029	   281.323
 400	100	 4.0692	 1.0424	   1.5209	        1.5214	          0.0004	   1.5662	5.076e-04	   0.027	   281.892
 401	101	 4.0703	 1.0439	   1.5209	        1.5214	          0.0004	   1.7299	1.763e-04	   0.031	   282.461
 402	101	 4.0697	 1.0438	   1.5209	        1.5214	          0.0004	   1.6327	1.170e-04	   0.028	   283.035
 403	101	 4.0694	 1.0427	   1.5209	        1.5214	          0.0004	   1.5918	4.036e-04	   0.027	   283.604
 404	101	 4.0691	 1.0425	   1.5209	        1.5214	          0.0004	   1.6350	4.597e-04	   0.034	   284.199
 405	102	 4.0692	 1.0418	   1.5209	        1.5214	          0.0004	   1.6099	7.774e-04	   0.031	   284.775
 406	102	 4.0694	 1.0419	   1.5209	        1.5214	          0.0004	   1.6517	7.355e-04	   0.028	   285.383
 407	102	 4.0697	 1.0418	   1.5209	        1.5214	          0.0004	   1.6426	7.883e-04	   0.028	   285.958
 408	102	 4.0700	 1.0417	   1.5209	        1.5214	          0.0004	   1.6486	8.055e-04	   0.040	   286.552
 409	103	 4.0707	 1.0402	   1.5209	        1.5214	          0.0004	   1.5765	1.507e-03	   0.030	   287.124
 410	103	 4.0709	 1.0408	   1.5209	        1.5214	          0.0004	   1.6714	1.245e-03	   0.025	   287.691
 411	103	 4.0703	 1.0413	   1.5209	        1.5214	          0.0004	   1.6652	1.022e-03	   0.026	   288.265
 412	103	 4.0700	 1.0419	   1.5209	        1.5214	          0.0004	   1.6767	7.344e-04	   0.030	   288.837
 413	104	 4.0708	 1.0417	   1.5209	        1.5214	          0.0004	   1.6401	8.105e-04	   0.029	   289.411
 414	104	 4.0710	 1.0408	   1.5209	        1.5214	          0.0004	   1.6033	1.242e-03	   0.030	   289.983
 415	104	 4.0704	 1.0417	   1.5209	        1.5214	          0.0004	   1.6906	8.335e-04	   0.033	   290.550
 416	104	 4.0701	 1.0416	   1.5209	        1.5214	          0.0004	   1.6373	8.566e-04	   0.028	   291.120
 417	105	 4.0703	 1.0435	   1.5209	        1.5214	          0.0004	   1.7421	8.981e-05	   0.029	   291.694
 418	105	 4.0701	 1.0420	   1.5209	        1.5214	          0.0004	   1.5693	6.901e-04	   0.031	   292.300
 419	105	 4.0702	 1.0416	   1.5209	        1.5214	          0.0004	   1.6255	8.843e-04	   0.034	   292.913
 420	105	 4.0698	 1.0417	   1.5209	        1.5214	          0.0004	   1.6471	8.104e-04	   0.030	   293.539
 421	106	 4.0694	 1.0413	   1.5209	        1.5214	          0.0004	   1.6259	9.953e-04	   0.029	   294.150
 422	106	 4.0698	 1.0425	   1.5209	        1.5214	          0.0004	   1.7017	4.927e-04	   0.036	   294.752
 423	106	 4.0699	 1.0415	   1.5209	        1.5214	          0.0004	   1.6032	8.945e-04	   0.030	   295.369
 424	106	 4.0701	 1.0414	   1.5209	        1.5214	          0.0004	   1.6369	9.577e-04	   0.028	   296.003
 425	107	 4.0703	 1.0411	   1.5209	        1.5214	          0.0004	   1.6322	1.080e-03	   0.031	   296.633
 426	107	 4.0697	 1.0402	   1.5209	        1.5214	          0.0004	   1.6027	1.469e-03	   0.034	   297.245
 427	107	 4.0706	 1.0412	   1.5209	        1.5214	          0.0004	   1.7013	1.052e-03	   0.033	   297.871
 428	107	 4.0704	 1.0412	   1.5209	        1.5214	          0.0004	   1.6351	1.057e-03	   0.029	   298.498
 429	108	 4.0698	 1.0407	   1.5209	        1.5214	          0.0004	   1.6176	1.254e-03	   0.031	   299.093
 430	108	 4.0704	 1.0405	   1.5209	        1.5214	          0.0004	   1.6377	1.374e-03	   0.029	   299.678
 431	108	 4.0702	 1.0403	   1.5209	        1.5214	          0.0004	   1.6284	1.424e-03	   0.029	   300.247
 432	108	 4.0701	 1.0419	   1.5209	        1.5214	          0.0004	   1.7231	7.405e-04	   0.029	   300.833
 433	109	 4.0697	 1.0424	   1.5209	        1.5214	          0.0004	   1.6645	5.006e-04	   0.027	   301.412
 434	109	 4.0699	 1.0421	   1.5209	        1.5214	          0.0004	   1.6363	6.541e-04	   0.026	   302.016
 435	109	 4.0697	 1.0420	   1.5209	        1.5214	          0.0004	   1.6375	6.941e-04	   0.027	   302.599
 436	109	 4.0703	 1.0419	   1.5209	        1.5214	          0.0004	   1.6500	7.365e-04	   0.035	   303.190
 437	110	 4.0711	 1.0426	   1.5209	        1.5214	          0.0004	   1.6901	4.288e-04	   0.031	   303.770
 438	110	 4.0711	 1.0426	   1.5209	        1.5214	          0.0004	   1.6481	4.345e-04	   0.026	   304.335
 439	110	 4.0709	 1.0414	   1.5209	        1.5214	          0.0004	   1.5745	9.620e-04	   0.029	   304.907
 440	110	 4.0704	 1.0413	   1.5209	        1.5214	          0.0004	   1.6374	9.990e-04	   0.032	   305.478
 441	111	 4.0698	 1.0411	   1.5209	        1.5214	          0.0004	   1.6269	1.100e-03	   0.029	   306.049
 442	111	 4.0704	 1.0409	   1.5209	        1.5214	          0.0004	   1.6366	1.190e-03	   0.027	   306.622
 443	111	 4.0699	 1.0410	   1.5209	        1.5214	          0.0004	   1.6491	1.123e-03	   0.031	   307.193
 444	111	 4.0703	 1.0414	   1.5209	        1.5214	          0.0004	   1.6750	9.390e-04	   0.028	   307.767
 445	112	 4.0701	 1.0414	   1.5209	        1.5214	          0.0004	   1.6410	9.625e-04	   0.027	   308.336
 446	112	 4.0695	 1.0414	   1.5209	        1.5214	          0.0004	   1.6437	9.789e-04	   0.031	   308.940
 447	112	 4.0693	 1.0415	   1.5209	        1.5214	          0.0004	   1.6439	9.205e-04	   0.032	   309.547
 448	112	 4.0702	 1.0412	   1.5209	        1.5214	          0.0004	   1.6341	1.040e-03	   0.031	   310.174
 449	113	 4.0699	 1.0414	   1.5209	        1.5214	          0.0004	   1.6517	9.599e-04	   0.031	   310.784
 450	113	 4.0697	 1.0423	   1.5209	        1.5214	          0.0004	   1.6936	5.440e-04	   0.036	   311.391
 451	113	 4.0698	 1.0416	   1.5209	        1.5214	          0.0004	   1.6043	8.595e-04	   0.030	   312.016
 452	113	 4.0698	 1.0416	   1.5209	        1.5214	          0.0004	   1.6440	8.804e-04	   0.024	   312.593
 453	114	 4.0691	 1.0419	   1.5209	        1.5214	          0.0004	   1.6501	7.480e-04	   0.030	   313.165
 454	114	 4.0684	 1.0419	   1.5209	        1.5214	          0.0004	   1.6366	7.497e-04	   0.033	   313.734
 455	114	 4.0686	 1.0409	   1.5209	        1.5214	          0.0004	   1.5919	1.188e-03	   0.028	   314.304
 456	114	 4.0691	 1.0415	   1.5209	        1.5214	          0.0004	   1.6910	8.980e-04	   0.026	   314.874
 457	115	 4.0693	 1.0417	   1.5209	        1.5214	          0.0004	   1.6473	8.360e-04	   0.029	   315.445
 458	115	 4.0695	 1.0415	   1.5209	        1.5214	          0.0004	   1.6363	9.161e-04	   0.023	   315.998
 459	115	 4.0691	 1.0418	   1.5209	        1.5214	          0.0004	   1.6577	7.980e-04	   0.023	   316.526
 460	115	 4.0689	 1.0416	   1.5209	        1.5214	          0.0004	   1.6347	8.801e-04	   0.028	   317.042
 461	116	 4.0691	 1.0403	   1.5209	        1.5214	          0.0004	   1.5797	1.444e-03	   0.029	   317.543
 462	116	 4.0688	 1.0420	   1.5209	        1.5214	          0.0004	   1.7232	7.138e-04	   0.023	   318.023
 463	116	 4.0684	 1.0416	   1.5209	        1.5214	          0.0004	   1.6220	8.552e-04	   0.026	   318.491
 464	116	 4.0686	 1.0407	   1.5209	        1.5214	          0.0004	   1.6057	1.274e-03	   0.028	   318.951
 465	117	 4.0680	 1.0417	   1.5209	        1.5214	          0.0004	   1.6898	8.299e-04	   0.023	   319.403
 466	117	 4.0687	 1.0405	   1.5209	        1.5214	          0.0004	   1.5913	1.350e-03	   0.023	   319.848
 467	117	 4.0685	 1.0400	   1.5209	        1.5214	          0.0004	   1.6182	1.585e-03	   0.023	   320.293
 468	117	 4.0685	 1.0403	   1.5209	        1.5214	          0.0004	   1.6600	1.434e-03	   0.024	   320.737
 469	118	 4.0674	 1.0399	   1.5209	        1.5214	          0.0004	   1.6091	1.636e-03	   0.023	   321.183
 470	118	 4.0681	 1.0405	   1.5209	        1.5214	          0.0004	   1.6835	1.353e-03	   0.026	   321.631
 471	118	 4.0685	 1.0405	   1.5209	        1.5214	          0.0004	   1.6455	1.377e-03	   0.026	   322.075
 472	118	 4.0685	 1.0407	   1.5209	        1.5214	          0.0004	   1.6579	1.278e-03	   0.023	   322.521
 473	119	 4.0683	 1.0416	   1.5209	        1.5214	          0.0004	   1.6963	8.626e-04	   0.023	   322.966
 474	119	 4.0687	 1.0414	   1.5209	        1.5214	          0.0004	   1.6317	9.628e-04	   0.026	   323.457
 475	119	 4.0687	 1.0409	   1.5209	        1.5214	          0.0004	   1.6253	1.158e-03	   0.028	   323.963
 476	119	 4.0684	 1.0408	   1.5209	        1.5214	          0.0004	   1.6330	1.225e-03	   0.024	   324.450
 477	120	 4.0686	 1.0408	   1.5209	        1.5214	          0.0004	   1.6506	1.203e-03	   0.030	   324.926
 478	120	 4.0681	 1.0411	   1.5209	        1.5214	          0.0004	   1.6446	1.092e-03	   0.027	   325.435
 479	120	 4.0684	 1.0412	   1.5209	        1.5214	          0.0004	   1.6481	1.038e-03	   0.025	   325.925
 480	120	 4.0685	 1.0410	   1.5209	        1.5214	          0.0004	   1.6419	1.143e-03	   0.023	   326.373
 481	121	 4.0687	 1.0405	   1.5209	        1.5214	          0.0004	   1.6169	1.351e-03	   0.025	   326.833
 482	121	 4.0676	 1.0411	   1.5209	        1.5214	          0.0004	   1.6654	1.084e-03	   0.026	   327.317
 483	121	 4.0677	 1.0424	   1.5209	        1.5214	          0.0004	   1.7202	5.115e-04	   0.024	   327.778
 484	121	 4.0684	 1.0410	   1.5209	        1.5214	          0.0004	   1.5782	1.149e-03	   0.026	   328.226
 485	122	 4.0680	 1.0411	   1.5209	        1.5214	          0.0004	   1.6510	1.113e-03	   0.026	   328.670
 486	122	 4.0680	 1.0403	   1.5209	        1.5214	          0.0004	   1.6014	1.448e-03	   0.023	   329.116
 487	122	 4.0681	 1.0397	   1.5209	        1.5214	          0.0004	   1.6066	1.723e-03	   0.023	   329.561
 488	122	 4.0684	 1.0415	   1.5209	        1.5214	          0.0004	   1.7536	9.109e-04	   0.025	   330.012
 489	123	 4.0678	 1.0422	   1.5209	        1.5214	          0.0004	   1.6819	5.936e-04	   0.024	   330.494
 490	123	 4.0675	 1.0414	   1.5209	        1.5214	          0.0004	   1.5901	9.517e-04	   0.024	   330.963
 491	123	 4.0676	 1.0409	   1.5209	        1.5214	          0.0004	   1.6246	1.165e-03	   0.026	   331.411
 492	123	 4.0680	 1.0410	   1.5209	        1.5214	          0.0004	   1.6519	1.137e-03	   0.028	   331.867
 493	124	 4.0679	 1.0415	   1.5209	        1.5214	          0.0004	   1.6736	9.169e-04	   0.023	   332.323
 494	124	 4.0681	 1.0416	   1.5209	        1.5214	          0.0004	   1.6585	8.647e-04	   0.023	   332.768
 495	124	 4.0683	 1.0410	   1.5209	        1.5214	          0.0004	   1.6098	1.148e-03	   0.023	   333.213
 496	124	 4.0681	 1.0407	   1.5209	        1.5214	          0.0004	   1.6261	1.251e-03	   0.024	   333.656
 497	125	 4.0685	 1.0402	   1.5209	        1.5214	          0.0004	   1.6263	1.509e-03	   0.023	   334.103
 498	125	 4.0685	 1.0397	   1.5209	        1.5214	          0.0004	   1.6190	1.690e-03	   0.026	   334.552
 499	125	 4.0690	 1.0400	   1.5209	        1.5214	          0.0004	   1.6609	1.575e-03	   0.026	   334.995
 500	125	 4.0686	 1.0401	   1.5209	        1.5214	          0.0004	   1.6424	1.522e-03	   0.023	   335.441
 501	126	 4.0682	 1.0395	   1.5209	        1.5214	          0.0004	   1.6043	1.781e-03	   0.023	   335.886
 502	126	 4.0677	 1.0396	   1.5209	        1.5214	          0.0004	   1.6339	1.768e-03	   0.027	   336.371
 503	126	 4.0678	 1.0404	   1.5209	        1.5214	          0.0004	   1.6938	1.411e-03	   0.029	   336.874
 504	126	 4.0683	 1.0401	   1.5209	        1.5214	          0.0004	   1.6369	1.518e-03	   0.024	   337.370
 505	127	 4.0688	 1.0404	   1.5209	        1.5214	          0.0004	   1.6678	1.390e-03	   0.028	   337.846
 506	127	 4.0690	 1.0406	   1.5209	        1.5214	          0.0004	   1.6631	1.329e-03	   0.028	   338.347
 507	127	 4.0688	 1.0394	   1.5209	        1.5214	          0.0004	   1.5771	1.829e-03	   0.024	   338.815
 508	127	 4.0682	 1.0398	   1.5209	        1.5214	          0.0004	   1.6511	1.671e-03	   0.023	   339.260
 509	128	 4.0680	 1.0390	   1.5209	        1.5214	          0.0004	   1.5960	2.042e-03	   0.023	   339.705
 510	128	 4.0678	 1.0397	   1.5209	        1.5214	          0.0004	   1.6773	1.726e-03	   0.024	   340.149
 511	128	 4.0674	 1.0400	   1.5209	        1.5214	          0.0004	   1.6590	1.592e-03	   0.024	   340.596
 512	128	 4.0678	 1.0406	   1.5209	        1.5214	          0.0004	   1.6847	1.328e-03	   0.026	   341.044
 513	129	 4.0677	 1.0409	   1.5209	        1.5214	          0.0004	   1.6563	1.196e-03	   0.026	   341.488
 514	129	 4.0676	 1.0401	   1.5209	        1.5214	          0.0004	   1.6043	1.518e-03	   0.023	   341.934
 515	129	 4.0676	 1.0405	   1.5209	        1.5214	          0.0004	   1.6644	1.366e-03	   0.023	   342.379
 516	129	 4.0684	 1.0411	   1.5209	        1.5214	          0.0004	   1.6923	1.109e-03	   0.025	   342.826
 517	130	 4.0681	 1.0422	   1.5209	        1.5214	          0.0004	   1.7051	6.259e-04	   0.025	   343.311
 518	130	 4.0683	 1.0418	   1.5209	        1.5214	          0.0004	   1.6282	8.025e-04	   0.026	   343.779
 519	130	 4.0683	 1.0414	   1.5209	        1.5214	          0.0004	   1.6242	9.682e-04	   0.026	   344.228
 520	130	 4.0688	 1.0409	   1.5209	        1.5214	          0.0004	   1.6229	1.183e-03	   0.028	   344.681
 521	131	 4.0689	 1.0407	   1.5209	        1.5214	          0.0004	   1.6332	1.262e-03	   0.023	   345.140
 522	131	 4.0684	 1.0406	   1.5209	        1.5214	          0.0004	   1.6329	1.292e-03	   0.023	   345.585
 523	131	 4.0683	 1.0409	   1.5209	        1.5214	          0.0004	   1.6619	1.165e-03	   0.023	   346.030
 524	131	 4.0687	 1.0407	   1.5209	        1.5214	          0.0004	   1.6385	1.257e-03	   0.024	   346.474
 525	132	 4.0685	 1.0412	   1.5209	        1.5214	          0.0004	   1.6658	1.030e-03	   0.024	   346.920
 526	132	 4.0684	 1.0416	   1.5209	        1.5214	          0.0004	   1.6707	8.533e-04	   0.026	   347.369
 527	132	 4.0688	 1.0411	   1.5209	        1.5214	          0.0004	   1.6117	1.096e-03	   0.026	   347.813
 528	132	 4.0691	 1.0406	   1.5209	        1.5214	          0.0004	   1.6195	1.329e-03	   0.023	   348.259
 529	133	 4.0693	 1.0401	   1.5209	        1.5214	          0.0004	   1.6160	1.546e-03	   0.023	   348.703
 530	133	 4.0688	 1.0402	   1.5209	        1.5214	          0.0004	   1.6420	1.490e-03	   0.028	   349.181
 531	133	 4.0693	 1.0408	   1.5209	        1.5214	          0.0004	   1.6969	1.228e-03	   0.031	   349.723
 532	133	 4.0690	 1.0408	   1.5209	        1.5214	          0.0004	   1.6400	1.236e-03	   0.030	   350.298
 533	134	 4.0693	 1.0407	   1.5209	        1.5214	          0.0004	   1.6450	1.273e-03	   0.028	   350.829
 534	134	 4.0691	 1.0397	   1.5209	        1.5214	          0.0004	   1.5892	1.690e-03	   0.029	   351.344
 535	134	 4.0686	 1.0405	   1.5209	        1.5214	          0.0004	   1.6787	1.341e-03	   0.027	   351.855
 536	134	 4.0693	 1.0405	   1.5209	        1.5214	          0.0004	   1.6527	1.365e-03	   0.024	   352.330
 537	135	 4.0691	 1.0399	   1.5209	        1.5214	          0.0004	   1.6052	1.616e-03	   0.023	   352.791
 538	135	 4.0694	 1.0400	   1.5209	        1.5214	          0.0004	   1.6508	1.591e-03	   0.024	   353.234
 539	135	 4.0692	 1.0400	   1.5209	        1.5214	          0.0004	   1.6428	1.595e-03	   0.023	   353.681
 540	135	 4.0694	 1.0401	   1.5209	        1.5214	          0.0004	   1.6614	1.519e-03	   0.026	   354.130
 541	136	 4.0692	 1.0416	   1.5209	        1.5214	          0.0004	   1.7266	8.859e-04	   0.026	   354.574
 542	136	 4.0692	 1.0403	   1.5209	        1.5214	          0.0004	   1.5631	1.453e-03	   0.023	   355.019
 543	136	 4.0695	 1.0402	   1.5209	        1.5214	          0.0004	   1.6413	1.482e-03	   0.023	   355.464
 544	136	 4.0695	 1.0408	   1.5209	        1.5214	          0.0004	   1.6822	1.235e-03	   0.023	   355.909
 545	137	 4.0695	 1.0407	   1.5209	        1.5214	          0.0004	   1.6434	1.248e-03	   0.026	   356.394
 546	137	 4.0694	 1.0408	   1.5209	        1.5214	          0.0004	   1.6522	1.244e-03	   0.025	   356.860
 547	137	 4.0694	 1.0412	   1.5209	        1.5214	          0.0004	   1.6725	1.055e-03	   0.026	   357.314
 548	137	 4.0696	 1.0411	   1.5209	        1.5214	          0.0004	   1.6375	1.083e-03	   0.028	   357.762
 549	138	 4.0691	 1.0402	   1.5209	        1.5214	          0.0004	   1.5804	1.507e-03	   0.022	   358.226
 550	138	 4.0692	 1.0405	   1.5209	        1.5214	          0.0004	   1.6684	1.346e-03	   0.023	   358.671
 551	138	 4.0697	 1.0413	   1.5209	        1.5214	          0.0004	   1.6984	9.972e-04	   0.023	   359.116
 552	138	 4.0695	 1.0416	   1.5209	        1.5214	          0.0004	   1.6538	8.766e-04	   0.024	   359.559
 553	139	 4.0694	 1.0418	   1.5209	        1.5214	          0.0004	   1.6480	8.047e-04	   0.023	   360.006
 554	139	 4.0699	 1.0419	   1.5209	        1.5214	          0.0004	   1.6627	7.394e-04	   0.026	   360.455
 555	139	 4.0700	 1.0421	   1.5209	        1.5214	          0.0004	   1.6585	6.678e-04	   0.026	   360.899
 556	139	 4.0697	 1.0419	   1.5209	        1.5214	          0.0004	   1.6354	7.494e-04	   0.023	   361.345
 557	140	 4.0693	 1.0429	   1.5209	        1.5214	          0.0004	   1.7015	3.188e-04	   0.023	   361.789
 558	140	 4.0695	 1.0423	   1.5209	        1.5214	          0.0004	   1.6215	5.543e-04	   0.027	   362.260
 559	140	 4.0693	 1.0412	   1.5209	        1.5214	          0.0004	   1.5619	1.057e-03	   0.030	   362.758
 560	140	 4.0696	 1.0414	   1.5209	        1.5214	          0.0004	   1.6627	9.492e-04	   0.025	   363.300
 561	141	 4.0694	 1.0409	   1.5209	        1.5214	          0.0004	   1.6095	1.158e-03	   0.025	   363.768
 562	141	 4.0694	 1.0416	   1.5209	        1.5214	          0.0004	   1.6875	8.659e-04	   0.026	   364.208
 563	141	 4.0693	 1.0415	   1.5209	        1.5214	          0.0004	   1.6358	9.334e-04	   0.024	   364.662
 564	141	 4.0694	 1.0414	   1.5209	        1.5214	          0.0004	   1.6391	9.428e-04	   0.022	   365.083
 565	142	 4.0698	 1.0422	   1.5209	        1.5214	          0.0004	   1.7063	6.010e-04	   0.020	   365.498
 566	142	 4.0700	 1.0419	   1.5209	        1.5214	          0.0004	   1.6219	7.600e-04	   0.023	   365.911
 567	142	 4.0703	 1.0417	   1.5209	        1.5214	          0.0004	   1.6391	8.389e-04	   0.022	   366.327
 568	142	 4.0697	 1.0416	   1.5209	        1.5214	          0.0004	   1.6268	8.642e-04	   0.023	   366.743
 569	143	 4.0694	 1.0413	   1.5209	        1.5214	          0.0004	   1.6203	1.015e-03	   0.025	   367.158
 570	143	 4.0695	 1.0417	   1.5209	        1.5214	          0.0004	   1.6753	8.081e-04	   0.021	   367.574
 571	143	 4.0697	 1.0424	   1.5209	        1.5214	          0.0004	   1.6911	4.989e-04	   0.022	   367.988
 572	143	 4.0693	 1.0421	   1.5209	        1.5214	          0.0004	   1.6180	6.370e-04	   0.020	   368.403
 573	144	 4.0693	 1.0434	   1.5209	        1.5214	          0.0004	   1.7269	1.187e-04	   0.023	   368.860
 574	144	 4.0694	 1.0439	   1.5209	        1.5214	          0.0004	   1.6786	1.679e-04	   0.024	   369.288
 575	144	 4.0691	 1.0432	   1.5209	        1.5214	          0.0004	   1.5947	1.976e-04	   0.023	   369.714
 576	144	 4.0689	 1.0429	   1.5209	        1.5214	          0.0004	   1.6261	3.068e-04	   0.025	   370.129
 577	145	 4.0687	 1.0429	   1.5209	        1.5214	          0.0004	   1.6448	3.003e-04	   0.021	   370.566
 578	145	 4.0686	 1.0428	   1.5209	        1.5214	          0.0004	   1.6417	3.422e-04	   0.022	   370.981
 579	145	 4.0685	 1.0436	   1.5209	        1.5214	          0.0004	   1.6950	8.109e-05	   0.020	   371.396
 580	145	 4.0688	 1.0429	   1.5209	        1.5214	          0.0004	   1.5999	3.125e-04	   0.023	   371.808
 581	146	 4.0685	 1.0426	   1.5209	        1.5214	          0.0004	   1.6296	4.140e-04	   0.022	   372.225
 582	146	 4.0690	 1.0423	   1.5209	        1.5214	          0.0004	   1.6256	5.803e-04	   0.023	   372.641
 583	146	 4.0689	 1.0426	   1.5209	        1.5214	          0.0004	   1.6623	4.542e-04	   0.025	   373.055
 584	146	 4.0688	 1.0428	   1.5209	        1.5214	          0.0004	   1.6603	3.573e-04	   0.021	   373.471
 585	147	 4.0690	 1.0430	   1.5209	        1.5214	          0.0004	   1.6655	2.831e-04	   0.022	   373.886
 586	147	 4.0690	 1.0427	   1.5209	        1.5214	          0.0004	   1.6265	3.902e-04	   0.026	   374.345
 587	147	 4.0690	 1.0424	   1.5209	        1.5214	          0.0004	   1.6244	5.240e-04	   0.023	   374.836
 588	147	 4.0691	 1.0425	   1.5209	        1.5214	          0.0004	   1.6518	4.964e-04	   0.029	   375.342
 589	148	 4.0695	 1.0426	   1.5209	        1.5214	          0.0004	   1.6589	4.425e-04	   0.026	   375.825
 590	148	 4.0693	 1.0419	   1.5209	        1.5214	          0.0004	   1.5925	7.388e-04	   0.025	   376.286
 591	148	 4.0693	 1.0425	   1.5209	        1.5214	          0.0004	   1.6876	4.749e-04	   0.023	   376.724
 592	148	 4.0689	 1.0422	   1.5209	        1.5214	          0.0004	   1.6197	6.167e-04	   0.022	   377.149
 593	149	 4.0688	 1.0412	   1.5209	        1.5214	          0.0004	   1.5760	1.036e-03	   0.020	   377.563
 594	149	 4.0683	 1.0417	   1.5209	        1.5214	          0.0004	   1.6689	8.460e-04	   0.023	   377.976
 595	149	 4.0684	 1.0417	   1.5209	        1.5214	          0.0004	   1.6536	8.193e-04	   0.022	   378.393
 596	149	 4.0688	 1.0419	   1.5209	        1.5214	          0.0004	   1.6673	7.286e-04	   0.023	   378.809
 597	150	 4.0687	 1.0428	   1.5209	        1.5214	          0.0004	   1.7087	3.644e-04	   0.025	   379.224
 598	150	 4.0687	 1.0418	   1.5209	        1.5214	          0.0004	   1.5710	7.836e-04	   0.021	   379.639
 599	150	 4.0690	 1.0413	   1.5209	        1.5214	          0.0004	   1.6227	9.929e-04	   0.022	   380.054
 600	150	 4.0690	 1.0417	   1.5209	        1.5214	          0.0004	   1.6699	8.087e-04	   0.020	   380.469
 601	151	 4.0688	 1.0417	   1.5209	        1.5214	          0.0004	   1.6355	8.229e-04	   0.022	   380.925
 602	151	 4.0686	 1.0419	   1.5209	        1.5214	          0.0004	   1.6530	7.430e-04	   0.024	   381.350
 603	151	 4.0687	 1.0422	   1.5209	        1.5214	          0.0004	   1.6686	6.075e-04	   0.023	   381.780
 604	151	 4.0691	 1.0421	   1.5209	        1.5214	          0.0004	   1.6535	6.499e-04	   0.025	   382.195
 605	152	 4.0691	 1.0410	   1.5209	        1.5214	          0.0004	   1.5704	1.120e-03	   0.021	   382.632
 606	152	 4.0691	 1.0399	   1.5209	        1.5214	          0.0004	   1.5729	1.625e-03	   0.022	   383.047
 607	152	 4.0692	 1.0402	   1.5209	        1.5214	          0.0004	   1.6646	1.505e-03	   0.020	   383.462
 608	152	 4.0692	 1.0413	   1.5209	        1.5214	          0.0004	   1.7221	9.918e-04	   0.023	   383.874
 609	153	 4.0696	 1.0419	   1.5209	        1.5214	          0.0004	   1.6956	7.191e-04	   0.022	   384.291
 610	153	 4.0698	 1.0420	   1.5209	        1.5214	          0.0004	   1.6599	6.992e-04	   0.023	   384.707
 611	153	 4.0693	 1.0414	   1.5209	        1.5214	          0.0004	   1.5917	9.565e-04	   0.025	   385.121
 612	153	 4.0690	 1.0424	   1.5209	        1.5214	          0.0004	   1.7050	5.327e-04	   0.021	   385.537
 613	154	 4.0689	 1.0421	   1.5209	        1.5214	          0.0004	   1.6210	6.721e-04	   0.022	   385.951
 614	154	 4.0692	 1.0423	   1.5209	        1.5214	          0.0004	   1.6753	5.437e-04	   0.026	   386.407
 615	154	 4.0695	 1.0432	   1.5209	        1.5214	          0.0004	   1.7035	1.936e-04	   0.024	   386.896
 616	154	 4.0692	 1.0426	   1.5209	        1.5214	          0.0004	   1.5979	4.418e-04	   0.023	   387.370
 617	155	 4.0693	 1.0432	   1.5209	        1.5214	          0.0004	   1.7012	1.654e-04	   0.025	   387.810
 618	155	 4.0684	 1.0423	   1.5209	        1.5214	          0.0004	   1.5586	5.562e-04	   0.027	   388.248
 619	155	 4.0681	 1.0426	   1.5209	        1.5214	          0.0004	   1.6602	4.230e-04	   0.021	   388.683
 620	155	 4.0684	 1.0427	   1.5209	        1.5214	          0.0004	   1.6589	3.862e-04	   0.022	   389.112
 621	156	 4.0688	 1.0425	   1.5209	        1.5214	          0.0004	   1.6349	4.574e-04	   0.020	   389.527
 622	156	 4.0688	 1.0428	   1.5209	        1.5214	          0.0004	   1.6681	3.466e-04	   0.023	   389.939
 623	156	 4.0689	 1.0434	   1.5209	        1.5214	          0.0004	   1.6825	1.258e-04	   0.022	   390.356
 624	156	 4.0692	 1.0426	   1.5209	        1.5214	          0.0004	   1.6000	4.216e-04	   0.023	   390.772
 625	157	 4.0694	 1.0430	   1.5209	        1.5214	          0.0004	   1.6833	2.736e-04	   0.025	   391.187
 626	157	 4.0689	 1.0428	   1.5209	        1.5214	          0.0004	   1.6222	3.503e-04	   0.021	   391.602
 627	157	 4.0684	 1.0431	   1.5209	        1.5214	          0.0004	   1.6511	2.335e-04	   0.022	   392.016
 628	157	 4.0685	 1.0422	   1.5209	        1.5214	          0.0004	   1.5806	5.932e-04	   0.020	   392.431
 629	158	 4.0681	 1.0424	   1.5209	        1.5214	          0.0004	   1.6488	5.268e-04	   0.024	   392.887
 630	158	 4.0681	 1.0412	   1.5209	        1.5214	          0.0004	   1.5572	1.036e-03	   0.024	   393.308
 631	158	 4.0688	 1.0415	   1.5209	        1.5214	          0.0004	   1.6832	9.102e-04	   0.023	   393.742
 632	158	 4.0686	 1.0421	   1.5209	        1.5214	          0.0004	   1.6885	6.301e-04	   0.025	   394.157
 633	159	 4.0689	 1.0434	   1.5209	        1.5214	          0.0004	   1.7389	1.079e-04	   0.021	   394.595
 634	159	 4.0680	 1.0425	   1.5209	        1.5214	          0.0004	   1.5647	4.864e-04	   0.022	   395.009
 635	159	 4.0681	 1.0428	   1.5209	        1.5214	          0.0004	   1.6735	3.588e-04	   0.020	   395.424
 636	159	 4.0683	 1.0425	   1.5209	        1.5214	          0.0004	   1.6284	4.906e-04	   0.025	   395.847
 637	160	 4.0679	 1.0420	   1.5209	        1.5214	          0.0004	   1.6028	7.110e-04	   0.024	   396.305
 638	160	 4.0685	 1.0423	   1.5209	        1.5214	          0.0004	   1.6777	5.796e-04	   0.025	   396.762
 639	160	 4.0686	 1.0430	   1.5209	        1.5214	          0.0004	   1.6972	2.660e-04	   0.027	   397.214
 640	160	 4.0684	 1.0424	   1.5209	        1.5214	          0.0004	   1.5982	5.143e-04	   0.021	   397.651
 641	161	 4.0686	 1.0427	   1.5209	        1.5214	          0.0004	   1.6700	3.980e-04	   0.026	   398.119
 642	161	 4.0687	 1.0422	   1.5209	        1.5214	          0.0004	   1.6151	5.919e-04	   0.026	   398.620
 643	161	 4.0689	 1.0428	   1.5209	        1.5214	          0.0004	   1.6912	3.504e-04	   0.026	   399.136
 644	161	 4.0685	 1.0421	   1.5209	        1.5214	          0.0004	   1.5812	6.709e-04	   0.025	   399.631
 645	162	 4.0686	 1.0424	   1.5209	        1.5214	          0.0004	   1.6674	5.362e-04	   0.025	   400.069
 646	162	 4.0679	 1.0415	   1.5209	        1.5214	          0.0004	   1.5740	9.314e-04	   0.025	   400.507
 647	162	 4.0681	 1.0427	   1.5209	        1.5214	          0.0004	   1.7311	4.101e-04	   0.021	   400.946
 648	162	 4.0682	 1.0428	   1.5209	        1.5214	          0.0004	   1.6582	3.675e-04	   0.022	   401.375
 649	163	 4.0682	 1.0428	   1.5209	        1.5214	          0.0004	   1.6444	3.540e-04	   0.020	   401.790
 650	163	 4.0681	 1.0426	   1.5209	        1.5214	          0.0004	   1.6378	4.175e-04	   0.023	   402.202
 651	163	 4.0681	 1.0429	   1.5209	        1.5214	          0.0004	   1.6614	2.892e-04	   0.022	   402.619
 652	163	 4.0680	 1.0432	   1.5209	        1.5214	          0.0004	   1.6685	1.897e-04	   0.023	   403.035
 653	164	 4.0680	 1.0428	   1.5209	        1.5214	          0.0004	   1.6211	3.622e-04	   0.025	   403.449
 654	164	 4.0681	 1.0434	   1.5209	        1.5214	          0.0004	   1.6911	1.254e-04	   0.021	   403.865
 655	164	 4.0683	 1.0440	   1.5209	        1.5214	          0.0004	   1.6951	2.228e-04	   0.022	   404.279
 656	164	 4.0682	 1.0435	   1.5209	        1.5214	          0.0004	   1.6050	8.163e-05	   0.020	   404.694
 657	165	 4.0690	 1.0431	   1.5209	        1.5214	          0.0004	   1.6197	2.330e-04	   0.026	   405.147
 658	165	 4.0685	 1.0426	   1.5209	        1.5214	          0.0004	   1.6065	4.122e-04	   0.022	   405.567
 659	165	 4.0688	 1.0432	   1.5209	        1.5214	          0.0004	   1.7017	1.802e-04	   0.023	   406.005
 660	165	 4.0685	 1.0432	   1.5209	        1.5214	          0.0004	   1.6340	1.941e-04	   0.025	   406.420
 661	166	 4.0686	 1.0444	   1.5209	        1.5214	          0.0004	   1.7404	3.707e-04	   0.021	   406.858
 662	166	 4.0683	 1.0442	   1.5209	        1.5214	          0.0004	   1.6212	2.967e-04	   0.022	   407.272
 663	166	 4.0686	 1.0436	   1.5209	        1.5214	          0.0004	   1.6134	8.414e-05	   0.020	   407.687
 664	166	 4.0686	 1.0436	   1.5209	        1.5214	          0.0004	   1.6450	8.444e-05	   0.023	   408.099
 665	167	 4.0687	 1.0442	   1.5209	        1.5214	          0.0004	   1.6879	3.001e-04	   0.022	   408.516
 666	167	 4.0684	 1.0446	   1.5209	        1.5214	          0.0004	   1.6618	4.598e-04	   0.023	   408.932
 667	167	 4.0684	 1.0441	   1.5209	        1.5214	          0.0004	   1.6128	2.458e-04	   0.025	   409.347
 668	167	 4.0685	 1.0434	   1.5209	        1.5214	          0.0004	   1.5999	1.037e-04	   0.022	   409.763
 669	168	 4.0682	 1.0432	   1.5209	        1.5214	          0.0004	   1.6243	1.823e-04	   0.023	   410.209
 670	168	 4.0682	 1.0433	   1.5209	        1.5214	          0.0004	   1.6551	1.377e-04	   0.025	   410.642
 671	168	 4.0684	 1.0436	   1.5209	        1.5214	          0.0004	   1.6762	8.546e-05	   0.026	   411.116
 672	168	 4.0684	 1.0430	   1.5209	        1.5214	          0.0004	   1.5959	2.512e-04	   0.023	   411.590
 673	169	 4.0685	 1.0429	   1.5209	        1.5214	          0.0004	   1.6407	3.046e-04	   0.025	   412.028
 674	169	 4.0689	 1.0427	   1.5209	        1.5214	          0.0004	   1.6243	3.817e-04	   0.027	   412.467
 675	169	 4.0688	 1.0426	   1.5209	        1.5214	          0.0004	   1.6354	4.520e-04	   0.022	   412.908
 676	169	 4.0686	 1.0432	   1.5209	        1.5214	          0.0004	   1.6955	1.821e-04	   0.022	   413.337
 677	170	 4.0686	 1.0425	   1.5209	        1.5214	          0.0004	   1.5878	4.936e-04	   0.020	   413.752
 678	170	 4.0684	 1.0431	   1.5209	        1.5214	          0.0004	   1.6924	2.243e-04	   0.023	   414.165
 679	170	 4.0685	 1.0420	   1.5209	        1.5214	          0.0004	   1.5664	6.772e-04	   0.022	   414.582
 680	170	 4.0685	 1.0429	   1.5209	        1.5214	          0.0004	   1.7074	3.227e-04	   0.023	   414.998
 681	171	 4.0682	 1.0428	   1.5209	        1.5214	          0.0004	   1.6360	3.403e-04	   0.025	   415.412
 682	171	 4.0686	 1.0425	   1.5209	        1.5214	          0.0004	   1.6280	4.887e-04	   0.022	   415.828
 683	171	 4.0681	 1.0422	   1.5209	        1.5214	          0.0004	   1.6196	5.884e-04	   0.022	   416.243
 684	171	 4.0681	 1.0432	   1.5209	        1.5214	          0.0004	   1.7249	1.655e-04	   0.020	   416.657
 685	172	 4.0681	 1.0432	   1.5209	        1.5214	          0.0004	   1.6456	1.755e-04	   0.025	   417.101
 686	172	 4.0684	 1.0436	   1.5209	        1.5214	          0.0004	   1.6718	8.118e-05	   0.022	   417.531
 687	172	 4.0683	 1.0427	   1.5209	        1.5214	          0.0004	   1.5771	3.714e-04	   0.023	   417.969
 688	172	 4.0682	 1.0427	   1.5209	        1.5214	          0.0004	   1.6493	3.781e-04	   0.025	   418.384
 689	173	 4.0683	 1.0420	   1.5209	        1.5214	          0.0004	   1.5969	6.757e-04	   0.022	   418.822
 690	173	 4.0683	 1.0427	   1.5209	        1.5214	          0.0004	   1.6946	4.029e-04	   0.022	   419.236
 691	173	 4.0682	 1.0424	   1.5209	        1.5214	          0.0004	   1.6228	5.252e-04	   0.020	   419.651
 692	173	 4.0684	 1.0420	   1.5209	        1.5214	          0.0004	   1.6133	6.869e-04	   0.023	   420.063
 693	174	 4.0683	 1.0425	   1.5209	        1.5214	          0.0004	   1.6874	4.585e-04	   0.022	   420.480
 694	174	 4.0686	 1.0424	   1.5209	        1.5214	          0.0004	   1.6405	5.396e-04	   0.023	   420.896
 695	174	 4.0682	 1.0426	   1.5209	        1.5214	          0.0004	   1.6538	4.373e-04	   0.027	   421.321
 696	174	 4.0680	 1.0422	   1.5209	        1.5214	          0.0004	   1.6073	6.204e-04	   0.024	   421.805
 697	175	 4.0680	 1.0424	   1.5209	        1.5214	          0.0004	   1.6630	5.360e-04	   0.024	   422.278
 698	175	 4.0680	 1.0435	   1.5209	        1.5214	          0.0004	   1.7407	9.391e-05	   0.022	   422.698
 699	175	 4.0684	 1.0428	   1.5209	        1.5214	          0.0004	   1.5980	3.299e-04	   0.024	   423.175
 700	175	 4.0680	 1.0421	   1.5209	        1.5214	          0.0004	   1.5707	6.690e-04	   0.025	   423.654
 701	176	 4.0683	 1.0421	   1.5209	        1.5214	          0.0004	   1.6529	6.730e-04	   0.023	   424.090
 702	176	 4.0681	 1.0420	   1.5209	        1.5214	          0.0004	   1.6346	6.953e-04	   0.027	   424.529
 703	176	 4.0680	 1.0424	   1.5209	        1.5214	          0.0004	   1.6764	5.272e-04	   0.022	   424.974
 704	176	 4.0674	 1.0418	   1.5209	        1.5214	          0.0004	   1.5778	7.957e-04	   0.022	   425.404
 705	177	 4.0676	 1.0417	   1.5209	        1.5214	          0.0004	   1.6491	8.205e-04	   0.020	   425.819
 706	177	 4.0673	 1.0424	   1.5209	        1.5214	          0.0004	   1.6884	5.420e-04	   0.023	   426.231
 707	177	 4.0672	 1.0424	   1.5209	        1.5214	          0.0004	   1.6503	5.001e-04	   0.022	   426.648
 708	177	 4.0673	 1.0420	   1.5209	        1.5214	          0.0004	   1.6037	7.108e-04	   0.023	   427.064
 709	178	 4.0678	 1.0413	   1.5209	        1.5214	          0.0004	   1.6002	1.020e-03	   0.025	   427.479
 710	178	 4.0676	 1.0416	   1.5209	        1.5214	          0.0004	   1.6608	8.682e-04	   0.021	   427.894
 711	178	 4.0678	 1.0412	   1.5209	        1.5214	          0.0004	   1.6187	1.054e-03	   0.022	   428.309
 712	178	 4.0673	 1.0414	   1.5209	        1.5214	          0.0004	   1.6533	9.579e-04	   0.020	   428.724
 713	179	 4.0677	 1.0414	   1.5209	        1.5214	          0.0004	   1.6574	9.501e-04	   0.027	   429.159
 714	179	 4.0673	 1.0417	   1.5209	        1.5214	          0.0004	   1.6608	8.407e-04	   0.022	   429.597
 715	179	 4.0676	 1.0419	   1.5209	        1.5214	          0.0004	   1.6658	7.483e-04	   0.023	   430.035
 716	179	 4.0677	 1.0415	   1.5209	        1.5214	          0.0004	   1.6099	9.032e-04	   0.025	   430.449
 717	180	 4.0678	 1.0416	   1.5209	        1.5214	          0.0004	   1.6558	8.566e-04	   0.024	   430.886
 718	180	 4.0678	 1.0418	   1.5209	        1.5214	          0.0004	   1.6616	7.784e-04	   0.022	   431.302
 719	180	 4.0680	 1.0418	   1.5209	        1.5214	          0.0004	   1.6442	7.951e-04	   0.020	   431.717
 720	180	 4.0677	 1.0418	   1.5209	        1.5214	          0.0004	   1.6400	7.997e-04	   0.023	   432.129
 721	181	 4.0671	 1.0422	   1.5209	        1.5214	          0.0004	   1.6697	6.257e-04	   0.022	   432.546
 722	181	 4.0669	 1.0425	   1.5209	        1.5214	          0.0004	   1.6632	4.904e-04	   0.023	   432.962
 723	181	 4.0672	 1.0419	   1.5209	        1.5214	          0.0004	   1.6073	7.287e-04	   0.027	   433.389
 724	181	 4.0676	 1.0417	   1.5209	        1.5214	          0.0004	   1.6376	8.244e-04	   0.022	   433.830
 725	182	 4.0676	 1.0416	   1.5209	        1.5214	          0.0004	   1.6289	8.837e-04	   0.022	   434.244
 726	182	 4.0678	 1.0415	   1.5209	        1.5214	          0.0004	   1.6529	9.217e-04	   0.020	   434.659
 727	182	 4.0676	 1.0420	   1.5209	        1.5214	          0.0004	   1.6839	6.754e-04	   0.027	   435.133
 728	182	 4.0674	 1.0419	   1.5209	        1.5214	          0.0004	   1.6306	7.334e-04	   0.025	   435.612
 729	183	 4.0677	 1.0426	   1.5209	        1.5214	          0.0004	   1.7121	4.455e-04	   0.023	   436.053
 730	183	 4.0677	 1.0424	   1.5209	        1.5214	          0.0004	   1.6309	5.246e-04	   0.027	   436.489
 731	183	 4.0675	 1.0423	   1.5209	        1.5214	          0.0004	   1.6283	5.756e-04	   0.024	   436.936
 732	183	 4.0675	 1.0421	   1.5209	        1.5214	          0.0004	   1.6254	6.598e-04	   0.022	   437.367
 733	184	 4.0674	 1.0415	   1.5209	        1.5214	          0.0004	   1.6013	9.042e-04	   0.020	   437.782
 734	184	 4.0676	 1.0417	   1.5209	        1.5214	          0.0004	   1.6576	8.462e-04	   0.023	   438.194
 735	184	 4.0677	 1.0414	   1.5209	        1.5214	          0.0004	   1.6266	9.518e-04	   0.022	   438.611
 736	184	 4.0675	 1.0423	   1.5209	        1.5214	          0.0004	   1.7075	5.760e-04	   0.023	   439.027
 737	185	 4.0674	 1.0415	   1.5209	        1.5214	          0.0004	   1.5834	9.087e-04	   0.025	   439.442
 738	185	 4.0675	 1.0417	   1.5209	        1.5214	          0.0004	   1.6582	8.325e-04	   0.021	   439.857
 739	185	 4.0677	 1.0420	   1.5209	        1.5214	          0.0004	   1.6721	7.080e-04	   0.022	   440.271
 740	185	 4.0677	 1.0420	   1.5209	        1.5214	          0.0004	   1.6463	6.994e-04	   0.020	   440.686
 741	186	 4.0673	 1.0419	   1.5209	        1.5214	          0.0004	   1.6332	7.552e-04	   0.027	   441.113
 742	186	 4.0669	 1.0415	   1.5209	        1.5214	          0.0004	   1.6030	8.976e-04	   0.022	   441.560
 743	186	 4.0672	 1.0410	   1.5209	        1.5214	          0.0004	   1.6063	1.130e-03	   0.025	   442.004
 744	186	 4.0672	 1.0422	   1.5209	        1.5214	          0.0004	   1.7460	6.225e-04	   0.027	   442.460
 745	187	 4.0675	 1.0425	   1.5209	        1.5214	          0.0004	   1.6787	4.643e-04	   0.026	   442.933
 746	187	 4.0674	 1.0429	   1.5209	        1.5214	          0.0004	   1.6783	2.883e-04	   0.022	   443.392
 747	187	 4.0671	 1.0424	   1.5209	        1.5214	          0.0004	   1.5986	5.330e-04	   0.020	   443.813
 748	187	 4.0672	 1.0425	   1.5209	        1.5214	          0.0004	   1.6533	4.805e-04	   0.023	   444.226
 749	188	 4.0677	 1.0419	   1.5209	        1.5214	          0.0004	   1.6012	7.360e-04	   0.024	   444.679
 750	188	 4.0675	 1.0424	   1.5209	        1.5214	          0.0004	   1.6853	5.290e-04	   0.027	   445.163
 751	188	 4.0675	 1.0419	   1.5209	        1.5214	          0.0004	   1.6032	7.518e-04	   0.027	   445.623
 752	188	 4.0673	 1.0422	   1.5209	        1.5214	          0.0004	   1.6639	6.248e-04	   0.022	   446.061
 753	189	 4.0670	 1.0426	   1.5209	        1.5214	          0.0004	   1.6889	4.193e-04	   0.022	   446.475
 754	189	 4.0668	 1.0429	   1.5209	        1.5214	          0.0004	   1.6659	2.847e-04	   0.020	   446.890
 755	189	 4.0667	 1.0431	   1.5209	        1.5214	          0.0004	   1.6509	2.364e-04	   0.024	   447.358
 756	189	 4.0671	 1.0423	   1.5209	        1.5214	          0.0004	   1.5790	5.676e-04	   0.029	   447.835
 757	190	 4.0671	 1.0426	   1.5209	        1.5214	          0.0004	   1.6648	4.392e-04	   0.023	   448.284
 758	190	 4.0673	 1.0424	   1.5209	        1.5214	          0.0004	   1.6372	5.008e-04	   0.027	   448.716
 759	190	 4.0676	 1.0424	   1.5209	        1.5214	          0.0004	   1.6457	5.232e-04	   0.022	   449.163
 760	190	 4.0673	 1.0422	   1.5209	        1.5214	          0.0004	   1.6239	6.243e-04	   0.022	   449.598
 761	191	 4.0673	 1.0422	   1.5209	        1.5214	          0.0004	   1.6466	6.192e-04	   0.020	   450.013
 762	191	 4.0672	 1.0421	   1.5209	        1.5214	          0.0004	   1.6315	6.630e-04	   0.023	   450.426
 763	191	 4.0673	 1.0419	   1.5209	        1.5214	          0.0004	   1.6310	7.456e-04	   0.022	   450.842
 764	191	 4.0672	 1.0417	   1.5209	        1.5214	          0.0004	   1.6290	8.220e-04	   0.023	   451.259
 765	192	 4.0668	 1.0418	   1.5209	        1.5214	          0.0004	   1.6449	7.792e-04	   0.025	   451.673
 766	192	 4.0668	 1.0413	   1.5209	        1.5214	          0.0004	   1.5944	9.959e-04	   0.021	   452.089
 767	192	 4.0673	 1.0411	   1.5209	        1.5214	          0.0004	   1.6399	1.093e-03	   0.022	   452.503
 768	192	 4.0671	 1.0417	   1.5209	        1.5214	          0.0004	   1.6874	8.303e-04	   0.020	   452.918
 769	193	 4.0667	 1.0416	   1.5209	        1.5214	          0.0004	   1.6330	8.552e-04	   0.027	   453.337
 770	193	 4.0664	 1.0418	   1.5209	        1.5214	          0.0004	   1.6567	7.691e-04	   0.022	   453.792
 771	193	 4.0668	 1.0413	   1.5209	        1.5214	          0.0004	   1.6073	9.921e-04	   0.023	   454.230
 772	193	 4.0671	 1.0416	   1.5209	        1.5214	          0.0004	   1.6785	8.515e-04	   0.025	   454.644
 773	194	 4.0677	 1.0412	   1.5209	        1.5214	          0.0004	   1.6230	1.026e-03	   0.023	   455.072
 774	194	 4.0671	 1.0415	   1.5209	        1.5214	          0.0004	   1.6482	9.076e-04	   0.022	   455.496
 775	194	 4.0674	 1.0415	   1.5209	        1.5214	          0.0004	   1.6462	9.371e-04	   0.020	   455.911
 776	194	 4.0672	 1.0417	   1.5209	        1.5214	          0.0004	   1.6673	8.371e-04	   0.023	   456.324
 777	195	 4.0669	 1.0422	   1.5209	        1.5214	          0.0004	   1.6901	6.075e-04	   0.022	   456.740
 778	195	 4.0666	 1.0414	   1.5209	        1.5214	          0.0004	   1.5656	9.573e-04	   0.024	   457.189
 779	195	 4.0669	 1.0415	   1.5209	        1.5214	          0.0004	   1.6553	9.139e-04	   0.025	   457.609
 780	195	 4.0673	 1.0415	   1.5209	        1.5214	          0.0004	   1.6629	9.002e-04	   0.022	   458.025
 781	196	 4.0674	 1.0411	   1.5209	        1.5214	          0.0004	   1.6093	1.097e-03	   0.022	   458.439
 782	196	 4.0674	 1.0412	   1.5209	        1.5214	          0.0004	   1.6544	1.049e-03	   0.020	   458.854
 783	196	 4.0673	 1.0421	   1.5209	        1.5214	          0.0004	   1.7260	6.423e-04	   0.027	   459.317
 784	196	 4.0672	 1.0420	   1.5209	        1.5214	          0.0004	   1.6336	6.915e-04	   0.028	   459.786
 785	197	 4.0676	 1.0412	   1.5209	        1.5214	          0.0004	   1.5936	1.026e-03	   0.023	   460.248
 786	197	 4.0674	 1.0417	   1.5209	        1.5214	          0.0004	   1.6720	8.400e-04	   0.025	   460.678
 787	197	 4.0673	 1.0416	   1.5209	        1.5214	          0.0004	   1.6324	8.824e-04	   0.024	   461.125
 788	197	 4.0676	 1.0418	   1.5209	        1.5214	          0.0004	   1.6749	7.709e-04	   0.023	   461.562
 789	198	 4.0676	 1.0419	   1.5209	        1.5214	          0.0004	   1.6469	7.318e-04	   0.020	   461.978
 790	198	 4.0678	 1.0416	   1.5209	        1.5214	          0.0004	   1.6261	8.800e-04	   0.023	   462.390
 791	198	 4.0679	 1.0417	   1.5209	        1.5214	          0.0004	   1.6617	8.372e-04	   0.022	   462.807
 792	198	 4.0676	 1.0421	   1.5209	        1.5214	          0.0004	   1.6724	6.523e-04	   0.023	   463.223
 793	199	 4.0674	 1.0426	   1.5209	        1.5214	          0.0004	   1.6761	4.543e-04	   0.025	   463.637
 794	199	 4.0672	 1.0425	   1.5209	        1.5214	          0.0004	   1.6396	4.929e-04	   0.021	   464.053
 795	199	 4.0673	 1.0419	   1.5209	        1.5214	          0.0004	   1.5912	7.382e-04	   0.022	   464.467
 796	199	 4.0672	 1.0420	   1.5209	        1.5214	          0.0004	   1.6538	6.745e-04	   0.020	   464.882
 797	200	 4.0666	 1.0415	   1.5209	        1.5214	          0.0004	   1.5755	9.219e-04	   0.023	   465.295
 798	200	 4.0665	 1.0419	   1.5209	        1.5214	          0.0004	   1.6821	7.548e-04	   0.022	   465.755
 799	200	 4.0665	 1.0424	   1.5209	        1.5214	          0.0004	   1.6927	5.279e-04	   0.024	   466.184
 800	200	 4.0673	 1.0422	   1.5209	        1.5214	          0.0004	   1.6497	5.979e-04	   0.024	   466.579

[BSGD] Finished on device cuda -> σ_f² ≈ 4.0673, σ_ε² ≈ 1.0422
