[GPU 4][JOB 125] 'python cli.py bsgd --n 1024 --lengthscale 0.5 --sigma-f2-true 4.0 --sigma-eps2-true 1.0 --n-epochs 200 --device auto --kernel-mode finite --theta-min 1e-4 --theta-max 20.0 --print-every 1 --seed 4 --batch-size 256 --sigma-f2-init 5.0 --sigma-eps2-init 3.0 --alpha1 9.0 '

=== BSGD (biased SGD on exact kernel) ===
iter	epoch	σ_f²	σ_ε²	real_nlml	real_nlml_true	real_nlml_abs_err	mini_nlml	||grad||	duration_s	wall_time_s
   1	 1	 4.6671	 2.0710	   1.6064	        1.5094	          0.0970	   1.6905	1.180e-01	   0.357	     0.440
   2	 1	 4.5625	 1.5999	   1.5519	        1.5094	          0.0425	   1.6846	1.095e-01	   0.019	     1.142
   3	 1	 4.5534	 1.2856	   1.5214	        1.5094	          0.0120	   1.6386	7.846e-02	   0.025	     1.687
   4	 1	 4.5441	 1.2289	   1.5173	        1.5094	          0.0079	   1.7034	6.789e-02	   0.028	     2.331
   5	 2	 4.5281	 1.1041	   1.5107	        1.5094	          0.0013	   1.6284	3.511e-02	   0.028	     2.983
   6	 2	 4.5447	 1.0211	   1.5091	        1.5094	          0.0004	   1.6054	2.993e-03	   0.035	     3.618
   7	 2	 4.5611	 1.0346	   1.5091	        1.5094	          0.0003	   1.6588	8.942e-03	   0.031	     4.271
   8	 2	 4.5498	 1.0555	   1.5094	        1.5094	          0.0000	   1.6669	1.756e-02	   0.030	     4.950
   9	 3	 4.5686	 1.0355	   1.5091	        1.5094	          0.0003	   1.6426	9.310e-03	   0.030	     5.644
  10	 3	 4.5752	 1.0867	   1.5101	        1.5094	          0.0007	   1.7072	2.921e-02	   0.035	     6.346
  11	 3	 4.5591	 1.0361	   1.5091	        1.5094	          0.0003	   1.5871	9.584e-03	   0.040	     7.079
  12	 3	 4.5403	 1.0295	   1.5091	        1.5094	          0.0003	   1.6320	6.725e-03	   0.037	     7.811
  13	 4	 4.5408	 1.0101	   1.5090	        1.5094	          0.0004	   1.6125	2.135e-03	   0.040	     8.582
  14	 4	 4.5232	 1.0242	   1.5091	        1.5094	          0.0004	   1.6507	4.352e-03	   0.039	     9.335
  15	 4	 4.5305	 1.0151	   1.5090	        1.5094	          0.0004	   1.6344	3.770e-04	   0.041	    10.086
  16	 4	 4.5406	 0.9962	   1.5091	        1.5094	          0.0003	   1.6077	8.904e-03	   0.033	    10.835
  17	 5	 4.5476	 0.9919	   1.5092	        1.5094	          0.0003	   1.6238	1.107e-02	   0.035	    11.579
  18	 5	 4.5531	 1.0293	   1.5091	        1.5094	          0.0003	   1.7088	6.656e-03	   0.033	    12.320
  19	 5	 4.5510	 1.0155	   1.5090	        1.5094	          0.0004	   1.6047	4.793e-04	   0.030	    13.060
  20	 5	 4.5405	 1.0253	   1.5091	        1.5094	          0.0004	   1.6550	4.867e-03	   0.040	    13.834
  21	 6	 4.5442	 1.0269	   1.5091	        1.5094	          0.0003	   1.6510	5.588e-03	   0.035	    14.594
  22	 6	 4.5545	 1.0042	   1.5091	        1.5094	          0.0004	   1.5977	4.943e-03	   0.038	    15.334
  23	 6	 4.5515	 1.0160	   1.5090	        1.5094	          0.0004	   1.6647	7.127e-04	   0.033	    16.079
  24	 6	 4.5414	 1.0306	   1.5091	        1.5094	          0.0003	   1.6690	7.190e-03	   0.036	    16.825
  25	 7	 4.5508	 1.0257	   1.5091	        1.5094	          0.0004	   1.6431	5.061e-03	   0.038	    17.591
  26	 7	 4.5373	 1.0414	   1.5092	        1.5094	          0.0002	   1.6808	1.182e-02	   0.039	    18.384
  27	 7	 4.5406	 1.0153	   1.5090	        1.5094	          0.0004	   1.5704	4.339e-04	   0.039	    19.177
  28	 7	 4.5383	 1.0227	   1.5091	        1.5094	          0.0004	   1.6546	3.724e-03	   0.036	    19.949
  29	 8	 4.5387	 1.0357	   1.5091	        1.5094	          0.0003	   1.6832	9.406e-03	   0.038	    20.727
  30	 8	 4.5264	 1.0158	   1.5090	        1.5094	          0.0004	   1.5678	6.225e-04	   0.034	    21.493
  31	 8	 4.5433	 1.0031	   1.5091	        1.5094	          0.0003	   1.6137	5.488e-03	   0.033	    22.234
  32	 8	 4.5403	 1.0278	   1.5091	        1.5094	          0.0003	   1.7167	5.995e-03	   0.033	    22.978
  33	 9	 4.5409	 1.0355	   1.5091	        1.5094	          0.0003	   1.6749	9.323e-03	   0.033	    23.717
  34	 9	 4.5512	 1.0517	   1.5093	        1.5094	          0.0001	   1.7279	1.605e-02	   0.038	    24.469
  35	 9	 4.5475	 1.0396	   1.5092	        1.5094	          0.0002	   1.5937	1.107e-02	   0.035	    25.214
  36	 9	 4.5466	 1.0211	   1.5091	        1.5094	          0.0004	   1.5735	2.986e-03	   0.038	    25.956
  37	10	 4.5396	 1.0192	   1.5090	        1.5094	          0.0004	   1.6246	2.120e-03	   0.035	    26.704
  38	10	 4.5414	 1.0239	   1.5091	        1.5094	          0.0004	   1.6641	4.226e-03	   0.038	    27.443
  39	10	 4.5455	 1.0266	   1.5091	        1.5094	          0.0003	   1.6593	5.457e-03	   0.036	    28.188
  40	10	 4.5481	 1.0204	   1.5091	        1.5094	          0.0004	   1.6213	2.693e-03	   0.035	    28.950
  41	11	 4.5489	 1.0166	   1.5090	        1.5094	          0.0004	   1.6374	9.459e-04	   0.036	    29.699
  42	11	 4.5582	 1.0162	   1.5090	        1.5094	          0.0004	   1.6414	7.923e-04	   0.031	    30.464
  43	11	 4.5571	 1.0126	   1.5090	        1.5094	          0.0004	   1.6211	9.648e-04	   0.040	    31.220
  44	11	 4.5500	 1.0050	   1.5091	        1.5094	          0.0004	   1.5884	4.567e-03	   0.033	    31.979
  45	12	 4.5509	 0.9944	   1.5091	        1.5094	          0.0003	   1.5802	9.802e-03	   0.037	    32.719
  46	12	 4.5546	 1.0135	   1.5090	        1.5094	          0.0004	   1.7270	5.772e-04	   0.034	    33.458
  47	12	 4.5446	 1.0139	   1.5090	        1.5094	          0.0004	   1.6229	4.261e-04	   0.038	    34.214
  48	12	 4.5509	 1.0051	   1.5091	        1.5094	          0.0004	   1.6056	4.503e-03	   0.042	    34.993
  49	13	 4.5482	 0.9937	   1.5091	        1.5094	          0.0003	   1.5688	1.016e-02	   0.041	    35.760
  50	13	 4.5509	 0.9940	   1.5091	        1.5094	          0.0003	   1.6294	1.001e-02	   0.035	    36.508
  51	13	 4.5473	 0.9957	   1.5091	        1.5094	          0.0003	   1.6340	9.141e-03	   0.033	    37.259
  52	13	 4.5420	 0.9984	   1.5091	        1.5094	          0.0003	   1.6357	7.779e-03	   0.039	    38.008
  53	14	 4.5423	 1.0042	   1.5091	        1.5094	          0.0004	   1.6618	4.952e-03	   0.039	    38.836
  54	14	 4.5385	 1.0037	   1.5091	        1.5094	          0.0004	   1.6264	5.196e-03	   0.035	    39.645
  55	14	 4.5443	 0.9997	   1.5091	        1.5094	          0.0003	   1.6192	7.149e-03	   0.038	    40.445
  56	14	 4.5480	 0.9990	   1.5091	        1.5094	          0.0003	   1.6411	7.484e-03	   0.034	    41.211
  57	15	 4.5444	 1.0046	   1.5091	        1.5094	          0.0004	   1.6690	4.766e-03	   0.038	    41.995
  58	15	 4.5533	 1.0025	   1.5091	        1.5094	          0.0003	   1.6346	5.793e-03	   0.032	    42.769
  59	15	 4.5531	 0.9965	   1.5091	        1.5094	          0.0003	   1.5965	8.735e-03	   0.036	    43.518
  60	15	 4.5527	 0.9993	   1.5091	        1.5094	          0.0003	   1.6445	7.357e-03	   0.039	    44.261
  61	16	 4.5504	 0.9991	   1.5091	        1.5094	          0.0003	   1.6235	7.441e-03	   0.038	    44.996
  62	16	 4.5593	 1.0016	   1.5091	        1.5094	          0.0003	   1.6696	6.227e-03	   0.038	    45.748
  63	16	 4.5584	 0.9968	   1.5091	        1.5094	          0.0003	   1.5944	8.558e-03	   0.035	    46.492
  64	16	 4.5543	 1.0021	   1.5091	        1.5094	          0.0003	   1.6670	5.947e-03	   0.036	    47.232
  65	17	 4.5589	 0.9955	   1.5091	        1.5094	          0.0003	   1.5958	9.217e-03	   0.031	    47.980
  66	17	 4.5620	 1.0006	   1.5091	        1.5094	          0.0003	   1.6736	6.702e-03	   0.036	    48.729
  67	17	 4.5563	 1.0037	   1.5091	        1.5094	          0.0004	   1.6427	5.189e-03	   0.033	    49.468
  68	17	 4.5552	 1.0015	   1.5091	        1.5094	          0.0003	   1.6161	6.265e-03	   0.036	    50.228
  69	18	 4.5524	 1.0008	   1.5091	        1.5094	          0.0003	   1.6192	6.603e-03	   0.034	    50.974
  70	18	 4.5534	 0.9953	   1.5091	        1.5094	          0.0003	   1.5957	9.314e-03	   0.038	    51.743
  71	18	 4.5531	 1.0014	   1.5091	        1.5094	          0.0003	   1.6721	6.294e-03	   0.041	    52.487
  72	18	 4.5547	 1.0034	   1.5091	        1.5094	          0.0004	   1.6550	5.341e-03	   0.036	    53.259
  73	19	 4.5562	 1.0011	   1.5091	        1.5094	          0.0003	   1.6203	6.438e-03	   0.036	    54.001
  74	19	 4.5568	 1.0003	   1.5091	        1.5094	          0.0003	   1.6241	6.865e-03	   0.035	    54.744
  75	19	 4.5577	 1.0022	   1.5091	        1.5094	          0.0003	   1.6541	5.918e-03	   0.039	    55.487
  76	19	 4.5567	 1.0009	   1.5091	        1.5094	          0.0003	   1.6250	6.530e-03	   0.037	    56.267
  77	20	 4.5569	 0.9990	   1.5091	        1.5094	          0.0003	   1.6160	7.513e-03	   0.030	    57.010
  78	20	 4.5567	 0.9974	   1.5091	        1.5094	          0.0003	   1.6140	8.294e-03	   0.037	    57.755
  79	20	 4.5584	 1.0055	   1.5091	        1.5094	          0.0004	   1.7081	4.325e-03	   0.032	    58.501
  80	20	 4.5565	 1.0055	   1.5091	        1.5094	          0.0004	   1.6310	4.296e-03	   0.036	    59.243
  81	21	 4.5620	 1.0099	   1.5090	        1.5094	          0.0004	   1.6905	2.222e-03	   0.037	    60.022
  82	21	 4.5623	 1.0096	   1.5090	        1.5094	          0.0004	   1.6400	2.353e-03	   0.039	    60.808
  83	21	 4.5641	 1.0074	   1.5091	        1.5094	          0.0004	   1.6205	3.423e-03	   0.041	    61.578
  84	21	 4.5588	 1.0048	   1.5091	        1.5094	          0.0004	   1.5945	4.640e-03	   0.040	    62.349
  85	22	 4.5580	 1.0055	   1.5091	        1.5094	          0.0004	   1.6482	4.340e-03	   0.038	    63.131
  86	22	 4.5575	 1.0047	   1.5091	        1.5094	          0.0004	   1.6270	4.706e-03	   0.037	    63.901
  87	22	 4.5556	 1.0070	   1.5091	        1.5094	          0.0004	   1.6512	3.606e-03	   0.032	    64.656
  88	22	 4.5567	 1.0074	   1.5091	        1.5094	          0.0004	   1.6363	3.417e-03	   0.031	    65.396
  89	23	 4.5558	 1.0047	   1.5091	        1.5094	          0.0004	   1.6024	4.685e-03	   0.035	    66.141
  90	23	 4.5571	 1.0070	   1.5091	        1.5094	          0.0004	   1.6669	3.581e-03	   0.037	    66.889
  91	23	 4.5532	 1.0094	   1.5090	        1.5094	          0.0004	   1.6456	2.463e-03	   0.036	    67.631
  92	23	 4.5563	 1.0125	   1.5090	        1.5094	          0.0004	   1.6817	1.041e-03	   0.034	    68.368
  93	24	 4.5581	 1.0128	   1.5090	        1.5094	          0.0004	   1.6525	8.731e-04	   0.032	    69.120
  94	24	 4.5552	 1.0105	   1.5090	        1.5094	          0.0004	   1.6017	1.922e-03	   0.041	    69.867
  95	24	 4.5547	 1.0107	   1.5090	        1.5094	          0.0004	   1.6300	1.870e-03	   0.040	    70.610
  96	24	 4.5559	 1.0121	   1.5090	        1.5094	          0.0004	   1.6580	1.214e-03	   0.037	    71.365
  97	25	 4.5589	 1.0193	   1.5090	        1.5094	          0.0004	   1.7277	2.178e-03	   0.035	    72.120
  98	25	 4.5635	 1.0148	   1.5090	        1.5094	          0.0004	   1.6130	2.766e-04	   0.038	    72.881
  99	25	 4.5624	 1.0123	   1.5090	        1.5094	          0.0004	   1.6060	1.106e-03	   0.037	    73.624
 100	25	 4.5575	 1.0080	   1.5091	        1.5094	          0.0004	   1.5678	3.129e-03	   0.032	    74.395
 101	26	 4.5568	 1.0132	   1.5090	        1.5094	          0.0004	   1.6920	7.040e-04	   0.034	    75.139
 102	26	 4.5591	 1.0079	   1.5091	        1.5094	          0.0004	   1.5894	3.158e-03	   0.034	    75.900
 103	26	 4.5556	 1.0052	   1.5091	        1.5094	          0.0004	   1.5945	4.456e-03	   0.040	    76.689
 104	26	 4.5549	 1.0119	   1.5090	        1.5094	          0.0004	   1.7055	1.303e-03	   0.037	    77.503
 105	27	 4.5570	 1.0144	   1.5090	        1.5094	          0.0004	   1.6763	2.791e-04	   0.040	    78.289
 106	27	 4.5601	 1.0147	   1.5090	        1.5094	          0.0004	   1.6564	2.653e-04	   0.041	    79.082
 107	27	 4.5593	 1.0106	   1.5090	        1.5094	          0.0004	   1.5854	1.900e-03	   0.038	    79.874
 108	27	 4.5570	 1.0128	   1.5090	        1.5094	          0.0004	   1.6503	8.791e-04	   0.040	    80.680
 109	28	 4.5583	 1.0180	   1.5090	        1.5094	          0.0004	   1.7098	1.592e-03	   0.040	    81.465
 110	28	 4.5580	 1.0169	   1.5090	        1.5094	          0.0004	   1.6134	1.081e-03	   0.036	    82.249
 111	28	 4.5573	 1.0128	   1.5090	        1.5094	          0.0004	   1.5927	8.665e-04	   0.034	    83.019
 112	28	 4.5568	 1.0131	   1.5090	        1.5094	          0.0004	   1.6426	7.612e-04	   0.039	    83.799
 113	29	 4.5565	 1.0138	   1.5090	        1.5094	          0.0004	   1.6486	4.754e-04	   0.035	    84.576
 114	29	 4.5544	 1.0131	   1.5090	        1.5094	          0.0004	   1.6286	7.419e-04	   0.033	    85.347
 115	29	 4.5559	 1.0137	   1.5090	        1.5094	          0.0004	   1.6428	5.100e-04	   0.032	    86.100
 116	29	 4.5578	 1.0109	   1.5090	        1.5094	          0.0004	   1.6050	1.770e-03	   0.035	    86.846
 117	30	 4.5583	 1.0117	   1.5090	        1.5094	          0.0004	   1.6531	1.399e-03	   0.038	    87.587
 118	30	 4.5585	 1.0108	   1.5090	        1.5094	          0.0004	   1.6241	1.810e-03	   0.040	    88.339
 119	30	 4.5577	 1.0076	   1.5091	        1.5094	          0.0004	   1.5961	3.329e-03	   0.037	    89.084
 120	30	 4.5562	 1.0082	   1.5091	        1.5094	          0.0004	   1.6326	3.036e-03	   0.034	    89.824
 121	31	 4.5563	 1.0099	   1.5090	        1.5094	          0.0004	   1.6686	2.211e-03	   0.035	    90.573
 122	31	 4.5579	 1.0078	   1.5091	        1.5094	          0.0004	   1.6092	3.229e-03	   0.036	    91.312
 123	31	 4.5587	 1.0064	   1.5091	        1.5094	          0.0004	   1.6182	3.863e-03	   0.034	    92.054
 124	31	 4.5596	 1.0047	   1.5091	        1.5094	          0.0004	   1.6184	4.722e-03	   0.036	    92.806
 125	32	 4.5602	 1.0030	   1.5091	        1.5094	          0.0004	   1.6151	5.529e-03	   0.034	    93.566
 126	32	 4.5614	 1.0024	   1.5091	        1.5094	          0.0003	   1.6352	5.820e-03	   0.041	    94.322
 127	32	 4.5604	 1.0044	   1.5091	        1.5094	          0.0004	   1.6578	4.852e-03	   0.034	    95.076
 128	32	 4.5604	 1.0044	   1.5091	        1.5094	          0.0004	   1.6297	4.834e-03	   0.037	    95.851
 129	33	 4.5627	 1.0045	   1.5091	        1.5094	          0.0004	   1.6503	4.799e-03	   0.036	    96.590
 130	33	 4.5618	 1.0075	   1.5091	        1.5094	          0.0004	   1.6642	3.376e-03	   0.040	    97.352
 131	33	 4.5611	 1.0058	   1.5091	        1.5094	          0.0004	   1.6111	4.170e-03	   0.036	    98.110
 132	33	 4.5616	 1.0070	   1.5091	        1.5094	          0.0004	   1.6602	3.583e-03	   0.036	    98.862
 133	34	 4.5600	 1.0022	   1.5091	        1.5094	          0.0003	   1.5593	5.921e-03	   0.033	    99.604
 134	34	 4.5603	 1.0071	   1.5091	        1.5094	          0.0004	   1.7102	3.536e-03	   0.032	   100.342
 135	34	 4.5604	 1.0041	   1.5091	        1.5094	          0.0004	   1.5971	4.980e-03	   0.037	   101.099
 136	34	 4.5613	 1.0081	   1.5090	        1.5094	          0.0004	   1.6963	3.055e-03	   0.034	   101.875
 137	35	 4.5627	 1.0066	   1.5091	        1.5094	          0.0004	   1.6233	3.777e-03	   0.037	   102.617
 138	35	 4.5646	 1.0091	   1.5090	        1.5094	          0.0004	   1.6828	2.591e-03	   0.033	   103.379
 139	35	 4.5636	 1.0074	   1.5091	        1.5094	          0.0004	   1.6070	3.430e-03	   0.036	   104.156
 140	35	 4.5641	 1.0051	   1.5091	        1.5094	          0.0004	   1.6061	4.514e-03	   0.040	   104.932
 141	36	 4.5635	 1.0057	   1.5091	        1.5094	          0.0004	   1.6388	4.199e-03	   0.043	   105.705
 142	36	 4.5650	 1.0090	   1.5090	        1.5094	          0.0004	   1.6995	2.643e-03	   0.036	   106.491
 143	36	 4.5637	 1.0072	   1.5091	        1.5094	          0.0004	   1.5970	3.523e-03	   0.030	   107.249
 144	36	 4.5635	 1.0061	   1.5091	        1.5094	          0.0004	   1.6184	4.047e-03	   0.037	   107.991
 145	37	 4.5656	 1.0080	   1.5090	        1.5094	          0.0004	   1.6826	3.136e-03	   0.036	   108.728
 146	37	 4.5652	 1.0074	   1.5091	        1.5094	          0.0004	   1.6211	3.410e-03	   0.035	   109.477
 147	37	 4.5645	 1.0067	   1.5091	        1.5094	          0.0004	   1.6201	3.731e-03	   0.034	   110.223
 148	37	 4.5643	 1.0056	   1.5091	        1.5094	          0.0004	   1.6167	4.258e-03	   0.035	   110.964
 149	38	 4.5656	 1.0037	   1.5091	        1.5094	          0.0004	   1.6079	5.176e-03	   0.034	   111.711
 150	38	 4.5657	 1.0042	   1.5091	        1.5094	          0.0004	   1.6444	4.967e-03	   0.033	   112.456
 151	38	 4.5655	 1.0066	   1.5091	        1.5094	          0.0004	   1.6756	3.802e-03	   0.038	   113.201
 152	38	 4.5667	 1.0061	   1.5091	        1.5094	          0.0004	   1.6344	4.005e-03	   0.038	   113.940
 153	39	 4.5668	 1.0049	   1.5091	        1.5094	          0.0004	   1.6098	4.603e-03	   0.040	   114.707
 154	39	 4.5645	 1.0033	   1.5091	        1.5094	          0.0004	   1.6033	5.390e-03	   0.040	   115.456
 155	39	 4.5636	 1.0050	   1.5091	        1.5094	          0.0004	   1.6587	4.536e-03	   0.037	   116.217
 156	39	 4.5673	 1.0085	   1.5090	        1.5094	          0.0004	   1.7159	2.872e-03	   0.033	   116.983
 157	40	 4.5672	 1.0074	   1.5090	        1.5094	          0.0004	   1.6153	3.391e-03	   0.032	   117.766
 158	40	 4.5669	 1.0076	   1.5090	        1.5094	          0.0004	   1.6412	3.292e-03	   0.040	   118.536
 159	40	 4.5673	 1.0059	   1.5091	        1.5094	          0.0004	   1.6100	4.144e-03	   0.035	   119.286
 160	40	 4.5680	 1.0084	   1.5090	        1.5094	          0.0004	   1.6873	2.917e-03	   0.038	   120.033
 161	41	 4.5707	 1.0047	   1.5091	        1.5094	          0.0004	   1.5840	4.685e-03	   0.034	   120.809
 162	41	 4.5695	 1.0065	   1.5091	        1.5094	          0.0004	   1.6625	3.821e-03	   0.038	   121.607
 163	41	 4.5688	 1.0041	   1.5091	        1.5094	          0.0004	   1.5886	5.000e-03	   0.037	   122.388
 164	41	 4.5680	 1.0090	   1.5090	        1.5094	          0.0004	   1.7253	2.634e-03	   0.038	   123.152
 165	42	 4.5696	 1.0062	   1.5091	        1.5094	          0.0004	   1.6011	3.959e-03	   0.037	   123.896
 166	42	 4.5682	 1.0111	   1.5090	        1.5094	          0.0004	   1.7138	1.677e-03	   0.034	   124.657
 167	42	 4.5687	 1.0116	   1.5090	        1.5094	          0.0004	   1.6492	1.407e-03	   0.041	   125.428
 168	42	 4.5688	 1.0092	   1.5090	        1.5094	          0.0004	   1.5942	2.530e-03	   0.038	   126.201
 169	43	 4.5705	 1.0097	   1.5090	        1.5094	          0.0004	   1.6560	2.304e-03	   0.037	   126.963
 170	43	 4.5705	 1.0085	   1.5090	        1.5094	          0.0004	   1.6205	2.897e-03	   0.034	   127.760
 171	43	 4.5696	 1.0097	   1.5090	        1.5094	          0.0004	   1.6476	2.299e-03	   0.030	   128.522
 172	43	 4.5697	 1.0096	   1.5090	        1.5094	          0.0004	   1.6373	2.345e-03	   0.036	   129.265
 173	44	 4.5689	 1.0094	   1.5090	        1.5094	          0.0004	   1.6255	2.476e-03	   0.033	   130.007
 174	44	 4.5666	 1.0104	   1.5090	        1.5094	          0.0004	   1.6362	1.997e-03	   0.040	   130.762
 175	44	 4.5681	 1.0083	   1.5090	        1.5094	          0.0004	   1.6112	2.959e-03	   0.037	   131.501
 176	44	 4.5690	 1.0094	   1.5090	        1.5094	          0.0004	   1.6612	2.449e-03	   0.039	   132.238
 177	45	 4.5690	 1.0114	   1.5090	        1.5094	          0.0004	   1.6771	1.497e-03	   0.035	   132.990
 178	45	 4.5699	 1.0111	   1.5090	        1.5094	          0.0004	   1.6407	1.653e-03	   0.036	   133.733
 179	45	 4.5693	 1.0086	   1.5090	        1.5094	          0.0004	   1.5876	2.837e-03	   0.033	   134.476
 180	45	 4.5693	 1.0102	   1.5090	        1.5094	          0.0004	   1.6630	2.095e-03	   0.030	   135.213
 181	46	 4.5696	 1.0105	   1.5090	        1.5094	          0.0004	   1.6436	1.939e-03	   0.037	   135.990
 182	46	 4.5701	 1.0119	   1.5090	        1.5094	          0.0004	   1.6659	1.301e-03	   0.035	   136.732
 183	46	 4.5701	 1.0103	   1.5090	        1.5094	          0.0004	   1.6063	2.033e-03	   0.036	   137.493
 184	46	 4.5702	 1.0099	   1.5090	        1.5094	          0.0004	   1.6327	2.238e-03	   0.035	   138.251
 185	47	 4.5701	 1.0079	   1.5090	        1.5094	          0.0004	   1.5964	3.180e-03	   0.035	   139.045
 186	47	 4.5708	 1.0088	   1.5090	        1.5094	          0.0004	   1.6587	2.742e-03	   0.038	   139.789
 187	47	 4.5717	 1.0101	   1.5090	        1.5094	          0.0004	   1.6728	2.135e-03	   0.036	   140.532
 188	47	 4.5709	 1.0103	   1.5090	        1.5094	          0.0004	   1.6356	2.039e-03	   0.038	   141.281
 189	48	 4.5708	 1.0095	   1.5090	        1.5094	          0.0004	   1.6113	2.408e-03	   0.033	   142.024
 190	48	 4.5704	 1.0099	   1.5090	        1.5094	          0.0004	   1.6435	2.206e-03	   0.042	   142.789
 191	48	 4.5733	 1.0095	   1.5090	        1.5094	          0.0004	   1.6507	2.399e-03	   0.035	   143.550
 192	48	 4.5724	 1.0097	   1.5090	        1.5094	          0.0004	   1.6396	2.296e-03	   0.030	   144.292
 193	49	 4.5722	 1.0125	   1.5090	        1.5094	          0.0004	   1.7000	9.982e-04	   0.034	   145.036
 194	49	 4.5739	 1.0113	   1.5090	        1.5094	          0.0004	   1.6227	1.584e-03	   0.032	   145.790
 195	49	 4.5732	 1.0098	   1.5090	        1.5094	          0.0004	   1.6029	2.256e-03	   0.036	   146.566
 196	49	 4.5725	 1.0079	   1.5090	        1.5094	          0.0004	   1.5897	3.183e-03	   0.035	   147.342
 197	50	 4.5734	 1.0078	   1.5090	        1.5094	          0.0004	   1.6480	3.217e-03	   0.041	   148.111
 198	50	 4.5725	 1.0088	   1.5090	        1.5094	          0.0004	   1.6486	2.755e-03	   0.036	   148.897
 199	50	 4.5722	 1.0100	   1.5090	        1.5094	          0.0004	   1.6658	2.151e-03	   0.037	   149.659
 200	50	 4.5730	 1.0071	   1.5090	        1.5094	          0.0004	   1.5742	3.561e-03	   0.040	   150.412
 201	51	 4.5710	 1.0054	   1.5091	        1.5094	          0.0004	   1.5899	4.340e-03	   0.036	   151.149
 202	51	 4.5710	 1.0064	   1.5091	        1.5094	          0.0004	   1.6597	3.891e-03	   0.037	   151.899
 203	51	 4.5712	 1.0085	   1.5090	        1.5094	          0.0004	   1.6807	2.890e-03	   0.031	   152.643
 204	51	 4.5707	 1.0079	   1.5090	        1.5094	          0.0004	   1.6163	3.154e-03	   0.038	   153.386
 205	52	 4.5700	 1.0059	   1.5091	        1.5094	          0.0004	   1.5786	4.146e-03	   0.033	   154.133
 206	52	 4.5701	 1.0063	   1.5091	        1.5094	          0.0004	   1.6499	3.952e-03	   0.036	   154.874
 207	52	 4.5700	 1.0081	   1.5090	        1.5094	          0.0004	   1.6813	3.057e-03	   0.032	   155.612
 208	52	 4.5711	 1.0078	   1.5090	        1.5094	          0.0004	   1.6327	3.228e-03	   0.035	   156.356
 209	53	 4.5700	 1.0090	   1.5090	        1.5094	          0.0004	   1.6561	2.628e-03	   0.040	   157.129
 210	53	 4.5691	 1.0091	   1.5090	        1.5094	          0.0004	   1.6312	2.591e-03	   0.040	   157.915
 211	53	 4.5701	 1.0104	   1.5090	        1.5094	          0.0004	   1.6799	2.008e-03	   0.043	   158.738
 212	53	 4.5702	 1.0091	   1.5090	        1.5094	          0.0004	   1.6053	2.602e-03	   0.036	   159.562
 213	54	 4.5714	 1.0116	   1.5090	        1.5094	          0.0004	   1.7138	1.413e-03	   0.037	   160.370
 214	54	 4.5708	 1.0116	   1.5090	        1.5094	          0.0004	   1.6299	1.431e-03	   0.039	   161.168
 215	54	 4.5698	 1.0093	   1.5090	        1.5094	          0.0004	   1.5734	2.515e-03	   0.035	   161.943
 216	54	 4.5709	 1.0087	   1.5090	        1.5094	          0.0004	   1.6320	2.763e-03	   0.037	   162.716
 217	55	 4.5695	 1.0061	   1.5091	        1.5094	          0.0004	   1.5590	4.038e-03	   0.035	   163.503
 218	55	 4.5690	 1.0068	   1.5091	        1.5094	          0.0004	   1.6530	3.707e-03	   0.037	   164.265
 219	55	 4.5705	 1.0092	   1.5090	        1.5094	          0.0004	   1.7023	2.541e-03	   0.031	   165.031
 220	55	 4.5717	 1.0088	   1.5090	        1.5094	          0.0004	   1.6407	2.746e-03	   0.038	   165.777
 221	56	 4.5707	 1.0072	   1.5090	        1.5094	          0.0004	   1.5951	3.485e-03	   0.036	   166.517
 222	56	 4.5701	 1.0095	   1.5090	        1.5094	          0.0004	   1.6777	2.418e-03	   0.040	   167.263
 223	56	 4.5708	 1.0085	   1.5090	        1.5094	          0.0004	   1.6183	2.869e-03	   0.040	   168.044
 224	56	 4.5706	 1.0088	   1.5090	        1.5094	          0.0004	   1.6465	2.760e-03	   0.038	   168.813
 225	57	 4.5703	 1.0092	   1.5090	        1.5094	          0.0004	   1.6420	2.541e-03	   0.038	   169.583
 226	57	 4.5703	 1.0080	   1.5090	        1.5094	          0.0004	   1.6096	3.110e-03	   0.030	   170.368
 227	57	 4.5708	 1.0075	   1.5090	        1.5094	          0.0004	   1.6300	3.378e-03	   0.039	   171.136
 228	57	 4.5710	 1.0082	   1.5090	        1.5094	          0.0004	   1.6592	3.026e-03	   0.035	   171.889
 229	58	 4.5713	 1.0073	   1.5090	        1.5094	          0.0004	   1.6214	3.429e-03	   0.036	   172.627
 230	58	 4.5721	 1.0083	   1.5090	        1.5094	          0.0004	   1.6660	2.994e-03	   0.037	   173.376
 231	58	 4.5709	 1.0104	   1.5090	        1.5094	          0.0004	   1.6749	2.005e-03	   0.035	   174.120
 232	58	 4.5698	 1.0088	   1.5090	        1.5094	          0.0004	   1.5923	2.738e-03	   0.042	   174.865
 233	59	 4.5701	 1.0079	   1.5090	        1.5094	          0.0004	   1.6182	3.183e-03	   0.036	   175.612
 234	59	 4.5719	 1.0091	   1.5090	        1.5094	          0.0004	   1.6815	2.598e-03	   0.037	   176.356
 235	59	 4.5710	 1.0077	   1.5090	        1.5094	          0.0004	   1.5928	3.246e-03	   0.033	   177.098
 236	59	 4.5705	 1.0091	   1.5090	        1.5094	          0.0004	   1.6690	2.602e-03	   0.037	   177.838
 237	60	 4.5715	 1.0101	   1.5090	        1.5094	          0.0004	   1.6786	2.131e-03	   0.038	   178.601
 238	60	 4.5713	 1.0086	   1.5090	        1.5094	          0.0004	   1.5937	2.848e-03	   0.034	   179.350
 239	60	 4.5707	 1.0094	   1.5090	        1.5094	          0.0004	   1.6532	2.434e-03	   0.040	   180.127
 240	60	 4.5706	 1.0096	   1.5090	        1.5094	          0.0004	   1.6395	2.381e-03	   0.030	   180.900
 241	61	 4.5707	 1.0128	   1.5090	        1.5094	          0.0004	   1.7255	8.799e-04	   0.036	   181.666
 242	61	 4.5705	 1.0125	   1.5090	        1.5094	          0.0004	   1.6289	1.034e-03	   0.036	   182.414
 243	61	 4.5702	 1.0109	   1.5090	        1.5094	          0.0004	   1.5933	1.758e-03	   0.038	   183.154
 244	61	 4.5716	 1.0091	   1.5090	        1.5094	          0.0004	   1.5940	2.583e-03	   0.039	   183.900
 245	62	 4.5708	 1.0081	   1.5090	        1.5094	          0.0004	   1.6037	3.074e-03	   0.039	   184.680
 246	62	 4.5706	 1.0081	   1.5090	        1.5094	          0.0004	   1.6389	3.054e-03	   0.038	   185.423
 247	62	 4.5706	 1.0098	   1.5090	        1.5094	          0.0004	   1.6724	2.258e-03	   0.033	   186.173
 248	62	 4.5712	 1.0097	   1.5090	        1.5094	          0.0004	   1.6465	2.295e-03	   0.035	   186.915
 249	63	 4.5707	 1.0081	   1.5090	        1.5094	          0.0004	   1.5868	3.090e-03	   0.031	   187.655
 250	63	 4.5711	 1.0083	   1.5090	        1.5094	          0.0004	   1.6456	2.962e-03	   0.038	   188.402
 251	63	 4.5702	 1.0088	   1.5090	        1.5094	          0.0004	   1.6381	2.751e-03	   0.040	   189.184
 252	63	 4.5702	 1.0098	   1.5090	        1.5094	          0.0004	   1.6684	2.274e-03	   0.037	   189.944
 253	64	 4.5712	 1.0088	   1.5090	        1.5094	          0.0004	   1.6250	2.730e-03	   0.035	   190.711
 254	64	 4.5721	 1.0090	   1.5090	        1.5094	          0.0004	   1.6573	2.637e-03	   0.035	   191.505
 255	64	 4.5704	 1.0084	   1.5090	        1.5094	          0.0004	   1.5997	2.926e-03	   0.038	   192.273
 256	64	 4.5705	 1.0093	   1.5090	        1.5094	          0.0004	   1.6606	2.523e-03	   0.039	   193.032
 257	65	 4.5700	 1.0078	   1.5090	        1.5094	          0.0004	   1.5918	3.192e-03	   0.035	   193.772
 258	65	 4.5716	 1.0081	   1.5090	        1.5094	          0.0004	   1.6623	3.050e-03	   0.035	   194.521
 259	65	 4.5705	 1.0092	   1.5090	        1.5094	          0.0004	   1.6521	2.532e-03	   0.037	   195.265
 260	65	 4.5710	 1.0099	   1.5090	        1.5094	          0.0004	   1.6653	2.240e-03	   0.037	   196.002
 261	66	 4.5717	 1.0106	   1.5090	        1.5094	          0.0004	   1.6642	1.897e-03	   0.032	   196.751
 262	66	 4.5703	 1.0101	   1.5090	        1.5094	          0.0004	   1.6023	2.120e-03	   0.036	   197.497
 263	66	 4.5700	 1.0113	   1.5090	        1.5094	          0.0004	   1.6716	1.588e-03	   0.032	   198.235
 264	66	 4.5695	 1.0103	   1.5090	        1.5094	          0.0004	   1.6077	2.038e-03	   0.036	   198.976
 265	67	 4.5697	 1.0109	   1.5090	        1.5094	          0.0004	   1.6577	1.751e-03	   0.035	   199.738
 266	67	 4.5695	 1.0108	   1.5090	        1.5094	          0.0004	   1.6416	1.777e-03	   0.040	   200.534
 267	67	 4.5697	 1.0084	   1.5090	        1.5094	          0.0004	   1.5702	2.925e-03	   0.042	   201.300
 268	67	 4.5698	 1.0106	   1.5090	        1.5094	          0.0004	   1.6978	1.910e-03	   0.037	   202.098
 269	68	 4.5703	 1.0089	   1.5090	        1.5094	          0.0004	   1.6002	2.680e-03	   0.036	   202.904
 270	68	 4.5704	 1.0076	   1.5090	        1.5094	          0.0004	   1.5947	3.292e-03	   0.036	   203.655
 271	68	 4.5705	 1.0090	   1.5090	        1.5094	          0.0004	   1.6751	2.633e-03	   0.040	   204.415
 272	68	 4.5703	 1.0109	   1.5090	        1.5094	          0.0004	   1.6932	1.761e-03	   0.034	   205.163
 273	69	 4.5686	 1.0110	   1.5090	        1.5094	          0.0004	   1.6301	1.698e-03	   0.029	   205.872
 274	69	 4.5700	 1.0112	   1.5090	        1.5094	          0.0004	   1.6530	1.616e-03	   0.035	   206.568
 275	69	 4.5697	 1.0110	   1.5090	        1.5094	          0.0004	   1.6282	1.705e-03	   0.030	   207.270
 276	69	 4.5705	 1.0109	   1.5090	        1.5094	          0.0004	   1.6442	1.744e-03	   0.028	   207.978
 277	70	 4.5714	 1.0102	   1.5090	        1.5094	          0.0004	   1.6274	2.097e-03	   0.033	   208.683
 278	70	 4.5711	 1.0096	   1.5090	        1.5094	          0.0004	   1.6148	2.338e-03	   0.034	   209.399
 279	70	 4.5695	 1.0110	   1.5090	        1.5094	          0.0004	   1.6591	1.699e-03	   0.036	   210.137
 280	70	 4.5694	 1.0112	   1.5090	        1.5094	          0.0004	   1.6433	1.607e-03	   0.032	   210.851
 281	71	 4.5692	 1.0102	   1.5090	        1.5094	          0.0004	   1.6015	2.070e-03	   0.033	   211.549
 282	71	 4.5699	 1.0096	   1.5090	        1.5094	          0.0004	   1.6257	2.346e-03	   0.033	   212.221
 283	71	 4.5703	 1.0111	   1.5090	        1.5094	          0.0004	   1.6876	1.670e-03	   0.025	   212.899
 284	71	 4.5699	 1.0111	   1.5090	        1.5094	          0.0004	   1.6369	1.653e-03	   0.026	   213.544
 285	72	 4.5702	 1.0111	   1.5090	        1.5094	          0.0004	   1.6435	1.654e-03	   0.026	   214.153
 286	72	 4.5700	 1.0102	   1.5090	        1.5094	          0.0004	   1.6001	2.070e-03	   0.027	   214.763
 287	72	 4.5710	 1.0119	   1.5090	        1.5094	          0.0004	   1.7010	1.295e-03	   0.029	   215.371
 288	72	 4.5702	 1.0114	   1.5090	        1.5094	          0.0004	   1.6190	1.502e-03	   0.025	   215.981
 289	73	 4.5711	 1.0134	   1.5090	        1.5094	          0.0004	   1.7144	6.049e-04	   0.029	   216.586
 290	73	 4.5701	 1.0122	   1.5090	        1.5094	          0.0004	   1.5892	1.153e-03	   0.028	   217.188
 291	73	 4.5698	 1.0117	   1.5090	        1.5094	          0.0004	   1.6256	1.386e-03	   0.030	   217.792
 292	73	 4.5692	 1.0124	   1.5090	        1.5094	          0.0004	   1.6532	1.058e-03	   0.026	   218.389
 293	74	 4.5693	 1.0119	   1.5090	        1.5094	          0.0004	   1.6229	1.301e-03	   0.028	   219.042
 294	74	 4.5685	 1.0133	   1.5090	        1.5094	          0.0004	   1.6784	6.388e-04	   0.021	   219.625
 295	74	 4.5686	 1.0126	   1.5090	        1.5094	          0.0004	   1.6151	9.551e-04	   0.025	   220.198
 296	74	 4.5691	 1.0123	   1.5090	        1.5094	          0.0004	   1.6325	1.123e-03	   0.028	   220.794
 297	75	 4.5698	 1.0128	   1.5090	        1.5094	          0.0004	   1.6652	8.776e-04	   0.026	   221.375
 298	75	 4.5704	 1.0103	   1.5090	        1.5094	          0.0004	   1.5647	2.033e-03	   0.020	   221.947
 299	75	 4.5701	 1.0120	   1.5090	        1.5094	          0.0004	   1.6872	1.240e-03	   0.024	   222.529
 300	75	 4.5695	 1.0110	   1.5090	        1.5094	          0.0004	   1.6004	1.706e-03	   0.024	   223.134
 301	76	 4.5694	 1.0116	   1.5090	        1.5094	          0.0004	   1.6631	1.436e-03	   0.025	   223.707
 302	76	 4.5687	 1.0118	   1.5090	        1.5094	          0.0004	   1.6384	1.341e-03	   0.028	   224.282
 303	76	 4.5697	 1.0109	   1.5090	        1.5094	          0.0004	   1.6207	1.739e-03	   0.025	   224.851
 304	76	 4.5695	 1.0115	   1.5090	        1.5094	          0.0004	   1.6544	1.459e-03	   0.022	   225.422
 305	77	 4.5703	 1.0109	   1.5090	        1.5094	          0.0004	   1.6258	1.764e-03	   0.023	   225.988
 306	77	 4.5700	 1.0104	   1.5090	        1.5094	          0.0004	   1.6111	1.970e-03	   0.028	   226.564
 307	77	 4.5689	 1.0121	   1.5090	        1.5094	          0.0004	   1.6840	1.198e-03	   0.025	   227.171
 308	77	 4.5695	 1.0115	   1.5090	        1.5094	          0.0004	   1.6299	1.468e-03	   0.023	   227.759
 309	78	 4.5700	 1.0112	   1.5090	        1.5094	          0.0004	   1.6404	1.623e-03	   0.027	   228.351
 310	78	 4.5701	 1.0121	   1.5090	        1.5094	          0.0004	   1.6691	1.187e-03	   0.026	   228.945
 311	78	 4.5708	 1.0122	   1.5090	        1.5094	          0.0004	   1.6452	1.145e-03	   0.021	   229.559
 312	78	 4.5697	 1.0114	   1.5090	        1.5094	          0.0004	   1.5981	1.502e-03	   0.025	   230.150
 313	79	 4.5693	 1.0122	   1.5090	        1.5094	          0.0004	   1.6605	1.153e-03	   0.027	   230.718
 314	79	 4.5691	 1.0124	   1.5090	        1.5094	          0.0004	   1.6377	1.072e-03	   0.028	   231.295
 315	79	 4.5695	 1.0131	   1.5090	        1.5094	          0.0004	   1.6768	7.236e-04	   0.026	   231.868
 316	79	 4.5700	 1.0130	   1.5090	        1.5094	          0.0004	   1.6331	7.982e-04	   0.026	   232.441
 317	80	 4.5705	 1.0121	   1.5090	        1.5094	          0.0004	   1.6150	1.187e-03	   0.024	   233.031
 318	80	 4.5705	 1.0119	   1.5090	        1.5094	          0.0004	   1.6394	1.268e-03	   0.024	   233.643
 319	80	 4.5701	 1.0123	   1.5090	        1.5094	          0.0004	   1.6427	1.117e-03	   0.029	   234.260
 320	80	 4.5698	 1.0134	   1.5090	        1.5094	          0.0004	   1.6718	6.135e-04	   0.029	   234.896
 321	81	 4.5696	 1.0120	   1.5090	        1.5094	          0.0004	   1.5803	1.254e-03	   0.027	   235.524
 322	81	 4.5690	 1.0122	   1.5090	        1.5094	          0.0004	   1.6382	1.162e-03	   0.023	   236.150
 323	81	 4.5693	 1.0139	   1.5090	        1.5094	          0.0004	   1.7037	4.080e-04	   0.026	   236.755
 324	81	 4.5695	 1.0130	   1.5090	        1.5094	          0.0004	   1.6131	7.716e-04	   0.026	   237.365
 325	82	 4.5698	 1.0120	   1.5090	        1.5094	          0.0004	   1.6094	1.246e-03	   0.026	   237.943
 326	82	 4.5693	 1.0122	   1.5090	        1.5094	          0.0004	   1.6363	1.133e-03	   0.024	   238.561
 327	82	 4.5696	 1.0132	   1.5090	        1.5094	          0.0004	   1.6821	6.784e-04	   0.025	   239.152
 328	82	 4.5700	 1.0129	   1.5090	        1.5094	          0.0004	   1.6286	8.198e-04	   0.026	   239.742
 329	83	 4.5702	 1.0131	   1.5090	        1.5094	          0.0004	   1.6437	7.464e-04	   0.025	   240.312
 330	83	 4.5699	 1.0127	   1.5090	        1.5094	          0.0004	   1.6182	9.306e-04	   0.025	   240.884
 331	83	 4.5692	 1.0122	   1.5090	        1.5094	          0.0004	   1.6062	1.167e-03	   0.024	   241.456
 332	83	 4.5703	 1.0127	   1.5090	        1.5094	          0.0004	   1.6753	9.242e-04	   0.022	   242.027
 333	84	 4.5726	 1.0118	   1.5090	        1.5094	          0.0004	   1.6358	1.349e-03	   0.023	   242.597
 334	84	 4.5720	 1.0102	   1.5090	        1.5094	          0.0004	   1.5638	2.070e-03	   0.023	   243.166
 335	84	 4.5717	 1.0119	   1.5090	        1.5094	          0.0004	   1.7004	1.271e-03	   0.028	   243.776
 336	84	 4.5712	 1.0116	   1.5090	        1.5094	          0.0004	   1.6192	1.415e-03	   0.028	   244.365
 337	85	 4.5705	 1.0121	   1.5090	        1.5094	          0.0004	   1.6445	1.188e-03	   0.031	   244.952
 338	85	 4.5702	 1.0116	   1.5090	        1.5094	          0.0004	   1.6170	1.428e-03	   0.027	   245.550
 339	85	 4.5703	 1.0111	   1.5090	        1.5094	          0.0004	   1.6200	1.646e-03	   0.023	   246.158
 340	85	 4.5713	 1.0115	   1.5090	        1.5094	          0.0004	   1.6679	1.467e-03	   0.022	   246.749
 341	86	 4.5712	 1.0121	   1.5090	        1.5094	          0.0004	   1.6582	1.181e-03	   0.024	   247.328
 342	86	 4.5708	 1.0121	   1.5090	        1.5094	          0.0004	   1.6341	1.178e-03	   0.028	   247.909
 343	86	 4.5715	 1.0123	   1.5090	        1.5094	          0.0004	   1.6549	1.104e-03	   0.026	   248.476
 344	86	 4.5715	 1.0119	   1.5090	        1.5094	          0.0004	   1.6262	1.275e-03	   0.024	   249.044
 345	87	 4.5708	 1.0115	   1.5090	        1.5094	          0.0004	   1.6190	1.457e-03	   0.022	   249.614
 346	87	 4.5709	 1.0108	   1.5090	        1.5094	          0.0004	   1.6120	1.792e-03	   0.022	   250.188
 347	87	 4.5712	 1.0111	   1.5090	        1.5094	          0.0004	   1.6497	1.660e-03	   0.026	   250.764
 348	87	 4.5718	 1.0118	   1.5090	        1.5094	          0.0004	   1.6707	1.337e-03	   0.027	   251.367
 349	88	 4.5711	 1.0136	   1.5090	        1.5094	          0.0004	   1.7006	5.214e-04	   0.026	   251.952
 350	88	 4.5708	 1.0146	   1.5090	        1.5094	          0.0004	   1.6806	2.497e-04	   0.024	   252.536
 351	88	 4.5720	 1.0130	   1.5090	        1.5094	          0.0004	   1.5909	7.953e-04	   0.027	   253.107
 352	88	 4.5721	 1.0126	   1.5090	        1.5094	          0.0004	   1.6146	9.816e-04	   0.028	   253.698
 353	89	 4.5719	 1.0136	   1.5090	        1.5094	          0.0004	   1.6750	5.187e-04	   0.021	   254.270
 354	89	 4.5713	 1.0141	   1.5090	        1.5094	          0.0004	   1.6572	3.394e-04	   0.024	   254.896
 355	89	 4.5713	 1.0139	   1.5090	        1.5094	          0.0004	   1.6315	4.271e-04	   0.024	   255.468
 356	89	 4.5719	 1.0138	   1.5090	        1.5094	          0.0004	   1.6423	4.549e-04	   0.026	   256.048
 357	90	 4.5727	 1.0149	   1.5090	        1.5094	          0.0004	   1.6982	2.954e-04	   0.022	   256.619
 358	90	 4.5729	 1.0142	   1.5090	        1.5094	          0.0004	   1.6078	3.092e-04	   0.027	   257.192
 359	90	 4.5723	 1.0140	   1.5090	        1.5094	          0.0004	   1.6235	3.589e-04	   0.028	   257.759
 360	90	 4.5720	 1.0134	   1.5090	        1.5094	          0.0004	   1.6127	6.253e-04	   0.025	   258.329
 361	91	 4.5716	 1.0121	   1.5090	        1.5094	          0.0004	   1.5772	1.196e-03	   0.024	   258.899
 362	91	 4.5713	 1.0127	   1.5090	        1.5094	          0.0004	   1.6557	9.024e-04	   0.025	   259.468
 363	91	 4.5710	 1.0137	   1.5090	        1.5094	          0.0004	   1.6739	4.732e-04	   0.024	   260.072
 364	91	 4.5710	 1.0137	   1.5090	        1.5094	          0.0004	   1.6431	4.940e-04	   0.025	   260.664
 365	92	 4.5704	 1.0118	   1.5090	        1.5094	          0.0004	   1.5590	1.332e-03	   0.031	   261.254
 366	92	 4.5704	 1.0127	   1.5090	        1.5094	          0.0004	   1.6716	9.054e-04	   0.029	   261.851
 367	92	 4.5706	 1.0136	   1.5090	        1.5094	          0.0004	   1.6745	5.284e-04	   0.020	   262.452
 368	92	 4.5710	 1.0143	   1.5090	        1.5094	          0.0004	   1.6744	2.811e-04	   0.020	   263.043
 369	93	 4.5707	 1.0147	   1.5090	        1.5094	          0.0004	   1.6492	2.524e-04	   0.024	   263.629
 370	93	 4.5709	 1.0158	   1.5090	        1.5094	          0.0004	   1.6851	6.108e-04	   0.026	   264.209
 371	93	 4.5707	 1.0152	   1.5090	        1.5094	          0.0004	   1.6195	3.854e-04	   0.026	   264.783
 372	93	 4.5704	 1.0152	   1.5090	        1.5094	          0.0004	   1.6277	3.608e-04	   0.026	   265.354
 373	94	 4.5699	 1.0165	   1.5090	        1.5094	          0.0004	   1.6981	9.345e-04	   0.025	   265.925
 374	94	 4.5708	 1.0175	   1.5090	        1.5094	          0.0004	   1.6961	1.341e-03	   0.026	   266.518
 375	94	 4.5702	 1.0169	   1.5090	        1.5094	          0.0004	   1.5977	1.077e-03	   0.027	   267.120
 376	94	 4.5694	 1.0165	   1.5090	        1.5094	          0.0004	   1.6144	9.322e-04	   0.025	   267.745
 377	95	 4.5693	 1.0160	   1.5090	        1.5094	          0.0004	   1.6219	7.154e-04	   0.024	   268.350
 378	95	 4.5701	 1.0156	   1.5090	        1.5094	          0.0004	   1.6333	5.254e-04	   0.024	   268.943
 379	95	 4.5700	 1.0147	   1.5090	        1.5094	          0.0004	   1.6046	2.585e-04	   0.027	   269.518
 380	95	 4.5702	 1.0152	   1.5090	        1.5094	          0.0004	   1.6523	3.583e-04	   0.028	   270.116
 381	96	 4.5709	 1.0160	   1.5090	        1.5094	          0.0004	   1.6923	7.107e-04	   0.026	   270.728
 382	96	 4.5706	 1.0151	   1.5090	        1.5094	          0.0004	   1.5922	3.473e-04	   0.027	   271.339
 383	96	 4.5702	 1.0137	   1.5090	        1.5094	          0.0004	   1.5711	4.950e-04	   0.028	   271.907
 384	96	 4.5703	 1.0148	   1.5090	        1.5094	          0.0004	   1.6878	2.683e-04	   0.027	   272.487
 385	97	 4.5697	 1.0144	   1.5090	        1.5094	          0.0004	   1.6167	2.626e-04	   0.024	   273.058
 386	97	 4.5700	 1.0141	   1.5090	        1.5094	          0.0004	   1.6233	3.416e-04	   0.023	   273.631
 387	97	 4.5704	 1.0151	   1.5090	        1.5094	          0.0004	   1.6923	3.442e-04	   0.024	   274.202
 388	97	 4.5706	 1.0142	   1.5090	        1.5094	          0.0004	   1.6016	3.125e-04	   0.025	   274.776
 389	98	 4.5704	 1.0149	   1.5090	        1.5094	          0.0004	   1.6540	2.755e-04	   0.024	   275.341
 390	98	 4.5698	 1.0152	   1.5090	        1.5094	          0.0004	   1.6515	3.637e-04	   0.022	   275.904
 391	98	 4.5697	 1.0148	   1.5090	        1.5094	          0.0004	   1.6215	2.684e-04	   0.024	   276.502
 392	98	 4.5697	 1.0150	   1.5090	        1.5094	          0.0004	   1.6476	3.124e-04	   0.024	   277.095
 393	99	 4.5687	 1.0150	   1.5090	        1.5094	          0.0004	   1.6129	3.017e-04	   0.027	   277.684
 394	99	 4.5684	 1.0150	   1.5090	        1.5094	          0.0004	   1.6428	3.259e-04	   0.029	   278.288
 395	99	 4.5690	 1.0146	   1.5090	        1.5094	          0.0004	   1.6315	2.508e-04	   0.026	   278.893
 396	99	 4.5701	 1.0146	   1.5090	        1.5094	          0.0004	   1.6558	2.498e-04	   0.023	   279.489
 397	100	 4.5705	 1.0143	   1.5090	        1.5094	          0.0004	   1.6380	2.954e-04	   0.026	   280.071
 398	100	 4.5698	 1.0137	   1.5090	        1.5094	          0.0004	   1.6051	4.695e-04	   0.026	   280.648
 399	100	 4.5689	 1.0147	   1.5090	        1.5094	          0.0004	   1.6671	2.524e-04	   0.023	   281.217
 400	100	 4.5698	 1.0144	   1.5090	        1.5094	          0.0004	   1.6387	2.724e-04	   0.025	   281.792
 401	101	 4.5688	 1.0139	   1.5090	        1.5094	          0.0004	   1.6042	3.940e-04	   0.024	   282.363
 402	101	 4.5694	 1.0152	   1.5090	        1.5094	          0.0004	   1.7032	3.702e-04	   0.026	   282.963
 403	101	 4.5700	 1.0143	   1.5090	        1.5094	          0.0004	   1.6092	2.918e-04	   0.021	   283.543
 404	101	 4.5704	 1.0139	   1.5090	        1.5094	          0.0004	   1.6316	4.101e-04	   0.026	   284.111
 405	102	 4.5708	 1.0150	   1.5090	        1.5094	          0.0004	   1.6899	3.125e-04	   0.028	   284.685
 406	102	 4.5701	 1.0150	   1.5090	        1.5094	          0.0004	   1.6245	3.072e-04	   0.027	   285.277
 407	102	 4.5700	 1.0141	   1.5090	        1.5094	          0.0004	   1.6000	3.483e-04	   0.028	   285.852
 408	102	 4.5701	 1.0141	   1.5090	        1.5094	          0.0004	   1.6472	3.418e-04	   0.029	   286.444
 409	103	 4.5706	 1.0148	   1.5090	        1.5094	          0.0004	   1.6836	2.708e-04	   0.020	   287.055
 410	103	 4.5701	 1.0145	   1.5090	        1.5094	          0.0004	   1.6106	2.551e-04	   0.024	   287.642
 411	103	 4.5701	 1.0145	   1.5090	        1.5094	          0.0004	   1.6405	2.523e-04	   0.028	   288.217
 412	103	 4.5702	 1.0141	   1.5090	        1.5094	          0.0004	   1.6190	3.435e-04	   0.027	   288.792
 413	104	 4.5699	 1.0145	   1.5090	        1.5094	          0.0004	   1.6468	2.541e-04	   0.022	   289.357
 414	104	 4.5702	 1.0144	   1.5090	        1.5094	          0.0004	   1.6403	2.734e-04	   0.023	   289.930
 415	104	 4.5701	 1.0137	   1.5090	        1.5094	          0.0004	   1.6134	4.748e-04	   0.024	   290.503
 416	104	 4.5705	 1.0138	   1.5090	        1.5094	          0.0004	   1.6493	4.597e-04	   0.024	   291.077
 417	105	 4.5704	 1.0142	   1.5090	        1.5094	          0.0004	   1.6566	3.207e-04	   0.024	   291.647
 418	105	 4.5700	 1.0147	   1.5090	        1.5094	          0.0004	   1.6575	2.536e-04	   0.024	   292.214
 419	105	 4.5698	 1.0139	   1.5090	        1.5094	          0.0004	   1.5962	4.035e-04	   0.027	   292.809
 420	105	 4.5698	 1.0144	   1.5090	        1.5094	          0.0004	   1.6669	2.627e-04	   0.025	   293.400
 421	106	 4.5693	 1.0149	   1.5090	        1.5094	          0.0004	   1.6551	2.841e-04	   0.027	   293.987
 422	106	 4.5700	 1.0163	   1.5090	        1.5094	          0.0004	   1.7192	8.435e-04	   0.025	   294.582
 423	106	 4.5699	 1.0167	   1.5090	        1.5094	          0.0004	   1.6566	1.012e-03	   0.027	   295.208
 424	106	 4.5695	 1.0146	   1.5090	        1.5094	          0.0004	   1.5330	2.504e-04	   0.024	   295.856
 425	107	 4.5695	 1.0137	   1.5090	        1.5094	          0.0004	   1.5936	4.885e-04	   0.028	   296.489
 426	107	 4.5688	 1.0137	   1.5090	        1.5094	          0.0004	   1.6269	4.829e-04	   0.025	   297.101
 427	107	 4.5693	 1.0133	   1.5090	        1.5094	          0.0004	   1.6222	6.773e-04	   0.026	   297.693
 428	107	 4.5695	 1.0139	   1.5090	        1.5094	          0.0004	   1.6750	4.175e-04	   0.033	   298.273
 429	108	 4.5701	 1.0132	   1.5090	        1.5094	          0.0004	   1.6165	6.816e-04	   0.032	   298.921
 430	108	 4.5700	 1.0132	   1.5090	        1.5094	          0.0004	   1.6320	7.183e-04	   0.028	   299.550
 431	108	 4.5701	 1.0144	   1.5090	        1.5094	          0.0004	   1.6976	2.748e-04	   0.023	   300.149
 432	108	 4.5694	 1.0138	   1.5090	        1.5094	          0.0004	   1.5987	4.361e-04	   0.022	   300.718
 433	109	 4.5694	 1.0154	   1.5090	        1.5094	          0.0004	   1.7189	4.644e-04	   0.024	   301.296
 434	109	 4.5689	 1.0147	   1.5090	        1.5094	          0.0004	   1.5975	2.585e-04	   0.028	   301.892
 435	109	 4.5692	 1.0142	   1.5090	        1.5094	          0.0004	   1.6143	3.167e-04	   0.030	   302.493
 436	109	 4.5694	 1.0141	   1.5090	        1.5094	          0.0004	   1.6397	3.431e-04	   0.022	   303.084
 437	110	 4.5691	 1.0147	   1.5090	        1.5094	          0.0004	   1.6606	2.531e-04	   0.020	   303.691
 438	110	 4.5686	 1.0142	   1.5090	        1.5094	          0.0004	   1.6096	3.210e-04	   0.024	   304.274
 439	110	 4.5694	 1.0137	   1.5090	        1.5094	          0.0004	   1.6253	4.869e-04	   0.026	   304.855
 440	110	 4.5697	 1.0137	   1.5090	        1.5094	          0.0004	   1.6429	5.037e-04	   0.027	   305.436
 441	111	 4.5697	 1.0134	   1.5090	        1.5094	          0.0004	   1.6260	6.049e-04	   0.024	   306.005
 442	111	 4.5696	 1.0145	   1.5090	        1.5094	          0.0004	   1.6921	2.540e-04	   0.026	   306.577
 443	111	 4.5702	 1.0133	   1.5090	        1.5094	          0.0004	   1.5861	6.606e-04	   0.026	   307.146
 444	111	 4.5699	 1.0130	   1.5090	        1.5094	          0.0004	   1.6216	8.037e-04	   0.024	   307.716
 445	112	 4.5702	 1.0132	   1.5090	        1.5094	          0.0004	   1.6595	7.097e-04	   0.021	   308.283
 446	112	 4.5696	 1.0117	   1.5090	        1.5094	          0.0004	   1.5511	1.370e-03	   0.024	   308.853
 447	112	 4.5697	 1.0120	   1.5090	        1.5094	          0.0004	   1.6615	1.223e-03	   0.026	   309.439
 448	112	 4.5696	 1.0127	   1.5090	        1.5094	          0.0004	   1.6668	9.344e-04	   0.027	   310.041
 449	113	 4.5698	 1.0130	   1.5090	        1.5094	          0.0004	   1.6531	8.096e-04	   0.024	   310.632
 450	113	 4.5688	 1.0132	   1.5090	        1.5094	          0.0004	   1.6404	6.917e-04	   0.028	   311.221
 451	113	 4.5692	 1.0131	   1.5090	        1.5094	          0.0004	   1.6374	7.313e-04	   0.025	   311.810
 452	113	 4.5695	 1.0138	   1.5090	        1.5094	          0.0004	   1.6814	4.672e-04	   0.026	   312.420
 453	114	 4.5695	 1.0134	   1.5090	        1.5094	          0.0004	   1.6294	6.028e-04	   0.028	   313.014
 454	114	 4.5694	 1.0128	   1.5090	        1.5094	          0.0004	   1.6057	8.601e-04	   0.025	   313.595
 455	114	 4.5701	 1.0126	   1.5090	        1.5094	          0.0004	   1.6416	9.565e-04	   0.021	   314.166
 456	114	 4.5703	 1.0132	   1.5090	        1.5094	          0.0004	   1.6698	6.965e-04	   0.027	   314.745
 457	115	 4.5701	 1.0136	   1.5090	        1.5094	          0.0004	   1.6549	5.157e-04	   0.027	   315.352
 458	115	 4.5703	 1.0130	   1.5090	        1.5094	          0.0004	   1.6101	8.041e-04	   0.024	   315.920
 459	115	 4.5694	 1.0138	   1.5090	        1.5094	          0.0004	   1.6638	4.680e-04	   0.020	   316.483
 460	115	 4.5692	 1.0133	   1.5090	        1.5094	          0.0004	   1.6115	6.586e-04	   0.021	   317.012
 461	116	 4.5688	 1.0133	   1.5090	        1.5094	          0.0004	   1.6264	6.725e-04	   0.028	   317.562
 462	116	 4.5692	 1.0136	   1.5090	        1.5094	          0.0004	   1.6681	5.286e-04	   0.024	   318.077
 463	116	 4.5693	 1.0141	   1.5090	        1.5094	          0.0004	   1.6585	3.545e-04	   0.027	   318.592
 464	116	 4.5691	 1.0138	   1.5090	        1.5094	          0.0004	   1.6241	4.572e-04	   0.020	   319.067
 465	117	 4.5693	 1.0133	   1.5090	        1.5094	          0.0004	   1.6200	6.649e-04	   0.023	   319.573
 466	117	 4.5690	 1.0134	   1.5090	        1.5094	          0.0004	   1.6365	6.088e-04	   0.019	   320.042
 467	117	 4.5690	 1.0136	   1.5090	        1.5094	          0.0004	   1.6547	5.165e-04	   0.024	   320.541
 468	117	 4.5692	 1.0134	   1.5090	        1.5094	          0.0004	   1.6259	6.202e-04	   0.026	   321.020
 469	118	 4.5688	 1.0135	   1.5090	        1.5094	          0.0004	   1.6429	5.922e-04	   0.021	   321.475
 470	118	 4.5693	 1.0129	   1.5090	        1.5094	          0.0004	   1.6176	8.252e-04	   0.025	   321.921
 471	118	 4.5698	 1.0143	   1.5090	        1.5094	          0.0004	   1.7130	2.861e-04	   0.018	   322.362
 472	118	 4.5696	 1.0138	   1.5090	        1.5094	          0.0004	   1.6155	4.335e-04	   0.023	   322.811
 473	119	 4.5698	 1.0137	   1.5090	        1.5094	          0.0004	   1.6375	4.832e-04	   0.022	   323.254
 474	119	 4.5696	 1.0137	   1.5090	        1.5094	          0.0004	   1.6366	4.873e-04	   0.020	   323.694
 475	119	 4.5697	 1.0141	   1.5090	        1.5094	          0.0004	   1.6600	3.434e-04	   0.021	   324.152
 476	119	 4.5696	 1.0134	   1.5090	        1.5094	          0.0004	   1.6001	6.298e-04	   0.023	   324.627
 477	120	 4.5693	 1.0133	   1.5090	        1.5094	          0.0004	   1.6288	6.756e-04	   0.024	   325.091
 478	120	 4.5690	 1.0141	   1.5090	        1.5094	          0.0004	   1.6731	3.535e-04	   0.020	   325.546
 479	120	 4.5695	 1.0138	   1.5090	        1.5094	          0.0004	   1.6386	4.325e-04	   0.023	   326.021
 480	120	 4.5697	 1.0131	   1.5090	        1.5094	          0.0004	   1.5994	7.643e-04	   0.024	   326.497
 481	121	 4.5699	 1.0123	   1.5090	        1.5094	          0.0004	   1.6027	1.120e-03	   0.020	   326.959
 482	121	 4.5693	 1.0136	   1.5090	        1.5094	          0.0004	   1.7051	5.204e-04	   0.019	   327.422
 483	121	 4.5694	 1.0139	   1.5090	        1.5094	          0.0004	   1.6515	4.136e-04	   0.026	   327.932
 484	121	 4.5696	 1.0135	   1.5090	        1.5094	          0.0004	   1.6156	5.913e-04	   0.027	   328.442
 485	122	 4.5693	 1.0139	   1.5090	        1.5094	          0.0004	   1.6651	4.159e-04	   0.018	   328.899
 486	122	 4.5694	 1.0134	   1.5090	        1.5094	          0.0004	   1.6190	5.950e-04	   0.023	   329.349
 487	122	 4.5694	 1.0130	   1.5090	        1.5094	          0.0004	   1.6107	7.753e-04	   0.022	   329.791
 488	122	 4.5693	 1.0133	   1.5090	        1.5094	          0.0004	   1.6451	6.537e-04	   0.020	   330.232
 489	123	 4.5700	 1.0130	   1.5090	        1.5094	          0.0004	   1.6397	7.674e-04	   0.021	   330.686
 490	123	 4.5697	 1.0128	   1.5090	        1.5094	          0.0004	   1.6206	8.903e-04	   0.024	   331.185
 491	123	 4.5694	 1.0137	   1.5090	        1.5094	          0.0004	   1.6831	4.696e-04	   0.027	   331.660
 492	123	 4.5692	 1.0135	   1.5090	        1.5094	          0.0004	   1.6199	5.848e-04	   0.018	   332.108
 493	124	 4.5695	 1.0139	   1.5090	        1.5094	          0.0004	   1.6709	4.093e-04	   0.025	   332.578
 494	124	 4.5694	 1.0132	   1.5090	        1.5094	          0.0004	   1.6023	6.978e-04	   0.022	   333.022
 495	124	 4.5693	 1.0134	   1.5090	        1.5094	          0.0004	   1.6416	6.327e-04	   0.020	   333.485
 496	124	 4.5694	 1.0135	   1.5090	        1.5094	          0.0004	   1.6443	5.878e-04	   0.019	   333.933
 497	125	 4.5690	 1.0140	   1.5090	        1.5094	          0.0004	   1.6588	3.734e-04	   0.022	   334.379
 498	125	 4.5689	 1.0142	   1.5090	        1.5094	          0.0004	   1.6512	3.116e-04	   0.025	   334.827
 499	125	 4.5693	 1.0134	   1.5090	        1.5094	          0.0004	   1.6057	6.012e-04	   0.018	   335.268
 500	125	 4.5690	 1.0137	   1.5090	        1.5094	          0.0004	   1.6489	4.729e-04	   0.023	   335.718
 501	126	 4.5693	 1.0137	   1.5090	        1.5094	          0.0004	   1.6442	4.932e-04	   0.022	   336.160
 502	126	 4.5693	 1.0145	   1.5090	        1.5094	          0.0004	   1.6773	2.585e-04	   0.020	   336.601
 503	126	 4.5694	 1.0142	   1.5090	        1.5094	          0.0004	   1.6267	3.068e-04	   0.021	   337.050
 504	126	 4.5694	 1.0134	   1.5090	        1.5094	          0.0004	   1.5933	6.164e-04	   0.023	   337.528
 505	127	 4.5692	 1.0138	   1.5090	        1.5094	          0.0004	   1.6669	4.455e-04	   0.025	   337.997
 506	127	 4.5687	 1.0143	   1.5090	        1.5094	          0.0004	   1.6596	2.944e-04	   0.020	   338.444
 507	127	 4.5693	 1.0137	   1.5090	        1.5094	          0.0004	   1.6144	5.023e-04	   0.032	   338.931
 508	127	 4.5695	 1.0136	   1.5090	        1.5094	          0.0004	   1.6286	5.159e-04	   0.024	   339.399
 509	128	 4.5698	 1.0129	   1.5090	        1.5094	          0.0004	   1.6058	8.206e-04	   0.021	   339.865
 510	128	 4.5697	 1.0134	   1.5090	        1.5094	          0.0004	   1.6601	6.104e-04	   0.019	   340.328
 511	128	 4.5697	 1.0123	   1.5090	        1.5094	          0.0004	   1.5782	1.086e-03	   0.023	   340.812
 512	128	 4.5699	 1.0134	   1.5090	        1.5094	          0.0004	   1.7033	6.189e-04	   0.025	   341.261
 513	129	 4.5696	 1.0127	   1.5090	        1.5094	          0.0004	   1.5929	9.218e-04	   0.018	   341.701
 514	129	 4.5696	 1.0125	   1.5090	        1.5094	          0.0004	   1.6299	1.005e-03	   0.023	   342.151
 515	129	 4.5697	 1.0141	   1.5090	        1.5094	          0.0004	   1.7239	3.555e-04	   0.022	   342.593
 516	129	 4.5702	 1.0131	   1.5090	        1.5094	          0.0004	   1.6004	7.324e-04	   0.020	   343.034
 517	130	 4.5700	 1.0125	   1.5090	        1.5094	          0.0004	   1.6016	1.009e-03	   0.021	   343.490
 518	130	 4.5700	 1.0122	   1.5090	        1.5094	          0.0004	   1.6312	1.126e-03	   0.024	   343.977
 519	130	 4.5695	 1.0131	   1.5090	        1.5094	          0.0004	   1.6734	7.600e-04	   0.025	   344.437
 520	130	 4.5696	 1.0129	   1.5090	        1.5094	          0.0004	   1.6307	8.133e-04	   0.018	   344.877
 521	131	 4.5700	 1.0132	   1.5090	        1.5094	          0.0004	   1.6549	7.190e-04	   0.025	   345.342
 522	131	 4.5705	 1.0147	   1.5090	        1.5094	          0.0004	   1.7421	2.572e-04	   0.022	   345.792
 523	131	 4.5697	 1.0135	   1.5090	        1.5094	          0.0004	   1.5538	5.696e-04	   0.022	   346.253
 524	131	 4.5695	 1.0127	   1.5090	        1.5094	          0.0004	   1.5859	9.335e-04	   0.019	   346.702
 525	132	 4.5694	 1.0119	   1.5090	        1.5094	          0.0004	   1.5889	1.268e-03	   0.022	   347.149
 526	132	 4.5693	 1.0122	   1.5090	        1.5094	          0.0004	   1.6578	1.156e-03	   0.025	   347.597
 527	132	 4.5694	 1.0120	   1.5090	        1.5094	          0.0004	   1.6300	1.246e-03	   0.018	   348.037
 528	132	 4.5697	 1.0116	   1.5090	        1.5094	          0.0004	   1.6216	1.429e-03	   0.023	   348.487
 529	133	 4.5699	 1.0121	   1.5090	        1.5094	          0.0004	   1.6692	1.208e-03	   0.022	   348.929
 530	133	 4.5698	 1.0116	   1.5090	        1.5094	          0.0004	   1.6013	1.448e-03	   0.022	   349.387
 531	133	 4.5698	 1.0115	   1.5090	        1.5094	          0.0004	   1.6368	1.483e-03	   0.021	   349.876
 532	133	 4.5701	 1.0117	   1.5090	        1.5094	          0.0004	   1.6568	1.379e-03	   0.025	   350.391
 533	134	 4.5700	 1.0109	   1.5090	        1.5094	          0.0004	   1.5866	1.759e-03	   0.026	   350.897
 534	134	 4.5701	 1.0106	   1.5090	        1.5094	          0.0004	   1.6215	1.912e-03	   0.018	   351.343
 535	134	 4.5705	 1.0107	   1.5090	        1.5094	          0.0004	   1.6557	1.833e-03	   0.025	   351.823
 536	134	 4.5700	 1.0118	   1.5090	        1.5094	          0.0004	   1.6992	1.322e-03	   0.028	   352.326
 537	135	 4.5696	 1.0113	   1.5090	        1.5094	          0.0004	   1.6014	1.563e-03	   0.026	   352.852
 538	135	 4.5691	 1.0105	   1.5090	        1.5094	          0.0004	   1.5755	1.937e-03	   0.020	   353.371
 539	135	 4.5693	 1.0112	   1.5090	        1.5094	          0.0004	   1.6865	1.597e-03	   0.022	   353.854
 540	135	 4.5702	 1.0111	   1.5090	        1.5094	          0.0004	   1.6506	1.672e-03	   0.025	   354.302
 541	136	 4.5704	 1.0109	   1.5090	        1.5094	          0.0004	   1.6248	1.765e-03	   0.018	   354.742
 542	136	 4.5707	 1.0109	   1.5090	        1.5094	          0.0004	   1.6444	1.765e-03	   0.023	   355.192
 543	136	 4.5707	 1.0108	   1.5090	        1.5094	          0.0004	   1.6345	1.797e-03	   0.022	   355.635
 544	136	 4.5703	 1.0104	   1.5090	        1.5094	          0.0004	   1.6046	1.963e-03	   0.022	   356.102
 545	137	 4.5704	 1.0112	   1.5090	        1.5094	          0.0004	   1.6798	1.630e-03	   0.020	   356.578
 546	137	 4.5705	 1.0105	   1.5090	        1.5094	          0.0004	   1.6026	1.938e-03	   0.024	   357.042
 547	137	 4.5702	 1.0116	   1.5090	        1.5094	          0.0004	   1.7121	1.408e-03	   0.025	   357.510
 548	137	 4.5701	 1.0109	   1.5090	        1.5094	          0.0004	   1.5833	1.772e-03	   0.018	   357.951
 549	138	 4.5700	 1.0106	   1.5090	        1.5094	          0.0004	   1.6237	1.870e-03	   0.025	   358.407
 550	138	 4.5700	 1.0125	   1.5090	        1.5094	          0.0004	   1.7588	9.917e-04	   0.022	   358.865
 551	138	 4.5701	 1.0126	   1.5090	        1.5094	          0.0004	   1.6504	9.500e-04	   0.022	   359.321
 552	138	 4.5696	 1.0112	   1.5090	        1.5094	          0.0004	   1.5333	1.612e-03	   0.019	   359.776
 553	139	 4.5696	 1.0119	   1.5090	        1.5094	          0.0004	   1.6778	1.303e-03	   0.022	   360.223
 554	139	 4.5700	 1.0120	   1.5090	        1.5094	          0.0004	   1.6526	1.245e-03	   0.025	   360.671
 555	139	 4.5698	 1.0126	   1.5090	        1.5094	          0.0004	   1.6720	9.846e-04	   0.018	   361.111
 556	139	 4.5690	 1.0120	   1.5090	        1.5094	          0.0004	   1.5848	1.250e-03	   0.023	   361.561
 557	140	 4.5690	 1.0122	   1.5090	        1.5094	          0.0004	   1.6492	1.161e-03	   0.022	   362.003
 558	140	 4.5689	 1.0123	   1.5090	        1.5094	          0.0004	   1.6460	1.094e-03	   0.020	   362.444
 559	140	 4.5688	 1.0122	   1.5090	        1.5094	          0.0004	   1.6324	1.129e-03	   0.019	   362.892
 560	140	 4.5689	 1.0119	   1.5090	        1.5094	          0.0004	   1.6180	1.277e-03	   0.023	   363.360
 561	141	 4.5694	 1.0122	   1.5090	        1.5094	          0.0004	   1.6612	1.150e-03	   0.027	   363.828
 562	141	 4.5692	 1.0122	   1.5090	        1.5094	          0.0004	   1.6371	1.151e-03	   0.018	   364.281
 563	141	 4.5692	 1.0126	   1.5090	        1.5094	          0.0004	   1.6639	9.613e-04	   0.024	   364.742
 564	141	 4.5687	 1.0123	   1.5090	        1.5094	          0.0004	   1.6131	1.098e-03	   0.020	   365.178
 565	142	 4.5686	 1.0117	   1.5090	        1.5094	          0.0004	   1.5960	1.368e-03	   0.020	   365.617
 566	142	 4.5687	 1.0120	   1.5090	        1.5094	          0.0004	   1.6610	1.250e-03	   0.021	   366.064
 567	142	 4.5685	 1.0121	   1.5090	        1.5094	          0.0004	   1.6384	1.200e-03	   0.021	   366.453
 568	142	 4.5687	 1.0121	   1.5090	        1.5094	          0.0004	   1.6422	1.214e-03	   0.019	   366.840
 569	143	 4.5685	 1.0126	   1.5090	        1.5094	          0.0004	   1.6712	9.532e-04	   0.018	   367.218
 570	143	 4.5683	 1.0135	   1.5090	        1.5094	          0.0004	   1.6873	5.903e-04	   0.021	   367.607
 571	143	 4.5686	 1.0128	   1.5090	        1.5094	          0.0004	   1.6052	8.570e-04	   0.020	   367.990
 572	143	 4.5690	 1.0119	   1.5090	        1.5094	          0.0004	   1.5918	1.273e-03	   0.020	   368.400
 573	144	 4.5689	 1.0110	   1.5090	        1.5094	          0.0004	   1.5783	1.723e-03	   0.019	   368.793
 574	144	 4.5685	 1.0115	   1.5090	        1.5094	          0.0004	   1.6602	1.473e-03	   0.021	   369.178
 575	144	 4.5691	 1.0109	   1.5090	        1.5094	          0.0004	   1.6125	1.732e-03	   0.019	   369.588
 576	144	 4.5690	 1.0113	   1.5090	        1.5094	          0.0004	   1.6626	1.563e-03	   0.018	   369.966
 577	145	 4.5696	 1.0119	   1.5090	        1.5094	          0.0004	   1.6980	1.267e-03	   0.021	   370.355
 578	145	 4.5697	 1.0117	   1.5090	        1.5094	          0.0004	   1.6181	1.390e-03	   0.020	   370.760
 579	145	 4.5691	 1.0125	   1.5090	        1.5094	          0.0004	   1.6835	1.005e-03	   0.020	   371.145
 580	145	 4.5690	 1.0116	   1.5090	        1.5094	          0.0004	   1.5722	1.434e-03	   0.019	   371.546
 581	146	 4.5693	 1.0112	   1.5090	        1.5094	          0.0004	   1.6192	1.595e-03	   0.021	   371.931
 582	146	 4.5687	 1.0110	   1.5090	        1.5094	          0.0004	   1.5999	1.726e-03	   0.019	   372.319
 583	146	 4.5690	 1.0114	   1.5090	        1.5094	          0.0004	   1.6756	1.538e-03	   0.018	   372.697
 584	146	 4.5693	 1.0118	   1.5090	        1.5094	          0.0004	   1.6807	1.337e-03	   0.021	   373.085
 585	147	 4.5698	 1.0117	   1.5090	        1.5094	          0.0004	   1.6440	1.373e-03	   0.020	   373.469
 586	147	 4.5696	 1.0107	   1.5090	        1.5094	          0.0004	   1.5651	1.855e-03	   0.018	   373.849
 587	147	 4.5695	 1.0108	   1.5090	        1.5094	          0.0004	   1.6412	1.780e-03	   0.019	   374.232
 588	147	 4.5694	 1.0115	   1.5090	        1.5094	          0.0004	   1.6791	1.494e-03	   0.023	   374.637
 589	148	 4.5698	 1.0112	   1.5090	        1.5094	          0.0004	   1.6331	1.600e-03	   0.018	   375.045
 590	148	 4.5700	 1.0113	   1.5090	        1.5094	          0.0004	   1.6542	1.549e-03	   0.020	   375.452
 591	148	 4.5696	 1.0111	   1.5090	        1.5094	          0.0004	   1.6133	1.655e-03	   0.025	   375.901
 592	148	 4.5693	 1.0110	   1.5090	        1.5094	          0.0004	   1.6152	1.714e-03	   0.022	   376.357
 593	149	 4.5692	 1.0110	   1.5090	        1.5094	          0.0004	   1.6413	1.691e-03	   0.018	   376.796
 594	149	 4.5693	 1.0114	   1.5090	        1.5094	          0.0004	   1.6652	1.498e-03	   0.021	   377.216
 595	149	 4.5692	 1.0115	   1.5090	        1.5094	          0.0004	   1.6372	1.474e-03	   0.021	   377.612
 596	149	 4.5691	 1.0117	   1.5090	        1.5094	          0.0004	   1.6564	1.370e-03	   0.019	   377.999
 597	150	 4.5687	 1.0115	   1.5090	        1.5094	          0.0004	   1.6082	1.486e-03	   0.018	   378.377
 598	150	 4.5689	 1.0116	   1.5090	        1.5094	          0.0004	   1.6411	1.447e-03	   0.023	   378.772
 599	150	 4.5690	 1.0121	   1.5090	        1.5094	          0.0004	   1.6781	1.181e-03	   0.022	   379.190
 600	150	 4.5691	 1.0123	   1.5090	        1.5094	          0.0004	   1.6619	1.105e-03	   0.019	   379.592
 601	151	 4.5693	 1.0117	   1.5090	        1.5094	          0.0004	   1.5982	1.387e-03	   0.019	   379.984
 602	151	 4.5692	 1.0117	   1.5090	        1.5094	          0.0004	   1.6367	1.389e-03	   0.021	   380.370
 603	151	 4.5686	 1.0127	   1.5090	        1.5094	          0.0004	   1.6968	9.279e-04	   0.019	   380.780
 604	151	 4.5690	 1.0122	   1.5090	        1.5094	          0.0004	   1.6148	1.166e-03	   0.018	   381.157
 605	152	 4.5693	 1.0129	   1.5090	        1.5094	          0.0004	   1.6996	8.331e-04	   0.021	   381.546
 606	152	 4.5691	 1.0120	   1.5090	        1.5094	          0.0004	   1.5765	1.220e-03	   0.020	   381.952
 607	152	 4.5694	 1.0113	   1.5090	        1.5094	          0.0004	   1.5949	1.547e-03	   0.018	   382.333
 608	152	 4.5688	 1.0121	   1.5090	        1.5094	          0.0004	   1.6754	1.203e-03	   0.019	   382.738
 609	153	 4.5687	 1.0123	   1.5090	        1.5094	          0.0004	   1.6507	1.102e-03	   0.021	   383.123
 610	153	 4.5691	 1.0120	   1.5090	        1.5094	          0.0004	   1.6149	1.248e-03	   0.019	   383.510
 611	153	 4.5687	 1.0115	   1.5090	        1.5094	          0.0004	   1.5998	1.464e-03	   0.018	   383.888
 612	153	 4.5690	 1.0117	   1.5090	        1.5094	          0.0004	   1.6637	1.378e-03	   0.021	   384.277
 613	154	 4.5691	 1.0119	   1.5090	        1.5094	          0.0004	   1.6591	1.281e-03	   0.020	   384.661
 614	154	 4.5692	 1.0120	   1.5090	        1.5094	          0.0004	   1.6518	1.230e-03	   0.018	   385.041
 615	154	 4.5692	 1.0117	   1.5090	        1.5094	          0.0004	   1.6093	1.390e-03	   0.019	   385.424
 616	154	 4.5690	 1.0115	   1.5090	        1.5094	          0.0004	   1.6225	1.479e-03	   0.023	   385.824
 617	155	 4.5689	 1.0125	   1.5090	        1.5094	          0.0004	   1.7053	1.015e-03	   0.019	   386.237
 618	155	 4.5695	 1.0121	   1.5090	        1.5094	          0.0004	   1.6247	1.211e-03	   0.018	   386.630
 619	155	 4.5698	 1.0112	   1.5090	        1.5094	          0.0004	   1.5896	1.590e-03	   0.023	   387.033
 620	155	 4.5692	 1.0109	   1.5090	        1.5094	          0.0004	   1.5996	1.730e-03	   0.021	   387.480
 621	156	 4.5693	 1.0110	   1.5090	        1.5094	          0.0004	   1.6464	1.686e-03	   0.018	   387.893
 622	156	 4.5691	 1.0116	   1.5090	        1.5094	          0.0004	   1.6617	1.447e-03	   0.019	   388.299
 623	156	 4.5691	 1.0109	   1.5090	        1.5094	          0.0004	   1.5960	1.766e-03	   0.021	   388.699
 624	156	 4.5691	 1.0109	   1.5090	        1.5094	          0.0004	   1.6356	1.765e-03	   0.018	   389.087
 625	157	 4.5688	 1.0106	   1.5090	        1.5094	          0.0004	   1.6080	1.908e-03	   0.018	   389.465
 626	157	 4.5686	 1.0115	   1.5090	        1.5094	          0.0004	   1.6946	1.473e-03	   0.023	   389.860
 627	157	 4.5686	 1.0106	   1.5090	        1.5094	          0.0004	   1.5735	1.894e-03	   0.020	   390.275
 628	157	 4.5691	 1.0106	   1.5090	        1.5094	          0.0004	   1.6546	1.910e-03	   0.018	   390.656
 629	158	 4.5693	 1.0101	   1.5090	        1.5094	          0.0004	   1.6143	2.103e-03	   0.019	   391.039
 630	158	 4.5693	 1.0118	   1.5090	        1.5094	          0.0004	   1.7576	1.352e-03	   0.021	   391.425
 631	158	 4.5693	 1.0112	   1.5090	        1.5094	          0.0004	   1.5951	1.627e-03	   0.020	   391.832
 632	158	 4.5689	 1.0112	   1.5090	        1.5094	          0.0004	   1.6326	1.599e-03	   0.018	   392.212
 633	159	 4.5691	 1.0109	   1.5090	        1.5094	          0.0004	   1.6174	1.770e-03	   0.021	   392.601
 634	159	 4.5688	 1.0120	   1.5090	        1.5094	          0.0004	   1.7136	1.247e-03	   0.022	   393.005
 635	159	 4.5685	 1.0118	   1.5090	        1.5094	          0.0004	   1.6184	1.330e-03	   0.018	   393.388
 636	159	 4.5684	 1.0116	   1.5090	        1.5094	          0.0004	   1.6165	1.442e-03	   0.021	   393.816
 637	160	 4.5682	 1.0110	   1.5090	        1.5094	          0.0004	   1.5949	1.704e-03	   0.023	   394.242
 638	160	 4.5679	 1.0115	   1.5090	        1.5094	          0.0004	   1.6638	1.493e-03	   0.020	   394.670
 639	160	 4.5682	 1.0112	   1.5090	        1.5094	          0.0004	   1.6277	1.589e-03	   0.020	   395.083
 640	160	 4.5683	 1.0117	   1.5090	        1.5094	          0.0004	   1.6737	1.383e-03	   0.023	   395.492
 641	161	 4.5679	 1.0119	   1.5090	        1.5094	          0.0004	   1.6384	1.306e-03	   0.020	   395.883
 642	161	 4.5677	 1.0123	   1.5090	        1.5094	          0.0004	   1.6682	1.122e-03	   0.018	   396.264
 643	161	 4.5675	 1.0115	   1.5090	        1.5094	          0.0004	   1.5762	1.490e-03	   0.021	   396.663
 644	161	 4.5680	 1.0111	   1.5090	        1.5094	          0.0004	   1.6162	1.674e-03	   0.025	   397.096
 645	162	 4.5678	 1.0106	   1.5090	        1.5094	          0.0004	   1.5964	1.899e-03	   0.021	   397.543
 646	162	 4.5677	 1.0107	   1.5090	        1.5094	          0.0004	   1.6415	1.860e-03	   0.020	   397.972
 647	162	 4.5680	 1.0101	   1.5090	        1.5094	          0.0004	   1.6110	2.104e-03	   0.024	   398.400
 648	162	 4.5679	 1.0113	   1.5090	        1.5094	          0.0004	   1.7197	1.560e-03	   0.022	   398.835
 649	163	 4.5676	 1.0113	   1.5090	        1.5094	          0.0004	   1.6290	1.570e-03	   0.020	   399.247
 650	163	 4.5677	 1.0106	   1.5090	        1.5094	          0.0004	   1.5906	1.905e-03	   0.019	   399.657
 651	163	 4.5674	 1.0110	   1.5090	        1.5094	          0.0004	   1.6576	1.714e-03	   0.021	   400.058
 652	163	 4.5677	 1.0114	   1.5090	        1.5094	          0.0004	   1.6775	1.526e-03	   0.019	   400.445
 653	164	 4.5679	 1.0112	   1.5090	        1.5094	          0.0004	   1.6321	1.624e-03	   0.020	   400.847
 654	164	 4.5676	 1.0115	   1.5090	        1.5094	          0.0004	   1.6515	1.474e-03	   0.023	   401.266
 655	164	 4.5684	 1.0113	   1.5090	        1.5094	          0.0004	   1.6477	1.552e-03	   0.020	   401.666
 656	164	 4.5680	 1.0114	   1.5090	        1.5094	          0.0004	   1.6361	1.500e-03	   0.018	   402.047
 657	165	 4.5680	 1.0107	   1.5090	        1.5094	          0.0004	   1.5797	1.824e-03	   0.019	   402.430
 658	165	 4.5682	 1.0110	   1.5090	        1.5094	          0.0004	   1.6594	1.686e-03	   0.021	   402.816
 659	165	 4.5685	 1.0114	   1.5090	        1.5094	          0.0004	   1.6767	1.523e-03	   0.021	   403.217
 660	165	 4.5681	 1.0113	   1.5090	        1.5094	          0.0004	   1.6265	1.572e-03	   0.018	   403.603
 661	166	 4.5683	 1.0118	   1.5090	        1.5094	          0.0004	   1.6763	1.333e-03	   0.021	   403.992
 662	166	 4.5680	 1.0115	   1.5090	        1.5094	          0.0004	   1.6154	1.476e-03	   0.022	   404.389
 663	166	 4.5685	 1.0111	   1.5090	        1.5094	          0.0004	   1.6241	1.664e-03	   0.018	   404.778
 664	166	 4.5683	 1.0113	   1.5090	        1.5094	          0.0004	   1.6372	1.575e-03	   0.021	   405.180
 665	167	 4.5684	 1.0115	   1.5090	        1.5094	          0.0004	   1.6614	1.457e-03	   0.021	   405.569
 666	167	 4.5681	 1.0123	   1.5090	        1.5094	          0.0004	   1.6858	1.121e-03	   0.019	   405.956
 667	167	 4.5682	 1.0118	   1.5090	        1.5094	          0.0004	   1.6103	1.313e-03	   0.018	   406.334
 668	167	 4.5680	 1.0115	   1.5090	        1.5094	          0.0004	   1.6020	1.477e-03	   0.021	   406.723
 669	168	 4.5678	 1.0113	   1.5090	        1.5094	          0.0004	   1.6243	1.584e-03	   0.020	   407.106
 670	168	 4.5676	 1.0114	   1.5090	        1.5094	          0.0004	   1.6401	1.529e-03	   0.018	   407.487
 671	168	 4.5675	 1.0113	   1.5090	        1.5094	          0.0004	   1.6263	1.563e-03	   0.019	   407.870
 672	168	 4.5681	 1.0112	   1.5090	        1.5094	          0.0004	   1.6350	1.623e-03	   0.021	   408.255
 673	169	 4.5680	 1.0112	   1.5090	        1.5094	          0.0004	   1.6384	1.621e-03	   0.021	   408.672
 674	169	 4.5684	 1.0109	   1.5090	        1.5094	          0.0004	   1.6309	1.764e-03	   0.022	   409.093
 675	169	 4.5679	 1.0104	   1.5090	        1.5094	          0.0004	   1.5951	1.964e-03	   0.021	   409.502
 676	169	 4.5678	 1.0111	   1.5090	        1.5094	          0.0004	   1.6761	1.655e-03	   0.022	   409.916
 677	170	 4.5677	 1.0105	   1.5090	        1.5094	          0.0004	   1.5818	1.944e-03	   0.022	   410.325
 678	170	 4.5679	 1.0110	   1.5090	        1.5094	          0.0004	   1.6848	1.705e-03	   0.019	   410.738
 679	170	 4.5677	 1.0110	   1.5090	        1.5094	          0.0004	   1.6337	1.695e-03	   0.021	   411.145
 680	170	 4.5679	 1.0119	   1.5090	        1.5094	          0.0004	   1.7163	1.284e-03	   0.018	   411.532
 681	171	 4.5674	 1.0121	   1.5090	        1.5094	          0.0004	   1.6429	1.207e-03	   0.020	   411.935
 682	171	 4.5674	 1.0113	   1.5090	        1.5094	          0.0004	   1.5713	1.582e-03	   0.021	   412.337
 683	171	 4.5680	 1.0115	   1.5090	        1.5094	          0.0004	   1.6680	1.470e-03	   0.020	   412.721
 684	171	 4.5678	 1.0118	   1.5090	        1.5094	          0.0004	   1.6613	1.344e-03	   0.018	   413.102
 685	172	 4.5676	 1.0126	   1.5090	        1.5094	          0.0004	   1.7061	9.574e-04	   0.019	   413.485
 686	172	 4.5681	 1.0132	   1.5090	        1.5094	          0.0004	   1.6958	6.875e-04	   0.021	   413.870
 687	172	 4.5685	 1.0124	   1.5090	        1.5094	          0.0004	   1.5767	1.080e-03	   0.021	   414.264
 688	172	 4.5682	 1.0123	   1.5090	        1.5094	          0.0004	   1.6291	1.088e-03	   0.018	   414.658
 689	173	 4.5681	 1.0125	   1.5090	        1.5094	          0.0004	   1.6483	1.006e-03	   0.021	   415.047
 690	173	 4.5678	 1.0123	   1.5090	        1.5094	          0.0004	   1.6181	1.093e-03	   0.022	   415.436
 691	173	 4.5677	 1.0123	   1.5090	        1.5094	          0.0004	   1.6281	1.109e-03	   0.018	   415.833
 692	173	 4.5680	 1.0124	   1.5090	        1.5094	          0.0004	   1.6525	1.069e-03	   0.021	   416.229
 693	174	 4.5677	 1.0120	   1.5090	        1.5094	          0.0004	   1.6041	1.250e-03	   0.021	   416.625
 694	174	 4.5675	 1.0123	   1.5090	        1.5094	          0.0004	   1.6627	1.090e-03	   0.019	   417.012
 695	174	 4.5675	 1.0122	   1.5090	        1.5094	          0.0004	   1.6271	1.164e-03	   0.018	   417.389
 696	174	 4.5678	 1.0125	   1.5090	        1.5094	          0.0004	   1.6669	1.024e-03	   0.021	   417.778
 697	175	 4.5682	 1.0123	   1.5090	        1.5094	          0.0004	   1.6368	1.120e-03	   0.022	   418.164
 698	175	 4.5680	 1.0124	   1.5090	        1.5094	          0.0004	   1.6407	1.072e-03	   0.020	   418.586
 699	175	 4.5683	 1.0122	   1.5090	        1.5094	          0.0004	   1.6284	1.161e-03	   0.019	   418.997
 700	175	 4.5678	 1.0120	   1.5090	        1.5094	          0.0004	   1.6126	1.234e-03	   0.021	   419.382
 701	176	 4.5680	 1.0125	   1.5090	        1.5094	          0.0004	   1.6773	1.027e-03	   0.023	   419.828
 702	176	 4.5674	 1.0124	   1.5090	        1.5094	          0.0004	   1.6174	1.063e-03	   0.019	   420.249
 703	176	 4.5678	 1.0127	   1.5090	        1.5094	          0.0004	   1.6722	9.439e-04	   0.021	   420.662
 704	176	 4.5677	 1.0121	   1.5090	        1.5094	          0.0004	   1.5847	1.212e-03	   0.022	   421.069
 705	177	 4.5674	 1.0121	   1.5090	        1.5094	          0.0004	   1.6379	1.174e-03	   0.019	   421.471
 706	177	 4.5673	 1.0120	   1.5090	        1.5094	          0.0004	   1.6229	1.255e-03	   0.019	   421.892
 707	177	 4.5672	 1.0122	   1.5090	        1.5094	          0.0004	   1.6578	1.136e-03	   0.025	   422.303
 708	177	 4.5679	 1.0117	   1.5090	        1.5094	          0.0004	   1.6158	1.387e-03	   0.019	   422.730
 709	178	 4.5678	 1.0118	   1.5090	        1.5094	          0.0004	   1.6320	1.354e-03	   0.020	   423.130
 710	178	 4.5675	 1.0115	   1.5090	        1.5094	          0.0004	   1.6086	1.488e-03	   0.021	   423.529
 711	178	 4.5676	 1.0116	   1.5090	        1.5094	          0.0004	   1.6577	1.403e-03	   0.020	   423.913
 712	178	 4.5682	 1.0113	   1.5090	        1.5094	          0.0004	   1.6304	1.561e-03	   0.018	   424.294
 713	179	 4.5684	 1.0113	   1.5090	        1.5094	          0.0004	   1.6354	1.566e-03	   0.019	   424.676
 714	179	 4.5684	 1.0112	   1.5090	        1.5094	          0.0004	   1.6301	1.596e-03	   0.021	   425.062
 715	179	 4.5683	 1.0112	   1.5090	        1.5094	          0.0004	   1.6362	1.600e-03	   0.018	   425.449
 716	179	 4.5681	 1.0117	   1.5090	        1.5094	          0.0004	   1.6812	1.360e-03	   0.018	   425.849
 717	180	 4.5686	 1.0114	   1.5090	        1.5094	          0.0004	   1.6322	1.518e-03	   0.021	   426.238
 718	180	 4.5684	 1.0109	   1.5090	        1.5094	          0.0004	   1.5918	1.737e-03	   0.020	   426.622
 719	180	 4.5684	 1.0113	   1.5090	        1.5094	          0.0004	   1.6621	1.572e-03	   0.018	   427.025
 720	180	 4.5680	 1.0119	   1.5090	        1.5094	          0.0004	   1.6757	1.291e-03	   0.021	   427.412
 721	181	 4.5678	 1.0123	   1.5090	        1.5094	          0.0004	   1.6586	1.104e-03	   0.021	   427.816
 722	181	 4.5677	 1.0126	   1.5090	        1.5094	          0.0004	   1.6602	9.898e-04	   0.018	   428.203
 723	181	 4.5680	 1.0116	   1.5090	        1.5094	          0.0004	   1.5640	1.420e-03	   0.018	   428.581
 724	181	 4.5680	 1.0119	   1.5090	        1.5094	          0.0004	   1.6629	1.302e-03	   0.021	   428.969
 725	182	 4.5683	 1.0118	   1.5090	        1.5094	          0.0004	   1.6375	1.321e-03	   0.020	   429.353
 726	182	 4.5683	 1.0110	   1.5090	        1.5094	          0.0004	   1.5716	1.687e-03	   0.018	   429.734
 727	182	 4.5680	 1.0118	   1.5090	        1.5094	          0.0004	   1.6935	1.343e-03	   0.019	   430.117
 728	182	 4.5682	 1.0120	   1.5090	        1.5094	          0.0004	   1.6651	1.235e-03	   0.021	   430.502
 729	183	 4.5683	 1.0123	   1.5090	        1.5094	          0.0004	   1.6673	1.111e-03	   0.022	   430.946
 730	183	 4.5678	 1.0121	   1.5090	        1.5094	          0.0004	   1.6036	1.199e-03	   0.018	   431.346
 731	183	 4.5682	 1.0122	   1.5090	        1.5094	          0.0004	   1.6601	1.152e-03	   0.021	   431.750
 732	183	 4.5683	 1.0120	   1.5090	        1.5094	          0.0004	   1.6267	1.223e-03	   0.022	   432.152
 733	184	 4.5686	 1.0124	   1.5090	        1.5094	          0.0004	   1.6685	1.077e-03	   0.018	   432.554
 734	184	 4.5685	 1.0123	   1.5090	        1.5094	          0.0004	   1.6310	1.120e-03	   0.019	   432.974
 735	184	 4.5683	 1.0122	   1.5090	        1.5094	          0.0004	   1.6237	1.168e-03	   0.025	   433.385
 736	184	 4.5686	 1.0119	   1.5090	        1.5094	          0.0004	   1.6213	1.290e-03	   0.018	   433.818
 737	185	 4.5686	 1.0118	   1.5090	        1.5094	          0.0004	   1.6372	1.316e-03	   0.018	   434.196
 738	185	 4.5690	 1.0121	   1.5090	        1.5094	          0.0004	   1.6778	1.173e-03	   0.021	   434.584
 739	185	 4.5689	 1.0122	   1.5090	        1.5094	          0.0004	   1.6437	1.140e-03	   0.020	   434.968
 740	185	 4.5683	 1.0121	   1.5090	        1.5094	          0.0004	   1.6076	1.201e-03	   0.018	   435.349
 741	186	 4.5687	 1.0121	   1.5090	        1.5094	          0.0004	   1.6376	1.211e-03	   0.019	   435.732
 742	186	 4.5686	 1.0121	   1.5090	        1.5094	          0.0004	   1.6442	1.177e-03	   0.021	   436.117
 743	186	 4.5686	 1.0126	   1.5090	        1.5094	          0.0004	   1.6775	9.633e-04	   0.021	   436.519
 744	186	 4.5687	 1.0122	   1.5090	        1.5094	          0.0004	   1.6060	1.169e-03	   0.020	   436.961
 745	187	 4.5691	 1.0128	   1.5090	        1.5094	          0.0004	   1.7016	8.832e-04	   0.023	   437.390
 746	187	 4.5691	 1.0131	   1.5090	        1.5094	          0.0004	   1.6696	7.230e-04	   0.021	   437.812
 747	187	 4.5691	 1.0124	   1.5090	        1.5094	          0.0004	   1.5685	1.079e-03	   0.018	   438.216
 748	187	 4.5690	 1.0122	   1.5090	        1.5094	          0.0004	   1.6238	1.134e-03	   0.019	   438.599
 749	188	 4.5692	 1.0115	   1.5090	        1.5094	          0.0004	   1.5761	1.472e-03	   0.021	   439.007
 750	188	 4.5694	 1.0116	   1.5090	        1.5094	          0.0004	   1.6518	1.424e-03	   0.021	   439.398
 751	188	 4.5690	 1.0118	   1.5090	        1.5094	          0.0004	   1.6499	1.343e-03	   0.020	   439.817
 752	188	 4.5689	 1.0121	   1.5090	        1.5094	          0.0004	   1.6649	1.195e-03	   0.021	   440.238
 753	189	 4.5691	 1.0122	   1.5090	        1.5094	          0.0004	   1.6401	1.169e-03	   0.022	   440.645
 754	189	 4.5693	 1.0121	   1.5090	        1.5094	          0.0004	   1.6397	1.211e-03	   0.018	   441.029
 755	189	 4.5693	 1.0120	   1.5090	        1.5094	          0.0004	   1.6264	1.264e-03	   0.021	   441.429
 756	189	 4.5689	 1.0124	   1.5090	        1.5094	          0.0004	   1.6741	1.052e-03	   0.022	   441.847
 757	190	 4.5689	 1.0128	   1.5090	        1.5094	          0.0004	   1.6615	8.982e-04	   0.021	   442.271
 758	190	 4.5688	 1.0128	   1.5090	        1.5094	          0.0004	   1.6447	8.649e-04	   0.019	   442.674
 759	190	 4.5686	 1.0127	   1.5090	        1.5094	          0.0004	   1.6194	9.441e-04	   0.021	   443.078
 760	190	 4.5687	 1.0127	   1.5090	        1.5094	          0.0004	   1.6417	9.444e-04	   0.022	   443.476
 761	191	 4.5688	 1.0124	   1.5090	        1.5094	          0.0004	   1.6110	1.072e-03	   0.018	   443.882
 762	191	 4.5688	 1.0125	   1.5090	        1.5094	          0.0004	   1.6499	1.006e-03	   0.021	   444.317
 763	191	 4.5690	 1.0128	   1.5090	        1.5094	          0.0004	   1.6697	8.584e-04	   0.023	   444.758
 764	191	 4.5689	 1.0128	   1.5090	        1.5094	          0.0004	   1.6386	8.604e-04	   0.019	   445.179
 765	192	 4.5692	 1.0129	   1.5090	        1.5094	          0.0004	   1.6515	8.439e-04	   0.018	   445.556
 766	192	 4.5689	 1.0133	   1.5090	        1.5094	          0.0004	   1.6626	6.692e-04	   0.021	   445.945
 767	192	 4.5688	 1.0124	   1.5090	        1.5094	          0.0004	   1.5691	1.040e-03	   0.020	   446.329
 768	192	 4.5688	 1.0128	   1.5090	        1.5094	          0.0004	   1.6690	8.674e-04	   0.018	   446.709
 769	193	 4.5692	 1.0134	   1.5090	        1.5094	          0.0004	   1.7003	6.258e-04	   0.019	   447.092
 770	193	 4.5688	 1.0125	   1.5090	        1.5094	          0.0004	   1.5511	1.005e-03	   0.021	   447.478
 771	193	 4.5689	 1.0125	   1.5090	        1.5094	          0.0004	   1.6342	1.017e-03	   0.019	   447.865
 772	193	 4.5689	 1.0125	   1.5090	        1.5094	          0.0004	   1.6422	1.000e-03	   0.020	   448.264
 773	194	 4.5688	 1.0127	   1.5090	        1.5094	          0.0004	   1.6534	9.342e-04	   0.021	   448.654
 774	194	 4.5683	 1.0119	   1.5090	        1.5094	          0.0004	   1.5534	1.290e-03	   0.020	   449.038
 775	194	 4.5687	 1.0124	   1.5090	        1.5094	          0.0004	   1.6892	1.063e-03	   0.020	   449.439
 776	194	 4.5684	 1.0126	   1.5090	        1.5094	          0.0004	   1.6481	9.490e-04	   0.019	   449.824
 777	195	 4.5686	 1.0123	   1.5090	        1.5094	          0.0004	   1.6209	1.109e-03	   0.021	   450.232
 778	195	 4.5686	 1.0128	   1.5090	        1.5094	          0.0004	   1.6779	8.714e-04	   0.019	   450.619
 779	195	 4.5686	 1.0125	   1.5090	        1.5094	          0.0004	   1.6129	1.003e-03	   0.018	   450.997
 780	195	 4.5686	 1.0126	   1.5090	        1.5094	          0.0004	   1.6438	9.485e-04	   0.021	   451.386
 781	196	 4.5683	 1.0130	   1.5090	        1.5094	          0.0004	   1.6705	7.685e-04	   0.020	   451.770
 782	196	 4.5684	 1.0128	   1.5090	        1.5094	          0.0004	   1.6219	8.615e-04	   0.018	   452.151
 783	196	 4.5686	 1.0129	   1.5090	        1.5094	          0.0004	   1.6479	8.309e-04	   0.021	   452.552
 784	196	 4.5686	 1.0124	   1.5090	        1.5094	          0.0004	   1.5913	1.068e-03	   0.021	   452.958
 785	197	 4.5685	 1.0119	   1.5090	        1.5094	          0.0004	   1.5968	1.280e-03	   0.020	   453.351
 786	197	 4.5688	 1.0122	   1.5090	        1.5094	          0.0004	   1.6741	1.149e-03	   0.020	   453.759
 787	197	 4.5688	 1.0119	   1.5090	        1.5094	          0.0004	   1.6100	1.296e-03	   0.021	   454.166
 788	197	 4.5689	 1.0122	   1.5090	        1.5094	          0.0004	   1.6677	1.139e-03	   0.022	   454.555
 789	198	 4.5684	 1.0117	   1.5090	        1.5094	          0.0004	   1.5816	1.369e-03	   0.020	   454.966
 790	198	 4.5684	 1.0119	   1.5090	        1.5094	          0.0004	   1.6481	1.290e-03	   0.023	   455.403
 791	198	 4.5687	 1.0121	   1.5090	        1.5094	          0.0004	   1.6571	1.216e-03	   0.021	   455.831
 792	198	 4.5690	 1.0123	   1.5090	        1.5094	          0.0004	   1.6812	1.089e-03	   0.018	   456.234
 793	199	 4.5685	 1.0131	   1.5090	        1.5094	          0.0004	   1.6947	7.269e-04	   0.018	   456.612
 794	199	 4.5687	 1.0124	   1.5090	        1.5094	          0.0004	   1.5793	1.040e-03	   0.021	   457.001
 795	199	 4.5687	 1.0122	   1.5090	        1.5094	          0.0004	   1.6217	1.167e-03	   0.020	   457.384
 796	199	 4.5689	 1.0120	   1.5090	        1.5094	          0.0004	   1.6342	1.220e-03	   0.018	   457.765
 797	200	 4.5688	 1.0119	   1.5090	        1.5094	          0.0004	   1.6288	1.277e-03	   0.018	   458.126
 798	200	 4.5687	 1.0118	   1.5090	        1.5094	          0.0004	   1.6223	1.334e-03	   0.018	   458.492
 799	200	 4.5690	 1.0122	   1.5090	        1.5094	          0.0004	   1.6847	1.152e-03	   0.017	   458.848
 800	200	 4.5691	 1.0117	   1.5090	        1.5094	          0.0004	   1.5904	1.399e-03	   0.020	   459.212

[BSGD] Finished on device cuda -> σ_f² ≈ 4.5691, σ_ε² ≈ 1.0117
