[GPU 2][JOB 131] 'python cli.py bsgd --n 1024 --lengthscale 0.5 --sigma-f2-true 4.0 --sigma-eps2-true 1.0 --n-epochs 200 --device auto --kernel-mode finite --theta-min 1e-4 --theta-max 20.0 --print-every 1 --seed 0 --batch-size 512 --sigma-f2-init 5.0 --sigma-eps2-init 3.0 --alpha1 9.0 '

=== BSGD (biased SGD on exact kernel) ===
iter	epoch	σ_f²	σ_ε²	real_nlml	real_nlml_true	real_nlml_abs_err	mini_nlml	||grad||	duration_s	wall_time_s
   1	 1	 4.5233	 2.1323	   1.6084	        1.5052	          0.1032	   1.6767	1.173e-01	   0.116	     0.201
   2	 1	 4.3446	 1.5725	   1.5440	        1.5052	          0.0388	   1.5581	1.068e-01	   0.045	     0.753
   3	 2	 4.2646	 1.1938	   1.5107	        1.5052	          0.0055	   1.5091	5.772e-02	   0.048	     1.338
   4	 2	 4.2091	 1.1330	   1.5076	        1.5052	          0.0024	   1.5937	4.134e-02	   0.083	     2.069
   5	 3	 4.1896	 1.0355	   1.5052	        1.5052	          0.0000	   1.5367	5.900e-03	   0.073	     2.903
   6	 3	 4.1487	 1.0599	   1.5054	        1.5052	          0.0003	   1.5755	1.601e-02	   0.064	     3.754
   7	 4	 4.1293	 1.0113	   1.5052	        1.5052	          0.0000	   1.5303	5.250e-03	   0.078	     4.596
   8	 4	 4.1058	 1.0460	   1.5052	        1.5052	          0.0001	   1.5761	1.034e-02	   0.083	     5.461
   9	 5	 4.1116	 1.0544	   1.5053	        1.5052	          0.0002	   1.5752	1.382e-02	   0.069	     6.300
  10	 5	 4.0831	 1.0202	   1.5051	        1.5052	          0.0001	   1.5235	1.130e-03	   0.067	     7.148
  11	 6	 4.0869	 1.0077	   1.5052	        1.5052	          0.0000	   1.5347	6.973e-03	   0.079	     8.027
  12	 6	 4.0571	 1.0243	   1.5051	        1.5052	          0.0001	   1.5682	9.853e-04	   0.082	     8.893
  13	 7	 4.0410	 1.0169	   1.5051	        1.5052	          0.0001	   1.5414	2.618e-03	   0.059	     9.751
  14	 7	 4.0320	 1.0276	   1.5051	        1.5052	          0.0001	   1.5654	2.402e-03	   0.078	    10.640
  15	 8	 4.0328	 1.0329	   1.5051	        1.5052	          0.0001	   1.5641	4.717e-03	   0.071	    11.518
  16	 8	 4.0110	 1.0280	   1.5051	        1.5052	          0.0001	   1.5478	2.572e-03	   0.069	    12.371
  17	 9	 4.0040	 1.0321	   1.5051	        1.5052	          0.0001	   1.5618	4.372e-03	   0.073	    13.227
  18	 9	 4.0026	 1.0146	   1.5051	        1.5052	          0.0001	   1.5238	3.691e-03	   0.078	    14.088
  19	10	 3.9935	 1.0320	   1.5051	        1.5052	          0.0001	   1.5853	4.328e-03	   0.074	    14.953
  20	10	 3.9864	 1.0157	   1.5051	        1.5052	          0.0001	   1.5174	3.174e-03	   0.078	    15.796
  21	11	 3.9785	 1.0284	   1.5051	        1.5052	          0.0001	   1.5793	2.736e-03	   0.074	    16.655
  22	11	 3.9768	 1.0175	   1.5051	        1.5052	          0.0001	   1.5272	2.336e-03	   0.069	    17.510
  23	12	 3.9664	 1.0195	   1.5051	        1.5052	          0.0001	   1.5562	1.418e-03	   0.076	    18.370
  24	12	 3.9625	 1.0222	   1.5051	        1.5052	          0.0001	   1.5569	4.037e-04	   0.083	    19.262
  25	13	 3.9525	 1.0261	   1.5051	        1.5052	          0.0001	   1.5624	1.709e-03	   0.088	    20.196
  26	13	 3.9513	 1.0247	   1.5050	        1.5052	          0.0001	   1.5510	1.106e-03	   0.061	    21.076
  27	14	 3.9504	 1.0238	   1.5050	        1.5052	          0.0001	   1.5512	7.289e-04	   0.079	    22.008
  28	14	 3.9471	 1.0236	   1.5050	        1.5052	          0.0001	   1.5538	6.203e-04	   0.072	    22.907
  29	15	 3.9417	 1.0302	   1.5051	        1.5052	          0.0001	   1.5750	3.517e-03	   0.065	    23.756
  30	15	 3.9366	 1.0266	   1.5050	        1.5052	          0.0001	   1.5427	1.911e-03	   0.065	    24.608
  31	16	 3.9383	 1.0345	   1.5051	        1.5052	          0.0001	   1.5824	5.396e-03	   0.082	    25.470
  32	16	 3.9289	 1.0254	   1.5050	        1.5052	          0.0001	   1.5228	1.364e-03	   0.078	    26.332
  33	17	 3.9231	 1.0277	   1.5050	        1.5052	          0.0001	   1.5629	2.404e-03	   0.067	    27.179
  34	17	 3.9236	 1.0240	   1.5050	        1.5052	          0.0001	   1.5411	7.929e-04	   0.078	    28.044
  35	18	 3.9228	 1.0244	   1.5050	        1.5052	          0.0001	   1.5582	9.586e-04	   0.080	    28.900
  36	18	 3.9187	 1.0184	   1.5050	        1.5052	          0.0001	   1.5251	1.933e-03	   0.076	    29.757
  37	19	 3.9173	 1.0143	   1.5050	        1.5052	          0.0001	   1.5349	3.820e-03	   0.078	    30.619
  38	19	 3.9156	 1.0187	   1.5050	        1.5052	          0.0001	   1.5683	1.798e-03	   0.080	    31.500
  39	20	 3.9121	 1.0217	   1.5050	        1.5052	          0.0002	   1.5652	4.936e-04	   0.069	    32.383
  40	20	 3.9105	 1.0198	   1.5050	        1.5052	          0.0002	   1.5428	1.276e-03	   0.077	    33.263
  41	21	 3.9144	 1.0255	   1.5050	        1.5052	          0.0001	   1.5792	1.440e-03	   0.066	    34.116
  42	21	 3.9097	 1.0171	   1.5050	        1.5052	          0.0001	   1.5136	2.515e-03	   0.074	    34.976
  43	22	 3.9099	 1.0168	   1.5050	        1.5052	          0.0001	   1.5483	2.632e-03	   0.059	    35.815
  44	22	 3.9046	 1.0187	   1.5050	        1.5052	          0.0002	   1.5590	1.781e-03	   0.085	    36.684
  45	23	 3.9045	 1.0189	   1.5050	        1.5052	          0.0002	   1.5520	1.674e-03	   0.077	    37.550
  46	23	 3.9022	 1.0202	   1.5050	        1.5052	          0.0002	   1.5586	1.106e-03	   0.066	    38.395
  47	24	 3.9057	 1.0177	   1.5050	        1.5052	          0.0001	   1.5432	2.226e-03	   0.079	    39.261
  48	24	 3.8999	 1.0212	   1.5050	        1.5052	          0.0002	   1.5654	6.650e-04	   0.092	    40.189
  49	25	 3.8973	 1.0238	   1.5050	        1.5052	          0.0002	   1.5671	6.969e-04	   0.072	    41.131
  50	25	 3.8989	 1.0194	   1.5050	        1.5052	          0.0002	   1.5283	1.471e-03	   0.068	    42.032
  51	26	 3.8931	 1.0109	   1.5051	        1.5052	          0.0001	   1.5030	5.434e-03	   0.093	    42.974
  52	26	 3.8955	 1.0184	   1.5050	        1.5052	          0.0002	   1.5885	1.928e-03	   0.074	    43.883
  53	27	 3.8907	 1.0215	   1.5050	        1.5052	          0.0002	   1.5654	5.448e-04	   0.071	    44.751
  54	27	 3.8928	 1.0193	   1.5050	        1.5052	          0.0002	   1.5424	1.501e-03	   0.072	    45.601
  55	28	 3.8908	 1.0176	   1.5050	        1.5052	          0.0002	   1.5398	2.293e-03	   0.079	    46.466
  56	28	 3.8894	 1.0213	   1.5050	        1.5052	          0.0002	   1.5748	6.193e-04	   0.061	    47.312
  57	29	 3.8888	 1.0174	   1.5050	        1.5052	          0.0002	   1.5268	2.400e-03	   0.074	    48.166
  58	29	 3.8851	 1.0206	   1.5050	        1.5052	          0.0002	   1.5695	9.376e-04	   0.074	    49.034
  59	30	 3.8802	 1.0216	   1.5050	        1.5052	          0.0002	   1.5536	4.990e-04	   0.074	    49.889
  60	30	 3.8816	 1.0202	   1.5050	        1.5052	          0.0002	   1.5464	1.093e-03	   0.073	    50.738
  61	31	 3.8765	 1.0182	   1.5050	        1.5052	          0.0002	   1.5350	2.023e-03	   0.077	    51.621
  62	31	 3.8784	 1.0200	   1.5050	        1.5052	          0.0002	   1.5652	1.171e-03	   0.076	    52.482
  63	32	 3.8786	 1.0192	   1.5050	        1.5052	          0.0002	   1.5465	1.544e-03	   0.068	    53.344
  64	32	 3.8759	 1.0212	   1.5050	        1.5052	          0.0002	   1.5641	6.689e-04	   0.090	    54.256
  65	33	 3.8737	 1.0196	   1.5050	        1.5052	          0.0002	   1.5384	1.361e-03	   0.082	    55.111
  66	33	 3.8731	 1.0226	   1.5050	        1.5052	          0.0002	   1.5755	2.943e-04	   0.061	    55.962
  67	34	 3.8715	 1.0226	   1.5050	        1.5052	          0.0002	   1.5509	2.915e-04	   0.071	    56.819
  68	34	 3.8708	 1.0237	   1.5050	        1.5052	          0.0002	   1.5619	6.267e-04	   0.078	    57.682
  69	35	 3.8678	 1.0307	   1.5050	        1.5052	          0.0002	   1.6080	3.697e-03	   0.059	    58.529
  70	35	 3.8686	 1.0244	   1.5050	        1.5052	          0.0002	   1.5056	9.361e-04	   0.069	    59.378
  71	36	 3.8700	 1.0244	   1.5050	        1.5052	          0.0002	   1.5563	9.315e-04	   0.071	    60.238
  72	36	 3.8679	 1.0242	   1.5050	        1.5052	          0.0002	   1.5499	8.257e-04	   0.087	    61.114
  73	37	 3.8660	 1.0221	   1.5050	        1.5052	          0.0002	   1.5323	3.273e-04	   0.071	    62.037
  74	37	 3.8661	 1.0251	   1.5050	        1.5052	          0.0002	   1.5800	1.217e-03	   0.081	    62.918
  75	38	 3.8641	 1.0274	   1.5050	        1.5052	          0.0002	   1.5728	2.268e-03	   0.081	    63.824
  76	38	 3.8642	 1.0260	   1.5050	        1.5052	          0.0002	   1.5433	1.602e-03	   0.073	    64.738
  77	39	 3.8611	 1.0233	   1.5050	        1.5052	          0.0002	   1.5263	4.647e-04	   0.076	    65.632
  78	39	 3.8625	 1.0260	   1.5050	        1.5052	          0.0002	   1.5818	1.627e-03	   0.074	    66.492
  79	40	 3.8629	 1.0264	   1.5050	        1.5052	          0.0002	   1.5602	1.786e-03	   0.078	    67.358
  80	40	 3.8626	 1.0264	   1.5050	        1.5052	          0.0002	   1.5542	1.820e-03	   0.070	    68.202
  81	41	 3.8632	 1.0281	   1.5050	        1.5052	          0.0002	   1.5707	2.552e-03	   0.078	    69.066
  82	41	 3.8622	 1.0255	   1.5050	        1.5052	          0.0002	   1.5298	1.396e-03	   0.069	    69.915
  83	42	 3.8623	 1.0248	   1.5050	        1.5052	          0.0002	   1.5493	1.084e-03	   0.067	    70.765
  84	42	 3.8617	 1.0249	   1.5050	        1.5052	          0.0002	   1.5549	1.143e-03	   0.079	    71.629
  85	43	 3.8613	 1.0245	   1.5050	        1.5052	          0.0002	   1.5486	9.399e-04	   0.082	    72.499
  86	43	 3.8614	 1.0243	   1.5050	        1.5052	          0.0002	   1.5536	8.491e-04	   0.060	    73.364
  87	44	 3.8618	 1.0247	   1.5050	        1.5052	          0.0002	   1.5585	1.047e-03	   0.083	    74.240
  88	44	 3.8604	 1.0240	   1.5050	        1.5052	          0.0002	   1.5454	7.407e-04	   0.078	    75.117
  89	45	 3.8626	 1.0278	   1.5050	        1.5052	          0.0002	   1.5980	2.410e-03	   0.067	    75.995
  90	45	 3.8604	 1.0230	   1.5050	        1.5052	          0.0002	   1.5009	3.505e-04	   0.075	    76.887
  91	46	 3.8608	 1.0241	   1.5050	        1.5052	          0.0002	   1.5669	7.772e-04	   0.085	    77.795
  92	46	 3.8585	 1.0234	   1.5050	        1.5052	          0.0002	   1.5440	5.134e-04	   0.087	    78.710
  93	47	 3.8582	 1.0249	   1.5050	        1.5052	          0.0002	   1.5665	1.139e-03	   0.072	    79.553
  94	47	 3.8584	 1.0225	   1.5050	        1.5052	          0.0002	   1.5308	2.751e-04	   0.077	    80.416
  95	48	 3.8600	 1.0201	   1.5050	        1.5052	          0.0002	   1.5277	1.123e-03	   0.077	    81.321
  96	48	 3.8576	 1.0215	   1.5050	        1.5052	          0.0002	   1.5661	5.245e-04	   0.072	    82.242
  97	49	 3.8569	 1.0225	   1.5050	        1.5052	          0.0002	   1.5605	2.737e-04	   0.075	    83.168
  98	49	 3.8561	 1.0220	   1.5050	        1.5052	          0.0002	   1.5487	3.422e-04	   0.083	    84.062
  99	50	 3.8593	 1.0216	   1.5050	        1.5052	          0.0002	   1.5498	4.953e-04	   0.069	    84.950
 100	50	 3.8564	 1.0209	   1.5050	        1.5052	          0.0002	   1.5427	7.951e-04	   0.081	    85.877
 101	51	 3.8562	 1.0229	   1.5050	        1.5052	          0.0002	   1.5757	3.181e-04	   0.077	    86.789
 102	51	 3.8549	 1.0209	   1.5050	        1.5052	          0.0002	   1.5286	7.869e-04	   0.076	    87.655
 103	52	 3.8534	 1.0201	   1.5050	        1.5052	          0.0002	   1.5408	1.149e-03	   0.067	    88.505
 104	52	 3.8532	 1.0206	   1.5050	        1.5052	          0.0002	   1.5587	9.021e-04	   0.085	    89.360
 105	53	 3.8536	 1.0177	   1.5050	        1.5052	          0.0002	   1.5184	2.219e-03	   0.080	    90.226
 106	53	 3.8526	 1.0214	   1.5050	        1.5052	          0.0002	   1.5955	5.544e-04	   0.059	    91.071
 107	54	 3.8526	 1.0243	   1.5050	        1.5052	          0.0002	   1.5855	8.762e-04	   0.084	    91.939
 108	54	 3.8522	 1.0211	   1.5050	        1.5052	          0.0002	   1.5156	6.995e-04	   0.070	    92.788
 109	55	 3.8530	 1.0215	   1.5050	        1.5052	          0.0002	   1.5576	5.244e-04	   0.071	    93.647
 110	55	 3.8512	 1.0207	   1.5050	        1.5052	          0.0002	   1.5424	8.523e-04	   0.065	    94.507
 111	56	 3.8495	 1.0208	   1.5050	        1.5052	          0.0002	   1.5507	8.257e-04	   0.079	    95.377
 112	56	 3.8502	 1.0209	   1.5050	        1.5052	          0.0002	   1.5542	7.675e-04	   0.075	    96.264
 113	57	 3.8480	 1.0270	   1.5050	        1.5052	          0.0002	   1.6287	2.059e-03	   0.065	    97.153
 114	57	 3.8489	 1.0218	   1.5050	        1.5052	          0.0002	   1.4875	4.057e-04	   0.071	    98.016
 115	58	 3.8480	 1.0198	   1.5050	        1.5052	          0.0002	   1.5252	1.278e-03	   0.081	    98.874
 116	58	 3.8475	 1.0228	   1.5050	        1.5052	          0.0002	   1.5911	3.036e-04	   0.064	    99.717
 117	59	 3.8472	 1.0231	   1.5050	        1.5052	          0.0002	   1.5547	3.672e-04	   0.076	   100.574
 118	59	 3.8459	 1.0228	   1.5050	        1.5052	          0.0002	   1.5486	2.898e-04	   0.081	   101.443
 119	60	 3.8456	 1.0257	   1.5050	        1.5052	          0.0002	   1.5891	1.494e-03	   0.074	   102.296
 120	60	 3.8447	 1.0236	   1.5050	        1.5052	          0.0002	   1.5273	5.717e-04	   0.079	   103.184
 121	61	 3.8460	 1.0231	   1.5050	        1.5052	          0.0002	   1.5461	3.623e-04	   0.080	   104.047
 122	61	 3.8441	 1.0236	   1.5050	        1.5052	          0.0002	   1.5596	5.586e-04	   0.071	   104.940
 123	62	 3.8441	 1.0237	   1.5050	        1.5052	          0.0002	   1.5509	6.056e-04	   0.063	   105.815
 124	62	 3.8432	 1.0235	   1.5050	        1.5052	          0.0002	   1.5537	5.373e-04	   0.089	   106.718
 125	63	 3.8426	 1.0232	   1.5050	        1.5052	          0.0002	   1.5469	3.944e-04	   0.076	   107.656
 126	63	 3.8426	 1.0233	   1.5050	        1.5052	          0.0002	   1.5566	4.402e-04	   0.064	   108.538
 127	64	 3.8410	 1.0229	   1.5050	        1.5052	          0.0002	   1.5440	3.018e-04	   0.068	   109.392
 128	64	 3.8414	 1.0234	   1.5050	        1.5052	          0.0002	   1.5627	4.678e-04	   0.080	   110.257
 129	65	 3.8396	 1.0225	   1.5050	        1.5052	          0.0002	   1.5353	2.535e-04	   0.065	   111.110
 130	65	 3.8400	 1.0225	   1.5050	        1.5052	          0.0002	   1.5572	2.537e-04	   0.070	   111.954
 131	66	 3.8405	 1.0242	   1.5050	        1.5052	          0.0002	   1.5801	8.360e-04	   0.079	   112.825
 132	66	 3.8400	 1.0216	   1.5050	        1.5052	          0.0002	   1.5147	4.746e-04	   0.083	   113.683
 133	67	 3.8405	 1.0233	   1.5050	        1.5052	          0.0002	   1.5762	4.530e-04	   0.067	   114.531
 134	67	 3.8397	 1.0219	   1.5050	        1.5052	          0.0002	   1.5325	3.826e-04	   0.076	   115.403
 135	68	 3.8400	 1.0204	   1.5050	        1.5052	          0.0002	   1.5284	1.015e-03	   0.084	   116.277
 136	68	 3.8403	 1.0214	   1.5050	        1.5052	          0.0002	   1.5703	5.693e-04	   0.060	   117.137
 137	69	 3.8384	 1.0199	   1.5050	        1.5052	          0.0002	   1.5270	1.229e-03	   0.086	   118.026
 138	69	 3.8387	 1.0212	   1.5050	        1.5052	          0.0002	   1.5721	6.336e-04	   0.074	   118.897
 139	70	 3.8385	 1.0196	   1.5050	        1.5052	          0.0002	   1.5273	1.369e-03	   0.073	   119.761
 140	70	 3.8387	 1.0217	   1.5050	        1.5052	          0.0002	   1.5843	4.477e-04	   0.070	   120.612
 141	71	 3.8376	 1.0216	   1.5050	        1.5052	          0.0002	   1.5496	4.832e-04	   0.072	   121.468
 142	71	 3.8385	 1.0209	   1.5050	        1.5052	          0.0002	   1.5436	7.857e-04	   0.073	   122.359
 143	72	 3.8390	 1.0195	   1.5050	        1.5052	          0.0002	   1.5292	1.407e-03	   0.077	   123.272
 144	72	 3.8385	 1.0209	   1.5050	        1.5052	          0.0002	   1.5737	7.993e-04	   0.078	   124.158
 145	73	 3.8385	 1.0209	   1.5050	        1.5052	          0.0002	   1.5541	7.944e-04	   0.080	   125.037
 146	73	 3.8396	 1.0206	   1.5050	        1.5052	          0.0002	   1.5492	8.928e-04	   0.068	   125.919
 147	74	 3.8391	 1.0205	   1.5050	        1.5052	          0.0002	   1.5482	9.533e-04	   0.079	   126.800
 148	74	 3.8386	 1.0205	   1.5050	        1.5052	          0.0002	   1.5531	9.458e-04	   0.085	   127.700
 149	75	 3.8389	 1.0194	   1.5050	        1.5052	          0.0002	   1.5329	1.439e-03	   0.071	   128.613
 150	75	 3.8380	 1.0212	   1.5050	        1.5052	          0.0002	   1.5820	6.456e-04	   0.071	   129.515
 151	76	 3.8371	 1.0213	   1.5050	        1.5052	          0.0002	   1.5515	5.885e-04	   0.074	   130.385
 152	76	 3.8373	 1.0212	   1.5050	        1.5052	          0.0002	   1.5509	6.528e-04	   0.082	   131.253
 153	77	 3.8357	 1.0208	   1.5050	        1.5052	          0.0002	   1.5414	8.385e-04	   0.057	   132.094
 154	77	 3.8368	 1.0213	   1.5050	        1.5052	          0.0002	   1.5640	6.095e-04	   0.076	   132.956
 155	78	 3.8362	 1.0191	   1.5050	        1.5052	          0.0002	   1.5134	1.612e-03	   0.071	   133.810
 156	78	 3.8362	 1.0216	   1.5050	        1.5052	          0.0002	   1.5965	4.758e-04	   0.069	   134.663
 157	79	 3.8355	 1.0218	   1.5050	        1.5052	          0.0002	   1.5521	4.153e-04	   0.074	   135.520
 158	79	 3.8350	 1.0224	   1.5050	        1.5052	          0.0002	   1.5641	2.519e-04	   0.080	   136.380
 159	80	 3.8348	 1.0223	   1.5050	        1.5052	          0.0002	   1.5466	2.732e-04	   0.073	   137.267
 160	80	 3.8337	 1.0225	   1.5050	        1.5052	          0.0002	   1.5580	2.468e-04	   0.082	   138.117
 161	81	 3.8335	 1.0248	   1.5050	        1.5052	          0.0002	   1.5953	1.094e-03	   0.074	   138.993
 162	81	 3.8333	 1.0223	   1.5050	        1.5052	          0.0002	   1.5072	2.563e-04	   0.069	   139.891
 163	82	 3.8338	 1.0245	   1.5050	        1.5052	          0.0002	   1.5897	9.562e-04	   0.073	   140.744
 164	82	 3.8330	 1.0225	   1.5050	        1.5052	          0.0002	   1.5187	2.460e-04	   0.075	   141.598
 165	83	 3.8336	 1.0234	   1.5050	        1.5052	          0.0002	   1.5692	4.963e-04	   0.084	   142.469
 166	83	 3.8320	 1.0228	   1.5050	        1.5052	          0.0002	   1.5403	2.851e-04	   0.060	   143.308
 167	84	 3.8312	 1.0215	   1.5050	        1.5052	          0.0002	   1.5272	5.412e-04	   0.077	   144.150
 168	84	 3.8313	 1.0230	   1.5050	        1.5052	          0.0002	   1.5820	3.412e-04	   0.067	   144.993
 169	85	 3.8305	 1.0224	   1.5050	        1.5052	          0.0002	   1.5409	2.442e-04	   0.105	   145.844
 170	85	 3.8308	 1.0226	   1.5050	        1.5052	          0.0002	   1.5575	2.505e-04	   0.068	   146.671
 171	86	 3.8310	 1.0223	   1.5050	        1.5052	          0.0002	   1.5498	2.544e-04	   0.077	   147.517
 172	86	 3.8295	 1.0228	   1.5050	        1.5052	          0.0002	   1.5558	2.824e-04	   0.079	   148.374
 173	87	 3.8295	 1.0228	   1.5050	        1.5052	          0.0002	   1.5519	2.670e-04	   0.075	   149.236
 174	87	 3.8291	 1.0227	   1.5050	        1.5052	          0.0002	   1.5527	2.593e-04	   0.072	   150.114
 175	88	 3.8270	 1.0227	   1.5050	        1.5052	          0.0002	   1.5489	2.483e-04	   0.080	   150.956
 176	88	 3.8276	 1.0231	   1.5050	        1.5052	          0.0002	   1.5618	3.640e-04	   0.072	   151.773
 177	89	 3.8278	 1.0246	   1.5050	        1.5052	          0.0002	   1.5838	9.742e-04	   0.073	   152.580
 178	89	 3.8268	 1.0231	   1.5050	        1.5052	          0.0002	   1.5218	3.759e-04	   0.077	   153.403
 179	90	 3.8260	 1.0260	   1.5050	        1.5052	          0.0002	   1.6087	1.588e-03	   0.067	   154.215
 180	90	 3.8263	 1.0226	   1.5050	        1.5052	          0.0002	   1.4870	2.421e-04	   0.078	   155.034
 181	91	 3.8268	 1.0230	   1.5050	        1.5052	          0.0002	   1.5604	3.433e-04	   0.056	   155.838
 182	91	 3.8259	 1.0224	   1.5050	        1.5052	          0.0002	   1.5421	2.394e-04	   0.079	   156.677
 183	92	 3.8244	 1.0231	   1.5050	        1.5052	          0.0002	   1.5668	3.744e-04	   0.069	   157.553
 184	92	 3.8260	 1.0223	   1.5050	        1.5052	          0.0002	   1.5372	2.595e-04	   0.076	   158.419
 185	93	 3.8250	 1.0198	   1.5050	        1.5052	          0.0002	   1.4973	1.259e-03	   0.069	   159.296
 186	93	 3.8245	 1.0221	   1.5050	        1.5052	          0.0002	   1.5999	2.909e-04	   0.069	   160.173
 187	94	 3.8246	 1.0237	   1.5050	        1.5052	          0.0002	   1.5866	6.003e-04	   0.075	   160.997
 188	94	 3.8244	 1.0221	   1.5050	        1.5052	          0.0002	   1.5192	2.942e-04	   0.080	   161.831
 189	95	 3.8239	 1.0215	   1.5050	        1.5052	          0.0002	   1.5389	5.042e-04	   0.075	   162.694
 190	95	 3.8243	 1.0221	   1.5050	        1.5052	          0.0002	   1.5669	2.908e-04	   0.080	   163.533
 191	96	 3.8254	 1.0211	   1.5050	        1.5052	          0.0002	   1.5339	7.113e-04	   0.086	   164.410
 192	96	 3.8239	 1.0213	   1.5050	        1.5052	          0.0002	   1.5518	6.079e-04	   0.075	   165.244
 193	97	 3.8233	 1.0193	   1.5050	        1.5052	          0.0002	   1.5093	1.483e-03	   0.069	   166.057
 194	97	 3.8234	 1.0216	   1.5050	        1.5052	          0.0002	   1.6001	4.833e-04	   0.067	   166.866
 195	98	 3.8234	 1.0223	   1.5050	        1.5052	          0.0002	   1.5699	2.459e-04	   0.083	   167.720
 196	98	 3.8230	 1.0218	   1.5050	        1.5052	          0.0002	   1.5400	3.877e-04	   0.061	   168.550
 197	99	 3.8240	 1.0219	   1.5050	        1.5052	          0.0002	   1.5565	3.531e-04	   0.075	   169.406
 198	99	 3.8231	 1.0214	   1.5050	        1.5052	          0.0002	   1.5404	5.742e-04	   0.069	   170.307
 199	100	 3.8224	 1.0211	   1.5050	        1.5052	          0.0002	   1.5477	6.884e-04	   0.074	   171.168
 200	100	 3.8227	 1.0217	   1.5050	        1.5052	          0.0002	   1.5639	4.497e-04	   0.073	   171.980
 201	101	 3.8228	 1.0211	   1.5050	        1.5052	          0.0002	   1.5408	6.846e-04	   0.068	   172.787
 202	101	 3.8223	 1.0222	   1.5050	        1.5052	          0.0002	   1.5761	2.728e-04	   0.074	   173.616
 203	102	 3.8218	 1.0236	   1.5050	        1.5052	          0.0002	   1.5826	5.317e-04	   0.071	   174.419
 204	102	 3.8226	 1.0217	   1.5050	        1.5052	          0.0002	   1.5114	4.584e-04	   0.080	   175.244
 205	103	 3.8222	 1.0220	   1.5050	        1.5052	          0.0002	   1.5580	3.467e-04	   0.076	   176.056
 206	103	 3.8218	 1.0220	   1.5050	        1.5052	          0.0002	   1.5540	3.308e-04	   0.066	   176.869
 207	104	 3.8213	 1.0221	   1.5050	        1.5052	          0.0002	   1.5546	2.893e-04	   0.072	   177.683
 208	104	 3.8216	 1.0218	   1.5050	        1.5052	          0.0002	   1.5463	3.953e-04	   0.077	   178.525
 209	105	 3.8215	 1.0216	   1.5050	        1.5052	          0.0002	   1.5454	4.712e-04	   0.063	   179.345
 210	105	 3.8216	 1.0215	   1.5050	        1.5052	          0.0002	   1.5516	5.331e-04	   0.076	   180.177
 211	106	 3.8219	 1.0222	   1.5050	        1.5052	          0.0002	   1.5733	2.727e-04	   0.063	   181.030
 212	106	 3.8217	 1.0216	   1.5050	        1.5052	          0.0002	   1.5371	4.677e-04	   0.080	   181.855
 213	107	 3.8220	 1.0205	   1.5050	        1.5052	          0.0002	   1.5289	9.492e-04	   0.058	   182.661
 214	107	 3.8220	 1.0212	   1.5050	        1.5052	          0.0002	   1.5659	6.675e-04	   0.070	   183.476
 215	108	 3.8211	 1.0216	   1.5050	        1.5052	          0.0002	   1.5615	4.910e-04	   0.080	   184.340
 216	108	 3.8213	 1.0217	   1.5050	        1.5052	          0.0002	   1.5566	4.200e-04	   0.072	   185.145
 217	109	 3.8201	 1.0232	   1.5050	        1.5052	          0.0002	   1.5863	3.851e-04	   0.075	   185.964
 218	109	 3.8211	 1.0216	   1.5050	        1.5052	          0.0002	   1.5165	4.761e-04	   0.076	   186.776
 219	110	 3.8213	 1.0227	   1.5050	        1.5052	          0.0002	   1.5776	2.409e-04	   0.079	   187.622
 220	110	 3.8210	 1.0218	   1.5050	        1.5052	          0.0002	   1.5338	3.929e-04	   0.075	   188.450
 221	111	 3.8203	 1.0220	   1.5050	        1.5052	          0.0002	   1.5543	3.199e-04	   0.073	   189.304
 222	111	 3.8207	 1.0218	   1.5050	        1.5052	          0.0002	   1.5506	3.923e-04	   0.082	   190.183
 223	112	 3.8214	 1.0218	   1.5050	        1.5052	          0.0002	   1.5558	4.152e-04	   0.074	   191.046
 224	112	 3.8203	 1.0220	   1.5050	        1.5052	          0.0002	   1.5529	3.305e-04	   0.064	   191.880
 225	113	 3.8198	 1.0236	   1.5050	        1.5052	          0.0002	   1.5896	5.601e-04	   0.076	   192.706
 226	113	 3.8197	 1.0226	   1.5050	        1.5052	          0.0002	   1.5296	2.327e-04	   0.057	   193.515
 227	114	 3.8200	 1.0224	   1.5050	        1.5052	          0.0002	   1.5507	2.328e-04	   0.076	   194.332
 228	114	 3.8192	 1.0229	   1.5050	        1.5052	          0.0002	   1.5625	2.897e-04	   0.073	   195.148
 229	115	 3.8187	 1.0235	   1.5050	        1.5052	          0.0002	   1.5671	4.986e-04	   0.069	   195.959
 230	115	 3.8185	 1.0229	   1.5050	        1.5052	          0.0002	   1.5364	2.916e-04	   0.072	   196.778
 231	116	 3.8185	 1.0234	   1.5050	        1.5052	          0.0002	   1.5672	4.534e-04	   0.077	   197.592
 232	116	 3.8179	 1.0228	   1.5050	        1.5052	          0.0002	   1.5350	2.753e-04	   0.083	   198.442
 233	117	 3.8172	 1.0228	   1.5050	        1.5052	          0.0002	   1.5461	2.535e-04	   0.065	   199.240
 234	117	 3.8171	 1.0232	   1.5050	        1.5052	          0.0002	   1.5667	3.859e-04	   0.072	   200.081
 235	118	 3.8172	 1.0241	   1.5050	        1.5052	          0.0002	   1.5758	7.790e-04	   0.081	   200.953
 236	118	 3.8168	 1.0231	   1.5050	        1.5052	          0.0002	   1.5269	3.585e-04	   0.075	   201.818
 237	119	 3.8166	 1.0222	   1.5050	        1.5052	          0.0002	   1.5302	2.737e-04	   0.062	   202.635
 238	119	 3.8161	 1.0231	   1.5050	        1.5052	          0.0002	   1.5724	3.489e-04	   0.078	   203.491
 239	120	 3.8168	 1.0228	   1.5050	        1.5052	          0.0002	   1.5490	2.584e-04	   0.071	   204.334
 240	120	 3.8162	 1.0230	   1.5050	        1.5052	          0.0002	   1.5563	3.171e-04	   0.075	   205.155
 241	121	 3.8163	 1.0226	   1.5050	        1.5052	          0.0002	   1.5468	2.327e-04	   0.060	   205.967
 242	121	 3.8157	 1.0236	   1.5050	        1.5052	          0.0002	   1.5734	5.311e-04	   0.076	   206.788
 243	122	 3.8161	 1.0237	   1.5050	        1.5052	          0.0002	   1.5607	5.829e-04	   0.069	   207.603
 244	122	 3.8156	 1.0234	   1.5050	        1.5052	          0.0002	   1.5430	4.774e-04	   0.072	   208.402
 245	123	 3.8153	 1.0229	   1.5050	        1.5052	          0.0002	   1.5368	2.873e-04	   0.078	   209.176
 246	123	 3.8148	 1.0239	   1.5050	        1.5052	          0.0002	   1.5792	6.555e-04	   0.064	   209.939
 247	124	 3.8140	 1.0240	   1.5050	        1.5052	          0.0002	   1.5501	7.002e-04	   0.061	   210.710
 248	124	 3.8150	 1.0234	   1.5050	        1.5052	          0.0002	   1.5447	4.622e-04	   0.090	   211.420
 249	125	 3.8144	 1.0219	   1.5050	        1.5052	          0.0002	   1.5080	3.704e-04	   0.052	   212.074
 250	125	 3.8145	 1.0235	   1.5050	        1.5052	          0.0002	   1.6006	5.115e-04	   0.047	   212.728
 251	126	 3.8146	 1.0226	   1.5050	        1.5052	          0.0002	   1.5283	2.280e-04	   0.057	   213.384
 252	126	 3.8139	 1.0236	   1.5050	        1.5052	          0.0002	   1.5790	5.566e-04	   0.056	   214.049
 253	127	 3.8143	 1.0242	   1.5050	        1.5052	          0.0002	   1.5689	7.944e-04	   0.054	   214.705
 254	127	 3.8138	 1.0238	   1.5050	        1.5052	          0.0002	   1.5432	6.429e-04	   0.052	   215.360
 255	128	 3.8138	 1.0233	   1.5050	        1.5052	          0.0002	   1.5375	4.099e-04	   0.059	   216.021
 256	128	 3.8135	 1.0237	   1.5050	        1.5052	          0.0002	   1.5663	5.961e-04	   0.061	   216.687
 257	129	 3.8134	 1.0251	   1.5050	        1.5052	          0.0002	   1.5931	1.191e-03	   0.053	   217.348
 258	129	 3.8130	 1.0239	   1.5050	        1.5052	          0.0002	   1.5166	6.719e-04	   0.072	   218.037
 259	130	 3.8121	 1.0234	   1.5050	        1.5052	          0.0002	   1.5358	4.574e-04	   0.055	   218.716
 260	130	 3.8127	 1.0234	   1.5050	        1.5052	          0.0002	   1.5543	4.571e-04	   0.056	   219.396
 261	131	 3.8123	 1.0235	   1.5050	        1.5052	          0.0002	   1.5587	5.117e-04	   0.048	   220.049
 262	131	 3.8125	 1.0234	   1.5050	        1.5052	          0.0002	   1.5483	4.632e-04	   0.060	   220.729
 263	132	 3.8124	 1.0234	   1.5050	        1.5052	          0.0002	   1.5530	4.600e-04	   0.048	   221.399
 264	132	 3.8123	 1.0234	   1.5050	        1.5052	          0.0002	   1.5549	4.803e-04	   0.055	   222.055
 265	133	 3.8122	 1.0237	   1.5050	        1.5052	          0.0002	   1.5613	5.812e-04	   0.061	   222.721
 266	133	 3.8121	 1.0236	   1.5050	        1.5052	          0.0002	   1.5492	5.255e-04	   0.054	   223.378
 267	134	 3.8117	 1.0242	   1.5050	        1.5052	          0.0002	   1.5706	7.963e-04	   0.053	   224.038
 268	134	 3.8117	 1.0240	   1.5050	        1.5052	          0.0002	   1.5466	7.031e-04	   0.065	   224.716
 269	135	 3.8114	 1.0242	   1.5050	        1.5052	          0.0002	   1.5598	8.015e-04	   0.051	   225.397
 270	135	 3.8109	 1.0239	   1.5050	        1.5052	          0.0002	   1.5438	6.842e-04	   0.053	   226.103
 271	136	 3.8106	 1.0238	   1.5050	        1.5052	          0.0002	   1.5491	6.449e-04	   0.069	   226.829
 272	136	 3.8105	 1.0236	   1.5050	        1.5052	          0.0002	   1.5454	5.337e-04	   0.057	   227.527
 273	137	 3.8104	 1.0229	   1.5050	        1.5052	          0.0002	   1.5312	2.879e-04	   0.057	   228.203
 274	137	 3.8103	 1.0236	   1.5050	        1.5052	          0.0002	   1.5727	5.226e-04	   0.049	   228.849
 275	138	 3.8108	 1.0240	   1.5050	        1.5052	          0.0002	   1.5688	7.169e-04	   0.066	   229.519
 276	138	 3.8099	 1.0235	   1.5050	        1.5052	          0.0002	   1.5350	4.893e-04	   0.058	   230.209
 277	139	 3.8105	 1.0228	   1.5050	        1.5052	          0.0002	   1.5320	2.552e-04	   0.057	   230.906
 278	139	 3.8100	 1.0237	   1.5050	        1.5052	          0.0002	   1.5820	5.964e-04	   0.062	   231.616
 279	140	 3.8096	 1.0222	   1.5050	        1.5052	          0.0002	   1.5002	2.673e-04	   0.060	   232.278
 280	140	 3.8097	 1.0236	   1.5050	        1.5052	          0.0002	   1.6006	5.531e-04	   0.051	   232.932
 281	141	 3.8097	 1.0238	   1.5050	        1.5052	          0.0002	   1.5633	6.480e-04	   0.056	   233.614
 282	141	 3.8093	 1.0237	   1.5050	        1.5052	          0.0002	   1.5430	5.646e-04	   0.058	   234.324
 283	142	 3.8092	 1.0231	   1.5050	        1.5052	          0.0002	   1.5371	3.481e-04	   0.052	   235.051
 284	142	 3.8088	 1.0238	   1.5050	        1.5052	          0.0002	   1.5727	6.323e-04	   0.056	   235.742
 285	143	 3.8090	 1.0246	   1.5050	        1.5052	          0.0002	   1.5817	9.793e-04	   0.067	   236.420
 286	143	 3.8085	 1.0239	   1.5050	        1.5052	          0.0002	   1.5290	6.877e-04	   0.056	   237.120
 287	144	 3.8084	 1.0250	   1.5050	        1.5052	          0.0002	   1.5865	1.150e-03	   0.052	   237.794
 288	144	 3.8083	 1.0240	   1.5050	        1.5052	          0.0002	   1.5232	7.189e-04	   0.062	   238.455
 289	145	 3.8075	 1.0246	   1.5050	        1.5052	          0.0002	   1.5716	9.593e-04	   0.047	   239.108
 290	145	 3.8083	 1.0239	   1.5050	        1.5052	          0.0002	   1.5316	6.546e-04	   0.053	   239.764
 291	146	 3.8083	 1.0238	   1.5050	        1.5052	          0.0002	   1.5510	6.283e-04	   0.050	   240.414
 292	146	 3.8081	 1.0239	   1.5050	        1.5052	          0.0002	   1.5583	6.856e-04	   0.068	   241.090
 293	147	 3.8082	 1.0236	   1.5050	        1.5052	          0.0002	   1.5385	5.331e-04	   0.055	   241.781
 294	147	 3.8080	 1.0242	   1.5050	        1.5052	          0.0002	   1.5756	7.914e-04	   0.059	   242.465
 295	148	 3.8074	 1.0231	   1.5050	        1.5052	          0.0002	   1.5131	3.322e-04	   0.062	   243.195
 296	148	 3.8073	 1.0244	   1.5050	        1.5052	          0.0002	   1.5973	9.000e-04	   0.060	   243.901
 297	149	 3.8061	 1.0239	   1.5050	        1.5052	          0.0002	   1.5280	6.599e-04	   0.052	   244.581
 298	149	 3.8073	 1.0241	   1.5050	        1.5052	          0.0002	   1.5699	7.670e-04	   0.058	   245.239
 299	150	 3.8069	 1.0244	   1.5050	        1.5052	          0.0002	   1.5589	8.726e-04	   0.060	   245.906
 300	150	 3.8075	 1.0239	   1.5050	        1.5052	          0.0002	   1.5422	6.677e-04	   0.052	   246.558
 301	151	 3.8078	 1.0242	   1.5050	        1.5052	          0.0002	   1.5630	7.956e-04	   0.054	   247.217
 302	151	 3.8073	 1.0242	   1.5050	        1.5052	          0.0002	   1.5506	7.904e-04	   0.052	   247.872
 303	152	 3.8067	 1.0237	   1.5050	        1.5052	          0.0002	   1.5312	5.899e-04	   0.057	   248.531
 304	152	 3.8077	 1.0238	   1.5050	        1.5052	          0.0002	   1.5637	6.225e-04	   0.051	   249.180
 305	153	 3.8072	 1.0241	   1.5050	        1.5052	          0.0002	   1.5600	7.336e-04	   0.068	   249.857
 306	153	 3.8074	 1.0234	   1.5050	        1.5052	          0.0002	   1.5345	4.761e-04	   0.050	   250.528
 307	154	 3.8070	 1.0237	   1.5050	        1.5052	          0.0002	   1.5592	5.729e-04	   0.064	   251.219
 308	154	 3.8073	 1.0236	   1.5050	        1.5052	          0.0002	   1.5543	5.615e-04	   0.056	   251.885
 309	155	 3.8073	 1.0242	   1.5050	        1.5052	          0.0002	   1.5758	8.064e-04	   0.050	   252.561
 310	155	 3.8075	 1.0237	   1.5050	        1.5052	          0.0002	   1.5360	6.008e-04	   0.051	   253.255
 311	156	 3.8074	 1.0238	   1.5050	        1.5052	          0.0002	   1.5547	6.279e-04	   0.052	   253.907
 312	156	 3.8080	 1.0235	   1.5050	        1.5052	          0.0002	   1.5470	5.002e-04	   0.062	   254.581
 313	157	 3.8080	 1.0237	   1.5050	        1.5052	          0.0002	   1.5558	5.647e-04	   0.055	   255.231
 314	157	 3.8082	 1.0231	   1.5050	        1.5052	          0.0002	   1.5390	3.485e-04	   0.052	   255.888
 315	158	 3.8084	 1.0238	   1.5050	        1.5052	          0.0002	   1.5749	6.085e-04	   0.059	   256.548
 316	158	 3.8084	 1.0232	   1.5050	        1.5052	          0.0002	   1.5367	3.834e-04	   0.056	   257.203
 317	159	 3.8088	 1.0226	   1.5050	        1.5052	          0.0002	   1.5318	2.196e-04	   0.052	   257.880
 318	159	 3.8083	 1.0232	   1.5050	        1.5052	          0.0002	   1.5732	3.632e-04	   0.069	   258.572
 319	160	 3.8085	 1.0234	   1.5050	        1.5052	          0.0002	   1.5636	4.783e-04	   0.057	   259.286
 320	160	 3.8079	 1.0235	   1.5050	        1.5052	          0.0002	   1.5526	4.938e-04	   0.064	   260.009
 321	161	 3.8081	 1.0238	   1.5050	        1.5052	          0.0002	   1.5629	6.213e-04	   0.051	   260.691
 322	161	 3.8078	 1.0232	   1.5050	        1.5052	          0.0002	   1.5303	3.663e-04	   0.053	   261.364
 323	162	 3.8071	 1.0230	   1.5050	        1.5052	          0.0002	   1.5476	3.238e-04	   0.052	   262.023
 324	162	 3.8072	 1.0234	   1.5050	        1.5052	          0.0002	   1.5651	4.554e-04	   0.053	   262.671
 325	163	 3.8076	 1.0234	   1.5050	        1.5052	          0.0002	   1.5587	4.773e-04	   0.060	   263.339
 326	163	 3.8073	 1.0234	   1.5050	        1.5052	          0.0002	   1.5496	4.663e-04	   0.050	   263.994
 327	164	 3.8068	 1.0234	   1.5050	        1.5052	          0.0002	   1.5512	4.455e-04	   0.056	   264.655
 328	164	 3.8070	 1.0236	   1.5050	        1.5052	          0.0002	   1.5590	5.226e-04	   0.057	   265.311
 329	165	 3.8067	 1.0235	   1.5050	        1.5052	          0.0002	   1.5500	5.175e-04	   0.057	   266.012
 330	165	 3.8065	 1.0237	   1.5050	        1.5052	          0.0002	   1.5600	5.868e-04	   0.049	   266.710
 331	166	 3.8068	 1.0241	   1.5050	        1.5052	          0.0002	   1.5652	7.415e-04	   0.059	   267.371
 332	166	 3.8064	 1.0239	   1.5050	        1.5052	          0.0002	   1.5466	6.470e-04	   0.060	   268.080
 333	167	 3.8068	 1.0233	   1.5050	        1.5052	          0.0002	   1.5299	4.039e-04	   0.063	   268.788
 334	167	 3.8063	 1.0241	   1.5050	        1.5052	          0.0002	   1.5838	7.397e-04	   0.051	   269.475
 335	168	 3.8062	 1.0243	   1.5050	        1.5052	          0.0002	   1.5624	8.378e-04	   0.064	   270.146
 336	168	 3.8063	 1.0240	   1.5050	        1.5052	          0.0002	   1.5431	7.061e-04	   0.051	   270.797
 337	169	 3.8064	 1.0240	   1.5050	        1.5052	          0.0002	   1.5552	7.285e-04	   0.051	   271.448
 338	169	 3.8062	 1.0237	   1.5050	        1.5052	          0.0002	   1.5428	6.022e-04	   0.063	   272.112
 339	170	 3.8063	 1.0242	   1.5050	        1.5052	          0.0002	   1.5713	7.800e-04	   0.055	   272.770
 340	170	 3.8060	 1.0236	   1.5050	        1.5052	          0.0002	   1.5298	5.403e-04	   0.057	   273.433
 341	171	 3.8053	 1.0236	   1.5050	        1.5052	          0.0002	   1.5480	5.259e-04	   0.057	   274.091
 342	171	 3.8056	 1.0234	   1.5050	        1.5052	          0.0002	   1.5512	4.769e-04	   0.055	   274.785
 343	172	 3.8053	 1.0229	   1.5050	        1.5052	          0.0002	   1.5304	2.778e-04	   0.059	   275.481
 344	172	 3.8053	 1.0237	   1.5050	        1.5052	          0.0002	   1.5825	5.655e-04	   0.053	   276.183
 345	173	 3.8054	 1.0234	   1.5050	        1.5052	          0.0002	   1.5429	4.435e-04	   0.062	   276.905
 346	173	 3.8054	 1.0236	   1.5050	        1.5052	          0.0002	   1.5643	5.602e-04	   0.059	   277.594
 347	174	 3.8053	 1.0241	   1.5050	        1.5052	          0.0002	   1.5706	7.623e-04	   0.050	   278.245
 348	174	 3.8054	 1.0238	   1.5050	        1.5052	          0.0002	   1.5422	6.219e-04	   0.064	   278.908
 349	175	 3.8058	 1.0241	   1.5050	        1.5052	          0.0002	   1.5683	7.683e-04	   0.049	   279.562
 350	175	 3.8050	 1.0238	   1.5050	        1.5052	          0.0002	   1.5383	6.208e-04	   0.051	   280.213
 351	176	 3.8053	 1.0240	   1.5050	        1.5052	          0.0002	   1.5641	6.937e-04	   0.054	   280.873
 352	176	 3.8052	 1.0238	   1.5050	        1.5052	          0.0002	   1.5446	6.325e-04	   0.062	   281.537
 353	177	 3.8051	 1.0233	   1.5050	        1.5052	          0.0002	   1.5309	4.227e-04	   0.052	   282.194
 354	177	 3.8051	 1.0238	   1.5050	        1.5052	          0.0002	   1.5758	6.307e-04	   0.051	   282.862
 355	178	 3.8058	 1.0248	   1.5050	        1.5052	          0.0002	   1.5985	1.044e-03	   0.064	   283.534
 356	178	 3.8050	 1.0237	   1.5050	        1.5052	          0.0002	   1.5030	5.695e-04	   0.056	   284.227
 357	179	 3.8051	 1.0225	   1.5050	        1.5052	          0.0002	   1.5074	2.129e-04	   0.058	   284.911
 358	179	 3.8047	 1.0237	   1.5050	        1.5052	          0.0002	   1.5986	5.670e-04	   0.060	   285.601
 359	180	 3.8043	 1.0231	   1.5050	        1.5052	          0.0002	   1.5256	3.244e-04	   0.062	   286.268
 360	180	 3.8044	 1.0238	   1.5050	        1.5052	          0.0002	   1.5868	6.337e-04	   0.054	   286.922
 361	181	 3.8041	 1.0230	   1.5050	        1.5052	          0.0002	   1.5208	3.160e-04	   0.053	   287.574
 362	181	 3.8044	 1.0233	   1.5050	        1.5052	          0.0002	   1.5627	4.018e-04	   0.050	   288.236
 363	182	 3.8048	 1.0239	   1.5050	        1.5052	          0.0002	   1.5819	6.805e-04	   0.055	   288.890
 364	182	 3.8042	 1.0233	   1.5050	        1.5052	          0.0002	   1.5256	4.128e-04	   0.048	   289.539
 365	183	 3.8044	 1.0234	   1.5050	        1.5052	          0.0002	   1.5564	4.402e-04	   0.062	   290.205
 366	183	 3.8041	 1.0231	   1.5050	        1.5052	          0.0002	   1.5404	3.234e-04	   0.057	   290.897
 367	184	 3.8048	 1.0229	   1.5050	        1.5052	          0.0002	   1.5514	2.798e-04	   0.052	   291.574
 368	184	 3.8041	 1.0229	   1.5050	        1.5052	          0.0002	   1.5491	2.720e-04	   0.071	   292.348
 369	185	 3.8042	 1.0228	   1.5050	        1.5052	          0.0002	   1.5512	2.495e-04	   0.060	   293.097
 370	185	 3.8039	 1.0228	   1.5050	        1.5052	          0.0002	   1.5518	2.589e-04	   0.055	   293.827
 371	186	 3.8038	 1.0225	   1.5050	        1.5052	          0.0002	   1.5389	2.117e-04	   0.056	   294.519
 372	186	 3.8041	 1.0227	   1.5050	        1.5052	          0.0002	   1.5649	2.350e-04	   0.062	   295.195
 373	187	 3.8037	 1.0219	   1.5050	        1.5052	          0.0002	   1.5148	3.440e-04	   0.051	   295.850
 374	187	 3.8038	 1.0226	   1.5050	        1.5052	          0.0002	   1.5847	2.185e-04	   0.053	   296.506
 375	188	 3.8037	 1.0220	   1.5050	        1.5052	          0.0002	   1.5250	3.263e-04	   0.062	   297.204
 376	188	 3.8040	 1.0226	   1.5050	        1.5052	          0.0002	   1.5802	2.160e-04	   0.061	   297.900
 377	189	 3.8042	 1.0227	   1.5050	        1.5052	          0.0002	   1.5620	2.359e-04	   0.051	   298.575
 378	189	 3.8042	 1.0226	   1.5050	        1.5052	          0.0002	   1.5446	2.158e-04	   0.062	   299.235
 379	190	 3.8040	 1.0229	   1.5050	        1.5052	          0.0002	   1.5631	2.630e-04	   0.056	   299.923
 380	190	 3.8038	 1.0227	   1.5050	        1.5052	          0.0002	   1.5430	2.225e-04	   0.067	   300.605
 381	191	 3.8036	 1.0230	   1.5050	        1.5052	          0.0002	   1.5626	2.993e-04	   0.050	   301.330
 382	191	 3.8036	 1.0226	   1.5050	        1.5052	          0.0002	   1.5359	2.117e-04	   0.053	   302.020
 383	192	 3.8037	 1.0230	   1.5050	        1.5052	          0.0002	   1.5708	2.976e-04	   0.055	   302.683
 384	192	 3.8035	 1.0226	   1.5050	        1.5052	          0.0002	   1.5350	2.117e-04	   0.048	   303.331
 385	193	 3.8033	 1.0231	   1.5050	        1.5052	          0.0002	   1.5743	3.388e-04	   0.064	   304.003
 386	193	 3.8033	 1.0227	   1.5050	        1.5052	          0.0002	   1.5353	2.192e-04	   0.052	   304.656
 387	194	 3.8030	 1.0234	   1.5050	        1.5052	          0.0002	   1.5851	4.729e-04	   0.058	   305.318
 388	194	 3.8032	 1.0230	   1.5050	        1.5052	          0.0002	   1.5346	3.003e-04	   0.060	   305.974
 389	195	 3.8032	 1.0234	   1.5050	        1.5052	          0.0002	   1.5692	4.526e-04	   0.052	   306.627
 390	195	 3.8029	 1.0231	   1.5050	        1.5052	          0.0002	   1.5382	3.229e-04	   0.051	   307.299
 391	196	 3.8027	 1.0237	   1.5050	        1.5052	          0.0002	   1.5778	5.647e-04	   0.057	   307.978
 392	196	 3.8029	 1.0226	   1.5050	        1.5052	          0.0002	   1.5103	2.165e-04	   0.063	   308.696
 393	197	 3.8026	 1.0224	   1.5050	        1.5052	          0.0002	   1.5411	2.196e-04	   0.062	   309.403
 394	197	 3.8025	 1.0228	   1.5050	        1.5052	          0.0002	   1.5707	2.503e-04	   0.054	   310.108
 395	198	 3.8024	 1.0222	   1.5050	        1.5052	          0.0002	   1.5239	2.491e-04	   0.060	   310.793
 396	198	 3.8021	 1.0228	   1.5050	        1.5052	          0.0002	   1.5766	2.347e-04	   0.056	   311.453
 397	199	 3.8018	 1.0223	   1.5050	        1.5052	          0.0002	   1.5305	2.421e-04	   0.053	   312.098
 398	199	 3.8019	 1.0226	   1.5050	        1.5052	          0.0002	   1.5678	2.123e-04	   0.063	   312.765
 399	200	 3.8017	 1.0231	   1.5050	        1.5052	          0.0002	   1.5754	3.304e-04	   0.055	   313.423
 400	200	 3.8017	 1.0225	   1.5050	        1.5052	          0.0002	   1.5274	2.090e-04	   0.056	   314.080

[BSGD] Finished on device cuda -> σ_f² ≈ 3.8017, σ_ε² ≈ 1.0225
