[GPU 3][JOB 132] 'python cli.py bsgd --n 1024 --lengthscale 0.5 --sigma-f2-true 4.0 --sigma-eps2-true 1.0 --n-epochs 200 --device auto --kernel-mode finite --theta-min 1e-4 --theta-max 20.0 --print-every 1 --seed 1 --batch-size 512 --sigma-f2-init 5.0 --sigma-eps2-init 3.0 --alpha1 9.0 '

=== BSGD (biased SGD on exact kernel) ===
iter	epoch	σ_f²	σ_ε²	real_nlml	real_nlml_true	real_nlml_abs_err	mini_nlml	||grad||	duration_s	wall_time_s
   1	 1	 4.2017	 2.0906	   1.6004	        1.5046	          0.0958	   1.6445	1.163e-01	   0.106	     0.169
   2	 1	 3.7243	 1.5832	   1.5420	        1.5046	          0.0374	   1.5775	1.054e-01	   0.035	     0.466
   3	 2	 3.4688	 1.2434	   1.5112	        1.5046	          0.0066	   1.5259	6.533e-02	   0.047	     0.901
   4	 2	 3.2745	 1.1427	   1.5055	        1.5046	          0.0009	   1.5734	4.034e-02	   0.049	     1.479
   5	 3	 3.1473	 1.1141	   1.5043	        1.5046	          0.0003	   1.5726	3.136e-02	   0.069	     2.163
   6	 3	 3.0655	 1.0220	   1.5029	        1.5046	          0.0018	   1.5061	5.229e-03	   0.072	     2.860
   7	 4	 2.9702	 1.0148	   1.5028	        1.5046	          0.0018	   1.5326	8.602e-03	   0.069	     3.571
   8	 4	 2.8952	 1.0354	   1.5026	        1.5046	          0.0020	   1.5495	1.435e-03	   0.069	     4.346
   9	 5	 2.8418	 1.0110	   1.5027	        1.5046	          0.0019	   1.5156	1.050e-02	   0.066	     5.090
  10	 5	 2.8101	 1.0461	   1.5026	        1.5046	          0.0020	   1.5729	5.684e-03	   0.072	     5.843
  11	 6	 2.7894	 1.0183	   1.5026	        1.5046	          0.0020	   1.5135	7.008e-03	   0.062	     6.589
  12	 6	 2.7538	 1.0506	   1.5026	        1.5046	          0.0020	   1.5781	7.550e-03	   0.070	     7.389
  13	 7	 2.7463	 1.0358	   1.5025	        1.5046	          0.0021	   1.5313	1.377e-03	   0.078	     8.231
  14	 7	 2.7245	 1.0355	   1.5025	        1.5046	          0.0021	   1.5422	1.221e-03	   0.069	     9.082
  15	 8	 2.6907	 1.0289	   1.5024	        1.5046	          0.0022	   1.5286	2.177e-03	   0.080	     9.998
  16	 8	 2.6781	 1.0329	   1.5024	        1.5046	          0.0022	   1.5490	7.237e-04	   0.068	    10.867
  17	 9	 2.6772	 1.0446	   1.5025	        1.5046	          0.0021	   1.5666	4.944e-03	   0.074	    11.728
  18	 9	 2.6370	 1.0299	   1.5024	        1.5046	          0.0022	   1.5113	1.706e-03	   0.075	    12.574
  19	10	 2.6085	 1.0297	   1.5024	        1.5046	          0.0022	   1.5367	1.804e-03	   0.067	    13.414
  20	10	 2.6139	 1.0358	   1.5024	        1.5046	          0.0022	   1.5582	1.182e-03	   0.077	    14.288
  21	11	 2.5931	 1.0475	   1.5024	        1.5046	          0.0022	   1.5693	6.135e-03	   0.071	    15.142
  22	11	 2.5934	 1.0288	   1.5024	        1.5046	          0.0022	   1.5003	2.183e-03	   0.084	    15.998
  23	12	 2.5943	 1.0277	   1.5024	        1.5046	          0.0022	   1.5407	2.702e-03	   0.078	    16.843
  24	12	 2.5831	 1.0276	   1.5024	        1.5046	          0.0022	   1.5370	2.733e-03	   0.080	    17.718
  25	13	 2.5875	 1.0377	   1.5024	        1.5046	          0.0022	   1.5724	1.926e-03	   0.078	    18.611
  26	13	 2.5743	 1.0247	   1.5024	        1.5046	          0.0022	   1.5005	4.068e-03	   0.080	    19.501
  27	14	 2.5586	 1.0192	   1.5024	        1.5046	          0.0022	   1.5190	6.631e-03	   0.084	    20.419
  28	14	 2.5631	 1.0278	   1.5024	        1.5046	          0.0022	   1.5650	2.664e-03	   0.079	    21.308
  29	15	 2.5558	 1.0238	   1.5024	        1.5046	          0.0022	   1.5266	4.476e-03	   0.073	    22.174
  30	15	 2.5566	 1.0282	   1.5024	        1.5046	          0.0022	   1.5544	2.468e-03	   0.072	    23.026
  31	16	 2.5443	 1.0292	   1.5024	        1.5046	          0.0022	   1.5428	2.007e-03	   0.068	    23.888
  32	16	 2.5481	 1.0294	   1.5024	        1.5046	          0.0022	   1.5417	1.937e-03	   0.074	    24.744
  33	17	 2.5423	 1.0262	   1.5024	        1.5046	          0.0022	   1.5281	3.385e-03	   0.081	    25.605
  34	17	 2.5399	 1.0302	   1.5024	        1.5046	          0.0022	   1.5524	1.588e-03	   0.078	    26.456
  35	18	 2.5441	 1.0273	   1.5024	        1.5046	          0.0022	   1.5303	2.893e-03	   0.077	    27.305
  36	18	 2.5290	 1.0319	   1.5024	        1.5046	          0.0022	   1.5539	8.297e-04	   0.072	    28.160
  37	19	 2.5139	 1.0391	   1.5024	        1.5046	          0.0022	   1.5647	2.442e-03	   0.078	    29.051
  38	19	 2.5194	 1.0305	   1.5024	        1.5046	          0.0022	   1.5122	1.423e-03	   0.079	    29.919
  39	20	 2.5193	 1.0304	   1.5024	        1.5046	          0.0022	   1.5411	1.475e-03	   0.079	    30.806
  40	20	 2.5145	 1.0316	   1.5024	        1.5046	          0.0023	   1.5450	9.677e-04	   0.083	    31.723
  41	21	 2.5088	 1.0340	   1.5024	        1.5046	          0.0023	   1.5516	3.292e-04	   0.077	    32.596
  42	21	 2.5007	 1.0340	   1.5023	        1.5046	          0.0023	   1.5398	3.236e-04	   0.076	    33.456
  43	22	 2.5037	 1.0364	   1.5024	        1.5046	          0.0023	   1.5538	1.254e-03	   0.079	    34.316
  44	22	 2.4975	 1.0342	   1.5023	        1.5046	          0.0023	   1.5322	3.783e-04	   0.068	    35.168
  45	23	 2.4942	 1.0299	   1.5024	        1.5046	          0.0023	   1.5186	1.730e-03	   0.075	    36.018
  46	23	 2.4869	 1.0342	   1.5023	        1.5046	          0.0023	   1.5608	3.320e-04	   0.071	    36.870
  47	24	 2.4820	 1.0394	   1.5024	        1.5046	          0.0023	   1.5694	2.564e-03	   0.073	    37.726
  48	24	 2.4855	 1.0348	   1.5023	        1.5046	          0.0023	   1.5209	5.557e-04	   0.077	    38.625
  49	25	 2.4829	 1.0320	   1.5023	        1.5046	          0.0023	   1.5275	7.964e-04	   0.073	    39.548
  50	25	 2.4802	 1.0361	   1.5023	        1.5046	          0.0023	   1.5631	1.100e-03	   0.095	    40.466
  51	26	 2.4788	 1.0292	   1.5023	        1.5046	          0.0023	   1.5023	2.010e-03	   0.075	    41.336
  52	26	 2.4802	 1.0358	   1.5023	        1.5046	          0.0023	   1.5796	9.660e-04	   0.086	    42.249
  53	27	 2.4757	 1.0340	   1.5023	        1.5046	          0.0023	   1.5273	2.518e-04	   0.077	    43.148
  54	27	 2.4750	 1.0367	   1.5023	        1.5046	          0.0023	   1.5625	1.365e-03	   0.076	    44.012
  55	28	 2.4824	 1.0401	   1.5024	        1.5046	          0.0023	   1.5682	2.852e-03	   0.072	    44.865
  56	28	 2.4757	 1.0357	   1.5023	        1.5046	          0.0023	   1.5143	9.332e-04	   0.073	    45.715
  57	29	 2.4722	 1.0324	   1.5023	        1.5046	          0.0023	   1.5205	6.196e-04	   0.080	    46.573
  58	29	 2.4727	 1.0354	   1.5023	        1.5046	          0.0023	   1.5611	7.845e-04	   0.062	    47.414
  59	30	 2.4712	 1.0378	   1.5023	        1.5046	          0.0023	   1.5596	1.849e-03	   0.067	    48.279
  60	30	 2.4704	 1.0349	   1.5023	        1.5046	          0.0023	   1.5233	5.604e-04	   0.080	    49.143
  61	31	 2.4621	 1.0364	   1.5023	        1.5046	          0.0023	   1.5480	1.227e-03	   0.078	    50.011
  62	31	 2.4660	 1.0357	   1.5023	        1.5046	          0.0023	   1.5425	9.341e-04	   0.082	    50.873
  63	32	 2.4601	 1.0339	   1.5023	        1.5046	          0.0023	   1.5270	1.794e-04	   0.084	    51.756
  64	32	 2.4622	 1.0356	   1.5023	        1.5046	          0.0023	   1.5549	8.799e-04	   0.078	    52.656
  65	33	 2.4627	 1.0330	   1.5023	        1.5046	          0.0023	   1.5262	3.416e-04	   0.075	    53.542
  66	33	 2.4590	 1.0347	   1.5023	        1.5046	          0.0023	   1.5486	4.655e-04	   0.078	    54.396
  67	34	 2.4584	 1.0356	   1.5023	        1.5046	          0.0023	   1.5503	8.567e-04	   0.083	    55.256
  68	34	 2.4579	 1.0348	   1.5023	        1.5046	          0.0023	   1.5359	5.191e-04	   0.073	    56.102
  69	35	 2.4563	 1.0367	   1.5023	        1.5046	          0.0023	   1.5564	1.346e-03	   0.076	    56.953
  70	35	 2.4546	 1.0349	   1.5023	        1.5046	          0.0023	   1.5280	5.541e-04	   0.078	    57.818
  71	36	 2.4480	 1.0336	   1.5023	        1.5046	          0.0023	   1.5261	1.391e-04	   0.071	    58.674
  72	36	 2.4483	 1.0360	   1.5023	        1.5046	          0.0023	   1.5637	1.043e-03	   0.069	    59.525
  73	37	 2.4411	 1.0349	   1.5023	        1.5046	          0.0023	   1.5296	5.493e-04	   0.079	    60.407
  74	37	 2.4430	 1.0366	   1.5023	        1.5046	          0.0023	   1.5577	1.300e-03	   0.079	    61.306
  75	38	 2.4447	 1.0340	   1.5023	        1.5046	          0.0023	   1.5214	1.877e-04	   0.069	    62.181
  76	38	 2.4441	 1.0368	   1.5023	        1.5046	          0.0023	   1.5657	1.367e-03	   0.074	    63.098
  77	39	 2.4429	 1.0368	   1.5023	        1.5046	          0.0023	   1.5434	1.389e-03	   0.075	    64.014
  78	39	 2.4464	 1.0355	   1.5023	        1.5046	          0.0023	   1.5334	7.930e-04	   0.078	    64.881
  79	40	 2.4450	 1.0412	   1.5024	        1.5046	          0.0023	   1.5928	3.328e-03	   0.076	    65.729
  80	40	 2.4451	 1.0353	   1.5023	        1.5046	          0.0023	   1.4926	7.309e-04	   0.090	    66.587
  81	41	 2.4433	 1.0370	   1.5023	        1.5046	          0.0023	   1.5561	1.475e-03	   0.070	    67.441
  82	41	 2.4430	 1.0353	   1.5023	        1.5046	          0.0023	   1.5279	7.048e-04	   0.079	    68.304
  83	42	 2.4424	 1.0420	   1.5024	        1.5046	          0.0023	   1.6081	3.641e-03	   0.077	    69.158
  84	42	 2.4414	 1.0347	   1.5023	        1.5046	          0.0023	   1.4720	4.654e-04	   0.073	    70.012
  85	43	 2.4413	 1.0391	   1.5023	        1.5046	          0.0023	   1.5844	2.368e-03	   0.076	    70.860
  86	43	 2.4385	 1.0356	   1.5023	        1.5046	          0.0023	   1.5083	8.338e-04	   0.070	    71.735
  87	44	 2.4398	 1.0389	   1.5023	        1.5046	          0.0023	   1.5778	2.279e-03	   0.081	    72.669
  88	44	 2.4403	 1.0350	   1.5023	        1.5046	          0.0023	   1.5044	6.018e-04	   0.073	    73.546
  89	45	 2.4372	 1.0325	   1.5023	        1.5046	          0.0023	   1.5137	5.459e-04	   0.079	    74.446
  90	45	 2.4386	 1.0355	   1.5023	        1.5046	          0.0023	   1.5733	8.018e-04	   0.085	    75.303
  91	46	 2.4410	 1.0365	   1.5023	        1.5046	          0.0023	   1.5505	1.254e-03	   0.071	    76.147
  92	46	 2.4383	 1.0358	   1.5023	        1.5046	          0.0023	   1.5373	9.118e-04	   0.075	    77.005
  93	47	 2.4428	 1.0318	   1.5023	        1.5046	          0.0023	   1.5064	8.614e-04	   0.076	    77.868
  94	47	 2.4368	 1.0355	   1.5023	        1.5046	          0.0023	   1.5726	7.843e-04	   0.086	    78.779
  95	48	 2.4350	 1.0341	   1.5023	        1.5046	          0.0023	   1.5261	1.746e-04	   0.085	    79.725
  96	48	 2.4331	 1.0357	   1.5023	        1.5046	          0.0023	   1.5581	8.699e-04	   0.074	    80.640
  97	49	 2.4309	 1.0342	   1.5023	        1.5046	          0.0023	   1.5225	2.348e-04	   0.085	    81.534
  98	49	 2.4319	 1.0360	   1.5023	        1.5046	          0.0023	   1.5661	1.034e-03	   0.066	    82.414
  99	50	 2.4289	 1.0368	   1.5023	        1.5046	          0.0023	   1.5463	1.371e-03	   0.077	    83.324
 100	50	 2.4290	 1.0361	   1.5023	        1.5046	          0.0023	   1.5381	1.043e-03	   0.080	    84.216
 101	51	 2.4264	 1.0340	   1.5023	        1.5046	          0.0023	   1.5168	1.436e-04	   0.075	    85.127
 102	51	 2.4283	 1.0350	   1.5023	        1.5046	          0.0023	   1.5558	5.558e-04	   0.077	    86.017
 103	52	 2.4306	 1.0336	   1.5023	        1.5046	          0.0023	   1.5300	8.748e-05	   0.071	    86.866
 104	52	 2.4262	 1.0353	   1.5023	        1.5046	          0.0023	   1.5558	7.054e-04	   0.069	    87.731
 105	53	 2.4257	 1.0358	   1.5023	        1.5046	          0.0023	   1.5456	9.243e-04	   0.075	    88.586
 106	53	 2.4262	 1.0352	   1.5023	        1.5046	          0.0023	   1.5373	6.624e-04	   0.083	    89.445
 107	54	 2.4260	 1.0338	   1.5023	        1.5046	          0.0023	   1.5241	6.531e-05	   0.082	    90.298
 108	54	 2.4265	 1.0354	   1.5023	        1.5046	          0.0023	   1.5631	7.336e-04	   0.082	    91.147
 109	55	 2.4222	 1.0328	   1.5023	        1.5046	          0.0023	   1.5081	4.352e-04	   0.073	    92.002
 110	55	 2.4254	 1.0352	   1.5023	        1.5046	          0.0023	   1.5734	6.399e-04	   0.086	    92.890
 111	56	 2.4251	 1.0345	   1.5023	        1.5046	          0.0023	   1.5316	3.219e-04	   0.074	    93.781
 112	56	 2.4243	 1.0354	   1.5023	        1.5046	          0.0023	   1.5548	7.355e-04	   0.074	    94.650
 113	57	 2.4263	 1.0349	   1.5023	        1.5046	          0.0023	   1.5399	5.329e-04	   0.085	    95.529
 114	57	 2.4255	 1.0342	   1.5023	        1.5046	          0.0023	   1.5303	2.289e-04	   0.065	    96.398
 115	58	 2.4292	 1.0324	   1.5023	        1.5046	          0.0023	   1.5229	6.189e-04	   0.071	    97.262
 116	58	 2.4261	 1.0341	   1.5023	        1.5046	          0.0023	   1.5600	1.931e-04	   0.069	    98.119
 117	59	 2.4251	 1.0323	   1.5023	        1.5046	          0.0023	   1.5152	6.723e-04	   0.080	    98.982
 118	59	 2.4245	 1.0344	   1.5023	        1.5046	          0.0023	   1.5691	2.880e-04	   0.075	    99.827
 119	60	 2.4231	 1.0331	   1.5023	        1.5046	          0.0023	   1.5200	3.143e-04	   0.077	   100.678
 120	60	 2.4243	 1.0348	   1.5023	        1.5046	          0.0023	   1.5675	4.621e-04	   0.083	   101.541
 121	61	 2.4229	 1.0341	   1.5023	        1.5046	          0.0023	   1.5317	1.769e-04	   0.070	   102.398
 122	61	 2.4226	 1.0353	   1.5023	        1.5046	          0.0023	   1.5588	6.888e-04	   0.084	   103.286
 123	62	 2.4209	 1.0344	   1.5023	        1.5046	          0.0023	   1.5312	3.153e-04	   0.085	   104.185
 124	62	 2.4209	 1.0352	   1.5023	        1.5046	          0.0023	   1.5503	6.353e-04	   0.076	   105.059
 125	63	 2.4213	 1.0347	   1.5023	        1.5046	          0.0023	   1.5371	4.247e-04	   0.084	   105.969
 126	63	 2.4193	 1.0361	   1.5023	        1.5046	          0.0023	   1.5599	1.067e-03	   0.076	   106.873
 127	64	 2.4221	 1.0380	   1.5023	        1.5046	          0.0023	   1.5736	1.909e-03	   0.081	   107.753
 128	64	 2.4187	 1.0365	   1.5023	        1.5046	          0.0023	   1.5174	1.214e-03	   0.069	   108.601
 129	65	 2.4165	 1.0377	   1.5023	        1.5046	          0.0023	   1.5576	1.751e-03	   0.071	   109.453
 130	65	 2.4166	 1.0367	   1.5023	        1.5046	          0.0023	   1.5300	1.332e-03	   0.084	   110.314
 131	66	 2.4146	 1.0367	   1.5023	        1.5046	          0.0023	   1.5387	1.330e-03	   0.062	   111.155
 132	66	 2.4152	 1.0361	   1.5023	        1.5046	          0.0023	   1.5356	1.060e-03	   0.073	   112.022
 133	67	 2.4170	 1.0384	   1.5023	        1.5046	          0.0023	   1.5792	2.070e-03	   0.077	   112.879
 134	67	 2.4156	 1.0344	   1.5023	        1.5046	          0.0023	   1.4812	3.046e-04	   0.084	   113.774
 135	68	 2.4161	 1.0311	   1.5023	        1.5046	          0.0023	   1.4906	1.199e-03	   0.079	   114.668
 136	68	 2.4148	 1.0350	   1.5023	        1.5046	          0.0023	   1.6004	5.754e-04	   0.081	   115.551
 137	69	 2.4159	 1.0341	   1.5023	        1.5046	          0.0023	   1.5281	1.566e-04	   0.079	   116.415
 138	69	 2.4163	 1.0344	   1.5023	        1.5046	          0.0023	   1.5481	2.696e-04	   0.074	   117.314
 139	70	 2.4139	 1.0355	   1.5023	        1.5046	          0.0023	   1.5557	7.920e-04	   0.073	   118.167
 140	70	 2.4145	 1.0344	   1.5023	        1.5046	          0.0023	   1.5274	3.067e-04	   0.080	   119.023
 141	71	 2.4161	 1.0352	   1.5023	        1.5046	          0.0023	   1.5548	6.353e-04	   0.074	   119.876
 142	71	 2.4142	 1.0344	   1.5023	        1.5046	          0.0023	   1.5285	2.873e-04	   0.073	   120.755
 143	72	 2.4123	 1.0351	   1.5023	        1.5046	          0.0023	   1.5524	6.133e-04	   0.074	   121.659
 144	72	 2.4141	 1.0345	   1.5023	        1.5046	          0.0023	   1.5345	3.480e-04	   0.074	   122.520
 145	73	 2.4141	 1.0335	   1.5023	        1.5046	          0.0023	   1.5250	1.228e-04	   0.079	   123.370
 146	73	 2.4136	 1.0338	   1.5023	        1.5046	          0.0023	   1.5461	3.388e-05	   0.080	   124.236
 147	74	 2.4108	 1.0333	   1.5023	        1.5046	          0.0023	   1.5282	2.112e-04	   0.083	   125.120
 148	74	 2.4120	 1.0344	   1.5023	        1.5046	          0.0023	   1.5626	2.672e-04	   0.078	   126.024
 149	75	 2.4095	 1.0321	   1.5023	        1.5046	          0.0023	   1.4982	7.282e-04	   0.074	   126.917
 150	75	 2.4116	 1.0345	   1.5023	        1.5046	          0.0023	   1.5863	3.176e-04	   0.094	   127.842
 151	76	 2.4113	 1.0348	   1.5023	        1.5046	          0.0023	   1.5457	4.574e-04	   0.073	   128.716
 152	76	 2.4106	 1.0354	   1.5023	        1.5046	          0.0023	   1.5533	7.499e-04	   0.075	   129.569
 153	77	 2.4111	 1.0348	   1.5023	        1.5046	          0.0023	   1.5308	4.792e-04	   0.080	   130.420
 154	77	 2.4106	 1.0356	   1.5023	        1.5046	          0.0023	   1.5563	8.237e-04	   0.071	   131.281
 155	78	 2.4106	 1.0369	   1.5023	        1.5046	          0.0023	   1.5658	1.389e-03	   0.075	   132.143
 156	78	 2.4097	 1.0354	   1.5023	        1.5046	          0.0023	   1.5141	7.150e-04	   0.067	   132.992
 157	79	 2.4110	 1.0359	   1.5023	        1.5046	          0.0023	   1.5535	9.739e-04	   0.079	   133.854
 158	79	 2.4098	 1.0349	   1.5023	        1.5046	          0.0023	   1.5244	5.258e-04	   0.075	   134.721
 159	80	 2.4119	 1.0345	   1.5023	        1.5046	          0.0023	   1.5360	3.111e-04	   0.070	   135.611
 160	80	 2.4117	 1.0339	   1.5023	        1.5046	          0.0023	   1.5311	5.019e-05	   0.080	   136.487
 161	81	 2.4115	 1.0308	   1.5023	        1.5046	          0.0023	   1.4837	1.360e-03	   0.071	   137.356
 162	81	 2.4124	 1.0341	   1.5023	        1.5046	          0.0023	   1.6034	1.481e-04	   0.087	   138.242
 163	82	 2.4112	 1.0336	   1.5023	        1.5046	          0.0023	   1.5314	6.980e-05	   0.080	   139.107
 164	82	 2.4106	 1.0340	   1.5023	        1.5046	          0.0023	   1.5477	9.449e-05	   0.082	   139.961
 165	83	 2.4097	 1.0358	   1.5023	        1.5046	          0.0023	   1.5720	9.151e-04	   0.075	   140.814
 166	83	 2.4098	 1.0341	   1.5023	        1.5046	          0.0023	   1.5119	1.353e-04	   0.078	   141.677
 167	84	 2.4093	 1.0356	   1.5023	        1.5046	          0.0023	   1.5702	8.296e-04	   0.079	   142.534
 168	84	 2.4108	 1.0335	   1.5023	        1.5046	          0.0023	   1.5052	1.164e-04	   0.073	   143.382
 169	85	 2.4093	 1.0332	   1.5023	        1.5046	          0.0023	   1.5325	2.520e-04	   0.075	   144.234
 170	85	 2.4106	 1.0327	   1.5023	        1.5046	          0.0023	   1.5337	4.962e-04	   0.073	   145.086
 171	86	 2.4119	 1.0322	   1.5023	        1.5046	          0.0023	   1.5378	6.849e-04	   0.069	   145.982
 172	86	 2.4107	 1.0325	   1.5023	        1.5046	          0.0023	   1.5427	5.544e-04	   0.074	   146.882
 173	87	 2.4085	 1.0338	   1.5023	        1.5046	          0.0023	   1.5642	2.781e-05	   0.084	   147.771
 174	87	 2.4099	 1.0324	   1.5023	        1.5046	          0.0023	   1.5148	6.084e-04	   0.089	   148.685
 175	88	 2.4104	 1.0345	   1.5023	        1.5046	          0.0023	   1.5854	3.395e-04	   0.081	   149.574
 176	88	 2.4092	 1.0327	   1.5023	        1.5046	          0.0023	   1.5035	4.599e-04	   0.072	   150.438
 177	89	 2.4099	 1.0334	   1.5023	        1.5046	          0.0023	   1.5557	1.780e-04	   0.077	   151.305
 178	89	 2.4087	 1.0329	   1.5023	        1.5046	          0.0023	   1.5299	3.758e-04	   0.073	   152.155
 179	90	 2.4089	 1.0319	   1.5023	        1.5046	          0.0023	   1.5199	8.518e-04	   0.077	   153.008
 180	90	 2.4089	 1.0332	   1.5023	        1.5046	          0.0023	   1.5685	2.593e-04	   0.079	   153.863
 181	91	 2.4059	 1.0340	   1.5023	        1.5046	          0.0023	   1.5520	1.230e-04	   0.078	   154.731
 182	91	 2.4081	 1.0330	   1.5023	        1.5046	          0.0023	   1.5255	3.354e-04	   0.077	   155.627
 183	92	 2.4057	 1.0314	   1.5023	        1.5046	          0.0023	   1.5042	1.055e-03	   0.085	   156.513
 184	92	 2.4080	 1.0324	   1.5023	        1.5046	          0.0023	   1.5639	6.222e-04	   0.069	   157.380
 185	93	 2.4062	 1.0337	   1.5023	        1.5046	          0.0023	   1.5649	3.659e-05	   0.075	   158.252
 186	93	 2.4076	 1.0322	   1.5023	        1.5046	          0.0023	   1.5111	7.244e-04	   0.082	   159.133
 187	94	 2.4080	 1.0342	   1.5023	        1.5046	          0.0023	   1.5838	1.708e-04	   0.077	   160.073
 188	94	 2.4072	 1.0319	   1.5023	        1.5046	          0.0023	   1.4920	8.468e-04	   0.079	   161.013
 189	95	 2.4052	 1.0327	   1.5023	        1.5046	          0.0023	   1.5537	5.009e-04	   0.079	   161.940
 190	95	 2.4072	 1.0316	   1.5023	        1.5046	          0.0023	   1.5230	9.750e-04	   0.092	   162.852
 191	96	 2.4071	 1.0303	   1.5023	        1.5046	          0.0023	   1.5139	1.581e-03	   0.071	   163.694
 192	96	 2.4076	 1.0316	   1.5023	        1.5046	          0.0023	   1.5664	9.992e-04	   0.082	   164.547
 193	97	 2.4061	 1.0320	   1.5023	        1.5046	          0.0023	   1.5473	8.177e-04	   0.079	   165.407
 194	97	 2.4072	 1.0313	   1.5023	        1.5046	          0.0023	   1.5282	1.116e-03	   0.077	   166.271
 195	98	 2.4069	 1.0329	   1.5023	        1.5046	          0.0023	   1.5743	4.123e-04	   0.077	   167.142
 196	98	 2.4071	 1.0312	   1.5023	        1.5046	          0.0023	   1.5032	1.180e-03	   0.079	   168.027
 197	99	 2.4084	 1.0304	   1.5023	        1.5046	          0.0023	   1.5247	1.541e-03	   0.080	   168.924
 198	99	 2.4081	 1.0309	   1.5023	        1.5046	          0.0023	   1.5536	1.272e-03	   0.066	   169.805
 199	100	 2.4079	 1.0317	   1.5023	        1.5046	          0.0023	   1.5557	9.492e-04	   0.075	   170.732
 200	100	 2.4072	 1.0310	   1.5023	        1.5046	          0.0023	   1.5244	1.261e-03	   0.082	   171.619
 201	101	 2.4087	 1.0307	   1.5023	        1.5046	          0.0023	   1.5376	1.380e-03	   0.077	   172.475
 202	101	 2.4079	 1.0304	   1.5023	        1.5046	          0.0023	   1.5320	1.513e-03	   0.085	   173.328
 203	102	 2.4085	 1.0318	   1.5023	        1.5046	          0.0023	   1.5748	8.646e-04	   0.080	   174.175
 204	102	 2.4080	 1.0307	   1.5023	        1.5046	          0.0023	   1.5130	1.398e-03	   0.075	   175.034
 205	103	 2.4090	 1.0302	   1.5023	        1.5046	          0.0023	   1.5321	1.626e-03	   0.080	   175.895
 206	103	 2.4080	 1.0309	   1.5023	        1.5046	          0.0023	   1.5536	1.286e-03	   0.076	   176.782
 207	104	 2.4063	 1.0318	   1.5023	        1.5046	          0.0023	   1.5578	8.802e-04	   0.081	   177.642
 208	104	 2.4081	 1.0314	   1.5023	        1.5046	          0.0023	   1.5354	1.061e-03	   0.074	   178.511
 209	105	 2.4075	 1.0320	   1.5023	        1.5046	          0.0023	   1.5539	7.906e-04	   0.079	   179.378
 210	105	 2.4076	 1.0309	   1.5023	        1.5046	          0.0023	   1.5133	1.308e-03	   0.077	   180.248
 211	106	 2.4083	 1.0303	   1.5023	        1.5046	          0.0023	   1.5305	1.554e-03	   0.072	   181.136
 212	106	 2.4067	 1.0309	   1.5023	        1.5046	          0.0023	   1.5504	1.273e-03	   0.071	   182.001
 213	107	 2.4064	 1.0311	   1.5023	        1.5046	          0.0023	   1.5446	1.204e-03	   0.080	   182.858
 214	107	 2.4068	 1.0313	   1.5023	        1.5046	          0.0023	   1.5455	1.102e-03	   0.074	   183.710
 215	108	 2.4079	 1.0309	   1.5023	        1.5046	          0.0023	   1.5333	1.295e-03	   0.069	   184.560
 216	108	 2.4072	 1.0312	   1.5023	        1.5046	          0.0023	   1.5458	1.156e-03	   0.069	   185.422
 217	109	 2.4078	 1.0310	   1.5023	        1.5046	          0.0023	   1.5373	1.243e-03	   0.079	   186.285
 218	109	 2.4076	 1.0308	   1.5023	        1.5046	          0.0023	   1.5323	1.360e-03	   0.076	   187.136
 219	110	 2.4051	 1.0309	   1.5023	        1.5046	          0.0023	   1.5374	1.293e-03	   0.083	   187.992
 220	110	 2.4071	 1.0312	   1.5023	        1.5046	          0.0023	   1.5519	1.170e-03	   0.089	   188.882
 221	111	 2.4069	 1.0315	   1.5023	        1.5046	          0.0023	   1.5505	1.007e-03	   0.073	   189.779
 222	111	 2.4062	 1.0316	   1.5023	        1.5046	          0.0023	   1.5393	9.744e-04	   0.083	   190.675
 223	112	 2.4057	 1.0315	   1.5023	        1.5046	          0.0023	   1.5339	1.032e-03	   0.079	   191.589
 224	112	 2.4064	 1.0316	   1.5023	        1.5046	          0.0023	   1.5458	9.967e-04	   0.077	   192.482
 225	113	 2.4056	 1.0320	   1.5023	        1.5046	          0.0023	   1.5491	7.956e-04	   0.081	   193.337
 226	113	 2.4065	 1.0315	   1.5023	        1.5046	          0.0023	   1.5300	1.033e-03	   0.066	   194.180
 227	114	 2.4075	 1.0311	   1.5023	        1.5046	          0.0023	   1.5338	1.195e-03	   0.076	   195.052
 228	114	 2.4065	 1.0314	   1.5023	        1.5046	          0.0023	   1.5466	1.052e-03	   0.074	   195.907
 229	115	 2.4058	 1.0323	   1.5023	        1.5046	          0.0023	   1.5591	6.846e-04	   0.081	   196.804
 230	115	 2.4060	 1.0319	   1.5023	        1.5046	          0.0023	   1.5337	8.374e-04	   0.091	   197.689
 231	116	 2.4053	 1.0308	   1.5023	        1.5046	          0.0023	   1.5097	1.345e-03	   0.072	   198.533
 232	116	 2.4062	 1.0320	   1.5023	        1.5046	          0.0023	   1.5739	8.093e-04	   0.080	   199.403
 233	117	 2.4061	 1.0314	   1.5023	        1.5046	          0.0023	   1.5276	1.064e-03	   0.077	   200.275
 234	117	 2.4063	 1.0317	   1.5023	        1.5046	          0.0023	   1.5460	9.542e-04	   0.074	   201.154
 235	118	 2.4059	 1.0311	   1.5023	        1.5046	          0.0023	   1.5261	1.207e-03	   0.085	   202.041
 236	118	 2.4062	 1.0317	   1.5023	        1.5046	          0.0023	   1.5570	9.166e-04	   0.074	   202.964
 237	119	 2.4076	 1.0315	   1.5023	        1.5046	          0.0023	   1.5363	1.030e-03	   0.079	   203.826
 238	119	 2.4069	 1.0315	   1.5023	        1.5046	          0.0023	   1.5416	1.002e-03	   0.067	   204.679
 239	120	 2.4052	 1.0321	   1.5023	        1.5046	          0.0023	   1.5535	7.329e-04	   0.071	   205.520
 240	120	 2.4063	 1.0318	   1.5023	        1.5046	          0.0023	   1.5320	9.073e-04	   0.045	   206.257
 241	121	 2.4049	 1.0311	   1.5023	        1.5046	          0.0023	   1.5190	1.202e-03	   0.083	   207.068
 242	121	 2.4060	 1.0318	   1.5023	        1.5046	          0.0023	   1.5630	8.724e-04	   0.074	   207.877
 243	122	 2.4044	 1.0314	   1.5023	        1.5046	          0.0023	   1.5243	1.085e-03	   0.078	   208.691
 244	122	 2.4054	 1.0321	   1.5023	        1.5046	          0.0023	   1.5625	7.640e-04	   0.080	   209.535
 245	123	 2.4028	 1.0324	   1.5023	        1.5046	          0.0023	   1.5458	6.303e-04	   0.076	   210.384
 246	123	 2.4051	 1.0323	   1.5023	        1.5046	          0.0023	   1.5414	6.660e-04	   0.064	   211.200
 247	124	 2.4054	 1.0319	   1.5023	        1.5046	          0.0023	   1.5332	8.246e-04	   0.071	   211.972
 248	124	 2.4046	 1.0324	   1.5023	        1.5046	          0.0023	   1.5498	6.340e-04	   0.062	   212.741
 249	125	 2.4044	 1.0325	   1.5023	        1.5046	          0.0023	   1.5461	5.875e-04	   0.056	   213.443
 250	125	 2.4044	 1.0325	   1.5023	        1.5046	          0.0023	   1.5382	5.928e-04	   0.061	   214.138
 251	126	 2.4039	 1.0314	   1.5023	        1.5046	          0.0023	   1.5109	1.074e-03	   0.071	   214.837
 252	126	 2.4056	 1.0318	   1.5023	        1.5046	          0.0023	   1.5565	8.687e-04	   0.056	   215.520
 253	127	 2.4056	 1.0321	   1.5023	        1.5046	          0.0023	   1.5467	7.624e-04	   0.064	   216.238
 254	127	 2.4056	 1.0318	   1.5023	        1.5046	          0.0023	   1.5316	9.021e-04	   0.071	   216.948
 255	128	 2.4050	 1.0326	   1.5023	        1.5046	          0.0023	   1.5671	5.150e-04	   0.061	   217.627
 256	128	 2.4066	 1.0317	   1.5023	        1.5046	          0.0023	   1.5138	9.338e-04	   0.057	   218.276
 257	129	 2.4069	 1.0312	   1.5023	        1.5046	          0.0023	   1.5267	1.172e-03	   0.060	   218.959
 258	129	 2.4068	 1.0315	   1.5023	        1.5046	          0.0023	   1.5507	1.017e-03	   0.069	   219.635
 259	130	 2.4064	 1.0303	   1.5023	        1.5046	          0.0023	   1.5041	1.560e-03	   0.052	   220.312
 260	130	 2.4070	 1.0313	   1.5023	        1.5046	          0.0023	   1.5718	1.107e-03	   0.065	   220.986
 261	131	 2.4069	 1.0318	   1.5023	        1.5046	          0.0023	   1.5536	8.866e-04	   0.059	   221.653
 262	131	 2.4073	 1.0312	   1.5023	        1.5046	          0.0023	   1.5260	1.153e-03	   0.055	   222.309
 263	132	 2.4076	 1.0329	   1.5023	        1.5046	          0.0023	   1.5911	4.006e-04	   0.062	   222.966
 264	132	 2.4067	 1.0312	   1.5023	        1.5046	          0.0023	   1.4850	1.176e-03	   0.056	   223.621
 265	133	 2.4070	 1.0310	   1.5023	        1.5046	          0.0023	   1.5338	1.255e-03	   0.056	   224.283
 266	133	 2.4070	 1.0313	   1.5023	        1.5046	          0.0023	   1.5533	1.103e-03	   0.056	   224.934
 267	134	 2.4066	 1.0310	   1.5023	        1.5046	          0.0023	   1.5302	1.246e-03	   0.062	   225.595
 268	134	 2.4071	 1.0313	   1.5023	        1.5046	          0.0023	   1.5500	1.124e-03	   0.063	   226.259
 269	135	 2.4065	 1.0319	   1.5023	        1.5046	          0.0023	   1.5593	8.381e-04	   0.058	   226.944
 270	135	 2.4080	 1.0307	   1.5023	        1.5046	          0.0023	   1.5069	1.387e-03	   0.064	   227.664
 271	136	 2.4075	 1.0312	   1.5023	        1.5046	          0.0023	   1.5562	1.165e-03	   0.064	   228.379
 272	136	 2.4078	 1.0312	   1.5023	        1.5046	          0.0023	   1.5392	1.172e-03	   0.054	   229.069
 273	137	 2.4075	 1.0312	   1.5023	        1.5046	          0.0023	   1.5404	1.161e-03	   0.060	   229.751
 274	137	 2.4080	 1.0314	   1.5023	        1.5046	          0.0023	   1.5480	1.076e-03	   0.065	   230.415
 275	138	 2.4080	 1.0327	   1.5023	        1.5046	          0.0023	   1.5823	4.679e-04	   0.054	   231.066
 276	138	 2.4085	 1.0313	   1.5023	        1.5046	          0.0023	   1.4992	1.099e-03	   0.060	   231.746
 277	139	 2.4089	 1.0313	   1.5023	        1.5046	          0.0023	   1.5380	1.124e-03	   0.063	   232.441
 278	139	 2.4085	 1.0317	   1.5023	        1.5046	          0.0023	   1.5537	9.431e-04	   0.064	   233.116
 279	140	 2.4079	 1.0315	   1.5023	        1.5046	          0.0023	   1.5316	1.044e-03	   0.054	   233.765
 280	140	 2.4084	 1.0320	   1.5023	        1.5046	          0.0023	   1.5600	7.927e-04	   0.066	   234.468
 281	141	 2.4089	 1.0321	   1.5023	        1.5046	          0.0023	   1.5455	7.654e-04	   0.074	   235.206
 282	141	 2.4082	 1.0322	   1.5023	        1.5046	          0.0023	   1.5405	7.197e-04	   0.058	   235.957
 283	142	 2.4073	 1.0311	   1.5023	        1.5046	          0.0023	   1.5004	1.212e-03	   0.061	   236.681
 284	142	 2.4077	 1.0327	   1.5023	        1.5046	          0.0023	   1.5957	4.972e-04	   0.058	   237.355
 285	143	 2.4058	 1.0331	   1.5023	        1.5046	          0.0023	   1.5525	2.853e-04	   0.054	   238.035
 286	143	 2.4075	 1.0328	   1.5023	        1.5046	          0.0023	   1.5337	4.263e-04	   0.056	   238.683
 287	144	 2.4082	 1.0320	   1.5023	        1.5046	          0.0023	   1.5168	7.924e-04	   0.059	   239.346
 288	144	 2.4076	 1.0332	   1.5023	        1.5046	          0.0023	   1.5766	2.605e-04	   0.061	   240.009
 289	145	 2.4072	 1.0324	   1.5023	        1.5046	          0.0023	   1.5147	6.066e-04	   0.050	   240.657
 290	145	 2.4079	 1.0329	   1.5023	        1.5046	          0.0023	   1.5589	3.938e-04	   0.062	   241.319
 291	146	 2.4074	 1.0339	   1.5023	        1.5046	          0.0023	   1.5731	4.104e-05	   0.064	   241.981
 292	146	 2.4071	 1.0332	   1.5023	        1.5046	          0.0023	   1.5178	2.530e-04	   0.049	   242.628
 293	147	 2.4086	 1.0328	   1.5023	        1.5046	          0.0023	   1.5312	4.160e-04	   0.063	   243.313
 294	147	 2.4068	 1.0334	   1.5023	        1.5046	          0.0023	   1.5556	1.771e-04	   0.072	   244.016
 295	148	 2.4075	 1.0333	   1.5023	        1.5046	          0.0023	   1.5411	2.082e-04	   0.063	   244.737
 296	148	 2.4066	 1.0333	   1.5023	        1.5046	          0.0023	   1.5382	1.964e-04	   0.059	   245.433
 297	149	 2.4063	 1.0338	   1.5023	        1.5046	          0.0023	   1.5537	7.352e-06	   0.065	   246.120
 298	149	 2.4062	 1.0332	   1.5023	        1.5046	          0.0023	   1.5243	2.562e-04	   0.063	   246.797
 299	150	 2.4070	 1.0329	   1.5023	        1.5046	          0.0023	   1.5338	3.936e-04	   0.052	   247.446
 300	150	 2.4060	 1.0331	   1.5023	        1.5046	          0.0023	   1.5456	2.847e-04	   0.064	   248.112
 301	151	 2.4075	 1.0335	   1.5023	        1.5046	          0.0023	   1.5559	1.160e-04	   0.061	   248.803
 302	151	 2.4067	 1.0328	   1.5023	        1.5046	          0.0023	   1.5159	4.521e-04	   0.057	   249.460
 303	152	 2.4069	 1.0329	   1.5023	        1.5046	          0.0023	   1.5476	3.799e-04	   0.055	   250.109
 304	152	 2.4067	 1.0326	   1.5023	        1.5046	          0.0023	   1.5281	5.368e-04	   0.058	   250.772
 305	153	 2.4061	 1.0335	   1.5023	        1.5046	          0.0023	   1.5731	1.009e-04	   0.057	   251.432
 306	153	 2.4068	 1.0325	   1.5023	        1.5046	          0.0023	   1.5053	5.671e-04	   0.055	   252.104
 307	154	 2.4071	 1.0316	   1.5023	        1.5046	          0.0023	   1.5095	9.806e-04	   0.068	   252.792
 308	154	 2.4065	 1.0326	   1.5023	        1.5046	          0.0023	   1.5744	5.322e-04	   0.063	   253.469
 309	155	 2.4068	 1.0323	   1.5023	        1.5046	          0.0023	   1.5318	6.546e-04	   0.057	   254.140
 310	155	 2.4052	 1.0329	   1.5023	        1.5046	          0.0023	   1.5595	3.716e-04	   0.062	   254.804
 311	156	 2.4049	 1.0334	   1.5023	        1.5046	          0.0023	   1.5525	1.647e-04	   0.063	   255.464
 312	156	 2.4054	 1.0327	   1.5023	        1.5046	          0.0023	   1.5216	4.726e-04	   0.052	   256.115
 313	157	 2.4056	 1.0320	   1.5023	        1.5046	          0.0023	   1.5154	8.073e-04	   0.057	   256.771
 314	157	 2.4056	 1.0328	   1.5023	        1.5046	          0.0023	   1.5680	4.551e-04	   0.063	   257.429
 315	158	 2.4048	 1.0326	   1.5023	        1.5046	          0.0023	   1.5326	5.401e-04	   0.057	   258.089
 316	158	 2.4057	 1.0328	   1.5023	        1.5046	          0.0023	   1.5505	4.519e-04	   0.057	   258.743
 317	159	 2.4036	 1.0336	   1.5023	        1.5046	          0.0023	   1.5613	9.358e-05	   0.062	   259.412
 318	159	 2.4050	 1.0329	   1.5023	        1.5046	          0.0023	   1.5241	3.715e-04	   0.065	   260.105
 319	160	 2.4042	 1.0326	   1.5023	        1.5046	          0.0023	   1.5237	5.379e-04	   0.062	   260.823
 320	160	 2.4049	 1.0327	   1.5023	        1.5046	          0.0023	   1.5473	4.997e-04	   0.062	   261.524
 321	161	 2.4044	 1.0319	   1.5023	        1.5046	          0.0023	   1.5130	8.247e-04	   0.067	   262.229
 322	161	 2.4050	 1.0326	   1.5023	        1.5046	          0.0023	   1.5680	5.225e-04	   0.056	   262.906
 323	162	 2.4054	 1.0328	   1.5023	        1.5046	          0.0023	   1.5494	4.304e-04	   0.066	   263.567
 324	162	 2.4045	 1.0329	   1.5023	        1.5046	          0.0023	   1.5433	3.846e-04	   0.058	   264.263
 325	163	 2.4050	 1.0331	   1.5023	        1.5046	          0.0023	   1.5500	2.840e-04	   0.061	   264.948
 326	163	 2.4047	 1.0330	   1.5023	        1.5046	          0.0023	   1.5351	3.406e-04	   0.054	   265.599
 327	164	 2.4045	 1.0324	   1.5023	        1.5046	          0.0023	   1.5202	6.110e-04	   0.059	   266.260
 328	164	 2.4053	 1.0333	   1.5023	        1.5046	          0.0023	   1.5742	2.163e-04	   0.065	   266.928
 329	165	 2.4061	 1.0323	   1.5023	        1.5046	          0.0023	   1.5064	6.546e-04	   0.056	   267.626
 330	165	 2.4061	 1.0332	   1.5023	        1.5046	          0.0023	   1.5755	2.527e-04	   0.068	   268.323
 331	166	 2.4055	 1.0339	   1.5023	        1.5046	          0.0023	   1.5655	3.430e-05	   0.059	   268.982
 332	166	 2.4056	 1.0331	   1.5023	        1.5046	          0.0023	   1.5141	2.808e-04	   0.051	   269.681
 333	167	 2.4056	 1.0336	   1.5023	        1.5046	          0.0023	   1.5594	7.282e-05	   0.060	   270.337
 334	167	 2.4055	 1.0331	   1.5023	        1.5046	          0.0023	   1.5227	2.890e-04	   0.062	   271.020
 335	168	 2.4054	 1.0334	   1.5023	        1.5046	          0.0023	   1.5518	1.848e-04	   0.059	   271.679
 336	168	 2.4052	 1.0331	   1.5023	        1.5046	          0.0023	   1.5309	2.887e-04	   0.058	   272.329
 337	169	 2.4060	 1.0338	   1.5023	        1.5046	          0.0023	   1.5680	8.130e-06	   0.061	   272.990
 338	169	 2.4053	 1.0329	   1.5023	        1.5046	          0.0023	   1.5080	3.715e-04	   0.063	   273.653
 339	170	 2.4045	 1.0320	   1.5023	        1.5046	          0.0023	   1.4999	7.840e-04	   0.055	   274.301
 340	170	 2.4052	 1.0327	   1.5023	        1.5046	          0.0023	   1.5716	4.789e-04	   0.060	   274.958
 341	171	 2.4057	 1.0330	   1.5023	        1.5046	          0.0023	   1.5569	3.375e-04	   0.061	   275.620
 342	171	 2.4049	 1.0330	   1.5023	        1.5046	          0.0023	   1.5372	3.375e-04	   0.057	   276.302
 343	172	 2.4048	 1.0333	   1.5023	        1.5046	          0.0023	   1.5523	2.290e-04	   0.065	   277.007
 344	172	 2.4042	 1.0332	   1.5023	        1.5046	          0.0023	   1.5341	2.708e-04	   0.064	   277.728
 345	173	 2.4036	 1.0328	   1.5023	        1.5046	          0.0023	   1.5276	4.200e-04	   0.055	   278.427
 346	173	 2.4038	 1.0330	   1.5023	        1.5046	          0.0023	   1.5444	3.712e-04	   0.058	   279.104
 347	174	 2.4044	 1.0337	   1.5023	        1.5046	          0.0023	   1.5746	2.292e-05	   0.063	   279.778
 348	174	 2.4032	 1.0328	   1.5023	        1.5046	          0.0023	   1.4993	4.543e-04	   0.063	   280.472
 349	175	 2.4042	 1.0321	   1.5023	        1.5046	          0.0023	   1.5179	7.720e-04	   0.053	   281.128
 350	175	 2.4036	 1.0330	   1.5023	        1.5046	          0.0023	   1.5762	3.307e-04	   0.063	   281.789
 351	176	 2.4038	 1.0325	   1.5023	        1.5046	          0.0023	   1.5221	5.623e-04	   0.064	   282.450
 352	176	 2.4035	 1.0332	   1.5023	        1.5046	          0.0023	   1.5647	2.666e-04	   0.049	   283.100
 353	177	 2.4034	 1.0331	   1.5023	        1.5046	          0.0023	   1.5425	2.878e-04	   0.063	   283.754
 354	177	 2.4031	 1.0331	   1.5023	        1.5046	          0.0023	   1.5340	3.212e-04	   0.061	   284.415
 355	178	 2.4026	 1.0339	   1.5023	        1.5046	          0.0023	   1.5710	4.975e-05	   0.058	   285.097
 356	178	 2.4026	 1.0331	   1.5023	        1.5046	          0.0023	   1.5094	3.203e-04	   0.060	   285.783
 357	179	 2.4031	 1.0333	   1.5023	        1.5046	          0.0023	   1.5502	2.331e-04	   0.060	   286.453
 358	179	 2.4023	 1.0330	   1.5023	        1.5046	          0.0023	   1.5292	3.436e-04	   0.067	   287.139
 359	180	 2.4023	 1.0327	   1.5023	        1.5046	          0.0023	   1.5232	5.061e-04	   0.049	   287.780
 360	180	 2.4023	 1.0329	   1.5023	        1.5046	          0.0023	   1.5529	4.126e-04	   0.060	   288.443
 361	181	 2.4022	 1.0318	   1.5023	        1.5046	          0.0023	   1.4968	9.005e-04	   0.063	   289.106
 362	181	 2.4019	 1.0328	   1.5023	        1.5046	          0.0023	   1.5831	4.223e-04	   0.054	   289.759
 363	182	 2.4035	 1.0329	   1.5023	        1.5046	          0.0023	   1.5476	4.046e-04	   0.060	   290.416
 364	182	 2.4027	 1.0327	   1.5023	        1.5046	          0.0023	   1.5300	5.036e-04	   0.060	   291.073
 365	183	 2.4032	 1.0331	   1.5023	        1.5046	          0.0023	   1.5624	2.880e-04	   0.056	   291.732
 366	183	 2.4018	 1.0328	   1.5023	        1.5046	          0.0023	   1.5238	4.245e-04	   0.059	   292.400
 367	184	 2.4012	 1.0330	   1.5023	        1.5046	          0.0023	   1.5438	3.640e-04	   0.061	   293.084
 368	184	 2.4015	 1.0330	   1.5023	        1.5046	          0.0023	   1.5464	3.391e-04	   0.069	   293.824
 369	185	 2.4018	 1.0330	   1.5023	        1.5046	          0.0023	   1.5424	3.319e-04	   0.056	   294.519
 370	185	 2.4015	 1.0333	   1.5023	        1.5046	          0.0023	   1.5530	2.093e-04	   0.065	   295.213
 371	186	 2.4010	 1.0342	   1.5023	        1.5046	          0.0023	   1.5797	1.998e-04	   0.066	   295.929
 372	186	 2.4016	 1.0337	   1.5023	        1.5046	          0.0023	   1.5190	3.853e-05	   0.055	   296.653
 373	187	 2.4016	 1.0341	   1.5023	        1.5046	          0.0023	   1.5562	1.434e-04	   0.060	   297.368
 374	187	 2.4016	 1.0337	   1.5023	        1.5046	          0.0023	   1.5271	3.794e-05	   0.070	   298.076
 375	188	 2.4020	 1.0335	   1.5023	        1.5046	          0.0023	   1.5332	1.310e-04	   0.068	   298.810
 376	188	 2.4012	 1.0336	   1.5023	        1.5046	          0.0023	   1.5471	5.987e-05	   0.056	   299.493
 377	189	 2.4012	 1.0341	   1.5023	        1.5046	          0.0023	   1.5630	1.526e-04	   0.062	   300.173
 378	189	 2.4012	 1.0337	   1.5023	        1.5046	          0.0023	   1.5240	2.354e-05	   0.065	   300.835
 379	190	 2.4007	 1.0345	   1.5023	        1.5046	          0.0023	   1.5688	3.088e-04	   0.057	   301.506
 380	190	 2.4008	 1.0339	   1.5023	        1.5046	          0.0023	   1.5212	6.708e-05	   0.063	   302.170
 381	191	 2.4016	 1.0332	   1.5023	        1.5046	          0.0023	   1.5138	2.610e-04	   0.066	   302.866
 382	191	 2.4012	 1.0338	   1.5023	        1.5046	          0.0023	   1.5655	1.620e-05	   0.058	   303.527
 383	192	 2.4010	 1.0336	   1.5023	        1.5046	          0.0023	   1.5348	6.961e-05	   0.059	   304.200
 384	192	 2.4008	 1.0341	   1.5023	        1.5046	          0.0023	   1.5576	1.250e-04	   0.058	   304.859
 385	193	 2.4015	 1.0339	   1.5023	        1.5046	          0.0023	   1.5347	4.619e-05	   0.055	   305.517
 386	193	 2.4007	 1.0338	   1.5023	        1.5046	          0.0023	   1.5385	2.943e-05	   0.058	   306.170
 387	194	 2.4009	 1.0348	   1.5023	        1.5046	          0.0023	   1.5852	4.579e-04	   0.055	   306.823
 388	194	 2.4003	 1.0339	   1.5023	        1.5046	          0.0023	   1.5012	7.434e-05	   0.060	   307.490
 389	195	 2.4004	 1.0335	   1.5023	        1.5046	          0.0023	   1.5252	1.143e-04	   0.054	   308.142
 390	195	 2.4005	 1.0343	   1.5023	        1.5046	          0.0023	   1.5729	2.190e-04	   0.061	   308.802
 391	196	 2.4013	 1.0340	   1.5023	        1.5046	          0.0023	   1.5348	1.012e-04	   0.064	   309.497
 392	196	 2.4009	 1.0341	   1.5023	        1.5046	          0.0023	   1.5413	1.270e-04	   0.059	   310.200
 393	197	 2.4010	 1.0351	   1.5023	        1.5046	          0.0023	   1.5859	5.716e-04	   0.063	   310.913
 394	197	 2.4010	 1.0342	   1.5023	        1.5046	          0.0023	   1.5046	1.888e-04	   0.065	   311.616
 395	198	 2.4006	 1.0349	   1.5023	        1.5046	          0.0023	   1.5689	4.862e-04	   0.067	   312.319
 396	198	 2.4006	 1.0344	   1.5023	        1.5046	          0.0023	   1.5198	2.568e-04	   0.057	   312.998
 397	199	 2.4009	 1.0348	   1.5023	        1.5046	          0.0023	   1.5642	4.469e-04	   0.060	   313.658
 398	199	 2.4007	 1.0347	   1.5023	        1.5046	          0.0023	   1.5345	4.072e-04	   0.064	   314.317
 399	200	 2.4005	 1.0348	   1.5023	        1.5046	          0.0023	   1.5425	4.466e-04	   0.052	   314.967
 400	200	 2.3999	 1.0348	   1.5023	        1.5046	          0.0023	   1.5443	4.676e-04	   0.060	   315.626

[BSGD] Finished on device cuda -> σ_f² ≈ 2.3999, σ_ε² ≈ 1.0348
