[GPU 4][JOB 133] 'python cli.py bsgd --n 1024 --lengthscale 0.5 --sigma-f2-true 4.0 --sigma-eps2-true 1.0 --n-epochs 200 --device auto --kernel-mode finite --theta-min 1e-4 --theta-max 20.0 --print-every 1 --seed 2 --batch-size 512 --sigma-f2-init 5.0 --sigma-eps2-init 3.0 --alpha1 9.0 '

=== BSGD (biased SGD on exact kernel) ===
iter	epoch	σ_f²	σ_ε²	real_nlml	real_nlml_true	real_nlml_abs_err	mini_nlml	||grad||	duration_s	wall_time_s
   1	 1	 4.4418	 2.0305	   1.5764	        1.4710	          0.1054	   1.6065	1.245e-01	   0.203	     0.330
   2	 1	 4.2354	 1.5024	   1.5116	        1.4710	          0.0406	   1.5650	1.144e-01	   0.058	     1.199
   3	 2	 4.1187	 1.1848	   1.4802	        1.4710	          0.0091	   1.5359	7.488e-02	   0.069	     1.922
   4	 2	 4.0163	 1.0073	   1.4711	        1.4710	          0.0001	   1.5018	1.929e-02	   0.079	     2.678
   5	 3	 3.9788	 0.9355	   1.4710	        1.4710	          0.0000	   1.4904	1.721e-02	   0.066	     3.404
   6	 3	 3.9034	 1.0007	   1.4709	        1.4710	          0.0001	   1.5380	1.635e-02	   0.074	     4.165
   7	 4	 3.8634	 0.9612	   1.4706	        1.4710	          0.0004	   1.5015	3.000e-03	   0.074	     4.952
   8	 4	 3.8441	 0.9814	   1.4707	        1.4710	          0.0003	   1.5268	7.347e-03	   0.071	     5.740
   9	 5	 3.8299	 0.9769	   1.4706	        1.4710	          0.0004	   1.5183	5.129e-03	   0.071	     6.568
  10	 5	 3.7916	 0.9728	   1.4706	        1.4710	          0.0004	   1.5129	3.139e-03	   0.075	     7.421
  11	 6	 3.7706	 0.9584	   1.4706	        1.4710	          0.0004	   1.4987	4.437e-03	   0.076	     8.291
  12	 6	 3.7448	 0.9713	   1.4706	        1.4710	          0.0004	   1.5248	2.381e-03	   0.082	     9.164
  13	 7	 3.7176	 0.9731	   1.4706	        1.4710	          0.0004	   1.5180	3.269e-03	   0.073	    10.024
  14	 7	 3.7135	 0.9710	   1.4705	        1.4710	          0.0005	   1.5153	2.230e-03	   0.080	    10.884
  15	 8	 3.6894	 0.9756	   1.4706	        1.4710	          0.0005	   1.5179	4.483e-03	   0.077	    11.740
  16	 8	 3.6838	 0.9707	   1.4705	        1.4710	          0.0005	   1.5143	2.040e-03	   0.084	    12.596
  17	 9	 3.6649	 0.9762	   1.4705	        1.4710	          0.0005	   1.5244	4.766e-03	   0.091	    13.466
  18	 9	 3.6578	 0.9618	   1.4705	        1.4710	          0.0005	   1.4890	2.641e-03	   0.076	    14.344
  19	10	 3.6457	 0.9567	   1.4705	        1.4710	          0.0005	   1.5000	5.367e-03	   0.087	    15.201
  20	10	 3.6455	 0.9664	   1.4705	        1.4710	          0.0005	   1.5326	5.034e-04	   0.088	    16.057
  21	11	 3.6346	 0.9741	   1.4705	        1.4710	          0.0005	   1.5297	3.748e-03	   0.078	    16.924
  22	11	 3.6323	 0.9685	   1.4705	        1.4710	          0.0005	   1.5065	9.715e-04	   0.081	    17.826
  23	12	 3.6359	 0.9651	   1.4705	        1.4710	          0.0005	   1.5054	1.004e-03	   0.078	    18.730
  24	12	 3.6251	 0.9700	   1.4705	        1.4710	          0.0005	   1.5276	1.684e-03	   0.087	    19.621
  25	13	 3.6193	 0.9713	   1.4705	        1.4710	          0.0005	   1.5190	2.308e-03	   0.073	    20.514
  26	13	 3.6150	 0.9604	   1.4705	        1.4710	          0.0005	   1.4845	3.379e-03	   0.069	    21.385
  27	14	 3.6130	 0.9762	   1.4705	        1.4710	          0.0005	   1.5571	4.757e-03	   0.085	    22.257
  28	14	 3.5969	 0.9614	   1.4705	        1.4710	          0.0005	   1.4684	2.837e-03	   0.069	    23.104
  29	15	 3.5940	 0.9503	   1.4706	        1.4710	          0.0004	   1.4775	8.842e-03	   0.076	    23.956
  30	15	 3.5875	 0.9622	   1.4705	        1.4710	          0.0005	   1.5434	2.434e-03	   0.079	    24.814
  31	16	 3.5812	 0.9602	   1.4705	        1.4710	          0.0005	   1.4999	3.507e-03	   0.084	    25.674
  32	16	 3.5801	 0.9621	   1.4705	        1.4710	          0.0005	   1.5228	2.474e-03	   0.075	    26.526
  33	17	 3.5804	 0.9631	   1.4705	        1.4710	          0.0005	   1.5174	1.985e-03	   0.081	    27.383
  34	17	 3.5709	 0.9653	   1.4705	        1.4710	          0.0005	   1.5174	8.569e-04	   0.091	    28.256
  35	18	 3.5618	 0.9573	   1.4705	        1.4710	          0.0005	   1.4804	5.026e-03	   0.077	    29.116
  36	18	 3.5619	 0.9685	   1.4705	        1.4710	          0.0005	   1.5538	9.254e-04	   0.086	    29.985
  37	19	 3.5593	 0.9634	   1.4705	        1.4710	          0.0005	   1.4955	1.830e-03	   0.082	    30.849
  38	19	 3.5554	 0.9674	   1.4705	        1.4710	          0.0005	   1.5274	4.519e-04	   0.072	    31.729
  39	20	 3.5526	 0.9670	   1.4705	        1.4710	          0.0005	   1.5148	3.620e-04	   0.076	    32.580
  40	20	 3.5484	 0.9689	   1.4705	        1.4710	          0.0005	   1.5187	1.097e-03	   0.078	    33.438
  41	21	 3.5430	 0.9675	   1.4705	        1.4710	          0.0005	   1.5093	4.863e-04	   0.078	    34.325
  42	21	 3.5430	 0.9695	   1.4705	        1.4710	          0.0005	   1.5234	1.400e-03	   0.070	    35.196
  43	22	 3.5388	 0.9682	   1.4705	        1.4710	          0.0005	   1.5101	7.765e-04	   0.080	    36.075
  44	22	 3.5424	 0.9676	   1.4705	        1.4710	          0.0005	   1.5145	5.140e-04	   0.086	    36.939
  45	23	 3.5452	 0.9658	   1.4705	        1.4710	          0.0005	   1.5101	6.227e-04	   0.078	    37.794
  46	23	 3.5364	 0.9665	   1.4705	        1.4710	          0.0005	   1.5106	3.668e-04	   0.089	    38.752
  47	24	 3.5361	 0.9672	   1.4705	        1.4710	          0.0005	   1.5198	3.809e-04	   0.094	    39.679
  48	24	 3.5318	 0.9672	   1.4705	        1.4710	          0.0005	   1.5119	3.607e-04	   0.080	    40.579
  49	25	 3.5350	 0.9651	   1.4705	        1.4710	          0.0005	   1.5084	9.442e-04	   0.073	    41.475
  50	25	 3.5258	 0.9662	   1.4705	        1.4710	          0.0005	   1.5119	4.457e-04	   0.081	    42.360
  51	26	 3.5294	 0.9592	   1.4705	        1.4710	          0.0005	   1.4790	4.007e-03	   0.078	    43.231
  52	26	 3.5214	 0.9670	   1.4705	        1.4710	          0.0005	   1.5491	3.184e-04	   0.075	    44.082
  53	27	 3.5164	 0.9606	   1.4705	        1.4710	          0.0005	   1.4761	3.281e-03	   0.077	    44.935
  54	27	 3.5209	 0.9647	   1.4705	        1.4710	          0.0005	   1.5381	1.147e-03	   0.073	    45.795
  55	28	 3.5200	 0.9642	   1.4705	        1.4710	          0.0005	   1.5079	1.402e-03	   0.076	    46.654
  56	28	 3.5169	 0.9662	   1.4705	        1.4710	          0.0005	   1.5259	4.447e-04	   0.078	    47.505
  57	29	 3.5181	 0.9703	   1.4705	        1.4710	          0.0005	   1.5380	1.778e-03	   0.082	    48.365
  58	29	 3.5146	 0.9669	   1.4705	        1.4710	          0.0005	   1.4953	3.037e-04	   0.075	    49.218
  59	30	 3.5138	 0.9673	   1.4705	        1.4710	          0.0005	   1.5177	3.794e-04	   0.073	    50.092
  60	30	 3.5121	 0.9659	   1.4705	        1.4710	          0.0005	   1.5039	5.725e-04	   0.080	    50.953
  61	31	 3.5114	 0.9621	   1.4705	        1.4710	          0.0005	   1.4878	2.497e-03	   0.078	    51.837
  62	31	 3.5079	 0.9661	   1.4705	        1.4710	          0.0005	   1.5348	5.069e-04	   0.076	    52.705
  63	32	 3.5057	 0.9713	   1.4705	        1.4710	          0.0005	   1.5476	2.269e-03	   0.078	    53.558
  64	32	 3.5057	 0.9649	   1.4705	        1.4710	          0.0005	   1.4735	1.045e-03	   0.088	    54.424
  65	33	 3.5020	 0.9662	   1.4705	        1.4710	          0.0005	   1.5214	4.528e-04	   0.068	    55.270
  66	33	 3.5027	 0.9648	   1.4705	        1.4710	          0.0005	   1.5042	1.120e-03	   0.077	    56.170
  67	34	 3.4983	 0.9634	   1.4705	        1.4710	          0.0005	   1.5010	1.808e-03	   0.083	    57.030
  68	34	 3.4967	 0.9643	   1.4705	        1.4710	          0.0005	   1.5176	1.334e-03	   0.075	    57.883
  69	35	 3.4948	 0.9631	   1.4705	        1.4710	          0.0005	   1.4982	1.980e-03	   0.073	    58.731
  70	35	 3.4946	 0.9645	   1.4705	        1.4710	          0.0005	   1.5270	1.256e-03	   0.083	    59.604
  71	36	 3.4917	 0.9654	   1.4705	        1.4710	          0.0005	   1.5184	8.182e-04	   0.082	    60.524
  72	36	 3.4923	 0.9652	   1.4705	        1.4710	          0.0005	   1.5147	8.875e-04	   0.082	    61.407
  73	37	 3.4902	 0.9665	   1.4705	        1.4710	          0.0005	   1.5241	3.225e-04	   0.079	    62.290
  74	37	 3.4893	 0.9652	   1.4705	        1.4710	          0.0005	   1.5007	9.015e-04	   0.089	    63.200
  75	38	 3.4906	 0.9700	   1.4705	        1.4710	          0.0005	   1.5516	1.624e-03	   0.081	    64.071
  76	38	 3.4865	 0.9662	   1.4705	        1.4710	          0.0005	   1.4839	4.203e-04	   0.084	    64.923
  77	39	 3.4832	 0.9684	   1.4705	        1.4710	          0.0005	   1.5277	8.149e-04	   0.081	    65.784
  78	39	 3.4838	 0.9676	   1.4705	        1.4710	          0.0005	   1.5099	4.562e-04	   0.075	    66.638
  79	40	 3.4823	 0.9669	   1.4705	        1.4710	          0.0006	   1.5091	2.637e-04	   0.078	    67.491
  80	40	 3.4822	 0.9676	   1.4705	        1.4710	          0.0005	   1.5181	4.670e-04	   0.081	    68.351
  81	41	 3.4797	 0.9663	   1.4705	        1.4710	          0.0006	   1.5011	4.068e-04	   0.076	    69.204
  82	41	 3.4795	 0.9692	   1.4705	        1.4710	          0.0005	   1.5387	1.210e-03	   0.066	    70.051
  83	42	 3.4782	 0.9718	   1.4705	        1.4710	          0.0005	   1.5374	2.511e-03	   0.084	    70.923
  84	42	 3.4772	 0.9693	   1.4705	        1.4710	          0.0005	   1.4944	1.260e-03	   0.080	    71.797
  85	43	 3.4748	 0.9711	   1.4705	        1.4710	          0.0005	   1.5290	2.192e-03	   0.076	    72.664
  86	43	 3.4760	 0.9700	   1.4705	        1.4710	          0.0005	   1.5083	1.611e-03	   0.078	    73.526
  87	44	 3.4734	 0.9681	   1.4705	        1.4710	          0.0006	   1.4967	7.048e-04	   0.086	    74.407
  88	44	 3.4738	 0.9697	   1.4705	        1.4710	          0.0006	   1.5301	1.497e-03	   0.073	    75.265
  89	45	 3.4752	 0.9709	   1.4705	        1.4710	          0.0005	   1.5278	2.090e-03	   0.085	    76.161
  90	45	 3.4723	 0.9681	   1.4704	        1.4710	          0.0006	   1.4877	6.735e-04	   0.090	    77.093
  91	46	 3.4719	 0.9739	   1.4705	        1.4710	          0.0005	   1.5702	3.607e-03	   0.082	    78.000
  92	46	 3.4718	 0.9667	   1.4704	        1.4710	          0.0006	   1.4470	2.713e-04	   0.080	    78.911
  93	47	 3.4696	 0.9691	   1.4705	        1.4710	          0.0006	   1.5354	1.184e-03	   0.076	    79.821
  94	47	 3.4709	 0.9673	   1.4704	        1.4710	          0.0006	   1.4994	3.403e-04	   0.085	    80.752
  95	48	 3.4673	 0.9641	   1.4705	        1.4710	          0.0006	   1.4774	1.476e-03	   0.070	    81.652
  96	48	 3.4684	 0.9680	   1.4704	        1.4710	          0.0006	   1.5558	6.344e-04	   0.084	    82.534
  97	49	 3.4677	 0.9654	   1.4704	        1.4710	          0.0006	   1.4845	7.864e-04	   0.084	    83.429
  98	49	 3.4677	 0.9674	   1.4704	        1.4710	          0.0006	   1.5375	3.879e-04	   0.079	    84.325
  99	50	 3.4657	 0.9692	   1.4704	        1.4710	          0.0006	   1.5294	1.208e-03	   0.078	    85.208
 100	50	 3.4660	 0.9670	   1.4704	        1.4710	          0.0006	   1.4938	2.504e-04	   0.084	    86.083
 101	51	 3.4662	 0.9677	   1.4704	        1.4710	          0.0006	   1.5195	5.007e-04	   0.081	    86.940
 102	51	 3.4640	 0.9672	   1.4704	        1.4710	          0.0006	   1.5089	3.035e-04	   0.075	    87.786
 103	52	 3.4643	 0.9708	   1.4705	        1.4710	          0.0006	   1.5523	2.038e-03	   0.084	    88.644
 104	52	 3.4634	 0.9674	   1.4704	        1.4710	          0.0006	   1.4796	3.578e-04	   0.086	    89.503
 105	53	 3.4639	 0.9690	   1.4704	        1.4710	          0.0006	   1.5330	1.144e-03	   0.068	    90.354
 106	53	 3.4605	 0.9665	   1.4704	        1.4710	          0.0006	   1.4825	2.903e-04	   0.077	    91.210
 107	54	 3.4572	 0.9671	   1.4704	        1.4710	          0.0006	   1.5174	2.531e-04	   0.083	    92.074
 108	54	 3.4583	 0.9663	   1.4704	        1.4710	          0.0006	   1.5063	3.606e-04	   0.076	    92.948
 109	55	 3.4567	 0.9649	   1.4704	        1.4710	          0.0006	   1.4948	1.060e-03	   0.073	    93.793
 110	55	 3.4584	 0.9651	   1.4704	        1.4710	          0.0006	   1.5199	9.614e-04	   0.071	    94.673
 111	56	 3.4581	 0.9670	   1.4704	        1.4710	          0.0006	   1.5371	2.380e-04	   0.083	    95.564
 112	56	 3.4577	 0.9639	   1.4704	        1.4710	          0.0006	   1.4765	1.538e-03	   0.073	    96.411
 113	57	 3.4600	 0.9625	   1.4705	        1.4710	          0.0006	   1.4976	2.265e-03	   0.082	    97.299
 114	57	 3.4579	 0.9643	   1.4704	        1.4710	          0.0006	   1.5314	1.353e-03	   0.083	    98.168
 115	58	 3.4590	 0.9638	   1.4704	        1.4710	          0.0006	   1.5107	1.597e-03	   0.076	    99.015
 116	58	 3.4578	 0.9629	   1.4705	        1.4710	          0.0006	   1.4996	2.074e-03	   0.080	    99.875
 117	59	 3.4547	 0.9647	   1.4704	        1.4710	          0.0006	   1.5292	1.161e-03	   0.087	   100.734
 118	59	 3.4559	 0.9636	   1.4704	        1.4710	          0.0006	   1.5031	1.717e-03	   0.077	   101.627
 119	60	 3.4570	 0.9665	   1.4704	        1.4710	          0.0006	   1.5499	2.898e-04	   0.081	   102.479
 120	60	 3.4549	 0.9643	   1.4704	        1.4710	          0.0006	   1.4849	1.343e-03	   0.085	   103.369
 121	61	 3.4554	 0.9643	   1.4704	        1.4710	          0.0006	   1.5144	1.360e-03	   0.077	   104.255
 122	61	 3.4546	 0.9645	   1.4704	        1.4710	          0.0006	   1.5136	1.271e-03	   0.072	   105.140
 123	62	 3.4521	 0.9647	   1.4704	        1.4710	          0.0006	   1.5122	1.166e-03	   0.078	   106.039
 124	62	 3.4526	 0.9651	   1.4704	        1.4710	          0.0006	   1.5188	9.279e-04	   0.082	   106.926
 125	63	 3.4544	 0.9633	   1.4704	        1.4710	          0.0006	   1.4907	1.853e-03	   0.066	   107.774
 126	63	 3.4514	 0.9650	   1.4704	        1.4710	          0.0006	   1.5323	9.693e-04	   0.076	   108.629
 127	64	 3.4503	 0.9639	   1.4704	        1.4710	          0.0006	   1.4965	1.554e-03	   0.084	   109.495
 128	64	 3.4503	 0.9645	   1.4704	        1.4710	          0.0006	   1.5226	1.221e-03	   0.077	   110.350
 129	65	 3.4490	 0.9665	   1.4704	        1.4710	          0.0006	   1.5389	2.801e-04	   0.078	   111.199
 130	65	 3.4476	 0.9640	   1.4704	        1.4710	          0.0006	   1.4748	1.505e-03	   0.079	   112.057
 131	66	 3.4475	 0.9623	   1.4704	        1.4710	          0.0006	   1.4897	2.364e-03	   0.087	   112.919
 132	66	 3.4462	 0.9640	   1.4704	        1.4710	          0.0006	   1.5331	1.498e-03	   0.084	   113.769
 133	67	 3.4466	 0.9636	   1.4704	        1.4710	          0.0006	   1.5101	1.692e-03	   0.075	   114.644
 134	67	 3.4448	 0.9643	   1.4704	        1.4710	          0.0006	   1.5180	1.327e-03	   0.091	   115.524
 135	68	 3.4445	 0.9639	   1.4704	        1.4710	          0.0006	   1.5094	1.569e-03	   0.072	   116.376
 136	68	 3.4439	 0.9651	   1.4704	        1.4710	          0.0006	   1.5259	9.450e-04	   0.084	   117.281
 137	69	 3.4431	 0.9666	   1.4704	        1.4710	          0.0006	   1.5324	2.494e-04	   0.082	   118.166
 138	69	 3.4433	 0.9658	   1.4704	        1.4710	          0.0006	   1.5037	6.152e-04	   0.067	   119.034
 139	70	 3.4408	 0.9667	   1.4704	        1.4710	          0.0006	   1.5245	2.239e-04	   0.082	   119.899
 140	70	 3.4425	 0.9661	   1.4704	        1.4710	          0.0006	   1.5080	4.649e-04	   0.081	   120.799
 141	71	 3.4417	 0.9670	   1.4704	        1.4710	          0.0006	   1.5260	2.205e-04	   0.076	   121.715
 142	71	 3.4417	 0.9659	   1.4704	        1.4710	          0.0006	   1.4985	5.333e-04	   0.074	   122.588
 143	72	 3.4414	 0.9665	   1.4704	        1.4710	          0.0006	   1.5180	2.897e-04	   0.081	   123.454
 144	72	 3.4414	 0.9664	   1.4704	        1.4710	          0.0006	   1.5156	3.386e-04	   0.081	   124.337
 145	73	 3.4429	 0.9651	   1.4704	        1.4710	          0.0006	   1.5001	9.448e-04	   0.078	   125.215
 146	73	 3.4408	 0.9669	   1.4704	        1.4710	          0.0006	   1.5353	2.101e-04	   0.084	   126.107
 147	74	 3.4408	 0.9642	   1.4704	        1.4710	          0.0006	   1.4734	1.415e-03	   0.092	   127.008
 148	74	 3.4407	 0.9666	   1.4704	        1.4710	          0.0006	   1.5501	2.592e-04	   0.077	   127.888
 149	75	 3.4402	 0.9659	   1.4704	        1.4710	          0.0006	   1.5017	5.524e-04	   0.069	   128.749
 150	75	 3.4404	 0.9664	   1.4704	        1.4710	          0.0006	   1.5234	3.193e-04	   0.076	   129.614
 151	76	 3.4397	 0.9670	   1.4704	        1.4710	          0.0006	   1.5231	2.195e-04	   0.074	   130.472
 152	76	 3.4401	 0.9660	   1.4704	        1.4710	          0.0006	   1.5002	4.884e-04	   0.075	   131.323
 153	77	 3.4413	 0.9661	   1.4704	        1.4710	          0.0006	   1.5174	4.728e-04	   0.074	   132.178
 154	77	 3.4399	 0.9660	   1.4704	        1.4710	          0.0006	   1.5106	4.813e-04	   0.080	   133.038
 155	78	 3.4384	 0.9665	   1.4704	        1.4710	          0.0006	   1.5171	2.877e-04	   0.072	   133.891
 156	78	 3.4387	 0.9667	   1.4704	        1.4710	          0.0006	   1.5201	2.234e-04	   0.084	   134.750
 157	79	 3.4385	 0.9673	   1.4704	        1.4710	          0.0006	   1.5217	2.854e-04	   0.088	   135.630
 158	79	 3.4384	 0.9674	   1.4704	        1.4710	          0.0006	   1.5187	3.294e-04	   0.078	   136.485
 159	80	 3.4373	 0.9663	   1.4704	        1.4710	          0.0006	   1.4922	3.633e-04	   0.089	   137.362
 160	80	 3.4377	 0.9671	   1.4704	        1.4710	          0.0006	   1.5300	2.300e-04	   0.093	   138.246
 161	81	 3.4379	 0.9652	   1.4704	        1.4710	          0.0006	   1.4844	8.872e-04	   0.074	   139.134
 162	81	 3.4373	 0.9672	   1.4704	        1.4710	          0.0006	   1.5451	2.516e-04	   0.073	   139.983
 163	82	 3.4359	 0.9673	   1.4704	        1.4710	          0.0006	   1.5138	2.978e-04	   0.078	   140.840
 164	82	 3.4359	 0.9673	   1.4704	        1.4710	          0.0006	   1.5151	2.888e-04	   0.082	   141.701
 165	83	 3.4346	 0.9684	   1.4704	        1.4710	          0.0006	   1.5312	8.215e-04	   0.073	   142.569
 166	83	 3.4355	 0.9678	   1.4704	        1.4710	          0.0006	   1.5083	5.367e-04	   0.069	   143.440
 167	84	 3.4341	 0.9669	   1.4704	        1.4710	          0.0006	   1.4972	2.011e-04	   0.083	   144.310
 168	84	 3.4350	 0.9677	   1.4704	        1.4710	          0.0006	   1.5269	4.750e-04	   0.069	   145.159
 169	85	 3.4333	 0.9692	   1.4704	        1.4710	          0.0006	   1.5333	1.190e-03	   0.079	   146.045
 170	85	 3.4340	 0.9679	   1.4704	        1.4710	          0.0006	   1.4972	5.771e-04	   0.083	   146.931
 171	86	 3.4327	 0.9687	   1.4704	        1.4710	          0.0006	   1.5270	9.745e-04	   0.082	   147.822
 172	86	 3.4334	 0.9686	   1.4704	        1.4710	          0.0006	   1.5150	9.314e-04	   0.080	   148.725
 173	87	 3.4323	 0.9669	   1.4704	        1.4710	          0.0006	   1.4797	1.988e-04	   0.083	   149.605
 174	87	 3.4333	 0.9686	   1.4704	        1.4710	          0.0006	   1.5472	8.932e-04	   0.082	   150.465
 175	88	 3.4337	 0.9692	   1.4704	        1.4710	          0.0006	   1.5273	1.219e-03	   0.076	   151.313
 176	88	 3.4329	 0.9682	   1.4704	        1.4710	          0.0006	   1.4958	7.195e-04	   0.084	   152.168
 177	89	 3.4332	 0.9681	   1.4704	        1.4710	          0.0006	   1.5113	6.431e-04	   0.075	   153.022
 178	89	 3.4323	 0.9681	   1.4704	        1.4710	          0.0006	   1.5153	6.783e-04	   0.072	   153.883
 179	90	 3.4314	 0.9681	   1.4704	        1.4710	          0.0006	   1.5122	6.438e-04	   0.077	   154.734
 180	90	 3.4321	 0.9677	   1.4704	        1.4710	          0.0006	   1.5071	4.785e-04	   0.080	   155.592
 181	91	 3.4325	 0.9675	   1.4704	        1.4710	          0.0006	   1.5141	3.996e-04	   0.074	   156.451
 182	91	 3.4315	 0.9680	   1.4704	        1.4710	          0.0006	   1.5211	6.161e-04	   0.081	   157.349
 183	92	 3.4305	 0.9695	   1.4704	        1.4710	          0.0006	   1.5403	1.367e-03	   0.090	   158.268
 184	92	 3.4307	 0.9678	   1.4704	        1.4710	          0.0006	   1.4829	5.047e-04	   0.091	   159.232
 185	93	 3.4307	 0.9685	   1.4704	        1.4710	          0.0006	   1.5327	8.681e-04	   0.076	   160.157
 186	93	 3.4298	 0.9679	   1.4704	        1.4710	          0.0006	   1.4979	5.670e-04	   0.084	   161.077
 187	94	 3.4299	 0.9668	   1.4704	        1.4710	          0.0006	   1.4940	1.959e-04	   0.092	   161.977
 188	94	 3.4295	 0.9680	   1.4704	        1.4710	          0.0006	   1.5367	6.016e-04	   0.081	   162.865
 189	95	 3.4290	 0.9691	   1.4704	        1.4710	          0.0006	   1.5378	1.161e-03	   0.078	   163.754
 190	95	 3.4285	 0.9681	   1.4704	        1.4710	          0.0006	   1.4926	6.517e-04	   0.079	   164.629
 191	96	 3.4289	 0.9682	   1.4704	        1.4710	          0.0006	   1.5158	6.838e-04	   0.078	   165.489
 192	96	 3.4282	 0.9683	   1.4704	        1.4710	          0.0006	   1.5163	7.365e-04	   0.075	   166.339
 193	97	 3.4268	 0.9683	   1.4704	        1.4710	          0.0006	   1.5130	7.588e-04	   0.077	   167.207
 194	97	 3.4279	 0.9679	   1.4704	        1.4710	          0.0006	   1.5081	5.618e-04	   0.075	   168.093
 195	98	 3.4267	 0.9683	   1.4704	        1.4710	          0.0006	   1.5220	7.653e-04	   0.075	   168.986
 196	98	 3.4274	 0.9681	   1.4704	        1.4710	          0.0006	   1.5113	6.436e-04	   0.086	   169.881
 197	99	 3.4267	 0.9677	   1.4704	        1.4710	          0.0006	   1.5043	4.551e-04	   0.085	   170.771
 198	99	 3.4269	 0.9681	   1.4704	        1.4710	          0.0006	   1.5252	6.800e-04	   0.074	   171.639
 199	100	 3.4266	 0.9675	   1.4704	        1.4710	          0.0006	   1.4957	3.657e-04	   0.082	   172.491
 200	100	 3.4263	 0.9682	   1.4704	        1.4710	          0.0006	   1.5319	6.969e-04	   0.080	   173.353
 201	101	 3.4256	 0.9695	   1.4704	        1.4710	          0.0006	   1.5407	1.353e-03	   0.079	   174.211
 202	101	 3.4260	 0.9686	   1.4704	        1.4710	          0.0006	   1.4989	9.149e-04	   0.077	   175.062
 203	102	 3.4259	 0.9683	   1.4704	        1.4710	          0.0006	   1.5081	7.380e-04	   0.078	   175.913
 204	102	 3.4261	 0.9686	   1.4704	        1.4710	          0.0006	   1.5238	9.194e-04	   0.086	   176.776
 205	103	 3.4262	 0.9686	   1.4704	        1.4710	          0.0006	   1.5138	9.132e-04	   0.063	   177.621
 206	103	 3.4257	 0.9687	   1.4704	        1.4710	          0.0006	   1.5169	9.760e-04	   0.078	   178.506
 207	104	 3.4267	 0.9691	   1.4704	        1.4710	          0.0006	   1.5260	1.178e-03	   0.080	   179.366
 208	104	 3.4256	 0.9684	   1.4704	        1.4710	          0.0006	   1.4963	7.808e-04	   0.075	   180.279
 209	105	 3.4250	 0.9692	   1.4704	        1.4710	          0.0006	   1.5355	1.211e-03	   0.076	   181.150
 210	105	 3.4252	 0.9679	   1.4704	        1.4710	          0.0006	   1.4846	5.800e-04	   0.076	   182.008
 211	106	 3.4245	 0.9665	   1.4704	        1.4710	          0.0006	   1.4768	2.864e-04	   0.080	   182.873
 212	106	 3.4244	 0.9677	   1.4704	        1.4710	          0.0006	   1.5447	4.734e-04	   0.083	   183.730
 213	107	 3.4229	 0.9697	   1.4704	        1.4710	          0.0006	   1.5580	1.480e-03	   0.081	   184.619
 214	107	 3.4234	 0.9680	   1.4704	        1.4710	          0.0006	   1.4775	6.114e-04	   0.084	   185.480
 215	108	 3.4220	 0.9681	   1.4704	        1.4710	          0.0006	   1.5126	6.672e-04	   0.081	   186.331
 216	108	 3.4227	 0.9680	   1.4704	        1.4710	          0.0006	   1.5144	6.014e-04	   0.088	   187.185
 217	109	 3.4219	 0.9683	   1.4704	        1.4710	          0.0006	   1.5204	7.307e-04	   0.079	   188.043
 218	109	 3.4224	 0.9681	   1.4704	        1.4710	          0.0006	   1.5114	6.406e-04	   0.079	   188.931
 219	110	 3.4224	 0.9684	   1.4704	        1.4710	          0.0006	   1.5238	8.011e-04	   0.079	   189.807
 220	110	 3.4218	 0.9679	   1.4704	        1.4710	          0.0006	   1.5000	5.391e-04	   0.085	   190.701
 221	111	 3.4219	 0.9670	   1.4704	        1.4710	          0.0006	   1.4937	1.887e-04	   0.077	   191.600
 222	111	 3.4218	 0.9678	   1.4704	        1.4710	          0.0006	   1.5353	5.278e-04	   0.067	   192.476
 223	112	 3.4219	 0.9685	   1.4704	        1.4710	          0.0006	   1.5328	8.631e-04	   0.077	   193.337
 224	112	 3.4217	 0.9679	   1.4704	        1.4710	          0.0006	   1.4983	5.505e-04	   0.080	   194.198
 225	113	 3.4214	 0.9693	   1.4704	        1.4710	          0.0006	   1.5458	1.243e-03	   0.070	   195.048
 226	113	 3.4210	 0.9679	   1.4704	        1.4710	          0.0006	   1.4818	5.535e-04	   0.076	   195.903
 227	114	 3.4206	 0.9667	   1.4704	        1.4710	          0.0006	   1.4843	2.008e-04	   0.085	   196.763
 228	114	 3.4205	 0.9677	   1.4704	        1.4710	          0.0006	   1.5395	4.667e-04	   0.072	   197.619
 229	115	 3.4199	 0.9681	   1.4704	        1.4710	          0.0006	   1.5242	6.656e-04	   0.075	   198.471
 230	115	 3.4197	 0.9681	   1.4704	        1.4710	          0.0006	   1.5099	6.358e-04	   0.080	   199.329
 231	116	 3.4193	 0.9674	   1.4704	        1.4710	          0.0006	   1.4988	3.075e-04	   0.083	   200.244
 232	116	 3.4189	 0.9679	   1.4704	        1.4710	          0.0006	   1.5232	5.404e-04	   0.085	   201.126
 233	117	 3.4190	 0.9667	   1.4704	        1.4710	          0.0006	   1.4864	1.940e-04	   0.075	   202.037
 234	117	 3.4186	 0.9680	   1.4704	        1.4710	          0.0006	   1.5440	5.908e-04	   0.081	   202.967
 235	118	 3.4188	 0.9679	   1.4704	        1.4710	          0.0006	   1.5130	5.323e-04	   0.070	   203.813
 236	118	 3.4180	 0.9680	   1.4704	        1.4710	          0.0006	   1.5165	6.220e-04	   0.079	   204.692
 237	119	 3.4182	 0.9681	   1.4704	        1.4710	          0.0006	   1.5161	6.414e-04	   0.119	   205.576
 238	119	 3.4180	 0.9678	   1.4704	        1.4710	          0.0006	   1.5057	4.953e-04	   0.070	   206.451
 239	120	 3.4177	 0.9656	   1.4704	        1.4710	          0.0006	   1.4592	6.626e-04	   0.072	   207.272
 240	120	 3.4177	 0.9674	   1.4704	        1.4710	          0.0006	   1.5588	3.408e-04	   0.064	   208.083
 241	121	 3.4178	 0.9663	   1.4704	        1.4710	          0.0006	   1.4848	3.560e-04	   0.082	   208.911
 242	121	 3.4183	 0.9666	   1.4704	        1.4710	          0.0006	   1.5234	2.253e-04	   0.078	   209.744
 243	122	 3.4174	 0.9666	   1.4704	        1.4710	          0.0006	   1.5120	2.349e-04	   0.077	   210.567
 244	122	 3.4176	 0.9671	   1.4704	        1.4710	          0.0006	   1.5262	2.025e-04	   0.066	   211.364
 245	123	 3.4171	 0.9662	   1.4704	        1.4710	          0.0006	   1.4910	4.162e-04	   0.076	   212.155
 246	123	 3.4170	 0.9670	   1.4704	        1.4710	          0.0006	   1.5336	1.884e-04	   0.072	   212.916
 247	124	 3.4167	 0.9661	   1.4704	        1.4710	          0.0006	   1.4906	4.323e-04	   0.058	   213.640
 248	124	 3.4164	 0.9672	   1.4704	        1.4710	          0.0006	   1.5408	2.449e-04	   0.072	   214.343
 249	125	 3.4170	 0.9683	   1.4704	        1.4710	          0.0006	   1.5466	7.465e-04	   0.062	   215.035
 250	125	 3.4161	 0.9675	   1.4704	        1.4710	          0.0006	   1.4903	3.841e-04	   0.067	   215.738
 251	126	 3.4158	 0.9670	   1.4704	        1.4710	          0.0006	   1.4963	1.823e-04	   0.062	   216.429
 252	126	 3.4155	 0.9674	   1.4704	        1.4710	          0.0006	   1.5263	3.053e-04	   0.059	   217.128
 253	127	 3.4153	 0.9667	   1.4704	        1.4710	          0.0006	   1.4927	1.975e-04	   0.066	   217.835
 254	127	 3.4154	 0.9674	   1.4704	        1.4710	          0.0006	   1.5358	3.367e-04	   0.055	   218.495
 255	128	 3.4153	 0.9679	   1.4704	        1.4710	          0.0006	   1.5267	5.461e-04	   0.061	   219.242
 256	128	 3.4152	 0.9675	   1.4704	        1.4710	          0.0006	   1.5030	3.436e-04	   0.066	   219.899
 257	129	 3.4146	 0.9668	   1.4704	        1.4710	          0.0006	   1.4955	1.803e-04	   0.055	   220.576
 258	129	 3.4148	 0.9670	   1.4704	        1.4710	          0.0006	   1.5199	1.842e-04	   0.069	   221.255
 259	130	 3.4140	 0.9673	   1.4704	        1.4710	          0.0006	   1.5208	2.764e-04	   0.062	   221.917
 260	130	 3.4139	 0.9669	   1.4704	        1.4710	          0.0006	   1.5021	1.735e-04	   0.061	   222.607
 261	131	 3.4142	 0.9680	   1.4704	        1.4710	          0.0006	   1.5456	5.778e-04	   0.061	   223.265
 262	131	 3.4141	 0.9666	   1.4704	        1.4710	          0.0006	   1.4781	2.112e-04	   0.061	   223.920
 263	132	 3.4144	 0.9666	   1.4704	        1.4710	          0.0006	   1.5127	2.386e-04	   0.059	   224.583
 264	132	 3.4143	 0.9655	   1.4704	        1.4710	          0.0006	   1.4837	7.438e-04	   0.050	   225.232
 265	133	 3.4152	 0.9649	   1.4704	        1.4710	          0.0006	   1.5021	1.022e-03	   0.062	   225.895
 266	133	 3.4145	 0.9650	   1.4704	        1.4710	          0.0006	   1.5130	9.782e-04	   0.064	   226.574
 267	134	 3.4148	 0.9650	   1.4704	        1.4710	          0.0006	   1.5156	9.955e-04	   0.061	   227.249
 268	134	 3.4142	 0.9654	   1.4704	        1.4710	          0.0006	   1.5192	8.090e-04	   0.062	   227.923
 269	135	 3.4135	 0.9665	   1.4704	        1.4710	          0.0006	   1.5452	2.450e-04	   0.064	   228.618
 270	135	 3.4136	 0.9658	   1.4704	        1.4710	          0.0006	   1.4931	5.821e-04	   0.060	   229.320
 271	136	 3.4138	 0.9663	   1.4704	        1.4710	          0.0006	   1.5292	3.392e-04	   0.062	   229.998
 272	136	 3.4133	 0.9663	   1.4704	        1.4710	          0.0006	   1.5122	3.466e-04	   0.061	   230.658
 273	137	 3.4134	 0.9666	   1.4704	        1.4710	          0.0006	   1.5267	2.148e-04	   0.064	   231.313
 274	137	 3.4131	 0.9666	   1.4704	        1.4710	          0.0006	   1.5099	2.226e-04	   0.054	   231.967
 275	138	 3.4122	 0.9667	   1.4704	        1.4710	          0.0006	   1.5144	1.911e-04	   0.063	   232.634
 276	138	 3.4132	 0.9669	   1.4704	        1.4710	          0.0006	   1.5241	1.748e-04	   0.068	   233.345
 277	139	 3.4133	 0.9670	   1.4704	        1.4710	          0.0006	   1.5189	1.833e-04	   0.057	   234.045
 278	139	 3.4129	 0.9670	   1.4704	        1.4710	          0.0006	   1.5114	1.826e-04	   0.066	   234.778
 279	140	 3.4124	 0.9678	   1.4704	        1.4710	          0.0006	   1.5333	5.076e-04	   0.061	   235.512
 280	140	 3.4129	 0.9666	   1.4704	        1.4710	          0.0006	   1.4823	2.396e-04	   0.058	   236.217
 281	141	 3.4135	 0.9652	   1.4704	        1.4710	          0.0006	   1.4758	8.722e-04	   0.065	   236.913
 282	141	 3.4127	 0.9668	   1.4704	        1.4710	          0.0006	   1.5587	1.754e-04	   0.062	   237.581
 283	142	 3.4131	 0.9666	   1.4704	        1.4710	          0.0006	   1.5105	2.102e-04	   0.069	   238.298
 284	142	 3.4127	 0.9669	   1.4704	        1.4710	          0.0006	   1.5191	1.720e-04	   0.059	   238.968
 285	143	 3.4128	 0.9669	   1.4704	        1.4710	          0.0006	   1.5158	1.724e-04	   0.062	   239.644
 286	143	 3.4121	 0.9669	   1.4704	        1.4710	          0.0006	   1.5108	1.714e-04	   0.070	   240.308
 287	144	 3.4122	 0.9680	   1.4704	        1.4710	          0.0006	   1.5510	6.195e-04	   0.054	   240.959
 288	144	 3.4121	 0.9669	   1.4704	        1.4710	          0.0006	   1.4788	1.724e-04	   0.062	   241.613
 289	145	 3.4126	 0.9668	   1.4704	        1.4710	          0.0006	   1.5127	1.777e-04	   0.064	   242.274
 290	145	 3.4121	 0.9673	   1.4704	        1.4710	          0.0006	   1.5264	2.617e-04	   0.057	   242.926
 291	146	 3.4117	 0.9678	   1.4704	        1.4710	          0.0006	   1.5293	5.187e-04	   0.056	   243.617
 292	146	 3.4127	 0.9672	   1.4704	        1.4710	          0.0006	   1.4990	2.256e-04	   0.053	   244.294
 293	147	 3.4122	 0.9680	   1.4704	        1.4710	          0.0006	   1.5387	5.922e-04	   0.067	   244.985
 294	147	 3.4124	 0.9671	   1.4704	        1.4710	          0.0006	   1.4869	2.063e-04	   0.058	   245.671
 295	148	 3.4122	 0.9680	   1.4704	        1.4710	          0.0006	   1.5438	5.819e-04	   0.064	   246.361
 296	148	 3.4121	 0.9674	   1.4704	        1.4710	          0.0006	   1.4947	3.348e-04	   0.060	   247.038
 297	149	 3.4124	 0.9663	   1.4704	        1.4710	          0.0006	   1.4777	3.603e-04	   0.055	   247.691
 298	149	 3.4121	 0.9674	   1.4704	        1.4710	          0.0006	   1.5515	3.339e-04	   0.061	   248.352
 299	150	 3.4118	 0.9667	   1.4704	        1.4710	          0.0006	   1.4939	1.881e-04	   0.061	   249.006
 300	150	 3.4112	 0.9675	   1.4704	        1.4710	          0.0006	   1.5345	3.807e-04	   0.060	   249.668
 301	151	 3.4108	 0.9682	   1.4704	        1.4710	          0.0006	   1.5336	6.834e-04	   0.061	   250.314
 302	151	 3.4116	 0.9677	   1.4704	        1.4710	          0.0006	   1.5013	4.336e-04	   0.067	   251.015
 303	152	 3.4109	 0.9677	   1.4704	        1.4710	          0.0006	   1.5129	4.750e-04	   0.067	   251.680
 304	152	 3.4114	 0.9672	   1.4704	        1.4710	          0.0006	   1.4990	2.201e-04	   0.057	   252.351
 305	153	 3.4110	 0.9660	   1.4704	        1.4710	          0.0006	   1.4754	5.075e-04	   0.056	   253.007
 306	153	 3.4116	 0.9669	   1.4704	        1.4710	          0.0006	   1.5456	1.717e-04	   0.068	   253.693
 307	154	 3.4114	 0.9669	   1.4704	        1.4710	          0.0006	   1.5119	1.730e-04	   0.054	   254.370
 308	154	 3.4113	 0.9668	   1.4704	        1.4710	          0.0006	   1.5117	1.786e-04	   0.059	   255.061
 309	155	 3.4123	 0.9670	   1.4704	        1.4710	          0.0006	   1.5276	1.800e-04	   0.059	   255.720
 310	155	 3.4108	 0.9665	   1.4704	        1.4710	          0.0006	   1.4917	2.412e-04	   0.059	   256.380
 311	156	 3.4109	 0.9671	   1.4704	        1.4710	          0.0006	   1.5368	2.130e-04	   0.061	   257.035
 312	156	 3.4103	 0.9667	   1.4704	        1.4710	          0.0006	   1.4959	1.943e-04	   0.060	   257.687
 313	157	 3.4106	 0.9667	   1.4704	        1.4710	          0.0006	   1.5172	1.834e-04	   0.065	   258.352
 314	157	 3.4102	 0.9669	   1.4704	        1.4710	          0.0006	   1.5189	1.695e-04	   0.057	   259.002
 315	158	 3.4102	 0.9668	   1.4704	        1.4710	          0.0006	   1.5111	1.726e-04	   0.062	   259.679
 316	158	 3.4106	 0.9664	   1.4704	        1.4710	          0.0006	   1.5014	2.984e-04	   0.064	   260.363
 317	159	 3.4106	 0.9669	   1.4704	        1.4710	          0.0006	   1.5325	1.722e-04	   0.059	   261.036
 318	159	 3.4106	 0.9665	   1.4704	        1.4710	          0.0006	   1.4977	2.624e-04	   0.061	   261.720
 319	160	 3.4103	 0.9670	   1.4704	        1.4710	          0.0006	   1.5301	1.731e-04	   0.062	   262.427
 320	160	 3.4104	 0.9668	   1.4704	        1.4710	          0.0006	   1.5066	1.805e-04	   0.055	   263.111
 321	161	 3.4104	 0.9676	   1.4704	        1.4710	          0.0006	   1.5424	4.027e-04	   0.061	   263.767
 322	161	 3.4105	 0.9667	   1.4704	        1.4710	          0.0006	   1.4840	2.043e-04	   0.055	   264.425
 323	162	 3.4096	 0.9667	   1.4704	        1.4710	          0.0006	   1.5115	1.905e-04	   0.065	   265.086
 324	162	 3.4098	 0.9667	   1.4704	        1.4710	          0.0006	   1.5151	1.873e-04	   0.051	   265.733
 325	163	 3.4095	 0.9678	   1.4704	        1.4710	          0.0006	   1.5502	4.950e-04	   0.065	   266.429
 326	163	 3.4095	 0.9668	   1.4704	        1.4710	          0.0006	   1.4807	1.736e-04	   0.070	   267.137
 327	164	 3.4095	 0.9664	   1.4704	        1.4710	          0.0006	   1.4998	3.136e-04	   0.057	   267.846
 328	164	 3.4094	 0.9665	   1.4704	        1.4710	          0.0006	   1.5190	2.533e-04	   0.067	   268.533
 329	165	 3.4089	 0.9669	   1.4704	        1.4710	          0.0006	   1.5246	1.668e-04	   0.062	   269.185
 330	165	 3.4096	 0.9665	   1.4704	        1.4710	          0.0006	   1.5043	2.596e-04	   0.069	   269.873
 331	166	 3.4092	 0.9661	   1.4704	        1.4710	          0.0006	   1.4973	4.365e-04	   0.061	   270.573
 332	166	 3.4095	 0.9665	   1.4704	        1.4710	          0.0006	   1.5295	2.731e-04	   0.063	   271.279
 333	167	 3.4097	 0.9664	   1.4704	        1.4710	          0.0006	   1.5153	2.830e-04	   0.060	   271.935
 334	167	 3.4096	 0.9663	   1.4704	        1.4710	          0.0006	   1.5062	3.539e-04	   0.055	   272.584
 335	168	 3.4093	 0.9661	   1.4704	        1.4710	          0.0006	   1.5058	4.504e-04	   0.054	   273.238
 336	168	 3.4093	 0.9659	   1.4704	        1.4710	          0.0006	   1.5072	5.489e-04	   0.058	   273.904
 337	169	 3.4101	 0.9664	   1.4704	        1.4710	          0.0006	   1.5330	3.132e-04	   0.050	   274.558
 338	169	 3.4092	 0.9659	   1.4704	        1.4710	          0.0006	   1.4939	5.274e-04	   0.063	   275.217
 339	170	 3.4089	 0.9655	   1.4704	        1.4710	          0.0006	   1.4977	7.411e-04	   0.062	   275.877
 340	170	 3.4088	 0.9658	   1.4704	        1.4710	          0.0006	   1.5259	5.721e-04	   0.065	   276.564
 341	171	 3.4092	 0.9660	   1.4704	        1.4710	          0.0006	   1.5194	4.987e-04	   0.061	   277.240
 342	171	 3.4085	 0.9661	   1.4704	        1.4710	          0.0006	   1.5159	4.366e-04	   0.067	   277.924
 343	172	 3.4079	 0.9660	   1.4704	        1.4710	          0.0006	   1.5089	4.870e-04	   0.073	   278.623
 344	172	 3.4081	 0.9662	   1.4704	        1.4710	          0.0006	   1.5218	3.866e-04	   0.055	   279.304
 345	173	 3.4081	 0.9663	   1.4704	        1.4710	          0.0006	   1.5168	3.592e-04	   0.064	   279.982
 346	173	 3.4078	 0.9661	   1.4704	        1.4710	          0.0006	   1.5088	4.187e-04	   0.069	   280.641
 347	174	 3.4075	 0.9664	   1.4704	        1.4710	          0.0006	   1.5255	2.813e-04	   0.050	   281.290
 348	174	 3.4075	 0.9664	   1.4704	        1.4710	          0.0006	   1.5103	3.068e-04	   0.058	   281.947
 349	175	 3.4070	 0.9664	   1.4704	        1.4710	          0.0006	   1.5143	2.889e-04	   0.068	   282.628
 350	175	 3.4071	 0.9667	   1.4704	        1.4710	          0.0006	   1.5244	1.932e-04	   0.055	   283.304
 351	176	 3.4065	 0.9674	   1.4704	        1.4710	          0.0006	   1.5379	3.068e-04	   0.064	   283.958
 352	176	 3.4070	 0.9666	   1.4704	        1.4710	          0.0006	   1.4879	2.061e-04	   0.056	   284.614
 353	177	 3.4069	 0.9663	   1.4704	        1.4710	          0.0006	   1.4986	3.534e-04	   0.065	   285.302
 354	177	 3.4072	 0.9663	   1.4704	        1.4710	          0.0006	   1.5171	3.367e-04	   0.053	   285.951
 355	178	 3.4065	 0.9653	   1.4704	        1.4710	          0.0006	   1.4720	8.553e-04	   0.061	   286.668
 356	178	 3.4071	 0.9663	   1.4704	        1.4710	          0.0006	   1.5565	3.315e-04	   0.069	   287.350
 357	179	 3.4069	 0.9657	   1.4704	        1.4710	          0.0006	   1.4873	6.329e-04	   0.054	   288.001
 358	179	 3.4068	 0.9663	   1.4704	        1.4710	          0.0006	   1.5392	3.322e-04	   0.064	   288.665
 359	180	 3.4070	 0.9665	   1.4704	        1.4710	          0.0006	   1.5221	2.690e-04	   0.060	   289.321
 360	180	 3.4065	 0.9665	   1.4704	        1.4710	          0.0006	   1.5122	2.607e-04	   0.059	   289.983
 361	181	 3.4061	 0.9669	   1.4704	        1.4710	          0.0006	   1.5302	1.661e-04	   0.055	   290.631
 362	181	 3.4059	 0.9666	   1.4704	        1.4710	          0.0006	   1.5015	2.073e-04	   0.064	   291.293
 363	182	 3.4057	 0.9673	   1.4704	        1.4710	          0.0006	   1.5407	2.879e-04	   0.058	   291.948
 364	182	 3.4057	 0.9668	   1.4704	        1.4710	          0.0006	   1.4944	1.667e-04	   0.053	   292.619
 365	183	 3.4059	 0.9672	   1.4704	        1.4710	          0.0006	   1.5323	2.434e-04	   0.057	   293.303
 366	183	 3.4055	 0.9670	   1.4704	        1.4710	          0.0006	   1.5031	1.754e-04	   0.071	   293.984
 367	184	 3.4050	 0.9668	   1.4704	        1.4710	          0.0006	   1.5036	1.710e-04	   0.061	   294.682
 368	184	 3.4049	 0.9670	   1.4704	        1.4710	          0.0006	   1.5208	1.673e-04	   0.078	   295.427
 369	185	 3.4042	 0.9668	   1.4704	        1.4710	          0.0006	   1.5029	1.661e-04	   0.072	   296.160
 370	185	 3.4045	 0.9672	   1.4704	        1.4710	          0.0006	   1.5312	2.193e-04	   0.067	   296.862
 371	186	 3.4054	 0.9681	   1.4704	        1.4710	          0.0006	   1.5524	6.396e-04	   0.062	   297.539
 372	186	 3.4049	 0.9669	   1.4704	        1.4710	          0.0006	   1.4697	1.629e-04	   0.066	   298.225
 373	187	 3.4054	 0.9669	   1.4704	        1.4710	          0.0006	   1.5151	1.621e-04	   0.071	   298.974
 374	187	 3.4048	 0.9669	   1.4704	        1.4710	          0.0006	   1.5123	1.615e-04	   0.050	   299.657
 375	188	 3.4054	 0.9667	   1.4704	        1.4710	          0.0006	   1.5049	2.002e-04	   0.057	   300.337
 376	188	 3.4044	 0.9667	   1.4704	        1.4710	          0.0006	   1.5122	1.880e-04	   0.057	   300.998
 377	189	 3.4046	 0.9673	   1.4704	        1.4710	          0.0006	   1.5370	2.504e-04	   0.058	   301.675
 378	189	 3.4044	 0.9669	   1.4704	        1.4710	          0.0006	   1.4990	1.608e-04	   0.063	   302.370
 379	190	 3.4038	 0.9665	   1.4704	        1.4710	          0.0006	   1.4961	2.658e-04	   0.072	   303.062
 380	190	 3.4042	 0.9672	   1.4704	        1.4710	          0.0006	   1.5425	2.233e-04	   0.053	   303.739
 381	191	 3.4045	 0.9664	   1.4704	        1.4710	          0.0006	   1.4842	2.943e-04	   0.058	   304.419
 382	191	 3.4040	 0.9673	   1.4704	        1.4710	          0.0006	   1.5472	2.523e-04	   0.062	   305.080
 383	192	 3.4042	 0.9671	   1.4704	        1.4710	          0.0006	   1.5081	1.882e-04	   0.064	   305.738
 384	192	 3.4038	 0.9672	   1.4704	        1.4710	          0.0006	   1.5200	2.460e-04	   0.058	   306.391
 385	193	 3.4039	 0.9681	   1.4704	        1.4710	          0.0006	   1.5488	6.215e-04	   0.061	   307.043
 386	193	 3.4035	 0.9671	   1.4704	        1.4710	          0.0006	   1.4729	2.043e-04	   0.067	   307.710
 387	194	 3.4031	 0.9672	   1.4704	        1.4710	          0.0006	   1.5145	2.161e-04	   0.052	   308.359
 388	194	 3.4032	 0.9674	   1.4704	        1.4710	          0.0006	   1.5250	3.149e-04	   0.064	   309.020
 389	195	 3.4025	 0.9675	   1.4704	        1.4710	          0.0006	   1.5122	3.402e-04	   0.062	   309.707
 390	195	 3.4029	 0.9674	   1.4704	        1.4710	          0.0006	   1.5105	2.905e-04	   0.061	   310.390
 391	196	 3.4024	 0.9670	   1.4704	        1.4710	          0.0006	   1.4965	1.763e-04	   0.058	   311.060
 392	196	 3.4026	 0.9671	   1.4704	        1.4710	          0.0006	   1.5190	1.855e-04	   0.062	   311.755
 393	197	 3.4021	 0.9671	   1.4704	        1.4710	          0.0006	   1.5102	1.868e-04	   0.061	   312.458
 394	197	 3.4022	 0.9673	   1.4704	        1.4710	          0.0006	   1.5259	2.649e-04	   0.054	   313.121
 395	198	 3.4021	 0.9678	   1.4704	        1.4710	          0.0006	   1.5330	4.800e-04	   0.061	   313.783
 396	198	 3.4022	 0.9672	   1.4704	        1.4710	          0.0006	   1.4914	2.218e-04	   0.066	   314.440
 397	199	 3.4026	 0.9669	   1.4704	        1.4710	          0.0006	   1.5063	1.609e-04	   0.055	   315.134
 398	199	 3.4025	 0.9673	   1.4704	        1.4710	          0.0006	   1.5285	2.523e-04	   0.067	   315.794
 399	200	 3.4026	 0.9668	   1.4704	        1.4710	          0.0006	   1.4959	1.711e-04	   0.060	   316.450
 400	200	 3.4021	 0.9674	   1.4704	        1.4710	          0.0006	   1.5348	2.882e-04	   0.107	   317.091

[BSGD] Finished on device cuda -> σ_f² ≈ 3.4021, σ_ε² ≈ 0.9674
