[GPU 6][JOB 143] 'python cli.py bsgd --n 1024 --lengthscale 0.5 --sigma-f2-true 4.0 --sigma-eps2-true 1.0 --n-epochs 200 --device auto --kernel-mode finite --theta-min 1e-4 --theta-max 20.0 --print-every 1 --seed 2 --batch-size 1024 --sigma-f2-init 5.0 --sigma-eps2-init 3.0 --alpha1 9.0 '

=== BSGD (biased SGD on exact kernel) ===
iter	epoch	σ_f²	σ_ε²	real_nlml	real_nlml_true	real_nlml_abs_err	mini_nlml	||grad||	duration_s	wall_time_s
   1	 1	 4.4649	 2.0185	   1.5749	        1.4710	          0.1039	   1.5749	1.245e-01	   0.404	     0.441
   2	 2	 4.2317	 1.4582	   1.5066	        1.4710	          0.0356	   1.5066	1.114e-01	   0.085	     1.029
   3	 3	 4.0941	 1.1239	   1.4760	        1.4710	          0.0050	   1.4760	5.998e-02	   0.086	     1.816
   4	 4	 4.0014	 0.9890	   1.4709	        1.4710	          0.0001	   1.4709	1.098e-02	   0.101	     2.718
   5	 5	 3.9336	 0.9693	   1.4707	        1.4710	          0.0003	   1.4707	1.471e-03	   0.119	     3.720
   6	 6	 3.8810	 0.9673	   1.4706	        1.4710	          0.0004	   1.4706	7.324e-04	   0.105	     4.707
   7	 7	 3.8385	 0.9670	   1.4706	        1.4710	          0.0004	   1.4706	6.427e-04	   0.110	     5.729
   8	 8	 3.8033	 0.9669	   1.4706	        1.4710	          0.0004	   1.4706	6.060e-04	   0.106	     6.728
   9	 9	 3.7735	 0.9668	   1.4706	        1.4710	          0.0004	   1.4706	5.782e-04	   0.099	     7.727
  10	10	 3.7479	 0.9668	   1.4706	        1.4710	          0.0004	   1.4706	5.543e-04	   0.118	     8.744
  11	11	 3.7255	 0.9668	   1.4706	        1.4710	          0.0005	   1.4706	5.329e-04	   0.099	     9.733
  12	12	 3.7059	 0.9668	   1.4705	        1.4710	          0.0005	   1.4705	5.137e-04	   0.114	    10.773
  13	13	 3.6883	 0.9668	   1.4705	        1.4710	          0.0005	   1.4705	4.963e-04	   0.107	    11.806
  14	14	 3.6726	 0.9668	   1.4705	        1.4710	          0.0005	   1.4705	4.804e-04	   0.100	    12.804
  15	15	 3.6584	 0.9668	   1.4705	        1.4710	          0.0005	   1.4705	4.657e-04	   0.113	    13.818
  16	16	 3.6455	 0.9668	   1.4705	        1.4710	          0.0005	   1.4705	4.522e-04	   0.102	    14.812
  17	17	 3.6338	 0.9668	   1.4705	        1.4710	          0.0005	   1.4705	4.397e-04	   0.113	    15.852
  18	18	 3.6229	 0.9668	   1.4705	        1.4710	          0.0005	   1.4705	4.281e-04	   0.107	    16.870
  19	19	 3.6129	 0.9668	   1.4705	        1.4710	          0.0005	   1.4705	4.172e-04	   0.106	    17.905
  20	20	 3.6037	 0.9668	   1.4705	        1.4710	          0.0005	   1.4705	4.071e-04	   0.113	    18.919
  21	21	 3.5951	 0.9668	   1.4705	        1.4710	          0.0005	   1.4705	3.975e-04	   0.098	    19.909
  22	22	 3.5871	 0.9668	   1.4705	        1.4710	          0.0005	   1.4705	3.886e-04	   0.124	    20.971
  23	23	 3.5796	 0.9668	   1.4705	        1.4710	          0.0005	   1.4705	3.801e-04	   0.113	    22.045
  24	24	 3.5726	 0.9668	   1.4705	        1.4710	          0.0005	   1.4705	3.721e-04	   0.102	    23.080
  25	25	 3.5660	 0.9668	   1.4705	        1.4710	          0.0005	   1.4705	3.645e-04	   0.114	    24.091
  26	26	 3.5598	 0.9668	   1.4705	        1.4710	          0.0005	   1.4705	3.574e-04	   0.104	    25.083
  27	27	 3.5539	 0.9668	   1.4705	        1.4710	          0.0005	   1.4705	3.505e-04	   0.116	    26.103
  28	28	 3.5484	 0.9668	   1.4705	        1.4710	          0.0005	   1.4705	3.440e-04	   0.107	    27.113
  29	29	 3.5431	 0.9668	   1.4705	        1.4710	          0.0005	   1.4705	3.378e-04	   0.101	    28.110
  30	30	 3.5381	 0.9668	   1.4705	        1.4710	          0.0005	   1.4705	3.319e-04	   0.111	    29.119
  31	31	 3.5334	 0.9668	   1.4705	        1.4710	          0.0005	   1.4705	3.263e-04	   0.106	    30.114
  32	32	 3.5289	 0.9668	   1.4705	        1.4710	          0.0005	   1.4705	3.209e-04	   0.117	    31.135
  33	33	 3.5246	 0.9668	   1.4705	        1.4710	          0.0005	   1.4705	3.157e-04	   0.113	    32.171
  34	34	 3.5204	 0.9668	   1.4705	        1.4710	          0.0005	   1.4705	3.107e-04	   0.101	    33.184
  35	35	 3.5165	 0.9668	   1.4705	        1.4710	          0.0005	   1.4705	3.059e-04	   0.110	    34.193
  36	36	 3.5127	 0.9668	   1.4705	        1.4710	          0.0005	   1.4705	3.013e-04	   0.107	    35.191
  37	37	 3.5091	 0.9668	   1.4705	        1.4710	          0.0005	   1.4705	2.969e-04	   0.115	    36.226
  38	38	 3.5057	 0.9668	   1.4705	        1.4710	          0.0005	   1.4705	2.927e-04	   0.111	    37.282
  39	39	 3.5023	 0.9668	   1.4705	        1.4710	          0.0005	   1.4705	2.886e-04	   0.107	    38.316
  40	40	 3.4991	 0.9668	   1.4705	        1.4710	          0.0005	   1.4705	2.846e-04	   0.123	    39.426
  41	41	 3.4961	 0.9668	   1.4705	        1.4710	          0.0005	   1.4705	2.808e-04	   0.106	    40.468
  42	42	 3.4931	 0.9668	   1.4705	        1.4710	          0.0005	   1.4705	2.771e-04	   0.118	    41.508
  43	43	 3.4903	 0.9668	   1.4705	        1.4710	          0.0005	   1.4705	2.735e-04	   0.107	    42.593
  44	44	 3.4875	 0.9668	   1.4705	        1.4710	          0.0005	   1.4705	2.700e-04	   0.101	    43.634
  45	45	 3.4848	 0.9668	   1.4705	        1.4710	          0.0005	   1.4705	2.667e-04	   0.117	    44.650
  46	46	 3.4823	 0.9669	   1.4705	        1.4710	          0.0006	   1.4705	2.635e-04	   0.106	    45.643
  47	47	 3.4798	 0.9669	   1.4705	        1.4710	          0.0006	   1.4705	2.603e-04	   0.117	    46.657
  48	48	 3.4774	 0.9669	   1.4705	        1.4710	          0.0006	   1.4705	2.573e-04	   0.105	    47.670
  49	49	 3.4751	 0.9669	   1.4705	        1.4710	          0.0006	   1.4705	2.543e-04	   0.103	    48.666
  50	50	 3.4728	 0.9669	   1.4704	        1.4710	          0.0006	   1.4704	2.514e-04	   0.116	    49.681
  51	51	 3.4706	 0.9669	   1.4704	        1.4710	          0.0006	   1.4704	2.486e-04	   0.107	    50.675
  52	52	 3.4685	 0.9669	   1.4704	        1.4710	          0.0006	   1.4704	2.459e-04	   0.119	    51.689
  53	53	 3.4664	 0.9669	   1.4704	        1.4710	          0.0006	   1.4704	2.433e-04	   0.107	    52.721
  54	54	 3.4644	 0.9669	   1.4704	        1.4710	          0.0006	   1.4704	2.407e-04	   0.107	    53.745
  55	55	 3.4625	 0.9669	   1.4704	        1.4710	          0.0006	   1.4704	2.382e-04	   0.112	    54.755
  56	56	 3.4606	 0.9669	   1.4704	        1.4710	          0.0006	   1.4704	2.357e-04	   0.108	    55.752
  57	57	 3.4588	 0.9669	   1.4704	        1.4710	          0.0006	   1.4704	2.334e-04	   0.113	    56.781
  58	58	 3.4570	 0.9669	   1.4704	        1.4710	          0.0006	   1.4704	2.310e-04	   0.108	    57.829
  59	59	 3.4553	 0.9669	   1.4704	        1.4710	          0.0006	   1.4704	2.288e-04	   0.105	    58.847
  60	60	 3.4536	 0.9669	   1.4704	        1.4710	          0.0006	   1.4704	2.266e-04	   0.110	    59.857
  61	61	 3.4519	 0.9669	   1.4704	        1.4710	          0.0006	   1.4704	2.244e-04	   0.105	    60.855
  62	62	 3.4503	 0.9669	   1.4704	        1.4710	          0.0006	   1.4704	2.223e-04	   0.114	    61.882
  63	63	 3.4488	 0.9669	   1.4704	        1.4710	          0.0006	   1.4704	2.203e-04	   0.114	    62.967
  64	64	 3.4472	 0.9669	   1.4704	        1.4710	          0.0006	   1.4704	2.183e-04	   0.111	    64.019
  65	65	 3.4458	 0.9669	   1.4704	        1.4710	          0.0006	   1.4704	2.163e-04	   0.113	    65.033
  66	66	 3.4443	 0.9669	   1.4704	        1.4710	          0.0006	   1.4704	2.144e-04	   0.105	    66.028
  67	67	 3.4429	 0.9669	   1.4704	        1.4710	          0.0006	   1.4704	2.125e-04	   0.109	    67.029
  68	68	 3.4415	 0.9669	   1.4704	        1.4710	          0.0006	   1.4704	2.107e-04	   0.107	    68.054
  69	69	 3.4401	 0.9669	   1.4704	        1.4710	          0.0006	   1.4704	2.089e-04	   0.102	    69.053
  70	70	 3.4388	 0.9669	   1.4704	        1.4710	          0.0006	   1.4704	2.071e-04	   0.112	    70.065
  71	71	 3.4375	 0.9669	   1.4704	        1.4710	          0.0006	   1.4704	2.054e-04	   0.105	    71.059
  72	72	 3.4363	 0.9669	   1.4704	        1.4710	          0.0006	   1.4704	2.037e-04	   0.111	    72.060
  73	73	 3.4350	 0.9669	   1.4704	        1.4710	          0.0006	   1.4704	2.021e-04	   0.109	    73.101
  74	74	 3.4338	 0.9669	   1.4704	        1.4710	          0.0006	   1.4704	2.005e-04	   0.105	    74.130
  75	75	 3.4326	 0.9669	   1.4704	        1.4710	          0.0006	   1.4704	1.989e-04	   0.111	    75.141
  76	76	 3.4315	 0.9669	   1.4704	        1.4710	          0.0006	   1.4704	1.973e-04	   0.103	    76.133
  77	77	 3.4303	 0.9669	   1.4704	        1.4710	          0.0006	   1.4704	1.958e-04	   0.130	    77.229
  78	78	 3.4292	 0.9669	   1.4704	        1.4710	          0.0006	   1.4704	1.943e-04	   0.125	    78.426
  79	79	 3.4281	 0.9669	   1.4704	        1.4710	          0.0006	   1.4704	1.929e-04	   0.110	    79.560
  80	80	 3.4271	 0.9669	   1.4704	        1.4710	          0.0006	   1.4704	1.914e-04	   0.115	    80.614
  81	81	 3.4260	 0.9669	   1.4704	        1.4710	          0.0006	   1.4704	1.900e-04	   0.102	    81.613
  82	82	 3.4250	 0.9669	   1.4704	        1.4710	          0.0006	   1.4704	1.886e-04	   0.117	    82.641
  83	83	 3.4240	 0.9669	   1.4704	        1.4710	          0.0006	   1.4704	1.873e-04	   0.119	    83.721
  84	84	 3.4230	 0.9669	   1.4704	        1.4710	          0.0006	   1.4704	1.859e-04	   0.111	    84.779
  85	85	 3.4220	 0.9669	   1.4704	        1.4710	          0.0006	   1.4704	1.846e-04	   0.113	    85.798
  86	86	 3.4211	 0.9669	   1.4704	        1.4710	          0.0006	   1.4704	1.833e-04	   0.107	    86.789
  87	87	 3.4201	 0.9669	   1.4704	        1.4710	          0.0006	   1.4704	1.821e-04	   0.113	    87.795
  88	88	 3.4192	 0.9669	   1.4704	        1.4710	          0.0006	   1.4704	1.808e-04	   0.106	    88.819
  89	89	 3.4183	 0.9669	   1.4704	        1.4710	          0.0006	   1.4704	1.796e-04	   0.103	    89.818
  90	90	 3.4174	 0.9669	   1.4704	        1.4710	          0.0006	   1.4704	1.784e-04	   0.106	    90.824
  91	91	 3.4166	 0.9669	   1.4704	        1.4710	          0.0006	   1.4704	1.772e-04	   0.108	    91.822
  92	92	 3.4157	 0.9669	   1.4704	        1.4710	          0.0006	   1.4704	1.760e-04	   0.113	    92.826
  93	93	 3.4149	 0.9669	   1.4704	        1.4710	          0.0006	   1.4704	1.749e-04	   0.110	    93.860
  94	94	 3.4141	 0.9669	   1.4704	        1.4710	          0.0006	   1.4704	1.738e-04	   0.104	    94.893
  95	95	 3.4133	 0.9669	   1.4704	        1.4710	          0.0006	   1.4704	1.727e-04	   0.113	    95.903
  96	96	 3.4125	 0.9669	   1.4704	        1.4710	          0.0006	   1.4704	1.716e-04	   0.105	    96.897
  97	97	 3.4117	 0.9669	   1.4704	        1.4710	          0.0006	   1.4704	1.705e-04	   0.123	    97.944
  98	98	 3.4109	 0.9669	   1.4704	        1.4710	          0.0006	   1.4704	1.694e-04	   0.108	    98.991
  99	99	 3.4101	 0.9669	   1.4704	        1.4710	          0.0006	   1.4704	1.684e-04	   0.102	    99.993
 100	100	 3.4094	 0.9669	   1.4704	        1.4710	          0.0006	   1.4704	1.674e-04	   0.115	   101.005
 101	101	 3.4087	 0.9669	   1.4704	        1.4710	          0.0006	   1.4704	1.664e-04	   0.104	   102.000
 102	102	 3.4079	 0.9669	   1.4704	        1.4710	          0.0006	   1.4704	1.654e-04	   0.121	   103.023
 103	103	 3.4072	 0.9669	   1.4704	        1.4710	          0.0006	   1.4704	1.644e-04	   0.117	   104.084
 104	104	 3.4065	 0.9669	   1.4704	        1.4710	          0.0006	   1.4704	1.634e-04	   0.102	   105.153
 105	105	 3.4058	 0.9669	   1.4704	        1.4710	          0.0006	   1.4704	1.625e-04	   0.114	   106.180
 106	106	 3.4052	 0.9669	   1.4704	        1.4710	          0.0006	   1.4704	1.615e-04	   0.105	   107.176
 107	107	 3.4045	 0.9669	   1.4704	        1.4710	          0.0006	   1.4704	1.606e-04	   0.112	   108.179
 108	108	 3.4038	 0.9669	   1.4704	        1.4710	          0.0006	   1.4704	1.597e-04	   0.102	   109.200
 109	109	 3.4032	 0.9669	   1.4704	        1.4710	          0.0006	   1.4704	1.588e-04	   0.106	   110.199
 110	110	 3.4025	 0.9669	   1.4704	        1.4710	          0.0006	   1.4704	1.579e-04	   0.113	   111.212
 111	111	 3.4019	 0.9669	   1.4704	        1.4710	          0.0006	   1.4704	1.571e-04	   0.105	   112.207
 112	112	 3.4013	 0.9669	   1.4704	        1.4710	          0.0006	   1.4704	1.562e-04	   0.112	   113.211
 113	113	 3.4007	 0.9669	   1.4704	        1.4710	          0.0006	   1.4704	1.553e-04	   0.103	   114.231
 114	114	 3.4001	 0.9669	   1.4704	        1.4710	          0.0006	   1.4704	1.545e-04	   0.107	   115.276
 115	115	 3.3995	 0.9669	   1.4704	        1.4710	          0.0006	   1.4704	1.537e-04	   0.112	   116.288
 116	116	 3.3989	 0.9669	   1.4704	        1.4710	          0.0006	   1.4704	1.529e-04	   0.111	   117.309
 117	117	 3.3983	 0.9669	   1.4704	        1.4710	          0.0006	   1.4704	1.521e-04	   0.134	   118.429
 118	118	 3.3977	 0.9669	   1.4704	        1.4710	          0.0006	   1.4704	1.513e-04	   0.110	   119.539
 119	119	 3.3972	 0.9669	   1.4704	        1.4710	          0.0006	   1.4704	1.505e-04	   0.104	   120.551
 120	120	 3.3966	 0.9669	   1.4704	        1.4710	          0.0006	   1.4704	1.497e-04	   0.115	   121.566
 121	121	 3.3961	 0.9669	   1.4704	        1.4710	          0.0006	   1.4704	1.489e-04	   0.103	   122.558
 122	122	 3.3955	 0.9669	   1.4704	        1.4710	          0.0006	   1.4704	1.482e-04	   0.116	   123.568
 123	123	 3.3950	 0.9669	   1.4704	        1.4710	          0.0006	   1.4704	1.474e-04	   0.111	   124.623
 124	124	 3.3945	 0.9669	   1.4704	        1.4710	          0.0006	   1.4704	1.467e-04	   0.109	   125.710
 125	125	 3.3940	 0.9669	   1.4704	        1.4710	          0.0006	   1.4704	1.460e-04	   0.115	   126.739
 126	126	 3.3934	 0.9669	   1.4704	        1.4710	          0.0006	   1.4704	1.453e-04	   0.102	   127.731
 127	127	 3.3929	 0.9669	   1.4704	        1.4710	          0.0006	   1.4704	1.446e-04	   0.109	   128.732
 128	128	 3.3924	 0.9669	   1.4704	        1.4710	          0.0006	   1.4704	1.439e-04	   0.107	   129.761
 129	129	 3.3919	 0.9669	   1.4704	        1.4710	          0.0006	   1.4704	1.432e-04	   0.100	   130.757
 130	130	 3.3914	 0.9669	   1.4704	        1.4710	          0.0006	   1.4704	1.425e-04	   0.116	   131.774
 131	131	 3.3910	 0.9669	   1.4704	        1.4710	          0.0006	   1.4704	1.418e-04	   0.102	   132.763
 132	132	 3.3905	 0.9669	   1.4704	        1.4710	          0.0006	   1.4704	1.411e-04	   0.113	   133.766
 133	133	 3.3900	 0.9669	   1.4704	        1.4710	          0.0006	   1.4704	1.405e-04	   0.105	   134.792
 134	134	 3.3896	 0.9669	   1.4704	        1.4710	          0.0006	   1.4704	1.398e-04	   0.106	   135.832
 135	135	 3.3891	 0.9669	   1.4704	        1.4710	          0.0006	   1.4704	1.392e-04	   0.113	   136.847
 136	136	 3.3886	 0.9669	   1.4704	        1.4710	          0.0006	   1.4704	1.385e-04	   0.107	   137.866
 137	137	 3.3882	 0.9669	   1.4704	        1.4710	          0.0006	   1.4704	1.379e-04	   0.118	   138.888
 138	138	 3.3878	 0.9669	   1.4704	        1.4710	          0.0006	   1.4704	1.373e-04	   0.107	   139.925
 139	139	 3.3873	 0.9669	   1.4704	        1.4710	          0.0006	   1.4704	1.367e-04	   0.106	   140.940
 140	140	 3.3869	 0.9669	   1.4704	        1.4710	          0.0006	   1.4704	1.361e-04	   0.113	   141.949
 141	141	 3.3865	 0.9669	   1.4704	        1.4710	          0.0006	   1.4704	1.355e-04	   0.104	   142.941
 142	142	 3.3860	 0.9669	   1.4704	        1.4710	          0.0006	   1.4704	1.349e-04	   0.112	   143.946
 143	143	 3.3856	 0.9669	   1.4704	        1.4710	          0.0006	   1.4704	1.343e-04	   0.111	   145.005
 144	144	 3.3852	 0.9669	   1.4704	        1.4710	          0.0006	   1.4704	1.337e-04	   0.111	   146.085
 145	145	 3.3848	 0.9669	   1.4704	        1.4710	          0.0006	   1.4704	1.331e-04	   0.111	   147.121
 146	146	 3.3844	 0.9669	   1.4704	        1.4710	          0.0006	   1.4704	1.325e-04	   0.106	   148.115
 147	147	 3.3840	 0.9669	   1.4704	        1.4710	          0.0006	   1.4704	1.320e-04	   0.111	   149.120
 148	148	 3.3836	 0.9669	   1.4704	        1.4710	          0.0006	   1.4704	1.314e-04	   0.112	   150.147
 149	149	 3.3832	 0.9669	   1.4704	        1.4710	          0.0006	   1.4704	1.309e-04	   0.101	   151.142
 150	150	 3.3828	 0.9669	   1.4704	        1.4710	          0.0006	   1.4704	1.303e-04	   0.111	   152.151
 151	151	 3.3824	 0.9669	   1.4704	        1.4710	          0.0006	   1.4704	1.298e-04	   0.108	   153.150
 152	152	 3.3821	 0.9669	   1.4704	        1.4710	          0.0006	   1.4704	1.292e-04	   0.109	   154.151
 153	153	 3.3817	 0.9669	   1.4704	        1.4710	          0.0006	   1.4704	1.287e-04	   0.117	   155.222
 154	154	 3.3813	 0.9669	   1.4704	        1.4710	          0.0006	   1.4704	1.282e-04	   0.120	   156.320
 155	155	 3.3809	 0.9669	   1.4704	        1.4710	          0.0006	   1.4704	1.277e-04	   0.136	   157.495
 156	156	 3.3806	 0.9669	   1.4704	        1.4710	          0.0006	   1.4704	1.272e-04	   0.121	   158.634
 157	157	 3.3802	 0.9669	   1.4704	        1.4710	          0.0006	   1.4704	1.266e-04	   0.112	   159.678
 158	158	 3.3799	 0.9669	   1.4704	        1.4710	          0.0006	   1.4704	1.261e-04	   0.110	   160.718
 159	159	 3.3795	 0.9669	   1.4704	        1.4710	          0.0006	   1.4704	1.256e-04	   0.102	   161.731
 160	160	 3.3792	 0.9669	   1.4704	        1.4710	          0.0006	   1.4704	1.251e-04	   0.115	   162.742
 161	161	 3.3788	 0.9669	   1.4704	        1.4710	          0.0006	   1.4704	1.247e-04	   0.109	   163.740
 162	162	 3.3785	 0.9669	   1.4704	        1.4710	          0.0006	   1.4704	1.242e-04	   0.111	   164.741
 163	163	 3.3781	 0.9669	   1.4704	        1.4710	          0.0006	   1.4704	1.237e-04	   0.117	   165.791
 164	164	 3.3778	 0.9669	   1.4704	        1.4710	          0.0006	   1.4704	1.232e-04	   0.109	   166.863
 165	165	 3.3775	 0.9669	   1.4704	        1.4710	          0.0006	   1.4704	1.227e-04	   0.113	   167.915
 166	166	 3.3772	 0.9669	   1.4704	        1.4710	          0.0006	   1.4704	1.223e-04	   0.109	   168.914
 167	167	 3.3768	 0.9669	   1.4704	        1.4710	          0.0006	   1.4704	1.218e-04	   0.110	   169.914
 168	168	 3.3765	 0.9669	   1.4704	        1.4710	          0.0006	   1.4704	1.214e-04	   0.109	   170.931
 169	169	 3.3762	 0.9669	   1.4704	        1.4710	          0.0006	   1.4704	1.209e-04	   0.105	   171.934
 170	170	 3.3759	 0.9669	   1.4704	        1.4710	          0.0006	   1.4704	1.205e-04	   0.112	   172.947
 171	171	 3.3756	 0.9669	   1.4704	        1.4710	          0.0006	   1.4704	1.200e-04	   0.110	   173.945
 172	172	 3.3753	 0.9669	   1.4704	        1.4710	          0.0006	   1.4704	1.196e-04	   0.109	   174.945
 173	173	 3.3749	 0.9669	   1.4704	        1.4710	          0.0006	   1.4704	1.191e-04	   0.108	   175.959
 174	174	 3.3746	 0.9669	   1.4704	        1.4710	          0.0006	   1.4704	1.187e-04	   0.111	   176.996
 175	175	 3.3743	 0.9669	   1.4704	        1.4710	          0.0006	   1.4704	1.183e-04	   0.117	   178.053
 176	176	 3.3740	 0.9669	   1.4704	        1.4710	          0.0006	   1.4704	1.178e-04	   0.105	   179.058
 177	177	 3.3737	 0.9669	   1.4704	        1.4710	          0.0006	   1.4704	1.174e-04	   0.109	   180.059
 178	178	 3.3735	 0.9669	   1.4704	        1.4710	          0.0006	   1.4704	1.170e-04	   0.112	   181.093
 179	179	 3.3732	 0.9669	   1.4704	        1.4710	          0.0006	   1.4704	1.166e-04	   0.104	   182.116
 180	180	 3.3729	 0.9669	   1.4704	        1.4710	          0.0006	   1.4704	1.162e-04	   0.113	   183.127
 181	181	 3.3726	 0.9669	   1.4704	        1.4710	          0.0006	   1.4704	1.158e-04	   0.105	   184.122
 182	182	 3.3723	 0.9669	   1.4704	        1.4710	          0.0006	   1.4704	1.154e-04	   0.107	   185.121
 183	183	 3.3720	 0.9669	   1.4704	        1.4710	          0.0006	   1.4704	1.150e-04	   0.113	   186.159
 184	184	 3.3718	 0.9669	   1.4704	        1.4710	          0.0006	   1.4704	1.146e-04	   0.109	   187.242
 185	185	 3.3715	 0.9669	   1.4704	        1.4710	          0.0006	   1.4704	1.142e-04	   0.113	   188.301
 186	186	 3.3712	 0.9669	   1.4704	        1.4710	          0.0006	   1.4704	1.138e-04	   0.105	   189.295
 187	187	 3.3709	 0.9669	   1.4704	        1.4710	          0.0006	   1.4704	1.134e-04	   0.111	   190.296
 188	188	 3.3707	 0.9669	   1.4704	        1.4710	          0.0006	   1.4704	1.130e-04	   0.111	   191.308
 189	189	 3.3704	 0.9669	   1.4704	        1.4710	          0.0006	   1.4704	1.126e-04	   0.105	   192.321
 190	190	 3.3701	 0.9669	   1.4704	        1.4710	          0.0006	   1.4704	1.123e-04	   0.111	   193.331
 191	191	 3.3699	 0.9669	   1.4704	        1.4710	          0.0006	   1.4704	1.119e-04	   0.103	   194.324
 192	192	 3.3696	 0.9669	   1.4704	        1.4710	          0.0006	   1.4704	1.115e-04	   0.113	   195.327
 193	193	 3.3694	 0.9669	   1.4704	        1.4710	          0.0006	   1.4704	1.111e-04	   0.116	   196.356
 194	194	 3.3691	 0.9669	   1.4704	        1.4710	          0.0006	   1.4704	1.108e-04	   0.124	   197.514
 195	195	 3.3689	 0.9669	   1.4704	        1.4710	          0.0006	   1.4704	1.104e-04	   0.115	   198.612
 196	196	 3.3686	 0.9669	   1.4704	        1.4710	          0.0006	   1.4704	1.101e-04	   0.102	   199.611
 197	197	 3.3684	 0.9669	   1.4704	        1.4710	          0.0006	   1.4704	1.097e-04	   0.111	   200.618
 198	198	 3.3681	 0.9669	   1.4704	        1.4710	          0.0006	   1.4704	1.093e-04	   0.108	   201.645
 199	199	 3.3679	 0.9669	   1.4704	        1.4710	          0.0006	   1.4704	1.090e-04	   0.104	   202.674
 200	200	 3.3676	 0.9669	   1.4704	        1.4710	          0.0006	   1.4704	1.086e-04	   0.085	   203.631

[BSGD] Finished on device cuda -> σ_f² ≈ 3.3676, σ_ε² ≈ 0.9669
