[GPU 3][JOB 156] 'python cli.py bsgd --n 1024 --lengthscale 0.5 --sigma-f2-true 4.0 --sigma-eps2-true 1.0 --n-epochs 200 --device auto --kernel-mode finite --theta-min 1e-4 --theta-max 20.0 --print-every 1 --seed 5 --batch-size 256 --sigma-f2-init 5.0 --sigma-eps2-init 3.0 --alpha1 6.0 '

=== BSGD (biased SGD on exact kernel) ===
iter	epoch	σ_f²	σ_ε²	real_nlml	real_nlml_true	real_nlml_abs_err	mini_nlml	||grad||	duration_s	wall_time_s
   1	 1	 5.0002	 2.4572	   1.6390	        1.4829	          0.1561	   1.7904	1.190e-01	   0.276	     0.393
   2	 1	 5.0273	 2.1162	   1.5975	        1.4829	          0.1147	   1.7039	1.237e-01	   0.026	     1.452
   3	 1	 5.0676	 1.8912	   1.5695	        1.4829	          0.0867	   1.6921	1.246e-01	   0.028	     2.051
   4	 1	 5.1027	 1.7195	   1.5482	        1.4829	          0.0654	   1.6800	1.228e-01	   0.031	     2.672
   5	 2	 5.1391	 1.6054	   1.5344	        1.4829	          0.0515	   1.7045	1.195e-01	   0.043	     3.302
   6	 2	 5.1582	 1.4900	   1.5209	        1.4829	          0.0380	   1.6403	1.138e-01	   0.032	     3.975
   7	 2	 5.1606	 1.3972	   1.5106	        1.4829	          0.0278	   1.6275	1.065e-01	   0.035	     4.622
   8	 2	 5.1599	 1.3097	   1.5017	        1.4829	          0.0189	   1.6003	9.662e-02	   0.034	     5.267
   9	 3	 5.1662	 1.2421	   1.4955	        1.4829	          0.0127	   1.6020	8.634e-02	   0.035	     5.903
  10	 3	 5.1845	 1.2031	   1.4923	        1.4829	          0.0094	   1.6461	7.905e-02	   0.035	     6.610
  11	 3	 5.1948	 1.1743	   1.4901	        1.4829	          0.0072	   1.6448	7.292e-02	   0.035	     7.303
  12	 3	 5.1997	 1.1390	   1.4877	        1.4829	          0.0048	   1.6151	6.441e-02	   0.036	     8.047
  13	 4	 5.2001	 1.1229	   1.4867	        1.4829	          0.0038	   1.6464	6.014e-02	   0.031	     8.821
  14	 4	 5.2058	 1.0857	   1.4846	        1.4829	          0.0018	   1.5803	4.915e-02	   0.038	     9.628
  15	 4	 5.2147	 1.0590	   1.4834	        1.4829	          0.0006	   1.5900	4.017e-02	   0.043	    10.389
  16	 4	 5.2235	 1.0550	   1.4833	        1.4829	          0.0004	   1.6427	3.877e-02	   0.040	    11.119
  17	 5	 5.2355	 1.0451	   1.4829	        1.4829	          0.0000	   1.6294	3.515e-02	   0.036	    11.866
  18	 5	 5.2431	 1.0259	   1.4823	        1.4829	          0.0006	   1.5917	2.767e-02	   0.042	    12.620
  19	 5	 5.2367	 1.0111	   1.4819	        1.4829	          0.0009	   1.5835	2.153e-02	   0.039	    13.356
  20	 5	 5.2438	 1.0003	   1.4817	        1.4829	          0.0012	   1.5998	1.682e-02	   0.032	    14.089
  21	 6	 5.2440	 0.9725	   1.4814	        1.4829	          0.0014	   1.5317	3.670e-03	   0.036	    14.844
  22	 6	 5.2496	 0.9951	   1.4816	        1.4829	          0.0012	   1.6996	1.448e-02	   0.042	    15.585
  23	 6	 5.2604	 1.0100	   1.4819	        1.4829	          0.0010	   1.6949	2.107e-02	   0.040	    16.314
  24	 6	 5.2618	 0.9971	   1.4817	        1.4829	          0.0012	   1.5783	1.537e-02	   0.037	    17.071
  25	 7	 5.2660	 1.0072	   1.4818	        1.4829	          0.0010	   1.6820	1.986e-02	   0.041	    17.842
  26	 7	 5.2710	 0.9900	   1.4816	        1.4829	          0.0013	   1.5552	1.212e-02	   0.041	    18.629
  27	 7	 5.2756	 0.9832	   1.4815	        1.4829	          0.0014	   1.5963	8.887e-03	   0.035	    19.392
  28	 7	 5.2807	 0.9920	   1.4816	        1.4829	          0.0013	   1.6648	1.303e-02	   0.044	    20.204
  29	 8	 5.2855	 0.9864	   1.4815	        1.4829	          0.0014	   1.6008	1.040e-02	   0.042	    20.977
  30	 8	 5.2886	 0.9763	   1.4814	        1.4829	          0.0014	   1.5733	5.546e-03	   0.036	    21.728
  31	 8	 5.2913	 0.9857	   1.4815	        1.4829	          0.0014	   1.6779	1.007e-02	   0.037	    22.471
  32	 8	 5.2961	 0.9890	   1.4815	        1.4829	          0.0013	   1.6433	1.164e-02	   0.041	    23.216
  33	 9	 5.3040	 0.9856	   1.4815	        1.4829	          0.0014	   1.6169	1.002e-02	   0.041	    23.962
  34	 9	 5.3041	 0.9850	   1.4815	        1.4829	          0.0014	   1.6179	9.737e-03	   0.032	    24.699
  35	 9	 5.3050	 0.9917	   1.4816	        1.4829	          0.0013	   1.6645	1.292e-02	   0.039	    25.454
  36	 9	 5.3060	 0.9803	   1.4815	        1.4829	          0.0014	   1.5526	7.500e-03	   0.042	    26.196
  37	10	 5.3045	 0.9829	   1.4815	        1.4829	          0.0014	   1.6287	8.759e-03	   0.035	    26.935
  38	10	 5.3099	 0.9790	   1.4814	        1.4829	          0.0014	   1.6099	6.849e-03	   0.038	    27.681
  39	10	 5.3132	 0.9796	   1.4814	        1.4829	          0.0014	   1.6241	7.148e-03	   0.045	    28.448
  40	10	 5.3154	 0.9773	   1.4814	        1.4829	          0.0014	   1.6151	6.052e-03	   0.045	    29.187
  41	11	 5.3205	 0.9841	   1.4815	        1.4829	          0.0014	   1.6776	9.339e-03	   0.036	    29.958
  42	11	 5.3216	 0.9776	   1.4814	        1.4829	          0.0014	   1.5804	6.177e-03	   0.044	    30.754
  43	11	 5.3252	 0.9819	   1.4815	        1.4829	          0.0014	   1.6594	8.250e-03	   0.043	    31.552
  44	11	 5.3252	 0.9780	   1.4814	        1.4829	          0.0014	   1.5871	6.396e-03	   0.031	    32.297
  45	12	 5.3229	 0.9798	   1.4814	        1.4829	          0.0014	   1.6241	7.268e-03	   0.039	    33.048
  46	12	 5.3253	 0.9796	   1.4814	        1.4829	          0.0014	   1.6197	7.158e-03	   0.043	    33.791
  47	12	 5.3269	 0.9716	   1.4814	        1.4829	          0.0015	   1.5579	3.198e-03	   0.038	    34.525
  48	12	 5.3303	 0.9774	   1.4814	        1.4829	          0.0014	   1.6716	6.067e-03	   0.029	    35.262
  49	13	 5.3306	 0.9734	   1.4814	        1.4829	          0.0015	   1.5934	4.107e-03	   0.036	    36.024
  50	13	 5.3307	 0.9721	   1.4814	        1.4829	          0.0015	   1.5971	3.467e-03	   0.042	    36.767
  51	13	 5.3317	 0.9738	   1.4814	        1.4829	          0.0015	   1.6352	4.324e-03	   0.037	    37.504
  52	13	 5.3357	 0.9793	   1.4814	        1.4829	          0.0014	   1.6740	7.017e-03	   0.042	    38.296
  53	14	 5.3383	 0.9762	   1.4814	        1.4829	          0.0014	   1.6019	5.475e-03	   0.042	    39.104
  54	14	 5.3397	 0.9830	   1.4815	        1.4829	          0.0014	   1.6796	8.812e-03	   0.045	    39.884
  55	14	 5.3424	 0.9796	   1.4814	        1.4829	          0.0014	   1.6036	7.147e-03	   0.032	    40.637
  56	14	 5.3420	 0.9777	   1.4814	        1.4829	          0.0014	   1.5945	6.227e-03	   0.040	    41.447
  57	15	 5.3442	 0.9749	   1.4814	        1.4829	          0.0015	   1.6036	4.874e-03	   0.042	    42.240
  58	15	 5.3442	 0.9744	   1.4814	        1.4829	          0.0015	   1.6184	4.580e-03	   0.036	    42.996
  59	15	 5.3473	 0.9753	   1.4814	        1.4829	          0.0015	   1.6342	5.056e-03	   0.038	    43.745
  60	15	 5.3497	 0.9809	   1.4815	        1.4829	          0.0014	   1.6702	7.809e-03	   0.042	    44.497
  61	16	 5.3519	 0.9757	   1.4814	        1.4829	          0.0015	   1.5658	5.224e-03	   0.044	    45.234
  62	16	 5.3531	 0.9782	   1.4814	        1.4829	          0.0014	   1.6564	6.490e-03	   0.034	    45.963
  63	16	 5.3517	 0.9797	   1.4814	        1.4829	          0.0014	   1.6312	7.228e-03	   0.043	    46.723
  64	16	 5.3536	 0.9819	   1.4815	        1.4829	          0.0014	   1.6450	8.275e-03	   0.042	    47.466
  65	17	 5.3521	 0.9818	   1.4815	        1.4829	          0.0014	   1.6180	8.248e-03	   0.037	    48.204
  66	17	 5.3557	 0.9827	   1.4815	        1.4829	          0.0014	   1.6390	8.672e-03	   0.036	    48.951
  67	17	 5.3575	 0.9822	   1.4815	        1.4829	          0.0014	   1.6183	8.419e-03	   0.041	    49.717
  68	17	 5.3578	 0.9801	   1.4814	        1.4829	          0.0014	   1.5995	7.411e-03	   0.044	    50.464
  69	18	 5.3582	 0.9776	   1.4814	        1.4829	          0.0014	   1.5909	6.177e-03	   0.036	    51.220
  70	18	 5.3617	 0.9749	   1.4814	        1.4829	          0.0015	   1.6047	4.838e-03	   0.041	    52.008
  71	18	 5.3631	 0.9762	   1.4814	        1.4829	          0.0015	   1.6331	5.487e-03	   0.039	    52.791
  72	18	 5.3621	 0.9779	   1.4814	        1.4829	          0.0014	   1.6315	6.354e-03	   0.036	    53.534
  73	19	 5.3620	 0.9761	   1.4814	        1.4829	          0.0015	   1.5908	5.442e-03	   0.040	    54.286
  74	19	 5.3633	 0.9765	   1.4814	        1.4829	          0.0015	   1.6272	5.627e-03	   0.042	    55.035
  75	19	 5.3654	 0.9784	   1.4814	        1.4829	          0.0014	   1.6485	6.565e-03	   0.044	    55.776
  76	19	 5.3672	 0.9765	   1.4814	        1.4829	          0.0015	   1.6071	5.656e-03	   0.032	    56.507
  77	20	 5.3678	 0.9758	   1.4814	        1.4829	          0.0015	   1.6127	5.313e-03	   0.042	    57.260
  78	20	 5.3689	 0.9731	   1.4814	        1.4829	          0.0015	   1.5881	3.945e-03	   0.041	    57.999
  79	20	 5.3715	 0.9714	   1.4814	        1.4829	          0.0015	   1.6123	3.123e-03	   0.031	    58.738
  80	20	 5.3724	 0.9720	   1.4814	        1.4829	          0.0015	   1.6197	3.385e-03	   0.038	    59.492
  81	21	 5.3721	 0.9723	   1.4814	        1.4829	          0.0015	   1.6276	3.539e-03	   0.040	    60.271
  82	21	 5.3734	 0.9723	   1.4814	        1.4829	          0.0015	   1.6152	3.570e-03	   0.045	    61.052
  83	21	 5.3735	 0.9703	   1.4814	        1.4829	          0.0015	   1.5862	2.527e-03	   0.030	    61.807
  84	21	 5.3748	 0.9769	   1.4814	        1.4829	          0.0015	   1.7079	5.833e-03	   0.047	    62.612
  85	22	 5.3767	 0.9773	   1.4814	        1.4829	          0.0014	   1.6343	6.057e-03	   0.045	    63.398
  86	22	 5.3762	 0.9774	   1.4814	        1.4829	          0.0014	   1.6043	6.084e-03	   0.038	    64.161
  87	22	 5.3775	 0.9791	   1.4814	        1.4829	          0.0014	   1.6544	6.932e-03	   0.039	    64.913
  88	22	 5.3787	 0.9753	   1.4814	        1.4829	          0.0015	   1.5676	5.047e-03	   0.042	    65.662
  89	23	 5.3792	 0.9829	   1.4815	        1.4829	          0.0014	   1.7288	8.773e-03	   0.040	    66.401
  90	23	 5.3799	 0.9763	   1.4814	        1.4829	          0.0015	   1.5250	5.556e-03	   0.030	    67.136
  91	23	 5.3814	 0.9742	   1.4814	        1.4829	          0.0015	   1.5951	4.481e-03	   0.043	    67.897
  92	23	 5.3817	 0.9753	   1.4814	        1.4829	          0.0015	   1.6412	5.058e-03	   0.042	    68.633
  93	24	 5.3833	 0.9752	   1.4814	        1.4829	          0.0015	   1.6297	4.979e-03	   0.035	    69.365
  94	24	 5.3846	 0.9757	   1.4814	        1.4829	          0.0015	   1.6300	5.250e-03	   0.034	    70.113
  95	24	 5.3849	 0.9740	   1.4814	        1.4829	          0.0015	   1.5903	4.393e-03	   0.043	    70.881
  96	24	 5.3847	 0.9749	   1.4814	        1.4829	          0.0015	   1.6256	4.868e-03	   0.043	    71.653
  97	25	 5.3849	 0.9750	   1.4814	        1.4829	          0.0015	   1.6183	4.901e-03	   0.034	    72.441
  98	25	 5.3853	 0.9763	   1.4814	        1.4829	          0.0015	   1.6468	5.541e-03	   0.042	    73.216
  99	25	 5.3875	 0.9779	   1.4814	        1.4829	          0.0014	   1.6533	6.314e-03	   0.043	    73.997
 100	25	 5.3878	 0.9752	   1.4814	        1.4829	          0.0015	   1.5743	5.013e-03	   0.038	    74.733
 101	26	 5.3894	 0.9726	   1.4814	        1.4829	          0.0015	   1.5874	3.723e-03	   0.036	    75.478
 102	26	 5.3902	 0.9737	   1.4814	        1.4829	          0.0015	   1.6377	4.270e-03	   0.038	    76.229
 103	26	 5.3915	 0.9755	   1.4814	        1.4829	          0.0015	   1.6445	5.129e-03	   0.041	    76.972
 104	26	 5.3914	 0.9772	   1.4814	        1.4829	          0.0015	   1.6529	6.006e-03	   0.034	    77.719
 105	27	 5.3920	 0.9762	   1.4814	        1.4829	          0.0015	   1.6065	5.499e-03	   0.047	    78.532
 106	27	 5.3935	 0.9787	   1.4814	        1.4829	          0.0014	   1.6719	6.712e-03	   0.043	    79.355
 107	27	 5.3942	 0.9784	   1.4814	        1.4829	          0.0014	   1.6062	6.570e-03	   0.042	    80.153
 108	27	 5.3942	 0.9775	   1.4814	        1.4829	          0.0014	   1.6074	6.137e-03	   0.042	    80.922
 109	28	 5.3953	 0.9781	   1.4814	        1.4829	          0.0014	   1.6341	6.451e-03	   0.044	    81.704
 110	28	 5.3960	 0.9763	   1.4814	        1.4829	          0.0015	   1.5917	5.557e-03	   0.041	    82.488
 111	28	 5.3958	 0.9798	   1.4814	        1.4829	          0.0014	   1.6736	7.267e-03	   0.032	    83.246
 112	28	 5.3969	 0.9758	   1.4814	        1.4829	          0.0015	   1.5548	5.281e-03	   0.042	    84.043
 113	29	 5.3976	 0.9775	   1.4814	        1.4829	          0.0015	   1.6473	6.144e-03	   0.043	    84.836
 114	29	 5.3983	 0.9766	   1.4814	        1.4829	          0.0015	   1.6046	5.695e-03	   0.040	    85.609
 115	29	 5.3977	 0.9773	   1.4814	        1.4829	          0.0015	   1.6294	6.041e-03	   0.039	    86.351
 116	29	 5.3988	 0.9751	   1.4814	        1.4829	          0.0015	   1.5846	4.946e-03	   0.041	    87.093
 117	30	 5.3991	 0.9761	   1.4814	        1.4829	          0.0015	   1.6366	5.465e-03	   0.039	    87.834
 118	30	 5.4004	 0.9794	   1.4814	        1.4829	          0.0014	   1.6954	7.087e-03	   0.032	    88.574
 119	30	 5.4012	 0.9774	   1.4814	        1.4829	          0.0015	   1.5806	6.071e-03	   0.042	    89.333
 120	30	 5.4008	 0.9741	   1.4814	        1.4829	          0.0015	   1.5528	4.445e-03	   0.042	    90.075
 121	31	 5.4008	 0.9747	   1.4814	        1.4829	          0.0015	   1.6288	4.743e-03	   0.038	    90.813
 122	31	 5.4022	 0.9739	   1.4814	        1.4829	          0.0015	   1.6098	4.363e-03	   0.038	    91.560
 123	31	 5.4022	 0.9727	   1.4814	        1.4829	          0.0015	   1.5937	3.743e-03	   0.047	    92.315
 124	31	 5.4033	 0.9749	   1.4814	        1.4829	          0.0015	   1.6714	4.849e-03	   0.043	    93.087
 125	32	 5.4042	 0.9727	   1.4814	        1.4829	          0.0015	   1.5809	3.773e-03	   0.029	    93.860
 126	32	 5.4052	 0.9729	   1.4814	        1.4829	          0.0015	   1.6273	3.839e-03	   0.040	    94.620
 127	32	 5.4049	 0.9744	   1.4814	        1.4829	          0.0015	   1.6411	4.624e-03	   0.040	    95.397
 128	32	 5.4051	 0.9746	   1.4814	        1.4829	          0.0015	   1.6233	4.682e-03	   0.038	    96.143
 129	33	 5.4064	 0.9727	   1.4814	        1.4829	          0.0015	   1.5799	3.775e-03	   0.036	    96.893
 130	33	 5.4073	 0.9734	   1.4814	        1.4829	          0.0015	   1.6344	4.130e-03	   0.044	    97.639
 131	33	 5.4074	 0.9728	   1.4814	        1.4829	          0.0015	   1.6090	3.802e-03	   0.044	    98.374
 132	33	 5.4078	 0.9743	   1.4814	        1.4829	          0.0015	   1.6587	4.550e-03	   0.033	    99.108
 133	34	 5.4092	 0.9757	   1.4814	        1.4829	          0.0015	   1.6550	5.258e-03	   0.042	    99.871
 134	34	 5.4087	 0.9742	   1.4814	        1.4829	          0.0015	   1.5849	4.496e-03	   0.041	   100.612
 135	34	 5.4092	 0.9743	   1.4814	        1.4829	          0.0015	   1.6168	4.540e-03	   0.033	   101.349
 136	34	 5.4105	 0.9743	   1.4814	        1.4829	          0.0015	   1.6357	4.546e-03	   0.034	   102.096
 137	35	 5.4112	 0.9760	   1.4814	        1.4829	          0.0015	   1.6584	5.396e-03	   0.046	   102.878
 138	35	 5.4115	 0.9746	   1.4814	        1.4829	          0.0015	   1.5934	4.700e-03	   0.048	   103.651
 139	35	 5.4125	 0.9753	   1.4814	        1.4829	          0.0015	   1.6386	5.051e-03	   0.034	   104.409
 140	35	 5.4128	 0.9745	   1.4814	        1.4829	          0.0015	   1.6031	4.663e-03	   0.040	   105.198
 141	36	 5.4148	 0.9770	   1.4814	        1.4829	          0.0015	   1.6885	5.910e-03	   0.041	   105.999
 142	36	 5.4151	 0.9757	   1.4814	        1.4829	          0.0015	   1.5822	5.245e-03	   0.040	   106.775
 143	36	 5.4149	 0.9743	   1.4814	        1.4829	          0.0015	   1.5901	4.550e-03	   0.038	   107.522
 144	36	 5.4153	 0.9751	   1.4814	        1.4829	          0.0015	   1.6412	4.946e-03	   0.044	   108.273
 145	37	 5.4157	 0.9747	   1.4814	        1.4829	          0.0015	   1.6167	4.763e-03	   0.042	   109.010
 146	37	 5.4152	 0.9736	   1.4814	        1.4829	          0.0015	   1.5878	4.196e-03	   0.034	   109.741
 147	37	 5.4160	 0.9732	   1.4814	        1.4829	          0.0015	   1.6082	4.023e-03	   0.040	   110.495
 148	37	 5.4175	 0.9742	   1.4814	        1.4829	          0.0015	   1.6530	4.501e-03	   0.043	   111.244
 149	38	 5.4170	 0.9755	   1.4814	        1.4829	          0.0015	   1.6462	5.144e-03	   0.039	   111.982
 150	38	 5.4169	 0.9762	   1.4814	        1.4829	          0.0015	   1.6357	5.488e-03	   0.038	   112.728
 151	38	 5.4187	 0.9764	   1.4814	        1.4829	          0.0015	   1.6395	5.606e-03	   0.043	   113.519
 152	38	 5.4195	 0.9734	   1.4814	        1.4829	          0.0015	   1.5452	4.090e-03	   0.042	   114.298
 153	39	 5.4196	 0.9745	   1.4814	        1.4829	          0.0015	   1.6514	4.647e-03	   0.036	   115.066
 154	39	 5.4198	 0.9762	   1.4814	        1.4829	          0.0015	   1.6625	5.493e-03	   0.043	   115.816
 155	39	 5.4199	 0.9757	   1.4814	        1.4829	          0.0015	   1.6043	5.268e-03	   0.043	   116.589
 156	39	 5.4205	 0.9739	   1.4814	        1.4829	          0.0015	   1.5694	4.357e-03	   0.038	   117.344
 157	40	 5.4208	 0.9737	   1.4814	        1.4829	          0.0015	   1.6204	4.274e-03	   0.037	   118.091
 158	40	 5.4214	 0.9755	   1.4814	        1.4829	          0.0015	   1.6717	5.161e-03	   0.041	   118.839
 159	40	 5.4214	 0.9743	   1.4814	        1.4829	          0.0015	   1.5784	4.541e-03	   0.039	   119.578
 160	40	 5.4220	 0.9739	   1.4814	        1.4829	          0.0015	   1.6106	4.367e-03	   0.037	   120.348
 161	41	 5.4227	 0.9748	   1.4814	        1.4829	          0.0015	   1.6438	4.793e-03	   0.043	   121.139
 162	41	 5.4232	 0.9744	   1.4814	        1.4829	          0.0015	   1.6151	4.590e-03	   0.039	   121.874
 163	41	 5.4226	 0.9728	   1.4814	        1.4829	          0.0015	   1.5639	3.828e-03	   0.033	   122.613
 164	41	 5.4235	 0.9729	   1.4814	        1.4829	          0.0015	   1.6299	3.873e-03	   0.036	   123.365
 165	42	 5.4240	 0.9727	   1.4814	        1.4829	          0.0015	   1.6155	3.735e-03	   0.043	   124.142
 166	42	 5.4248	 0.9730	   1.4814	        1.4829	          0.0015	   1.6371	3.912e-03	   0.047	   124.915
 167	42	 5.4239	 0.9725	   1.4814	        1.4829	          0.0015	   1.5900	3.640e-03	   0.034	   125.685
 168	42	 5.4247	 0.9716	   1.4814	        1.4829	          0.0015	   1.6005	3.206e-03	   0.042	   126.472
 169	43	 5.4255	 0.9720	   1.4814	        1.4829	          0.0015	   1.6387	3.430e-03	   0.041	   127.261
 170	43	 5.4254	 0.9742	   1.4814	        1.4829	          0.0015	   1.6773	4.524e-03	   0.038	   128.033
 171	43	 5.4261	 0.9744	   1.4814	        1.4829	          0.0015	   1.6345	4.609e-03	   0.036	   128.789
 172	43	 5.4262	 0.9726	   1.4814	        1.4829	          0.0015	   1.5582	3.718e-03	   0.041	   129.538
 173	44	 5.4262	 0.9712	   1.4814	        1.4829	          0.0015	   1.5799	3.007e-03	   0.041	   130.278
 174	44	 5.4265	 0.9714	   1.4814	        1.4829	          0.0015	   1.6231	3.100e-03	   0.033	   131.014
 175	44	 5.4257	 0.9717	   1.4814	        1.4829	          0.0015	   1.6068	3.244e-03	   0.038	   131.772
 176	44	 5.4271	 0.9729	   1.4814	        1.4829	          0.0015	   1.6727	3.854e-03	   0.043	   132.513
 177	45	 5.4268	 0.9744	   1.4814	        1.4829	          0.0015	   1.6637	4.621e-03	   0.039	   133.245
 178	45	 5.4276	 0.9743	   1.4814	        1.4829	          0.0015	   1.6096	4.578e-03	   0.040	   133.995
 179	45	 5.4278	 0.9739	   1.4814	        1.4829	          0.0015	   1.6065	4.340e-03	   0.045	   134.785
 180	45	 5.4283	 0.9728	   1.4814	        1.4829	          0.0015	   1.5935	3.802e-03	   0.042	   135.546
 181	46	 5.4283	 0.9735	   1.4814	        1.4829	          0.0015	   1.6419	4.140e-03	   0.036	   136.303
 182	46	 5.4297	 0.9706	   1.4814	        1.4829	          0.0015	   1.5468	2.712e-03	   0.038	   137.058
 183	46	 5.4305	 0.9680	   1.4814	        1.4829	          0.0015	   1.5418	1.405e-03	   0.048	   137.831
 184	46	 5.4299	 0.9716	   1.4814	        1.4829	          0.0015	   1.7119	3.193e-03	   0.040	   138.581
 185	47	 5.4307	 0.9723	   1.4814	        1.4829	          0.0015	   1.6465	3.543e-03	   0.036	   139.321
 186	47	 5.4304	 0.9719	   1.4814	        1.4829	          0.0015	   1.5981	3.337e-03	   0.038	   140.071
 187	47	 5.4300	 0.9709	   1.4814	        1.4829	          0.0015	   1.5881	2.866e-03	   0.041	   140.815
 188	47	 5.4307	 0.9708	   1.4814	        1.4829	          0.0015	   1.6193	2.796e-03	   0.035	   141.553
 189	48	 5.4303	 0.9700	   1.4814	        1.4829	          0.0015	   1.5837	2.420e-03	   0.041	   142.310
 190	48	 5.4307	 0.9694	   1.4814	        1.4829	          0.0015	   1.6021	2.096e-03	   0.042	   143.052
 191	48	 5.4310	 0.9702	   1.4814	        1.4829	          0.0015	   1.6443	2.511e-03	   0.036	   143.788
 192	48	 5.4316	 0.9717	   1.4814	        1.4829	          0.0015	   1.6698	3.275e-03	   0.037	   144.531
 193	49	 5.4317	 0.9713	   1.4814	        1.4829	          0.0015	   1.6071	3.049e-03	   0.043	   145.300
 194	49	 5.4321	 0.9718	   1.4814	        1.4829	          0.0015	   1.6297	3.292e-03	   0.040	   146.072
 195	49	 5.4326	 0.9700	   1.4814	        1.4829	          0.0015	   1.5615	2.390e-03	   0.034	   146.849
 196	49	 5.4329	 0.9721	   1.4814	        1.4829	          0.0015	   1.6884	3.436e-03	   0.042	   147.635
 197	50	 5.4330	 0.9729	   1.4814	        1.4829	          0.0015	   1.6502	3.862e-03	   0.044	   148.429
 198	50	 5.4330	 0.9706	   1.4814	        1.4829	          0.0015	   1.5447	2.723e-03	   0.036	   149.203
 199	50	 5.4329	 0.9703	   1.4814	        1.4829	          0.0015	   1.5976	2.549e-03	   0.040	   149.959
 200	50	 5.4338	 0.9716	   1.4814	        1.4829	          0.0015	   1.6672	3.230e-03	   0.044	   150.702
 201	51	 5.4343	 0.9715	   1.4814	        1.4829	          0.0015	   1.6189	3.162e-03	   0.043	   151.442
 202	51	 5.4346	 0.9711	   1.4814	        1.4829	          0.0015	   1.6082	2.968e-03	   0.034	   152.182
 203	51	 5.4352	 0.9706	   1.4814	        1.4829	          0.0015	   1.6025	2.693e-03	   0.040	   152.939
 204	51	 5.4357	 0.9709	   1.4814	        1.4829	          0.0015	   1.6300	2.858e-03	   0.040	   153.680
 205	52	 5.4360	 0.9704	   1.4814	        1.4829	          0.0015	   1.6009	2.609e-03	   0.038	   154.441
 206	52	 5.4366	 0.9723	   1.4814	        1.4829	          0.0015	   1.6896	3.542e-03	   0.042	   155.221
 207	52	 5.4366	 0.9737	   1.4814	        1.4829	          0.0015	   1.6625	4.269e-03	   0.036	   155.981
 208	52	 5.4370	 0.9723	   1.4814	        1.4829	          0.0015	   1.5722	3.539e-03	   0.041	   156.737
 209	53	 5.4372	 0.9704	   1.4814	        1.4829	          0.0015	   1.5549	2.615e-03	   0.031	   157.490
 210	53	 5.4374	 0.9718	   1.4814	        1.4829	          0.0015	   1.6642	3.301e-03	   0.040	   158.258
 211	53	 5.4381	 0.9718	   1.4814	        1.4829	          0.0015	   1.6291	3.317e-03	   0.046	   159.059
 212	53	 5.4389	 0.9720	   1.4814	        1.4829	          0.0015	   1.6324	3.429e-03	   0.038	   159.860
 213	54	 5.4391	 0.9719	   1.4814	        1.4829	          0.0015	   1.6153	3.365e-03	   0.042	   160.682
 214	54	 5.4394	 0.9725	   1.4814	        1.4829	          0.0015	   1.6482	3.660e-03	   0.043	   161.491
 215	54	 5.4392	 0.9719	   1.4814	        1.4829	          0.0015	   1.5831	3.339e-03	   0.045	   162.271
 216	54	 5.4399	 0.9720	   1.4814	        1.4829	          0.0015	   1.6315	3.405e-03	   0.031	   163.014
 217	55	 5.4403	 0.9720	   1.4814	        1.4829	          0.0015	   1.6150	3.391e-03	   0.035	   163.772
 218	55	 5.4403	 0.9744	   1.4814	        1.4829	          0.0015	   1.7012	4.612e-03	   0.038	   164.516
 219	55	 5.4406	 0.9745	   1.4814	        1.4829	          0.0015	   1.6278	4.653e-03	   0.037	   165.254
 220	55	 5.4411	 0.9724	   1.4814	        1.4829	          0.0015	   1.5478	3.604e-03	   0.037	   166.002
 221	56	 5.4413	 0.9728	   1.4814	        1.4829	          0.0015	   1.6370	3.787e-03	   0.042	   166.775
 222	56	 5.4417	 0.9713	   1.4814	        1.4829	          0.0015	   1.5657	3.051e-03	   0.048	   167.534
 223	56	 5.4419	 0.9714	   1.4814	        1.4829	          0.0015	   1.6196	3.107e-03	   0.035	   168.309
 224	56	 5.4423	 0.9718	   1.4814	        1.4829	          0.0015	   1.6359	3.285e-03	   0.040	   169.094
 225	57	 5.4425	 0.9716	   1.4814	        1.4829	          0.0015	   1.6184	3.210e-03	   0.042	   169.894
 226	57	 5.4429	 0.9709	   1.4814	        1.4829	          0.0015	   1.5965	2.834e-03	   0.042	   170.669
 227	57	 5.4431	 0.9706	   1.4814	        1.4829	          0.0015	   1.6089	2.712e-03	   0.036	   171.428
 228	57	 5.4429	 0.9724	   1.4814	        1.4829	          0.0015	   1.6721	3.607e-03	   0.037	   172.174
 229	58	 5.4430	 0.9700	   1.4814	        1.4829	          0.0015	   1.5263	2.383e-03	   0.045	   172.917
 230	58	 5.4428	 0.9717	   1.4814	        1.4829	          0.0015	   1.6704	3.268e-03	   0.034	   173.649
 231	58	 5.4429	 0.9722	   1.4814	        1.4829	          0.0015	   1.6381	3.530e-03	   0.037	   174.399
 232	58	 5.4439	 0.9715	   1.4814	        1.4829	          0.0015	   1.6099	3.177e-03	   0.037	   175.140
 233	59	 5.4438	 0.9730	   1.4814	        1.4829	          0.0015	   1.6687	3.909e-03	   0.037	   175.908
 234	59	 5.4445	 0.9728	   1.4814	        1.4829	          0.0015	   1.6184	3.786e-03	   0.037	   176.669
 235	59	 5.4443	 0.9726	   1.4814	        1.4829	          0.0015	   1.6146	3.732e-03	   0.042	   177.421
 236	59	 5.4446	 0.9727	   1.4814	        1.4829	          0.0015	   1.6206	3.766e-03	   0.043	   178.181
 237	60	 5.4445	 0.9717	   1.4814	        1.4829	          0.0015	   1.5766	3.279e-03	   0.034	   178.929
 238	60	 5.4453	 0.9737	   1.4814	        1.4829	          0.0015	   1.7013	4.239e-03	   0.039	   179.690
 239	60	 5.4456	 0.9722	   1.4814	        1.4829	          0.0015	   1.5643	3.531e-03	   0.041	   180.447
 240	60	 5.4455	 0.9734	   1.4814	        1.4829	          0.0015	   1.6634	4.096e-03	   0.034	   181.214
 241	61	 5.4456	 0.9755	   1.4814	        1.4829	          0.0015	   1.6934	5.143e-03	   0.034	   181.963
 242	61	 5.4461	 0.9742	   1.4814	        1.4829	          0.0015	   1.5817	4.503e-03	   0.039	   182.710
 243	61	 5.4464	 0.9736	   1.4814	        1.4829	          0.0015	   1.5990	4.233e-03	   0.043	   183.452
 244	61	 5.4467	 0.9738	   1.4814	        1.4829	          0.0015	   1.6243	4.303e-03	   0.030	   184.189
 245	62	 5.4471	 0.9732	   1.4814	        1.4829	          0.0015	   1.5943	3.999e-03	   0.041	   184.945
 246	62	 5.4473	 0.9735	   1.4814	        1.4829	          0.0015	   1.6344	4.173e-03	   0.045	   185.682
 247	62	 5.4477	 0.9752	   1.4814	        1.4829	          0.0015	   1.6926	4.982e-03	   0.036	   186.417
 248	62	 5.4480	 0.9726	   1.4814	        1.4829	          0.0015	   1.5180	3.686e-03	   0.038	   187.171
 249	63	 5.4478	 0.9718	   1.4814	        1.4829	          0.0015	   1.5808	3.288e-03	   0.042	   187.936
 250	63	 5.4481	 0.9707	   1.4814	        1.4829	          0.0015	   1.5739	2.749e-03	   0.041	   188.697
 251	63	 5.4487	 0.9716	   1.4814	        1.4829	          0.0015	   1.6699	3.192e-03	   0.032	   189.479
 252	63	 5.4486	 0.9725	   1.4814	        1.4829	          0.0015	   1.6520	3.651e-03	   0.044	   190.265
 253	64	 5.4483	 0.9725	   1.4814	        1.4829	          0.0015	   1.6089	3.655e-03	   0.045	   191.052
 254	64	 5.4486	 0.9724	   1.4814	        1.4829	          0.0015	   1.6195	3.612e-03	   0.036	   191.824
 255	64	 5.4486	 0.9729	   1.4814	        1.4829	          0.0015	   1.6343	3.861e-03	   0.033	   192.587
 256	64	 5.4492	 0.9725	   1.4814	        1.4829	          0.0015	   1.6094	3.646e-03	   0.040	   193.340
 257	65	 5.4493	 0.9728	   1.4814	        1.4829	          0.0015	   1.6244	3.823e-03	   0.046	   194.084
 258	65	 5.4498	 0.9736	   1.4814	        1.4829	          0.0015	   1.6554	4.217e-03	   0.034	   194.819
 259	65	 5.4499	 0.9724	   1.4814	        1.4829	          0.0015	   1.5699	3.633e-03	   0.043	   195.578
 260	65	 5.4501	 0.9727	   1.4814	        1.4829	          0.0015	   1.6420	3.770e-03	   0.042	   196.355
 261	66	 5.4501	 0.9738	   1.4814	        1.4829	          0.0015	   1.6585	4.296e-03	   0.041	   197.109
 262	66	 5.4508	 0.9729	   1.4814	        1.4829	          0.0015	   1.5927	3.875e-03	   0.034	   197.863
 263	66	 5.4510	 0.9725	   1.4814	        1.4829	          0.0015	   1.6049	3.659e-03	   0.037	   198.614
 264	66	 5.4509	 0.9734	   1.4814	        1.4829	          0.0015	   1.6516	4.105e-03	   0.041	   199.379
 265	67	 5.4507	 0.9724	   1.4814	        1.4829	          0.0015	   1.5680	3.598e-03	   0.033	   200.123
 266	67	 5.4507	 0.9738	   1.4814	        1.4829	          0.0015	   1.6731	4.297e-03	   0.040	   200.894
 267	67	 5.4512	 0.9726	   1.4814	        1.4829	          0.0015	   1.5770	3.721e-03	   0.043	   201.673
 268	67	 5.4517	 0.9720	   1.4814	        1.4829	          0.0015	   1.5973	3.407e-03	   0.042	   202.479
 269	68	 5.4516	 0.9721	   1.4814	        1.4829	          0.0015	   1.6281	3.478e-03	   0.041	   203.231
 270	68	 5.4515	 0.9714	   1.4814	        1.4829	          0.0015	   1.5821	3.084e-03	   0.041	   203.976
 271	68	 5.4521	 0.9710	   1.4814	        1.4829	          0.0015	   1.6012	2.889e-03	   0.043	   204.721
 272	68	 5.4523	 0.9718	   1.4814	        1.4829	          0.0015	   1.6511	3.288e-03	   0.031	   205.424
 273	69	 5.4524	 0.9717	   1.4814	        1.4829	          0.0015	   1.6174	3.248e-03	   0.030	   206.086
 274	69	 5.4527	 0.9715	   1.4814	        1.4829	          0.0015	   1.6144	3.165e-03	   0.036	   206.799
 275	69	 5.4526	 0.9707	   1.4814	        1.4829	          0.0015	   1.5672	2.739e-03	   0.036	   207.505
 276	69	 5.4529	 0.9716	   1.4814	        1.4829	          0.0015	   1.6641	3.215e-03	   0.033	   208.211
 277	70	 5.4526	 0.9711	   1.4814	        1.4829	          0.0015	   1.5888	2.975e-03	   0.033	   208.930
 278	70	 5.4530	 0.9713	   1.4814	        1.4829	          0.0015	   1.6365	3.067e-03	   0.036	   209.662
 279	70	 5.4535	 0.9700	   1.4814	        1.4829	          0.0015	   1.5592	2.397e-03	   0.035	   210.416
 280	70	 5.4538	 0.9712	   1.4814	        1.4829	          0.0015	   1.6752	3.013e-03	   0.053	   211.109
 281	71	 5.4542	 0.9705	   1.4814	        1.4829	          0.0015	   1.5924	2.645e-03	   0.025	   211.794
 282	71	 5.4536	 0.9700	   1.4814	        1.4829	          0.0015	   1.5795	2.378e-03	   0.026	   212.426
 283	71	 5.4537	 0.9704	   1.4814	        1.4829	          0.0015	   1.6360	2.594e-03	   0.028	   213.042
 284	71	 5.4542	 0.9705	   1.4814	        1.4829	          0.0015	   1.6325	2.667e-03	   0.029	   213.640
 285	72	 5.4544	 0.9699	   1.4814	        1.4829	          0.0015	   1.5915	2.344e-03	   0.030	   214.239
 286	72	 5.4545	 0.9688	   1.4814	        1.4829	          0.0015	   1.5587	1.774e-03	   0.027	   214.844
 287	72	 5.4550	 0.9699	   1.4814	        1.4829	          0.0015	   1.6757	2.328e-03	   0.025	   215.448
 288	72	 5.4552	 0.9707	   1.4814	        1.4829	          0.0015	   1.6629	2.774e-03	   0.025	   216.083
 289	73	 5.4553	 0.9710	   1.4814	        1.4829	          0.0015	   1.6425	2.920e-03	   0.029	   216.693
 290	73	 5.4556	 0.9702	   1.4814	        1.4829	          0.0015	   1.5778	2.500e-03	   0.028	   217.281
 291	73	 5.4560	 0.9719	   1.4814	        1.4829	          0.0015	   1.7029	3.360e-03	   0.025	   217.847
 292	73	 5.4561	 0.9714	   1.4814	        1.4829	          0.0015	   1.5866	3.121e-03	   0.028	   218.436
 293	74	 5.4564	 0.9726	   1.4814	        1.4829	          0.0015	   1.6680	3.705e-03	   0.026	   219.012
 294	74	 5.4568	 0.9734	   1.4814	        1.4829	          0.0015	   1.6668	4.134e-03	   0.025	   219.626
 295	74	 5.4570	 0.9732	   1.4814	        1.4829	          0.0015	   1.6166	4.032e-03	   0.027	   220.202
 296	74	 5.4569	 0.9725	   1.4814	        1.4829	          0.0015	   1.5716	3.652e-03	   0.024	   220.793
 297	75	 5.4573	 0.9733	   1.4814	        1.4829	          0.0015	   1.6696	4.074e-03	   0.026	   221.367
 298	75	 5.4574	 0.9727	   1.4814	        1.4829	          0.0015	   1.5863	3.747e-03	   0.027	   221.936
 299	75	 5.4577	 0.9715	   1.4814	        1.4829	          0.0015	   1.5590	3.171e-03	   0.030	   222.504
 300	75	 5.4575	 0.9722	   1.4814	        1.4829	          0.0015	   1.6516	3.534e-03	   0.028	   223.079
 301	76	 5.4578	 0.9712	   1.4814	        1.4829	          0.0015	   1.5701	3.021e-03	   0.027	   223.649
 302	76	 5.4581	 0.9713	   1.4814	        1.4829	          0.0015	   1.6264	3.051e-03	   0.027	   224.222
 303	76	 5.4583	 0.9723	   1.4814	        1.4829	          0.0015	   1.6686	3.553e-03	   0.027	   224.793
 304	76	 5.4583	 0.9728	   1.4814	        1.4829	          0.0015	   1.6434	3.827e-03	   0.027	   225.368
 305	77	 5.4589	 0.9721	   1.4814	        1.4829	          0.0015	   1.5887	3.470e-03	   0.028	   225.946
 306	77	 5.4591	 0.9732	   1.4814	        1.4829	          0.0015	   1.6756	4.003e-03	   0.030	   226.542
 307	77	 5.4592	 0.9727	   1.4814	        1.4829	          0.0015	   1.6049	3.780e-03	   0.029	   227.163
 308	77	 5.4595	 0.9724	   1.4814	        1.4829	          0.0015	   1.6014	3.622e-03	   0.028	   227.786
 309	78	 5.4597	 0.9719	   1.4814	        1.4829	          0.0015	   1.5867	3.357e-03	   0.028	   228.396
 310	78	 5.4595	 0.9730	   1.4814	        1.4829	          0.0015	   1.6599	3.917e-03	   0.025	   228.993
 311	78	 5.4598	 0.9735	   1.4814	        1.4829	          0.0015	   1.6538	4.177e-03	   0.026	   229.583
 312	78	 5.4600	 0.9727	   1.4814	        1.4829	          0.0015	   1.5876	3.756e-03	   0.027	   230.156
 313	79	 5.4599	 0.9734	   1.4814	        1.4829	          0.0015	   1.6482	4.108e-03	   0.035	   230.727
 314	79	 5.4598	 0.9729	   1.4814	        1.4829	          0.0015	   1.5936	3.853e-03	   0.027	   231.314
 315	79	 5.4598	 0.9725	   1.4814	        1.4829	          0.0015	   1.5928	3.683e-03	   0.023	   231.914
 316	79	 5.4605	 0.9731	   1.4814	        1.4829	          0.0015	   1.6612	3.937e-03	   0.027	   232.510
 317	80	 5.4607	 0.9731	   1.4814	        1.4829	          0.0015	   1.6227	3.948e-03	   0.028	   233.080
 318	80	 5.4609	 0.9733	   1.4814	        1.4829	          0.0015	   1.6320	4.074e-03	   0.029	   233.671
 319	80	 5.4610	 0.9736	   1.4814	        1.4829	          0.0015	   1.6353	4.191e-03	   0.027	   234.284
 320	80	 5.4614	 0.9735	   1.4814	        1.4829	          0.0015	   1.6145	4.165e-03	   0.032	   234.935
 321	81	 5.4617	 0.9724	   1.4814	        1.4829	          0.0015	   1.5661	3.630e-03	   0.029	   235.585
 322	81	 5.4618	 0.9722	   1.4814	        1.4829	          0.0015	   1.6106	3.499e-03	   0.029	   236.222
 323	81	 5.4620	 0.9729	   1.4814	        1.4829	          0.0015	   1.6590	3.858e-03	   0.026	   236.811
 324	81	 5.4625	 0.9736	   1.4814	        1.4829	          0.0015	   1.6570	4.201e-03	   0.029	   237.400
 325	82	 5.4627	 0.9729	   1.4814	        1.4829	          0.0015	   1.5835	3.840e-03	   0.027	   237.974
 326	82	 5.4628	 0.9731	   1.4814	        1.4829	          0.0015	   1.6328	3.959e-03	   0.025	   238.546
 327	82	 5.4628	 0.9743	   1.4814	        1.4829	          0.0015	   1.6840	4.564e-03	   0.029	   239.117
 328	82	 5.4633	 0.9737	   1.4814	        1.4829	          0.0015	   1.5920	4.236e-03	   0.026	   239.691
 329	83	 5.4638	 0.9736	   1.4814	        1.4829	          0.0015	   1.6259	4.214e-03	   0.025	   240.258
 330	83	 5.4637	 0.9740	   1.4814	        1.4829	          0.0015	   1.6363	4.402e-03	   0.028	   240.831
 331	83	 5.4642	 0.9737	   1.4814	        1.4829	          0.0015	   1.6047	4.265e-03	   0.026	   241.400
 332	83	 5.4640	 0.9735	   1.4814	        1.4829	          0.0015	   1.6046	4.166e-03	   0.027	   241.972
 333	84	 5.4642	 0.9742	   1.4814	        1.4829	          0.0015	   1.6559	4.514e-03	   0.026	   242.547
 334	84	 5.4643	 0.9746	   1.4814	        1.4829	          0.0015	   1.6418	4.691e-03	   0.030	   243.149
 335	84	 5.4645	 0.9739	   1.4814	        1.4829	          0.0015	   1.5874	4.368e-03	   0.032	   243.771
 336	84	 5.4648	 0.9737	   1.4814	        1.4829	          0.0015	   1.6083	4.241e-03	   0.030	   244.393
 337	85	 5.4650	 0.9733	   1.4814	        1.4829	          0.0015	   1.6102	4.059e-03	   0.029	   245.003
 338	85	 5.4650	 0.9735	   1.4814	        1.4829	          0.0015	   1.6311	4.177e-03	   0.025	   245.600
 339	85	 5.4656	 0.9736	   1.4814	        1.4829	          0.0015	   1.6320	4.232e-03	   0.027	   246.190
 340	85	 5.4653	 0.9734	   1.4814	        1.4829	          0.0015	   1.5900	4.118e-03	   0.025	   246.760
 341	86	 5.4655	 0.9731	   1.4814	        1.4829	          0.0015	   1.6050	3.961e-03	   0.029	   247.331
 342	86	 5.4653	 0.9734	   1.4814	        1.4829	          0.0015	   1.6313	4.132e-03	   0.027	   247.926
 343	86	 5.4653	 0.9737	   1.4814	        1.4829	          0.0015	   1.6288	4.273e-03	   0.025	   248.516
 344	86	 5.4657	 0.9737	   1.4814	        1.4829	          0.0015	   1.6263	4.266e-03	   0.028	   249.087
 345	87	 5.4658	 0.9733	   1.4814	        1.4829	          0.0015	   1.5949	4.048e-03	   0.027	   249.654
 346	87	 5.4658	 0.9736	   1.4814	        1.4829	          0.0015	   1.6369	4.199e-03	   0.028	   250.228
 347	87	 5.4661	 0.9736	   1.4814	        1.4829	          0.0015	   1.6244	4.188e-03	   0.028	   250.798
 348	87	 5.4664	 0.9745	   1.4814	        1.4829	          0.0015	   1.6753	4.668e-03	   0.031	   251.381
 349	88	 5.4664	 0.9755	   1.4814	        1.4829	          0.0015	   1.6709	5.163e-03	   0.027	   251.964
 350	88	 5.4667	 0.9752	   1.4814	        1.4829	          0.0015	   1.6155	5.009e-03	   0.027	   252.576
 351	88	 5.4670	 0.9745	   1.4814	        1.4829	          0.0015	   1.5803	4.642e-03	   0.027	   253.154
 352	88	 5.4672	 0.9743	   1.4814	        1.4829	          0.0015	   1.6074	4.577e-03	   0.028	   253.738
 353	89	 5.4674	 0.9740	   1.4814	        1.4829	          0.0015	   1.6007	4.426e-03	   0.028	   254.314
 354	89	 5.4675	 0.9741	   1.4814	        1.4829	          0.0015	   1.6208	4.474e-03	   0.026	   254.885
 355	89	 5.4677	 0.9740	   1.4814	        1.4829	          0.0015	   1.6140	4.394e-03	   0.027	   255.453
 356	89	 5.4680	 0.9740	   1.4814	        1.4829	          0.0015	   1.6242	4.398e-03	   0.027	   256.030
 357	90	 5.4675	 0.9741	   1.4814	        1.4829	          0.0015	   1.6154	4.477e-03	   0.024	   256.600
 358	90	 5.4679	 0.9737	   1.4814	        1.4829	          0.0015	   1.5982	4.258e-03	   0.028	   257.176
 359	90	 5.4681	 0.9742	   1.4814	        1.4829	          0.0015	   1.6613	4.520e-03	   0.029	   257.744
 360	90	 5.4681	 0.9737	   1.4814	        1.4829	          0.0015	   1.5828	4.239e-03	   0.025	   258.314
 361	91	 5.4682	 0.9721	   1.4814	        1.4829	          0.0015	   1.5328	3.457e-03	   0.023	   258.883
 362	91	 5.4687	 0.9722	   1.4814	        1.4829	          0.0015	   1.6235	3.496e-03	   0.030	   259.487
 363	91	 5.4682	 0.9723	   1.4814	        1.4829	          0.0015	   1.6097	3.553e-03	   0.028	   260.099
 364	91	 5.4685	 0.9738	   1.4814	        1.4829	          0.0015	   1.7117	4.305e-03	   0.025	   260.729
 365	92	 5.4690	 0.9737	   1.4814	        1.4829	          0.0015	   1.6262	4.263e-03	   0.027	   261.342
 366	92	 5.4685	 0.9744	   1.4814	        1.4829	          0.0015	   1.6447	4.619e-03	   0.028	   261.942
 367	92	 5.4687	 0.9738	   1.4814	        1.4829	          0.0015	   1.5908	4.307e-03	   0.028	   262.533
 368	92	 5.4687	 0.9737	   1.4814	        1.4829	          0.0015	   1.6096	4.266e-03	   0.027	   263.103
 369	93	 5.4683	 0.9730	   1.4814	        1.4829	          0.0015	   1.5644	3.924e-03	   0.032	   263.709
 370	93	 5.4685	 0.9739	   1.4814	        1.4829	          0.0015	   1.6775	4.351e-03	   0.028	   264.302
 371	93	 5.4693	 0.9738	   1.4814	        1.4829	          0.0015	   1.6281	4.296e-03	   0.025	   264.887
 372	93	 5.4695	 0.9733	   1.4814	        1.4829	          0.0015	   1.5944	4.039e-03	   0.028	   265.462
 373	94	 5.4697	 0.9721	   1.4814	        1.4829	          0.0015	   1.5464	3.449e-03	   0.026	   266.032
 374	94	 5.4699	 0.9725	   1.4814	        1.4829	          0.0015	   1.6420	3.680e-03	   0.029	   266.616
 375	94	 5.4699	 0.9733	   1.4814	        1.4829	          0.0015	   1.6673	4.070e-03	   0.028	   267.224
 376	94	 5.4702	 0.9736	   1.4814	        1.4829	          0.0015	   1.6471	4.222e-03	   0.032	   267.820
 377	95	 5.4704	 0.9737	   1.4814	        1.4829	          0.0015	   1.6249	4.272e-03	   0.026	   268.407
 378	95	 5.4705	 0.9732	   1.4814	        1.4829	          0.0015	   1.5923	4.011e-03	   0.027	   269.011
 379	95	 5.4705	 0.9745	   1.4814	        1.4829	          0.0015	   1.6927	4.649e-03	   0.025	   269.595
 380	95	 5.4706	 0.9737	   1.4814	        1.4829	          0.0015	   1.5712	4.246e-03	   0.027	   270.179
 381	96	 5.4707	 0.9736	   1.4814	        1.4829	          0.0015	   1.6144	4.232e-03	   0.030	   270.766
 382	96	 5.4709	 0.9737	   1.4814	        1.4829	          0.0015	   1.6320	4.267e-03	   0.028	   271.333
 383	96	 5.4710	 0.9736	   1.4814	        1.4829	          0.0015	   1.6139	4.204e-03	   0.029	   271.899
 384	96	 5.4711	 0.9739	   1.4814	        1.4829	          0.0015	   1.6325	4.373e-03	   0.025	   272.473
 385	97	 5.4714	 0.9736	   1.4814	        1.4829	          0.0015	   1.6020	4.187e-03	   0.025	   273.044
 386	97	 5.4716	 0.9750	   1.4814	        1.4829	          0.0015	   1.7138	4.894e-03	   0.026	   273.616
 387	97	 5.4716	 0.9744	   1.4814	        1.4829	          0.0015	   1.5796	4.607e-03	   0.026	   274.187
 388	97	 5.4718	 0.9745	   1.4814	        1.4829	          0.0015	   1.6293	4.670e-03	   0.025	   274.761
 389	98	 5.4717	 0.9748	   1.4814	        1.4829	          0.0015	   1.6328	4.803e-03	   0.025	   275.332
 390	98	 5.4721	 0.9744	   1.4814	        1.4829	          0.0015	   1.6076	4.629e-03	   0.034	   275.930
 391	98	 5.4721	 0.9747	   1.4814	        1.4829	          0.0015	   1.6328	4.767e-03	   0.032	   276.540
 392	98	 5.4722	 0.9748	   1.4814	        1.4829	          0.0015	   1.6273	4.826e-03	   0.030	   277.172
 393	99	 5.4725	 0.9752	   1.4814	        1.4829	          0.0015	   1.6461	5.018e-03	   0.029	   277.780
 394	99	 5.4729	 0.9750	   1.4814	        1.4829	          0.0015	   1.6195	4.931e-03	   0.027	   278.381
 395	99	 5.4728	 0.9749	   1.4814	        1.4829	          0.0015	   1.6048	4.879e-03	   0.028	   278.978
 396	99	 5.4731	 0.9738	   1.4814	        1.4829	          0.0015	   1.5566	4.307e-03	   0.026	   279.550
 397	100	 5.4732	 0.9735	   1.4814	        1.4829	          0.0015	   1.6037	4.144e-03	   0.030	   280.157
 398	100	 5.4733	 0.9729	   1.4814	        1.4829	          0.0015	   1.5802	3.850e-03	   0.027	   280.728
 399	100	 5.4732	 0.9736	   1.4814	        1.4829	          0.0015	   1.6564	4.223e-03	   0.026	   281.298
 400	100	 5.4735	 0.9740	   1.4814	        1.4829	          0.0015	   1.6471	4.408e-03	   0.030	   281.875
 401	101	 5.4734	 0.9738	   1.4814	        1.4829	          0.0015	   1.6153	4.313e-03	   0.025	   282.439
 402	101	 5.4738	 0.9742	   1.4814	        1.4829	          0.0015	   1.6479	4.533e-03	   0.027	   283.015
 403	101	 5.4736	 0.9741	   1.4814	        1.4829	          0.0015	   1.5964	4.468e-03	   0.027	   283.587
 404	101	 5.4739	 0.9735	   1.4814	        1.4829	          0.0015	   1.5838	4.168e-03	   0.032	   284.163
 405	102	 5.4741	 0.9743	   1.4814	        1.4829	          0.0015	   1.6750	4.555e-03	   0.029	   284.752
 406	102	 5.4739	 0.9739	   1.4814	        1.4829	          0.0015	   1.5939	4.378e-03	   0.028	   285.351
 407	102	 5.4743	 0.9737	   1.4814	        1.4829	          0.0015	   1.6112	4.266e-03	   0.025	   285.936
 408	102	 5.4743	 0.9736	   1.4814	        1.4829	          0.0015	   1.6060	4.212e-03	   0.028	   286.516
 409	103	 5.4744	 0.9737	   1.4814	        1.4829	          0.0015	   1.6291	4.284e-03	   0.026	   287.100
 410	103	 5.4744	 0.9742	   1.4814	        1.4829	          0.0015	   1.6504	4.530e-03	   0.025	   287.674
 411	103	 5.4747	 0.9742	   1.4814	        1.4829	          0.0015	   1.6256	4.531e-03	   0.026	   288.243
 412	103	 5.4748	 0.9731	   1.4814	        1.4829	          0.0015	   1.5416	3.967e-03	   0.028	   288.819
 413	104	 5.4749	 0.9735	   1.4814	        1.4829	          0.0015	   1.6509	4.149e-03	   0.026	   289.386
 414	104	 5.4751	 0.9731	   1.4814	        1.4829	          0.0015	   1.5933	3.937e-03	   0.028	   289.958
 415	104	 5.4753	 0.9729	   1.4814	        1.4829	          0.0015	   1.6054	3.859e-03	   0.027	   290.528
 416	104	 5.4755	 0.9731	   1.4814	        1.4829	          0.0015	   1.6358	3.972e-03	   0.029	   291.101
 417	105	 5.4752	 0.9730	   1.4814	        1.4829	          0.0015	   1.5989	3.894e-03	   0.026	   291.670
 418	105	 5.4754	 0.9734	   1.4814	        1.4829	          0.0015	   1.6564	4.135e-03	   0.031	   292.269
 419	105	 5.4759	 0.9732	   1.4814	        1.4829	          0.0015	   1.6141	4.009e-03	   0.031	   292.877
 420	105	 5.4760	 0.9729	   1.4814	        1.4829	          0.0015	   1.6032	3.883e-03	   0.026	   293.509
 421	106	 5.4762	 0.9724	   1.4814	        1.4829	          0.0015	   1.5749	3.616e-03	   0.026	   294.118
 422	106	 5.4760	 0.9732	   1.4814	        1.4829	          0.0015	   1.6756	4.025e-03	   0.026	   294.719
 423	106	 5.4761	 0.9727	   1.4814	        1.4829	          0.0015	   1.5906	3.778e-03	   0.031	   295.335
 424	106	 5.4766	 0.9730	   1.4814	        1.4829	          0.0015	   1.6449	3.897e-03	   0.028	   295.965
 425	107	 5.4769	 0.9733	   1.4814	        1.4829	          0.0015	   1.6527	4.042e-03	   0.030	   296.598
 426	107	 5.4768	 0.9734	   1.4814	        1.4829	          0.0015	   1.6183	4.098e-03	   0.028	   297.214
 427	107	 5.4768	 0.9731	   1.4814	        1.4829	          0.0015	   1.5889	3.938e-03	   0.029	   297.833
 428	107	 5.4768	 0.9727	   1.4814	        1.4829	          0.0015	   1.5870	3.742e-03	   0.032	   298.468
 429	108	 5.4772	 0.9723	   1.4814	        1.4829	          0.0015	   1.6050	3.581e-03	   0.029	   299.066
 430	108	 5.4771	 0.9713	   1.4814	        1.4829	          0.0015	   1.5407	3.051e-03	   0.025	   299.653
 431	108	 5.4773	 0.9718	   1.4814	        1.4829	          0.0015	   1.6615	3.296e-03	   0.026	   300.226
 432	108	 5.4773	 0.9726	   1.4814	        1.4829	          0.0015	   1.6720	3.733e-03	   0.031	   300.796
 433	109	 5.4772	 0.9715	   1.4814	        1.4829	          0.0015	   1.5252	3.155e-03	   0.026	   301.392
 434	109	 5.4777	 0.9719	   1.4814	        1.4829	          0.0015	   1.6624	3.383e-03	   0.027	   301.988
 435	109	 5.4776	 0.9718	   1.4814	        1.4829	          0.0015	   1.6114	3.324e-03	   0.026	   302.582
 436	109	 5.4778	 0.9724	   1.4814	        1.4829	          0.0015	   1.6723	3.628e-03	   0.029	   303.154
 437	110	 5.4775	 0.9724	   1.4814	        1.4829	          0.0015	   1.6098	3.623e-03	   0.028	   303.743
 438	110	 5.4779	 0.9727	   1.4814	        1.4829	          0.0015	   1.6487	3.782e-03	   0.027	   304.314
 439	110	 5.4781	 0.9728	   1.4814	        1.4829	          0.0015	   1.6228	3.798e-03	   0.031	   304.882
 440	110	 5.4782	 0.9727	   1.4814	        1.4829	          0.0015	   1.6142	3.756e-03	   0.027	   305.456
 441	111	 5.4782	 0.9726	   1.4814	        1.4829	          0.0015	   1.5994	3.702e-03	   0.026	   306.029
 442	111	 5.4784	 0.9725	   1.4814	        1.4829	          0.0015	   1.6199	3.674e-03	   0.027	   306.604
 443	111	 5.4786	 0.9725	   1.4814	        1.4829	          0.0015	   1.6291	3.653e-03	   0.026	   307.172
 444	111	 5.4788	 0.9723	   1.4814	        1.4829	          0.0015	   1.6032	3.560e-03	   0.027	   307.742
 445	112	 5.4791	 0.9732	   1.4814	        1.4829	          0.0015	   1.6884	4.016e-03	   0.027	   308.312
 446	112	 5.4793	 0.9724	   1.4814	        1.4829	          0.0015	   1.5537	3.591e-03	   0.031	   308.906
 447	112	 5.4794	 0.9722	   1.4814	        1.4829	          0.0015	   1.6096	3.499e-03	   0.030	   309.506
 448	112	 5.4793	 0.9720	   1.4814	        1.4829	          0.0015	   1.6015	3.401e-03	   0.027	   310.145
 449	113	 5.4795	 0.9708	   1.4814	        1.4829	          0.0015	   1.5383	2.806e-03	   0.028	   310.757
 450	113	 5.4798	 0.9708	   1.4814	        1.4829	          0.0015	   1.6278	2.826e-03	   0.028	   311.363
 451	113	 5.4798	 0.9711	   1.4814	        1.4829	          0.0015	   1.6365	2.979e-03	   0.034	   311.979
 452	113	 5.4801	 0.9716	   1.4814	        1.4829	          0.0015	   1.6607	3.209e-03	   0.026	   312.569
 453	114	 5.4802	 0.9718	   1.4814	        1.4829	          0.0015	   1.6388	3.309e-03	   0.026	   313.136
 454	114	 5.4804	 0.9715	   1.4814	        1.4829	          0.0015	   1.6047	3.172e-03	   0.027	   313.711
 455	114	 5.4801	 0.9721	   1.4814	        1.4829	          0.0015	   1.6504	3.479e-03	   0.024	   314.281
 456	114	 5.4804	 0.9720	   1.4814	        1.4829	          0.0015	   1.6096	3.388e-03	   0.027	   314.857
 457	115	 5.4807	 0.9723	   1.4814	        1.4829	          0.0015	   1.6537	3.570e-03	   0.024	   315.426
 458	115	 5.4805	 0.9721	   1.4814	        1.4829	          0.0015	   1.5934	3.481e-03	   0.025	   315.993
 459	115	 5.4805	 0.9721	   1.4814	        1.4829	          0.0015	   1.6195	3.463e-03	   0.025	   316.465
 460	115	 5.4807	 0.9719	   1.4814	        1.4829	          0.0015	   1.6040	3.375e-03	   0.025	   316.957
 461	116	 5.4807	 0.9718	   1.4814	        1.4829	          0.0015	   1.6016	3.312e-03	   0.029	   317.460
 462	116	 5.4810	 0.9723	   1.4814	        1.4829	          0.0015	   1.6566	3.553e-03	   0.030	   317.956
 463	116	 5.4811	 0.9722	   1.4814	        1.4829	          0.0015	   1.6096	3.522e-03	   0.024	   318.405
 464	116	 5.4813	 0.9720	   1.4814	        1.4829	          0.0015	   1.6174	3.403e-03	   0.025	   318.852
 465	117	 5.4814	 0.9721	   1.4814	        1.4829	          0.0015	   1.6238	3.480e-03	   0.023	   319.319
 466	117	 5.4814	 0.9722	   1.4814	        1.4829	          0.0015	   1.6250	3.535e-03	   0.024	   319.766
 467	117	 5.4815	 0.9728	   1.4814	        1.4829	          0.0015	   1.6725	3.832e-03	   0.023	   320.208
 468	117	 5.4817	 0.9726	   1.4814	        1.4829	          0.0015	   1.5978	3.691e-03	   0.025	   320.655
 469	118	 5.4819	 0.9727	   1.4814	        1.4829	          0.0015	   1.6295	3.777e-03	   0.026	   321.102
 470	118	 5.4820	 0.9727	   1.4814	        1.4829	          0.0015	   1.6229	3.753e-03	   0.024	   321.545
 471	118	 5.4820	 0.9726	   1.4814	        1.4829	          0.0015	   1.6150	3.725e-03	   0.025	   321.993
 472	118	 5.4819	 0.9728	   1.4814	        1.4829	          0.0015	   1.6202	3.795e-03	   0.023	   322.436
 473	119	 5.4821	 0.9726	   1.4814	        1.4829	          0.0015	   1.6090	3.712e-03	   0.024	   322.883
 474	119	 5.4824	 0.9728	   1.4814	        1.4829	          0.0015	   1.6306	3.803e-03	   0.025	   323.344
 475	119	 5.4823	 0.9726	   1.4814	        1.4829	          0.0015	   1.6112	3.732e-03	   0.025	   323.847
 476	119	 5.4824	 0.9732	   1.4814	        1.4829	          0.0015	   1.6616	3.998e-03	   0.028	   324.359
 477	120	 5.4822	 0.9727	   1.4814	        1.4829	          0.0015	   1.5638	3.740e-03	   0.026	   324.826
 478	120	 5.4822	 0.9725	   1.4814	        1.4829	          0.0015	   1.6118	3.662e-03	   0.028	   325.328
 479	120	 5.4824	 0.9724	   1.4814	        1.4829	          0.0015	   1.6039	3.594e-03	   0.026	   325.816
 480	120	 5.4826	 0.9733	   1.4814	        1.4829	          0.0015	   1.6944	4.073e-03	   0.024	   326.290
 481	121	 5.4824	 0.9729	   1.4814	        1.4829	          0.0015	   1.5800	3.845e-03	   0.023	   326.733
 482	121	 5.4823	 0.9725	   1.4814	        1.4829	          0.0015	   1.5890	3.651e-03	   0.027	   327.218
 483	121	 5.4826	 0.9729	   1.4814	        1.4829	          0.0015	   1.6468	3.845e-03	   0.026	   327.697
 484	121	 5.4831	 0.9736	   1.4814	        1.4829	          0.0015	   1.6855	4.216e-03	   0.024	   328.140
 485	122	 5.4833	 0.9736	   1.4814	        1.4829	          0.0015	   1.6215	4.190e-03	   0.025	   328.588
 486	122	 5.4834	 0.9737	   1.4814	        1.4829	          0.0015	   1.6332	4.266e-03	   0.023	   329.031
 487	122	 5.4835	 0.9735	   1.4814	        1.4829	          0.0015	   1.6027	4.155e-03	   0.024	   329.478
 488	122	 5.4836	 0.9734	   1.4814	        1.4829	          0.0015	   1.6173	4.134e-03	   0.023	   329.921
 489	123	 5.4837	 0.9742	   1.4814	        1.4829	          0.0015	   1.6783	4.525e-03	   0.027	   330.403
 490	123	 5.4840	 0.9739	   1.4814	        1.4829	          0.0015	   1.6000	4.349e-03	   0.028	   330.865
 491	123	 5.4840	 0.9730	   1.4814	        1.4829	          0.0015	   1.5519	3.928e-03	   0.025	   331.324
 492	123	 5.4841	 0.9731	   1.4814	        1.4829	          0.0015	   1.6198	3.940e-03	   0.025	   331.772
 493	124	 5.4843	 0.9730	   1.4814	        1.4829	          0.0015	   1.6163	3.912e-03	   0.023	   332.238
 494	124	 5.4844	 0.9735	   1.4814	        1.4829	          0.0015	   1.6606	4.153e-03	   0.024	   332.685
 495	124	 5.4845	 0.9737	   1.4814	        1.4829	          0.0015	   1.6431	4.275e-03	   0.023	   333.128
 496	124	 5.4848	 0.9732	   1.4814	        1.4829	          0.0015	   1.5743	4.027e-03	   0.025	   333.575
 497	125	 5.4849	 0.9727	   1.4814	        1.4829	          0.0015	   1.5783	3.747e-03	   0.026	   334.022
 498	125	 5.4851	 0.9733	   1.4814	        1.4829	          0.0015	   1.6750	4.080e-03	   0.024	   334.465
 499	125	 5.4851	 0.9734	   1.4814	        1.4829	          0.0015	   1.6254	4.136e-03	   0.025	   334.913
 500	125	 5.4850	 0.9732	   1.4814	        1.4829	          0.0015	   1.6010	4.033e-03	   0.023	   335.356
 501	126	 5.4852	 0.9731	   1.4814	        1.4829	          0.0015	   1.6017	3.946e-03	   0.024	   335.803
 502	126	 5.4854	 0.9731	   1.4814	        1.4829	          0.0015	   1.6359	3.978e-03	   0.025	   336.261
 503	126	 5.4853	 0.9735	   1.4814	        1.4829	          0.0015	   1.6421	4.177e-03	   0.027	   336.763
 504	126	 5.4853	 0.9734	   1.4814	        1.4829	          0.0015	   1.6095	4.120e-03	   0.029	   337.275
 505	127	 5.4854	 0.9730	   1.4814	        1.4829	          0.0015	   1.5836	3.903e-03	   0.026	   337.741
 506	127	 5.4853	 0.9732	   1.4814	        1.4829	          0.0015	   1.6257	3.996e-03	   0.030	   338.247
 507	127	 5.4854	 0.9730	   1.4814	        1.4829	          0.0015	   1.6063	3.900e-03	   0.023	   338.716
 508	127	 5.4856	 0.9736	   1.4814	        1.4829	          0.0015	   1.6720	4.191e-03	   0.024	   339.178
 509	128	 5.4858	 0.9732	   1.4814	        1.4829	          0.0015	   1.5845	4.026e-03	   0.023	   339.620
 510	128	 5.4861	 0.9734	   1.4814	        1.4829	          0.0015	   1.6454	4.115e-03	   0.025	   340.068
 511	128	 5.4864	 0.9738	   1.4814	        1.4829	          0.0015	   1.6503	4.292e-03	   0.026	   340.514
 512	128	 5.4863	 0.9734	   1.4814	        1.4829	          0.0015	   1.5918	4.134e-03	   0.024	   340.957
 513	129	 5.4862	 0.9727	   1.4814	        1.4829	          0.0015	   1.5666	3.779e-03	   0.025	   341.405
 514	129	 5.4862	 0.9725	   1.4814	        1.4829	          0.0015	   1.5966	3.663e-03	   0.023	   341.849
 515	129	 5.4866	 0.9730	   1.4814	        1.4829	          0.0015	   1.6624	3.924e-03	   0.024	   342.296
 516	129	 5.4868	 0.9726	   1.4814	        1.4829	          0.0015	   1.5789	3.700e-03	   0.023	   342.739
 517	130	 5.4868	 0.9728	   1.4814	        1.4829	          0.0015	   1.6368	3.804e-03	   0.028	   343.215
 518	130	 5.4871	 0.9727	   1.4814	        1.4829	          0.0015	   1.6164	3.744e-03	   0.028	   343.679
 519	130	 5.4871	 0.9726	   1.4814	        1.4829	          0.0015	   1.6113	3.689e-03	   0.024	   344.142
 520	130	 5.4871	 0.9727	   1.4814	        1.4829	          0.0015	   1.6245	3.770e-03	   0.025	   344.590
 521	131	 5.4873	 0.9726	   1.4814	        1.4829	          0.0015	   1.6103	3.705e-03	   0.023	   345.055
 522	131	 5.4874	 0.9722	   1.4814	        1.4829	          0.0015	   1.5920	3.514e-03	   0.024	   345.502
 523	131	 5.4873	 0.9724	   1.4814	        1.4829	          0.0015	   1.6330	3.633e-03	   0.023	   345.945
 524	131	 5.4875	 0.9728	   1.4814	        1.4829	          0.0015	   1.6470	3.801e-03	   0.025	   346.392
 525	132	 5.4878	 0.9735	   1.4814	        1.4829	          0.0015	   1.6804	4.144e-03	   0.026	   346.839
 526	132	 5.4878	 0.9734	   1.4814	        1.4829	          0.0015	   1.6050	4.095e-03	   0.024	   347.282
 527	132	 5.4879	 0.9733	   1.4814	        1.4829	          0.0015	   1.6197	4.082e-03	   0.025	   347.730
 528	132	 5.4879	 0.9729	   1.4814	        1.4829	          0.0015	   1.5840	3.843e-03	   0.023	   348.173
 529	133	 5.4883	 0.9722	   1.4814	        1.4829	          0.0015	   1.5809	3.531e-03	   0.024	   348.620
 530	133	 5.4882	 0.9724	   1.4814	        1.4829	          0.0015	   1.6235	3.612e-03	   0.025	   349.073
 531	133	 5.4881	 0.9726	   1.4814	        1.4829	          0.0015	   1.6263	3.703e-03	   0.029	   349.599
 532	133	 5.4883	 0.9730	   1.4814	        1.4829	          0.0015	   1.6580	3.914e-03	   0.034	   350.161
 533	134	 5.4883	 0.9730	   1.4814	        1.4829	          0.0015	   1.6228	3.931e-03	   0.030	   350.705
 534	134	 5.4886	 0.9731	   1.4814	        1.4829	          0.0015	   1.6353	3.961e-03	   0.029	   351.231
 535	134	 5.4888	 0.9732	   1.4814	        1.4829	          0.0015	   1.6331	4.007e-03	   0.026	   351.740
 536	134	 5.4889	 0.9731	   1.4814	        1.4829	          0.0015	   1.6087	3.970e-03	   0.025	   352.236
 537	135	 5.4891	 0.9730	   1.4814	        1.4829	          0.0015	   1.6060	3.887e-03	   0.025	   352.701
 538	135	 5.4893	 0.9726	   1.4814	        1.4829	          0.0015	   1.5949	3.694e-03	   0.025	   353.153
 539	135	 5.4893	 0.9724	   1.4814	        1.4829	          0.0015	   1.6030	3.632e-03	   0.026	   353.600
 540	135	 5.4893	 0.9730	   1.4814	        1.4829	          0.0015	   1.6633	3.896e-03	   0.025	   354.043
 541	136	 5.4897	 0.9724	   1.4814	        1.4829	          0.0015	   1.5673	3.588e-03	   0.025	   354.491
 542	136	 5.4897	 0.9729	   1.4814	        1.4829	          0.0015	   1.6679	3.860e-03	   0.023	   354.935
 543	136	 5.4900	 0.9732	   1.4814	        1.4829	          0.0015	   1.6511	3.999e-03	   0.024	   355.382
 544	136	 5.4898	 0.9733	   1.4814	        1.4829	          0.0015	   1.6261	4.055e-03	   0.023	   355.825
 545	137	 5.4900	 0.9733	   1.4814	        1.4829	          0.0015	   1.6145	4.049e-03	   0.030	   356.295
 546	137	 5.4900	 0.9729	   1.4814	        1.4829	          0.0015	   1.5893	3.878e-03	   0.026	   356.763
 547	137	 5.4900	 0.9734	   1.4814	        1.4829	          0.0015	   1.6557	4.101e-03	   0.025	   357.227
 548	137	 5.4900	 0.9731	   1.4814	        1.4829	          0.0015	   1.5962	3.975e-03	   0.025	   357.676
 549	138	 5.4901	 0.9729	   1.4814	        1.4829	          0.0015	   1.6056	3.874e-03	   0.023	   358.141
 550	138	 5.4900	 0.9723	   1.4814	        1.4829	          0.0015	   1.5597	3.585e-03	   0.024	   358.588
 551	138	 5.4903	 0.9723	   1.4814	        1.4829	          0.0015	   1.6177	3.553e-03	   0.023	   359.031
 552	138	 5.4904	 0.9728	   1.4814	        1.4829	          0.0015	   1.6735	3.820e-03	   0.025	   359.478
 553	139	 5.4905	 0.9729	   1.4814	        1.4829	          0.0015	   1.6319	3.880e-03	   0.026	   359.925
 554	139	 5.4904	 0.9729	   1.4814	        1.4829	          0.0015	   1.6121	3.878e-03	   0.025	   360.368
 555	139	 5.4908	 0.9724	   1.4814	        1.4829	          0.0015	   1.5793	3.607e-03	   0.025	   360.816
 556	139	 5.4906	 0.9731	   1.4814	        1.4829	          0.0015	   1.6750	3.952e-03	   0.023	   361.260
 557	140	 5.4907	 0.9730	   1.4814	        1.4829	          0.0015	   1.6232	3.921e-03	   0.024	   361.707
 558	140	 5.4908	 0.9730	   1.4814	        1.4829	          0.0015	   1.6189	3.897e-03	   0.025	   362.156
 559	140	 5.4907	 0.9730	   1.4814	        1.4829	          0.0015	   1.6024	3.906e-03	   0.029	   362.659
 560	140	 5.4906	 0.9732	   1.4814	        1.4829	          0.0015	   1.6356	4.029e-03	   0.030	   363.179
 561	141	 5.4908	 0.9730	   1.4814	        1.4829	          0.0015	   1.5994	3.923e-03	   0.026	   363.676
 562	141	 5.4908	 0.9740	   1.4814	        1.4829	          0.0015	   1.7058	4.396e-03	   0.025	   364.124
 563	141	 5.4908	 0.9743	   1.4814	        1.4829	          0.0015	   1.6496	4.568e-03	   0.020	   364.559
 564	141	 5.4908	 0.9738	   1.4814	        1.4829	          0.0015	   1.5745	4.334e-03	   0.020	   364.991
 565	142	 5.4909	 0.9730	   1.4814	        1.4829	          0.0015	   1.5423	3.898e-03	   0.018	   365.401
 566	142	 5.4911	 0.9731	   1.4814	        1.4829	          0.0015	   1.6417	3.981e-03	   0.019	   365.818
 567	142	 5.4911	 0.9737	   1.4814	        1.4829	          0.0015	   1.6692	4.258e-03	   0.021	   366.234
 568	142	 5.4911	 0.9737	   1.4814	        1.4829	          0.0015	   1.6094	4.256e-03	   0.021	   366.647
 569	143	 5.4912	 0.9740	   1.4814	        1.4829	          0.0015	   1.6567	4.399e-03	   0.020	   367.064
 570	143	 5.4911	 0.9739	   1.4814	        1.4829	          0.0015	   1.6024	4.337e-03	   0.020	   367.479
 571	143	 5.4912	 0.9743	   1.4814	        1.4829	          0.0015	   1.6487	4.539e-03	   0.020	   367.896
 572	143	 5.4914	 0.9736	   1.4814	        1.4829	          0.0015	   1.5611	4.203e-03	   0.018	   368.305
 573	144	 5.4916	 0.9735	   1.4814	        1.4829	          0.0015	   1.6174	4.153e-03	   0.023	   368.750
 574	144	 5.4915	 0.9729	   1.4814	        1.4829	          0.0015	   1.5575	3.843e-03	   0.021	   369.183
 575	144	 5.4917	 0.9725	   1.4814	        1.4829	          0.0015	   1.5847	3.658e-03	   0.021	   369.618
 576	144	 5.4918	 0.9730	   1.4814	        1.4829	          0.0015	   1.6687	3.901e-03	   0.021	   370.034
 577	145	 5.4918	 0.9726	   1.4814	        1.4829	          0.0015	   1.5796	3.695e-03	   0.022	   370.471
 578	145	 5.4919	 0.9725	   1.4814	        1.4829	          0.0015	   1.6204	3.682e-03	   0.020	   370.889
 579	145	 5.4920	 0.9728	   1.4814	        1.4829	          0.0015	   1.6437	3.794e-03	   0.019	   371.298
 580	145	 5.4923	 0.9730	   1.4814	        1.4829	          0.0015	   1.6424	3.896e-03	   0.019	   371.715
 581	146	 5.4927	 0.9726	   1.4814	        1.4829	          0.0015	   1.5966	3.729e-03	   0.021	   372.131
 582	146	 5.4925	 0.9725	   1.4814	        1.4829	          0.0015	   1.6005	3.668e-03	   0.021	   372.544
 583	146	 5.4927	 0.9733	   1.4814	        1.4829	          0.0015	   1.6948	4.050e-03	   0.021	   372.961
 584	146	 5.4928	 0.9730	   1.4814	        1.4829	          0.0015	   1.5944	3.904e-03	   0.020	   373.377
 585	147	 5.4926	 0.9732	   1.4814	        1.4829	          0.0015	   1.6355	4.000e-03	   0.020	   373.793
 586	147	 5.4927	 0.9732	   1.4814	        1.4829	          0.0015	   1.6207	4.013e-03	   0.018	   374.203
 587	147	 5.4927	 0.9726	   1.4814	        1.4829	          0.0015	   1.5564	3.688e-03	   0.024	   374.716
 588	147	 5.4931	 0.9728	   1.4814	        1.4829	          0.0015	   1.6545	3.830e-03	   0.023	   375.216
 589	148	 5.4935	 0.9726	   1.4814	        1.4829	          0.0015	   1.6051	3.733e-03	   0.023	   375.693
 590	148	 5.4933	 0.9728	   1.4814	        1.4829	          0.0015	   1.6347	3.799e-03	   0.025	   376.172
 591	148	 5.4934	 0.9728	   1.4814	        1.4829	          0.0015	   1.6283	3.833e-03	   0.022	   376.623
 592	148	 5.4934	 0.9725	   1.4814	        1.4829	          0.0015	   1.5831	3.685e-03	   0.020	   377.057
 593	149	 5.4935	 0.9722	   1.4814	        1.4829	          0.0015	   1.5949	3.530e-03	   0.018	   377.466
 594	149	 5.4933	 0.9724	   1.4814	        1.4829	          0.0015	   1.6205	3.611e-03	   0.019	   377.883
 595	149	 5.4934	 0.9724	   1.4814	        1.4829	          0.0015	   1.6267	3.611e-03	   0.021	   378.299
 596	149	 5.4937	 0.9725	   1.4814	        1.4829	          0.0015	   1.6321	3.645e-03	   0.021	   378.712
 597	150	 5.4938	 0.9729	   1.4814	        1.4829	          0.0015	   1.6599	3.853e-03	   0.020	   379.129
 598	150	 5.4940	 0.9726	   1.4814	        1.4829	          0.0015	   1.5937	3.726e-03	   0.020	   379.545
 599	150	 5.4941	 0.9733	   1.4814	        1.4829	          0.0015	   1.6908	4.079e-03	   0.020	   379.961
 600	150	 5.4941	 0.9728	   1.4814	        1.4829	          0.0015	   1.5679	3.814e-03	   0.018	   380.371
 601	151	 5.4941	 0.9725	   1.4814	        1.4829	          0.0015	   1.5848	3.653e-03	   0.023	   380.807
 602	151	 5.4942	 0.9729	   1.4814	        1.4829	          0.0015	   1.6580	3.857e-03	   0.021	   381.248
 603	151	 5.4943	 0.9725	   1.4814	        1.4829	          0.0015	   1.5809	3.648e-03	   0.021	   381.683
 604	151	 5.4941	 0.9727	   1.4814	        1.4829	          0.0015	   1.6264	3.758e-03	   0.020	   382.100
 605	152	 5.4942	 0.9733	   1.4814	        1.4829	          0.0015	   1.6746	4.064e-03	   0.021	   382.532
 606	152	 5.4940	 0.9727	   1.4814	        1.4829	          0.0015	   1.5581	3.779e-03	   0.020	   382.954
 607	152	 5.4942	 0.9730	   1.4814	        1.4829	          0.0015	   1.6486	3.912e-03	   0.019	   383.364
 608	152	 5.4944	 0.9729	   1.4814	        1.4829	          0.0015	   1.6183	3.853e-03	   0.019	   383.782
 609	153	 5.4944	 0.9732	   1.4814	        1.4829	          0.0015	   1.6435	4.022e-03	   0.021	   384.197
 610	153	 5.4947	 0.9733	   1.4814	        1.4829	          0.0015	   1.6440	4.051e-03	   0.021	   384.610
 611	153	 5.4949	 0.9725	   1.4814	        1.4829	          0.0015	   1.5459	3.667e-03	   0.020	   385.027
 612	153	 5.4949	 0.9729	   1.4814	        1.4829	          0.0015	   1.6506	3.844e-03	   0.020	   385.443
 613	154	 5.4951	 0.9722	   1.4814	        1.4829	          0.0015	   1.5631	3.536e-03	   0.020	   385.859
 614	154	 5.4952	 0.9722	   1.4814	        1.4829	          0.0015	   1.6152	3.528e-03	   0.018	   386.269
 615	154	 5.4953	 0.9721	   1.4814	        1.4829	          0.0015	   1.6055	3.455e-03	   0.023	   386.776
 616	154	 5.4954	 0.9725	   1.4814	        1.4829	          0.0015	   1.6671	3.678e-03	   0.028	   387.259
 617	155	 5.4953	 0.9717	   1.4814	        1.4829	          0.0015	   1.5336	3.270e-03	   0.021	   387.702
 618	155	 5.4954	 0.9719	   1.4814	        1.4829	          0.0015	   1.6366	3.382e-03	   0.022	   388.135
 619	155	 5.4954	 0.9718	   1.4814	        1.4829	          0.0015	   1.6095	3.301e-03	   0.020	   388.582
 620	155	 5.4959	 0.9721	   1.4814	        1.4829	          0.0015	   1.6582	3.444e-03	   0.019	   389.020
 621	156	 5.4960	 0.9719	   1.4814	        1.4829	          0.0015	   1.5978	3.337e-03	   0.018	   389.430
 622	156	 5.4961	 0.9726	   1.4814	        1.4829	          0.0015	   1.6894	3.687e-03	   0.019	   389.847
 623	156	 5.4961	 0.9722	   1.4814	        1.4829	          0.0015	   1.5834	3.507e-03	   0.021	   390.262
 624	156	 5.4961	 0.9723	   1.4814	        1.4829	          0.0015	   1.6294	3.554e-03	   0.021	   390.676
 625	157	 5.4961	 0.9727	   1.4814	        1.4829	          0.0015	   1.6598	3.753e-03	   0.020	   391.092
 626	157	 5.4962	 0.9726	   1.4814	        1.4829	          0.0015	   1.6085	3.687e-03	   0.020	   391.508
 627	157	 5.4963	 0.9721	   1.4814	        1.4829	          0.0015	   1.5692	3.471e-03	   0.020	   391.924
 628	157	 5.4964	 0.9723	   1.4814	        1.4829	          0.0015	   1.6390	3.543e-03	   0.018	   392.334
 629	158	 5.4965	 0.9727	   1.4814	        1.4829	          0.0015	   1.6597	3.749e-03	   0.023	   392.762
 630	158	 5.4963	 0.9726	   1.4814	        1.4829	          0.0015	   1.5974	3.696e-03	   0.021	   393.211
 631	158	 5.4965	 0.9729	   1.4814	        1.4829	          0.0015	   1.6480	3.854e-03	   0.021	   393.646
 632	158	 5.4967	 0.9723	   1.4814	        1.4829	          0.0015	   1.5815	3.586e-03	   0.020	   394.062
 633	159	 5.4967	 0.9718	   1.4814	        1.4829	          0.0015	   1.5595	3.290e-03	   0.022	   394.490
 634	159	 5.4969	 0.9721	   1.4814	        1.4829	          0.0015	   1.6565	3.480e-03	   0.020	   394.917
 635	159	 5.4970	 0.9721	   1.4814	        1.4829	          0.0015	   1.6141	3.442e-03	   0.018	   395.327
 636	159	 5.4970	 0.9725	   1.4814	        1.4829	          0.0015	   1.6624	3.655e-03	   0.019	   395.744
 637	160	 5.4970	 0.9729	   1.4814	        1.4829	          0.0015	   1.6623	3.869e-03	   0.024	   396.190
 638	160	 5.4972	 0.9724	   1.4814	        1.4829	          0.0015	   1.5687	3.604e-03	   0.023	   396.645
 639	160	 5.4973	 0.9727	   1.4814	        1.4829	          0.0015	   1.6569	3.749e-03	   0.023	   397.103
 640	160	 5.4974	 0.9725	   1.4814	        1.4829	          0.0015	   1.6037	3.661e-03	   0.021	   397.550
 641	161	 5.4973	 0.9728	   1.4814	        1.4829	          0.0015	   1.6298	3.789e-03	   0.022	   397.998
 642	161	 5.4973	 0.9724	   1.4814	        1.4829	          0.0015	   1.5895	3.609e-03	   0.021	   398.470
 643	161	 5.4974	 0.9722	   1.4814	        1.4829	          0.0015	   1.5945	3.532e-03	   0.026	   399.001
 644	161	 5.4976	 0.9724	   1.4814	        1.4829	          0.0015	   1.6431	3.593e-03	   0.028	   399.495
 645	162	 5.4975	 0.9730	   1.4814	        1.4829	          0.0015	   1.6850	3.922e-03	   0.021	   399.964
 646	162	 5.4973	 0.9734	   1.4814	        1.4829	          0.0015	   1.6468	4.109e-03	   0.021	   400.396
 647	162	 5.4975	 0.9736	   1.4814	        1.4829	          0.0015	   1.6500	4.214e-03	   0.022	   400.844
 648	162	 5.4975	 0.9728	   1.4814	        1.4829	          0.0015	   1.5315	3.813e-03	   0.020	   401.283
 649	163	 5.4977	 0.9723	   1.4814	        1.4829	          0.0015	   1.5720	3.585e-03	   0.018	   401.693
 650	163	 5.4978	 0.9727	   1.4814	        1.4829	          0.0015	   1.6553	3.739e-03	   0.019	   402.110
 651	163	 5.4978	 0.9726	   1.4814	        1.4829	          0.0015	   1.6065	3.700e-03	   0.022	   402.525
 652	163	 5.4979	 0.9727	   1.4814	        1.4829	          0.0015	   1.6348	3.745e-03	   0.021	   402.938
 653	164	 5.4981	 0.9725	   1.4814	        1.4829	          0.0015	   1.6111	3.675e-03	   0.020	   403.355
 654	164	 5.4981	 0.9726	   1.4814	        1.4829	          0.0015	   1.6231	3.696e-03	   0.020	   403.771
 655	164	 5.4982	 0.9723	   1.4814	        1.4829	          0.0015	   1.5850	3.551e-03	   0.020	   404.187
 656	164	 5.4984	 0.9726	   1.4814	        1.4829	          0.0015	   1.6579	3.696e-03	   0.018	   404.597
 657	165	 5.4985	 0.9729	   1.4814	        1.4829	          0.0015	   1.6545	3.865e-03	   0.021	   405.016
 658	165	 5.4986	 0.9730	   1.4814	        1.4829	          0.0015	   1.6317	3.897e-03	   0.021	   405.474
 659	165	 5.4986	 0.9725	   1.4814	        1.4829	          0.0015	   1.5654	3.640e-03	   0.023	   405.907
 660	165	 5.4988	 0.9726	   1.4814	        1.4829	          0.0015	   1.6345	3.702e-03	   0.021	   406.326
 661	166	 5.4988	 0.9722	   1.4814	        1.4829	          0.0015	   1.5834	3.511e-03	   0.022	   406.750
 662	166	 5.4992	 0.9720	   1.4814	        1.4829	          0.0015	   1.6089	3.399e-03	   0.020	   407.180
 663	166	 5.4990	 0.9719	   1.4814	        1.4829	          0.0015	   1.6014	3.340e-03	   0.019	   407.590
 664	166	 5.4991	 0.9723	   1.4814	        1.4829	          0.0015	   1.6663	3.574e-03	   0.019	   408.007
 665	167	 5.4993	 0.9723	   1.4814	        1.4829	          0.0015	   1.6147	3.561e-03	   0.021	   408.422
 666	167	 5.4994	 0.9725	   1.4814	        1.4829	          0.0015	   1.6505	3.678e-03	   0.021	   408.836
 667	167	 5.4998	 0.9723	   1.4814	        1.4829	          0.0015	   1.6041	3.556e-03	   0.021	   409.252
 668	167	 5.4996	 0.9722	   1.4814	        1.4829	          0.0015	   1.6045	3.510e-03	   0.020	   409.668
 669	168	 5.4997	 0.9717	   1.4814	        1.4829	          0.0015	   1.5638	3.238e-03	   0.022	   410.097
 670	168	 5.4997	 0.9720	   1.4814	        1.4829	          0.0015	   1.6520	3.429e-03	   0.019	   410.532
 671	168	 5.4996	 0.9723	   1.4814	        1.4829	          0.0015	   1.6415	3.557e-03	   0.022	   410.996
 672	168	 5.4998	 0.9721	   1.4814	        1.4829	          0.0015	   1.6036	3.465e-03	   0.027	   411.460
 673	169	 5.4996	 0.9723	   1.4814	        1.4829	          0.0015	   1.6317	3.565e-03	   0.023	   411.925
 674	169	 5.4998	 0.9725	   1.4814	        1.4829	          0.0015	   1.6404	3.655e-03	   0.021	   412.359
 675	169	 5.5000	 0.9721	   1.4814	        1.4829	          0.0015	   1.5834	3.473e-03	   0.020	   412.802
 676	169	 5.5000	 0.9720	   1.4814	        1.4829	          0.0015	   1.6023	3.391e-03	   0.022	   413.242
 677	170	 5.5000	 0.9726	   1.4814	        1.4829	          0.0015	   1.6839	3.715e-03	   0.018	   413.655
 678	170	 5.4999	 0.9727	   1.4814	        1.4829	          0.0015	   1.6295	3.779e-03	   0.019	   414.072
 679	170	 5.5000	 0.9728	   1.4814	        1.4829	          0.0015	   1.6219	3.792e-03	   0.022	   414.488
 680	170	 5.5003	 0.9722	   1.4814	        1.4829	          0.0015	   1.5612	3.493e-03	   0.021	   414.901
 681	171	 5.5005	 0.9726	   1.4814	        1.4829	          0.0015	   1.6714	3.693e-03	   0.020	   415.318
 682	171	 5.5005	 0.9724	   1.4814	        1.4829	          0.0015	   1.6016	3.635e-03	   0.020	   415.734
 683	171	 5.5005	 0.9722	   1.4814	        1.4829	          0.0015	   1.5939	3.534e-03	   0.020	   416.150
 684	171	 5.5007	 0.9720	   1.4814	        1.4829	          0.0015	   1.5984	3.401e-03	   0.019	   416.560
 685	172	 5.5007	 0.9723	   1.4814	        1.4829	          0.0015	   1.6524	3.560e-03	   0.019	   416.977
 686	172	 5.5009	 0.9724	   1.4814	        1.4829	          0.0015	   1.6303	3.619e-03	   0.022	   417.437
 687	172	 5.5007	 0.9728	   1.4814	        1.4829	          0.0015	   1.6630	3.821e-03	   0.023	   417.867
 688	172	 5.5011	 0.9719	   1.4814	        1.4829	          0.0015	   1.5271	3.369e-03	   0.021	   418.289
 689	173	 5.5011	 0.9722	   1.4814	        1.4829	          0.0015	   1.6507	3.526e-03	   0.022	   418.709
 690	173	 5.5012	 0.9720	   1.4814	        1.4829	          0.0015	   1.5997	3.415e-03	   0.020	   419.144
 691	173	 5.5014	 0.9717	   1.4814	        1.4829	          0.0015	   1.5938	3.265e-03	   0.019	   419.553
 692	173	 5.5013	 0.9718	   1.4814	        1.4829	          0.0015	   1.6140	3.292e-03	   0.019	   419.971
 693	174	 5.5014	 0.9717	   1.4814	        1.4829	          0.0015	   1.6216	3.267e-03	   0.022	   420.386
 694	174	 5.5014	 0.9716	   1.4814	        1.4829	          0.0015	   1.6020	3.198e-03	   0.021	   420.799
 695	174	 5.5014	 0.9714	   1.4814	        1.4829	          0.0015	   1.5938	3.102e-03	   0.021	   421.216
 696	174	 5.5014	 0.9720	   1.4814	        1.4829	          0.0015	   1.6755	3.386e-03	   0.024	   421.677
 697	175	 5.5016	 0.9717	   1.4814	        1.4829	          0.0015	   1.6021	3.284e-03	   0.022	   422.160
 698	175	 5.5015	 0.9721	   1.4814	        1.4829	          0.0015	   1.6528	3.468e-03	   0.019	   422.598
 699	175	 5.5017	 0.9719	   1.4814	        1.4829	          0.0015	   1.5979	3.354e-03	   0.023	   423.056
 700	175	 5.5018	 0.9719	   1.4814	        1.4829	          0.0015	   1.6202	3.347e-03	   0.024	   423.513
 701	176	 5.5017	 0.9717	   1.4814	        1.4829	          0.0015	   1.5886	3.249e-03	   0.021	   423.987
 702	176	 5.5018	 0.9719	   1.4814	        1.4829	          0.0015	   1.6490	3.371e-03	   0.020	   424.425
 703	176	 5.5018	 0.9715	   1.4814	        1.4829	          0.0015	   1.5802	3.178e-03	   0.022	   424.867
 704	176	 5.5019	 0.9717	   1.4814	        1.4829	          0.0015	   1.6418	3.273e-03	   0.022	   425.304
 705	177	 5.5021	 0.9719	   1.4814	        1.4829	          0.0015	   1.6423	3.348e-03	   0.018	   425.721
 706	177	 5.5023	 0.9712	   1.4814	        1.4829	          0.0015	   1.5522	3.027e-03	   0.019	   426.139
 707	177	 5.5021	 0.9714	   1.4814	        1.4829	          0.0015	   1.6221	3.109e-03	   0.021	   426.554
 708	177	 5.5021	 0.9716	   1.4814	        1.4829	          0.0015	   1.6414	3.217e-03	   0.020	   426.967
 709	178	 5.5022	 0.9714	   1.4814	        1.4829	          0.0015	   1.5948	3.104e-03	   0.020	   427.384
 710	178	 5.5022	 0.9713	   1.4814	        1.4829	          0.0015	   1.6090	3.054e-03	   0.019	   427.800
 711	178	 5.5025	 0.9717	   1.4814	        1.4829	          0.0015	   1.6712	3.236e-03	   0.020	   428.216
 712	178	 5.5024	 0.9716	   1.4814	        1.4829	          0.0015	   1.6071	3.220e-03	   0.018	   428.626
 713	179	 5.5026	 0.9711	   1.4814	        1.4829	          0.0015	   1.5642	2.957e-03	   0.019	   429.044
 714	179	 5.5025	 0.9712	   1.4814	        1.4829	          0.0015	   1.6293	3.020e-03	   0.021	   429.503
 715	179	 5.5025	 0.9711	   1.4814	        1.4829	          0.0015	   1.6074	2.970e-03	   0.023	   429.929
 716	179	 5.5027	 0.9717	   1.4814	        1.4829	          0.0015	   1.6789	3.235e-03	   0.020	   430.355
 717	180	 5.5028	 0.9714	   1.4814	        1.4829	          0.0015	   1.5991	3.125e-03	   0.019	   430.771
 718	180	 5.5029	 0.9714	   1.4814	        1.4829	          0.0015	   1.6102	3.085e-03	   0.020	   431.209
 719	180	 5.5030	 0.9711	   1.4814	        1.4829	          0.0015	   1.6044	2.981e-03	   0.019	   431.619
 720	180	 5.5030	 0.9717	   1.4814	        1.4829	          0.0015	   1.6805	3.267e-03	   0.019	   432.036
 721	181	 5.5031	 0.9722	   1.4814	        1.4829	          0.0015	   1.6721	3.506e-03	   0.021	   432.452
 722	181	 5.5032	 0.9724	   1.4814	        1.4829	          0.0015	   1.6450	3.626e-03	   0.021	   432.865
 723	181	 5.5033	 0.9721	   1.4814	        1.4829	          0.0015	   1.5768	3.452e-03	   0.021	   433.282
 724	181	 5.5034	 0.9718	   1.4814	        1.4829	          0.0015	   1.5903	3.289e-03	   0.021	   433.730
 725	182	 5.5036	 0.9719	   1.4814	        1.4829	          0.0015	   1.6427	3.368e-03	   0.020	   434.152
 726	182	 5.5037	 0.9711	   1.4814	        1.4829	          0.0015	   1.5249	2.972e-03	   0.019	   434.562
 727	182	 5.5038	 0.9718	   1.4814	        1.4829	          0.0015	   1.6917	3.287e-03	   0.019	   435.012
 728	182	 5.5038	 0.9714	   1.4814	        1.4829	          0.0015	   1.5784	3.123e-03	   0.021	   435.474
 729	183	 5.5039	 0.9715	   1.4814	        1.4829	          0.0015	   1.6319	3.162e-03	   0.023	   435.949
 730	183	 5.5041	 0.9715	   1.4814	        1.4829	          0.0015	   1.6165	3.138e-03	   0.021	   436.388
 731	183	 5.5041	 0.9716	   1.4814	        1.4829	          0.0015	   1.6341	3.213e-03	   0.020	   436.826
 732	183	 5.5042	 0.9715	   1.4814	        1.4829	          0.0015	   1.5990	3.147e-03	   0.022	   437.264
 733	184	 5.5043	 0.9714	   1.4814	        1.4829	          0.0015	   1.6043	3.104e-03	   0.018	   437.684
 734	184	 5.5045	 0.9717	   1.4814	        1.4829	          0.0015	   1.6645	3.252e-03	   0.019	   438.101
 735	184	 5.5044	 0.9717	   1.4814	        1.4829	          0.0015	   1.6065	3.248e-03	   0.021	   438.517
 736	184	 5.5044	 0.9717	   1.4814	        1.4829	          0.0015	   1.6255	3.257e-03	   0.021	   438.930
 737	185	 5.5046	 0.9723	   1.4814	        1.4829	          0.0015	   1.7024	3.571e-03	   0.020	   439.347
 738	185	 5.5047	 0.9727	   1.4814	        1.4829	          0.0015	   1.6648	3.751e-03	   0.020	   439.763
 739	185	 5.5047	 0.9725	   1.4814	        1.4829	          0.0015	   1.5994	3.672e-03	   0.020	   440.179
 740	185	 5.5048	 0.9718	   1.4814	        1.4829	          0.0015	   1.5411	3.333e-03	   0.018	   440.589
 741	186	 5.5048	 0.9719	   1.4814	        1.4829	          0.0015	   1.6263	3.361e-03	   0.019	   441.006
 742	186	 5.5050	 0.9718	   1.4814	        1.4829	          0.0015	   1.6106	3.310e-03	   0.022	   441.466
 743	186	 5.5049	 0.9713	   1.4814	        1.4829	          0.0015	   1.5605	3.082e-03	   0.023	   441.887
 744	186	 5.5050	 0.9716	   1.4814	        1.4829	          0.0015	   1.6563	3.231e-03	   0.023	   442.345
 745	187	 5.5050	 0.9717	   1.4814	        1.4829	          0.0015	   1.6316	3.263e-03	   0.022	   442.802
 746	187	 5.5051	 0.9719	   1.4814	        1.4829	          0.0015	   1.6419	3.347e-03	   0.022	   443.281
 747	187	 5.5052	 0.9720	   1.4814	        1.4829	          0.0015	   1.6376	3.419e-03	   0.019	   443.716
 748	187	 5.5052	 0.9719	   1.4814	        1.4829	          0.0015	   1.5963	3.368e-03	   0.019	   444.133
 749	188	 5.5054	 0.9715	   1.4814	        1.4829	          0.0015	   1.5753	3.157e-03	   0.024	   444.565
 750	188	 5.5053	 0.9720	   1.4814	        1.4829	          0.0015	   1.6737	3.410e-03	   0.025	   445.030
 751	188	 5.5053	 0.9713	   1.4814	        1.4829	          0.0015	   1.5261	3.035e-03	   0.021	   445.509
 752	188	 5.5054	 0.9716	   1.4814	        1.4829	          0.0015	   1.6586	3.193e-03	   0.022	   445.964
 753	189	 5.5057	 0.9715	   1.4814	        1.4829	          0.0015	   1.6153	3.148e-03	   0.020	   446.383
 754	189	 5.5057	 0.9715	   1.4814	        1.4829	          0.0015	   1.6277	3.135e-03	   0.019	   446.793
 755	189	 5.5057	 0.9719	   1.4814	        1.4829	          0.0015	   1.6620	3.339e-03	   0.023	   447.239
 756	189	 5.5057	 0.9714	   1.4814	        1.4829	          0.0015	   1.5505	3.121e-03	   0.021	   447.705
 757	190	 5.5057	 0.9716	   1.4814	        1.4829	          0.0015	   1.6336	3.200e-03	   0.021	   448.176
 758	190	 5.5059	 0.9716	   1.4814	        1.4829	          0.0015	   1.6248	3.193e-03	   0.022	   448.616
 759	190	 5.5058	 0.9717	   1.4814	        1.4829	          0.0015	   1.6233	3.237e-03	   0.022	   449.055
 760	190	 5.5059	 0.9714	   1.4814	        1.4829	          0.0015	   1.5962	3.129e-03	   0.020	   449.491
 761	191	 5.5059	 0.9715	   1.4814	        1.4829	          0.0015	   1.6323	3.184e-03	   0.018	   449.916
 762	191	 5.5060	 0.9717	   1.4814	        1.4829	          0.0015	   1.6385	3.246e-03	   0.019	   450.333
 763	191	 5.5060	 0.9720	   1.4814	        1.4829	          0.0015	   1.6557	3.399e-03	   0.021	   450.749
 764	191	 5.5061	 0.9716	   1.4814	        1.4829	          0.0015	   1.5773	3.229e-03	   0.021	   451.162
 765	192	 5.5063	 0.9716	   1.4814	        1.4829	          0.0015	   1.6104	3.209e-03	   0.020	   451.579
 766	192	 5.5064	 0.9713	   1.4814	        1.4829	          0.0015	   1.5980	3.070e-03	   0.020	   451.995
 767	192	 5.5063	 0.9714	   1.4814	        1.4829	          0.0015	   1.6190	3.112e-03	   0.020	   452.411
 768	192	 5.5065	 0.9717	   1.4814	        1.4829	          0.0015	   1.6614	3.250e-03	   0.018	   452.821
 769	193	 5.5068	 0.9717	   1.4814	        1.4829	          0.0015	   1.6256	3.256e-03	   0.019	   453.238
 770	193	 5.5068	 0.9720	   1.4814	        1.4829	          0.0015	   1.6559	3.432e-03	   0.022	   453.698
 771	193	 5.5070	 0.9720	   1.4814	        1.4829	          0.0015	   1.6286	3.431e-03	   0.023	   454.115
 772	193	 5.5068	 0.9717	   1.4814	        1.4829	          0.0015	   1.5787	3.280e-03	   0.021	   454.550
 773	194	 5.5070	 0.9715	   1.4814	        1.4829	          0.0015	   1.6001	3.158e-03	   0.020	   454.965
 774	194	 5.5071	 0.9717	   1.4814	        1.4829	          0.0015	   1.6474	3.274e-03	   0.020	   455.404
 775	194	 5.5070	 0.9718	   1.4814	        1.4829	          0.0015	   1.6313	3.331e-03	   0.019	   455.814
 776	194	 5.5071	 0.9718	   1.4814	        1.4829	          0.0015	   1.6101	3.319e-03	   0.019	   456.231
 777	195	 5.5072	 0.9717	   1.4814	        1.4829	          0.0015	   1.6031	3.260e-03	   0.022	   456.647
 778	195	 5.5073	 0.9719	   1.4814	        1.4829	          0.0015	   1.6380	3.345e-03	   0.023	   457.072
 779	195	 5.5073	 0.9723	   1.4814	        1.4829	          0.0015	   1.6777	3.548e-03	   0.021	   457.515
 780	195	 5.5073	 0.9720	   1.4814	        1.4829	          0.0015	   1.5802	3.411e-03	   0.020	   457.930
 781	196	 5.5073	 0.9720	   1.4814	        1.4829	          0.0015	   1.6150	3.408e-03	   0.020	   458.347
 782	196	 5.5073	 0.9722	   1.4814	        1.4829	          0.0015	   1.6426	3.496e-03	   0.019	   458.757
 783	196	 5.5075	 0.9719	   1.4814	        1.4829	          0.0015	   1.5953	3.383e-03	   0.023	   459.195
 784	196	 5.5076	 0.9719	   1.4814	        1.4829	          0.0015	   1.6104	3.348e-03	   0.022	   459.668
 785	197	 5.5076	 0.9717	   1.4814	        1.4829	          0.0015	   1.6000	3.276e-03	   0.023	   460.139
 786	197	 5.5077	 0.9718	   1.4814	        1.4829	          0.0015	   1.6210	3.286e-03	   0.023	   460.576
 787	197	 5.5078	 0.9722	   1.4814	        1.4829	          0.0015	   1.6727	3.494e-03	   0.020	   461.015
 788	197	 5.5079	 0.9718	   1.4814	        1.4829	          0.0015	   1.5787	3.333e-03	   0.020	   461.456
 789	198	 5.5079	 0.9724	   1.4814	        1.4829	          0.0015	   1.6900	3.624e-03	   0.018	   461.880
 790	198	 5.5080	 0.9719	   1.4814	        1.4829	          0.0015	   1.5567	3.374e-03	   0.019	   462.297
 791	198	 5.5080	 0.9718	   1.4814	        1.4829	          0.0015	   1.5948	3.305e-03	   0.021	   462.713
 792	198	 5.5081	 0.9718	   1.4814	        1.4829	          0.0015	   1.6364	3.333e-03	   0.020	   463.126
 793	199	 5.5081	 0.9720	   1.4814	        1.4829	          0.0015	   1.6433	3.409e-03	   0.020	   463.543
 794	199	 5.5082	 0.9719	   1.4814	        1.4829	          0.0015	   1.6030	3.350e-03	   0.020	   463.959
 795	199	 5.5082	 0.9721	   1.4814	        1.4829	          0.0015	   1.6346	3.452e-03	   0.020	   464.375
 796	199	 5.5083	 0.9720	   1.4814	        1.4829	          0.0015	   1.6115	3.405e-03	   0.018	   464.785
 797	200	 5.5083	 0.9720	   1.4814	        1.4829	          0.0015	   1.6260	3.411e-03	   0.019	   465.202
 798	200	 5.5083	 0.9716	   1.4814	        1.4829	          0.0015	   1.5576	3.191e-03	   0.026	   465.659
 799	200	 5.5084	 0.9714	   1.4814	        1.4829	          0.0015	   1.5896	3.112e-03	   0.021	   466.075
 800	200	 5.5085	 0.9717	   1.4814	        1.4829	          0.0015	   1.6588	3.252e-03	   0.018	   466.490

[BSGD] Finished on device cuda -> σ_f² ≈ 5.5085, σ_ε² ≈ 0.9717
