[GPU 7][JOB 160] 'python cli.py bsgd --n 1024 --lengthscale 0.5 --sigma-f2-true 4.0 --sigma-eps2-true 1.0 --n-epochs 200 --device auto --kernel-mode finite --theta-min 1e-4 --theta-max 20.0 --print-every 1 --seed 9 --batch-size 256 --sigma-f2-init 5.0 --sigma-eps2-init 3.0 --alpha1 6.0 '

=== BSGD (biased SGD on exact kernel) ===
iter	epoch	σ_f²	σ_ε²	real_nlml	real_nlml_true	real_nlml_abs_err	mini_nlml	||grad||	duration_s	wall_time_s
   1	 1	 4.8489	 2.4192	   1.6480	        1.5186	          0.1295	   1.7502	1.129e-01	   0.271	     0.382
   2	 1	 4.7104	 2.0893	   1.6103	        1.5186	          0.0918	   1.6970	1.149e-01	   0.030	     1.410
   3	 1	 4.6713	 1.8835	   1.5868	        1.5186	          0.0682	   1.7049	1.135e-01	   0.034	     2.053
   4	 1	 4.7145	 1.7415	   1.5709	        1.5186	          0.0523	   1.7180	1.102e-01	   0.038	     2.711
   5	 2	 4.7160	 1.5839	   1.5540	        1.5186	          0.0354	   1.6182	1.030e-01	   0.033	     3.348
   6	 2	 4.7107	 1.5005	   1.5457	        1.5186	          0.0271	   1.6783	9.693e-02	   0.034	     3.995
   7	 2	 4.7000	 1.4268	   1.5388	        1.5186	          0.0202	   1.6651	8.980e-02	   0.034	     4.670
   8	 2	 4.6803	 1.3855	   1.5352	        1.5186	          0.0166	   1.6926	8.488e-02	   0.033	     5.354
   9	 3	 4.6907	 1.3292	   1.5306	        1.5186	          0.0120	   1.6448	7.690e-02	   0.026	     6.039
  10	 3	 4.6843	 1.2904	   1.5277	        1.5186	          0.0092	   1.6578	7.040e-02	   0.040	     6.750
  11	 3	 4.6895	 1.2711	   1.5264	        1.5186	          0.0078	   1.6882	6.681e-02	   0.038	     7.431
  12	 3	 4.6805	 1.2270	   1.5237	        1.5186	          0.0051	   1.6097	5.761e-02	   0.038	     8.146
  13	 4	 4.6711	 1.2009	   1.5222	        1.5186	          0.0037	   1.6386	5.144e-02	   0.038	     8.875
  14	 4	 4.6645	 1.1609	   1.5204	        1.5186	          0.0018	   1.5795	4.080e-02	   0.045	     9.621
  15	 4	 4.6738	 1.1616	   1.5204	        1.5186	          0.0018	   1.6963	4.100e-02	   0.038	    10.343
  16	 4	 4.6730	 1.1425	   1.5197	        1.5186	          0.0011	   1.6263	3.536e-02	   0.029	    11.057
  17	 5	 4.6675	 1.1261	   1.5192	        1.5186	          0.0006	   1.6266	3.018e-02	   0.042	    11.779
  18	 5	 4.6652	 1.1186	   1.5189	        1.5186	          0.0003	   1.6486	2.768e-02	   0.037	    12.491
  19	 5	 4.6687	 1.1133	   1.5188	        1.5186	          0.0002	   1.6560	2.589e-02	   0.036	    13.204
  20	 5	 4.6669	 1.1022	   1.5185	        1.5186	          0.0001	   1.6213	2.205e-02	   0.032	    13.914
  21	 6	 4.6707	 1.0956	   1.5184	        1.5186	          0.0002	   1.6417	1.966e-02	   0.042	    14.640
  22	 6	 4.6736	 1.0899	   1.5183	        1.5186	          0.0003	   1.6437	1.757e-02	   0.034	    15.349
  23	 6	 4.6719	 1.0905	   1.5183	        1.5186	          0.0003	   1.6667	1.778e-02	   0.031	    16.074
  24	 6	 4.6701	 1.0892	   1.5183	        1.5186	          0.0003	   1.6457	1.732e-02	   0.037	    16.793
  25	 7	 4.6644	 1.0819	   1.5182	        1.5186	          0.0004	   1.6191	1.455e-02	   0.033	    17.510
  26	 7	 4.6634	 1.0764	   1.5181	        1.5186	          0.0005	   1.6285	1.241e-02	   0.036	    18.230
  27	 7	 4.6629	 1.0717	   1.5180	        1.5186	          0.0006	   1.6352	1.055e-02	   0.040	    18.970
  28	 7	 4.6631	 1.0811	   1.5181	        1.5186	          0.0004	   1.6973	1.422e-02	   0.040	    19.766
  29	 8	 4.6613	 1.0761	   1.5181	        1.5186	          0.0005	   1.6186	1.231e-02	   0.035	    20.533
  30	 8	 4.6561	 1.0705	   1.5180	        1.5186	          0.0006	   1.6214	1.006e-02	   0.028	    21.263
  31	 8	 4.6564	 1.0725	   1.5180	        1.5186	          0.0006	   1.6644	1.087e-02	   0.037	    22.003
  32	 8	 4.6560	 1.0790	   1.5181	        1.5186	          0.0005	   1.6885	1.341e-02	   0.031	    22.720
  33	 9	 4.6592	 1.0741	   1.5181	        1.5186	          0.0005	   1.6340	1.151e-02	   0.035	    23.443
  34	 9	 4.6573	 1.0680	   1.5180	        1.5186	          0.0006	   1.6125	9.079e-03	   0.034	    24.153
  35	 9	 4.6571	 1.0675	   1.5180	        1.5186	          0.0006	   1.6517	8.855e-03	   0.042	    24.875
  36	 9	 4.6572	 1.0696	   1.5180	        1.5186	          0.0006	   1.6615	9.716e-03	   0.032	    25.599
  37	10	 4.6562	 1.0594	   1.5179	        1.5186	          0.0007	   1.5815	5.536e-03	   0.028	    26.336
  38	10	 4.6612	 1.0610	   1.5179	        1.5186	          0.0007	   1.6700	6.202e-03	   0.038	    27.069
  39	10	 4.6551	 1.0564	   1.5179	        1.5186	          0.0007	   1.5991	4.266e-03	   0.033	    27.782
  40	10	 4.6582	 1.0541	   1.5179	        1.5186	          0.0007	   1.6387	3.289e-03	   0.034	    28.506
  41	11	 4.6573	 1.0536	   1.5179	        1.5186	          0.0007	   1.6450	3.099e-03	   0.034	    29.218
  42	11	 4.6570	 1.0494	   1.5179	        1.5186	          0.0007	   1.6147	1.265e-03	   0.042	    29.965
  43	11	 4.6558	 1.0444	   1.5179	        1.5186	          0.0007	   1.6013	9.134e-04	   0.028	    30.693
  44	11	 4.6578	 1.0465	   1.5179	        1.5186	          0.0007	   1.6569	4.151e-05	   0.031	    31.414
  45	12	 4.6573	 1.0475	   1.5179	        1.5186	          0.0007	   1.6479	4.323e-04	   0.036	    32.145
  46	12	 4.6566	 1.0460	   1.5179	        1.5186	          0.0007	   1.6320	2.177e-04	   0.034	    32.859
  47	12	 4.6562	 1.0507	   1.5179	        1.5186	          0.0007	   1.6839	1.838e-03	   0.034	    33.578
  48	12	 4.6544	 1.0502	   1.5179	        1.5186	          0.0007	   1.6280	1.637e-03	   0.033	    34.292
  49	13	 4.6546	 1.0446	   1.5179	        1.5186	          0.0007	   1.5929	8.378e-04	   0.039	    35.012
  50	13	 4.6552	 1.0402	   1.5179	        1.5186	          0.0007	   1.6045	2.789e-03	   0.030	    35.727
  51	13	 4.6537	 1.0410	   1.5179	        1.5186	          0.0007	   1.6438	2.406e-03	   0.031	    36.457
  52	13	 4.6549	 1.0466	   1.5179	        1.5186	          0.0007	   1.6948	7.350e-05	   0.041	    37.254
  53	14	 4.6554	 1.0405	   1.5179	        1.5186	          0.0007	   1.5802	2.665e-03	   0.034	    38.023
  54	14	 4.6545	 1.0407	   1.5179	        1.5186	          0.0007	   1.6404	2.566e-03	   0.035	    38.748
  55	14	 4.6531	 1.0441	   1.5179	        1.5186	          0.0007	   1.6744	1.064e-03	   0.035	    39.509
  56	14	 4.6528	 1.0447	   1.5179	        1.5186	          0.0007	   1.6427	7.994e-04	   0.041	    40.305
  57	15	 4.6518	 1.0392	   1.5179	        1.5186	          0.0007	   1.5774	3.252e-03	   0.033	    41.069
  58	15	 4.6518	 1.0391	   1.5179	        1.5186	          0.0007	   1.6443	3.262e-03	   0.031	    41.812
  59	15	 4.6535	 1.0350	   1.5179	        1.5186	          0.0007	   1.6042	5.150e-03	   0.038	    42.558
  60	15	 4.6529	 1.0404	   1.5179	        1.5186	          0.0007	   1.6933	2.683e-03	   0.037	    43.278
  61	16	 4.6517	 1.0370	   1.5179	        1.5186	          0.0007	   1.5949	4.244e-03	   0.036	    43.994
  62	16	 4.6519	 1.0396	   1.5179	        1.5186	          0.0007	   1.6647	3.040e-03	   0.034	    44.707
  63	16	 4.6500	 1.0393	   1.5179	        1.5186	          0.0007	   1.6323	3.175e-03	   0.038	    45.429
  64	16	 4.6508	 1.0436	   1.5179	        1.5186	          0.0007	   1.6893	1.270e-03	   0.034	    46.148
  65	17	 4.6518	 1.0415	   1.5179	        1.5186	          0.0007	   1.6192	2.226e-03	   0.029	    46.882
  66	17	 4.6516	 1.0440	   1.5179	        1.5186	          0.0007	   1.6680	1.091e-03	   0.035	    47.623
  67	17	 4.6519	 1.0446	   1.5179	        1.5186	          0.0007	   1.6472	8.240e-04	   0.033	    48.342
  68	17	 4.6506	 1.0442	   1.5179	        1.5186	          0.0007	   1.6336	1.015e-03	   0.037	    49.060
  69	18	 4.6499	 1.0444	   1.5179	        1.5186	          0.0007	   1.6451	9.369e-04	   0.035	    49.770
  70	18	 4.6497	 1.0428	   1.5179	        1.5186	          0.0007	   1.6200	1.608e-03	   0.041	    50.512
  71	18	 4.6495	 1.0445	   1.5179	        1.5186	          0.0007	   1.6576	8.938e-04	   0.030	    51.252
  72	18	 4.6505	 1.0424	   1.5179	        1.5186	          0.0007	   1.6205	1.817e-03	   0.034	    51.965
  73	19	 4.6509	 1.0443	   1.5179	        1.5186	          0.0007	   1.6682	9.598e-04	   0.037	    52.701
  74	19	 4.6522	 1.0431	   1.5179	        1.5186	          0.0007	   1.6273	1.483e-03	   0.035	    53.417
  75	19	 4.6505	 1.0437	   1.5179	        1.5186	          0.0007	   1.6413	1.224e-03	   0.034	    54.138
  76	19	 4.6502	 1.0440	   1.5179	        1.5186	          0.0007	   1.6450	1.087e-03	   0.033	    54.847
  77	20	 4.6494	 1.0422	   1.5179	        1.5186	          0.0007	   1.6157	1.892e-03	   0.037	    55.565
  78	20	 4.6516	 1.0423	   1.5179	        1.5186	          0.0007	   1.6511	1.862e-03	   0.028	    56.283
  79	20	 4.6508	 1.0404	   1.5179	        1.5186	          0.0007	   1.6058	2.678e-03	   0.031	    57.003
  80	20	 4.6501	 1.0446	   1.5179	        1.5186	          0.0007	   1.6992	8.109e-04	   0.037	    57.734
  81	21	 4.6488	 1.0418	   1.5179	        1.5186	          0.0007	   1.6008	2.055e-03	   0.037	    58.449
  82	21	 4.6481	 1.0421	   1.5179	        1.5186	          0.0007	   1.6442	1.948e-03	   0.034	    59.170
  83	21	 4.6491	 1.0454	   1.5179	        1.5186	          0.0007	   1.6915	4.744e-04	   0.040	    59.924
  84	21	 4.6477	 1.0466	   1.5179	        1.5186	          0.0007	   1.6498	7.109e-05	   0.042	    60.698
  85	22	 4.6460	 1.0427	   1.5179	        1.5186	          0.0007	   1.5829	1.671e-03	   0.032	    61.449
  86	22	 4.6460	 1.0448	   1.5179	        1.5186	          0.0007	   1.6667	7.586e-04	   0.031	    62.199
  87	22	 4.6489	 1.0474	   1.5179	        1.5186	          0.0007	   1.6910	4.193e-04	   0.039	    62.941
  88	22	 4.6494	 1.0445	   1.5179	        1.5186	          0.0007	   1.6030	8.516e-04	   0.035	    63.661
  89	23	 4.6523	 1.0449	   1.5179	        1.5186	          0.0007	   1.6623	6.974e-04	   0.031	    64.379
  90	23	 4.6516	 1.0434	   1.5179	        1.5186	          0.0007	   1.6143	1.350e-03	   0.034	    65.096
  91	23	 4.6509	 1.0441	   1.5179	        1.5186	          0.0007	   1.6512	1.053e-03	   0.039	    65.814
  92	23	 4.6509	 1.0447	   1.5179	        1.5186	          0.0007	   1.6491	7.754e-04	   0.032	    66.528
  93	24	 4.6526	 1.0449	   1.5179	        1.5186	          0.0007	   1.6515	6.820e-04	   0.030	    67.265
  94	24	 4.6535	 1.0406	   1.5179	        1.5186	          0.0007	   1.5753	2.623e-03	   0.038	    68.012
  95	24	 4.6512	 1.0396	   1.5179	        1.5186	          0.0007	   1.6118	3.059e-03	   0.036	    68.728
  96	24	 4.6504	 1.0422	   1.5179	        1.5186	          0.0007	   1.6808	1.886e-03	   0.035	    69.447
  97	25	 4.6504	 1.0410	   1.5179	        1.5186	          0.0007	   1.6215	2.411e-03	   0.034	    70.161
  98	25	 4.6491	 1.0426	   1.5179	        1.5186	          0.0007	   1.6624	1.718e-03	   0.037	    70.899
  99	25	 4.6487	 1.0424	   1.5179	        1.5186	          0.0007	   1.6354	1.810e-03	   0.032	    71.641
 100	25	 4.6499	 1.0391	   1.5179	        1.5186	          0.0007	   1.5846	3.285e-03	   0.030	    72.345
 101	26	 4.6501	 1.0359	   1.5179	        1.5186	          0.0007	   1.5783	4.747e-03	   0.034	    73.088
 102	26	 4.6498	 1.0353	   1.5179	        1.5186	          0.0007	   1.6250	4.998e-03	   0.036	    73.806
 103	26	 4.6510	 1.0394	   1.5179	        1.5186	          0.0007	   1.7171	3.149e-03	   0.035	    74.524
 104	26	 4.6501	 1.0388	   1.5179	        1.5186	          0.0007	   1.6288	3.422e-03	   0.036	    75.236
 105	27	 4.6499	 1.0384	   1.5179	        1.5186	          0.0007	   1.6321	3.590e-03	   0.040	    76.011
 106	27	 4.6511	 1.0402	   1.5179	        1.5186	          0.0007	   1.6782	2.787e-03	   0.038	    76.850
 107	27	 4.6520	 1.0389	   1.5179	        1.5186	          0.0007	   1.6220	3.379e-03	   0.036	    77.653
 108	27	 4.6507	 1.0387	   1.5179	        1.5186	          0.0007	   1.6243	3.456e-03	   0.036	    78.445
 109	28	 4.6513	 1.0407	   1.5179	        1.5186	          0.0007	   1.6798	2.576e-03	   0.038	    79.190
 110	28	 4.6512	 1.0431	   1.5179	        1.5186	          0.0007	   1.6839	1.506e-03	   0.037	    79.941
 111	28	 4.6519	 1.0424	   1.5179	        1.5186	          0.0007	   1.6267	1.804e-03	   0.039	    80.681
 112	28	 4.6512	 1.0394	   1.5179	        1.5186	          0.0007	   1.5842	3.161e-03	   0.038	    81.450
 113	29	 4.6518	 1.0384	   1.5179	        1.5186	          0.0007	   1.6212	3.604e-03	   0.033	    82.212
 114	29	 4.6524	 1.0393	   1.5179	        1.5186	          0.0007	   1.6709	3.184e-03	   0.030	    82.952
 115	29	 4.6521	 1.0408	   1.5179	        1.5186	          0.0007	   1.6674	2.514e-03	   0.038	    83.690
 116	29	 4.6511	 1.0404	   1.5179	        1.5186	          0.0007	   1.6216	2.686e-03	   0.035	    84.420
 117	30	 4.6509	 1.0387	   1.5179	        1.5186	          0.0007	   1.5992	3.453e-03	   0.035	    85.142
 118	30	 4.6522	 1.0381	   1.5179	        1.5186	          0.0007	   1.6325	3.732e-03	   0.034	    85.853
 119	30	 4.6516	 1.0418	   1.5179	        1.5186	          0.0007	   1.7085	2.068e-03	   0.036	    86.571
 120	30	 4.6509	 1.0413	   1.5179	        1.5186	          0.0007	   1.6313	2.283e-03	   0.032	    87.291
 121	31	 4.6517	 1.0410	   1.5179	        1.5186	          0.0007	   1.6395	2.417e-03	   0.030	    88.025
 122	31	 4.6512	 1.0398	   1.5179	        1.5186	          0.0007	   1.6061	2.966e-03	   0.040	    88.766
 123	31	 4.6505	 1.0417	   1.5179	        1.5186	          0.0007	   1.6669	2.124e-03	   0.035	    89.484
 124	31	 4.6506	 1.0408	   1.5179	        1.5186	          0.0007	   1.6315	2.504e-03	   0.032	    90.205
 125	32	 4.6508	 1.0425	   1.5179	        1.5186	          0.0007	   1.6815	1.766e-03	   0.035	    90.920
 126	32	 4.6514	 1.0429	   1.5179	        1.5186	          0.0007	   1.6506	1.560e-03	   0.040	    91.651
 127	32	 4.6509	 1.0440	   1.5179	        1.5186	          0.0007	   1.6628	1.073e-03	   0.032	    92.399
 128	32	 4.6509	 1.0404	   1.5179	        1.5186	          0.0007	   1.5618	2.693e-03	   0.026	    93.106
 129	33	 4.6508	 1.0370	   1.5179	        1.5186	          0.0007	   1.5620	4.229e-03	   0.037	    93.849
 130	33	 4.6512	 1.0364	   1.5179	        1.5186	          0.0007	   1.6240	4.488e-03	   0.040	    94.564
 131	33	 4.6520	 1.0387	   1.5179	        1.5186	          0.0007	   1.6961	3.446e-03	   0.033	    95.280
 132	33	 4.6518	 1.0408	   1.5179	        1.5186	          0.0007	   1.6862	2.529e-03	   0.035	    95.997
 133	34	 4.6520	 1.0451	   1.5179	        1.5186	          0.0007	   1.7429	6.115e-04	   0.038	    96.714
 134	34	 4.6517	 1.0452	   1.5179	        1.5186	          0.0007	   1.6446	5.611e-04	   0.033	    97.429
 135	34	 4.6504	 1.0423	   1.5179	        1.5186	          0.0007	   1.5617	1.853e-03	   0.028	    98.138
 136	34	 4.6513	 1.0415	   1.5179	        1.5186	          0.0007	   1.6250	2.191e-03	   0.041	    98.884
 137	35	 4.6524	 1.0410	   1.5179	        1.5186	          0.0007	   1.6353	2.414e-03	   0.036	    99.609
 138	35	 4.6524	 1.0406	   1.5179	        1.5186	          0.0007	   1.6240	2.599e-03	   0.031	   100.348
 139	35	 4.6520	 1.0414	   1.5179	        1.5186	          0.0007	   1.6601	2.266e-03	   0.034	   101.063
 140	35	 4.6512	 1.0414	   1.5179	        1.5186	          0.0007	   1.6383	2.241e-03	   0.042	   101.833
 141	36	 4.6494	 1.0424	   1.5179	        1.5186	          0.0007	   1.6570	1.787e-03	   0.032	   102.593
 142	36	 4.6487	 1.0407	   1.5179	        1.5186	          0.0007	   1.5915	2.563e-03	   0.029	   103.332
 143	36	 4.6496	 1.0411	   1.5179	        1.5186	          0.0007	   1.6541	2.373e-03	   0.037	   104.077
 144	36	 4.6502	 1.0422	   1.5179	        1.5186	          0.0007	   1.6706	1.879e-03	   0.036	   104.807
 145	37	 4.6490	 1.0427	   1.5179	        1.5186	          0.0007	   1.6443	1.689e-03	   0.036	   105.525
 146	37	 4.6489	 1.0411	   1.5179	        1.5186	          0.0007	   1.5960	2.380e-03	   0.034	   106.235
 147	37	 4.6495	 1.0409	   1.5179	        1.5186	          0.0007	   1.6344	2.491e-03	   0.035	   106.956
 148	37	 4.6501	 1.0408	   1.5179	        1.5186	          0.0007	   1.6495	2.501e-03	   0.031	   107.673
 149	38	 4.6505	 1.0404	   1.5179	        1.5186	          0.0007	   1.6293	2.696e-03	   0.029	   108.401
 150	38	 4.6517	 1.0404	   1.5179	        1.5186	          0.0007	   1.6509	2.691e-03	   0.039	   109.144
 151	38	 4.6517	 1.0410	   1.5179	        1.5186	          0.0007	   1.6554	2.424e-03	   0.033	   109.871
 152	38	 4.6496	 1.0395	   1.5179	        1.5186	          0.0007	   1.5830	3.091e-03	   0.033	   110.590
 153	39	 4.6490	 1.0386	   1.5179	        1.5186	          0.0007	   1.6064	3.510e-03	   0.036	   111.300
 154	39	 4.6490	 1.0374	   1.5179	        1.5186	          0.0007	   1.6126	4.037e-03	   0.038	   112.027
 155	39	 4.6497	 1.0385	   1.5179	        1.5186	          0.0007	   1.6719	3.555e-03	   0.032	   112.783
 156	39	 4.6494	 1.0404	   1.5179	        1.5186	          0.0007	   1.6868	2.679e-03	   0.032	   113.490
 157	40	 4.6485	 1.0428	   1.5179	        1.5186	          0.0007	   1.6836	1.610e-03	   0.038	   114.230
 158	40	 4.6488	 1.0425	   1.5179	        1.5186	          0.0007	   1.6381	1.743e-03	   0.033	   114.946
 159	40	 4.6482	 1.0436	   1.5179	        1.5186	          0.0007	   1.6689	1.252e-03	   0.040	   115.672
 160	40	 4.6485	 1.0406	   1.5179	        1.5186	          0.0007	   1.5613	2.605e-03	   0.039	   116.443
 161	41	 4.6476	 1.0398	   1.5179	        1.5186	          0.0007	   1.6134	2.965e-03	   0.041	   117.230
 162	41	 4.6482	 1.0402	   1.5179	        1.5186	          0.0007	   1.6563	2.802e-03	   0.030	   117.952
 163	41	 4.6477	 1.0398	   1.5179	        1.5186	          0.0007	   1.6233	2.975e-03	   0.028	   118.661
 164	41	 4.6480	 1.0412	   1.5179	        1.5186	          0.0007	   1.6751	2.335e-03	   0.039	   119.434
 165	42	 4.6473	 1.0398	   1.5179	        1.5186	          0.0007	   1.6017	2.948e-03	   0.036	   120.175
 166	42	 4.6470	 1.0405	   1.5179	        1.5186	          0.0007	   1.6504	2.641e-03	   0.035	   120.910
 167	42	 4.6461	 1.0426	   1.5179	        1.5186	          0.0007	   1.6989	1.693e-03	   0.034	   121.622
 168	42	 4.6475	 1.0419	   1.5179	        1.5186	          0.0007	   1.6257	2.034e-03	   0.041	   122.381
 169	43	 4.6476	 1.0425	   1.5179	        1.5186	          0.0007	   1.6569	1.741e-03	   0.034	   123.145
 170	43	 4.6471	 1.0437	   1.5179	        1.5186	          0.0007	   1.6736	1.230e-03	   0.025	   123.888
 171	43	 4.6461	 1.0424	   1.5179	        1.5186	          0.0007	   1.5922	1.812e-03	   0.038	   124.634
 172	43	 4.6466	 1.0421	   1.5179	        1.5186	          0.0007	   1.6385	1.928e-03	   0.035	   125.363
 173	44	 4.6469	 1.0410	   1.5179	        1.5186	          0.0007	   1.6155	2.430e-03	   0.035	   126.083
 174	44	 4.6463	 1.0409	   1.5179	        1.5186	          0.0007	   1.6199	2.490e-03	   0.032	   126.797
 175	44	 4.6469	 1.0405	   1.5179	        1.5186	          0.0007	   1.6367	2.656e-03	   0.038	   127.519
 176	44	 4.6467	 1.0413	   1.5179	        1.5186	          0.0007	   1.6632	2.308e-03	   0.033	   128.230
 177	45	 4.6469	 1.0404	   1.5179	        1.5186	          0.0007	   1.6214	2.701e-03	   0.029	   128.956
 178	45	 4.6468	 1.0421	   1.5179	        1.5186	          0.0007	   1.6856	1.924e-03	   0.038	   129.701
 179	45	 4.6467	 1.0430	   1.5179	        1.5186	          0.0007	   1.6646	1.545e-03	   0.035	   130.429
 180	45	 4.6465	 1.0419	   1.5179	        1.5186	          0.0007	   1.6049	2.041e-03	   0.034	   131.148
 181	46	 4.6472	 1.0420	   1.5179	        1.5186	          0.0007	   1.6497	1.982e-03	   0.032	   131.861
 182	46	 4.6475	 1.0419	   1.5179	        1.5186	          0.0007	   1.6393	2.043e-03	   0.041	   132.588
 183	46	 4.6468	 1.0411	   1.5179	        1.5186	          0.0007	   1.6085	2.381e-03	   0.033	   133.341
 184	46	 4.6479	 1.0413	   1.5179	        1.5186	          0.0007	   1.6628	2.279e-03	   0.026	   134.044
 185	47	 4.6481	 1.0423	   1.5179	        1.5186	          0.0007	   1.6752	1.850e-03	   0.037	   134.789
 186	47	 4.6482	 1.0429	   1.5179	        1.5186	          0.0007	   1.6591	1.568e-03	   0.035	   135.506
 187	47	 4.6481	 1.0420	   1.5179	        1.5186	          0.0007	   1.6076	1.998e-03	   0.035	   136.225
 188	47	 4.6481	 1.0415	   1.5179	        1.5186	          0.0007	   1.6226	2.196e-03	   0.032	   136.936
 189	48	 4.6474	 1.0419	   1.5179	        1.5186	          0.0007	   1.6452	2.007e-03	   0.038	   137.662
 190	48	 4.6476	 1.0425	   1.5179	        1.5186	          0.0007	   1.6617	1.738e-03	   0.032	   138.375
 191	48	 4.6472	 1.0420	   1.5179	        1.5186	          0.0007	   1.6191	1.997e-03	   0.029	   139.080
 192	48	 4.6474	 1.0424	   1.5179	        1.5186	          0.0007	   1.6610	1.793e-03	   0.039	   139.855
 193	49	 4.6474	 1.0437	   1.5179	        1.5186	          0.0007	   1.6851	1.212e-03	   0.032	   140.575
 194	49	 4.6485	 1.0434	   1.5179	        1.5186	          0.0007	   1.6401	1.362e-03	   0.036	   141.297
 195	49	 4.6479	 1.0445	   1.5179	        1.5186	          0.0007	   1.6672	8.597e-04	   0.034	   142.008
 196	49	 4.6472	 1.0430	   1.5179	        1.5186	          0.0007	   1.5761	1.523e-03	   0.042	   142.763
 197	50	 4.6470	 1.0438	   1.5179	        1.5186	          0.0007	   1.6667	1.162e-03	   0.035	   143.534
 198	50	 4.6474	 1.0444	   1.5179	        1.5186	          0.0007	   1.6642	8.990e-04	   0.031	   144.273
 199	50	 4.6481	 1.0440	   1.5179	        1.5186	          0.0007	   1.6292	1.089e-03	   0.039	   145.019
 200	50	 4.6478	 1.0435	   1.5179	        1.5186	          0.0007	   1.6261	1.317e-03	   0.032	   145.748
 201	51	 4.6473	 1.0454	   1.5179	        1.5186	          0.0007	   1.7046	4.808e-04	   0.037	   146.476
 202	51	 4.6475	 1.0435	   1.5179	        1.5186	          0.0007	   1.5806	1.322e-03	   0.037	   147.185
 203	51	 4.6470	 1.0430	   1.5179	        1.5186	          0.0007	   1.6137	1.557e-03	   0.040	   147.905
 204	51	 4.6468	 1.0437	   1.5179	        1.5186	          0.0007	   1.6620	1.238e-03	   0.030	   148.618
 205	52	 4.6474	 1.0428	   1.5179	        1.5186	          0.0007	   1.6133	1.606e-03	   0.030	   149.345
 206	52	 4.6473	 1.0425	   1.5179	        1.5186	          0.0007	   1.6306	1.771e-03	   0.037	   150.087
 207	52	 4.6465	 1.0432	   1.5179	        1.5186	          0.0007	   1.6609	1.457e-03	   0.035	   150.815
 208	52	 4.6469	 1.0425	   1.5179	        1.5186	          0.0007	   1.6191	1.774e-03	   0.036	   151.536
 209	53	 4.6469	 1.0416	   1.5179	        1.5186	          0.0007	   1.6150	2.146e-03	   0.034	   152.249
 210	53	 4.6467	 1.0404	   1.5179	        1.5186	          0.0007	   1.5968	2.677e-03	   0.037	   152.968
 211	53	 4.6462	 1.0433	   1.5179	        1.5186	          0.0007	   1.7354	1.399e-03	   0.034	   153.731
 212	53	 4.6467	 1.0427	   1.5179	        1.5186	          0.0007	   1.6188	1.685e-03	   0.031	   154.489
 213	54	 4.6467	 1.0418	   1.5179	        1.5186	          0.0007	   1.6145	2.050e-03	   0.047	   155.341
 214	54	 4.6469	 1.0427	   1.5179	        1.5186	          0.0007	   1.6703	1.691e-03	   0.037	   156.164
 215	54	 4.6466	 1.0421	   1.5179	        1.5186	          0.0007	   1.6203	1.931e-03	   0.037	   156.952
 216	54	 4.6465	 1.0416	   1.5179	        1.5186	          0.0007	   1.6151	2.140e-03	   0.034	   157.700
 217	55	 4.6465	 1.0427	   1.5179	        1.5186	          0.0007	   1.6778	1.685e-03	   0.038	   158.419
 218	55	 4.6461	 1.0415	   1.5179	        1.5186	          0.0007	   1.5945	2.195e-03	   0.034	   159.146
 219	55	 4.6467	 1.0420	   1.5179	        1.5186	          0.0007	   1.6609	1.992e-03	   0.031	   159.886
 220	55	 4.6462	 1.0418	   1.5179	        1.5186	          0.0007	   1.6242	2.083e-03	   0.040	   160.657
 221	56	 4.6466	 1.0412	   1.5179	        1.5186	          0.0007	   1.6247	2.335e-03	   0.035	   161.370
 222	56	 4.6456	 1.0403	   1.5179	        1.5186	          0.0007	   1.5957	2.729e-03	   0.037	   162.087
 223	56	 4.6460	 1.0415	   1.5179	        1.5186	          0.0007	   1.6957	2.219e-03	   0.033	   162.799
 224	56	 4.6455	 1.0421	   1.5179	        1.5186	          0.0007	   1.6522	1.933e-03	   0.041	   163.549
 225	57	 4.6463	 1.0435	   1.5179	        1.5186	          0.0007	   1.7105	1.314e-03	   0.036	   164.316
 226	57	 4.6458	 1.0434	   1.5179	        1.5186	          0.0007	   1.6321	1.338e-03	   0.030	   165.061
 227	57	 4.6456	 1.0422	   1.5179	        1.5186	          0.0007	   1.5792	1.891e-03	   0.038	   165.811
 228	57	 4.6452	 1.0429	   1.5179	        1.5186	          0.0007	   1.6631	1.597e-03	   0.037	   166.547
 229	58	 4.6453	 1.0427	   1.5179	        1.5186	          0.0007	   1.6334	1.686e-03	   0.036	   167.264
 230	58	 4.6459	 1.0434	   1.5179	        1.5186	          0.0007	   1.6789	1.350e-03	   0.033	   167.973
 231	58	 4.6457	 1.0417	   1.5179	        1.5186	          0.0007	   1.5724	2.124e-03	   0.038	   168.695
 232	58	 4.6454	 1.0430	   1.5179	        1.5186	          0.0007	   1.6842	1.548e-03	   0.030	   169.413
 233	59	 4.6452	 1.0415	   1.5179	        1.5186	          0.0007	   1.5810	2.216e-03	   0.030	   170.132
 234	59	 4.6451	 1.0409	   1.5179	        1.5186	          0.0007	   1.6118	2.483e-03	   0.035	   170.877
 235	59	 4.6457	 1.0421	   1.5179	        1.5186	          0.0007	   1.6947	1.943e-03	   0.035	   171.611
 236	59	 4.6449	 1.0438	   1.5179	        1.5186	          0.0007	   1.6959	1.203e-03	   0.035	   172.330
 237	60	 4.6450	 1.0444	   1.5179	        1.5186	          0.0007	   1.6716	9.207e-04	   0.035	   173.041
 238	60	 4.6443	 1.0431	   1.5179	        1.5186	          0.0007	   1.5837	1.508e-03	   0.036	   173.760
 239	60	 4.6442	 1.0423	   1.5179	        1.5186	          0.0007	   1.6101	1.830e-03	   0.030	   174.512
 240	60	 4.6446	 1.0435	   1.5179	        1.5186	          0.0007	   1.6873	1.311e-03	   0.029	   175.229
 241	61	 4.6449	 1.0440	   1.5179	        1.5186	          0.0007	   1.6641	1.105e-03	   0.039	   175.965
 242	61	 4.6446	 1.0445	   1.5179	        1.5186	          0.0007	   1.6630	8.839e-04	   0.035	   176.687
 243	61	 4.6448	 1.0435	   1.5179	        1.5186	          0.0007	   1.6014	1.300e-03	   0.033	   177.407
 244	61	 4.6454	 1.0434	   1.5179	        1.5186	          0.0007	   1.6334	1.382e-03	   0.034	   178.119
 245	62	 4.6451	 1.0437	   1.5179	        1.5186	          0.0007	   1.6467	1.224e-03	   0.038	   178.837
 246	62	 4.6445	 1.0438	   1.5179	        1.5186	          0.0007	   1.6443	1.169e-03	   0.032	   179.566
 247	62	 4.6450	 1.0421	   1.5179	        1.5186	          0.0007	   1.5759	1.937e-03	   0.029	   180.301
 248	62	 4.6449	 1.0427	   1.5179	        1.5186	          0.0007	   1.6553	1.678e-03	   0.038	   181.041
 249	63	 4.6455	 1.0424	   1.5179	        1.5186	          0.0007	   1.6440	1.792e-03	   0.036	   181.756
 250	63	 4.6453	 1.0419	   1.5179	        1.5186	          0.0007	   1.6092	2.025e-03	   0.033	   182.476
 251	63	 4.6448	 1.0433	   1.5179	        1.5186	          0.0007	   1.6878	1.419e-03	   0.036	   183.192
 252	63	 4.6446	 1.0429	   1.5179	        1.5186	          0.0007	   1.6238	1.595e-03	   0.039	   183.928
 253	64	 4.6449	 1.0427	   1.5179	        1.5186	          0.0007	   1.6355	1.682e-03	   0.030	   184.696
 254	64	 4.6454	 1.0428	   1.5179	        1.5186	          0.0007	   1.6586	1.626e-03	   0.029	   185.442
 255	64	 4.6453	 1.0419	   1.5179	        1.5186	          0.0007	   1.5972	2.040e-03	   0.038	   186.196
 256	64	 4.6449	 1.0420	   1.5179	        1.5186	          0.0007	   1.6327	1.984e-03	   0.035	   186.931
 257	65	 4.6444	 1.0427	   1.5179	        1.5186	          0.0007	   1.6732	1.668e-03	   0.030	   187.649
 258	65	 4.6448	 1.0430	   1.5179	        1.5186	          0.0007	   1.6555	1.540e-03	   0.034	   188.365
 259	65	 4.6448	 1.0423	   1.5179	        1.5186	          0.0007	   1.6127	1.863e-03	   0.038	   189.085
 260	65	 4.6449	 1.0417	   1.5179	        1.5186	          0.0007	   1.6084	2.095e-03	   0.033	   189.799
 261	66	 4.6448	 1.0418	   1.5179	        1.5186	          0.0007	   1.6398	2.057e-03	   0.030	   190.514
 262	66	 4.6440	 1.0406	   1.5179	        1.5186	          0.0007	   1.5745	2.596e-03	   0.035	   191.265
 263	66	 4.6446	 1.0414	   1.5179	        1.5186	          0.0007	   1.6792	2.247e-03	   0.036	   191.998
 264	66	 4.6444	 1.0425	   1.5179	        1.5186	          0.0007	   1.6886	1.780e-03	   0.035	   192.716
 265	67	 4.6442	 1.0430	   1.5179	        1.5186	          0.0007	   1.6610	1.540e-03	   0.034	   193.429
 266	67	 4.6448	 1.0431	   1.5179	        1.5186	          0.0007	   1.6529	1.489e-03	   0.035	   194.150
 267	67	 4.6447	 1.0429	   1.5179	        1.5186	          0.0007	   1.6365	1.587e-03	   0.038	   194.937
 268	67	 4.6445	 1.0429	   1.5179	        1.5186	          0.0007	   1.6316	1.579e-03	   0.036	   195.736
 269	68	 4.6448	 1.0431	   1.5179	        1.5186	          0.0007	   1.6502	1.496e-03	   0.037	   196.486
 270	68	 4.6443	 1.0429	   1.5179	        1.5186	          0.0007	   1.6251	1.566e-03	   0.038	   197.217
 271	68	 4.6447	 1.0433	   1.5179	        1.5186	          0.0007	   1.6679	1.393e-03	   0.035	   197.935
 272	68	 4.6445	 1.0424	   1.5179	        1.5186	          0.0007	   1.6011	1.784e-03	   0.033	   198.644
 273	69	 4.6451	 1.0442	   1.5179	        1.5186	          0.0007	   1.7335	9.912e-04	   0.037	   199.397
 274	69	 4.6452	 1.0430	   1.5179	        1.5186	          0.0007	   1.5830	1.550e-03	   0.033	   200.141
 275	69	 4.6451	 1.0440	   1.5179	        1.5186	          0.0007	   1.6880	1.102e-03	   0.026	   200.859
 276	69	 4.6447	 1.0422	   1.5179	        1.5186	          0.0007	   1.5454	1.908e-03	   0.038	   201.596
 277	70	 4.6444	 1.0414	   1.5179	        1.5186	          0.0007	   1.5997	2.266e-03	   0.038	   202.318
 278	70	 4.6445	 1.0415	   1.5179	        1.5186	          0.0007	   1.6475	2.197e-03	   0.035	   203.037
 279	70	 4.6446	 1.0413	   1.5179	        1.5186	          0.0007	   1.6292	2.293e-03	   0.030	   203.711
 280	70	 4.6450	 1.0423	   1.5179	        1.5186	          0.0007	   1.6918	1.854e-03	   0.040	   204.460
 281	71	 4.6450	 1.0443	   1.5179	        1.5186	          0.0007	   1.7414	9.712e-04	   0.029	   205.150
 282	71	 4.6450	 1.0435	   1.5179	        1.5186	          0.0007	   1.5945	1.320e-03	   0.052	   205.738
 283	71	 4.6447	 1.0429	   1.5179	        1.5186	          0.0007	   1.6126	1.597e-03	   0.032	   206.406
 284	71	 4.6448	 1.0422	   1.5179	        1.5186	          0.0007	   1.6097	1.880e-03	   0.053	   206.958
 285	72	 4.6450	 1.0422	   1.5179	        1.5186	          0.0007	   1.6342	1.899e-03	   0.024	   207.512
 286	72	 4.6452	 1.0427	   1.5179	        1.5186	          0.0007	   1.6666	1.686e-03	   0.029	   208.034
 287	72	 4.6447	 1.0433	   1.5179	        1.5186	          0.0007	   1.6657	1.390e-03	   0.032	   208.560
 288	72	 4.6443	 1.0432	   1.5179	        1.5186	          0.0007	   1.6352	1.451e-03	   0.028	   209.097
 289	73	 4.6450	 1.0424	   1.5179	        1.5186	          0.0007	   1.6042	1.807e-03	   0.019	   209.612
 290	73	 4.6450	 1.0424	   1.5179	        1.5186	          0.0007	   1.6468	1.796e-03	   0.027	   210.134
 291	73	 4.6447	 1.0422	   1.5179	        1.5186	          0.0007	   1.6291	1.879e-03	   0.030	   210.646
 292	73	 4.6446	 1.0427	   1.5179	        1.5186	          0.0007	   1.6655	1.657e-03	   0.028	   211.157
 293	74	 4.6447	 1.0421	   1.5179	        1.5186	          0.0007	   1.6145	1.917e-03	   0.028	   211.696
 294	74	 4.6449	 1.0432	   1.5179	        1.5186	          0.0007	   1.7003	1.471e-03	   0.030	   212.214
 295	74	 4.6450	 1.0422	   1.5179	        1.5186	          0.0007	   1.5895	1.898e-03	   0.026	   212.729
 296	74	 4.6447	 1.0432	   1.5179	        1.5186	          0.0007	   1.6868	1.439e-03	   0.023	   213.247
 297	75	 4.6449	 1.0423	   1.5179	        1.5186	          0.0007	   1.5950	1.868e-03	   0.030	   213.788
 298	75	 4.6451	 1.0427	   1.5179	        1.5186	          0.0007	   1.6632	1.685e-03	   0.030	   214.305
 299	75	 4.6453	 1.0423	   1.5179	        1.5186	          0.0007	   1.6274	1.837e-03	   0.024	   214.813
 300	75	 4.6453	 1.0429	   1.5179	        1.5186	          0.0007	   1.6717	1.567e-03	   0.027	   215.340
 301	76	 4.6457	 1.0434	   1.5179	        1.5186	          0.0007	   1.6714	1.339e-03	   0.028	   215.885
 302	76	 4.6455	 1.0436	   1.5179	        1.5186	          0.0007	   1.6505	1.283e-03	   0.027	   216.420
 303	76	 4.6453	 1.0433	   1.5179	        1.5186	          0.0007	   1.6222	1.404e-03	   0.024	   216.921
 304	76	 4.6452	 1.0436	   1.5179	        1.5186	          0.0007	   1.6502	1.287e-03	   0.027	   217.437
 305	77	 4.6450	 1.0438	   1.5179	        1.5186	          0.0007	   1.6475	1.194e-03	   0.028	   217.954
 306	77	 4.6450	 1.0444	   1.5179	        1.5186	          0.0007	   1.6718	9.003e-04	   0.030	   218.474
 307	77	 4.6452	 1.0445	   1.5179	        1.5186	          0.0007	   1.6557	8.893e-04	   0.029	   219.020
 308	77	 4.6450	 1.0439	   1.5179	        1.5186	          0.0007	   1.5995	1.140e-03	   0.028	   219.550
 309	78	 4.6455	 1.0430	   1.5179	        1.5186	          0.0007	   1.6037	1.533e-03	   0.024	   220.092
 310	78	 4.6455	 1.0430	   1.5179	        1.5186	          0.0007	   1.6402	1.549e-03	   0.027	   220.623
 311	78	 4.6457	 1.0441	   1.5179	        1.5186	          0.0007	   1.6987	1.065e-03	   0.030	   221.175
 312	78	 4.6453	 1.0437	   1.5179	        1.5186	          0.0007	   1.6151	1.214e-03	   0.026	   221.705
 313	79	 4.6452	 1.0432	   1.5179	        1.5186	          0.0007	   1.6045	1.458e-03	   0.025	   222.220
 314	79	 4.6447	 1.0434	   1.5179	        1.5186	          0.0007	   1.6541	1.354e-03	   0.027	   222.735
 315	79	 4.6447	 1.0433	   1.5179	        1.5186	          0.0007	   1.6275	1.388e-03	   0.033	   223.259
 316	79	 4.6451	 1.0438	   1.5179	        1.5186	          0.0007	   1.6761	1.204e-03	   0.025	   223.802
 317	80	 4.6453	 1.0424	   1.5179	        1.5186	          0.0007	   1.5721	1.816e-03	   0.023	   224.324
 318	80	 4.6455	 1.0433	   1.5179	        1.5186	          0.0007	   1.6843	1.403e-03	   0.031	   224.862
 319	80	 4.6457	 1.0436	   1.5179	        1.5186	          0.0007	   1.6618	1.275e-03	   0.032	   225.414
 320	80	 4.6455	 1.0437	   1.5179	        1.5186	          0.0007	   1.6507	1.205e-03	   0.033	   226.023
 321	81	 4.6449	 1.0432	   1.5179	        1.5186	          0.0007	   1.6009	1.443e-03	   0.033	   226.664
 322	81	 4.6451	 1.0435	   1.5179	        1.5186	          0.0007	   1.6551	1.323e-03	   0.032	   227.232
 323	81	 4.6456	 1.0435	   1.5179	        1.5186	          0.0007	   1.6545	1.310e-03	   0.024	   227.768
 324	81	 4.6457	 1.0436	   1.5179	        1.5186	          0.0007	   1.6437	1.286e-03	   0.021	   228.295
 325	82	 4.6457	 1.0439	   1.5179	        1.5186	          0.0007	   1.6593	1.152e-03	   0.031	   228.831
 326	82	 4.6453	 1.0437	   1.5179	        1.5186	          0.0007	   1.6252	1.206e-03	   0.030	   229.348
 327	82	 4.6452	 1.0430	   1.5179	        1.5186	          0.0007	   1.5995	1.540e-03	   0.028	   229.887
 328	82	 4.6455	 1.0439	   1.5179	        1.5186	          0.0007	   1.6998	1.131e-03	   0.026	   230.431
 329	83	 4.6455	 1.0428	   1.5179	        1.5186	          0.0007	   1.5751	1.631e-03	   0.031	   230.963
 330	83	 4.6453	 1.0440	   1.5179	        1.5186	          0.0007	   1.7066	1.095e-03	   0.027	   231.492
 331	83	 4.6455	 1.0434	   1.5179	        1.5186	          0.0007	   1.6102	1.345e-03	   0.021	   231.999
 332	83	 4.6460	 1.0435	   1.5179	        1.5186	          0.0007	   1.6590	1.306e-03	   0.027	   232.519
 333	84	 4.6459	 1.0435	   1.5179	        1.5186	          0.0007	   1.6381	1.330e-03	   0.030	   233.031
 334	84	 4.6457	 1.0437	   1.5179	        1.5186	          0.0007	   1.6467	1.246e-03	   0.029	   233.545
 335	84	 4.6454	 1.0441	   1.5179	        1.5186	          0.0007	   1.6528	1.044e-03	   0.026	   234.091
 336	84	 4.6455	 1.0435	   1.5179	        1.5186	          0.0007	   1.6142	1.303e-03	   0.029	   234.630
 337	85	 4.6453	 1.0434	   1.5179	        1.5186	          0.0007	   1.6307	1.364e-03	   0.026	   235.163
 338	85	 4.6447	 1.0424	   1.5179	        1.5186	          0.0007	   1.5729	1.797e-03	   0.028	   235.691
 339	85	 4.6452	 1.0428	   1.5179	        1.5186	          0.0007	   1.6693	1.620e-03	   0.028	   236.251
 340	85	 4.6455	 1.0431	   1.5179	        1.5186	          0.0007	   1.6604	1.497e-03	   0.030	   236.788
 341	86	 4.6458	 1.0435	   1.5179	        1.5186	          0.0007	   1.6576	1.337e-03	   0.027	   237.296
 342	86	 4.6459	 1.0434	   1.5179	        1.5186	          0.0007	   1.6381	1.378e-03	   0.027	   237.809
 343	86	 4.6459	 1.0430	   1.5179	        1.5186	          0.0007	   1.6167	1.548e-03	   0.032	   238.332
 344	86	 4.6456	 1.0433	   1.5179	        1.5186	          0.0007	   1.6619	1.399e-03	   0.027	   238.877
 345	87	 4.6456	 1.0428	   1.5179	        1.5186	          0.0007	   1.6021	1.641e-03	   0.021	   239.397
 346	87	 4.6450	 1.0435	   1.5179	        1.5186	          0.0007	   1.6669	1.319e-03	   0.026	   239.913
 347	87	 4.6454	 1.0436	   1.5179	        1.5186	          0.0007	   1.6600	1.284e-03	   0.028	   240.430
 348	87	 4.6454	 1.0437	   1.5179	        1.5186	          0.0007	   1.6571	1.206e-03	   0.028	   240.943
 349	88	 4.6452	 1.0428	   1.5179	        1.5186	          0.0007	   1.5669	1.649e-03	   0.030	   241.470
 350	88	 4.6451	 1.0430	   1.5179	        1.5186	          0.0007	   1.6594	1.551e-03	   0.030	   241.991
 351	88	 4.6451	 1.0428	   1.5179	        1.5186	          0.0007	   1.6278	1.621e-03	   0.023	   242.506
 352	88	 4.6451	 1.0436	   1.5179	        1.5186	          0.0007	   1.6939	1.268e-03	   0.025	   243.033
 353	89	 4.6451	 1.0441	   1.5179	        1.5186	          0.0007	   1.6642	1.045e-03	   0.030	   243.563
 354	89	 4.6449	 1.0443	   1.5179	        1.5186	          0.0007	   1.6536	9.408e-04	   0.028	   244.084
 355	89	 4.6451	 1.0433	   1.5179	        1.5186	          0.0007	   1.5856	1.390e-03	   0.027	   244.630
 356	89	 4.6450	 1.0439	   1.5179	        1.5186	          0.0007	   1.6748	1.134e-03	   0.028	   245.150
 357	90	 4.6448	 1.0440	   1.5179	        1.5186	          0.0007	   1.6412	1.099e-03	   0.031	   245.664
 358	90	 4.6446	 1.0435	   1.5179	        1.5186	          0.0007	   1.6030	1.322e-03	   0.023	   246.188
 359	90	 4.6451	 1.0435	   1.5179	        1.5186	          0.0007	   1.6487	1.306e-03	   0.022	   246.705
 360	90	 4.6447	 1.0436	   1.5179	        1.5186	          0.0007	   1.6391	1.291e-03	   0.028	   247.220
 361	91	 4.6447	 1.0430	   1.5179	        1.5186	          0.0007	   1.6037	1.552e-03	   0.031	   247.735
 362	91	 4.6447	 1.0434	   1.5179	        1.5186	          0.0007	   1.6652	1.370e-03	   0.027	   248.247
 363	91	 4.6444	 1.0434	   1.5179	        1.5186	          0.0007	   1.6435	1.367e-03	   0.030	   248.795
 364	91	 4.6444	 1.0438	   1.5179	        1.5186	          0.0007	   1.6627	1.187e-03	   0.033	   249.332
 365	92	 4.6445	 1.0441	   1.5179	        1.5186	          0.0007	   1.6637	1.060e-03	   0.025	   249.863
 366	92	 4.6445	 1.0439	   1.5179	        1.5186	          0.0007	   1.6272	1.123e-03	   0.025	   250.391
 367	92	 4.6446	 1.0436	   1.5179	        1.5186	          0.0007	   1.6152	1.290e-03	   0.031	   250.953
 368	92	 4.6445	 1.0438	   1.5179	        1.5186	          0.0007	   1.6618	1.161e-03	   0.030	   251.488
 369	93	 4.6445	 1.0435	   1.5179	        1.5186	          0.0007	   1.6186	1.332e-03	   0.024	   251.999
 370	93	 4.6449	 1.0439	   1.5179	        1.5186	          0.0007	   1.6779	1.116e-03	   0.026	   252.518
 371	93	 4.6449	 1.0443	   1.5179	        1.5186	          0.0007	   1.6626	9.747e-04	   0.032	   253.035
 372	93	 4.6449	 1.0440	   1.5179	        1.5186	          0.0007	   1.6253	1.085e-03	   0.026	   253.576
 373	94	 4.6449	 1.0441	   1.5179	        1.5186	          0.0007	   1.6431	1.051e-03	   0.023	   254.100
 374	94	 4.6448	 1.0443	   1.5179	        1.5186	          0.0007	   1.6486	9.583e-04	   0.029	   254.648
 375	94	 4.6449	 1.0439	   1.5179	        1.5186	          0.0007	   1.6202	1.141e-03	   0.036	   255.241
 376	94	 4.6447	 1.0441	   1.5179	        1.5186	          0.0007	   1.6581	1.049e-03	   0.027	   255.786
 377	95	 4.6448	 1.0442	   1.5179	        1.5186	          0.0007	   1.6524	9.905e-04	   0.028	   256.307
 378	95	 4.6447	 1.0442	   1.5179	        1.5186	          0.0007	   1.6319	1.006e-03	   0.029	   256.841
 379	95	 4.6444	 1.0445	   1.5179	        1.5186	          0.0007	   1.6573	8.588e-04	   0.024	   257.351
 380	95	 4.6441	 1.0435	   1.5179	        1.5186	          0.0007	   1.5725	1.303e-03	   0.024	   257.875
 381	96	 4.6439	 1.0439	   1.5179	        1.5186	          0.0007	   1.6555	1.158e-03	   0.028	   258.409
 382	96	 4.6434	 1.0437	   1.5179	        1.5186	          0.0007	   1.6173	1.213e-03	   0.029	   258.976
 383	96	 4.6440	 1.0435	   1.5179	        1.5186	          0.0007	   1.6433	1.294e-03	   0.028	   259.509
 384	96	 4.6440	 1.0436	   1.5179	        1.5186	          0.0007	   1.6512	1.254e-03	   0.029	   260.028
 385	97	 4.6444	 1.0438	   1.5179	        1.5186	          0.0007	   1.6606	1.188e-03	   0.030	   260.545
 386	97	 4.6442	 1.0439	   1.5179	        1.5186	          0.0007	   1.6446	1.134e-03	   0.026	   261.069
 387	97	 4.6443	 1.0441	   1.5179	        1.5186	          0.0007	   1.6475	1.070e-03	   0.024	   261.582
 388	97	 4.6441	 1.0435	   1.5179	        1.5186	          0.0007	   1.6037	1.305e-03	   0.028	   262.097
 389	98	 4.6443	 1.0433	   1.5179	        1.5186	          0.0007	   1.6236	1.391e-03	   0.029	   262.614
 390	98	 4.6444	 1.0437	   1.5179	        1.5186	          0.0007	   1.6650	1.222e-03	   0.027	   263.127
 391	98	 4.6442	 1.0441	   1.5179	        1.5186	          0.0007	   1.6750	1.038e-03	   0.026	   263.667
 392	98	 4.6442	 1.0437	   1.5179	        1.5186	          0.0007	   1.6111	1.214e-03	   0.030	   264.204
 393	99	 4.6440	 1.0433	   1.5179	        1.5186	          0.0007	   1.6102	1.414e-03	   0.025	   264.742
 394	99	 4.6442	 1.0440	   1.5179	        1.5186	          0.0007	   1.6990	1.110e-03	   0.025	   265.269
 395	99	 4.6443	 1.0441	   1.5179	        1.5186	          0.0007	   1.6442	1.049e-03	   0.030	   265.826
 396	99	 4.6443	 1.0438	   1.5179	        1.5186	          0.0007	   1.6152	1.194e-03	   0.032	   266.360
 397	100	 4.6442	 1.0435	   1.5179	        1.5186	          0.0007	   1.6244	1.300e-03	   0.025	   266.879
 398	100	 4.6439	 1.0441	   1.5179	        1.5186	          0.0007	   1.6775	1.040e-03	   0.029	   267.397
 399	100	 4.6439	 1.0441	   1.5179	        1.5186	          0.0007	   1.6342	1.051e-03	   0.031	   267.912
 400	100	 4.6438	 1.0439	   1.5179	        1.5186	          0.0007	   1.6287	1.135e-03	   0.023	   268.450
 401	101	 4.6436	 1.0434	   1.5179	        1.5186	          0.0007	   1.5952	1.368e-03	   0.024	   268.981
 402	101	 4.6437	 1.0437	   1.5179	        1.5186	          0.0007	   1.6610	1.248e-03	   0.028	   269.499
 403	101	 4.6440	 1.0437	   1.5179	        1.5186	          0.0007	   1.6474	1.240e-03	   0.030	   270.011
 404	101	 4.6438	 1.0443	   1.5179	        1.5186	          0.0007	   1.6828	9.723e-04	   0.023	   270.521
 405	102	 4.6437	 1.0447	   1.5179	        1.5186	          0.0007	   1.6675	7.910e-04	   0.028	   271.043
 406	102	 4.6436	 1.0442	   1.5179	        1.5186	          0.0007	   1.6064	9.838e-04	   0.030	   271.577
 407	102	 4.6437	 1.0442	   1.5179	        1.5186	          0.0007	   1.6453	1.003e-03	   0.026	   272.089
 408	102	 4.6436	 1.0447	   1.5179	        1.5186	          0.0007	   1.6688	8.043e-04	   0.023	   272.616
 409	103	 4.6434	 1.0448	   1.5179	        1.5186	          0.0007	   1.6411	7.397e-04	   0.032	   273.151
 410	103	 4.6433	 1.0442	   1.5179	        1.5186	          0.0007	   1.5966	1.021e-03	   0.030	   273.707
 411	103	 4.6436	 1.0438	   1.5179	        1.5186	          0.0007	   1.6260	1.173e-03	   0.026	   274.215
 412	103	 4.6437	 1.0445	   1.5179	        1.5186	          0.0007	   1.6962	8.596e-04	   0.027	   274.735
 413	104	 4.6439	 1.0438	   1.5179	        1.5186	          0.0007	   1.5868	1.191e-03	   0.030	   275.252
 414	104	 4.6436	 1.0445	   1.5179	        1.5186	          0.0007	   1.6846	8.728e-04	   0.024	   275.764
 415	104	 4.6435	 1.0446	   1.5179	        1.5186	          0.0007	   1.6519	8.485e-04	   0.021	   276.285
 416	104	 4.6438	 1.0445	   1.5179	        1.5186	          0.0007	   1.6438	8.682e-04	   0.026	   276.806
 417	105	 4.6435	 1.0445	   1.5179	        1.5186	          0.0007	   1.6327	8.761e-04	   0.031	   277.322
 418	105	 4.6435	 1.0443	   1.5179	        1.5186	          0.0007	   1.6286	9.516e-04	   0.027	   277.830
 419	105	 4.6436	 1.0445	   1.5179	        1.5186	          0.0007	   1.6566	8.884e-04	   0.027	   278.366
 420	105	 4.6437	 1.0446	   1.5179	        1.5186	          0.0007	   1.6558	8.128e-04	   0.030	   278.907
 421	106	 4.6436	 1.0442	   1.5179	        1.5186	          0.0007	   1.6027	1.019e-03	   0.028	   279.446
 422	106	 4.6438	 1.0444	   1.5179	        1.5186	          0.0007	   1.6626	9.355e-04	   0.024	   279.973
 423	106	 4.6439	 1.0447	   1.5179	        1.5186	          0.0007	   1.6663	7.914e-04	   0.028	   280.529
 424	106	 4.6437	 1.0446	   1.5179	        1.5186	          0.0007	   1.6306	8.160e-04	   0.032	   281.099
 425	107	 4.6436	 1.0441	   1.5179	        1.5186	          0.0007	   1.5995	1.048e-03	   0.028	   281.659
 426	107	 4.6437	 1.0442	   1.5179	        1.5186	          0.0007	   1.6527	1.001e-03	   0.030	   282.215
 427	107	 4.6436	 1.0439	   1.5179	        1.5186	          0.0007	   1.6193	1.128e-03	   0.029	   282.788
 428	107	 4.6438	 1.0443	   1.5179	        1.5186	          0.0007	   1.6721	9.506e-04	   0.030	   283.430
 429	108	 4.6438	 1.0443	   1.5179	        1.5186	          0.0007	   1.6406	9.749e-04	   0.026	   284.009
 430	108	 4.6439	 1.0450	   1.5179	        1.5186	          0.0007	   1.6938	6.733e-04	   0.032	   284.571
 431	108	 4.6437	 1.0449	   1.5179	        1.5186	          0.0007	   1.6293	7.019e-04	   0.030	   285.091
 432	108	 4.6436	 1.0445	   1.5179	        1.5186	          0.0007	   1.6129	8.550e-04	   0.027	   285.604
 433	109	 4.6435	 1.0454	   1.5179	        1.5186	          0.0007	   1.6998	4.945e-04	   0.028	   286.118
 434	109	 4.6434	 1.0445	   1.5179	        1.5186	          0.0007	   1.5753	8.518e-04	   0.030	   286.653
 435	109	 4.6435	 1.0444	   1.5179	        1.5186	          0.0007	   1.6328	9.249e-04	   0.024	   287.167
 436	109	 4.6435	 1.0446	   1.5179	        1.5186	          0.0007	   1.6576	8.472e-04	   0.026	   287.726
 437	110	 4.6434	 1.0444	   1.5179	        1.5186	          0.0007	   1.6396	9.055e-04	   0.026	   288.265
 438	110	 4.6434	 1.0440	   1.5179	        1.5186	          0.0007	   1.6083	1.080e-03	   0.028	   288.815
 439	110	 4.6437	 1.0437	   1.5179	        1.5186	          0.0007	   1.6230	1.222e-03	   0.025	   289.327
 440	110	 4.6435	 1.0445	   1.5179	        1.5186	          0.0007	   1.6891	8.895e-04	   0.029	   289.845
 441	111	 4.6435	 1.0453	   1.5179	        1.5186	          0.0007	   1.7037	5.228e-04	   0.030	   290.357
 442	111	 4.6435	 1.0446	   1.5179	        1.5186	          0.0007	   1.5910	8.197e-04	   0.024	   290.867
 443	111	 4.6437	 1.0449	   1.5179	        1.5186	          0.0007	   1.6729	6.785e-04	   0.022	   291.396
 444	111	 4.6435	 1.0448	   1.5179	        1.5186	          0.0007	   1.6217	7.626e-04	   0.030	   291.915
 445	112	 4.6436	 1.0444	   1.5179	        1.5186	          0.0007	   1.6145	9.279e-04	   0.030	   292.428
 446	112	 4.6437	 1.0439	   1.5179	        1.5186	          0.0007	   1.6091	1.126e-03	   0.025	   292.938
 447	112	 4.6434	 1.0442	   1.5179	        1.5186	          0.0007	   1.6565	1.014e-03	   0.029	   293.476
 448	112	 4.6435	 1.0443	   1.5179	        1.5186	          0.0007	   1.6516	9.640e-04	   0.030	   294.011
 449	113	 4.6436	 1.0448	   1.5179	        1.5186	          0.0007	   1.6851	7.237e-04	   0.027	   294.547
 450	113	 4.6438	 1.0449	   1.5179	        1.5186	          0.0007	   1.6551	7.022e-04	   0.020	   295.078
 451	113	 4.6436	 1.0438	   1.5179	        1.5186	          0.0007	   1.5500	1.166e-03	   0.028	   295.637
 452	113	 4.6436	 1.0445	   1.5179	        1.5186	          0.0007	   1.6918	8.815e-04	   0.032	   296.169
 453	114	 4.6437	 1.0444	   1.5179	        1.5186	          0.0007	   1.6396	9.018e-04	   0.028	   296.693
 454	114	 4.6439	 1.0448	   1.5179	        1.5186	          0.0007	   1.6761	7.454e-04	   0.027	   297.211
 455	114	 4.6438	 1.0446	   1.5179	        1.5186	          0.0007	   1.6166	8.332e-04	   0.030	   297.728
 456	114	 4.6437	 1.0447	   1.5179	        1.5186	          0.0007	   1.6525	7.667e-04	   0.026	   298.259
 457	115	 4.6436	 1.0453	   1.5179	        1.5186	          0.0007	   1.6878	5.032e-04	   0.025	   298.782
 458	115	 4.6435	 1.0458	   1.5179	        1.5186	          0.0007	   1.6800	2.888e-04	   0.028	   299.314
 459	115	 4.6436	 1.0452	   1.5179	        1.5186	          0.0007	   1.5963	5.701e-04	   0.028	   299.813
 460	115	 4.6435	 1.0450	   1.5179	        1.5186	          0.0007	   1.6181	6.708e-04	   0.021	   300.321
 461	116	 4.6434	 1.0442	   1.5179	        1.5186	          0.0007	   1.5860	9.839e-04	   0.020	   300.797
 462	116	 4.6433	 1.0439	   1.5179	        1.5186	          0.0007	   1.6113	1.148e-03	   0.020	   301.253
 463	116	 4.6432	 1.0442	   1.5179	        1.5186	          0.0007	   1.6577	1.027e-03	   0.018	   301.719
 464	116	 4.6432	 1.0444	   1.5179	        1.5186	          0.0007	   1.6587	9.186e-04	   0.021	   302.186
 465	117	 4.6430	 1.0445	   1.5179	        1.5186	          0.0007	   1.6478	8.759e-04	   0.019	   302.612
 466	117	 4.6428	 1.0449	   1.5179	        1.5186	          0.0007	   1.6631	6.912e-04	   0.021	   303.052
 467	117	 4.6428	 1.0444	   1.5179	        1.5186	          0.0007	   1.5952	9.328e-04	   0.019	   303.473
 468	117	 4.6428	 1.0443	   1.5179	        1.5186	          0.0007	   1.6365	9.773e-04	   0.017	   303.888
 469	118	 4.6432	 1.0447	   1.5179	        1.5186	          0.0007	   1.6809	7.964e-04	   0.022	   304.314
 470	118	 4.6432	 1.0442	   1.5179	        1.5186	          0.0007	   1.5974	1.009e-03	   0.019	   304.752
 471	118	 4.6433	 1.0442	   1.5179	        1.5186	          0.0007	   1.6352	1.023e-03	   0.018	   305.165
 472	118	 4.6430	 1.0438	   1.5179	        1.5186	          0.0007	   1.6143	1.189e-03	   0.019	   305.585
 473	119	 4.6431	 1.0434	   1.5179	        1.5186	          0.0007	   1.6078	1.342e-03	   0.021	   306.003
 474	119	 4.6429	 1.0439	   1.5179	        1.5186	          0.0007	   1.6767	1.126e-03	   0.021	   306.434
 475	119	 4.6434	 1.0439	   1.5179	        1.5186	          0.0007	   1.6557	1.118e-03	   0.017	   306.879
 476	119	 4.6432	 1.0436	   1.5179	        1.5186	          0.0007	   1.6095	1.275e-03	   0.020	   307.318
 477	120	 4.6435	 1.0435	   1.5179	        1.5186	          0.0007	   1.6462	1.306e-03	   0.021	   307.744
 478	120	 4.6436	 1.0441	   1.5179	        1.5186	          0.0007	   1.6919	1.063e-03	   0.019	   308.188
 479	120	 4.6434	 1.0442	   1.5179	        1.5186	          0.0007	   1.6434	9.913e-04	   0.021	   308.642
 480	120	 4.6433	 1.0438	   1.5179	        1.5186	          0.0007	   1.6015	1.191e-03	   0.021	   309.082
 481	121	 4.6434	 1.0434	   1.5179	        1.5186	          0.0007	   1.6052	1.358e-03	   0.021	   309.532
 482	121	 4.6432	 1.0430	   1.5179	        1.5186	          0.0007	   1.6089	1.526e-03	   0.021	   310.015
 483	121	 4.6430	 1.0437	   1.5179	        1.5186	          0.0007	   1.6906	1.210e-03	   0.023	   310.514
 484	121	 4.6434	 1.0433	   1.5179	        1.5186	          0.0007	   1.6119	1.418e-03	   0.021	   310.958
 485	122	 4.6434	 1.0428	   1.5179	        1.5186	          0.0007	   1.6059	1.629e-03	   0.018	   311.382
 486	122	 4.6436	 1.0426	   1.5179	        1.5186	          0.0007	   1.6282	1.711e-03	   0.018	   311.802
 487	122	 4.6435	 1.0431	   1.5179	        1.5186	          0.0007	   1.6787	1.493e-03	   0.021	   312.220
 488	122	 4.6437	 1.0434	   1.5179	        1.5186	          0.0007	   1.6682	1.373e-03	   0.019	   312.641
 489	123	 4.6436	 1.0430	   1.5179	        1.5186	          0.0007	   1.6116	1.517e-03	   0.019	   313.077
 490	123	 4.6436	 1.0424	   1.5179	        1.5186	          0.0007	   1.5900	1.811e-03	   0.023	   313.512
 491	123	 4.6436	 1.0431	   1.5179	        1.5186	          0.0007	   1.6997	1.506e-03	   0.019	   313.964
 492	123	 4.6436	 1.0439	   1.5179	        1.5186	          0.0007	   1.7007	1.156e-03	   0.022	   314.419
 493	124	 4.6433	 1.0435	   1.5179	        1.5186	          0.0007	   1.5965	1.328e-03	   0.018	   314.846
 494	124	 4.6437	 1.0437	   1.5179	        1.5186	          0.0007	   1.6740	1.218e-03	   0.021	   315.286
 495	124	 4.6433	 1.0436	   1.5179	        1.5186	          0.0007	   1.6120	1.272e-03	   0.019	   315.707
 496	124	 4.6434	 1.0438	   1.5179	        1.5186	          0.0007	   1.6710	1.174e-03	   0.016	   316.123
 497	125	 4.6436	 1.0437	   1.5179	        1.5186	          0.0007	   1.6362	1.240e-03	   0.020	   316.546
 498	125	 4.6437	 1.0436	   1.5179	        1.5186	          0.0007	   1.6348	1.278e-03	   0.019	   316.987
 499	125	 4.6435	 1.0437	   1.5179	        1.5186	          0.0007	   1.6428	1.238e-03	   0.018	   317.400
 500	125	 4.6435	 1.0438	   1.5179	        1.5186	          0.0007	   1.6547	1.178e-03	   0.018	   317.820
 501	126	 4.6438	 1.0438	   1.5179	        1.5186	          0.0007	   1.6472	1.176e-03	   0.020	   318.238
 502	126	 4.6435	 1.0433	   1.5179	        1.5186	          0.0007	   1.5974	1.390e-03	   0.021	   318.665
 503	126	 4.6436	 1.0441	   1.5179	        1.5186	          0.0007	   1.7066	1.056e-03	   0.019	   319.112
 504	126	 4.6434	 1.0436	   1.5179	        1.5186	          0.0007	   1.5820	1.291e-03	   0.020	   319.552
 505	127	 4.6436	 1.0442	   1.5179	        1.5186	          0.0007	   1.6936	1.016e-03	   0.021	   319.975
 506	127	 4.6437	 1.0442	   1.5179	        1.5186	          0.0007	   1.6507	1.024e-03	   0.020	   320.420
 507	127	 4.6434	 1.0441	   1.5179	        1.5186	          0.0007	   1.6301	1.056e-03	   0.020	   320.875
 508	127	 4.6433	 1.0435	   1.5179	        1.5186	          0.0007	   1.5743	1.327e-03	   0.021	   321.316
 509	128	 4.6431	 1.0430	   1.5179	        1.5186	          0.0007	   1.5921	1.558e-03	   0.019	   321.752
 510	128	 4.6435	 1.0427	   1.5179	        1.5186	          0.0007	   1.6325	1.675e-03	   0.017	   322.168
 511	128	 4.6431	 1.0427	   1.5179	        1.5186	          0.0007	   1.6342	1.655e-03	   0.022	   322.611
 512	128	 4.6432	 1.0427	   1.5179	        1.5186	          0.0007	   1.6383	1.657e-03	   0.019	   323.049
 513	129	 4.6432	 1.0423	   1.5179	        1.5186	          0.0007	   1.6016	1.839e-03	   0.018	   323.477
 514	129	 4.6433	 1.0427	   1.5179	        1.5186	          0.0007	   1.6803	1.650e-03	   0.018	   323.897
 515	129	 4.6430	 1.0428	   1.5179	        1.5186	          0.0007	   1.6426	1.630e-03	   0.021	   324.315
 516	129	 4.6431	 1.0427	   1.5179	        1.5186	          0.0007	   1.6352	1.653e-03	   0.019	   324.736
 517	130	 4.6429	 1.0427	   1.5179	        1.5186	          0.0007	   1.6265	1.668e-03	   0.018	   325.168
 518	130	 4.6429	 1.0424	   1.5179	        1.5186	          0.0007	   1.6078	1.809e-03	   0.023	   325.609
 519	130	 4.6429	 1.0428	   1.5179	        1.5186	          0.0007	   1.6898	1.606e-03	   0.019	   326.053
 520	130	 4.6429	 1.0427	   1.5179	        1.5186	          0.0007	   1.6344	1.656e-03	   0.020	   326.481
 521	131	 4.6430	 1.0429	   1.5179	        1.5186	          0.0007	   1.6642	1.565e-03	   0.018	   326.908
 522	131	 4.6435	 1.0427	   1.5179	        1.5186	          0.0007	   1.6329	1.686e-03	   0.021	   327.348
 523	131	 4.6433	 1.0424	   1.5179	        1.5186	          0.0007	   1.6011	1.816e-03	   0.019	   327.769
 524	131	 4.6430	 1.0422	   1.5179	        1.5186	          0.0007	   1.6242	1.873e-03	   0.017	   328.185
 525	132	 4.6429	 1.0421	   1.5179	        1.5186	          0.0007	   1.6193	1.949e-03	   0.020	   328.608
 526	132	 4.6428	 1.0429	   1.5179	        1.5186	          0.0007	   1.7153	1.588e-03	   0.019	   329.048
 527	132	 4.6427	 1.0428	   1.5179	        1.5186	          0.0007	   1.6277	1.613e-03	   0.018	   329.462
 528	132	 4.6427	 1.0425	   1.5179	        1.5186	          0.0007	   1.6102	1.764e-03	   0.018	   329.882
 529	133	 4.6429	 1.0425	   1.5179	        1.5186	          0.0007	   1.6533	1.754e-03	   0.021	   330.300
 530	133	 4.6426	 1.0428	   1.5179	        1.5186	          0.0007	   1.6625	1.610e-03	   0.021	   330.722
 531	133	 4.6428	 1.0423	   1.5179	        1.5186	          0.0007	   1.5956	1.829e-03	   0.019	   331.198
 532	133	 4.6427	 1.0423	   1.5179	        1.5186	          0.0007	   1.6415	1.833e-03	   0.022	   331.683
 533	134	 4.6430	 1.0425	   1.5179	        1.5186	          0.0007	   1.6701	1.744e-03	   0.021	   332.143
 534	134	 4.6429	 1.0421	   1.5179	        1.5186	          0.0007	   1.5892	1.933e-03	   0.021	   332.630
 535	134	 4.6427	 1.0422	   1.5179	        1.5186	          0.0007	   1.6317	1.915e-03	   0.025	   333.154
 536	134	 4.6426	 1.0428	   1.5179	        1.5186	          0.0007	   1.6991	1.648e-03	   0.024	   333.665
 537	135	 4.6427	 1.0429	   1.5179	        1.5186	          0.0007	   1.6567	1.571e-03	   0.019	   334.138
 538	135	 4.6423	 1.0427	   1.5179	        1.5186	          0.0007	   1.6144	1.664e-03	   0.017	   334.569
 539	135	 4.6427	 1.0425	   1.5179	        1.5186	          0.0007	   1.6416	1.739e-03	   0.021	   335.008
 540	135	 4.6426	 1.0428	   1.5179	        1.5186	          0.0007	   1.6510	1.621e-03	   0.019	   335.450
 541	136	 4.6425	 1.0432	   1.5179	        1.5186	          0.0007	   1.6581	1.463e-03	   0.018	   335.878
 542	136	 4.6424	 1.0436	   1.5179	        1.5186	          0.0007	   1.6841	1.263e-03	   0.019	   336.298
 543	136	 4.6424	 1.0426	   1.5179	        1.5186	          0.0007	   1.5497	1.704e-03	   0.021	   336.716
 544	136	 4.6425	 1.0426	   1.5179	        1.5186	          0.0007	   1.6397	1.723e-03	   0.019	   337.137
 545	137	 4.6428	 1.0433	   1.5179	        1.5186	          0.0007	   1.7138	1.423e-03	   0.021	   337.596
 546	137	 4.6428	 1.0426	   1.5179	        1.5186	          0.0007	   1.5805	1.729e-03	   0.021	   338.053
 547	137	 4.6430	 1.0425	   1.5179	        1.5186	          0.0007	   1.6423	1.741e-03	   0.019	   338.487
 548	137	 4.6428	 1.0428	   1.5179	        1.5186	          0.0007	   1.6631	1.606e-03	   0.020	   338.910
 549	138	 4.6424	 1.0428	   1.5179	        1.5186	          0.0007	   1.6295	1.619e-03	   0.018	   339.342
 550	138	 4.6422	 1.0422	   1.5179	        1.5186	          0.0007	   1.5705	1.914e-03	   0.022	   339.782
 551	138	 4.6423	 1.0427	   1.5179	        1.5186	          0.0007	   1.6885	1.691e-03	   0.019	   340.203
 552	138	 4.6426	 1.0428	   1.5179	        1.5186	          0.0007	   1.6596	1.632e-03	   0.017	   340.619
 553	139	 4.6425	 1.0425	   1.5179	        1.5186	          0.0007	   1.6113	1.772e-03	   0.020	   341.042
 554	139	 4.6427	 1.0425	   1.5179	        1.5186	          0.0007	   1.6414	1.766e-03	   0.019	   341.483
 555	139	 4.6428	 1.0431	   1.5179	        1.5186	          0.0007	   1.6985	1.502e-03	   0.018	   341.896
 556	139	 4.6427	 1.0432	   1.5179	        1.5186	          0.0007	   1.6494	1.438e-03	   0.018	   342.316
 557	140	 4.6428	 1.0429	   1.5179	        1.5186	          0.0007	   1.6132	1.579e-03	   0.020	   342.734
 558	140	 4.6428	 1.0430	   1.5179	        1.5186	          0.0007	   1.6558	1.522e-03	   0.019	   343.155
 559	140	 4.6427	 1.0431	   1.5179	        1.5186	          0.0007	   1.6410	1.496e-03	   0.019	   343.603
 560	140	 4.6426	 1.0435	   1.5179	        1.5186	          0.0007	   1.6787	1.307e-03	   0.021	   344.048
 561	141	 4.6429	 1.0434	   1.5179	        1.5186	          0.0007	   1.6343	1.347e-03	   0.019	   344.467
 562	141	 4.6424	 1.0433	   1.5179	        1.5186	          0.0007	   1.6169	1.395e-03	   0.020	   344.910
 563	141	 4.6423	 1.0435	   1.5179	        1.5186	          0.0007	   1.6586	1.312e-03	   0.023	   345.362
 564	141	 4.6424	 1.0434	   1.5179	        1.5186	          0.0007	   1.6285	1.363e-03	   0.022	   345.811
 565	142	 4.6421	 1.0435	   1.5179	        1.5186	          0.0007	   1.6403	1.327e-03	   0.019	   346.248
 566	142	 4.6423	 1.0438	   1.5179	        1.5186	          0.0007	   1.6815	1.174e-03	   0.017	   346.664
 567	142	 4.6423	 1.0435	   1.5179	        1.5186	          0.0007	   1.6014	1.309e-03	   0.023	   347.099
 568	142	 4.6423	 1.0435	   1.5179	        1.5186	          0.0007	   1.6390	1.335e-03	   0.019	   347.545
 569	143	 4.6422	 1.0435	   1.5179	        1.5186	          0.0007	   1.6531	1.299e-03	   0.018	   347.974
 570	143	 4.6424	 1.0432	   1.5179	        1.5186	          0.0007	   1.6143	1.460e-03	   0.019	   348.393
 571	143	 4.6422	 1.0434	   1.5179	        1.5186	          0.0007	   1.6513	1.382e-03	   0.021	   348.811
 572	143	 4.6421	 1.0434	   1.5179	        1.5186	          0.0007	   1.6420	1.339e-03	   0.018	   349.212
 573	144	 4.6420	 1.0440	   1.5179	        1.5186	          0.0007	   1.6903	1.101e-03	   0.021	   349.656
 574	144	 4.6420	 1.0434	   1.5179	        1.5186	          0.0007	   1.5790	1.381e-03	   0.021	   350.064
 575	144	 4.6421	 1.0436	   1.5179	        1.5186	          0.0007	   1.6684	1.254e-03	   0.020	   350.451
 576	144	 4.6421	 1.0431	   1.5179	        1.5186	          0.0007	   1.5909	1.488e-03	   0.022	   350.840
 577	145	 4.6423	 1.0426	   1.5179	        1.5186	          0.0007	   1.6008	1.729e-03	   0.020	   351.246
 578	145	 4.6422	 1.0420	   1.5179	        1.5186	          0.0007	   1.5727	1.991e-03	   0.023	   351.654
 579	145	 4.6423	 1.0426	   1.5179	        1.5186	          0.0007	   1.7005	1.730e-03	   0.020	   352.045
 580	145	 4.6422	 1.0431	   1.5179	        1.5186	          0.0007	   1.6851	1.515e-03	   0.018	   352.431
 581	146	 4.6422	 1.0432	   1.5179	        1.5186	          0.0007	   1.6624	1.431e-03	   0.021	   352.824
 582	146	 4.6424	 1.0433	   1.5179	        1.5186	          0.0007	   1.6529	1.391e-03	   0.020	   353.233
 583	146	 4.6422	 1.0436	   1.5179	        1.5186	          0.0007	   1.6683	1.256e-03	   0.020	   353.616
 584	146	 4.6421	 1.0431	   1.5179	        1.5186	          0.0007	   1.5813	1.492e-03	   0.020	   354.006
 585	147	 4.6418	 1.0438	   1.5179	        1.5186	          0.0007	   1.6979	1.186e-03	   0.021	   354.395
 586	147	 4.6419	 1.0438	   1.5179	        1.5186	          0.0007	   1.6408	1.200e-03	   0.020	   354.783
 587	147	 4.6422	 1.0438	   1.5179	        1.5186	          0.0007	   1.6517	1.199e-03	   0.020	   355.200
 588	147	 4.6421	 1.0434	   1.5179	        1.5186	          0.0007	   1.6030	1.365e-03	   0.023	   355.618
 589	148	 4.6418	 1.0432	   1.5179	        1.5186	          0.0007	   1.6103	1.464e-03	   0.024	   356.061
 590	148	 4.6418	 1.0433	   1.5179	        1.5186	          0.0007	   1.6447	1.423e-03	   0.023	   356.539
 591	148	 4.6417	 1.0429	   1.5179	        1.5186	          0.0007	   1.6051	1.597e-03	   0.024	   356.969
 592	148	 4.6421	 1.0435	   1.5179	        1.5186	          0.0007	   1.7114	1.318e-03	   0.023	   357.395
 593	149	 4.6422	 1.0434	   1.5179	        1.5186	          0.0007	   1.6371	1.366e-03	   0.020	   357.802
 594	149	 4.6421	 1.0431	   1.5179	        1.5186	          0.0007	   1.6116	1.482e-03	   0.018	   358.188
 595	149	 4.6422	 1.0434	   1.5179	        1.5186	          0.0007	   1.6683	1.373e-03	   0.022	   358.602
 596	149	 4.6419	 1.0437	   1.5179	        1.5186	          0.0007	   1.6636	1.216e-03	   0.022	   359.010
 597	150	 4.6420	 1.0437	   1.5179	        1.5186	          0.0007	   1.6303	1.244e-03	   0.019	   359.406
 598	150	 4.6419	 1.0436	   1.5179	        1.5186	          0.0007	   1.6362	1.270e-03	   0.020	   359.795
 599	150	 4.6419	 1.0436	   1.5179	        1.5186	          0.0007	   1.6388	1.294e-03	   0.023	   360.195
 600	150	 4.6417	 1.0435	   1.5179	        1.5186	          0.0007	   1.6275	1.328e-03	   0.021	   360.616
 601	151	 4.6416	 1.0439	   1.5179	        1.5186	          0.0007	   1.6851	1.138e-03	   0.022	   361.033
 602	151	 4.6418	 1.0439	   1.5179	        1.5186	          0.0007	   1.6465	1.126e-03	   0.021	   361.443
 603	151	 4.6418	 1.0439	   1.5179	        1.5186	          0.0007	   1.6329	1.154e-03	   0.020	   361.830
 604	151	 4.6417	 1.0436	   1.5179	        1.5186	          0.0007	   1.6146	1.255e-03	   0.022	   362.216
 605	152	 4.6420	 1.0435	   1.5179	        1.5186	          0.0007	   1.6465	1.299e-03	   0.020	   362.625
 606	152	 4.6418	 1.0439	   1.5179	        1.5186	          0.0007	   1.6700	1.136e-03	   0.023	   363.029
 607	152	 4.6417	 1.0438	   1.5179	        1.5186	          0.0007	   1.6283	1.166e-03	   0.020	   363.424
 608	152	 4.6416	 1.0437	   1.5179	        1.5186	          0.0007	   1.6183	1.231e-03	   0.018	   363.810
 609	153	 4.6418	 1.0441	   1.5179	        1.5186	          0.0007	   1.6864	1.059e-03	   0.021	   364.203
 610	153	 4.6418	 1.0441	   1.5179	        1.5186	          0.0007	   1.6487	1.060e-03	   0.020	   364.612
 611	153	 4.6417	 1.0440	   1.5179	        1.5186	          0.0007	   1.6247	1.091e-03	   0.019	   364.995
 612	153	 4.6415	 1.0436	   1.5179	        1.5186	          0.0007	   1.5889	1.274e-03	   0.020	   365.385
 613	154	 4.6416	 1.0439	   1.5179	        1.5186	          0.0007	   1.6825	1.130e-03	   0.021	   365.774
 614	154	 4.6416	 1.0440	   1.5179	        1.5186	          0.0007	   1.6462	1.098e-03	   0.020	   366.162
 615	154	 4.6415	 1.0434	   1.5179	        1.5186	          0.0007	   1.5657	1.377e-03	   0.018	   366.575
 616	154	 4.6414	 1.0434	   1.5179	        1.5186	          0.0007	   1.6399	1.352e-03	   0.023	   366.992
 617	155	 4.6415	 1.0438	   1.5179	        1.5186	          0.0007	   1.6866	1.193e-03	   0.020	   367.383
 618	155	 4.6414	 1.0435	   1.5179	        1.5186	          0.0007	   1.6044	1.319e-03	   0.021	   367.790
 619	155	 4.6417	 1.0434	   1.5179	        1.5186	          0.0007	   1.6441	1.347e-03	   0.021	   368.201
 620	155	 4.6415	 1.0435	   1.5179	        1.5186	          0.0007	   1.6347	1.334e-03	   0.022	   368.632
 621	156	 4.6414	 1.0434	   1.5179	        1.5186	          0.0007	   1.6307	1.347e-03	   0.020	   369.042
 622	156	 4.6412	 1.0429	   1.5179	        1.5186	          0.0007	   1.5734	1.571e-03	   0.018	   369.427
 623	156	 4.6412	 1.0431	   1.5179	        1.5186	          0.0007	   1.6600	1.488e-03	   0.023	   369.839
 624	156	 4.6415	 1.0435	   1.5179	        1.5186	          0.0007	   1.7076	1.307e-03	   0.020	   370.247
 625	157	 4.6420	 1.0436	   1.5179	        1.5186	          0.0007	   1.6666	1.264e-03	   0.020	   370.645
 626	157	 4.6417	 1.0438	   1.5179	        1.5186	          0.0007	   1.6645	1.171e-03	   0.020	   371.035
 627	157	 4.6417	 1.0435	   1.5179	        1.5186	          0.0007	   1.5962	1.333e-03	   0.023	   371.436
 628	157	 4.6418	 1.0436	   1.5179	        1.5186	          0.0007	   1.6502	1.279e-03	   0.020	   371.849
 629	158	 4.6417	 1.0436	   1.5179	        1.5186	          0.0007	   1.6430	1.266e-03	   0.020	   372.239
 630	158	 4.6415	 1.0440	   1.5179	        1.5186	          0.0007	   1.6765	1.108e-03	   0.021	   372.650
 631	158	 4.6414	 1.0436	   1.5179	        1.5186	          0.0007	   1.5977	1.279e-03	   0.020	   373.037
 632	158	 4.6417	 1.0437	   1.5179	        1.5186	          0.0007	   1.6569	1.233e-03	   0.020	   373.420
 633	159	 4.6415	 1.0439	   1.5179	        1.5186	          0.0007	   1.6506	1.142e-03	   0.020	   373.832
 634	159	 4.6415	 1.0434	   1.5179	        1.5186	          0.0007	   1.5855	1.353e-03	   0.023	   374.231
 635	159	 4.6417	 1.0438	   1.5179	        1.5186	          0.0007	   1.7020	1.167e-03	   0.020	   374.631
 636	159	 4.6415	 1.0438	   1.5179	        1.5186	          0.0007	   1.6341	1.166e-03	   0.018	   375.016
 637	160	 4.6417	 1.0447	   1.5179	        1.5186	          0.0007	   1.7524	7.681e-04	   0.023	   375.449
 638	160	 4.6415	 1.0445	   1.5179	        1.5186	          0.0007	   1.6119	8.529e-04	   0.022	   375.900
 639	160	 4.6415	 1.0441	   1.5179	        1.5186	          0.0007	   1.5850	1.056e-03	   0.022	   376.324
 640	160	 4.6418	 1.0434	   1.5179	        1.5186	          0.0007	   1.5739	1.375e-03	   0.021	   376.743
 641	161	 4.6418	 1.0433	   1.5179	        1.5186	          0.0007	   1.6343	1.421e-03	   0.023	   377.151
 642	161	 4.6416	 1.0431	   1.5179	        1.5186	          0.0007	   1.6084	1.497e-03	   0.024	   377.596
 643	161	 4.6418	 1.0430	   1.5179	        1.5186	          0.0007	   1.6383	1.540e-03	   0.024	   378.081
 644	161	 4.6418	 1.0432	   1.5179	        1.5186	          0.0007	   1.6608	1.472e-03	   0.026	   378.548
 645	162	 4.6416	 1.0436	   1.5179	        1.5186	          0.0007	   1.6817	1.278e-03	   0.020	   378.960
 646	162	 4.6417	 1.0433	   1.5179	        1.5186	          0.0007	   1.6040	1.421e-03	   0.021	   379.364
 647	162	 4.6415	 1.0425	   1.5179	        1.5186	          0.0007	   1.5454	1.768e-03	   0.023	   379.775
 648	162	 4.6416	 1.0434	   1.5179	        1.5186	          0.0007	   1.7561	1.349e-03	   0.023	   380.206
 649	163	 4.6417	 1.0432	   1.5179	        1.5186	          0.0007	   1.6146	1.468e-03	   0.022	   380.618
 650	163	 4.6420	 1.0429	   1.5179	        1.5186	          0.0007	   1.6144	1.593e-03	   0.018	   381.004
 651	163	 4.6422	 1.0431	   1.5179	        1.5186	          0.0007	   1.6681	1.516e-03	   0.023	   381.413
 652	163	 4.6420	 1.0425	   1.5179	        1.5186	          0.0007	   1.5672	1.776e-03	   0.021	   381.824
 653	164	 4.6420	 1.0426	   1.5179	        1.5186	          0.0007	   1.6457	1.737e-03	   0.020	   382.222
 654	164	 4.6420	 1.0421	   1.5179	        1.5186	          0.0007	   1.5866	1.926e-03	   0.023	   382.642
 655	164	 4.6419	 1.0421	   1.5179	        1.5186	          0.0007	   1.6446	1.918e-03	   0.021	   383.056
 656	164	 4.6420	 1.0423	   1.5179	        1.5186	          0.0007	   1.6681	1.847e-03	   0.020	   383.459
 657	165	 4.6419	 1.0421	   1.5179	        1.5186	          0.0007	   1.6103	1.949e-03	   0.018	   383.844
 658	165	 4.6419	 1.0430	   1.5179	        1.5186	          0.0007	   1.7430	1.548e-03	   0.021	   384.259
 659	165	 4.6419	 1.0431	   1.5179	        1.5186	          0.0007	   1.6529	1.500e-03	   0.020	   384.646
 660	165	 4.6419	 1.0426	   1.5179	        1.5186	          0.0007	   1.5813	1.737e-03	   0.020	   385.029
 661	166	 4.6421	 1.0423	   1.5179	        1.5186	          0.0007	   1.6182	1.850e-03	   0.020	   385.441
 662	166	 4.6421	 1.0429	   1.5179	        1.5186	          0.0007	   1.7028	1.594e-03	   0.023	   385.837
 663	166	 4.6419	 1.0424	   1.5179	        1.5186	          0.0007	   1.5796	1.801e-03	   0.020	   386.241
 664	166	 4.6420	 1.0427	   1.5179	        1.5186	          0.0007	   1.6781	1.685e-03	   0.018	   386.626
 665	167	 4.6421	 1.0421	   1.5179	        1.5186	          0.0007	   1.5770	1.922e-03	   0.021	   387.019
 666	167	 4.6422	 1.0422	   1.5179	        1.5186	          0.0007	   1.6452	1.911e-03	   0.020	   387.428
 667	167	 4.6423	 1.0423	   1.5179	        1.5186	          0.0007	   1.6613	1.844e-03	   0.020	   387.811
 668	167	 4.6421	 1.0428	   1.5179	        1.5186	          0.0007	   1.6958	1.610e-03	   0.020	   388.201
 669	168	 4.6423	 1.0434	   1.5179	        1.5186	          0.0007	   1.7126	1.353e-03	   0.021	   388.590
 670	168	 4.6421	 1.0436	   1.5179	        1.5186	          0.0007	   1.6501	1.276e-03	   0.020	   388.978
 671	168	 4.6422	 1.0432	   1.5179	        1.5186	          0.0007	   1.5966	1.469e-03	   0.018	   389.386
 672	168	 4.6419	 1.0431	   1.5179	        1.5186	          0.0007	   1.6219	1.513e-03	   0.023	   389.801
 673	169	 4.6423	 1.0430	   1.5179	        1.5186	          0.0007	   1.6513	1.551e-03	   0.020	   390.198
 674	169	 4.6422	 1.0430	   1.5179	        1.5186	          0.0007	   1.6345	1.532e-03	   0.022	   390.600
 675	169	 4.6420	 1.0428	   1.5179	        1.5186	          0.0007	   1.6018	1.637e-03	   0.020	   391.011
 676	169	 4.6419	 1.0428	   1.5179	        1.5186	          0.0007	   1.6379	1.643e-03	   0.022	   391.442
 677	170	 4.6417	 1.0424	   1.5179	        1.5186	          0.0007	   1.5932	1.783e-03	   0.022	   391.852
 678	170	 4.6417	 1.0424	   1.5179	        1.5186	          0.0007	   1.6433	1.784e-03	   0.018	   392.243
 679	170	 4.6418	 1.0429	   1.5179	        1.5186	          0.0007	   1.7034	1.562e-03	   0.023	   392.648
 680	170	 4.6420	 1.0430	   1.5179	        1.5186	          0.0007	   1.6507	1.555e-03	   0.021	   393.063
 681	171	 4.6419	 1.0426	   1.5179	        1.5186	          0.0007	   1.5879	1.735e-03	   0.020	   393.461
 682	171	 4.6420	 1.0425	   1.5179	        1.5186	          0.0007	   1.6387	1.763e-03	   0.022	   393.883
 683	171	 4.6423	 1.0425	   1.5179	        1.5186	          0.0007	   1.6514	1.771e-03	   0.021	   394.278
 684	171	 4.6422	 1.0430	   1.5179	        1.5186	          0.0007	   1.6925	1.560e-03	   0.020	   394.666
 685	172	 4.6422	 1.0430	   1.5179	        1.5186	          0.0007	   1.6513	1.523e-03	   0.018	   395.052
 686	172	 4.6423	 1.0429	   1.5179	        1.5186	          0.0007	   1.6293	1.602e-03	   0.021	   395.467
 687	172	 4.6421	 1.0426	   1.5179	        1.5186	          0.0007	   1.5924	1.737e-03	   0.020	   395.854
 688	172	 4.6421	 1.0430	   1.5179	        1.5186	          0.0007	   1.6953	1.536e-03	   0.020	   396.237
 689	173	 4.6422	 1.0435	   1.5179	        1.5186	          0.0007	   1.6999	1.327e-03	   0.020	   396.649
 690	173	 4.6421	 1.0433	   1.5179	        1.5186	          0.0007	   1.6184	1.385e-03	   0.023	   397.040
 691	173	 4.6421	 1.0431	   1.5179	        1.5186	          0.0007	   1.6144	1.489e-03	   0.020	   397.448
 692	173	 4.6421	 1.0430	   1.5179	        1.5186	          0.0007	   1.6284	1.530e-03	   0.018	   397.834
 693	174	 4.6422	 1.0433	   1.5179	        1.5186	          0.0007	   1.6787	1.418e-03	   0.021	   398.227
 694	174	 4.6421	 1.0431	   1.5179	        1.5186	          0.0007	   1.6011	1.512e-03	   0.022	   398.635
 695	174	 4.6422	 1.0430	   1.5179	        1.5186	          0.0007	   1.6436	1.534e-03	   0.020	   399.019
 696	174	 4.6420	 1.0432	   1.5179	        1.5186	          0.0007	   1.6545	1.469e-03	   0.024	   399.442
 697	175	 4.6421	 1.0426	   1.5179	        1.5186	          0.0007	   1.5737	1.731e-03	   0.024	   399.911
 698	175	 4.6420	 1.0428	   1.5179	        1.5186	          0.0007	   1.6596	1.628e-03	   0.020	   400.325
 699	175	 4.6421	 1.0429	   1.5179	        1.5186	          0.0007	   1.6577	1.593e-03	   0.020	   400.731
 700	175	 4.6419	 1.0431	   1.5179	        1.5186	          0.0007	   1.6625	1.500e-03	   0.021	   401.144
 701	176	 4.6420	 1.0434	   1.5179	        1.5186	          0.0007	   1.6742	1.376e-03	   0.020	   401.546
 702	176	 4.6418	 1.0440	   1.5179	        1.5186	          0.0007	   1.7171	1.083e-03	   0.021	   401.945
 703	176	 4.6420	 1.0437	   1.5179	        1.5186	          0.0007	   1.6062	1.242e-03	   0.021	   402.359
 704	176	 4.6419	 1.0432	   1.5179	        1.5186	          0.0007	   1.5821	1.430e-03	   0.021	   402.784
 705	177	 4.6421	 1.0431	   1.5179	        1.5186	          0.0007	   1.6382	1.475e-03	   0.022	   403.194
 706	177	 4.6421	 1.0429	   1.5179	        1.5186	          0.0007	   1.6036	1.604e-03	   0.018	   403.591
 707	177	 4.6420	 1.0427	   1.5179	        1.5186	          0.0007	   1.6166	1.688e-03	   0.023	   403.990
 708	177	 4.6421	 1.0430	   1.5179	        1.5186	          0.0007	   1.6823	1.551e-03	   0.024	   404.419
 709	178	 4.6421	 1.0431	   1.5179	        1.5186	          0.0007	   1.6669	1.472e-03	   0.020	   404.852
 710	178	 4.6422	 1.0434	   1.5179	        1.5186	          0.0007	   1.6741	1.379e-03	   0.022	   405.265
 711	178	 4.6421	 1.0431	   1.5179	        1.5186	          0.0007	   1.6043	1.497e-03	   0.021	   405.658
 712	178	 4.6419	 1.0431	   1.5179	        1.5186	          0.0007	   1.6330	1.478e-03	   0.020	   406.046
 713	179	 4.6418	 1.0430	   1.5179	        1.5186	          0.0007	   1.6159	1.558e-03	   0.018	   406.431
 714	179	 4.6420	 1.0432	   1.5179	        1.5186	          0.0007	   1.6815	1.440e-03	   0.021	   406.846
 715	179	 4.6417	 1.0426	   1.5179	        1.5186	          0.0007	   1.5556	1.709e-03	   0.020	   407.233
 716	179	 4.6417	 1.0431	   1.5179	        1.5186	          0.0007	   1.6923	1.502e-03	   0.019	   407.616
 717	180	 4.6416	 1.0433	   1.5179	        1.5186	          0.0007	   1.6689	1.400e-03	   0.020	   408.028
 718	180	 4.6417	 1.0434	   1.5179	        1.5186	          0.0007	   1.6587	1.360e-03	   0.021	   408.417
 719	180	 4.6418	 1.0432	   1.5179	        1.5186	          0.0007	   1.6174	1.453e-03	   0.020	   408.828
 720	180	 4.6419	 1.0431	   1.5179	        1.5186	          0.0007	   1.6300	1.486e-03	   0.018	   409.213
 721	181	 4.6418	 1.0433	   1.5179	        1.5186	          0.0007	   1.6692	1.394e-03	   0.021	   409.606
 722	181	 4.6419	 1.0432	   1.5179	        1.5186	          0.0007	   1.6229	1.451e-03	   0.022	   410.010
 723	181	 4.6418	 1.0431	   1.5179	        1.5186	          0.0007	   1.6294	1.482e-03	   0.020	   410.399
 724	181	 4.6419	 1.0431	   1.5179	        1.5186	          0.0007	   1.6433	1.477e-03	   0.020	   410.788
 725	182	 4.6415	 1.0435	   1.5179	        1.5186	          0.0007	   1.6641	1.333e-03	   0.021	   411.178
 726	182	 4.6415	 1.0431	   1.5179	        1.5186	          0.0007	   1.5943	1.492e-03	   0.020	   411.566
 727	182	 4.6415	 1.0429	   1.5179	        1.5186	          0.0007	   1.6194	1.581e-03	   0.018	   411.967
 728	182	 4.6416	 1.0433	   1.5179	        1.5186	          0.0007	   1.7015	1.393e-03	   0.021	   412.384
 729	183	 4.6417	 1.0432	   1.5179	        1.5186	          0.0007	   1.6305	1.442e-03	   0.020	   412.786
 730	183	 4.6415	 1.0433	   1.5179	        1.5186	          0.0007	   1.6382	1.406e-03	   0.021	   413.181
 731	183	 4.6416	 1.0434	   1.5179	        1.5186	          0.0007	   1.6546	1.372e-03	   0.021	   413.598
 732	183	 4.6415	 1.0433	   1.5179	        1.5186	          0.0007	   1.6188	1.426e-03	   0.023	   414.023
 733	184	 4.6416	 1.0430	   1.5179	        1.5186	          0.0007	   1.6028	1.554e-03	   0.020	   414.430
 734	184	 4.6414	 1.0431	   1.5179	        1.5186	          0.0007	   1.6518	1.493e-03	   0.018	   414.830
 735	184	 4.6415	 1.0433	   1.5179	        1.5186	          0.0007	   1.6831	1.384e-03	   0.023	   415.225
 736	184	 4.6417	 1.0437	   1.5179	        1.5186	          0.0007	   1.6826	1.247e-03	   0.023	   415.656
 737	185	 4.6419	 1.0438	   1.5179	        1.5186	          0.0007	   1.6740	1.163e-03	   0.020	   416.086
 738	185	 4.6417	 1.0433	   1.5179	        1.5186	          0.0007	   1.5593	1.397e-03	   0.020	   416.476
 739	185	 4.6418	 1.0435	   1.5179	        1.5186	          0.0007	   1.6663	1.338e-03	   0.021	   416.865
 740	185	 4.6417	 1.0437	   1.5179	        1.5186	          0.0007	   1.6632	1.246e-03	   0.020	   417.253
 741	186	 4.6414	 1.0439	   1.5179	        1.5186	          0.0007	   1.6674	1.140e-03	   0.018	   417.638
 742	186	 4.6416	 1.0438	   1.5179	        1.5186	          0.0007	   1.6341	1.186e-03	   0.021	   418.053
 743	186	 4.6416	 1.0441	   1.5179	        1.5186	          0.0007	   1.6787	1.045e-03	   0.020	   418.440
 744	186	 4.6417	 1.0436	   1.5179	        1.5186	          0.0007	   1.5771	1.276e-03	   0.022	   418.859
 745	187	 4.6417	 1.0438	   1.5179	        1.5186	          0.0007	   1.6624	1.201e-03	   0.024	   419.311
 746	187	 4.6419	 1.0438	   1.5179	        1.5186	          0.0007	   1.6488	1.200e-03	   0.023	   419.742
 747	187	 4.6419	 1.0436	   1.5179	        1.5186	          0.0007	   1.6177	1.284e-03	   0.020	   420.169
 748	187	 4.6418	 1.0434	   1.5179	        1.5186	          0.0007	   1.6116	1.347e-03	   0.018	   420.555
 749	188	 4.6418	 1.0429	   1.5179	        1.5186	          0.0007	   1.5754	1.598e-03	   0.025	   420.984
 750	188	 4.6418	 1.0428	   1.5179	        1.5186	          0.0007	   1.6186	1.641e-03	   0.026	   421.460
 751	188	 4.6419	 1.0431	   1.5179	        1.5186	          0.0007	   1.6832	1.493e-03	   0.024	   421.908
 752	188	 4.6418	 1.0432	   1.5179	        1.5186	          0.0007	   1.6588	1.431e-03	   0.023	   422.334
 753	189	 4.6417	 1.0432	   1.5179	        1.5186	          0.0007	   1.6343	1.429e-03	   0.021	   422.724
 754	189	 4.6416	 1.0431	   1.5179	        1.5186	          0.0007	   1.6106	1.510e-03	   0.020	   423.112
 755	189	 4.6416	 1.0426	   1.5179	        1.5186	          0.0007	   1.5815	1.695e-03	   0.020	   423.512
 756	189	 4.6417	 1.0432	   1.5179	        1.5186	          0.0007	   1.7117	1.470e-03	   0.021	   423.930
 757	190	 4.6418	 1.0428	   1.5179	        1.5186	          0.0007	   1.6003	1.634e-03	   0.020	   424.332
 758	190	 4.6420	 1.0427	   1.5179	        1.5186	          0.0007	   1.6418	1.653e-03	   0.022	   424.724
 759	190	 4.6418	 1.0429	   1.5179	        1.5186	          0.0007	   1.6620	1.564e-03	   0.022	   425.144
 760	190	 4.6419	 1.0429	   1.5179	        1.5186	          0.0007	   1.6325	1.583e-03	   0.021	   425.565
 761	191	 4.6418	 1.0429	   1.5179	        1.5186	          0.0007	   1.6432	1.583e-03	   0.020	   425.977
 762	191	 4.6416	 1.0427	   1.5179	        1.5186	          0.0007	   1.6018	1.682e-03	   0.018	   426.377
 763	191	 4.6417	 1.0430	   1.5179	        1.5186	          0.0007	   1.6854	1.532e-03	   0.023	   426.801
 764	191	 4.6418	 1.0430	   1.5179	        1.5186	          0.0007	   1.6411	1.549e-03	   0.022	   427.243
 765	192	 4.6417	 1.0427	   1.5179	        1.5186	          0.0007	   1.5928	1.692e-03	   0.022	   427.665
 766	192	 4.6418	 1.0431	   1.5179	        1.5186	          0.0007	   1.7112	1.475e-03	   0.020	   428.055
 767	192	 4.6418	 1.0433	   1.5179	        1.5186	          0.0007	   1.6556	1.418e-03	   0.021	   428.444
 768	192	 4.6418	 1.0431	   1.5179	        1.5186	          0.0007	   1.6150	1.510e-03	   0.020	   428.832
 769	193	 4.6422	 1.0431	   1.5179	        1.5186	          0.0007	   1.6663	1.493e-03	   0.018	   429.218
 770	193	 4.6422	 1.0433	   1.5179	        1.5186	          0.0007	   1.6509	1.424e-03	   0.021	   429.633
 771	193	 4.6421	 1.0433	   1.5179	        1.5186	          0.0007	   1.6378	1.427e-03	   0.020	   430.020
 772	193	 4.6420	 1.0429	   1.5179	        1.5186	          0.0007	   1.5922	1.581e-03	   0.020	   430.403
 773	194	 4.6419	 1.0427	   1.5179	        1.5186	          0.0007	   1.6132	1.667e-03	   0.022	   430.811
 774	194	 4.6419	 1.0424	   1.5179	        1.5186	          0.0007	   1.5877	1.827e-03	   0.021	   431.204
 775	194	 4.6419	 1.0426	   1.5179	        1.5186	          0.0007	   1.6763	1.712e-03	   0.021	   431.615
 776	194	 4.6420	 1.0428	   1.5179	        1.5186	          0.0007	   1.6676	1.648e-03	   0.018	   432.000
 777	195	 4.6419	 1.0429	   1.5179	        1.5186	          0.0007	   1.6624	1.575e-03	   0.021	   432.393
 778	195	 4.6419	 1.0431	   1.5179	        1.5186	          0.0007	   1.6708	1.474e-03	   0.022	   432.786
 779	195	 4.6417	 1.0431	   1.5179	        1.5186	          0.0007	   1.6183	1.510e-03	   0.020	   433.186
 780	195	 4.6418	 1.0427	   1.5179	        1.5186	          0.0007	   1.5923	1.689e-03	   0.021	   433.575
 781	196	 4.6418	 1.0425	   1.5179	        1.5186	          0.0007	   1.6156	1.771e-03	   0.021	   433.965
 782	196	 4.6419	 1.0424	   1.5179	        1.5186	          0.0007	   1.6392	1.786e-03	   0.020	   434.353
 783	196	 4.6419	 1.0426	   1.5179	        1.5186	          0.0007	   1.6636	1.720e-03	   0.020	   434.748
 784	196	 4.6419	 1.0429	   1.5179	        1.5186	          0.0007	   1.6862	1.564e-03	   0.021	   435.170
 785	197	 4.6420	 1.0429	   1.5179	        1.5186	          0.0007	   1.6372	1.585e-03	   0.020	   435.573
 786	197	 4.6423	 1.0432	   1.5179	        1.5186	          0.0007	   1.7000	1.428e-03	   0.022	   435.960
 787	197	 4.6422	 1.0429	   1.5179	        1.5186	          0.0007	   1.5942	1.564e-03	   0.023	   436.381
 788	197	 4.6420	 1.0428	   1.5179	        1.5186	          0.0007	   1.6135	1.626e-03	   0.023	   436.803
 789	198	 4.6421	 1.0427	   1.5179	        1.5186	          0.0007	   1.6248	1.690e-03	   0.020	   437.217
 790	198	 4.6422	 1.0428	   1.5179	        1.5186	          0.0007	   1.6638	1.631e-03	   0.018	   437.617
 791	198	 4.6422	 1.0428	   1.5179	        1.5186	          0.0007	   1.6389	1.637e-03	   0.022	   438.042
 792	198	 4.6420	 1.0429	   1.5179	        1.5186	          0.0007	   1.6531	1.570e-03	   0.021	   438.463
 793	199	 4.6422	 1.0431	   1.5179	        1.5186	          0.0007	   1.6777	1.476e-03	   0.022	   438.868
 794	199	 4.6423	 1.0430	   1.5179	        1.5186	          0.0007	   1.6300	1.525e-03	   0.021	   439.263
 795	199	 4.6424	 1.0429	   1.5179	        1.5186	          0.0007	   1.6280	1.583e-03	   0.021	   439.652
 796	199	 4.6422	 1.0427	   1.5179	        1.5186	          0.0007	   1.6010	1.672e-03	   0.018	   440.016
 797	200	 4.6421	 1.0426	   1.5179	        1.5186	          0.0007	   1.6185	1.719e-03	   0.014	   440.391
 798	200	 4.6421	 1.0424	   1.5179	        1.5186	          0.0007	   1.6195	1.791e-03	   0.012	   440.740
 799	200	 4.6420	 1.0429	   1.5179	        1.5186	          0.0007	   1.7016	1.577e-03	   0.013	   441.072
 800	200	 4.6421	 1.0428	   1.5179	        1.5186	          0.0007	   1.6338	1.621e-03	   0.017	   441.398

[BSGD] Finished on device cuda -> σ_f² ≈ 4.6421, σ_ε² ≈ 1.0428
