[GPU 0][JOB 161] 'python cli.py bsgd --n 1024 --lengthscale 0.5 --sigma-f2-true 4.0 --sigma-eps2-true 1.0 --n-epochs 200 --device auto --kernel-mode finite --theta-min 1e-4 --theta-max 20.0 --print-every 1 --seed 0 --batch-size 512 --sigma-f2-init 5.0 --sigma-eps2-init 3.0 --alpha1 6.0 '

=== BSGD (biased SGD on exact kernel) ===
iter	epoch	σ_f²	σ_ε²	real_nlml	real_nlml_true	real_nlml_abs_err	mini_nlml	||grad||	duration_s	wall_time_s
   1	 1	 4.6822	 2.4215	   1.6422	        1.5052	          0.1370	   1.7065	1.147e-01	   0.314	     0.528
   2	 1	 4.5481	 2.0634	   1.6004	        1.5052	          0.0952	   1.6203	1.175e-01	   0.069	     1.367
   3	 2	 4.4782	 1.8094	   1.5706	        1.5052	          0.0654	   1.5833	1.154e-01	   0.071	     2.150
   4	 2	 4.4192	 1.6616	   1.5538	        1.5052	          0.0486	   1.6267	1.112e-01	   0.049	     3.146
   5	 3	 4.3857	 1.5252	   1.5390	        1.5052	          0.0339	   1.5750	1.038e-01	   0.159	     4.071
   6	 3	 4.3484	 1.4352	   1.5300	        1.5052	          0.0248	   1.5935	9.620e-02	   0.080	     4.994
   7	 4	 4.3254	 1.3453	   1.5218	        1.5052	          0.0166	   1.5526	8.563e-02	   0.068	     5.811
   8	 4	 4.3008	 1.2943	   1.5176	        1.5052	          0.0124	   1.5832	7.790e-02	   0.091	     6.673
   9	 5	 4.2946	 1.2524	   1.5145	        1.5052	          0.0093	   1.5809	7.037e-02	   0.074	     7.515
  10	 5	 4.2709	 1.2011	   1.5111	        1.5052	          0.0059	   1.5334	5.944e-02	   0.065	     8.321
  11	 6	 4.2667	 1.1633	   1.5090	        1.5052	          0.0039	   1.5406	4.998e-02	   0.073	     9.130
  12	 6	 4.2431	 1.1451	   1.5082	        1.5052	          0.0030	   1.5697	4.490e-02	   0.076	     9.952
  13	 7	 4.2283	 1.1214	   1.5072	        1.5052	          0.0020	   1.5444	3.779e-02	   0.077	    10.797
  14	 7	 4.2183	 1.1108	   1.5068	        1.5052	          0.0016	   1.5660	3.437e-02	   0.072	    11.613
  15	 8	 4.2146	 1.1012	   1.5065	        1.5052	          0.0013	   1.5647	3.120e-02	   0.078	    12.443
  16	 8	 4.1974	 1.0886	   1.5061	        1.5052	          0.0009	   1.5492	2.682e-02	   0.080	    13.328
  17	 9	 4.1895	 1.0827	   1.5059	        1.5052	          0.0008	   1.5621	2.468e-02	   0.074	    14.213
  18	 9	 4.1851	 1.0654	   1.5056	        1.5052	          0.0004	   1.5258	1.818e-02	   0.079	    15.078
  19	10	 4.1763	 1.0694	   1.5056	        1.5052	          0.0004	   1.5848	1.972e-02	   0.083	    15.918
  20	10	 4.1689	 1.0547	   1.5054	        1.5052	          0.0002	   1.5190	1.393e-02	   0.071	    16.733
  21	11	 4.1612	 1.0579	   1.5054	        1.5052	          0.0002	   1.5789	1.523e-02	   0.079	    17.558
  22	11	 4.1574	 1.0477	   1.5053	        1.5052	          0.0001	   1.5281	1.106e-02	   0.076	    18.378
  23	12	 4.1484	 1.0456	   1.5053	        1.5052	          0.0001	   1.5564	1.019e-02	   0.070	    19.188
  24	12	 4.1435	 1.0445	   1.5052	        1.5052	          0.0001	   1.5570	9.746e-03	   0.071	    20.069
  25	13	 4.1349	 1.0448	   1.5052	        1.5052	          0.0001	   1.5625	9.835e-03	   0.073	    20.885
  26	13	 4.1319	 1.0420	   1.5052	        1.5052	          0.0000	   1.5512	8.682e-03	   0.059	    21.767
  27	14	 4.1291	 1.0398	   1.5052	        1.5052	          0.0000	   1.5513	7.727e-03	   0.077	    22.597
  28	14	 4.1250	 1.0381	   1.5052	        1.5052	          0.0000	   1.5539	7.013e-03	   0.084	    23.429
  29	15	 4.1196	 1.0411	   1.5052	        1.5052	          0.0000	   1.5750	8.298e-03	   0.231	    24.888
  30	15	 4.1145	 1.0378	   1.5052	        1.5052	          0.0000	   1.5429	6.879e-03	   0.071	    25.704
  31	16	 4.1138	 1.0420	   1.5052	        1.5052	          0.0000	   1.5822	8.670e-03	   0.072	    26.526
  32	16	 4.1061	 1.0354	   1.5052	        1.5052	          0.0000	   1.5233	5.834e-03	   0.078	    27.349
  33	17	 4.1007	 1.0361	   1.5052	        1.5052	          0.0000	   1.5630	6.154e-03	   0.066	    28.158
  34	17	 4.0994	 1.0331	   1.5051	        1.5052	          0.0000	   1.5412	4.810e-03	   0.080	    28.979
  35	18	 4.0971	 1.0326	   1.5051	        1.5052	          0.0000	   1.5583	4.626e-03	   0.072	    29.793
  36	18	 4.0931	 1.0280	   1.5051	        1.5052	          0.0001	   1.5255	2.603e-03	   0.072	    30.657
  37	19	 4.0906	 1.0247	   1.5051	        1.5052	          0.0001	   1.5352	1.158e-03	   0.075	    31.545
  38	19	 4.0880	 1.0268	   1.5051	        1.5052	          0.0001	   1.5683	2.052e-03	   0.078	    32.398
  39	20	 4.0844	 1.0282	   1.5051	        1.5052	          0.0001	   1.5653	2.681e-03	   0.074	    33.239
  40	20	 4.0820	 1.0265	   1.5051	        1.5052	          0.0001	   1.5429	1.939e-03	   0.078	    34.119
  41	21	 4.0830	 1.0299	   1.5051	        1.5052	          0.0001	   1.5790	3.403e-03	   0.074	    34.997
  42	21	 4.0788	 1.0240	   1.5051	        1.5052	          0.0001	   1.5140	8.775e-04	   0.077	    35.876
  43	22	 4.0776	 1.0234	   1.5051	        1.5052	          0.0001	   1.5484	6.696e-04	   0.067	    36.705
  44	22	 4.0731	 1.0242	   1.5051	        1.5052	          0.0001	   1.5591	9.528e-04	   0.074	    37.521
  45	23	 4.0718	 1.0240	   1.5051	        1.5052	          0.0001	   1.5520	8.779e-04	   0.083	    38.347
  46	23	 4.0691	 1.0245	   1.5051	        1.5052	          0.0001	   1.5587	1.085e-03	   0.072	    39.153
  47	24	 4.0701	 1.0227	   1.5051	        1.5052	          0.0001	   1.5431	5.018e-04	   0.070	    39.975
  48	24	 4.0654	 1.0247	   1.5051	        1.5052	          0.0001	   1.5655	1.137e-03	   0.076	    40.800
  49	25	 4.0626	 1.0262	   1.5051	        1.5052	          0.0001	   1.5671	1.794e-03	   0.074	    41.618
  50	25	 4.0626	 1.0231	   1.5051	        1.5052	          0.0001	   1.5284	5.762e-04	   0.068	    42.428
  51	26	 4.0579	 1.0173	   1.5051	        1.5052	          0.0001	   1.5035	2.416e-03	   0.080	    43.245
  52	26	 4.0583	 1.0219	   1.5051	        1.5052	          0.0001	   1.5883	5.419e-04	   0.074	    44.099
  53	27	 4.0543	 1.0238	   1.5051	        1.5052	          0.0001	   1.5655	7.781e-04	   0.071	    44.950
  54	27	 4.0546	 1.0222	   1.5051	        1.5052	          0.0001	   1.5424	4.894e-04	   0.078	    45.782
  55	28	 4.0525	 1.0209	   1.5051	        1.5052	          0.0001	   1.5400	8.531e-04	   0.074	    46.613
  56	28	 4.0506	 1.0232	   1.5051	        1.5052	          0.0001	   1.5748	5.899e-04	   0.067	    47.431
  57	29	 4.0492	 1.0205	   1.5051	        1.5052	          0.0001	   1.5270	1.019e-03	   0.072	    48.238
  58	29	 4.0460	 1.0224	   1.5051	        1.5052	          0.0001	   1.5697	4.685e-04	   0.074	    49.065
  59	30	 4.0421	 1.0231	   1.5051	        1.5052	          0.0001	   1.5538	5.455e-04	   0.066	    49.887
  60	30	 4.0420	 1.0220	   1.5051	        1.5052	          0.0001	   1.5463	4.975e-04	   0.079	    50.715
  61	31	 4.0380	 1.0206	   1.5051	        1.5052	          0.0001	   1.5352	9.598e-04	   0.074	    51.559
  62	31	 4.0383	 1.0217	   1.5051	        1.5052	          0.0001	   1.5651	5.637e-04	   0.080	    52.383
  63	32	 4.0375	 1.0211	   1.5051	        1.5052	          0.0001	   1.5466	7.661e-04	   0.065	    53.185
  64	32	 4.0350	 1.0223	   1.5051	        1.5052	          0.0001	   1.5642	4.607e-04	   0.073	    54.066
  65	33	 4.0328	 1.0212	   1.5051	        1.5052	          0.0001	   1.5386	7.187e-04	   0.084	    54.975
  66	33	 4.0316	 1.0231	   1.5051	        1.5052	          0.0001	   1.5755	5.539e-04	   0.073	    55.835
  67	34	 4.0298	 1.0231	   1.5051	        1.5052	          0.0001	   1.5510	5.422e-04	   0.074	    56.676
  68	34	 4.0286	 1.0238	   1.5051	        1.5052	          0.0001	   1.5620	7.768e-04	   0.079	    57.503
  69	35	 4.0259	 1.0284	   1.5051	        1.5052	          0.0001	   1.6083	2.758e-03	   0.069	    58.321
  70	35	 4.0257	 1.0244	   1.5051	        1.5052	          0.0001	   1.5056	9.833e-04	   0.073	    59.142
  71	36	 4.0258	 1.0243	   1.5051	        1.5052	          0.0001	   1.5563	9.763e-04	   0.073	    59.959
  72	36	 4.0238	 1.0242	   1.5051	        1.5052	          0.0001	   1.5500	9.089e-04	   0.078	    60.781
  73	37	 4.0220	 1.0228	   1.5051	        1.5052	          0.0001	   1.5324	4.743e-04	   0.078	    61.639
  74	37	 4.0213	 1.0247	   1.5051	        1.5052	          0.0001	   1.5801	1.136e-03	   0.078	    62.496
  75	38	 4.0193	 1.0263	   1.5051	        1.5052	          0.0001	   1.5730	1.817e-03	   0.068	    63.365
  76	38	 4.0187	 1.0253	   1.5051	        1.5052	          0.0001	   1.5433	1.396e-03	   0.067	    64.189
  77	39	 4.0161	 1.0236	   1.5051	        1.5052	          0.0001	   1.5265	6.872e-04	   0.074	    65.050
  78	39	 4.0163	 1.0254	   1.5051	        1.5052	          0.0001	   1.5817	1.408e-03	   0.072	    65.890
  79	40	 4.0159	 1.0256	   1.5051	        1.5052	          0.0001	   1.5603	1.516e-03	   0.076	    66.731
  80	40	 4.0151	 1.0257	   1.5051	        1.5052	          0.0001	   1.5543	1.544e-03	   0.062	    67.538
  81	41	 4.0149	 1.0268	   1.5051	        1.5052	          0.0001	   1.5707	2.029e-03	   0.082	    68.408
  82	41	 4.0136	 1.0251	   1.5051	        1.5052	          0.0001	   1.5298	1.289e-03	   0.076	    69.274
  83	42	 4.0130	 1.0246	   1.5051	        1.5052	          0.0001	   1.5493	1.091e-03	   0.083	    70.165
  84	42	 4.0121	 1.0247	   1.5051	        1.5052	          0.0001	   1.5549	1.127e-03	   0.076	    71.074
  85	43	 4.0112	 1.0244	   1.5051	        1.5052	          0.0001	   1.5486	9.992e-04	   0.079	    71.935
  86	43	 4.0107	 1.0243	   1.5051	        1.5052	          0.0001	   1.5536	9.395e-04	   0.068	    72.770
  87	44	 4.0104	 1.0246	   1.5051	        1.5052	          0.0001	   1.5585	1.061e-03	   0.071	    73.589
  88	44	 4.0089	 1.0241	   1.5051	        1.5052	          0.0001	   1.5455	8.681e-04	   0.088	    74.437
  89	45	 4.0097	 1.0266	   1.5051	        1.5052	          0.0001	   1.5980	1.936e-03	   0.076	    75.320
  90	45	 4.0078	 1.0234	   1.5051	        1.5052	          0.0001	   1.5010	6.178e-04	   0.079	    76.194
  91	46	 4.0075	 1.0241	   1.5051	        1.5052	          0.0001	   1.5669	8.855e-04	   0.073	    77.052
  92	46	 4.0055	 1.0237	   1.5051	        1.5052	          0.0001	   1.5441	7.183e-04	   0.074	    77.905
  93	47	 4.0048	 1.0247	   1.5051	        1.5052	          0.0001	   1.5665	1.103e-03	   0.070	    78.718
  94	47	 4.0044	 1.0230	   1.5051	        1.5052	          0.0001	   1.5308	5.068e-04	   0.074	    79.536
  95	48	 4.0049	 1.0215	   1.5051	        1.5052	          0.0001	   1.5277	6.241e-04	   0.071	    80.358
  96	48	 4.0029	 1.0223	   1.5051	        1.5052	          0.0001	   1.5662	4.296e-04	   0.073	    81.170
  97	49	 4.0019	 1.0229	   1.5051	        1.5052	          0.0001	   1.5606	4.821e-04	   0.064	    81.982
  98	49	 4.0009	 1.0226	   1.5051	        1.5052	          0.0001	   1.5488	4.350e-04	   0.071	    82.812
  99	50	 4.0024	 1.0223	   1.5051	        1.5052	          0.0001	   1.5496	4.303e-04	   0.066	    83.630
 100	50	 4.0001	 1.0218	   1.5051	        1.5052	          0.0001	   1.5428	5.137e-04	   0.072	    84.444
 101	51	 3.9995	 1.0231	   1.5051	        1.5052	          0.0001	   1.5757	5.202e-04	   0.085	    85.301
 102	51	 3.9982	 1.0218	   1.5051	        1.5052	          0.0001	   1.5287	5.199e-04	   0.081	    86.143
 103	52	 3.9968	 1.0212	   1.5051	        1.5052	          0.0001	   1.5409	7.068e-04	   0.071	    86.974
 104	52	 3.9962	 1.0215	   1.5051	        1.5052	          0.0001	   1.5587	5.895e-04	   0.071	    87.807
 105	53	 3.9960	 1.0196	   1.5051	        1.5052	          0.0001	   1.5185	1.381e-03	   0.081	    88.632
 106	53	 3.9949	 1.0220	   1.5051	        1.5052	          0.0001	   1.5955	4.659e-04	   0.069	    89.444
 107	54	 3.9944	 1.0239	   1.5051	        1.5052	          0.0001	   1.5855	7.870e-04	   0.081	    90.259
 108	54	 3.9937	 1.0218	   1.5051	        1.5052	          0.0001	   1.5156	5.256e-04	   0.074	    91.114
 109	55	 3.9939	 1.0220	   1.5051	        1.5052	          0.0001	   1.5576	4.637e-04	   0.072	    91.942
 110	55	 3.9922	 1.0215	   1.5051	        1.5052	          0.0001	   1.5425	6.098e-04	   0.070	    92.755
 111	56	 3.9907	 1.0215	   1.5051	        1.5052	          0.0001	   1.5508	6.024e-04	   0.077	    93.572
 112	56	 3.9908	 1.0216	   1.5051	        1.5052	          0.0001	   1.5542	5.817e-04	   0.078	    94.398
 113	57	 3.9890	 1.0256	   1.5051	        1.5052	          0.0001	   1.6289	1.485e-03	   0.076	    95.252
 114	57	 3.9891	 1.0222	   1.5051	        1.5052	          0.0001	   1.4875	4.354e-04	   0.086	    96.163
 115	58	 3.9881	 1.0208	   1.5051	        1.5052	          0.0001	   1.5253	8.715e-04	   0.078	    97.035
 116	58	 3.9874	 1.0228	   1.5051	        1.5052	          0.0001	   1.5911	4.389e-04	   0.073	    97.871
 117	59	 3.9868	 1.0229	   1.5051	        1.5052	          0.0001	   1.5548	4.657e-04	   0.068	    98.692
 118	59	 3.9856	 1.0227	   1.5051	        1.5052	          0.0001	   1.5487	4.306e-04	   0.081	    99.518
 119	60	 3.9850	 1.0247	   1.5051	        1.5052	          0.0001	   1.5892	1.107e-03	   0.067	   100.328
 120	60	 3.9841	 1.0233	   1.5051	        1.5052	          0.0001	   1.5274	5.667e-04	   0.066	   101.148
 121	61	 3.9844	 1.0229	   1.5051	        1.5052	          0.0001	   1.5460	4.649e-04	   0.076	   101.975
 122	61	 3.9828	 1.0233	   1.5051	        1.5052	          0.0001	   1.5598	5.594e-04	   0.076	   102.795
 123	62	 3.9825	 1.0234	   1.5051	        1.5052	          0.0001	   1.5510	5.844e-04	   0.064	   103.603
 124	62	 3.9815	 1.0233	   1.5051	        1.5052	          0.0001	   1.5538	5.497e-04	   0.073	   104.416
 125	63	 3.9808	 1.0230	   1.5051	        1.5052	          0.0001	   1.5469	4.794e-04	   0.074	   105.243
 126	63	 3.9804	 1.0231	   1.5051	        1.5052	          0.0001	   1.5566	5.010e-04	   0.069	   106.107
 127	64	 3.9790	 1.0228	   1.5051	        1.5052	          0.0001	   1.5441	4.360e-04	   0.074	   106.948
 128	64	 3.9789	 1.0231	   1.5051	        1.5052	          0.0001	   1.5627	5.130e-04	   0.078	   107.789
 129	65	 3.9774	 1.0226	   1.5051	        1.5052	          0.0001	   1.5354	4.067e-04	   0.074	   108.610
 130	65	 3.9772	 1.0226	   1.5051	        1.5052	          0.0001	   1.5572	4.051e-04	   0.079	   109.419
 131	66	 3.9772	 1.0237	   1.5051	        1.5052	          0.0001	   1.5801	7.059e-04	   0.074	   110.319
 132	66	 3.9765	 1.0220	   1.5051	        1.5052	          0.0001	   1.5147	4.548e-04	   0.077	   111.193
 133	67	 3.9765	 1.0231	   1.5051	        1.5052	          0.0001	   1.5762	4.986e-04	   0.073	   112.019
 134	67	 3.9757	 1.0221	   1.5051	        1.5052	          0.0001	   1.5325	4.252e-04	   0.069	   112.834
 135	68	 3.9755	 1.0211	   1.5051	        1.5052	          0.0001	   1.5285	7.298e-04	   0.081	   113.658
 136	68	 3.9754	 1.0218	   1.5051	        1.5052	          0.0001	   1.5702	5.041e-04	   0.059	   114.463
 137	69	 3.9738	 1.0208	   1.5051	        1.5052	          0.0001	   1.5272	8.693e-04	   0.080	   115.308
 138	69	 3.9737	 1.0217	   1.5051	        1.5052	          0.0001	   1.5721	5.431e-04	   0.078	   116.202
 139	70	 3.9732	 1.0205	   1.5051	        1.5052	          0.0001	   1.5274	9.684e-04	   0.067	   117.076
 140	70	 3.9730	 1.0219	   1.5051	        1.5052	          0.0001	   1.5843	4.672e-04	   0.073	   117.946
 141	71	 3.9720	 1.0219	   1.5051	        1.5052	          0.0001	   1.5497	4.840e-04	   0.074	   118.777
 142	71	 3.9722	 1.0214	   1.5051	        1.5052	          0.0001	   1.5435	6.404e-04	   0.070	   119.604
 143	72	 3.9722	 1.0204	   1.5051	        1.5052	          0.0001	   1.5292	1.014e-03	   0.063	   120.418
 144	72	 3.9716	 1.0213	   1.5051	        1.5052	          0.0001	   1.5738	6.600e-04	   0.074	   121.240
 145	73	 3.9713	 1.0213	   1.5051	        1.5052	          0.0001	   1.5542	6.620e-04	   0.077	   122.058
 146	73	 3.9717	 1.0211	   1.5051	        1.5052	          0.0001	   1.5491	7.241e-04	   0.075	   122.874
 147	74	 3.9711	 1.0210	   1.5051	        1.5052	          0.0001	   1.5483	7.636e-04	   0.067	   123.680
 148	74	 3.9705	 1.0210	   1.5051	        1.5052	          0.0001	   1.5532	7.644e-04	   0.072	   124.511
 149	75	 3.9703	 1.0203	   1.5051	        1.5052	          0.0001	   1.5329	1.071e-03	   0.073	   125.333
 150	75	 3.9694	 1.0215	   1.5051	        1.5052	          0.0001	   1.5820	6.043e-04	   0.078	   126.174
 151	76	 3.9686	 1.0215	   1.5051	        1.5052	          0.0001	   1.5516	5.749e-04	   0.076	   127.021
 152	76	 3.9684	 1.0214	   1.5051	        1.5052	          0.0001	   1.5509	6.122e-04	   0.082	   127.851
 153	77	 3.9671	 1.0211	   1.5051	        1.5052	          0.0001	   1.5416	7.196e-04	   0.066	   128.682
 154	77	 3.9675	 1.0215	   1.5051	        1.5052	          0.0001	   1.5639	5.936e-04	   0.075	   129.508
 155	78	 3.9668	 1.0200	   1.5051	        1.5052	          0.0001	   1.5135	1.204e-03	   0.076	   130.350
 156	78	 3.9665	 1.0217	   1.5051	        1.5052	          0.0001	   1.5965	5.305e-04	   0.068	   131.181
 157	79	 3.9658	 1.0218	   1.5051	        1.5052	          0.0001	   1.5521	4.993e-04	   0.072	   131.997
 158	79	 3.9652	 1.0222	   1.5051	        1.5052	          0.0001	   1.5642	4.078e-04	   0.077	   132.812
 159	80	 3.9648	 1.0221	   1.5051	        1.5052	          0.0001	   1.5466	4.235e-04	   0.065	   133.635
 160	80	 3.9638	 1.0222	   1.5051	        1.5052	          0.0001	   1.5581	4.005e-04	   0.069	   134.454
 161	81	 3.9633	 1.0238	   1.5051	        1.5052	          0.0001	   1.5953	7.339e-04	   0.078	   135.276
 162	81	 3.9630	 1.0222	   1.5051	        1.5052	          0.0001	   1.5072	4.093e-04	   0.076	   136.142
 163	82	 3.9630	 1.0236	   1.5051	        1.5052	          0.0001	   1.5897	6.582e-04	   0.085	   137.035
 164	82	 3.9622	 1.0223	   1.5051	        1.5052	          0.0001	   1.5188	3.931e-04	   0.068	   137.892
 165	83	 3.9624	 1.0229	   1.5051	        1.5052	          0.0001	   1.5692	4.388e-04	   0.085	   138.774
 166	83	 3.9610	 1.0225	   1.5051	        1.5052	          0.0001	   1.5404	3.858e-04	   0.071	   139.647
 167	84	 3.9603	 1.0216	   1.5051	        1.5052	          0.0001	   1.5273	5.536e-04	   0.075	   140.507
 168	84	 3.9601	 1.0226	   1.5050	        1.5052	          0.0001	   1.5820	3.927e-04	   0.077	   141.366
 169	85	 3.9593	 1.0223	   1.5050	        1.5052	          0.0001	   1.5410	3.950e-04	   0.070	   142.199
 170	85	 3.9592	 1.0224	   1.5050	        1.5052	          0.0001	   1.5575	3.852e-04	   0.067	   143.021
 171	86	 3.9591	 1.0222	   1.5050	        1.5052	          0.0001	   1.5498	4.033e-04	   0.072	   143.840
 172	86	 3.9579	 1.0225	   1.5050	        1.5052	          0.0001	   1.5559	3.826e-04	   0.078	   144.666
 173	87	 3.9576	 1.0225	   1.5050	        1.5052	          0.0001	   1.5519	3.817e-04	   0.072	   145.489
 174	87	 3.9571	 1.0224	   1.5050	        1.5052	          0.0001	   1.5528	3.813e-04	   0.084	   146.355
 175	88	 3.9555	 1.0224	   1.5050	        1.5052	          0.0001	   1.5491	3.806e-04	   0.073	   147.258
 176	88	 3.9557	 1.0227	   1.5050	        1.5052	          0.0001	   1.5617	3.955e-04	   0.071	   148.140
 177	89	 3.9555	 1.0237	   1.5050	        1.5052	          0.0001	   1.5839	6.767e-04	   0.079	   149.052
 178	89	 3.9547	 1.0227	   1.5050	        1.5052	          0.0001	   1.5219	3.996e-04	   0.081	   149.929
 179	90	 3.9539	 1.0246	   1.5050	        1.5052	          0.0001	   1.6089	1.055e-03	   0.071	   150.803
 180	90	 3.9538	 1.0224	   1.5050	        1.5052	          0.0001	   1.4869	3.790e-04	   0.070	   151.629
 181	91	 3.9539	 1.0227	   1.5050	        1.5052	          0.0001	   1.5604	3.925e-04	   0.071	   152.451
 182	91	 3.9531	 1.0223	   1.5050	        1.5052	          0.0001	   1.5422	3.852e-04	   0.074	   153.279
 183	92	 3.9519	 1.0228	   1.5050	        1.5052	          0.0001	   1.5669	4.001e-04	   0.066	   154.092
 184	92	 3.9527	 1.0222	   1.5050	        1.5052	          0.0001	   1.5371	3.974e-04	   0.074	   154.908
 185	93	 3.9518	 1.0206	   1.5050	        1.5052	          0.0001	   1.4974	9.575e-04	   0.080	   155.734
 186	93	 3.9512	 1.0221	   1.5050	        1.5052	          0.0001	   1.5999	4.150e-04	   0.078	   156.553
 187	94	 3.9511	 1.0231	   1.5050	        1.5052	          0.0001	   1.5866	4.824e-04	   0.073	   157.447
 188	94	 3.9507	 1.0221	   1.5050	        1.5052	          0.0001	   1.5192	4.157e-04	   0.077	   158.337
 189	95	 3.9502	 1.0217	   1.5050	        1.5052	          0.0001	   1.5389	5.197e-04	   0.080	   159.204
 190	95	 3.9502	 1.0221	   1.5050	        1.5052	          0.0001	   1.5669	4.149e-04	   0.068	   160.035
 191	96	 3.9506	 1.0213	   1.5050	        1.5052	          0.0001	   1.5338	6.363e-04	   0.082	   160.853
 192	96	 3.9495	 1.0215	   1.5050	        1.5052	          0.0001	   1.5520	5.797e-04	   0.067	   161.668
 193	97	 3.9488	 1.0202	   1.5050	        1.5052	          0.0001	   1.5094	1.111e-03	   0.070	   162.494
 194	97	 3.9487	 1.0217	   1.5050	        1.5052	          0.0001	   1.6001	5.191e-04	   0.072	   163.311
 195	98	 3.9485	 1.0222	   1.5050	        1.5052	          0.0001	   1.5699	3.946e-04	   0.073	   164.130
 196	98	 3.9480	 1.0218	   1.5050	        1.5052	          0.0001	   1.5400	4.701e-04	   0.068	   164.948
 197	99	 3.9484	 1.0219	   1.5050	        1.5052	          0.0001	   1.5564	4.534e-04	   0.068	   165.752
 198	99	 3.9476	 1.0215	   1.5050	        1.5052	          0.0001	   1.5405	5.712e-04	   0.070	   166.582
 199	100	 3.9469	 1.0213	   1.5050	        1.5052	          0.0001	   1.5478	6.369e-04	   0.075	   167.430
 200	100	 3.9469	 1.0217	   1.5050	        1.5052	          0.0001	   1.5639	5.068e-04	   0.075	   168.277
 201	101	 3.9468	 1.0213	   1.5050	        1.5052	          0.0001	   1.5408	6.379e-04	   0.075	   169.107
 202	101	 3.9463	 1.0221	   1.5050	        1.5052	          0.0001	   1.5761	4.150e-04	   0.081	   169.953
 203	102	 3.9457	 1.0230	   1.5050	        1.5052	          0.0001	   1.5827	4.328e-04	   0.063	   170.792
 204	102	 3.9460	 1.0217	   1.5050	        1.5052	          0.0001	   1.5113	5.128e-04	   0.069	   171.618
 205	103	 3.9456	 1.0219	   1.5050	        1.5052	          0.0001	   1.5581	4.543e-04	   0.077	   172.444
 206	103	 3.9451	 1.0219	   1.5050	        1.5052	          0.0001	   1.5540	4.461e-04	   0.067	   173.258
 207	104	 3.9445	 1.0220	   1.5050	        1.5052	          0.0001	   1.5546	4.236e-04	   0.068	   174.073
 208	104	 3.9445	 1.0218	   1.5050	        1.5052	          0.0001	   1.5462	4.804e-04	   0.077	   174.890
 209	105	 3.9443	 1.0217	   1.5050	        1.5052	          0.0001	   1.5454	5.215e-04	   0.069	   175.709
 210	105	 3.9442	 1.0216	   1.5050	        1.5052	          0.0001	   1.5516	5.565e-04	   0.071	   176.529
 211	106	 3.9441	 1.0220	   1.5050	        1.5052	          0.0001	   1.5733	4.162e-04	   0.078	   177.395
 212	106	 3.9438	 1.0217	   1.5050	        1.5052	          0.0001	   1.5372	5.219e-04	   0.090	   178.295
 213	107	 3.9438	 1.0209	   1.5050	        1.5052	          0.0001	   1.5289	8.039e-04	   0.079	   179.160
 214	107	 3.9436	 1.0213	   1.5050	        1.5052	          0.0001	   1.5659	6.384e-04	   0.078	   179.999
 215	108	 3.9428	 1.0216	   1.5050	        1.5052	          0.0001	   1.5616	5.390e-04	   0.068	   180.839
 216	108	 3.9427	 1.0217	   1.5050	        1.5052	          0.0001	   1.5566	5.009e-04	   0.068	   181.658
 217	109	 3.9418	 1.0227	   1.5050	        1.5052	          0.0001	   1.5864	3.781e-04	   0.075	   182.475
 218	109	 3.9422	 1.0216	   1.5050	        1.5052	          0.0001	   1.5164	5.311e-04	   0.069	   183.290
 219	110	 3.9421	 1.0223	   1.5050	        1.5052	          0.0001	   1.5776	3.715e-04	   0.078	   184.113
 220	110	 3.9418	 1.0218	   1.5050	        1.5052	          0.0001	   1.5339	4.856e-04	   0.060	   184.917
 221	111	 3.9411	 1.0219	   1.5050	        1.5052	          0.0001	   1.5544	4.456e-04	   0.078	   185.754
 222	111	 3.9412	 1.0218	   1.5050	        1.5052	          0.0001	   1.5506	4.855e-04	   0.071	   186.571
 223	112	 3.9415	 1.0217	   1.5050	        1.5052	          0.0001	   1.5557	4.986e-04	   0.066	   187.381
 224	112	 3.9405	 1.0219	   1.5050	        1.5052	          0.0001	   1.5531	4.521e-04	   0.076	   188.284
 225	113	 3.9401	 1.0230	   1.5050	        1.5052	          0.0001	   1.5897	4.306e-04	   0.076	   189.153
 226	113	 3.9398	 1.0223	   1.5050	        1.5052	          0.0001	   1.5296	3.730e-04	   0.071	   190.038
 227	114	 3.9398	 1.0222	   1.5050	        1.5052	          0.0001	   1.5507	3.860e-04	   0.073	   190.883
 228	114	 3.9391	 1.0225	   1.5050	        1.5052	          0.0001	   1.5626	3.627e-04	   0.077	   191.712
 229	115	 3.9386	 1.0229	   1.5050	        1.5052	          0.0001	   1.5672	4.090e-04	   0.071	   192.526
 230	115	 3.9383	 1.0225	   1.5050	        1.5052	          0.0001	   1.5365	3.622e-04	   0.075	   193.342
 231	116	 3.9381	 1.0228	   1.5050	        1.5052	          0.0001	   1.5673	3.951e-04	   0.073	   194.153
 232	116	 3.9376	 1.0225	   1.5050	        1.5052	          0.0001	   1.5350	3.610e-04	   0.072	   194.981
 233	117	 3.9369	 1.0224	   1.5050	        1.5052	          0.0001	   1.5462	3.611e-04	   0.070	   195.798
 234	117	 3.9367	 1.0227	   1.5050	        1.5052	          0.0001	   1.5667	3.767e-04	   0.074	   196.614
 235	118	 3.9366	 1.0233	   1.5050	        1.5052	          0.0001	   1.5758	5.396e-04	   0.079	   197.432
 236	118	 3.9361	 1.0227	   1.5050	        1.5052	          0.0001	   1.5270	3.713e-04	   0.068	   198.264
 237	119	 3.9358	 1.0220	   1.5050	        1.5052	          0.0001	   1.5302	4.081e-04	   0.054	   199.090
 238	119	 3.9353	 1.0227	   1.5050	        1.5052	          0.0001	   1.5724	3.689e-04	   0.063	   199.888
 239	120	 3.9356	 1.0225	   1.5050	        1.5052	          0.0001	   1.5489	3.590e-04	   0.055	   200.625
 240	120	 3.9350	 1.0226	   1.5050	        1.5052	          0.0001	   1.5564	3.631e-04	   0.060	   201.288
 241	121	 3.9350	 1.0224	   1.5050	        1.5052	          0.0001	   1.5468	3.620e-04	   0.056	   201.947
 242	121	 3.9344	 1.0230	   1.5050	        1.5052	          0.0001	   1.5735	4.269e-04	   0.060	   202.610
 243	122	 3.9345	 1.0231	   1.5050	        1.5052	          0.0001	   1.5607	4.498e-04	   0.052	   203.263
 244	122	 3.9340	 1.0229	   1.5050	        1.5052	          0.0001	   1.5430	4.080e-04	   0.053	   203.925
 245	123	 3.9336	 1.0226	   1.5050	        1.5052	          0.0001	   1.5368	3.588e-04	   0.059	   204.590
 246	123	 3.9331	 1.0232	   1.5050	        1.5052	          0.0001	   1.5793	4.861e-04	   0.054	   205.249
 247	124	 3.9325	 1.0233	   1.5050	        1.5052	          0.0001	   1.5502	5.094e-04	   0.067	   205.925
 248	124	 3.9330	 1.0229	   1.5050	        1.5052	          0.0001	   1.5446	4.052e-04	   0.059	   206.615
 249	125	 3.9324	 1.0219	   1.5050	        1.5052	          0.0001	   1.5081	4.478e-04	   0.061	   207.285
 250	125	 3.9323	 1.0230	   1.5050	        1.5052	          0.0001	   1.6007	4.238e-04	   0.057	   207.998
 251	126	 3.9322	 1.0224	   1.5050	        1.5052	          0.0001	   1.5283	3.584e-04	   0.058	   208.679
 252	126	 3.9315	 1.0231	   1.5050	        1.5052	          0.0001	   1.5792	4.438e-04	   0.063	   209.343
 253	127	 3.9316	 1.0234	   1.5050	        1.5052	          0.0001	   1.5689	5.631e-04	   0.062	   210.001
 254	127	 3.9312	 1.0232	   1.5050	        1.5052	          0.0001	   1.5432	4.867e-04	   0.058	   210.660
 255	128	 3.9310	 1.0228	   1.5050	        1.5052	          0.0001	   1.5375	3.896e-04	   0.059	   211.323
 256	128	 3.9307	 1.0231	   1.5050	        1.5052	          0.0001	   1.5664	4.662e-04	   0.055	   211.985
 257	129	 3.9304	 1.0240	   1.5050	        1.5052	          0.0001	   1.5932	8.007e-04	   0.055	   212.642
 258	129	 3.9300	 1.0233	   1.5050	        1.5052	          0.0001	   1.5167	5.070e-04	   0.057	   213.300
 259	130	 3.9293	 1.0229	   1.5050	        1.5052	          0.0001	   1.5359	4.103e-04	   0.062	   214.034
 260	130	 3.9295	 1.0229	   1.5050	        1.5052	          0.0001	   1.5542	4.107e-04	   0.068	   214.805
 261	131	 3.9291	 1.0230	   1.5050	        1.5052	          0.0001	   1.5587	4.338e-04	   0.056	   215.550
 262	131	 3.9291	 1.0229	   1.5050	        1.5052	          0.0001	   1.5483	4.142e-04	   0.065	   216.258
 263	132	 3.9288	 1.0229	   1.5050	        1.5052	          0.0001	   1.5530	4.135e-04	   0.055	   216.947
 264	132	 3.9286	 1.0230	   1.5050	        1.5052	          0.0001	   1.5550	4.223e-04	   0.055	   217.618
 265	133	 3.9284	 1.0231	   1.5050	        1.5052	          0.0001	   1.5613	4.682e-04	   0.062	   218.281
 266	133	 3.9282	 1.0231	   1.5050	        1.5052	          0.0001	   1.5492	4.433e-04	   0.053	   218.939
 267	134	 3.9278	 1.0235	   1.5050	        1.5052	          0.0001	   1.5707	5.824e-04	   0.066	   219.648
 268	134	 3.9276	 1.0233	   1.5050	        1.5052	          0.0001	   1.5466	5.334e-04	   0.065	   220.356
 269	135	 3.9273	 1.0235	   1.5050	        1.5052	          0.0001	   1.5599	5.888e-04	   0.061	   221.061
 270	135	 3.9268	 1.0233	   1.5050	        1.5052	          0.0001	   1.5438	5.266e-04	   0.064	   221.746
 271	136	 3.9265	 1.0233	   1.5050	        1.5052	          0.0001	   1.5492	5.070e-04	   0.058	   222.446
 272	136	 3.9263	 1.0231	   1.5050	        1.5052	          0.0001	   1.5454	4.536e-04	   0.068	   223.173
 273	137	 3.9260	 1.0227	   1.5050	        1.5052	          0.0001	   1.5312	3.605e-04	   0.060	   223.885
 274	137	 3.9258	 1.0231	   1.5050	        1.5052	          0.0001	   1.5728	4.491e-04	   0.059	   224.594
 275	138	 3.9260	 1.0234	   1.5050	        1.5052	          0.0001	   1.5688	5.483e-04	   0.065	   225.287
 276	138	 3.9253	 1.0230	   1.5050	        1.5052	          0.0001	   1.5351	4.354e-04	   0.050	   225.944
 277	139	 3.9255	 1.0226	   1.5050	        1.5052	          0.0001	   1.5320	3.530e-04	   0.056	   226.604
 278	139	 3.9251	 1.0232	   1.5050	        1.5052	          0.0001	   1.5821	4.867e-04	   0.054	   227.265
 279	140	 3.9247	 1.0222	   1.5050	        1.5052	          0.0001	   1.5003	3.715e-04	   0.055	   227.927
 280	140	 3.9246	 1.0231	   1.5050	        1.5052	          0.0001	   1.6007	4.653e-04	   0.062	   228.592
 281	141	 3.9244	 1.0233	   1.5050	        1.5052	          0.0001	   1.5633	5.140e-04	   0.056	   229.249
 282	141	 3.9241	 1.0232	   1.5050	        1.5052	          0.0001	   1.5431	4.725e-04	   0.064	   229.917
 283	142	 3.9238	 1.0228	   1.5050	        1.5052	          0.0001	   1.5372	3.800e-04	   0.058	   230.572
 284	142	 3.9234	 1.0233	   1.5050	        1.5052	          0.0001	   1.5728	5.080e-04	   0.061	   231.293
 285	143	 3.9234	 1.0238	   1.5050	        1.5052	          0.0001	   1.5817	7.058e-04	   0.062	   231.997
 286	143	 3.9230	 1.0234	   1.5050	        1.5052	          0.0001	   1.5290	5.402e-04	   0.056	   232.696
 287	144	 3.9227	 1.0241	   1.5050	        1.5052	          0.0001	   1.5866	8.130e-04	   0.062	   233.407
 288	144	 3.9226	 1.0234	   1.5050	        1.5052	          0.0001	   1.5232	5.606e-04	   0.060	   234.092
 289	145	 3.9219	 1.0238	   1.5050	        1.5052	          0.0001	   1.5717	7.006e-04	   0.053	   234.754
 290	145	 3.9223	 1.0233	   1.5050	        1.5052	          0.0001	   1.5315	5.281e-04	   0.057	   235.415
 291	146	 3.9221	 1.0233	   1.5050	        1.5052	          0.0001	   1.5510	5.153e-04	   0.059	   236.074
 292	146	 3.9219	 1.0234	   1.5050	        1.5052	          0.0001	   1.5583	5.469e-04	   0.062	   236.736
 293	147	 3.9218	 1.0232	   1.5050	        1.5052	          0.0001	   1.5385	4.681e-04	   0.060	   237.396
 294	147	 3.9215	 1.0236	   1.5050	        1.5052	          0.0001	   1.5756	6.080e-04	   0.053	   238.052
 295	148	 3.9211	 1.0228	   1.5050	        1.5052	          0.0001	   1.5132	3.804e-04	   0.060	   238.721
 296	148	 3.9208	 1.0237	   1.5050	        1.5052	          0.0001	   1.5974	6.730e-04	   0.058	   239.389
 297	149	 3.9199	 1.0234	   1.5050	        1.5052	          0.0001	   1.5282	5.375e-04	   0.061	   240.103
 298	149	 3.9205	 1.0235	   1.5050	        1.5052	          0.0001	   1.5698	5.981e-04	   0.063	   240.783
 299	150	 3.9202	 1.0237	   1.5050	        1.5052	          0.0001	   1.5590	6.609e-04	   0.054	   241.458
 300	150	 3.9204	 1.0234	   1.5050	        1.5052	          0.0001	   1.5421	5.451e-04	   0.060	   242.147
 301	151	 3.9205	 1.0236	   1.5050	        1.5052	          0.0001	   1.5630	6.182e-04	   0.055	   242.808
 302	151	 3.9201	 1.0236	   1.5050	        1.5052	          0.0001	   1.5506	6.167e-04	   0.059	   243.473
 303	152	 3.9195	 1.0233	   1.5050	        1.5052	          0.0001	   1.5313	5.065e-04	   0.055	   244.126
 304	152	 3.9200	 1.0233	   1.5050	        1.5052	          0.0001	   1.5636	5.242e-04	   0.052	   244.783
 305	153	 3.9195	 1.0235	   1.5050	        1.5052	          0.0001	   1.5601	5.867e-04	   0.059	   245.447
 306	153	 3.9195	 1.0231	   1.5050	        1.5052	          0.0001	   1.5344	4.505e-04	   0.051	   246.108
 307	154	 3.9192	 1.0233	   1.5050	        1.5052	          0.0001	   1.5593	4.998e-04	   0.062	   246.774
 308	154	 3.9193	 1.0233	   1.5050	        1.5052	          0.0001	   1.5543	4.944e-04	   0.070	   247.461
 309	155	 3.9191	 1.0236	   1.5050	        1.5052	          0.0001	   1.5758	6.309e-04	   0.061	   248.179
 310	155	 3.9191	 1.0233	   1.5050	        1.5052	          0.0001	   1.5360	5.165e-04	   0.062	   248.881
 311	156	 3.9190	 1.0234	   1.5050	        1.5052	          0.0001	   1.5547	5.317e-04	   0.065	   249.578
 312	156	 3.9192	 1.0232	   1.5050	        1.5052	          0.0001	   1.5470	4.650e-04	   0.064	   250.283
 313	157	 3.9190	 1.0233	   1.5050	        1.5052	          0.0001	   1.5558	4.989e-04	   0.057	   250.954
 314	157	 3.9191	 1.0229	   1.5050	        1.5052	          0.0002	   1.5389	3.947e-04	   0.055	   251.613
 315	158	 3.9191	 1.0233	   1.5050	        1.5052	          0.0001	   1.5749	5.223e-04	   0.058	   252.277
 316	158	 3.9190	 1.0230	   1.5050	        1.5052	          0.0002	   1.5367	4.102e-04	   0.051	   252.932
 317	159	 3.9191	 1.0226	   1.5050	        1.5052	          0.0002	   1.5318	3.436e-04	   0.058	   253.609
 318	159	 3.9187	 1.0229	   1.5050	        1.5052	          0.0002	   1.5733	4.007e-04	   0.060	   254.317
 319	160	 3.9186	 1.0231	   1.5050	        1.5052	          0.0002	   1.5636	4.545e-04	   0.056	   254.989
 320	160	 3.9182	 1.0232	   1.5050	        1.5052	          0.0002	   1.5527	4.623e-04	   0.065	   255.669
 321	161	 3.9182	 1.0234	   1.5050	        1.5052	          0.0002	   1.5629	5.296e-04	   0.065	   256.398
 322	161	 3.9178	 1.0229	   1.5050	        1.5052	          0.0002	   1.5304	4.026e-04	   0.057	   257.089
 323	162	 3.9173	 1.0229	   1.5050	        1.5052	          0.0002	   1.5477	3.842e-04	   0.055	   257.771
 324	162	 3.9172	 1.0231	   1.5050	        1.5052	          0.0002	   1.5651	4.441e-04	   0.056	   258.448
 325	163	 3.9173	 1.0231	   1.5050	        1.5052	          0.0002	   1.5587	4.549e-04	   0.060	   259.113
 326	163	 3.9170	 1.0231	   1.5050	        1.5052	          0.0002	   1.5496	4.498e-04	   0.056	   259.771
 327	164	 3.9166	 1.0231	   1.5050	        1.5052	          0.0002	   1.5513	4.398e-04	   0.059	   260.433
 328	164	 3.9166	 1.0232	   1.5050	        1.5052	          0.0002	   1.5590	4.788e-04	   0.061	   261.097
 329	165	 3.9163	 1.0232	   1.5050	        1.5052	          0.0002	   1.5501	4.766e-04	   0.057	   261.760
 330	165	 3.9161	 1.0233	   1.5050	        1.5052	          0.0002	   1.5601	5.136e-04	   0.059	   262.418
 331	166	 3.9162	 1.0236	   1.5050	        1.5052	          0.0002	   1.5652	6.007e-04	   0.058	   263.074
 332	166	 3.9158	 1.0234	   1.5050	        1.5052	          0.0002	   1.5467	5.479e-04	   0.061	   263.738
 333	167	 3.9159	 1.0230	   1.5050	        1.5052	          0.0002	   1.5299	4.222e-04	   0.066	   264.454
 334	167	 3.9155	 1.0236	   1.5050	        1.5052	          0.0002	   1.5839	6.014e-04	   0.055	   265.159
 335	168	 3.9153	 1.0237	   1.5050	        1.5052	          0.0002	   1.5624	6.600e-04	   0.062	   265.866
 336	168	 3.9153	 1.0235	   1.5050	        1.5052	          0.0002	   1.5430	5.840e-04	   0.059	   266.575
 337	169	 3.9152	 1.0236	   1.5050	        1.5052	          0.0002	   1.5552	5.977e-04	   0.058	   267.256
 338	169	 3.9149	 1.0234	   1.5050	        1.5052	          0.0002	   1.5428	5.274e-04	   0.060	   267.916
 339	170	 3.9149	 1.0236	   1.5050	        1.5052	          0.0002	   1.5713	6.293e-04	   0.054	   268.576
 340	170	 3.9146	 1.0233	   1.5050	        1.5052	          0.0002	   1.5299	4.951e-04	   0.062	   269.244
 341	171	 3.9141	 1.0232	   1.5050	        1.5052	          0.0002	   1.5481	4.879e-04	   0.054	   269.902
 342	171	 3.9141	 1.0232	   1.5050	        1.5052	          0.0002	   1.5512	4.627e-04	   0.058	   270.565
 343	172	 3.9138	 1.0228	   1.5050	        1.5052	          0.0002	   1.5305	3.691e-04	   0.052	   271.218
 344	172	 3.9137	 1.0233	   1.5050	        1.5052	          0.0002	   1.5825	5.092e-04	   0.057	   271.880
 345	173	 3.9136	 1.0231	   1.5050	        1.5052	          0.0002	   1.5429	4.454e-04	   0.060	   272.588
 346	173	 3.9135	 1.0233	   1.5050	        1.5052	          0.0002	   1.5643	5.065e-04	   0.053	   273.286
 347	174	 3.9133	 1.0236	   1.5050	        1.5052	          0.0002	   1.5707	6.209e-04	   0.067	   273.955
 348	174	 3.9133	 1.0234	   1.5050	        1.5052	          0.0002	   1.5422	5.413e-04	   0.062	   274.632
 349	175	 3.9135	 1.0236	   1.5050	        1.5052	          0.0002	   1.5682	6.257e-04	   0.059	   275.314
 350	175	 3.9129	 1.0234	   1.5050	        1.5052	          0.0002	   1.5384	5.420e-04	   0.057	   275.972
 351	176	 3.9129	 1.0235	   1.5050	        1.5052	          0.0002	   1.5640	5.834e-04	   0.062	   276.682
 352	176	 3.9128	 1.0234	   1.5050	        1.5052	          0.0002	   1.5446	5.494e-04	   0.066	   277.392
 353	177	 3.9126	 1.0231	   1.5050	        1.5052	          0.0002	   1.5309	4.379e-04	   0.062	   278.092
 354	177	 3.9125	 1.0234	   1.5050	        1.5052	          0.0002	   1.5758	5.489e-04	   0.061	   278.779
 355	178	 3.9128	 1.0241	   1.5050	        1.5052	          0.0002	   1.5985	7.959e-04	   0.060	   279.445
 356	178	 3.9122	 1.0233	   1.5050	        1.5052	          0.0002	   1.5032	5.165e-04	   0.052	   280.103
 357	179	 3.9122	 1.0226	   1.5050	        1.5052	          0.0002	   1.5074	3.361e-04	   0.062	   280.787
 358	179	 3.9118	 1.0233	   1.5050	        1.5052	          0.0002	   1.5987	5.145e-04	   0.064	   281.508
 359	180	 3.9114	 1.0229	   1.5050	        1.5052	          0.0002	   1.5257	3.916e-04	   0.060	   282.251
 360	180	 3.9114	 1.0234	   1.5050	        1.5052	          0.0002	   1.5868	5.518e-04	   0.068	   282.998
 361	181	 3.9111	 1.0229	   1.5050	        1.5052	          0.0002	   1.5208	3.876e-04	   0.058	   283.743
 362	181	 3.9112	 1.0231	   1.5050	        1.5052	          0.0002	   1.5627	4.284e-04	   0.060	   284.449
 363	182	 3.9113	 1.0235	   1.5050	        1.5052	          0.0002	   1.5818	5.788e-04	   0.059	   285.129
 364	182	 3.9108	 1.0231	   1.5050	        1.5052	          0.0002	   1.5257	4.343e-04	   0.060	   285.835
 365	183	 3.9109	 1.0231	   1.5050	        1.5052	          0.0002	   1.5564	4.478e-04	   0.061	   286.525
 366	183	 3.9106	 1.0229	   1.5050	        1.5052	          0.0002	   1.5404	3.911e-04	   0.057	   287.199
 367	184	 3.9109	 1.0228	   1.5050	        1.5052	          0.0002	   1.5513	3.710e-04	   0.061	   287.863
 368	184	 3.9103	 1.0228	   1.5050	        1.5052	          0.0002	   1.5492	3.671e-04	   0.067	   288.571
 369	185	 3.9103	 1.0228	   1.5050	        1.5052	          0.0002	   1.5512	3.567e-04	   0.059	   289.256
 370	185	 3.9100	 1.0228	   1.5050	        1.5052	          0.0002	   1.5519	3.607e-04	   0.062	   289.945
 371	186	 3.9099	 1.0225	   1.5050	        1.5052	          0.0002	   1.5389	3.331e-04	   0.055	   290.616
 372	186	 3.9100	 1.0227	   1.5050	        1.5052	          0.0002	   1.5648	3.490e-04	   0.062	   291.301
 373	187	 3.9096	 1.0222	   1.5050	        1.5052	          0.0002	   1.5149	3.601e-04	   0.056	   291.977
 374	187	 3.9096	 1.0226	   1.5050	        1.5052	          0.0002	   1.5847	3.399e-04	   0.054	   292.646
 375	188	 3.9094	 1.0222	   1.5050	        1.5052	          0.0002	   1.5251	3.550e-04	   0.061	   293.312
 376	188	 3.9095	 1.0226	   1.5050	        1.5052	          0.0002	   1.5801	3.377e-04	   0.051	   293.966
 377	189	 3.9095	 1.0227	   1.5050	        1.5052	          0.0002	   1.5620	3.475e-04	   0.059	   294.626
 378	189	 3.9094	 1.0226	   1.5050	        1.5052	          0.0002	   1.5446	3.371e-04	   0.055	   295.284
 379	190	 3.9092	 1.0228	   1.5050	        1.5052	          0.0002	   1.5632	3.588e-04	   0.058	   295.951
 380	190	 3.9090	 1.0227	   1.5050	        1.5052	          0.0002	   1.5431	3.405e-04	   0.060	   296.612
 381	191	 3.9087	 1.0229	   1.5050	        1.5052	          0.0002	   1.5627	3.742e-04	   0.056	   297.271
 382	191	 3.9086	 1.0226	   1.5050	        1.5052	          0.0002	   1.5359	3.335e-04	   0.067	   297.990
 383	192	 3.9086	 1.0229	   1.5050	        1.5052	          0.0002	   1.5708	3.730e-04	   0.055	   298.687
 384	192	 3.9084	 1.0226	   1.5050	        1.5052	          0.0002	   1.5350	3.333e-04	   0.057	   299.391
 385	193	 3.9082	 1.0229	   1.5050	        1.5052	          0.0002	   1.5743	3.907e-04	   0.062	   300.106
 386	193	 3.9081	 1.0226	   1.5050	        1.5052	          0.0002	   1.5353	3.377e-04	   0.057	   300.792
 387	194	 3.9078	 1.0232	   1.5050	        1.5052	          0.0002	   1.5852	4.557e-04	   0.062	   301.455
 388	194	 3.9079	 1.0229	   1.5050	        1.5052	          0.0002	   1.5345	3.731e-04	   0.059	   302.114
 389	195	 3.9077	 1.0231	   1.5050	        1.5052	          0.0002	   1.5692	4.451e-04	   0.056	   302.775
 390	195	 3.9075	 1.0229	   1.5050	        1.5052	          0.0002	   1.5383	3.831e-04	   0.056	   303.435
 391	196	 3.9072	 1.0233	   1.5050	        1.5052	          0.0002	   1.5779	5.043e-04	   0.055	   304.075
 392	196	 3.9073	 1.0226	   1.5050	        1.5052	          0.0002	   1.5103	3.357e-04	   0.060	   304.763
 393	197	 3.9070	 1.0225	   1.5050	        1.5052	          0.0002	   1.5412	3.287e-04	   0.053	   305.367
 394	197	 3.9068	 1.0227	   1.5050	        1.5052	          0.0002	   1.5707	3.506e-04	   0.054	   306.009
 395	198	 3.9067	 1.0224	   1.5050	        1.5052	          0.0002	   1.5239	3.333e-04	   0.044	   306.617
 396	198	 3.9063	 1.0227	   1.5050	        1.5052	          0.0002	   1.5767	3.433e-04	   0.061	   307.215
 397	199	 3.9061	 1.0224	   1.5050	        1.5052	          0.0002	   1.5306	3.314e-04	   0.051	   307.815
 398	199	 3.9061	 1.0226	   1.5050	        1.5052	          0.0002	   1.5678	3.320e-04	   0.058	   308.428
 399	200	 3.9058	 1.0229	   1.5050	        1.5052	          0.0002	   1.5755	3.836e-04	   0.051	   309.013
 400	200	 3.9058	 1.0226	   1.5050	        1.5052	          0.0002	   1.5274	3.292e-04	   0.055	   309.603

[BSGD] Finished on device cuda -> σ_f² ≈ 3.9058, σ_ε² ≈ 1.0226
