[GPU 0][JOB 209] 'python cli.py minimax --n 1024 --lengthscale 0.5 --sigma-f2-true 4.0 --sigma-eps2-true 1.0 --n-epochs 200 --device auto --kernel-mode finite --a 1e-4 --b 1e-3 --w-init-scale 0.1 --num-features 128 --print-every 1 --mu-increase-factor 1.0 --mu-increase-epochs 0 --seed 8 --batch-size 1024 --mu 2.0 --lr-decay 1.0 --lr-decay-start-epoch 0 --sigma-f2-init 5.0 --sigma-eps2-init 3.0 '

=== MINIMAX + ORF (TMLR) ===
iter	epoch	σ_f²	σ_ε²	real_nlml	real_nlml_true	real_nlml_abs_err	orf_nlml	orf_nlml_true	ℓ_μ	|A-F|/|A|	|B|	cosBΔ	pen/pen*	lr_scale	||grad||	duration_s	wall_time_s
   1	 1	 4.9718	 3.0163	   1.7084	        1.5064	          0.2020	   1.7084	        1.5064	 2.4789	 2.0000	3.369e+01	 0.0674	 1.0000	 0.0674	 1.00000	1.052e-01	 154.511	   154.592
   2	 2	 4.9520	 3.0310	   1.7099	        1.5064	          0.2035	   1.7099	        1.5064	 2.4411	 2.0000	3.340e+01	 0.1342	 1.0000	 0.1342	 1.00000	1.049e-01	 135.494	   290.087
   3	 3	 4.9397	 3.0442	   1.7113	        1.5064	          0.2049	   1.7113	        1.5064	 2.4061	 2.0000	3.317e+01	 0.2005	 1.0000	 0.2005	 1.00000	1.047e-01	 102.088	   392.176
   4	 4	 4.9339	 3.0561	   1.7125	        1.5064	          0.2061	   1.7125	        1.5064	 2.3736	 2.0000	3.300e+01	 0.2665	 1.0000	 0.2665	 1.00000	1.045e-01	  86.156	   478.332
   5	 5	 4.9339	 3.0667	   1.7136	        1.5064	          0.2072	   1.7136	        1.5064	 2.3432	 2.0000	3.289e+01	 0.3323	 1.0000	 0.3323	 1.00000	1.043e-01	  65.682	   544.014
   6	 6	 4.9389	 3.0761	   1.7146	        1.5064	          0.2082	   1.7146	        1.5064	 2.3147	 2.0000	3.282e+01	 0.3979	 1.0000	 0.3979	 1.00000	1.041e-01	  60.916	   604.930
   7	 7	 4.9484	 3.0844	   1.7155	        1.5064	          0.2091	   1.7155	        1.5064	 2.2878	 2.0000	3.279e+01	 0.4635	 1.0000	 0.4635	 1.00000	1.040e-01	  59.192	   664.123
   8	 8	 4.9618	 3.0918	   1.7163	        1.5064	          0.2099	   1.7163	        1.5064	 2.2624	 2.0000	3.280e+01	 0.5291	 1.0000	 0.5291	 1.00000	1.039e-01	  46.567	   710.690
   9	 9	 4.9788	 3.0982	   1.7169	        1.5064	          0.2106	   1.7169	        1.5064	 2.2383	 2.0000	3.285e+01	 0.5948	 1.0000	 0.5948	 1.00000	1.038e-01	  34.148	   744.839
  10	10	 4.9988	 3.1037	   1.7175	        1.5064	          0.2112	   1.7175	        1.5064	 2.2155	 2.0000	3.292e+01	 0.6607	 1.0000	 0.6607	 1.00000	1.037e-01	  34.062	   778.901
  11	11	 5.0214	 3.1084	   1.7181	        1.5064	          0.2117	   1.7181	        1.5064	 2.1937	 2.0000	3.302e+01	 0.7267	 1.0000	 0.7267	 1.00000	1.036e-01	  21.137	   800.038
  12	12	 5.0464	 3.1123	   1.7185	        1.5064	          0.2121	   1.7185	        1.5064	 2.1729	 2.0000	3.314e+01	 0.7930	 1.0000	 0.7930	 1.00000	1.035e-01	   8.981	   809.020
  13	13	 5.0732	 3.1154	   1.7189	        1.5064	          0.2125	   1.7189	        1.5064	 2.1531	 2.0000	3.329e+01	 0.8596	 1.0000	 0.8596	 1.00000	1.035e-01	   8.443	   817.463
  14	14	 5.1017	 3.1179	   1.7192	        1.5064	          0.2128	   1.7192	        1.5064	 2.1341	 2.0000	3.345e+01	 0.9265	 1.0000	 0.9265	 1.00000	1.034e-01	   8.453	   825.916
  15	15	 5.1315	 3.1197	   1.7194	        1.5064	          0.2130	   1.7194	        1.5064	 2.1159	 2.0000	3.362e+01	 0.9937	 1.0000	 0.9937	 1.00000	1.034e-01	   8.423	   834.339
  16	16	 5.1622	 3.1208	   1.7196	        1.5064	          0.2132	   1.7196	        1.5064	 2.0984	 2.0000	3.381e+01	 1.0000	 1.0000	 1.0000	 1.00000	1.034e-01	   8.475	   842.815
  17	17	 5.1957	 3.1214	   1.7197	        1.5064	          0.2133	   1.7197	        1.5064	 2.0816	 2.0000	3.403e+01	 1.0000	 1.0000	 1.0000	 1.00000	1.034e-01	   8.437	   851.253
  18	18	 5.2321	 3.1214	   1.7197	        1.5064	          0.2133	   1.7197	        1.5064	 2.0654	 2.0000	3.426e+01	 1.0000	 1.0000	 1.0000	 1.00000	1.034e-01	   8.426	   859.679
  19	19	 5.2710	 3.1208	   1.7197	        1.5064	          0.2133	   1.7197	        1.5064	 2.0498	 2.0000	3.452e+01	 1.0000	 1.0000	 1.0000	 1.00000	1.034e-01	   8.480	   868.160
  20	20	 5.3124	 3.1197	   1.7197	        1.5064	          0.2133	   1.7197	        1.5064	 2.0348	 2.0000	3.479e+01	 1.0000	 1.0000	 1.0000	 1.00000	1.034e-01	   8.449	   876.609
  21	21	 5.3560	 3.1181	   1.7196	        1.5064	          0.2132	   1.7196	        1.5064	 2.0203	 2.0000	3.508e+01	 1.0000	 1.0000	 1.0000	 1.00000	1.035e-01	   8.441	   885.051
  22	22	 5.4017	 3.1161	   1.7194	        1.5064	          0.2130	   1.7194	        1.5064	 2.0062	 2.0000	3.537e+01	 1.0000	 1.0000	 1.0000	 1.00000	1.035e-01	   8.439	   893.490
  23	23	 5.4494	 3.1135	   1.7192	        1.5064	          0.2128	   1.7192	        1.5064	 1.9926	 2.0000	3.569e+01	 1.0000	 1.0000	 1.0000	 1.00000	1.035e-01	   8.426	   901.916
  24	24	 5.4987	 3.1106	   1.7190	        1.5064	          0.2126	   1.7190	        1.5064	 1.9795	 2.0000	3.601e+01	 1.0000	 1.0000	 1.0000	 1.00000	1.036e-01	   8.431	   910.348
  25	25	 5.5497	 3.1071	   1.7187	        1.5064	          0.2123	   1.7187	        1.5064	 1.9668	 2.0000	3.634e+01	 1.0000	 1.0000	 1.0000	 1.00000	1.036e-01	   8.379	   918.727
  26	26	 5.6021	 3.1033	   1.7184	        1.5064	          0.2120	   1.7184	        1.5064	 1.9545	 2.0000	3.669e+01	 1.0000	 1.0000	 1.0000	 1.00000	1.037e-01	   8.367	   927.094
  27	27	 5.6557	 3.0991	   1.7180	        1.5064	          0.2117	   1.7180	        1.5064	 1.9425	 2.0000	3.704e+01	 1.0000	 1.0000	 1.0000	 1.00000	1.038e-01	   8.488	   935.582
  28	28	 5.7106	 3.0945	   1.7176	        1.5064	          0.2113	   1.7176	        1.5064	 1.9309	 2.0000	3.739e+01	 1.0000	 1.0000	 1.0000	 1.00000	1.039e-01	   8.564	   944.146
  29	29	 5.7664	 3.0895	   1.7172	        1.5064	          0.2108	   1.7172	        1.5064	 1.9197	 2.0000	3.776e+01	 1.0000	 1.0000	 1.0000	 1.00000	1.039e-01	   8.387	   952.533
  30	30	 5.8231	 3.0841	   1.7167	        1.5064	          0.2104	   1.7167	        1.5064	 1.9089	 2.0000	3.813e+01	 1.0000	 1.0000	 1.0000	 1.00000	1.040e-01	   8.426	   960.959
  31	31	 5.8805	 3.0784	   1.7162	        1.5064	          0.2098	   1.7162	        1.5064	 1.8983	 2.0000	3.851e+01	 1.0000	 1.0000	 1.0000	 1.00000	1.041e-01	   8.478	   969.438
  32	32	 5.9384	 3.0724	   1.7157	        1.5064	          0.2093	   1.7157	        1.5064	 1.8881	 2.0000	3.888e+01	 1.0000	 1.0000	 1.0000	 1.00000	1.042e-01	   8.440	   977.878
  33	33	 5.9968	 3.0661	   1.7151	        1.5064	          0.2087	   1.7151	        1.5064	 1.8782	 2.0000	3.927e+01	 1.0000	 1.0000	 1.0000	 1.00000	1.043e-01	   8.477	   986.356
  34	34	 6.0555	 3.0594	   1.7145	        1.5064	          0.2081	   1.7145	        1.5064	 1.8685	 2.0000	3.965e+01	 1.0000	 1.0000	 1.0000	 1.00000	1.045e-01	   8.575	   994.931
  35	35	 6.1144	 3.0525	   1.7139	        1.5064	          0.2075	   1.7139	        1.5064	 1.8592	 2.0000	4.004e+01	 1.0000	 1.0000	 1.0000	 1.00000	1.046e-01	   8.399	  1003.330
  36	36	 6.1733	 3.0452	   1.7132	        1.5064	          0.2068	   1.7132	        1.5064	 1.8501	 2.0000	4.042e+01	 1.0000	 1.0000	 1.0000	 1.00000	1.047e-01	   8.440	  1011.771
  37	37	 6.2321	 3.0377	   1.7125	        1.5064	          0.2061	   1.7125	        1.5064	 1.8413	 2.0000	4.080e+01	 1.0000	 1.0000	 1.0000	 1.00000	1.048e-01	   8.460	  1020.231
  38	38	 6.2907	 3.0299	   1.7118	        1.5064	          0.2054	   1.7118	        1.5064	 1.8328	 2.0000	4.119e+01	 1.0000	 1.0000	 1.0000	 1.00000	1.050e-01	   8.465	  1028.697
  39	39	 6.3491	 3.0218	   1.7110	        1.5064	          0.2046	   1.7110	        1.5064	 1.8245	 2.0000	4.157e+01	 1.0000	 1.0000	 1.0000	 1.00000	1.051e-01	   8.462	  1037.159
  40	40	 6.4069	 3.0135	   1.7102	        1.5064	          0.2038	   1.7102	        1.5064	 1.8164	 2.0000	4.195e+01	 1.0000	 1.0000	 1.0000	 1.00000	1.052e-01	   8.578	  1045.737
  41	41	 6.4643	 3.0050	   1.7094	        1.5064	          0.2030	   1.7094	        1.5064	 1.8086	 2.0000	4.232e+01	 1.0000	 1.0000	 1.0000	 1.00000	1.054e-01	   8.382	  1054.119
  42	42	 6.5210	 2.9962	   1.7085	        1.5064	          0.2022	   1.7085	        1.5064	 1.8009	 2.0000	4.269e+01	 1.0000	 1.0000	 1.0000	 1.00000	1.055e-01	   8.439	  1062.558
  43	43	 6.5771	 2.9872	   1.7077	        1.5064	          0.2013	   1.7077	        1.5064	 1.7935	 2.0000	4.306e+01	 1.0000	 1.0000	 1.0000	 1.00000	1.057e-01	   8.473	  1071.032
  44	44	 6.6323	 2.9779	   1.7068	        1.5064	          0.2004	   1.7068	        1.5064	 1.7863	 2.0000	4.342e+01	 1.0000	 1.0000	 1.0000	 1.00000	1.058e-01	   8.452	  1079.484
  45	45	 6.6866	 2.9685	   1.7059	        1.5064	          0.1995	   1.7059	        1.5064	 1.7792	 2.0000	4.377e+01	 1.0000	 1.0000	 1.0000	 1.00000	1.060e-01	   8.474	  1087.958
  46	46	 6.7400	 2.9588	   1.7049	        1.5064	          0.1985	   1.7049	        1.5064	 1.7724	 2.0000	4.412e+01	 1.0000	 1.0000	 1.0000	 1.00000	1.062e-01	   8.473	  1096.431
  47	47	 6.7923	 2.9490	   1.7039	        1.5064	          0.1976	   1.7039	        1.5064	 1.7657	 2.0000	4.446e+01	 1.0000	 1.0000	 1.0000	 1.00000	1.063e-01	   8.483	  1104.915
  48	48	 6.8436	 2.9390	   1.7030	        1.5064	          0.1966	   1.7030	        1.5064	 1.7592	 2.0000	4.480e+01	 1.0000	 1.0000	 1.0000	 1.00000	1.065e-01	   8.440	  1113.355
  49	49	 6.8938	 2.9288	   1.7019	        1.5064	          0.1956	   1.7019	        1.5064	 1.7528	 2.0000	4.513e+01	 1.0000	 1.0000	 1.0000	 1.00000	1.067e-01	   8.483	  1121.839
  50	50	 6.9428	 2.9184	   1.7009	        1.5064	          0.1945	   1.7009	        1.5064	 1.7466	 2.0000	4.545e+01	 1.0000	 1.0000	 1.0000	 1.00000	1.068e-01	   8.264	  1130.103
  51	51	 6.9906	 2.9078	   1.6998	        1.5064	          0.1935	   1.6998	        1.5064	 1.7405	 2.0000	4.576e+01	 1.0000	 1.0000	 1.0000	 1.00000	1.070e-01	   8.563	  1138.666
  52	52	 7.0371	 2.8971	   1.6988	        1.5064	          0.1924	   1.6988	        1.5064	 1.7345	 2.0000	4.606e+01	 1.0000	 1.0000	 1.0000	 1.00000	1.072e-01	   8.601	  1147.267
  53	53	 7.0824	 2.8862	   1.6977	        1.5064	          0.1913	   1.6977	        1.5064	 1.7287	 2.0000	4.636e+01	 1.0000	 1.0000	 1.0000	 1.00000	1.074e-01	   8.490	  1155.757
  54	54	 7.1264	 2.8752	   1.6965	        1.5064	          0.1902	   1.6965	        1.5064	 1.7229	 2.0000	4.664e+01	 1.0000	 1.0000	 1.0000	 1.00000	1.076e-01	   8.453	  1164.211
  55	55	 7.1691	 2.8640	   1.6954	        1.5064	          0.1890	   1.6954	        1.5064	 1.7173	 2.0000	4.692e+01	 1.0000	 1.0000	 1.0000	 1.00000	1.078e-01	   8.455	  1172.666
  56	56	 7.2106	 2.8526	   1.6942	        1.5064	          0.1879	   1.6942	        1.5064	 1.7118	 2.0000	4.719e+01	 1.0000	 1.0000	 1.0000	 1.00000	1.079e-01	   8.479	  1181.145
  57	57	 7.2507	 2.8412	   1.6931	        1.5064	          0.1867	   1.6931	        1.5064	 1.7064	 2.0000	4.745e+01	 1.0000	 1.0000	 1.0000	 1.00000	1.081e-01	   8.440	  1189.586
  58	58	 7.2896	 2.8296	   1.6919	        1.5064	          0.1855	   1.6919	        1.5064	 1.7010	 2.0000	4.771e+01	 1.0000	 1.0000	 1.0000	 1.00000	1.083e-01	   8.459	  1198.046
  59	59	 7.3271	 2.8178	   1.6906	        1.5064	          0.1843	   1.6906	        1.5064	 1.6958	 2.0000	4.795e+01	 1.0000	 1.0000	 1.0000	 1.00000	1.085e-01	   8.523	  1206.569
  60	60	 7.3634	 2.8060	   1.6894	        1.5064	          0.1830	   1.6894	        1.5064	 1.6906	 2.0000	4.819e+01	 1.0000	 1.0000	 1.0000	 1.00000	1.087e-01	   8.418	  1214.987
  61	61	 7.3985	 2.7940	   1.6882	        1.5064	          0.1818	   1.6882	        1.5064	 1.6855	 2.0000	4.842e+01	 1.0000	 1.0000	 1.0000	 1.00000	1.089e-01	   8.462	  1223.449
  62	62	 7.4323	 2.7819	   1.6869	        1.5064	          0.1805	   1.6869	        1.5064	 1.6805	 2.0000	4.864e+01	 1.0000	 1.0000	 1.0000	 1.00000	1.091e-01	   8.450	  1231.900
  63	63	 7.4649	 2.7697	   1.6856	        1.5064	          0.1792	   1.6856	        1.5064	 1.6755	 2.0000	4.885e+01	 1.0000	 1.0000	 1.0000	 1.00000	1.093e-01	   8.470	  1240.370
  64	64	 7.4963	 2.7573	   1.6843	        1.5064	          0.1779	   1.6843	        1.5064	 1.6706	 2.0000	4.905e+01	 1.0000	 1.0000	 1.0000	 1.00000	1.095e-01	   8.462	  1248.833
  65	65	 7.5265	 2.7449	   1.6830	        1.5064	          0.1766	   1.6830	        1.5064	 1.6658	 2.0000	4.925e+01	 1.0000	 1.0000	 1.0000	 1.00000	1.097e-01	   8.503	  1257.336
  66	66	 7.5556	 2.7323	   1.6816	        1.5064	          0.1753	   1.6816	        1.5064	 1.6610	 2.0000	4.944e+01	 1.0000	 1.0000	 1.0000	 1.00000	1.099e-01	   8.414	  1265.750
  67	67	 7.5836	 2.7197	   1.6803	        1.5064	          0.1739	   1.6803	        1.5064	 1.6562	 2.0000	4.962e+01	 1.0000	 1.0000	 1.0000	 1.00000	1.101e-01	   8.475	  1274.226
  68	68	 7.6106	 2.7069	   1.6789	        1.5064	          0.1725	   1.6789	        1.5064	 1.6515	 2.0000	4.980e+01	 1.0000	 1.0000	 1.0000	 1.00000	1.103e-01	   8.483	  1282.709
  69	69	 7.6365	 2.6941	   1.6775	        1.5064	          0.1712	   1.6775	        1.5064	 1.6469	 2.0000	4.996e+01	 1.0000	 1.0000	 1.0000	 1.00000	1.105e-01	   8.444	  1291.154
  70	70	 7.6613	 2.6812	   1.6761	        1.5064	          0.1698	   1.6761	        1.5064	 1.6423	 2.0000	5.013e+01	 1.0000	 1.0000	 1.0000	 1.00000	1.107e-01	   8.469	  1299.623
  71	71	 7.6853	 2.6681	   1.6747	        1.5064	          0.1684	   1.6747	        1.5064	 1.6377	 2.0000	5.028e+01	 1.0000	 1.0000	 1.0000	 1.00000	1.109e-01	   8.493	  1308.116
  72	72	 7.7082	 2.6550	   1.6733	        1.5064	          0.1669	   1.6733	        1.5064	 1.6332	 2.0000	5.043e+01	 1.0000	 1.0000	 1.0000	 1.00000	1.111e-01	   8.456	  1316.573
  73	73	 7.7303	 2.6418	   1.6719	        1.5064	          0.1655	   1.6719	        1.5064	 1.6287	 2.0000	5.057e+01	 1.0000	 1.0000	 1.0000	 1.00000	1.113e-01	   8.454	  1325.027
  74	74	 7.7515	 2.6285	   1.6704	        1.5064	          0.1640	   1.6704	        1.5064	 1.6243	 2.0000	5.071e+01	 1.0000	 1.0000	 1.0000	 1.00000	1.115e-01	   8.476	  1333.503
  75	75	 7.7718	 2.6151	   1.6690	        1.5064	          0.1626	   1.6690	        1.5064	 1.6198	 2.0000	5.084e+01	 1.0000	 1.0000	 1.0000	 1.00000	1.117e-01	   8.451	  1341.954
  76	76	 7.7913	 2.6017	   1.6675	        1.5064	          0.1611	   1.6675	        1.5064	 1.6154	 2.0000	5.097e+01	 1.0000	 1.0000	 1.0000	 1.00000	1.119e-01	   8.471	  1350.425
  77	77	 7.8100	 2.5882	   1.6660	        1.5064	          0.1596	   1.6660	        1.5064	 1.6111	 2.0000	5.109e+01	 1.0000	 1.0000	 1.0000	 1.00000	1.121e-01	   8.489	  1358.914
  78	78	 7.8280	 2.5746	   1.6645	        1.5064	          0.1581	   1.6645	        1.5064	 1.6067	 2.0000	5.121e+01	 1.0000	 1.0000	 1.0000	 1.00000	1.123e-01	   8.441	  1367.356
  79	79	 7.8453	 2.5609	   1.6630	        1.5064	          0.1566	   1.6630	        1.5064	 1.6024	 2.0000	5.132e+01	 1.0000	 1.0000	 1.0000	 1.00000	1.125e-01	   8.463	  1375.819
  80	80	 7.8618	 2.5471	   1.6615	        1.5064	          0.1551	   1.6615	        1.5064	 1.5981	 2.0000	5.142e+01	 1.0000	 1.0000	 1.0000	 1.00000	1.127e-01	   8.464	  1384.284
  81	81	 7.8777	 2.5333	   1.6599	        1.5064	          0.1535	   1.6599	        1.5064	 1.5939	 2.0000	5.153e+01	 1.0000	 1.0000	 1.0000	 1.00000	1.129e-01	   8.466	  1392.750
  82	82	 7.8930	 2.5195	   1.6584	        1.5064	          0.1520	   1.6584	        1.5064	 1.5896	 2.0000	5.162e+01	 1.0000	 1.0000	 1.0000	 1.00000	1.131e-01	   8.468	  1401.218
  83	83	 7.9076	 2.5055	   1.6568	        1.5064	          0.1504	   1.6568	        1.5064	 1.5854	 2.0000	5.172e+01	 1.0000	 1.0000	 1.0000	 1.00000	1.133e-01	   8.500	  1409.718
  84	84	 7.9217	 2.4915	   1.6552	        1.5064	          0.1489	   1.6552	        1.5064	 1.5812	 2.0000	5.181e+01	 1.0000	 1.0000	 1.0000	 1.00000	1.135e-01	   8.432	  1418.150
  85	85	 7.9352	 2.4775	   1.6537	        1.5064	          0.1473	   1.6537	        1.5064	 1.5771	 2.0000	5.190e+01	 1.0000	 1.0000	 1.0000	 1.00000	1.137e-01	   8.475	  1426.626
  86	86	 7.9481	 2.4634	   1.6521	        1.5064	          0.1457	   1.6521	        1.5064	 1.5729	 2.0000	5.198e+01	 1.0000	 1.0000	 1.0000	 1.00000	1.139e-01	   8.464	  1435.090
  87	87	 7.9605	 2.4492	   1.6505	        1.5064	          0.1441	   1.6505	        1.5064	 1.5688	 2.0000	5.206e+01	 1.0000	 1.0000	 1.0000	 1.00000	1.141e-01	   8.464	  1443.554
  88	88	 7.9725	 2.4350	   1.6489	        1.5064	          0.1425	   1.6489	        1.5064	 1.5647	 2.0000	5.213e+01	 1.0000	 1.0000	 1.0000	 1.00000	1.143e-01	   8.483	  1452.037
  89	89	 7.9839	 2.4207	   1.6473	        1.5064	          0.1409	   1.6473	        1.5064	 1.5606	 2.0000	5.221e+01	 1.0000	 1.0000	 1.0000	 1.00000	1.144e-01	   8.471	  1460.509
  90	90	 7.9949	 2.4064	   1.6456	        1.5064	          0.1393	   1.6456	        1.5064	 1.5566	 2.0000	5.228e+01	 1.0000	 1.0000	 1.0000	 1.00000	1.146e-01	   8.440	  1468.949
  91	91	 8.0054	 2.3920	   1.6440	        1.5064	          0.1376	   1.6440	        1.5064	 1.5525	 2.0000	5.235e+01	 1.0000	 1.0000	 1.0000	 1.00000	1.148e-01	   8.300	  1477.249
  92	92	 8.0156	 2.3776	   1.6424	        1.5064	          0.1360	   1.6424	        1.5064	 1.5485	 2.0000	5.241e+01	 1.0000	 1.0000	 1.0000	 1.00000	1.150e-01	   8.680	  1485.929
  93	93	 8.0253	 2.3632	   1.6407	        1.5064	          0.1343	   1.6407	        1.5064	 1.5445	 2.0000	5.247e+01	 1.0000	 1.0000	 1.0000	 1.00000	1.151e-01	   8.463	  1494.393
  94	94	 8.0346	 2.3487	   1.6391	        1.5064	          0.1327	   1.6391	        1.5064	 1.5405	 2.0000	5.253e+01	 1.0000	 1.0000	 1.0000	 1.00000	1.153e-01	   8.456	  1502.848
  95	95	 8.0435	 2.3342	   1.6374	        1.5064	          0.1310	   1.6374	        1.5064	 1.5365	 2.0000	5.259e+01	 1.0000	 1.0000	 1.0000	 1.00000	1.154e-01	   8.514	  1511.363
  96	96	 8.0521	 2.3197	   1.6357	        1.5064	          0.1294	   1.6357	        1.5064	 1.5326	 2.0000	5.264e+01	 1.0000	 1.0000	 1.0000	 1.00000	1.156e-01	   8.425	  1519.788
  97	97	 8.0603	 2.3051	   1.6341	        1.5064	          0.1277	   1.6341	        1.5064	 1.5286	 2.0000	5.270e+01	 1.0000	 1.0000	 1.0000	 1.00000	1.157e-01	   8.456	  1528.245
  98	98	 8.0682	 2.2905	   1.6324	        1.5064	          0.1260	   1.6324	        1.5064	 1.5247	 2.0000	5.275e+01	 1.0000	 1.0000	 1.0000	 1.00000	1.159e-01	   8.467	  1536.712
  99	99	 8.0758	 2.2759	   1.6307	        1.5064	          0.1243	   1.6307	        1.5064	 1.5208	 2.0000	5.279e+01	 1.0000	 1.0000	 1.0000	 1.00000	1.160e-01	   8.457	  1545.170
 100	100	 8.0831	 2.2612	   1.6290	        1.5064	          0.1226	   1.6290	        1.5064	 1.5169	 2.0000	5.284e+01	 1.0000	 1.0000	 1.0000	 1.00000	1.162e-01	   8.476	  1553.645
 101	101	 8.0900	 2.2465	   1.6273	        1.5064	          0.1209	   1.6273	        1.5064	 1.5131	 2.0000	5.288e+01	 1.0000	 1.0000	 1.0000	 1.00000	1.163e-01	   8.500	  1562.146
 102	102	 8.0967	 2.2318	   1.6256	        1.5064	          0.1192	   1.6256	        1.5064	 1.5092	 2.0000	5.292e+01	 1.0000	 1.0000	 1.0000	 1.00000	1.164e-01	   8.412	  1570.559
 103	103	 8.1031	 2.2171	   1.6239	        1.5064	          0.1175	   1.6239	        1.5064	 1.5054	 2.0000	5.296e+01	 1.0000	 1.0000	 1.0000	 1.00000	1.165e-01	   8.464	  1579.023
 104	104	 8.1092	 2.2024	   1.6222	        1.5064	          0.1158	   1.6222	        1.5064	 1.5016	 2.0000	5.300e+01	 1.0000	 1.0000	 1.0000	 1.00000	1.166e-01	   8.463	  1587.486
 105	105	 8.1150	 2.1877	   1.6205	        1.5064	          0.1141	   1.6205	        1.5064	 1.4978	 2.0000	5.304e+01	 1.0000	 1.0000	 1.0000	 1.00000	1.167e-01	   8.460	  1595.947
 106	106	 8.1206	 2.1729	   1.6188	        1.5064	          0.1124	   1.6188	        1.5064	 1.4941	 2.0000	5.307e+01	 1.0000	 1.0000	 1.0000	 1.00000	1.168e-01	   8.454	  1604.401
 107	107	 8.1259	 2.1582	   1.6171	        1.5064	          0.1107	   1.6171	        1.5064	 1.4903	 2.0000	5.311e+01	 1.0000	 1.0000	 1.0000	 1.00000	1.169e-01	   8.509	  1612.910
 108	108	 8.1310	 2.1435	   1.6153	        1.5064	          0.1090	   1.6153	        1.5064	 1.4866	 2.0000	5.314e+01	 1.0000	 1.0000	 1.0000	 1.00000	1.170e-01	   8.421	  1621.332
 109	109	 8.1359	 2.1287	   1.6136	        1.5064	          0.1073	   1.6136	        1.5064	 1.4829	 2.0000	5.317e+01	 1.0000	 1.0000	 1.0000	 1.00000	1.170e-01	   8.463	  1629.796
 110	110	 8.1405	 2.1140	   1.6119	        1.5064	          0.1055	   1.6119	        1.5064	 1.4792	 2.0000	5.320e+01	 1.0000	 1.0000	 1.0000	 1.00000	1.171e-01	   8.472	  1638.268
 111	111	 8.1449	 2.0993	   1.6102	        1.5064	          0.1038	   1.6102	        1.5064	 1.4756	 2.0000	5.323e+01	 1.0000	 1.0000	 1.0000	 1.00000	1.171e-01	   8.453	  1646.722
 112	112	 8.1491	 2.0845	   1.6085	        1.5064	          0.1021	   1.6085	        1.5064	 1.4719	 2.0000	5.325e+01	 1.0000	 1.0000	 1.0000	 1.00000	1.171e-01	   8.459	  1655.181
 113	113	 8.1531	 2.0698	   1.6068	        1.5064	          0.1004	   1.6068	        1.5064	 1.4683	 2.0000	5.328e+01	 1.0000	 1.0000	 1.0000	 1.00000	1.172e-01	   8.459	  1663.640
 114	114	 8.1569	 2.0552	   1.6050	        1.5064	          0.0987	   1.6050	        1.5064	 1.4647	 2.0000	5.330e+01	 1.0000	 1.0000	 1.0000	 1.00000	1.172e-01	   8.470	  1672.110
 115	115	 8.1604	 2.0405	   1.6033	        1.5064	          0.0970	   1.6033	        1.5064	 1.4612	 2.0000	5.332e+01	 1.0000	 1.0000	 1.0000	 1.00000	1.172e-01	   8.459	  1680.570
 116	116	 8.1638	 2.0259	   1.6016	        1.5064	          0.0953	   1.6016	        1.5064	 1.4576	 2.0000	5.334e+01	 1.0000	 1.0000	 1.0000	 1.00000	1.172e-01	   8.465	  1689.035
 117	117	 8.1670	 2.0113	   1.5999	        1.5064	          0.0935	   1.5999	        1.5064	 1.4541	 2.0000	5.336e+01	 1.0000	 1.0000	 1.0000	 1.00000	1.171e-01	   8.473	  1697.508
 118	118	 8.1700	 1.9967	   1.5982	        1.5064	          0.0918	   1.5982	        1.5064	 1.4506	 2.0000	5.338e+01	 1.0000	 1.0000	 1.0000	 1.00000	1.171e-01	   8.473	  1705.981
 119	119	 8.1728	 1.9822	   1.5965	        1.5064	          0.0901	   1.5965	        1.5064	 1.4472	 2.0000	5.339e+01	 1.0000	 1.0000	 1.0000	 1.00000	1.170e-01	   8.562	  1714.543
 120	120	 8.1754	 1.9677	   1.5948	        1.5064	          0.0885	   1.5948	        1.5064	 1.4437	 2.0000	5.341e+01	 1.0000	 1.0000	 1.0000	 1.00000	1.170e-01	   8.400	  1722.944
 121	121	 8.1779	 1.9533	   1.5931	        1.5064	          0.0868	   1.5931	        1.5064	 1.4403	 2.0000	5.342e+01	 1.0000	 1.0000	 1.0000	 1.00000	1.169e-01	   8.424	  1731.368
 122	122	 8.1802	 1.9389	   1.5915	        1.5064	          0.0851	   1.5915	        1.5064	 1.4370	 2.0000	5.344e+01	 1.0000	 1.0000	 1.0000	 1.00000	1.168e-01	   8.468	  1739.836
 123	123	 8.1823	 1.9246	   1.5898	        1.5064	          0.0834	   1.5898	        1.5064	 1.4336	 2.0000	5.345e+01	 1.0000	 1.0000	 1.0000	 1.00000	1.167e-01	   8.466	  1748.302
 124	124	 8.1842	 1.9103	   1.5881	        1.5064	          0.0818	   1.5881	        1.5064	 1.4303	 2.0000	5.346e+01	 1.0000	 1.0000	 1.0000	 1.00000	1.165e-01	   8.439	  1756.742
 125	125	 8.1859	 1.8961	   1.5865	        1.5064	          0.0801	   1.5865	        1.5064	 1.4271	 2.0000	5.347e+01	 1.0000	 1.0000	 1.0000	 1.00000	1.164e-01	   8.580	  1765.323
 126	126	 8.1875	 1.8819	   1.5848	        1.5064	          0.0785	   1.5848	        1.5064	 1.4238	 2.0000	5.348e+01	 1.0000	 1.0000	 1.0000	 1.00000	1.162e-01	   8.377	  1773.700
 127	127	 8.1890	 1.8678	   1.5832	        1.5064	          0.0768	   1.5832	        1.5064	 1.4206	 2.0000	5.349e+01	 1.0000	 1.0000	 1.0000	 1.00000	1.160e-01	   8.467	  1782.167
 128	128	 8.1902	 1.8538	   1.5816	        1.5064	          0.0752	   1.5816	        1.5064	 1.4174	 2.0000	5.349e+01	 1.0000	 1.0000	 1.0000	 1.00000	1.158e-01	   8.467	  1790.634
 129	129	 8.1914	 1.8399	   1.5800	        1.5064	          0.0736	   1.5800	        1.5064	 1.4143	 2.0000	5.350e+01	 1.0000	 1.0000	 1.0000	 1.00000	1.156e-01	   8.458	  1799.093
 130	130	 8.1923	 1.8261	   1.5784	        1.5064	          0.0720	   1.5784	        1.5064	 1.4112	 2.0000	5.350e+01	 1.0000	 1.0000	 1.0000	 1.00000	1.154e-01	   8.463	  1807.555
 131	131	 8.1931	 1.8123	   1.5768	        1.5064	          0.0704	   1.5768	        1.5064	 1.4081	 2.0000	5.351e+01	 1.0000	 1.0000	 1.0000	 1.00000	1.151e-01	   8.475	  1816.031
 132	132	 8.1937	 1.7987	   1.5752	        1.5064	          0.0688	   1.5752	        1.5064	 1.4051	 2.0000	5.351e+01	 1.0000	 1.0000	 1.0000	 1.00000	1.149e-01	   8.406	  1824.437
 133	133	 8.1942	 1.7851	   1.5737	        1.5064	          0.0673	   1.5737	        1.5064	 1.4021	 2.0000	5.351e+01	 1.0000	 1.0000	 1.0000	 1.00000	1.146e-01	   8.532	  1832.969
 134	134	 8.1946	 1.7716	   1.5721	        1.5064	          0.0658	   1.5721	        1.5064	 1.3992	 2.0000	5.351e+01	 1.0000	 1.0000	 1.0000	 1.00000	1.143e-01	   8.449	  1841.419
 135	135	 8.1947	 1.7583	   1.5706	        1.5064	          0.0642	   1.5706	        1.5064	 1.3962	 2.0000	5.351e+01	 1.0000	 1.0000	 1.0000	 1.00000	1.139e-01	   8.469	  1849.888
 136	136	 8.1948	 1.7451	   1.5691	        1.5064	          0.0627	   1.5691	        1.5064	 1.3934	 2.0000	5.351e+01	 1.0000	 1.0000	 1.0000	 1.00000	1.136e-01	   8.471	  1858.359
 137	137	 8.1946	 1.7319	   1.5676	        1.5064	          0.0612	   1.5676	        1.5064	 1.3906	 2.0000	5.351e+01	 1.0000	 1.0000	 1.0000	 1.00000	1.132e-01	   8.569	  1866.928
 138	138	 8.1943	 1.7189	   1.5661	        1.5064	          0.0598	   1.5661	        1.5064	 1.3878	 2.0000	5.350e+01	 1.0000	 1.0000	 1.0000	 1.00000	1.128e-01	   8.318	  1875.247
 139	139	 8.1939	 1.7061	   1.5647	        1.5064	          0.0583	   1.5647	        1.5064	 1.3850	 2.0000	5.350e+01	 1.0000	 1.0000	 1.0000	 1.00000	1.124e-01	   8.484	  1883.731
 140	140	 8.1933	 1.6933	   1.5633	        1.5064	          0.0569	   1.5633	        1.5064	 1.3823	 2.0000	5.350e+01	 1.0000	 1.0000	 1.0000	 1.00000	1.120e-01	   8.497	  1892.229
 141	141	 8.1926	 1.6807	   1.5619	        1.5064	          0.0555	   1.5619	        1.5064	 1.3797	 2.0000	5.349e+01	 1.0000	 1.0000	 1.0000	 1.00000	1.115e-01	   8.494	  1900.723
 142	142	 8.1917	 1.6683	   1.5605	        1.5064	          0.0541	   1.5605	        1.5064	 1.3771	 2.0000	5.348e+01	 1.0000	 1.0000	 1.0000	 1.00000	1.110e-01	   8.474	  1909.197
 143	143	 8.1907	 1.6560	   1.5591	        1.5064	          0.0527	   1.5591	        1.5064	 1.3745	 2.0000	5.347e+01	 1.0000	 1.0000	 1.0000	 1.00000	1.105e-01	   8.581	  1917.778
 144	144	 8.1895	 1.6438	   1.5578	        1.5064	          0.0514	   1.5578	        1.5064	 1.3720	 2.0000	5.346e+01	 1.0000	 1.0000	 1.0000	 1.00000	1.100e-01	   8.351	  1926.129
 145	145	 8.1882	 1.6318	   1.5564	        1.5064	          0.0501	   1.5564	        1.5064	 1.3696	 2.0000	5.345e+01	 1.0000	 1.0000	 1.0000	 1.00000	1.095e-01	   8.467	  1934.596
 146	146	 8.1867	 1.6200	   1.5551	        1.5064	          0.0488	   1.5551	        1.5064	 1.3672	 2.0000	5.344e+01	 1.0000	 1.0000	 1.0000	 1.00000	1.089e-01	   8.472	  1943.068
 147	147	 8.1850	 1.6083	   1.5539	        1.5064	          0.0475	   1.5539	        1.5064	 1.3648	 2.0000	5.343e+01	 1.0000	 1.0000	 1.0000	 1.00000	1.083e-01	   8.480	  1951.549
 148	148	 8.1832	 1.5967	   1.5526	        1.5064	          0.0463	   1.5526	        1.5064	 1.3625	 2.0000	5.342e+01	 1.0000	 1.0000	 1.0000	 1.00000	1.077e-01	   8.453	  1960.002
 149	149	 8.1813	 1.5854	   1.5514	        1.5064	          0.0450	   1.5514	        1.5064	 1.3602	 2.0000	5.340e+01	 1.0000	 1.0000	 1.0000	 1.00000	1.071e-01	   8.473	  1968.475
 150	150	 8.1792	 1.5742	   1.5502	        1.5064	          0.0438	   1.5502	        1.5064	 1.3580	 2.0000	5.339e+01	 1.0000	 1.0000	 1.0000	 1.00000	1.065e-01	   8.445	  1976.920
 151	151	 8.1769	 1.5632	   1.5490	        1.5064	          0.0427	   1.5490	        1.5064	 1.3558	 2.0000	5.337e+01	 1.0000	 1.0000	 1.0000	 1.00000	1.058e-01	   8.467	  1985.387
 152	152	 8.1745	 1.5524	   1.5479	        1.5064	          0.0415	   1.5479	        1.5064	 1.3537	 2.0000	5.336e+01	 1.0000	 1.0000	 1.0000	 1.00000	1.051e-01	   8.458	  1993.846
 153	153	 8.1719	 1.5418	   1.5468	        1.5064	          0.0404	   1.5468	        1.5064	 1.3516	 2.0000	5.334e+01	 1.0000	 1.0000	 1.0000	 1.00000	1.044e-01	   8.475	  2002.321
 154	154	 8.1692	 1.5313	   1.5457	        1.5064	          0.0393	   1.5457	        1.5064	 1.3496	 2.0000	5.332e+01	 1.0000	 1.0000	 1.0000	 1.00000	1.037e-01	   8.459	  2010.781
 155	155	 8.1663	 1.5211	   1.5446	        1.5064	          0.0383	   1.5446	        1.5064	 1.3476	 2.0000	5.330e+01	 1.0000	 1.0000	 1.0000	 1.00000	1.030e-01	   8.574	  2019.355
 156	156	 8.1633	 1.5110	   1.5436	        1.5064	          0.0372	   1.5436	        1.5064	 1.3457	 2.0000	5.328e+01	 1.0000	 1.0000	 1.0000	 1.00000	1.023e-01	   8.365	  2027.721
 157	157	 8.1601	 1.5012	   1.5426	        1.5064	          0.0362	   1.5426	        1.5064	 1.3438	 2.0000	5.326e+01	 1.0000	 1.0000	 1.0000	 1.00000	1.015e-01	   8.419	  2036.140
 158	158	 8.1567	 1.4915	   1.5416	        1.5064	          0.0352	   1.5416	        1.5064	 1.3420	 2.0000	5.323e+01	 1.0000	 1.0000	 1.0000	 1.00000	1.007e-01	   8.512	  2044.653
 159	159	 8.1532	 1.4821	   1.5406	        1.5064	          0.0343	   1.5406	        1.5064	 1.3402	 2.0000	5.321e+01	 1.0000	 1.0000	 1.0000	 1.00000	9.996e-02	   8.465	  2053.118
 160	160	 8.1495	 1.4728	   1.5397	        1.5064	          0.0333	   1.5397	        1.5064	 1.3385	 2.0000	5.318e+01	 1.0000	 1.0000	 1.0000	 1.00000	9.917e-02	   8.495	  2061.613
 161	161	 8.1457	 1.4638	   1.5388	        1.5064	          0.0324	   1.5388	        1.5064	 1.3368	 2.0000	5.316e+01	 1.0000	 1.0000	 1.0000	 1.00000	9.838e-02	   8.497	  2070.111
 162	162	 8.1417	 1.4549	   1.5379	        1.5064	          0.0316	   1.5379	        1.5064	 1.3351	 2.0000	5.313e+01	 1.0000	 1.0000	 1.0000	 1.00000	9.757e-02	   8.426	  2078.537
 163	163	 8.1376	 1.4463	   1.5371	        1.5064	          0.0307	   1.5371	        1.5064	 1.3335	 2.0000	5.310e+01	 1.0000	 1.0000	 1.0000	 1.00000	9.675e-02	   8.428	  2086.965
 164	164	 8.1332	 1.4378	   1.5363	        1.5064	          0.0299	   1.5363	        1.5064	 1.3320	 2.0000	5.307e+01	 1.0000	 1.0000	 1.0000	 1.00000	9.593e-02	   8.432	  2095.397
 165	165	 8.1288	 1.4296	   1.5355	        1.5064	          0.0291	   1.5355	        1.5064	 1.3305	 2.0000	5.304e+01	 1.0000	 1.0000	 1.0000	 1.00000	9.511e-02	   8.417	  2103.814
 166	166	 8.1241	 1.4216	   1.5347	        1.5064	          0.0284	   1.5347	        1.5064	 1.3290	 2.0000	5.301e+01	 1.0000	 1.0000	 1.0000	 1.00000	9.428e-02	   8.428	  2112.243
 167	167	 8.1193	 1.4137	   1.5340	        1.5064	          0.0276	   1.5340	        1.5064	 1.3276	 2.0000	5.298e+01	 1.0000	 1.0000	 1.0000	 1.00000	9.344e-02	   8.513	  2120.756
 168	168	 8.1144	 1.4061	   1.5333	        1.5064	          0.0269	   1.5333	        1.5064	 1.3262	 2.0000	5.295e+01	 1.0000	 1.0000	 1.0000	 1.00000	9.261e-02	   8.432	  2129.188
 169	169	 8.1093	 1.3987	   1.5326	        1.5064	          0.0262	   1.5326	        1.5064	 1.3248	 2.0000	5.291e+01	 1.0000	 1.0000	 1.0000	 1.00000	9.177e-02	   8.393	  2137.582
 170	170	 8.1040	 1.3915	   1.5319	        1.5064	          0.0255	   1.5319	        1.5064	 1.3235	 2.0000	5.288e+01	 1.0000	 1.0000	 1.0000	 1.00000	9.094e-02	   8.486	  2146.068
 171	171	 8.0986	 1.3845	   1.5313	        1.5064	          0.0249	   1.5313	        1.5064	 1.3222	 2.0000	5.284e+01	 1.0000	 1.0000	 1.0000	 1.00000	9.011e-02	   8.454	  2154.522
 172	172	 8.0930	 1.3777	   1.5307	        1.5064	          0.0243	   1.5307	        1.5064	 1.3210	 2.0000	5.280e+01	 1.0000	 1.0000	 1.0000	 1.00000	8.928e-02	   8.226	  2162.748
 173	173	 8.0872	 1.3711	   1.5301	        1.5064	          0.0237	   1.5301	        1.5064	 1.3198	 2.0000	5.276e+01	 1.0000	 1.0000	 1.0000	 1.00000	8.845e-02	   8.751	  2171.500
 174	174	 8.0813	 1.3647	   1.5295	        1.5064	          0.0231	   1.5295	        1.5064	 1.3186	 2.0000	5.272e+01	 1.0000	 1.0000	 1.0000	 1.00000	8.763e-02	   8.445	  2179.945
 175	175	 8.0753	 1.3584	   1.5289	        1.5064	          0.0226	   1.5289	        1.5064	 1.3174	 2.0000	5.268e+01	 1.0000	 1.0000	 1.0000	 1.00000	8.682e-02	   8.248	  2188.193
 176	176	 8.0691	 1.3524	   1.5284	        1.5064	          0.0220	   1.5284	        1.5064	 1.3163	 2.0000	5.264e+01	 1.0000	 1.0000	 1.0000	 1.00000	8.601e-02	   8.541	  2196.735
 177	177	 8.0627	 1.3466	   1.5279	        1.5064	          0.0215	   1.5279	        1.5064	 1.3152	 2.0000	5.260e+01	 1.0000	 1.0000	 1.0000	 1.00000	8.521e-02	   8.457	  2205.192
 178	178	 8.0562	 1.3409	   1.5274	        1.5064	          0.0210	   1.5274	        1.5064	 1.3142	 2.0000	5.256e+01	 1.0000	 1.0000	 1.0000	 1.00000	8.442e-02	   8.506	  2213.699
 179	179	 8.0496	 1.3354	   1.5269	        1.5064	          0.0206	   1.5269	        1.5064	 1.3132	 2.0000	5.251e+01	 1.0000	 1.0000	 1.0000	 1.00000	8.364e-02	   8.462	  2222.161
 180	180	 8.0428	 1.3301	   1.5265	        1.5064	          0.0201	   1.5265	        1.5064	 1.3122	 2.0000	5.247e+01	 1.0000	 1.0000	 1.0000	 1.00000	8.287e-02	   8.458	  2230.620
 181	181	 8.0359	 1.3250	   1.5260	        1.5064	          0.0197	   1.5260	        1.5064	 1.3112	 2.0000	5.242e+01	 1.0000	 1.0000	 1.0000	 1.00000	8.211e-02	   8.433	  2239.052
 182	182	 8.0288	 1.3200	   1.5256	        1.5064	          0.0193	   1.5256	        1.5064	 1.3103	 2.0000	5.238e+01	 1.0000	 1.0000	 1.0000	 1.00000	8.136e-02	   8.438	  2247.491
 183	183	 8.0216	 1.3152	   1.5252	        1.5064	          0.0189	   1.5252	        1.5064	 1.3093	 2.0000	5.233e+01	 1.0000	 1.0000	 1.0000	 1.00000	8.062e-02	   8.440	  2255.931
 184	184	 8.0142	 1.3106	   1.5249	        1.5064	          0.0185	   1.5249	        1.5064	 1.3084	 2.0000	5.228e+01	 1.0000	 1.0000	 1.0000	 1.00000	7.990e-02	   8.437	  2264.368
 185	185	 8.0068	 1.3061	   1.5245	        1.5064	          0.0181	   1.5245	        1.5064	 1.3076	 2.0000	5.223e+01	 1.0000	 1.0000	 1.0000	 1.00000	7.919e-02	   8.440	  2272.809
 186	186	 7.9991	 1.3018	   1.5241	        1.5064	          0.0178	   1.5241	        1.5064	 1.3067	 2.0000	5.218e+01	 1.0000	 1.0000	 1.0000	 1.00000	7.849e-02	   8.433	  2281.243
 187	187	 7.9914	 1.2976	   1.5238	        1.5064	          0.0174	   1.5238	        1.5064	 1.3059	 2.0000	5.213e+01	 1.0000	 1.0000	 1.0000	 1.00000	7.781e-02	   8.441	  2289.683
 188	188	 7.9835	 1.2936	   1.5235	        1.5064	          0.0171	   1.5235	        1.5064	 1.3050	 2.0000	5.208e+01	 1.0000	 1.0000	 1.0000	 1.00000	7.714e-02	   8.429	  2298.112
 189	189	 7.9756	 1.2898	   1.5232	        1.5064	          0.0168	   1.5232	        1.5064	 1.3042	 2.0000	5.202e+01	 1.0000	 1.0000	 1.0000	 1.00000	7.649e-02	   8.414	  2306.527
 190	190	 7.9675	 1.2860	   1.5229	        1.5064	          0.0165	   1.5229	        1.5064	 1.3035	 2.0000	5.197e+01	 1.0000	 1.0000	 1.0000	 1.00000	7.585e-02	   8.434	  2314.962
 191	191	 7.9592	 1.2824	   1.5226	        1.5064	          0.0162	   1.5226	        1.5064	 1.3027	 2.0000	5.192e+01	 1.0000	 1.0000	 1.0000	 1.00000	7.523e-02	   8.430	  2323.392
 192	192	 7.9509	 1.2790	   1.5223	        1.5064	          0.0159	   1.5223	        1.5064	 1.3020	 2.0000	5.186e+01	 1.0000	 1.0000	 1.0000	 1.00000	7.462e-02	   8.513	  2331.905
 193	193	 7.9425	 1.2756	   1.5221	        1.5064	          0.0157	   1.5221	        1.5064	 1.3012	 2.0000	5.181e+01	 1.0000	 1.0000	 1.0000	 1.00000	7.402e-02	   8.410	  2340.315
 194	194	 7.9339	 1.2724	   1.5218	        1.5064	          0.0154	   1.5218	        1.5064	 1.3005	 2.0000	5.175e+01	 1.0000	 1.0000	 1.0000	 1.00000	7.344e-02	   8.452	  2348.767
 195	195	 7.9253	 1.2693	   1.5216	        1.5064	          0.0152	   1.5216	        1.5064	 1.2998	 2.0000	5.169e+01	 1.0000	 1.0000	 1.0000	 1.00000	7.288e-02	   8.459	  2357.227
 196	196	 7.9165	 1.2663	   1.5213	        1.5064	          0.0150	   1.5213	        1.5064	 1.2991	 2.0000	5.164e+01	 1.0000	 1.0000	 1.0000	 1.00000	7.233e-02	   8.427	  2365.654
 197	197	 7.9077	 1.2634	   1.5211	        1.5064	          0.0148	   1.5211	        1.5064	 1.2984	 2.0000	5.158e+01	 1.0000	 1.0000	 1.0000	 1.00000	7.179e-02	   8.449	  2374.103
 198	198	 7.8988	 1.2607	   1.5209	        1.5064	          0.0145	   1.5209	        1.5064	 1.2978	 2.0000	5.152e+01	 1.0000	 1.0000	 1.0000	 1.00000	7.127e-02	   8.490	  2382.593
 199	199	 7.8897	 1.2580	   1.5207	        1.5064	          0.0143	   1.5207	        1.5064	 1.2971	 2.0000	5.146e+01	 1.0000	 1.0000	 1.0000	 1.00000	7.077e-02	   8.429	  2391.023
 200	200	 7.8806	 1.2554	   1.5205	        1.5064	          0.0141	   1.5205	        1.5064	 1.2965	 2.0000	5.140e+01	 1.0000	 1.0000	 1.0000	 1.00000	7.027e-02	   8.446	  2399.470

[MINIMAX] Finished on device cuda -> σ_f² ≈ 7.8806, σ_ε² ≈ 1.2554
