[GPU 7][JOB 224] 'python cli.py scgd --n 1024 --lengthscale 0.5 --sigma-f2-true 4.0 --sigma-eps2-true 1.0 --n-epochs 200 --device auto --kernel-mode finite --a0 1e-3 --a-decay 0.75 --w-init-scale 0.1 --num-features 128 --print-every 1 --seed 3 --batch-size 512 --b0 0.9 --b-decay 0.25 --decay-start-epoch 25 --sigma-f2-init 5.0 --sigma-eps2-init 3.0 '

=== SCGD + ORF (TMLR Algorithm 2) ===
iter	epoch	σ_f²	σ_ε²	real_nlml	real_nlml_true	real_nlml_abs_err	orf_nlml	orf_nlml_true	approx_nlml	|F~ - F|/|F|	||grad||	duration_s	wall_time_s
   1	 1	 0.8701	 3.0959	   1.7479	        1.5214	          0.2265	   1.7479	        1.5214	     2.3765	4.445e+00	1.075e-01	   1.518	     1.754
   2	 1	 0.8971	 3.1984	   1.7569	        1.5214	          0.2355	   1.7569	        1.5214	     2.3310	5.042e-01	1.051e-01	   1.051	     2.805
   3	 2	 0.9219	 3.2282	   1.7588	        1.5214	          0.2374	   1.7588	        1.5214	     2.2992	1.737e-01	1.040e-01	   1.019	     3.825
   4	 2	 0.9669	 3.2725	   1.7615	        1.5214	          0.2401	   1.7615	        1.5214	     2.2620	1.165e-01	1.024e-01	   0.995	     4.820
   5	 3	 1.0291	 3.2986	   1.7620	        1.5214	          0.2407	   1.7620	        1.5214	     2.2267	1.101e-01	1.011e-01	   0.993	     5.813
   6	 3	 1.0886	 3.2882	   1.7594	        1.5214	          0.2380	   1.7594	        1.5214	     2.1978	1.043e-01	1.006e-01	   0.999	     6.812
   7	 4	 1.1674	 3.2630	   1.7550	        1.5214	          0.2336	   1.7550	        1.5214	     2.1669	1.111e-01	1.004e-01	   1.012	     7.825
   8	 4	 1.2861	 3.2635	   1.7525	        1.5214	          0.2312	   1.7525	        1.5214	     2.1300	9.316e-02	9.982e-02	   0.997	     8.822
   9	 5	 1.4018	 3.2121	   1.7455	        1.5214	          0.2241	   1.7455	        1.5214	     2.0972	9.893e-02	1.004e-01	   1.020	     9.843
  10	 5	 1.5810	 3.1982	   1.7417	        1.5214	          0.2203	   1.7417	        1.5214	     2.0554	9.013e-02	1.004e-01	   0.997	    10.839
  11	 6	 1.7790	 3.1572	   1.7355	        1.5214	          0.2142	   1.7355	        1.5214	     2.0156	1.270e-01	1.010e-01	   1.007	    11.847
  12	 6	 2.0021	 3.0898	   1.7270	        1.5214	          0.2057	   1.7270	        1.5214	     1.9747	1.110e-01	1.021e-01	   1.105	    12.953
  13	 7	 2.2223	 3.0338	   1.7201	        1.5214	          0.1987	   1.7201	        1.5214	     1.9373	1.006e-01	1.031e-01	   1.069	    14.022
  14	 7	 2.5557	 2.9422	   1.7093	        1.5214	          0.1880	   1.7093	        1.5214	     1.8920	9.461e-02	1.047e-01	   1.024	    15.046
  15	 8	 2.8424	 2.8480	   1.6987	        1.5214	          0.1774	   1.6987	        1.5214	     1.8536	9.330e-02	1.063e-01	   1.007	    16.054
  16	 8	 3.1824	 2.7616	   1.6890	        1.5214	          0.1677	   1.6890	        1.5214	     1.8123	8.448e-02	1.077e-01	   1.001	    17.055
  17	 9	 3.6024	 2.6420	   1.6758	        1.5214	          0.1544	   1.6758	        1.5214	     1.7698	1.168e-01	1.095e-01	   1.006	    18.061
  18	 9	 3.7462	 2.5528	   1.6660	        1.5214	          0.1446	   1.6660	        1.5214	     1.7349	1.190e-01	1.108e-01	   1.026	    19.087
  19	10	 4.1733	 2.4311	   1.6525	        1.5214	          0.1311	   1.6525	        1.5214	     1.6920	9.627e-02	1.124e-01	   1.027	    20.115
  20	10	 4.3459	 2.3238	   1.6404	        1.5214	          0.1191	   1.6404	        1.5214	     1.6532	1.118e-01	1.135e-01	   1.002	    21.117
  21	11	 4.6688	 2.2001	   1.6265	        1.5214	          0.1052	   1.6265	        1.5214	     1.6096	1.060e-01	1.144e-01	   0.998	    22.115
  22	11	 5.0642	 2.0744	   1.6125	        1.5214	          0.0911	   1.6125	        1.5214	     1.5662	9.669e-02	1.147e-01	   1.034	    23.149
  23	12	 5.3267	 1.9196	   1.5950	        1.5214	          0.0737	   1.5950	        1.5214	     1.5213	1.342e-01	1.138e-01	   1.024	    24.173
  24	12	 5.7846	 1.8257	   1.5849	        1.5214	          0.0635	   1.5849	        1.5214	     1.4797	1.076e-01	1.124e-01	   1.012	    25.186
  25	13	 6.4767	 1.6852	   1.5702	        1.5214	          0.0488	   1.5702	        1.5214	     1.4387	1.118e-01	1.082e-01	   1.010	    26.196
  26	13	 5.9697	 1.5818	   1.5586	        1.5214	          0.0373	   1.5586	        1.5214	     1.4097	2.110e-01	1.030e-01	   0.991	    27.187
  27	14	 7.2398	 1.4680	   1.5490	        1.5214	          0.0276	   1.5490	        1.5214	     1.3662	1.131e-01	9.437e-02	   1.013	    28.200
  28	14	 6.7244	 1.3825	   1.5406	        1.5214	          0.0192	   1.5406	        1.5214	     1.3445	1.981e-01	8.499e-02	   1.002	    29.202
  29	15	 7.5595	 1.3122	   1.5361	        1.5214	          0.0147	   1.5361	        1.5214	     1.3178	1.303e-01	7.482e-02	   1.080	    30.282
  30	15	 7.8011	 1.2376	   1.5313	        1.5214	          0.0099	   1.5313	        1.5214	     1.2984	1.400e-01	6.081e-02	   1.078	    31.360
  31	16	 7.8666	 1.1752	   1.5280	        1.5214	          0.0067	   1.5280	        1.5214	     1.2884	1.605e-01	4.584e-02	   1.024	    32.385
  32	16	 8.2000	 1.1955	   1.5295	        1.5214	          0.0081	   1.5295	        1.5214	     1.2776	1.351e-01	5.109e-02	   1.110	    33.495
  33	17	 8.1019	 1.1671	   1.5280	        1.5214	          0.0066	   1.5280	        1.5214	     1.2741	1.626e-01	4.365e-02	   1.068	    34.563
  34	17	 8.3502	 1.1473	   1.5275	        1.5214	          0.0061	   1.5275	        1.5214	     1.2846	1.304e-01	3.797e-02	   1.032	    35.595
  35	18	 7.6511	 1.2122	   1.5296	        1.5214	          0.0082	   1.5296	        1.5214	     1.2752	2.592e-01	5.512e-02	   1.012	    36.608
  36	18	 9.0884	 1.0955	   1.5269	        1.5214	          0.0056	   1.5269	        1.5214	     1.2732	1.135e-01	2.105e-02	   0.997	    37.605
  37	19	 7.4269	 1.1574	   1.5267	        1.5214	          0.0053	   1.5267	        1.5214	     1.2977	3.715e-01	4.090e-02	   1.009	    38.614
  38	19	 8.7710	 1.1614	   1.5286	        1.5214	          0.0072	   1.5286	        1.5214	     1.2626	9.814e-02	4.205e-02	   1.021	    39.636
  39	20	 7.5152	 1.1748	   1.5275	        1.5214	          0.0062	   1.5275	        1.5214	     1.2716	3.040e-01	4.572e-02	   1.031	    40.667
  40	20	 8.4381	 1.1089	   1.5264	        1.5214	          0.0050	   1.5264	        1.5214	     1.2613	9.027e-02	2.574e-02	   1.006	    41.672
  41	21	 8.0785	 1.1229	   1.5263	        1.5214	          0.0049	   1.5263	        1.5214	     1.2569	2.048e-01	3.039e-02	   0.997	    42.670
  42	21	 7.6491	 1.1133	   1.5255	        1.5214	          0.0041	   1.5255	        1.5214	     1.2521	1.915e-01	2.723e-02	   1.028	    43.698
  43	22	 8.2202	 1.0463	   1.5252	        1.5214	          0.0038	   1.5252	        1.5214	     1.2455	1.295e-01	2.041e-03	   1.029	    44.727
  44	22	 8.3559	 1.1730	   1.5286	        1.5214	          0.0072	   1.5286	        1.5214	     1.2757	1.404e-01	4.525e-02	   1.019	    45.746
  45	23	 7.1326	 1.1511	   1.5260	        1.5214	          0.0047	   1.5260	        1.5214	     1.2915	3.481e-01	3.909e-02	   1.000	    46.747
  46	23	 8.1835	 1.1731	   1.5284	        1.5214	          0.0070	   1.5284	        1.5214	     1.2702	1.018e-01	4.528e-02	   0.999	    47.747
  47	24	 8.0112	 1.1676	   1.5279	        1.5214	          0.0065	   1.5279	        1.5214	     1.2509	1.813e-01	4.377e-02	   1.005	    48.751
  48	24	 6.8640	 1.0931	   1.5240	        1.5214	          0.0026	   1.5240	        1.5214	     1.2527	3.153e-01	2.016e-02	   1.010	    49.762
  49	25	 8.3717	 1.0475	   1.5254	        1.5214	          0.0040	   1.5254	        1.5214	     1.2586	1.243e-01	2.441e-03	   1.014	    50.776
  50	25	 7.0638	 1.1363	   1.5254	        1.5214	          0.0040	   1.5254	        1.5214	     1.2407	4.750e-01	3.462e-02	   1.007	    51.783
  51	26	 7.7235	 1.1229	   1.5258	        1.5214	          0.0045	   1.5258	        1.5214	     1.2284	3.590e-01	3.039e-02	   1.010	    52.794
  52	26	 7.5156	 1.1195	   1.5255	        1.5214	          0.0041	   1.5255	        1.5214	     1.2278	5.299e-01	2.926e-02	   1.091	    53.885
  53	27	 7.7449	 1.1160	   1.5257	        1.5214	          0.0043	   1.5257	        1.5214	     1.2281	5.782e-01	2.812e-02	   1.062	    54.948
  54	27	 7.5805	 1.1139	   1.5254	        1.5214	          0.0040	   1.5254	        1.5214	     1.2269	6.973e-01	2.743e-02	   1.027	    55.975
  55	28	 7.6362	 1.1123	   1.5254	        1.5214	          0.0040	   1.5254	        1.5214	     1.2267	7.482e-01	2.687e-02	   1.020	    56.995
  56	28	 7.6834	 1.1113	   1.5255	        1.5214	          0.0041	   1.5255	        1.5214	     1.2262	8.050e-01	2.654e-02	   0.993	    57.988
  57	29	 7.7248	 1.1087	   1.5254	        1.5214	          0.0041	   1.5254	        1.5214	     1.2263	8.660e-01	2.566e-02	   1.012	    59.001
  58	29	 7.7296	 1.1109	   1.5255	        1.5214	          0.0041	   1.5255	        1.5214	     1.2260	9.168e-01	2.641e-02	   1.017	    60.018
  59	30	 7.7172	 1.1146	   1.5256	        1.5214	          0.0042	   1.5256	        1.5214	     1.2262	9.749e-01	2.767e-02	   1.029	    61.047
  60	30	 7.7721	 1.1108	   1.5256	        1.5214	          0.0042	   1.5256	        1.5214	     1.2258	1.006e+00	2.637e-02	   1.013	    62.061
  61	31	 7.7793	 1.1182	   1.5258	        1.5214	          0.0044	   1.5258	        1.5214	     1.2263	1.060e+00	2.887e-02	   0.994	    63.055
  62	31	 7.7845	 1.1108	   1.5256	        1.5214	          0.0042	   1.5256	        1.5214	     1.2256	1.097e+00	2.637e-02	   1.029	    64.085
  63	32	 7.8870	 1.1063	   1.5256	        1.5214	          0.0042	   1.5256	        1.5214	     1.2263	1.115e+00	2.485e-02	   1.031	    65.116
  64	32	 7.7763	 1.1119	   1.5256	        1.5214	          0.0042	   1.5256	        1.5214	     1.2255	1.193e+00	2.677e-02	   1.018	    66.134
  65	33	 7.8969	 1.1152	   1.5258	        1.5214	          0.0045	   1.5258	        1.5214	     1.2259	1.185e+00	2.785e-02	   1.002	    67.136
  66	33	 7.7866	 1.1125	   1.5256	        1.5214	          0.0043	   1.5256	        1.5214	     1.2254	1.269e+00	2.694e-02	   0.996	    68.132
  67	34	 7.8161	 1.1122	   1.5257	        1.5214	          0.0043	   1.5257	        1.5214	     1.2254	1.301e+00	2.687e-02	   1.067	    69.200
  68	34	 7.8124	 1.1130	   1.5257	        1.5214	          0.0043	   1.5257	        1.5214	     1.2253	1.307e+00	2.711e-02	   1.164	    70.364
  69	35	 7.8289	 1.1137	   1.5257	        1.5214	          0.0043	   1.5257	        1.5214	     1.2257	1.332e+00	2.735e-02	   1.125	    71.489
  70	35	 7.8316	 1.1136	   1.5257	        1.5214	          0.0043	   1.5257	        1.5214	     1.2253	1.365e+00	2.732e-02	   1.038	    72.527
  71	36	 7.8427	 1.1044	   1.5255	        1.5214	          0.0041	   1.5255	        1.5214	     1.2250	1.384e+00	2.419e-02	   1.034	    73.561
  72	36	 7.8468	 1.1147	   1.5258	        1.5214	          0.0044	   1.5258	        1.5214	     1.2252	1.422e+00	2.768e-02	   1.080	    74.641
  73	37	 7.9002	 1.1162	   1.5259	        1.5214	          0.0045	   1.5259	        1.5214	     1.2254	1.446e+00	2.821e-02	   1.059	    75.700
  74	37	 7.8531	 1.1150	   1.5258	        1.5214	          0.0044	   1.5258	        1.5214	     1.2252	1.472e+00	2.780e-02	   1.036	    76.736
  75	38	 7.7958	 1.1185	   1.5258	        1.5214	          0.0044	   1.5258	        1.5214	     1.2254	1.521e+00	2.896e-02	   1.017	    77.753
  76	38	 7.8724	 1.1155	   1.5258	        1.5214	          0.0044	   1.5258	        1.5214	     1.2251	1.507e+00	2.795e-02	   0.999	    78.752
  77	39	 7.8531	 1.1131	   1.5257	        1.5214	          0.0044	   1.5257	        1.5214	     1.2250	1.529e+00	2.717e-02	   1.005	    79.757
  78	39	 7.8847	 1.1160	   1.5258	        1.5214	          0.0045	   1.5258	        1.5214	     1.2251	1.562e+00	2.812e-02	   1.017	    80.775
  79	40	 7.8993	 1.1166	   1.5259	        1.5214	          0.0045	   1.5259	        1.5214	     1.2253	1.576e+00	2.834e-02	   1.026	    81.801
  80	40	 7.8887	 1.1164	   1.5259	        1.5214	          0.0045	   1.5259	        1.5214	     1.2251	1.611e+00	2.826e-02	   1.019	    82.821
  81	41	 7.8704	 1.1174	   1.5259	        1.5214	          0.0045	   1.5259	        1.5214	     1.2250	1.643e+00	2.858e-02	   1.001	    83.822
  82	41	 7.8984	 1.1168	   1.5259	        1.5214	          0.0045	   1.5259	        1.5214	     1.2250	1.643e+00	2.838e-02	   1.016	    84.838
  83	42	 7.8765	 1.1134	   1.5258	        1.5214	          0.0044	   1.5258	        1.5214	     1.2248	1.681e+00	2.724e-02	   1.038	    85.876
  84	42	 7.9076	 1.1173	   1.5259	        1.5214	          0.0045	   1.5259	        1.5214	     1.2250	1.679e+00	2.857e-02	   1.015	    86.891
  85	43	 7.9230	 1.1167	   1.5259	        1.5214	          0.0045	   1.5259	        1.5214	     1.2250	1.700e+00	2.835e-02	   1.006	    87.897
  86	43	 7.9128	 1.1177	   1.5259	        1.5214	          0.0046	   1.5259	        1.5214	     1.2250	1.722e+00	2.868e-02	   0.997	    88.895
  87	44	 7.9394	 1.1174	   1.5260	        1.5214	          0.0046	   1.5260	        1.5214	     1.2251	1.732e+00	2.860e-02	   1.006	    89.901
  88	44	 7.9173	 1.1180	   1.5259	        1.5214	          0.0046	   1.5259	        1.5214	     1.2249	1.765e+00	2.879e-02	   1.005	    90.906
  89	45	 7.9435	 1.1212	   1.5261	        1.5214	          0.0047	   1.5261	        1.5214	     1.2252	1.744e+00	2.986e-02	   1.017	    91.924
  90	45	 7.9214	 1.1182	   1.5260	        1.5214	          0.0046	   1.5260	        1.5214	     1.2249	1.812e+00	2.887e-02	   1.027	    92.951
  91	46	 7.9162	 1.1192	   1.5260	        1.5214	          0.0046	   1.5260	        1.5214	     1.2249	1.831e+00	2.920e-02	   1.007	    93.959
  92	46	 7.9292	 1.1186	   1.5260	        1.5214	          0.0046	   1.5260	        1.5214	     1.2248	1.833e+00	2.898e-02	   1.064	    95.023
  93	47	 7.9379	 1.1184	   1.5260	        1.5214	          0.0046	   1.5260	        1.5214	     1.2249	1.843e+00	2.894e-02	   1.059	    96.082
  94	47	 7.9352	 1.1188	   1.5260	        1.5214	          0.0046	   1.5260	        1.5214	     1.2248	1.867e+00	2.907e-02	   1.038	    97.120
  95	48	 7.9284	 1.1176	   1.5259	        1.5214	          0.0046	   1.5259	        1.5214	     1.2248	1.883e+00	2.866e-02	   1.018	    98.138
  96	48	 7.9414	 1.1192	   1.5260	        1.5214	          0.0046	   1.5260	        1.5214	     1.2248	1.894e+00	2.919e-02	   0.996	    99.134
  97	49	 7.9168	 1.1183	   1.5260	        1.5214	          0.0046	   1.5260	        1.5214	     1.2247	1.943e+00	2.890e-02	   1.007	   100.141
  98	49	 7.9504	 1.1195	   1.5260	        1.5214	          0.0047	   1.5260	        1.5214	     1.2248	1.912e+00	2.928e-02	   1.009	   101.150
  99	50	 7.9701	 1.1166	   1.5260	        1.5214	          0.0046	   1.5260	        1.5214	     1.2248	1.932e+00	2.833e-02	   1.037	   102.188
 100	50	 7.9535	 1.1198	   1.5260	        1.5214	          0.0047	   1.5260	        1.5214	     1.2248	1.949e+00	2.940e-02	   1.012	   103.200
 101	51	 7.9295	 1.1211	   1.5261	        1.5214	          0.0047	   1.5261	        1.5214	     1.2248	1.980e+00	2.982e-02	   0.998	   104.198
 102	51	 7.9609	 1.1201	   1.5261	        1.5214	          0.0047	   1.5261	        1.5214	     1.2247	1.974e+00	2.947e-02	   1.016	   105.214
 103	52	 7.9564	 1.1183	   1.5260	        1.5214	          0.0046	   1.5260	        1.5214	     1.2247	1.976e+00	2.889e-02	   1.044	   106.259
 104	52	 7.9665	 1.1204	   1.5261	        1.5214	          0.0047	   1.5261	        1.5214	     1.2247	2.011e+00	2.957e-02	   1.015	   107.274
 105	53	 7.9302	 1.1185	   1.5260	        1.5214	          0.0046	   1.5260	        1.5214	     1.2245	2.043e+00	2.896e-02	   1.003	   108.278
 106	53	 7.9749	 1.1206	   1.5261	        1.5214	          0.0047	   1.5261	        1.5214	     1.2247	2.031e+00	2.966e-02	   1.032	   109.311
 107	54	 7.9895	 1.1196	   1.5261	        1.5214	          0.0047	   1.5261	        1.5214	     1.2247	2.052e+00	2.933e-02	   1.104	   110.415
 108	54	 7.9773	 1.1209	   1.5261	        1.5214	          0.0047	   1.5261	        1.5214	     1.2247	2.060e+00	2.973e-02	   1.016	   111.432
 109	55	 8.0087	 1.1177	   1.5261	        1.5214	          0.0047	   1.5261	        1.5214	     1.2247	2.075e+00	2.869e-02	   1.041	   112.473
 110	55	 7.9779	 1.1212	   1.5261	        1.5214	          0.0048	   1.5261	        1.5214	     1.2247	2.090e+00	2.984e-02	   1.035	   113.508
 111	56	 7.9867	 1.1224	   1.5262	        1.5214	          0.0048	   1.5262	        1.5214	     1.2247	2.088e+00	3.023e-02	   1.009	   114.517
 112	56	 7.9822	 1.1213	   1.5261	        1.5214	          0.0048	   1.5261	        1.5214	     1.2246	2.121e+00	2.988e-02	   1.052	   115.569
 113	57	 7.9667	 1.1235	   1.5262	        1.5214	          0.0048	   1.5262	        1.5214	     1.2247	2.144e+00	3.059e-02	   1.067	   116.636
 114	57	 7.9878	 1.1215	   1.5261	        1.5214	          0.0048	   1.5261	        1.5214	     1.2246	2.138e+00	2.993e-02	   1.038	   117.674
 115	58	 7.9947	 1.1212	   1.5261	        1.5214	          0.0048	   1.5261	        1.5214	     1.2246	2.159e+00	2.984e-02	   1.022	   118.697
 116	58	 7.9914	 1.1216	   1.5262	        1.5214	          0.0048	   1.5262	        1.5214	     1.2246	2.160e+00	2.999e-02	   0.992	   119.690
 117	59	 8.0135	 1.1228	   1.5262	        1.5214	          0.0048	   1.5262	        1.5214	     1.2247	2.161e+00	3.037e-02	   1.012	   120.702
 118	59	 7.9943	 1.1218	   1.5262	        1.5214	          0.0048	   1.5262	        1.5214	     1.2246	2.190e+00	3.004e-02	   1.006	   121.708
 119	60	 8.0040	 1.1242	   1.5262	        1.5214	          0.0049	   1.5262	        1.5214	     1.2247	2.178e+00	3.081e-02	   1.034	   122.743
 120	60	 7.9981	 1.1219	   1.5262	        1.5214	          0.0048	   1.5262	        1.5214	     1.2246	2.219e+00	3.008e-02	   1.016	   123.759
 121	61	 8.0096	 1.1209	   1.5262	        1.5214	          0.0048	   1.5262	        1.5214	     1.2246	2.221e+00	2.973e-02	   0.998	   124.758
 122	61	 8.0018	 1.1221	   1.5262	        1.5214	          0.0048	   1.5262	        1.5214	     1.2246	2.239e+00	3.015e-02	   1.018	   125.776
 123	62	 8.0073	 1.1229	   1.5262	        1.5214	          0.0048	   1.5262	        1.5214	     1.2246	2.266e+00	3.039e-02	   1.039	   126.815
 124	62	 8.0054	 1.1223	   1.5262	        1.5214	          0.0048	   1.5262	        1.5214	     1.2245	2.253e+00	3.019e-02	   1.015	   127.830
 125	63	 8.0137	 1.1196	   1.5261	        1.5214	          0.0048	   1.5261	        1.5214	     1.2244	2.236e+00	2.932e-02	   1.005	   128.836
 126	63	 8.0087	 1.1225	   1.5262	        1.5214	          0.0048	   1.5262	        1.5214	     1.2245	2.284e+00	3.027e-02	   1.000	   129.836
 127	64	 7.9759	 1.1230	   1.5262	        1.5214	          0.0048	   1.5262	        1.5214	     1.2244	2.309e+00	3.043e-02	   1.008	   130.844
 128	64	 8.0149	 1.1227	   1.5262	        1.5214	          0.0048	   1.5262	        1.5214	     1.2245	2.295e+00	3.032e-02	   1.006	   131.850
 129	65	 7.9884	 1.1201	   1.5261	        1.5214	          0.0047	   1.5261	        1.5214	     1.2243	2.335e+00	2.948e-02	   1.045	   132.895
 130	65	 8.0199	 1.1229	   1.5262	        1.5214	          0.0049	   1.5262	        1.5214	     1.2245	2.308e+00	3.040e-02	   1.011	   133.906
 131	66	 8.0101	 1.1234	   1.5262	        1.5214	          0.0049	   1.5262	        1.5214	     1.2245	2.337e+00	3.057e-02	   1.001	   134.907
 132	66	 8.0233	 1.1230	   1.5262	        1.5214	          0.0049	   1.5262	        1.5214	     1.2245	2.329e+00	3.044e-02	   1.044	   135.951
 133	67	 8.0205	 1.1223	   1.5262	        1.5214	          0.0048	   1.5262	        1.5214	     1.2244	2.346e+00	3.022e-02	   1.067	   137.018
 134	67	 8.0270	 1.1232	   1.5262	        1.5214	          0.0049	   1.5262	        1.5214	     1.2245	2.353e+00	3.048e-02	   1.042	   138.060
 135	68	 8.0348	 1.1262	   1.5263	        1.5214	          0.0050	   1.5263	        1.5214	     1.2247	2.346e+00	3.146e-02	   1.023	   139.083
 136	68	 8.0295	 1.1233	   1.5263	        1.5214	          0.0049	   1.5263	        1.5214	     1.2245	2.382e+00	3.052e-02	   0.998	   140.081
 137	69	 8.0175	 1.1226	   1.5262	        1.5214	          0.0048	   1.5262	        1.5214	     1.2244	2.397e+00	3.030e-02	   1.006	   141.088
 138	69	 8.0333	 1.1234	   1.5263	        1.5214	          0.0049	   1.5263	        1.5214	     1.2245	2.398e+00	3.057e-02	   1.010	   142.098
 139	70	 8.0419	 1.1242	   1.5263	        1.5214	          0.0049	   1.5263	        1.5214	     1.2245	2.404e+00	3.082e-02	   1.029	   143.127
 140	70	 8.0357	 1.1235	   1.5263	        1.5214	          0.0049	   1.5263	        1.5214	     1.2244	2.419e+00	3.060e-02	   1.022	   144.149
 141	71	 8.0424	 1.1234	   1.5263	        1.5214	          0.0049	   1.5263	        1.5214	     1.2244	2.421e+00	3.056e-02	   0.997	   145.146
 142	71	 8.0387	 1.1236	   1.5263	        1.5214	          0.0049	   1.5263	        1.5214	     1.2244	2.440e+00	3.064e-02	   1.009	   146.155
 143	72	 8.0450	 1.1231	   1.5263	        1.5214	          0.0049	   1.5263	        1.5214	     1.2244	2.443e+00	3.045e-02	   1.072	   147.227
 144	72	 8.0414	 1.1238	   1.5263	        1.5214	          0.0049	   1.5263	        1.5214	     1.2244	2.458e+00	3.068e-02	   1.124	   148.351
 145	73	 8.0396	 1.1228	   1.5262	        1.5214	          0.0049	   1.5262	        1.5214	     1.2243	2.475e+00	3.035e-02	   1.166	   149.518
 146	73	 8.0445	 1.1239	   1.5263	        1.5214	          0.0049	   1.5263	        1.5214	     1.2244	2.472e+00	3.072e-02	   1.069	   150.587
 147	74	 8.0657	 1.1246	   1.5263	        1.5214	          0.0050	   1.5263	        1.5214	     1.2245	2.489e+00	3.093e-02	   1.016	   151.604
 148	74	 8.0466	 1.1240	   1.5263	        1.5214	          0.0049	   1.5263	        1.5214	     1.2244	2.488e+00	3.076e-02	   1.033	   152.637
 149	75	 8.0476	 1.1233	   1.5263	        1.5214	          0.0049	   1.5263	        1.5214	     1.2244	2.484e+00	3.054e-02	   1.051	   153.688
 150	75	 8.0495	 1.1241	   1.5263	        1.5214	          0.0049	   1.5263	        1.5214	     1.2244	2.511e+00	3.080e-02	   1.013	   154.702
 151	76	 8.0566	 1.1239	   1.5263	        1.5214	          0.0049	   1.5263	        1.5214	     1.2244	2.512e+00	3.071e-02	   0.996	   155.698
 152	76	 8.0522	 1.1242	   1.5263	        1.5214	          0.0049	   1.5263	        1.5214	     1.2244	2.529e+00	3.083e-02	   1.038	   156.736
 153	77	 8.0812	 1.1230	   1.5263	        1.5214	          0.0049	   1.5263	        1.5214	     1.2244	2.525e+00	3.042e-02	   1.069	   157.806
 154	77	 8.0535	 1.1244	   1.5263	        1.5214	          0.0049	   1.5263	        1.5214	     1.2243	2.549e+00	3.088e-02	   1.046	   158.852
 155	78	 8.0567	 1.1250	   1.5263	        1.5214	          0.0050	   1.5263	        1.5214	     1.2244	2.549e+00	3.108e-02	   1.025	   159.877
 156	78	 8.0567	 1.1245	   1.5263	        1.5214	          0.0050	   1.5263	        1.5214	     1.2243	2.564e+00	3.091e-02	   0.995	   160.872
 157	79	 8.0537	 1.1247	   1.5263	        1.5214	          0.0050	   1.5263	        1.5214	     1.2243	2.577e+00	3.099e-02	   1.009	   161.882
 158	79	 8.0600	 1.1246	   1.5263	        1.5214	          0.0050	   1.5263	        1.5214	     1.2243	2.577e+00	3.095e-02	   1.006	   162.888
 159	80	 8.0710	 1.1234	   1.5263	        1.5214	          0.0049	   1.5263	        1.5214	     1.2243	2.588e+00	3.056e-02	   1.031	   163.923
 160	80	 8.0623	 1.1247	   1.5263	        1.5214	          0.0050	   1.5263	        1.5214	     1.2243	2.592e+00	3.099e-02	   1.018	   164.941
 161	81	 8.0499	 1.1251	   1.5263	        1.5214	          0.0050	   1.5263	        1.5214	     1.2243	2.600e+00	3.112e-02	   0.999	   165.939
 162	81	 8.0658	 1.1248	   1.5263	        1.5214	          0.0050	   1.5263	        1.5214	     1.2243	2.608e+00	3.102e-02	   1.005	   166.945
 163	82	 8.0772	 1.1258	   1.5264	        1.5214	          0.0050	   1.5264	        1.5214	     1.2244	2.613e+00	3.135e-02	   1.053	   167.998
 164	82	 8.0681	 1.1249	   1.5264	        1.5214	          0.0050	   1.5264	        1.5214	     1.2243	2.625e+00	3.105e-02	   1.004	   169.002
 165	83	 8.0624	 1.1257	   1.5264	        1.5214	          0.0050	   1.5264	        1.5214	     1.2243	2.618e+00	3.131e-02	   1.017	   170.019
 166	83	 8.0712	 1.1250	   1.5264	        1.5214	          0.0050	   1.5264	        1.5214	     1.2243	2.644e+00	3.108e-02	   0.994	   171.013
 167	84	 8.0870	 1.1252	   1.5264	        1.5214	          0.0050	   1.5264	        1.5214	     1.2244	2.637e+00	3.114e-02	   1.011	   172.024
 168	84	 8.0730	 1.1251	   1.5264	        1.5214	          0.0050	   1.5264	        1.5214	     1.2243	2.663e+00	3.111e-02	   1.042	   173.066
 169	85	 8.0838	 1.1253	   1.5264	        1.5214	          0.0050	   1.5264	        1.5214	     1.2243	2.668e+00	3.116e-02	   1.013	   174.080
 170	85	 8.0751	 1.1252	   1.5264	        1.5214	          0.0050	   1.5264	        1.5214	     1.2243	2.676e+00	3.114e-02	   1.010	   175.090
 171	86	 8.0924	 1.1248	   1.5264	        1.5214	          0.0050	   1.5264	        1.5214	     1.2243	2.689e+00	3.100e-02	   0.994	   176.084
 172	86	 8.0767	 1.1253	   1.5264	        1.5214	          0.0050	   1.5264	        1.5214	     1.2243	2.687e+00	3.117e-02	   1.033	   177.117
 173	87	 8.0831	 1.1247	   1.5264	        1.5214	          0.0050	   1.5264	        1.5214	     1.2242	2.692e+00	3.099e-02	   1.079	   178.197
 174	87	 8.0792	 1.1254	   1.5264	        1.5214	          0.0050	   1.5264	        1.5214	     1.2243	2.702e+00	3.120e-02	   1.037	   179.233
 175	88	 8.0730	 1.1257	   1.5264	        1.5214	          0.0050	   1.5264	        1.5214	     1.2243	2.704e+00	3.132e-02	   1.031	   180.265
 176	88	 8.0821	 1.1255	   1.5264	        1.5214	          0.0050	   1.5264	        1.5214	     1.2242	2.718e+00	3.123e-02	   0.994	   181.259
 177	89	 8.0943	 1.1270	   1.5265	        1.5214	          0.0051	   1.5265	        1.5214	     1.2244	2.706e+00	3.172e-02	   1.012	   182.272
 178	89	 8.0842	 1.1255	   1.5264	        1.5214	          0.0050	   1.5264	        1.5214	     1.2242	2.738e+00	3.125e-02	   1.007	   183.279
 179	90	 8.0911	 1.1241	   1.5264	        1.5214	          0.0050	   1.5264	        1.5214	     1.2242	2.759e+00	3.080e-02	   1.025	   184.304
 180	90	 8.0860	 1.1257	   1.5264	        1.5214	          0.0050	   1.5264	        1.5214	     1.2242	2.745e+00	3.129e-02	   1.027	   185.332
 181	91	 8.1068	 1.1268	   1.5265	        1.5214	          0.0051	   1.5265	        1.5214	     1.2244	2.754e+00	3.166e-02	   0.994	   186.326
 182	91	 8.0875	 1.1257	   1.5264	        1.5214	          0.0050	   1.5264	        1.5214	     1.2242	2.761e+00	3.132e-02	   1.011	   187.337
 183	92	 8.0813	 1.1262	   1.5264	        1.5214	          0.0050	   1.5264	        1.5214	     1.2242	2.774e+00	3.145e-02	   1.120	   188.457
 184	92	 8.0902	 1.1258	   1.5264	        1.5214	          0.0050	   1.5264	        1.5214	     1.2242	2.772e+00	3.134e-02	   1.068	   189.525
 185	93	 8.0942	 1.1262	   1.5264	        1.5214	          0.0051	   1.5264	        1.5214	     1.2242	2.764e+00	3.147e-02	   1.017	   190.546
 186	93	 8.0926	 1.1259	   1.5264	        1.5214	          0.0050	   1.5264	        1.5214	     1.2242	2.791e+00	3.137e-02	   0.996	   191.542
 187	94	 8.1048	 1.1275	   1.5265	        1.5214	          0.0051	   1.5265	        1.5214	     1.2243	2.786e+00	3.187e-02	   1.041	   192.584
 188	94	 8.0945	 1.1260	   1.5264	        1.5214	          0.0051	   1.5264	        1.5214	     1.2242	2.807e+00	3.139e-02	   1.038	   193.622
 189	95	 8.0807	 1.1256	   1.5264	        1.5214	          0.0050	   1.5264	        1.5214	     1.2241	2.804e+00	3.128e-02	   1.007	   194.633
 190	95	 8.0978	 1.1260	   1.5264	        1.5214	          0.0051	   1.5264	        1.5214	     1.2242	2.820e+00	3.142e-02	   1.015	   195.648
 191	96	 8.0752	 1.1270	   1.5264	        1.5214	          0.0051	   1.5264	        1.5214	     1.2242	2.851e+00	3.173e-02	   0.987	   196.635
 192	96	 8.1008	 1.1261	   1.5264	        1.5214	          0.0051	   1.5264	        1.5214	     1.2242	2.825e+00	3.144e-02	   1.011	   197.646
 193	97	 8.0894	 1.1269	   1.5264	        1.5214	          0.0051	   1.5264	        1.5214	     1.2242	2.850e+00	3.170e-02	   0.915	   198.561
 194	97	 8.1035	 1.1262	   1.5264	        1.5214	          0.0051	   1.5264	        1.5214	     1.2242	2.836e+00	3.146e-02	   0.948	   199.509
 195	98	 8.1164	 1.1273	   1.5265	        1.5214	          0.0051	   1.5265	        1.5214	     1.2243	2.831e+00	3.182e-02	   0.762	   200.271
 196	98	 8.1050	 1.1263	   1.5264	        1.5214	          0.0051	   1.5264	        1.5214	     1.2242	2.857e+00	3.148e-02	   0.760	   201.031
 197	99	 8.1124	 1.1268	   1.5265	        1.5214	          0.0051	   1.5265	        1.5214	     1.2242	2.855e+00	3.166e-02	   0.743	   201.775
 198	99	 8.1068	 1.1263	   1.5264	        1.5214	          0.0051	   1.5264	        1.5214	     1.2242	2.872e+00	3.150e-02	   0.737	   202.512
 199	100	 8.1162	 1.1257	   1.5264	        1.5214	          0.0051	   1.5264	        1.5214	     1.2242	2.871e+00	3.130e-02	   0.737	   203.249
 200	100	 8.1087	 1.1264	   1.5265	        1.5214	          0.0051	   1.5265	        1.5214	     1.2241	2.886e+00	3.153e-02	   0.711	   203.960
 201	101	 8.1137	 1.1268	   1.5265	        1.5214	          0.0051	   1.5265	        1.5214	     1.2242	2.896e+00	3.165e-02	   0.726	   204.687
 202	101	 8.1107	 1.1265	   1.5265	        1.5214	          0.0051	   1.5265	        1.5214	     1.2241	2.896e+00	3.155e-02	   0.738	   205.425
 203	102	 8.1127	 1.1259	   1.5264	        1.5214	          0.0051	   1.5264	        1.5214	     1.2241	2.899e+00	3.138e-02	   0.729	   206.154
 204	102	 8.1128	 1.1265	   1.5265	        1.5214	          0.0051	   1.5265	        1.5214	     1.2241	2.909e+00	3.157e-02	   0.747	   206.901
 205	103	 8.1174	 1.1272	   1.5265	        1.5214	          0.0051	   1.5265	        1.5214	     1.2242	2.918e+00	3.179e-02	   0.712	   207.613
 206	103	 8.1148	 1.1266	   1.5265	        1.5214	          0.0051	   1.5265	        1.5214	     1.2241	2.920e+00	3.159e-02	   0.723	   208.336
 207	104	 8.1260	 1.1257	   1.5265	        1.5214	          0.0051	   1.5265	        1.5214	     1.2241	2.934e+00	3.129e-02	   0.759	   209.095
 208	104	 8.1165	 1.1267	   1.5265	        1.5214	          0.0051	   1.5265	        1.5214	     1.2241	2.931e+00	3.162e-02	   0.731	   209.826
 209	105	 8.1186	 1.1264	   1.5265	        1.5214	          0.0051	   1.5265	        1.5214	     1.2241	2.962e+00	3.153e-02	   0.731	   210.557
 210	105	 8.1186	 1.1267	   1.5265	        1.5214	          0.0051	   1.5265	        1.5214	     1.2241	2.938e+00	3.164e-02	   0.709	   211.267
 211	106	 8.1113	 1.1263	   1.5265	        1.5214	          0.0051	   1.5265	        1.5214	     1.2241	2.949e+00	3.148e-02	   0.749	   212.016
 212	106	 8.1209	 1.1268	   1.5265	        1.5214	          0.0051	   1.5265	        1.5214	     1.2241	2.952e+00	3.166e-02	   0.744	   212.760
 213	107	 8.1313	 1.1269	   1.5265	        1.5214	          0.0051	   1.5265	        1.5214	     1.2242	2.967e+00	3.170e-02	   0.752	   213.513
 214	107	 8.1225	 1.1269	   1.5265	        1.5214	          0.0051	   1.5265	        1.5214	     1.2241	2.965e+00	3.168e-02	   0.774	   214.287
 215	108	 8.1248	 1.1263	   1.5265	        1.5214	          0.0051	   1.5265	        1.5214	     1.2241	2.990e+00	3.150e-02	   0.734	   215.021
 216	108	 8.1244	 1.1269	   1.5265	        1.5214	          0.0051	   1.5265	        1.5214	     1.2241	2.975e+00	3.170e-02	   0.720	   215.741
 217	109	 8.1254	 1.1258	   1.5265	        1.5214	          0.0051	   1.5265	        1.5214	     1.2240	2.981e+00	3.134e-02	   0.731	   216.472
 218	109	 8.1262	 1.1270	   1.5265	        1.5214	          0.0051	   1.5265	        1.5214	     1.2241	2.991e+00	3.173e-02	   0.743	   217.216
 219	110	 8.1107	 1.1275	   1.5265	        1.5214	          0.0051	   1.5265	        1.5214	     1.2240	3.003e+00	3.187e-02	   0.754	   217.970
 220	110	 8.1287	 1.1271	   1.5265	        1.5214	          0.0051	   1.5265	        1.5214	     1.2241	3.002e+00	3.175e-02	   0.784	   218.754
 221	111	 8.1246	 1.1276	   1.5265	        1.5214	          0.0051	   1.5265	        1.5214	     1.2241	3.031e+00	3.192e-02	   0.868	   219.623
 222	111	 8.1308	 1.1271	   1.5265	        1.5214	          0.0051	   1.5265	        1.5214	     1.2241	3.010e+00	3.177e-02	   0.826	   220.449
 223	112	 8.1294	 1.1271	   1.5265	        1.5214	          0.0051	   1.5265	        1.5214	     1.2241	3.042e+00	3.176e-02	   0.749	   221.198
 224	112	 8.1325	 1.1272	   1.5265	        1.5214	          0.0051	   1.5265	        1.5214	     1.2241	3.019e+00	3.179e-02	   0.740	   221.938
 225	113	 8.1414	 1.1271	   1.5265	        1.5214	          0.0051	   1.5265	        1.5214	     1.2241	3.030e+00	3.174e-02	   0.726	   222.664
 226	113	 8.1339	 1.1273	   1.5265	        1.5214	          0.0051	   1.5265	        1.5214	     1.2241	3.035e+00	3.180e-02	   0.765	   223.429
 227	114	 8.1390	 1.1260	   1.5265	        1.5214	          0.0051	   1.5265	        1.5214	     1.2240	3.037e+00	3.139e-02	   0.746	   224.175
 228	114	 8.1356	 1.1273	   1.5265	        1.5214	          0.0051	   1.5265	        1.5214	     1.2241	3.050e+00	3.183e-02	   0.724	   224.900
 229	115	 8.1401	 1.1269	   1.5265	        1.5214	          0.0051	   1.5265	        1.5214	     1.2240	3.054e+00	3.169e-02	   0.735	   225.635
 230	115	 8.1372	 1.1274	   1.5265	        1.5214	          0.0052	   1.5265	        1.5214	     1.2240	3.063e+00	3.185e-02	   0.710	   226.345
 231	116	 8.1276	 1.1270	   1.5265	        1.5214	          0.0051	   1.5265	        1.5214	     1.2240	3.067e+00	3.172e-02	   0.743	   227.089
 232	116	 8.1393	 1.1275	   1.5265	        1.5214	          0.0052	   1.5265	        1.5214	     1.2240	3.075e+00	3.187e-02	   0.751	   227.840
 233	117	 8.1475	 1.1288	   1.5266	        1.5214	          0.0052	   1.5266	        1.5214	     1.2241	3.092e+00	3.229e-02	   0.745	   228.586
 234	117	 8.1409	 1.1275	   1.5265	        1.5214	          0.0052	   1.5265	        1.5214	     1.2240	3.083e+00	3.188e-02	   0.781	   229.368
 235	118	 8.1359	 1.1270	   1.5265	        1.5214	          0.0051	   1.5265	        1.5214	     1.2240	3.105e+00	3.171e-02	   0.729	   230.098
 236	118	 8.1430	 1.1276	   1.5265	        1.5214	          0.0052	   1.5265	        1.5214	     1.2240	3.091e+00	3.190e-02	   0.721	   230.819
 237	119	 8.1506	 1.1268	   1.5265	        1.5214	          0.0052	   1.5265	        1.5214	     1.2240	3.104e+00	3.167e-02	   0.724	   231.543
 238	119	 8.1446	 1.1276	   1.5265	        1.5214	          0.0052	   1.5265	        1.5214	     1.2240	3.103e+00	3.192e-02	   0.744	   232.287
 239	120	 8.1543	 1.1257	   1.5265	        1.5214	          0.0051	   1.5265	        1.5214	     1.2240	3.095e+00	3.131e-02	   0.747	   233.034
 240	120	 8.1458	 1.1277	   1.5265	        1.5214	          0.0052	   1.5265	        1.5214	     1.2240	3.120e+00	3.195e-02	   0.710	   233.744
 241	121	 8.1395	 1.1279	   1.5265	        1.5214	          0.0052	   1.5265	        1.5214	     1.2240	3.127e+00	3.201e-02	   0.718	   234.462
 242	121	 8.1478	 1.1278	   1.5265	        1.5214	          0.0052	   1.5265	        1.5214	     1.2240	3.129e+00	3.197e-02	   0.741	   235.203
 243	122	 8.1485	 1.1273	   1.5265	        1.5214	          0.0052	   1.5265	        1.5214	     1.2240	3.124e+00	3.181e-02	   0.733	   235.937
 244	122	 8.1495	 1.1278	   1.5266	        1.5214	          0.0052	   1.5266	        1.5214	     1.2240	3.143e+00	3.198e-02	   0.735	   236.672
 245	123	 8.1478	 1.1269	   1.5265	        1.5214	          0.0052	   1.5265	        1.5214	     1.2239	3.139e+00	3.168e-02	   0.728	   237.400
 246	123	 8.1513	 1.1279	   1.5266	        1.5214	          0.0052	   1.5266	        1.5214	     1.2240	3.155e+00	3.200e-02	   0.754	   238.155
 247	124	 8.1415	 1.1288	   1.5266	        1.5214	          0.0052	   1.5266	        1.5214	     1.2240	3.181e+00	3.228e-02	   0.719	   238.874
 248	124	 8.1531	 1.1279	   1.5266	        1.5214	          0.0052	   1.5266	        1.5214	     1.2240	3.158e+00	3.202e-02	   0.734	   239.609
 249	125	 8.1558	 1.1281	   1.5266	        1.5214	          0.0052	   1.5266	        1.5214	     1.2240	3.168e+00	3.207e-02	   0.728	   240.337
 250	125	 8.1547	 1.1280	   1.5266	        1.5214	          0.0052	   1.5266	        1.5214	     1.2240	3.169e+00	3.203e-02	   0.714	   241.051
 251	126	 8.1646	 1.1285	   1.5266	        1.5214	          0.0052	   1.5266	        1.5214	     1.2241	3.156e+00	3.220e-02	   0.732	   241.783
 252	126	 8.1560	 1.1280	   1.5266	        1.5214	          0.0052	   1.5266	        1.5214	     1.2240	3.186e+00	3.204e-02	   0.760	   242.543
 253	127	 8.1562	 1.1277	   1.5266	        1.5214	          0.0052	   1.5266	        1.5214	     1.2240	3.170e+00	3.195e-02	   0.745	   243.288
 254	127	 8.1576	 1.1281	   1.5266	        1.5214	          0.0052	   1.5266	        1.5214	     1.2240	3.199e+00	3.206e-02	   0.774	   244.062
 255	128	 8.1580	 1.1272	   1.5265	        1.5214	          0.0052	   1.5265	        1.5214	     1.2239	3.231e+00	3.177e-02	   0.741	   244.804
 256	128	 8.1593	 1.1281	   1.5266	        1.5214	          0.0052	   1.5266	        1.5214	     1.2240	3.200e+00	3.208e-02	   0.717	   245.520
 257	129	 8.1620	 1.1288	   1.5266	        1.5214	          0.0052	   1.5266	        1.5214	     1.2240	3.194e+00	3.230e-02	   0.726	   246.247
 258	129	 8.1609	 1.1282	   1.5266	        1.5214	          0.0052	   1.5266	        1.5214	     1.2240	3.214e+00	3.209e-02	   0.744	   246.991
 259	130	 8.1552	 1.1288	   1.5266	        1.5214	          0.0052	   1.5266	        1.5214	     1.2240	3.226e+00	3.230e-02	   0.768	   247.759
 260	130	 8.1625	 1.1282	   1.5266	        1.5214	          0.0052	   1.5266	        1.5214	     1.2240	3.222e+00	3.210e-02	   0.808	   248.567
 261	131	 8.1858	 1.1284	   1.5266	        1.5214	          0.0052	   1.5266	        1.5214	     1.2241	3.224e+00	3.215e-02	   0.738	   249.305
 262	131	 8.1633	 1.1283	   1.5266	        1.5214	          0.0052	   1.5266	        1.5214	     1.2240	3.234e+00	3.212e-02	   0.745	   250.051
 263	132	 8.1543	 1.1282	   1.5266	        1.5214	          0.0052	   1.5266	        1.5214	     1.2239	3.239e+00	3.210e-02	   0.723	   250.774
 264	132	 8.1651	 1.1283	   1.5266	        1.5214	          0.0052	   1.5266	        1.5214	     1.2240	3.244e+00	3.213e-02	   0.741	   251.515
 265	133	 8.1593	 1.1285	   1.5266	        1.5214	          0.0052	   1.5266	        1.5214	     1.2239	3.265e+00	3.219e-02	   0.778	   252.293
 266	133	 8.1667	 1.1283	   1.5266	        1.5214	          0.0052	   1.5266	        1.5214	     1.2239	3.249e+00	3.215e-02	   0.743	   253.036
 267	134	 8.1683	 1.1285	   1.5266	        1.5214	          0.0052	   1.5266	        1.5214	     1.2240	3.272e+00	3.220e-02	   0.716	   253.753
 268	134	 8.1682	 1.1284	   1.5266	        1.5214	          0.0052	   1.5266	        1.5214	     1.2239	3.256e+00	3.216e-02	   0.734	   254.486
 269	135	 8.1776	 1.1269	   1.5266	        1.5214	          0.0052	   1.5266	        1.5214	     1.2239	3.253e+00	3.169e-02	   0.725	   255.215
 270	135	 8.1695	 1.1284	   1.5266	        1.5214	          0.0052	   1.5266	        1.5214	     1.2239	3.271e+00	3.218e-02	   0.711	   255.926
 271	136	 8.1675	 1.1281	   1.5266	        1.5214	          0.0052	   1.5266	        1.5214	     1.2239	3.264e+00	3.207e-02	   0.737	   256.663
 272	136	 8.1711	 1.1285	   1.5266	        1.5214	          0.0052	   1.5266	        1.5214	     1.2239	3.284e+00	3.220e-02	   0.755	   257.419
 273	137	 8.1764	 1.1283	   1.5266	        1.5214	          0.0052	   1.5266	        1.5214	     1.2239	3.280e+00	3.213e-02	   0.748	   258.167
 274	137	 8.1724	 1.1285	   1.5266	        1.5214	          0.0052	   1.5266	        1.5214	     1.2239	3.295e+00	3.221e-02	   0.766	   258.933
 275	138	 8.1845	 1.1269	   1.5266	        1.5214	          0.0052	   1.5266	        1.5214	     1.2239	3.308e+00	3.168e-02	   0.749	   259.682
 276	138	 8.1735	 1.1286	   1.5266	        1.5214	          0.0052	   1.5266	        1.5214	     1.2239	3.301e+00	3.223e-02	   0.718	   260.400
 277	139	 8.1745	 1.1286	   1.5266	        1.5214	          0.0052	   1.5266	        1.5214	     1.2239	3.294e+00	3.222e-02	   0.720	   261.121
 278	139	 8.1750	 1.1286	   1.5266	        1.5214	          0.0052	   1.5266	        1.5214	     1.2239	3.314e+00	3.224e-02	   0.751	   261.871
 279	140	 8.1852	 1.1286	   1.5266	        1.5214	          0.0053	   1.5266	        1.5214	     1.2240	3.314e+00	3.222e-02	   0.742	   262.613
 280	140	 8.1762	 1.1287	   1.5266	        1.5214	          0.0052	   1.5266	        1.5214	     1.2239	3.323e+00	3.226e-02	   0.715	   263.329
 281	141	 8.1710	 1.1276	   1.5266	        1.5214	          0.0052	   1.5266	        1.5214	     1.2238	3.334e+00	3.191e-02	   0.714	   264.043
 282	141	 8.1778	 1.1287	   1.5266	        1.5214	          0.0052	   1.5266	        1.5214	     1.2239	3.330e+00	3.227e-02	   0.748	   264.792
 283	142	 8.1770	 1.1293	   1.5266	        1.5214	          0.0053	   1.5266	        1.5214	     1.2239	3.345e+00	3.246e-02	   0.714	   265.505
 284	142	 8.1793	 1.1288	   1.5266	        1.5214	          0.0053	   1.5266	        1.5214	     1.2239	3.337e+00	3.228e-02	   0.748	   266.254
 285	143	 8.1877	 1.1289	   1.5266	        1.5214	          0.0053	   1.5266	        1.5214	     1.2239	3.370e+00	3.234e-02	   0.767	   267.022
 286	143	 8.1806	 1.1288	   1.5266	        1.5214	          0.0053	   1.5266	        1.5214	     1.2239	3.341e+00	3.229e-02	   0.717	   267.739
 287	144	 8.1891	 1.1283	   1.5266	        1.5214	          0.0053	   1.5266	        1.5214	     1.2239	3.330e+00	3.215e-02	   0.721	   268.461
 288	144	 8.1819	 1.1288	   1.5266	        1.5214	          0.0053	   1.5266	        1.5214	     1.2239	3.357e+00	3.230e-02	   0.728	   269.189
 289	145	 8.1825	 1.1289	   1.5266	        1.5214	          0.0053	   1.5266	        1.5214	     1.2239	3.363e+00	3.233e-02	   0.734	   269.924
 290	145	 8.1834	 1.1289	   1.5266	        1.5214	          0.0053	   1.5266	        1.5214	     1.2239	3.366e+00	3.232e-02	   0.707	   270.631
 291	146	 8.1958	 1.1281	   1.5266	        1.5214	          0.0053	   1.5266	        1.5214	     1.2239	3.364e+00	3.209e-02	   0.732	   271.364
 292	146	 8.1845	 1.1289	   1.5266	        1.5214	          0.0053	   1.5266	        1.5214	     1.2239	3.377e+00	3.233e-02	   0.753	   272.117
 293	147	 8.1793	 1.1289	   1.5266	        1.5214	          0.0053	   1.5266	        1.5214	     1.2239	3.378e+00	3.234e-02	   0.749	   272.866
 294	147	 8.1860	 1.1290	   1.5266	        1.5214	          0.0053	   1.5266	        1.5214	     1.2239	3.386e+00	3.234e-02	   0.777	   273.643
 295	148	 8.1870	 1.1291	   1.5266	        1.5214	          0.0053	   1.5266	        1.5214	     1.2239	3.399e+00	3.239e-02	   0.787	   274.430
 296	148	 8.1874	 1.1290	   1.5266	        1.5214	          0.0053	   1.5266	        1.5214	     1.2239	3.392e+00	3.235e-02	   0.779	   275.209
 297	149	 8.1792	 1.1293	   1.5266	        1.5214	          0.0053	   1.5266	        1.5214	     1.2239	3.407e+00	3.246e-02	   0.796	   276.006
 298	149	 8.1890	 1.1290	   1.5266	        1.5214	          0.0053	   1.5266	        1.5214	     1.2239	3.399e+00	3.236e-02	   0.879	   276.885
 299	150	 8.1918	 1.1288	   1.5266	        1.5214	          0.0053	   1.5266	        1.5214	     1.2239	3.401e+00	3.229e-02	   0.797	   277.683
 300	150	 8.1903	 1.1291	   1.5266	        1.5214	          0.0053	   1.5266	        1.5214	     1.2239	3.411e+00	3.238e-02	   0.720	   278.403
 301	151	 8.1912	 1.1300	   1.5267	        1.5214	          0.0053	   1.5267	        1.5214	     1.2239	3.410e+00	3.268e-02	   0.720	   279.123
 302	151	 8.1917	 1.1291	   1.5266	        1.5214	          0.0053	   1.5266	        1.5214	     1.2239	3.421e+00	3.238e-02	   0.741	   279.864
 303	152	 8.2000	 1.1296	   1.5267	        1.5214	          0.0053	   1.5267	        1.5214	     1.2239	3.420e+00	3.255e-02	   0.728	   280.592
 304	152	 8.1928	 1.1291	   1.5266	        1.5214	          0.0053	   1.5266	        1.5214	     1.2239	3.431e+00	3.239e-02	   0.787	   281.379
 305	153	 8.1942	 1.1289	   1.5266	        1.5214	          0.0053	   1.5266	        1.5214	     1.2239	3.438e+00	3.234e-02	   0.752	   282.131
 306	153	 8.1942	 1.1291	   1.5267	        1.5214	          0.0053	   1.5267	        1.5214	     1.2239	3.438e+00	3.240e-02	   0.713	   282.845
 307	154	 8.2034	 1.1291	   1.5267	        1.5214	          0.0053	   1.5267	        1.5214	     1.2239	3.453e+00	3.238e-02	   0.723	   283.568
 308	154	 8.1953	 1.1292	   1.5267	        1.5214	          0.0053	   1.5267	        1.5214	     1.2238	3.444e+00	3.241e-02	   0.730	   284.298
 309	155	 8.1967	 1.1296	   1.5267	        1.5214	          0.0053	   1.5267	        1.5214	     1.2239	3.432e+00	3.254e-02	   0.732	   285.031
 310	155	 8.1967	 1.1292	   1.5267	        1.5214	          0.0053	   1.5267	        1.5214	     1.2238	3.458e+00	3.242e-02	   0.712	   285.743
 311	156	 8.1946	 1.1288	   1.5266	        1.5214	          0.0053	   1.5266	        1.5214	     1.2238	3.472e+00	3.228e-02	   0.721	   286.464
 312	156	 8.1981	 1.1292	   1.5267	        1.5214	          0.0053	   1.5267	        1.5214	     1.2238	3.463e+00	3.243e-02	   0.761	   287.225
 313	157	 8.2028	 1.1294	   1.5267	        1.5214	          0.0053	   1.5267	        1.5214	     1.2239	3.480e+00	3.249e-02	   0.746	   287.971
 314	157	 8.1993	 1.1293	   1.5267	        1.5214	          0.0053	   1.5267	        1.5214	     1.2238	3.469e+00	3.244e-02	   0.775	   288.746
 315	158	 8.1947	 1.1278	   1.5266	        1.5214	          0.0052	   1.5266	        1.5214	     1.2237	3.469e+00	3.199e-02	   0.746	   289.493
 316	158	 8.2008	 1.1293	   1.5267	        1.5214	          0.0053	   1.5267	        1.5214	     1.2238	3.479e+00	3.246e-02	   0.720	   290.213
 317	159	 8.2020	 1.1299	   1.5267	        1.5214	          0.0053	   1.5267	        1.5214	     1.2239	3.475e+00	3.266e-02	   0.724	   290.937
 318	159	 8.2021	 1.1293	   1.5267	        1.5214	          0.0053	   1.5267	        1.5214	     1.2238	3.490e+00	3.247e-02	   0.743	   291.681
 319	160	 8.1920	 1.1297	   1.5267	        1.5214	          0.0053	   1.5267	        1.5214	     1.2238	3.489e+00	3.258e-02	   0.751	   292.433
 320	160	 8.2036	 1.1294	   1.5267	        1.5214	          0.0053	   1.5267	        1.5214	     1.2238	3.499e+00	3.248e-02	   0.684	   293.116
 321	161	 8.2018	 1.1291	   1.5267	        1.5214	          0.0053	   1.5267	        1.5214	     1.2238	3.499e+00	3.238e-02	   0.709	   293.825
 322	161	 8.2050	 1.1294	   1.5267	        1.5214	          0.0053	   1.5267	        1.5214	     1.2238	3.507e+00	3.249e-02	   0.630	   294.455
 323	162	 8.2119	 1.1292	   1.5267	        1.5214	          0.0053	   1.5267	        1.5214	     1.2238	3.505e+00	3.243e-02	   0.672	   295.127
 324	162	 8.2061	 1.1295	   1.5267	        1.5214	          0.0053	   1.5267	        1.5214	     1.2238	3.516e+00	3.250e-02	   0.629	   295.757
 325	163	 8.2118	 1.1298	   1.5267	        1.5214	          0.0053	   1.5267	        1.5214	     1.2239	3.530e+00	3.261e-02	   0.602	   296.359
 326	163	 8.2071	 1.1295	   1.5267	        1.5214	          0.0053	   1.5267	        1.5214	     1.2238	3.521e+00	3.251e-02	   0.591	   296.950
 327	164	 8.2113	 1.1298	   1.5267	        1.5214	          0.0053	   1.5267	        1.5214	     1.2238	3.515e+00	3.261e-02	   0.590	   297.540
 328	164	 8.2082	 1.1295	   1.5267	        1.5214	          0.0053	   1.5267	        1.5214	     1.2238	3.532e+00	3.252e-02	   0.604	   298.144
 329	165	 8.2048	 1.1301	   1.5267	        1.5214	          0.0053	   1.5267	        1.5214	     1.2238	3.538e+00	3.269e-02	   0.586	   298.730
 330	165	 8.2096	 1.1295	   1.5267	        1.5214	          0.0053	   1.5267	        1.5214	     1.2238	3.539e+00	3.253e-02	   0.580	   299.311
 331	166	 8.2066	 1.1289	   1.5267	        1.5214	          0.0053	   1.5267	        1.5214	     1.2238	3.551e+00	3.231e-02	   0.622	   299.933
 332	166	 8.2110	 1.1296	   1.5267	        1.5214	          0.0053	   1.5267	        1.5214	     1.2238	3.545e+00	3.254e-02	   0.606	   300.540
 333	167	 8.1986	 1.1289	   1.5267	        1.5214	          0.0053	   1.5267	        1.5214	     1.2237	3.541e+00	3.232e-02	   0.614	   301.154
 334	167	 8.2125	 1.1296	   1.5267	        1.5214	          0.0053	   1.5267	        1.5214	     1.2238	3.556e+00	3.255e-02	   0.631	   301.785
 335	168	 8.2168	 1.1292	   1.5267	        1.5214	          0.0053	   1.5267	        1.5214	     1.2238	3.557e+00	3.243e-02	   0.613	   302.399
 336	168	 8.2137	 1.1296	   1.5267	        1.5214	          0.0053	   1.5267	        1.5214	     1.2238	3.564e+00	3.256e-02	   0.655	   303.054
 337	169	 8.2087	 1.1309	   1.5267	        1.5214	          0.0054	   1.5267	        1.5214	     1.2238	3.577e+00	3.296e-02	   0.690	   303.744
 338	169	 8.2149	 1.1297	   1.5267	        1.5214	          0.0053	   1.5267	        1.5214	     1.2238	3.569e+00	3.257e-02	   0.617	   304.361
 339	170	 8.2194	 1.1292	   1.5267	        1.5214	          0.0053	   1.5267	        1.5214	     1.2238	3.595e+00	3.243e-02	   0.586	   304.947
 340	170	 8.2160	 1.1297	   1.5267	        1.5214	          0.0053	   1.5267	        1.5214	     1.2238	3.573e+00	3.258e-02	   0.580	   305.527
 341	171	 8.2224	 1.1290	   1.5267	        1.5214	          0.0053	   1.5267	        1.5214	     1.2238	3.586e+00	3.235e-02	   0.599	   306.126
 342	171	 8.2170	 1.1297	   1.5267	        1.5214	          0.0053	   1.5267	        1.5214	     1.2238	3.582e+00	3.259e-02	   0.612	   306.738
 343	172	 8.2321	 1.1297	   1.5267	        1.5214	          0.0054	   1.5267	        1.5214	     1.2238	3.576e+00	3.257e-02	   0.629	   307.368
 344	172	 8.2179	 1.1298	   1.5267	        1.5214	          0.0053	   1.5267	        1.5214	     1.2238	3.594e+00	3.260e-02	   0.623	   307.991
 345	173	 8.2275	 1.1297	   1.5267	        1.5214	          0.0053	   1.5267	        1.5214	     1.2238	3.592e+00	3.257e-02	   0.602	   308.594
 346	173	 8.2188	 1.1298	   1.5267	        1.5214	          0.0053	   1.5267	        1.5214	     1.2238	3.604e+00	3.261e-02	   0.591	   309.184
 347	174	 8.2165	 1.1309	   1.5267	        1.5214	          0.0054	   1.5267	        1.5214	     1.2238	3.603e+00	3.295e-02	   0.584	   309.768
 348	174	 8.2200	 1.1298	   1.5267	        1.5214	          0.0053	   1.5267	        1.5214	     1.2238	3.612e+00	3.261e-02	   0.610	   310.379
 349	175	 8.2180	 1.1297	   1.5267	        1.5214	          0.0053	   1.5267	        1.5214	     1.2238	3.606e+00	3.259e-02	   0.586	   310.965
 350	175	 8.2212	 1.1298	   1.5267	        1.5214	          0.0053	   1.5267	        1.5214	     1.2238	3.621e+00	3.262e-02	   0.580	   311.545
 351	176	 8.2298	 1.1291	   1.5267	        1.5214	          0.0053	   1.5267	        1.5214	     1.2238	3.620e+00	3.240e-02	   0.618	   312.163
 352	176	 8.2222	 1.1299	   1.5267	        1.5214	          0.0053	   1.5267	        1.5214	     1.2238	3.628e+00	3.263e-02	   0.611	   312.774
 353	177	 8.2315	 1.1300	   1.5267	        1.5214	          0.0054	   1.5267	        1.5214	     1.2238	3.614e+00	3.267e-02	   0.610	   313.385
 354	177	 8.2232	 1.1299	   1.5267	        1.5214	          0.0053	   1.5267	        1.5214	     1.2238	3.638e+00	3.264e-02	   0.631	   314.016
 355	178	 8.2178	 1.1297	   1.5267	        1.5214	          0.0053	   1.5267	        1.5214	     1.2237	3.638e+00	3.258e-02	   0.613	   314.629
 356	178	 8.2245	 1.1299	   1.5267	        1.5214	          0.0053	   1.5267	        1.5214	     1.2238	3.644e+00	3.265e-02	   0.600	   315.229
 357	179	 8.2274	 1.1302	   1.5267	        1.5214	          0.0054	   1.5267	        1.5214	     1.2238	3.656e+00	3.275e-02	   0.605	   315.835
 358	179	 8.2256	 1.1299	   1.5267	        1.5214	          0.0054	   1.5267	        1.5214	     1.2237	3.649e+00	3.266e-02	   0.621	   316.456
 359	180	 8.2330	 1.1299	   1.5267	        1.5214	          0.0054	   1.5267	        1.5214	     1.2238	3.645e+00	3.264e-02	   0.586	   317.042
 360	180	 8.2266	 1.1300	   1.5267	        1.5214	          0.0054	   1.5267	        1.5214	     1.2237	3.657e+00	3.267e-02	   0.580	   317.622
 361	181	 8.2289	 1.1292	   1.5267	        1.5214	          0.0053	   1.5267	        1.5214	     1.2237	3.661e+00	3.242e-02	   0.595	   318.217
 362	181	 8.2276	 1.1300	   1.5267	        1.5214	          0.0054	   1.5267	        1.5214	     1.2237	3.664e+00	3.268e-02	   0.618	   318.835
 363	182	 8.2326	 1.1308	   1.5268	        1.5214	          0.0054	   1.5268	        1.5214	     1.2238	3.641e+00	3.293e-02	   0.610	   319.445
 364	182	 8.2287	 1.1300	   1.5267	        1.5214	          0.0054	   1.5267	        1.5214	     1.2237	3.677e+00	3.268e-02	   0.608	   320.053
 365	183	 8.2280	 1.1296	   1.5267	        1.5214	          0.0053	   1.5267	        1.5214	     1.2237	3.677e+00	3.256e-02	   0.602	   320.655
 366	183	 8.2299	 1.1300	   1.5267	        1.5214	          0.0054	   1.5267	        1.5214	     1.2237	3.682e+00	3.269e-02	   0.591	   321.246
 367	184	 8.2286	 1.1305	   1.5267	        1.5214	          0.0054	   1.5267	        1.5214	     1.2238	3.686e+00	3.285e-02	   0.584	   321.830
 368	184	 8.2311	 1.1301	   1.5267	        1.5214	          0.0054	   1.5267	        1.5214	     1.2237	3.688e+00	3.270e-02	   0.611	   322.441
 369	185	 8.2436	 1.1302	   1.5268	        1.5214	          0.0054	   1.5268	        1.5214	     1.2238	3.687e+00	3.273e-02	   0.586	   323.027
 370	185	 8.2319	 1.1301	   1.5267	        1.5214	          0.0054	   1.5267	        1.5214	     1.2237	3.695e+00	3.271e-02	   0.580	   323.607
 371	186	 8.2320	 1.1306	   1.5267	        1.5214	          0.0054	   1.5267	        1.5214	     1.2238	3.704e+00	3.286e-02	   0.632	   324.240
 372	186	 8.2330	 1.1301	   1.5267	        1.5214	          0.0054	   1.5267	        1.5214	     1.2237	3.700e+00	3.271e-02	   0.670	   324.909
 373	187	 8.2339	 1.1298	   1.5267	        1.5214	          0.0054	   1.5267	        1.5214	     1.2237	3.697e+00	3.261e-02	   0.666	   325.576
 374	187	 8.2341	 1.1301	   1.5267	        1.5214	          0.0054	   1.5267	        1.5214	     1.2237	3.709e+00	3.272e-02	   0.712	   326.288
 375	188	 8.2407	 1.1294	   1.5267	        1.5214	          0.0054	   1.5267	        1.5214	     1.2237	3.706e+00	3.250e-02	   0.697	   326.985
 376	188	 8.2351	 1.1302	   1.5267	        1.5214	          0.0054	   1.5267	        1.5214	     1.2237	3.717e+00	3.273e-02	   0.645	   327.630
 377	189	 8.2374	 1.1304	   1.5268	        1.5214	          0.0054	   1.5268	        1.5214	     1.2237	3.714e+00	3.280e-02	   0.604	   328.234
 378	189	 8.2363	 1.1302	   1.5267	        1.5214	          0.0054	   1.5267	        1.5214	     1.2237	3.724e+00	3.274e-02	   0.622	   328.857
 379	190	 8.2287	 1.1302	   1.5267	        1.5214	          0.0054	   1.5267	        1.5214	     1.2237	3.727e+00	3.274e-02	   0.586	   329.443
 380	190	 8.2376	 1.1302	   1.5267	        1.5214	          0.0054	   1.5267	        1.5214	     1.2237	3.731e+00	3.275e-02	   0.580	   330.023
 381	191	 8.2412	 1.1305	   1.5268	        1.5214	          0.0054	   1.5268	        1.5214	     1.2237	3.739e+00	3.283e-02	   0.609	   330.632
 382	191	 8.2386	 1.1302	   1.5267	        1.5214	          0.0054	   1.5267	        1.5214	     1.2237	3.736e+00	3.275e-02	   0.643	   331.275
 383	192	 8.2423	 1.1298	   1.5267	        1.5214	          0.0054	   1.5267	        1.5214	     1.2237	3.755e+00	3.260e-02	   0.603	   331.879
 384	192	 8.2395	 1.1303	   1.5267	        1.5214	          0.0054	   1.5267	        1.5214	     1.2237	3.740e+00	3.276e-02	   0.608	   332.487
 385	193	 8.2334	 1.1301	   1.5267	        1.5214	          0.0054	   1.5267	        1.5214	     1.2237	3.758e+00	3.270e-02	   0.602	   333.089
 386	193	 8.2407	 1.1303	   1.5268	        1.5214	          0.0054	   1.5268	        1.5214	     1.2237	3.745e+00	3.277e-02	   0.591	   333.680
 387	194	 8.2419	 1.1309	   1.5268	        1.5214	          0.0054	   1.5268	        1.5214	     1.2237	3.752e+00	3.295e-02	   0.584	   334.264
 388	194	 8.2418	 1.1303	   1.5268	        1.5214	          0.0054	   1.5268	        1.5214	     1.2237	3.754e+00	3.277e-02	   0.611	   334.875
 389	195	 8.2370	 1.1303	   1.5267	        1.5214	          0.0054	   1.5267	        1.5214	     1.2237	3.745e+00	3.277e-02	   0.586	   335.461
 390	195	 8.2430	 1.1303	   1.5268	        1.5214	          0.0054	   1.5268	        1.5214	     1.2237	3.765e+00	3.278e-02	   0.580	   336.041
 391	196	 8.2342	 1.1303	   1.5267	        1.5214	          0.0054	   1.5267	        1.5214	     1.2237	3.781e+00	3.277e-02	   0.612	   336.654
 392	196	 8.2442	 1.1304	   1.5268	        1.5214	          0.0054	   1.5268	        1.5214	     1.2237	3.769e+00	3.279e-02	   0.616	   337.271
 393	197	 8.2431	 1.1304	   1.5268	        1.5214	          0.0054	   1.5268	        1.5214	     1.2237	3.788e+00	3.279e-02	   0.605	   337.875
 394	197	 8.2452	 1.1304	   1.5268	        1.5214	          0.0054	   1.5268	        1.5214	     1.2237	3.774e+00	3.280e-02	   0.625	   338.501
 395	198	 8.2488	 1.1293	   1.5267	        1.5214	          0.0054	   1.5267	        1.5214	     1.2236	3.789e+00	3.245e-02	   0.619	   339.120
 396	198	 8.2462	 1.1304	   1.5268	        1.5214	          0.0054	   1.5268	        1.5214	     1.2237	3.780e+00	3.281e-02	   0.605	   339.725
 397	199	 8.2459	 1.1312	   1.5268	        1.5214	          0.0054	   1.5268	        1.5214	     1.2237	3.797e+00	3.304e-02	   0.600	   340.325
 398	199	 8.2473	 1.1304	   1.5268	        1.5214	          0.0054	   1.5268	        1.5214	     1.2237	3.786e+00	3.281e-02	   0.621	   340.947
 399	200	 8.2456	 1.1300	   1.5267	        1.5214	          0.0054	   1.5267	        1.5214	     1.2236	3.788e+00	3.267e-02	   0.591	   341.538
 400	200	 8.2484	 1.1305	   1.5268	        1.5214	          0.0054	   1.5268	        1.5214	     1.2237	3.796e+00	3.282e-02	   0.580	   342.118

[SCGD] Finished on device cuda -> σ_f² ≈ 8.2484, σ_ε² ≈ 1.1305
