[GPU 6][JOB 231] 'python cli.py scgd --n 1024 --lengthscale 0.5 --sigma-f2-true 4.0 --sigma-eps2-true 1.0 --n-epochs 200 --device auto --kernel-mode finite --a0 1e-3 --a-decay 0.75 --w-init-scale 0.1 --num-features 128 --print-every 1 --seed 0 --batch-size 1024 --b0 0.9 --b-decay 0.25 --decay-start-epoch 25 --sigma-f2-init 5.0 --sigma-eps2-init 3.0 '

=== SCGD + ORF (TMLR Algorithm 2) ===
iter	epoch	σ_f²	σ_ε²	real_nlml	real_nlml_true	real_nlml_abs_err	orf_nlml	orf_nlml_true	approx_nlml	|F~ - F|/|F|	||grad||	duration_s	wall_time_s
   1	 1	 0.9000	 3.0895	   1.7336	        1.5052	          0.2284	   1.7336	        1.5052	     2.3030	4.285e+00	1.071e-01	   1.343	     1.435
   2	 2	 0.9320	 3.1397	   1.7376	        1.5052	          0.2324	   1.7376	        1.5052	     2.2664	4.772e-01	1.057e-01	   0.826	     2.262
   3	 3	 0.9668	 3.1703	   1.7396	        1.5052	          0.2344	   1.7396	        1.5052	     2.2329	1.082e-01	1.046e-01	   0.971	     3.234
   4	 4	 1.0113	 3.1861	   1.7399	        1.5052	          0.2347	   1.7399	        1.5052	     2.2008	6.482e-02	1.038e-01	   0.988	     4.222
   5	 5	 1.0708	 3.1895	   1.7387	        1.5052	          0.2335	   1.7387	        1.5052	     2.1688	4.905e-02	1.032e-01	   1.020	     5.243
   6	 6	 1.1476	 3.1819	   1.7362	        1.5052	          0.2310	   1.7362	        1.5052	     2.1361	3.607e-02	1.029e-01	   1.010	     6.254
   7	 7	 1.2445	 3.1639	   1.7325	        1.5052	          0.2273	   1.7325	        1.5052	     2.1019	2.407e-02	1.028e-01	   1.001	     7.255
   8	 8	 1.3652	 3.1358	   1.7278	        1.5052	          0.2226	   1.7278	        1.5052	     2.0655	1.400e-02	1.030e-01	   0.994	     8.251
   9	 9	 1.5141	 3.0977	   1.7220	        1.5052	          0.2168	   1.7220	        1.5052	     2.0267	1.097e-02	1.036e-01	   1.002	     9.253
  10	10	 1.6961	 3.0491	   1.7152	        1.5052	          0.2100	   1.7152	        1.5052	     1.9851	1.742e-02	1.043e-01	   1.021	    10.274
  11	11	 1.9165	 2.9899	   1.7074	        1.5052	          0.2022	   1.7074	        1.5052	     1.9408	2.565e-02	1.054e-01	   1.048	    11.323
  12	12	 2.1792	 2.9196	   1.6987	        1.5052	          0.1935	   1.6987	        1.5052	     1.8943	3.232e-02	1.067e-01	   1.008	    12.331
  13	13	 2.4853	 2.8381	   1.6889	        1.5052	          0.1837	   1.6889	        1.5052	     1.8464	3.589e-02	1.081e-01	   0.998	    13.330
  14	14	 2.8304	 2.7454	   1.6782	        1.5052	          0.1730	   1.6782	        1.5052	     1.7982	3.515e-02	1.097e-01	   1.000	    14.331
  15	15	 3.2030	 2.6420	   1.6665	        1.5052	          0.1613	   1.6665	        1.5052	     1.7508	2.932e-02	1.114e-01	   1.025	    15.356
  16	16	 3.5850	 2.5291	   1.6537	        1.5052	          0.1486	   1.6537	        1.5052	     1.7050	1.859e-02	1.131e-01	   1.037	    16.393
  17	17	 3.9566	 2.4082	   1.6401	        1.5052	          0.1349	   1.6401	        1.5052	     1.6607	5.530e-03	1.148e-01	   1.022	    17.416
  18	18	 4.3034	 2.2812	   1.6256	        1.5052	          0.1204	   1.6256	        1.5052	     1.6176	1.289e-02	1.162e-01	   1.013	    18.429
  19	19	 4.6214	 2.1500	   1.6106	        1.5052	          0.1054	   1.6106	        1.5052	     1.5752	2.673e-02	1.172e-01	   1.002	    19.431
  20	20	 4.9160	 2.0167	   1.5952	        1.5052	          0.0900	   1.5952	        1.5052	     1.5334	3.761e-02	1.174e-01	   1.026	    20.457
  21	21	 5.1968	 1.8837	   1.5800	        1.5052	          0.0748	   1.5800	        1.5052	     1.4921	4.499e-02	1.166e-01	   1.083	    21.544
  22	22	 5.4731	 1.7536	   1.5652	        1.5052	          0.0601	   1.5652	        1.5052	     1.4519	4.950e-02	1.142e-01	   1.044	    22.588
  23	23	 5.7514	 1.6295	   1.5517	        1.5052	          0.0465	   1.5517	        1.5052	     1.4134	5.214e-02	1.098e-01	   1.017	    23.604
  24	24	 6.0348	 1.5150	   1.5398	        1.5052	          0.0346	   1.5398	        1.5052	     1.3776	5.387e-02	1.031e-01	   0.996	    24.603
  25	25	 6.3229	 1.4136	   1.5302	        1.5052	          0.0250	   1.5302	        1.5052	     1.3455	5.550e-02	9.402e-02	   1.003	    25.607
  26	26	 6.4932	 1.3630	   1.5258	        1.5052	          0.0206	   1.5258	        1.5052	     1.3286	2.240e-01	8.804e-02	   1.027	    26.635
  27	27	 6.6331	 1.3323	   1.5233	        1.5052	          0.0181	   1.5233	        1.5052	     1.3174	3.579e-01	8.385e-02	   0.998	    27.633
  28	28	 6.7479	 1.3110	   1.5217	        1.5052	          0.0165	   1.5217	        1.5052	     1.3090	4.685e-01	8.065e-02	   1.002	    28.635
  29	29	 6.8451	 1.2950	   1.5206	        1.5052	          0.0154	   1.5206	        1.5052	     1.3023	5.623e-01	7.808e-02	   0.999	    29.635
  30	30	 6.9295	 1.2825	   1.5197	        1.5052	          0.0146	   1.5197	        1.5052	     1.2968	6.437e-01	7.595e-02	   1.003	    30.638
  31	31	 7.0041	 1.2722	   1.5191	        1.5052	          0.0139	   1.5191	        1.5052	     1.2922	7.159e-01	7.413e-02	   1.027	    31.666
  32	32	 7.0710	 1.2636	   1.5185	        1.5052	          0.0133	   1.5185	        1.5052	     1.2882	7.807e-01	7.255e-02	   1.047	    32.713
  33	33	 7.1316	 1.2562	   1.5181	        1.5052	          0.0129	   1.5181	        1.5052	     1.2846	8.397e-01	7.117e-02	   0.996	    33.709
  34	34	 7.1871	 1.2498	   1.5177	        1.5052	          0.0125	   1.5177	        1.5052	     1.2815	8.940e-01	6.993e-02	   1.002	    34.711
  35	35	 7.2382	 1.2442	   1.5174	        1.5052	          0.0122	   1.5174	        1.5052	     1.2787	9.442e-01	6.882e-02	   1.015	    35.727
  36	36	 7.2856	 1.2392	   1.5171	        1.5052	          0.0119	   1.5171	        1.5052	     1.2761	9.911e-01	6.781e-02	   1.035	    36.762
  37	37	 7.3299	 1.2347	   1.5169	        1.5052	          0.0117	   1.5169	        1.5052	     1.2738	1.035e+00	6.688e-02	   1.052	    37.818
  38	38	 7.3713	 1.2306	   1.5166	        1.5052	          0.0115	   1.5166	        1.5052	     1.2717	1.077e+00	6.603e-02	   1.067	    38.885
  39	39	 7.4103	 1.2269	   1.5165	        1.5052	          0.0113	   1.5165	        1.5052	     1.2697	1.116e+00	6.525e-02	   1.090	    39.976
  40	40	 7.4471	 1.2235	   1.5163	        1.5052	          0.0111	   1.5163	        1.5052	     1.2679	1.153e+00	6.452e-02	   1.029	    41.005
  41	41	 7.4819	 1.2203	   1.5161	        1.5052	          0.0109	   1.5161	        1.5052	     1.2663	1.189e+00	6.384e-02	   1.055	    42.060
  42	42	 7.5150	 1.2174	   1.5160	        1.5052	          0.0108	   1.5160	        1.5052	     1.2647	1.222e+00	6.321e-02	   1.087	    43.148
  43	43	 7.5464	 1.2148	   1.5159	        1.5052	          0.0107	   1.5159	        1.5052	     1.2632	1.255e+00	6.261e-02	   1.015	    44.164
  44	44	 7.5764	 1.2122	   1.5158	        1.5052	          0.0106	   1.5158	        1.5052	     1.2618	1.286e+00	6.206e-02	   1.001	    45.165
  45	45	 7.6051	 1.2099	   1.5156	        1.5052	          0.0105	   1.5156	        1.5052	     1.2605	1.316e+00	6.153e-02	   0.996	    46.161
  46	46	 7.6326	 1.2077	   1.5155	        1.5052	          0.0104	   1.5155	        1.5052	     1.2593	1.345e+00	6.103e-02	   1.030	    47.191
  47	47	 7.6589	 1.2056	   1.5155	        1.5052	          0.0103	   1.5155	        1.5052	     1.2581	1.373e+00	6.055e-02	   1.002	    48.194
  48	48	 7.6842	 1.2037	   1.5154	        1.5052	          0.0102	   1.5154	        1.5052	     1.2570	1.400e+00	6.011e-02	   0.999	    49.194
  49	49	 7.7086	 1.2019	   1.5153	        1.5052	          0.0101	   1.5153	        1.5052	     1.2560	1.427e+00	5.968e-02	   0.999	    50.193
  50	50	 7.7320	 1.2001	   1.5152	        1.5052	          0.0100	   1.5152	        1.5052	     1.2550	1.452e+00	5.927e-02	   1.001	    51.194
  51	51	 7.7547	 1.1985	   1.5152	        1.5052	          0.0100	   1.5152	        1.5052	     1.2540	1.477e+00	5.888e-02	   1.029	    52.223
  52	52	 7.7765	 1.1969	   1.5151	        1.5052	          0.0099	   1.5151	        1.5052	     1.2531	1.501e+00	5.851e-02	   1.046	    53.269
  53	53	 7.7976	 1.1954	   1.5150	        1.5052	          0.0099	   1.5150	        1.5052	     1.2523	1.524e+00	5.815e-02	   1.000	    54.270
  54	54	 7.8180	 1.1940	   1.5150	        1.5052	          0.0098	   1.5150	        1.5052	     1.2514	1.547e+00	5.781e-02	   0.997	    55.268
  55	55	 7.8378	 1.1926	   1.5149	        1.5052	          0.0097	   1.5149	        1.5052	     1.2506	1.569e+00	5.749e-02	   1.010	    56.278
  56	56	 7.8570	 1.1913	   1.5149	        1.5052	          0.0097	   1.5149	        1.5052	     1.2499	1.590e+00	5.717e-02	   1.039	    57.317
  57	57	 7.8756	 1.1901	   1.5148	        1.5052	          0.0097	   1.5148	        1.5052	     1.2492	1.612e+00	5.687e-02	   1.057	    58.374
  58	58	 7.8937	 1.1889	   1.5148	        1.5052	          0.0096	   1.5148	        1.5052	     1.2485	1.632e+00	5.658e-02	   0.997	    59.371
  59	59	 7.9112	 1.1877	   1.5148	        1.5052	          0.0096	   1.5148	        1.5052	     1.2478	1.652e+00	5.630e-02	   0.998	    60.370
  60	60	 7.9283	 1.1866	   1.5147	        1.5052	          0.0095	   1.5147	        1.5052	     1.2471	1.672e+00	5.603e-02	   1.008	    61.379
  61	61	 7.9449	 1.1856	   1.5147	        1.5052	          0.0095	   1.5147	        1.5052	     1.2465	1.691e+00	5.577e-02	   1.058	    62.438
  62	62	 7.9611	 1.1846	   1.5146	        1.5052	          0.0095	   1.5146	        1.5052	     1.2459	1.710e+00	5.552e-02	   1.088	    63.526
  63	63	 7.9769	 1.1836	   1.5146	        1.5052	          0.0094	   1.5146	        1.5052	     1.2453	1.729e+00	5.527e-02	   1.018	    64.545
  64	64	 7.9922	 1.1826	   1.5146	        1.5052	          0.0094	   1.5146	        1.5052	     1.2447	1.747e+00	5.504e-02	   0.998	    65.543
  65	65	 8.0072	 1.1817	   1.5146	        1.5052	          0.0094	   1.5146	        1.5052	     1.2442	1.765e+00	5.481e-02	   1.006	    66.550
  66	66	 8.0219	 1.1809	   1.5145	        1.5052	          0.0093	   1.5145	        1.5052	     1.2437	1.782e+00	5.459e-02	   1.028	    67.578
  67	67	 8.0361	 1.1800	   1.5145	        1.5052	          0.0093	   1.5145	        1.5052	     1.2431	1.799e+00	5.437e-02	   1.000	    68.579
  68	68	 8.0501	 1.1792	   1.5145	        1.5052	          0.0093	   1.5145	        1.5052	     1.2426	1.816e+00	5.416e-02	   0.994	    69.573
  69	69	 8.0637	 1.1784	   1.5144	        1.5052	          0.0093	   1.5144	        1.5052	     1.2422	1.833e+00	5.396e-02	   1.003	    70.577
  70	70	 8.0771	 1.1776	   1.5144	        1.5052	          0.0092	   1.5144	        1.5052	     1.2417	1.849e+00	5.377e-02	   1.004	    71.581
  71	71	 8.0901	 1.1769	   1.5144	        1.5052	          0.0092	   1.5144	        1.5052	     1.2412	1.865e+00	5.358e-02	   1.028	    72.609
  72	72	 8.1029	 1.1761	   1.5144	        1.5052	          0.0092	   1.5144	        1.5052	     1.2408	1.881e+00	5.339e-02	   1.039	    73.648
  73	73	 8.1154	 1.1754	   1.5144	        1.5052	          0.0092	   1.5144	        1.5052	     1.2404	1.897e+00	5.321e-02	   1.003	    74.652
  74	74	 8.1276	 1.1748	   1.5143	        1.5052	          0.0092	   1.5143	        1.5052	     1.2399	1.912e+00	5.304e-02	   1.002	    75.654
  75	75	 8.1396	 1.1741	   1.5143	        1.5052	          0.0091	   1.5143	        1.5052	     1.2395	1.927e+00	5.287e-02	   1.020	    76.674
  76	76	 8.1513	 1.1735	   1.5143	        1.5052	          0.0091	   1.5143	        1.5052	     1.2391	1.942e+00	5.270e-02	   1.172	    77.847
  77	77	 8.1628	 1.1728	   1.5143	        1.5052	          0.0091	   1.5143	        1.5052	     1.2387	1.956e+00	5.254e-02	   1.185	    79.032
  78	78	 8.1741	 1.1722	   1.5143	        1.5052	          0.0091	   1.5143	        1.5052	     1.2384	1.971e+00	5.238e-02	   1.081	    80.113
  79	79	 8.1852	 1.1716	   1.5143	        1.5052	          0.0091	   1.5143	        1.5052	     1.2380	1.985e+00	5.222e-02	   1.021	    81.135
  80	80	 8.1961	 1.1711	   1.5142	        1.5052	          0.0091	   1.5142	        1.5052	     1.2376	1.999e+00	5.207e-02	   1.005	    82.140
  81	81	 8.2068	 1.1705	   1.5142	        1.5052	          0.0090	   1.5142	        1.5052	     1.2373	2.013e+00	5.193e-02	   1.054	    83.195
  82	82	 8.2173	 1.1700	   1.5142	        1.5052	          0.0090	   1.5142	        1.5052	     1.2369	2.026e+00	5.178e-02	   1.076	    84.275
  83	83	 8.2275	 1.1694	   1.5142	        1.5052	          0.0090	   1.5142	        1.5052	     1.2366	2.040e+00	5.164e-02	   1.033	    85.309
  84	84	 8.2377	 1.1689	   1.5142	        1.5052	          0.0090	   1.5142	        1.5052	     1.2363	2.053e+00	5.151e-02	   1.000	    86.309
  85	85	 8.2476	 1.1684	   1.5142	        1.5052	          0.0090	   1.5142	        1.5052	     1.2360	2.066e+00	5.137e-02	   1.002	    87.312
  86	86	 8.2574	 1.1679	   1.5142	        1.5052	          0.0090	   1.5142	        1.5052	     1.2357	2.079e+00	5.124e-02	   1.025	    88.337
  87	87	 8.2670	 1.1674	   1.5141	        1.5052	          0.0090	   1.5141	        1.5052	     1.2353	2.092e+00	5.112e-02	   1.001	    89.339
  88	88	 8.2764	 1.1669	   1.5141	        1.5052	          0.0090	   1.5141	        1.5052	     1.2351	2.105e+00	5.099e-02	   1.002	    90.341
  89	89	 8.2857	 1.1665	   1.5141	        1.5052	          0.0089	   1.5141	        1.5052	     1.2348	2.117e+00	5.087e-02	   1.002	    91.343
  90	90	 8.2948	 1.1660	   1.5141	        1.5052	          0.0089	   1.5141	        1.5052	     1.2345	2.129e+00	5.075e-02	   1.001	    92.345
  91	91	 8.3038	 1.1656	   1.5141	        1.5052	          0.0089	   1.5141	        1.5052	     1.2342	2.142e+00	5.063e-02	   1.018	    93.364
  92	92	 8.3127	 1.1652	   1.5141	        1.5052	          0.0089	   1.5141	        1.5052	     1.2339	2.154e+00	5.052e-02	   1.039	    94.404
  93	93	 8.3214	 1.1647	   1.5141	        1.5052	          0.0089	   1.5141	        1.5052	     1.2337	2.166e+00	5.040e-02	   1.013	    95.417
  94	94	 8.3300	 1.1643	   1.5141	        1.5052	          0.0089	   1.5141	        1.5052	     1.2334	2.177e+00	5.029e-02	   1.001	    96.418
  95	95	 8.3385	 1.1639	   1.5141	        1.5052	          0.0089	   1.5141	        1.5052	     1.2331	2.189e+00	5.019e-02	   1.002	    97.421
  96	96	 8.3468	 1.1635	   1.5141	        1.5052	          0.0089	   1.5141	        1.5052	     1.2329	2.200e+00	5.008e-02	   1.076	    98.498
  97	97	 8.3550	 1.1632	   1.5141	        1.5052	          0.0089	   1.5141	        1.5052	     1.2326	2.212e+00	4.998e-02	   1.024	    99.522
  98	98	 8.3631	 1.1628	   1.5140	        1.5052	          0.0089	   1.5140	        1.5052	     1.2324	2.223e+00	4.988e-02	   0.998	   100.519
  99	99	 8.3710	 1.1624	   1.5140	        1.5052	          0.0088	   1.5140	        1.5052	     1.2321	2.234e+00	4.978e-02	   1.001	   101.521
 100	100	 8.3789	 1.1620	   1.5140	        1.5052	          0.0088	   1.5140	        1.5052	     1.2319	2.245e+00	4.968e-02	   0.997	   102.519
 101	101	 8.3866	 1.1617	   1.5140	        1.5052	          0.0088	   1.5140	        1.5052	     1.2317	2.256e+00	4.958e-02	   1.046	   103.566
 102	102	 8.3943	 1.1613	   1.5140	        1.5052	          0.0088	   1.5140	        1.5052	     1.2315	2.267e+00	4.949e-02	   1.084	   104.650
 103	103	 8.4018	 1.1610	   1.5140	        1.5052	          0.0088	   1.5140	        1.5052	     1.2312	2.278e+00	4.939e-02	   1.044	   105.694
 104	104	 8.4092	 1.1607	   1.5140	        1.5052	          0.0088	   1.5140	        1.5052	     1.2310	2.289e+00	4.930e-02	   0.998	   106.693
 105	105	 8.4166	 1.1603	   1.5140	        1.5052	          0.0088	   1.5140	        1.5052	     1.2308	2.299e+00	4.921e-02	   1.001	   107.694
 106	106	 8.4238	 1.1600	   1.5140	        1.5052	          0.0088	   1.5140	        1.5052	     1.2306	2.310e+00	4.913e-02	   1.020	   108.715
 107	107	 8.4310	 1.1597	   1.5140	        1.5052	          0.0088	   1.5140	        1.5052	     1.2304	2.320e+00	4.904e-02	   1.010	   109.726
 108	108	 8.4380	 1.1594	   1.5140	        1.5052	          0.0088	   1.5140	        1.5052	     1.2302	2.330e+00	4.895e-02	   0.998	   110.724
 109	109	 8.4450	 1.1591	   1.5140	        1.5052	          0.0088	   1.5140	        1.5052	     1.2300	2.340e+00	4.887e-02	   1.000	   111.724
 110	110	 8.4518	 1.1588	   1.5140	        1.5052	          0.0088	   1.5140	        1.5052	     1.2298	2.350e+00	4.879e-02	   1.001	   112.725
 111	111	 8.4586	 1.1585	   1.5140	        1.5052	          0.0088	   1.5140	        1.5052	     1.2296	2.360e+00	4.871e-02	   1.023	   113.749
 112	112	 8.4653	 1.1582	   1.5140	        1.5052	          0.0088	   1.5140	        1.5052	     1.2294	2.370e+00	4.863e-02	   1.033	   114.781
 113	113	 8.4719	 1.1579	   1.5139	        1.5052	          0.0088	   1.5139	        1.5052	     1.2292	2.380e+00	4.855e-02	   1.019	   115.801
 114	114	 8.4785	 1.1576	   1.5139	        1.5052	          0.0088	   1.5139	        1.5052	     1.2290	2.390e+00	4.847e-02	   0.992	   116.797
 115	115	 8.4849	 1.1573	   1.5139	        1.5052	          0.0088	   1.5139	        1.5052	     1.2289	2.399e+00	4.840e-02	   1.081	   117.878
 116	116	 8.4913	 1.1571	   1.5139	        1.5052	          0.0088	   1.5139	        1.5052	     1.2287	2.409e+00	4.832e-02	   1.147	   119.026
 117	117	 8.4976	 1.1568	   1.5139	        1.5052	          0.0087	   1.5139	        1.5052	     1.2285	2.419e+00	4.825e-02	   1.053	   120.079
 118	118	 8.5038	 1.1565	   1.5139	        1.5052	          0.0087	   1.5139	        1.5052	     1.2283	2.428e+00	4.818e-02	   0.998	   121.077
 119	119	 8.5100	 1.1563	   1.5139	        1.5052	          0.0087	   1.5139	        1.5052	     1.2282	2.437e+00	4.811e-02	   0.998	   122.075
 120	120	 8.5161	 1.1560	   1.5139	        1.5052	          0.0087	   1.5139	        1.5052	     1.2280	2.446e+00	4.804e-02	   1.005	   123.081
 121	121	 8.5221	 1.1558	   1.5139	        1.5052	          0.0087	   1.5139	        1.5052	     1.2278	2.456e+00	4.797e-02	   1.032	   124.113
 122	122	 8.5280	 1.1555	   1.5139	        1.5052	          0.0087	   1.5139	        1.5052	     1.2277	2.465e+00	4.790e-02	   1.090	   125.203
 123	123	 8.5339	 1.1553	   1.5139	        1.5052	          0.0087	   1.5139	        1.5052	     1.2275	2.474e+00	4.783e-02	   1.042	   126.246
 124	124	 8.5397	 1.1551	   1.5139	        1.5052	          0.0087	   1.5139	        1.5052	     1.2273	2.483e+00	4.777e-02	   1.003	   127.250
 125	125	 8.5455	 1.1548	   1.5139	        1.5052	          0.0087	   1.5139	        1.5052	     1.2272	2.492e+00	4.770e-02	   1.003	   128.254
 126	126	 8.5512	 1.1546	   1.5139	        1.5052	          0.0087	   1.5139	        1.5052	     1.2270	2.501e+00	4.764e-02	   1.012	   129.267
 127	127	 8.5568	 1.1544	   1.5139	        1.5052	          0.0087	   1.5139	        1.5052	     1.2269	2.509e+00	4.758e-02	   1.016	   130.284
 128	128	 8.5624	 1.1542	   1.5139	        1.5052	          0.0087	   1.5139	        1.5052	     1.2267	2.518e+00	4.751e-02	   0.999	   131.283
 129	129	 8.5679	 1.1539	   1.5139	        1.5052	          0.0087	   1.5139	        1.5052	     1.2266	2.527e+00	4.745e-02	   0.999	   132.282
 130	130	 8.5734	 1.1537	   1.5139	        1.5052	          0.0087	   1.5139	        1.5052	     1.2264	2.535e+00	4.739e-02	   1.004	   133.286
 131	131	 8.5787	 1.1535	   1.5139	        1.5052	          0.0087	   1.5139	        1.5052	     1.2263	2.544e+00	4.733e-02	   1.008	   134.295
 132	132	 8.5841	 1.1533	   1.5139	        1.5052	          0.0087	   1.5139	        1.5052	     1.2262	2.552e+00	4.727e-02	   1.039	   135.334
 133	133	 8.5894	 1.1531	   1.5139	        1.5052	          0.0087	   1.5139	        1.5052	     1.2260	2.561e+00	4.722e-02	   1.023	   136.358
 134	134	 8.5946	 1.1529	   1.5139	        1.5052	          0.0087	   1.5139	        1.5052	     1.2259	2.569e+00	4.716e-02	   1.003	   137.361
 135	135	 8.5998	 1.1527	   1.5139	        1.5052	          0.0087	   1.5139	        1.5052	     1.2257	2.577e+00	4.710e-02	   1.043	   138.404
 136	136	 8.6049	 1.1525	   1.5139	        1.5052	          0.0087	   1.5139	        1.5052	     1.2256	2.585e+00	4.705e-02	   1.027	   139.431
 137	137	 8.6100	 1.1523	   1.5139	        1.5052	          0.0087	   1.5139	        1.5052	     1.2255	2.594e+00	4.699e-02	   1.028	   140.459
 138	138	 8.6150	 1.1521	   1.5139	        1.5052	          0.0087	   1.5139	        1.5052	     1.2253	2.602e+00	4.694e-02	   1.002	   141.461
 139	139	 8.6200	 1.1519	   1.5139	        1.5052	          0.0087	   1.5139	        1.5052	     1.2252	2.610e+00	4.689e-02	   1.000	   142.462
 140	140	 8.6249	 1.1517	   1.5139	        1.5052	          0.0087	   1.5139	        1.5052	     1.2251	2.618e+00	4.683e-02	   1.004	   143.466
 141	141	 8.6298	 1.1515	   1.5139	        1.5052	          0.0087	   1.5139	        1.5052	     1.2250	2.626e+00	4.678e-02	   1.026	   144.492
 142	142	 8.6347	 1.1513	   1.5139	        1.5052	          0.0087	   1.5139	        1.5052	     1.2248	2.634e+00	4.673e-02	   1.082	   145.575
 143	143	 8.6395	 1.1512	   1.5139	        1.5052	          0.0087	   1.5139	        1.5052	     1.2247	2.641e+00	4.668e-02	   1.053	   146.629
 144	144	 8.6442	 1.1510	   1.5139	        1.5052	          0.0087	   1.5139	        1.5052	     1.2246	2.649e+00	4.663e-02	   1.007	   147.636
 145	145	 8.6489	 1.1508	   1.5139	        1.5052	          0.0087	   1.5139	        1.5052	     1.2245	2.657e+00	4.658e-02	   1.004	   148.641
 146	146	 8.6536	 1.1506	   1.5138	        1.5052	          0.0087	   1.5138	        1.5052	     1.2244	2.665e+00	4.653e-02	   0.999	   149.640
 147	147	 8.6582	 1.1505	   1.5138	        1.5052	          0.0087	   1.5138	        1.5052	     1.2242	2.672e+00	4.648e-02	   1.027	   150.667
 148	148	 8.6628	 1.1503	   1.5138	        1.5052	          0.0087	   1.5138	        1.5052	     1.2241	2.680e+00	4.643e-02	   1.002	   151.670
 149	149	 8.6673	 1.1501	   1.5138	        1.5052	          0.0087	   1.5138	        1.5052	     1.2240	2.688e+00	4.639e-02	   1.002	   152.672
 150	150	 8.6718	 1.1500	   1.5138	        1.5052	          0.0087	   1.5138	        1.5052	     1.2239	2.695e+00	4.634e-02	   0.999	   153.671
 151	151	 8.6763	 1.1498	   1.5138	        1.5052	          0.0087	   1.5138	        1.5052	     1.2238	2.703e+00	4.629e-02	   1.017	   154.688
 152	152	 8.6807	 1.1496	   1.5138	        1.5052	          0.0087	   1.5138	        1.5052	     1.2237	2.710e+00	4.625e-02	   1.096	   155.785
 153	153	 8.6850	 1.1495	   1.5138	        1.5052	          0.0087	   1.5138	        1.5052	     1.2236	2.717e+00	4.620e-02	   1.125	   156.910
 154	154	 8.6894	 1.1493	   1.5138	        1.5052	          0.0087	   1.5138	        1.5052	     1.2235	2.725e+00	4.616e-02	   1.178	   158.089
 155	155	 8.6937	 1.1492	   1.5138	        1.5052	          0.0086	   1.5138	        1.5052	     1.2233	2.732e+00	4.612e-02	   1.091	   159.180
 156	156	 8.6980	 1.1490	   1.5138	        1.5052	          0.0086	   1.5138	        1.5052	     1.2232	2.739e+00	4.607e-02	   1.036	   160.216
 157	157	 8.7022	 1.1489	   1.5138	        1.5052	          0.0086	   1.5138	        1.5052	     1.2231	2.746e+00	4.603e-02	   1.040	   161.256
 158	158	 8.7064	 1.1487	   1.5138	        1.5052	          0.0086	   1.5138	        1.5052	     1.2230	2.754e+00	4.599e-02	   1.001	   162.258
 159	159	 8.7105	 1.1486	   1.5138	        1.5052	          0.0086	   1.5138	        1.5052	     1.2229	2.761e+00	4.594e-02	   0.998	   163.256
 160	160	 8.7147	 1.1484	   1.5138	        1.5052	          0.0086	   1.5138	        1.5052	     1.2228	2.768e+00	4.590e-02	   0.995	   164.255
 161	161	 8.7188	 1.1483	   1.5138	        1.5052	          0.0086	   1.5138	        1.5052	     1.2227	2.775e+00	4.586e-02	   1.022	   165.281
 162	162	 8.7228	 1.1481	   1.5138	        1.5052	          0.0086	   1.5138	        1.5052	     1.2226	2.782e+00	4.582e-02	   1.074	   166.355
 163	163	 8.7268	 1.1480	   1.5138	        1.5052	          0.0086	   1.5138	        1.5052	     1.2225	2.789e+00	4.578e-02	   1.060	   167.415
 164	164	 8.7308	 1.1479	   1.5138	        1.5052	          0.0086	   1.5138	        1.5052	     1.2224	2.796e+00	4.574e-02	   1.014	   168.430
 165	165	 8.7348	 1.1477	   1.5138	        1.5052	          0.0086	   1.5138	        1.5052	     1.2223	2.803e+00	4.570e-02	   1.001	   169.431
 166	166	 8.7387	 1.1476	   1.5138	        1.5052	          0.0086	   1.5138	        1.5052	     1.2222	2.810e+00	4.566e-02	   1.006	   170.437
 167	167	 8.7426	 1.1475	   1.5138	        1.5052	          0.0086	   1.5138	        1.5052	     1.2221	2.816e+00	4.563e-02	   1.024	   171.462
 168	168	 8.7465	 1.1473	   1.5138	        1.5052	          0.0086	   1.5138	        1.5052	     1.2221	2.823e+00	4.559e-02	   1.000	   172.462
 169	169	 8.7503	 1.1472	   1.5138	        1.5052	          0.0086	   1.5138	        1.5052	     1.2220	2.830e+00	4.555e-02	   0.997	   173.460
 170	170	 8.7541	 1.1471	   1.5138	        1.5052	          0.0086	   1.5138	        1.5052	     1.2219	2.837e+00	4.551e-02	   1.003	   174.463
 171	171	 8.7579	 1.1469	   1.5138	        1.5052	          0.0086	   1.5138	        1.5052	     1.2218	2.843e+00	4.548e-02	   1.005	   175.468
 172	172	 8.7616	 1.1468	   1.5138	        1.5052	          0.0086	   1.5138	        1.5052	     1.2217	2.850e+00	4.544e-02	   1.030	   176.499
 173	173	 8.7654	 1.1467	   1.5138	        1.5052	          0.0086	   1.5138	        1.5052	     1.2216	2.857e+00	4.540e-02	   1.039	   177.538
 174	174	 8.7690	 1.1466	   1.5138	        1.5052	          0.0086	   1.5138	        1.5052	     1.2215	2.863e+00	4.537e-02	   1.035	   178.573
 175	175	 8.7727	 1.1464	   1.5138	        1.5052	          0.0086	   1.5138	        1.5052	     1.2214	2.870e+00	4.533e-02	   1.004	   179.578
 176	176	 8.7763	 1.1463	   1.5138	        1.5052	          0.0086	   1.5138	        1.5052	     1.2213	2.876e+00	4.530e-02	   1.019	   180.598
 177	177	 8.7800	 1.1462	   1.5138	        1.5052	          0.0086	   1.5138	        1.5052	     1.2213	2.883e+00	4.526e-02	   1.032	   181.630
 178	178	 8.7835	 1.1461	   1.5138	        1.5052	          0.0086	   1.5138	        1.5052	     1.2212	2.889e+00	4.523e-02	   1.011	   182.642
 179	179	 8.7871	 1.1459	   1.5138	        1.5052	          0.0086	   1.5138	        1.5052	     1.2211	2.896e+00	4.519e-02	   0.995	   183.637
 180	180	 8.7906	 1.1458	   1.5138	        1.5052	          0.0086	   1.5138	        1.5052	     1.2210	2.902e+00	4.516e-02	   1.006	   184.643
 181	181	 8.7941	 1.1457	   1.5138	        1.5052	          0.0086	   1.5138	        1.5052	     1.2209	2.908e+00	4.513e-02	   1.018	   185.662
 182	182	 8.7976	 1.1456	   1.5138	        1.5052	          0.0086	   1.5138	        1.5052	     1.2208	2.915e+00	4.509e-02	   1.054	   186.717
 183	183	 8.8011	 1.1455	   1.5138	        1.5052	          0.0086	   1.5138	        1.5052	     1.2208	2.921e+00	4.506e-02	   1.077	   187.794
 184	184	 8.8045	 1.1454	   1.5138	        1.5052	          0.0086	   1.5138	        1.5052	     1.2207	2.927e+00	4.503e-02	   1.018	   188.813
 185	185	 8.8079	 1.1453	   1.5138	        1.5052	          0.0086	   1.5138	        1.5052	     1.2206	2.933e+00	4.500e-02	   1.003	   189.817
 186	186	 8.8113	 1.1452	   1.5138	        1.5052	          0.0086	   1.5138	        1.5052	     1.2205	2.940e+00	4.497e-02	   1.005	   190.822
 187	187	 8.8146	 1.1450	   1.5138	        1.5052	          0.0086	   1.5138	        1.5052	     1.2204	2.946e+00	4.493e-02	   1.023	   191.845
 188	188	 8.8180	 1.1449	   1.5138	        1.5052	          0.0086	   1.5138	        1.5052	     1.2204	2.952e+00	4.490e-02	   0.996	   192.842
 189	189	 8.8213	 1.1448	   1.5138	        1.5052	          0.0086	   1.5138	        1.5052	     1.2203	2.958e+00	4.487e-02	   1.002	   193.845
 190	190	 8.8246	 1.1447	   1.5138	        1.5052	          0.0086	   1.5138	        1.5052	     1.2202	2.964e+00	4.484e-02	   1.004	   194.850
 191	191	 8.8278	 1.1446	   1.5138	        1.5052	          0.0086	   1.5138	        1.5052	     1.2201	2.970e+00	4.481e-02	   1.004	   195.854
 192	192	 8.8311	 1.1445	   1.5138	        1.5052	          0.0086	   1.5138	        1.5052	     1.2201	2.976e+00	4.478e-02	   1.073	   196.927
 193	193	 8.8343	 1.1444	   1.5138	        1.5052	          0.0086	   1.5138	        1.5052	     1.2200	2.982e+00	4.475e-02	   1.175	   198.103
 194	194	 8.8375	 1.1443	   1.5138	        1.5052	          0.0086	   1.5138	        1.5052	     1.2199	2.988e+00	4.472e-02	   1.030	   199.133
 195	195	 8.8407	 1.1442	   1.5138	        1.5052	          0.0086	   1.5138	        1.5052	     1.2198	2.994e+00	4.469e-02	   1.005	   200.138
 196	196	 8.8439	 1.1441	   1.5138	        1.5052	          0.0086	   1.5138	        1.5052	     1.2198	3.000e+00	4.466e-02	   1.009	   201.147
 197	197	 8.8470	 1.1440	   1.5138	        1.5052	          0.0086	   1.5138	        1.5052	     1.2197	3.006e+00	4.464e-02	   1.034	   202.182
 198	198	 8.8501	 1.1439	   1.5138	        1.5052	          0.0086	   1.5138	        1.5052	     1.2196	3.012e+00	4.461e-02	   1.006	   203.188
 199	199	 8.8532	 1.1438	   1.5138	        1.5052	          0.0086	   1.5138	        1.5052	     1.2196	3.018e+00	4.458e-02	   0.993	   204.182
 200	200	 8.8563	 1.1437	   1.5138	        1.5052	          0.0086	   1.5138	        1.5052	     1.2195	3.024e+00	4.455e-02	   0.915	   205.098

[SCGD] Finished on device cuda -> σ_f² ≈ 8.8563, σ_ε² ≈ 1.1437
