[GPU 7][JOB 96] 'python cli.py bsgd --n 1024 --lengthscale 0.5 --sigma-f2-true 4.0 --sigma-eps2-true 1.0 --n-epochs 200 --device auto --kernel-mode finite --theta-min 1e-4 --theta-max 20.0 --print-every 1 --seed 5 --batch-size 256 --sigma-f2-init 5.0 --sigma-eps2-init 3.0 --alpha1 9.0 '

=== BSGD (biased SGD on exact kernel) ===
iter	epoch	σ_f²	σ_ε²	real_nlml	real_nlml_true	real_nlml_abs_err	mini_nlml	||grad||	duration_s	wall_time_s
   1	 1	 5.0002	 2.1858	   1.6061	        1.4829	          0.1233	   1.7643	1.230e-01	   0.193	     0.234
   2	 1	 5.0506	 1.6515	   1.5399	        1.4829	          0.0571	   1.6471	1.211e-01	   0.017	     0.485
   3	 1	 5.1238	 1.3216	   1.5029	        1.4829	          0.0200	   1.6315	9.816e-02	   0.019	     0.784
   4	 1	 5.1903	 1.1106	   1.4859	        1.4829	          0.0031	   1.6209	5.667e-02	   0.025	     1.186
   5	 2	 5.2506	 1.0836	   1.4845	        1.4829	          0.0016	   1.6729	4.846e-02	   0.021	     1.705
   6	 2	 5.2798	 0.9954	   1.4816	        1.4829	          0.0012	   1.5988	1.460e-02	   0.030	     2.286
   7	 2	 5.2840	 0.9647	   1.4814	        1.4829	          0.0015	   1.5976	4.128e-04	   0.037	     2.910
   8	 2	 5.2828	 0.9165	   1.4821	        1.4829	          0.0008	   1.5695	2.797e-02	   0.035	     3.553
   9	 3	 5.2923	 0.9144	   1.4821	        1.4829	          0.0007	   1.5831	2.935e-02	   0.029	     4.189
  10	 3	 5.3190	 0.9595	   1.4814	        1.4829	          0.0015	   1.6402	3.077e-03	   0.033	     4.857
  11	 3	 5.3324	 0.9863	   1.4815	        1.4829	          0.0014	   1.6414	1.038e-02	   0.030	     5.531
  12	 3	 5.3381	 0.9739	   1.4814	        1.4829	          0.0015	   1.6084	4.372e-03	   0.032	     6.229
  13	 4	 5.3356	 0.9936	   1.4816	        1.4829	          0.0013	   1.6454	1.379e-02	   0.032	     6.927
  14	 4	 5.3423	 0.9589	   1.4814	        1.4829	          0.0015	   1.5723	3.375e-03	   0.037	     7.609
  15	 4	 5.3541	 0.9432	   1.4815	        1.4829	          0.0013	   1.5851	1.197e-02	   0.039	     8.314
  16	 4	 5.3666	 0.9671	   1.4814	        1.4829	          0.0015	   1.6433	9.207e-04	   0.032	     9.018
  17	 5	 5.3823	 0.9708	   1.4814	        1.4829	          0.0015	   1.6284	2.807e-03	   0.035	     9.782
  18	 5	 5.3916	 0.9543	   1.4814	        1.4829	          0.0015	   1.5887	5.807e-03	   0.035	    10.499
  19	 5	 5.3805	 0.9449	   1.4815	        1.4829	          0.0014	   1.5817	1.101e-02	   0.037	    11.235
  20	 5	 5.3888	 0.9409	   1.4815	        1.4829	          0.0013	   1.5984	1.326e-02	   0.034	    11.948
  21	 6	 5.3873	 0.9062	   1.4824	        1.4829	          0.0005	   1.5264	3.462e-02	   0.039	    12.661
  22	 6	 5.3938	 0.9596	   1.4814	        1.4829	          0.0015	   1.7023	3.015e-03	   0.037	    13.373
  23	 6	 5.4079	 0.9899	   1.4815	        1.4829	          0.0013	   1.6956	1.209e-02	   0.031	    14.080
  24	 6	 5.4084	 0.9731	   1.4814	        1.4829	          0.0015	   1.5773	3.962e-03	   0.033	    14.806
  25	 7	 5.4128	 0.9929	   1.4816	        1.4829	          0.0013	   1.6825	1.345e-02	   0.031	    15.515
  26	 7	 5.4186	 0.9685	   1.4814	        1.4829	          0.0015	   1.5536	1.625e-03	   0.037	    16.235
  27	 7	 5.4237	 0.9610	   1.4814	        1.4829	          0.0015	   1.5956	2.237e-03	   0.036	    16.969
  28	 7	 5.4299	 0.9781	   1.4814	        1.4829	          0.0015	   1.6651	6.415e-03	   0.035	    17.678
  29	 8	 5.4356	 0.9713	   1.4814	        1.4829	          0.0015	   1.6002	3.063e-03	   0.034	    18.398
  30	 8	 5.4388	 0.9578	   1.4814	        1.4829	          0.0015	   1.5723	3.946e-03	   0.037	    19.112
  31	 8	 5.4412	 0.9749	   1.4814	        1.4829	          0.0015	   1.6783	4.843e-03	   0.042	    19.904
  32	 8	 5.4468	 0.9813	   1.4814	        1.4829	          0.0014	   1.6433	7.992e-03	   0.036	    20.674
  33	 9	 5.4570	 0.9769	   1.4814	        1.4829	          0.0015	   1.6163	5.860e-03	   0.037	    21.433
  34	 9	 5.4560	 0.9770	   1.4814	        1.4829	          0.0015	   1.6179	5.901e-03	   0.032	    22.162
  35	 9	 5.4562	 0.9882	   1.4815	        1.4829	          0.0014	   1.6646	1.130e-02	   0.037	    22.890
  36	 9	 5.4564	 0.9713	   1.4814	        1.4829	          0.0015	   1.5520	3.077e-03	   0.035	    23.611
  37	10	 5.4533	 0.9763	   1.4814	        1.4829	          0.0015	   1.6289	5.557e-03	   0.031	    24.319
  38	10	 5.4600	 0.9710	   1.4814	        1.4829	          0.0015	   1.6094	2.894e-03	   0.033	    25.040
  39	10	 5.4637	 0.9727	   1.4814	        1.4829	          0.0015	   1.6239	3.762e-03	   0.029	    25.751
  40	10	 5.4658	 0.9700	   1.4814	        1.4829	          0.0015	   1.6149	2.387e-03	   0.037	    26.499
  41	11	 5.4721	 0.9810	   1.4814	        1.4829	          0.0014	   1.6774	7.853e-03	   0.036	    27.232
  42	11	 5.4728	 0.9714	   1.4814	        1.4829	          0.0015	   1.5801	3.110e-03	   0.038	    27.952
  43	11	 5.4770	 0.9784	   1.4814	        1.4829	          0.0015	   1.6593	6.598e-03	   0.032	    28.674
  44	11	 5.4761	 0.9730	   1.4814	        1.4829	          0.0015	   1.5870	3.893e-03	   0.033	    29.385
  45	12	 5.4720	 0.9761	   1.4814	        1.4829	          0.0015	   1.6243	5.448e-03	   0.037	    30.111
  46	12	 5.4746	 0.9761	   1.4814	        1.4829	          0.0015	   1.6195	5.431e-03	   0.032	    30.859
  47	12	 5.4761	 0.9642	   1.4814	        1.4829	          0.0015	   1.5573	5.650e-04	   0.034	    31.582
  48	12	 5.4801	 0.9737	   1.4814	        1.4829	          0.0015	   1.6715	4.239e-03	   0.033	    32.316
  49	13	 5.4797	 0.9680	   1.4814	        1.4829	          0.0015	   1.5933	1.367e-03	   0.036	    33.026
  50	13	 5.4791	 0.9665	   1.4814	        1.4829	          0.0015	   1.5971	6.034e-04	   0.033	    33.746
  51	13	 5.4796	 0.9695	   1.4814	        1.4829	          0.0015	   1.6352	2.159e-03	   0.031	    34.460
  52	13	 5.4846	 0.9781	   1.4814	        1.4829	          0.0015	   1.6737	6.432e-03	   0.036	    35.183
  53	14	 5.4876	 0.9734	   1.4814	        1.4829	          0.0015	   1.6017	4.134e-03	   0.035	    35.891
  54	14	 5.4890	 0.9840	   1.4815	        1.4829	          0.0014	   1.6795	9.271e-03	   0.037	    36.611
  55	14	 5.4920	 0.9787	   1.4814	        1.4829	          0.0015	   1.6033	6.726e-03	   0.038	    37.382
  56	14	 5.4907	 0.9759	   1.4814	        1.4829	          0.0015	   1.5945	5.360e-03	   0.040	    38.173
  57	15	 5.4933	 0.9719	   1.4814	        1.4829	          0.0015	   1.6033	3.352e-03	   0.034	    38.918
  58	15	 5.4926	 0.9712	   1.4814	        1.4829	          0.0015	   1.6184	3.002e-03	   0.033	    39.649
  59	15	 5.4963	 0.9728	   1.4814	        1.4829	          0.0015	   1.6340	3.823e-03	   0.041	    40.437
  60	15	 5.4991	 0.9815	   1.4814	        1.4829	          0.0014	   1.6700	8.071e-03	   0.037	    41.217
  61	16	 5.5017	 0.9735	   1.4814	        1.4829	          0.0015	   1.5654	4.149e-03	   0.036	    41.973
  62	16	 5.5027	 0.9775	   1.4814	        1.4829	          0.0015	   1.6563	6.134e-03	   0.030	    42.714
  63	16	 5.5001	 0.9798	   1.4814	        1.4829	          0.0014	   1.6313	7.260e-03	   0.037	    43.444
  64	16	 5.5021	 0.9830	   1.4814	        1.4829	          0.0014	   1.6448	8.818e-03	   0.036	    44.164
  65	17	 5.4994	 0.9829	   1.4814	        1.4829	          0.0014	   1.6182	8.742e-03	   0.034	    44.875
  66	17	 5.5039	 0.9841	   1.4815	        1.4829	          0.0014	   1.6387	9.330e-03	   0.033	    45.599
  67	17	 5.5059	 0.9832	   1.4814	        1.4829	          0.0014	   1.6181	8.898e-03	   0.033	    46.310
  68	17	 5.5059	 0.9800	   1.4814	        1.4829	          0.0014	   1.5995	7.358e-03	   0.038	    47.046
  69	18	 5.5059	 0.9762	   1.4814	        1.4829	          0.0015	   1.5909	5.492e-03	   0.032	    47.779
  70	18	 5.5102	 0.9722	   1.4814	        1.4829	          0.0015	   1.6043	3.492e-03	   0.039	    48.511
  71	18	 5.5117	 0.9743	   1.4814	        1.4829	          0.0015	   1.6330	4.548e-03	   0.034	    49.228
  72	18	 5.5098	 0.9770	   1.4814	        1.4829	          0.0015	   1.6317	5.908e-03	   0.031	    49.940
  73	19	 5.5092	 0.9743	   1.4814	        1.4829	          0.0015	   1.5908	4.553e-03	   0.032	    50.660
  74	19	 5.5105	 0.9749	   1.4814	        1.4829	          0.0015	   1.6270	4.874e-03	   0.031	    51.415
  75	19	 5.5129	 0.9779	   1.4814	        1.4829	          0.0015	   1.6483	6.322e-03	   0.037	    52.138
  76	19	 5.5150	 0.9751	   1.4814	        1.4829	          0.0015	   1.6069	4.957e-03	   0.036	    52.872
  77	20	 5.5153	 0.9741	   1.4814	        1.4829	          0.0015	   1.6126	4.467e-03	   0.037	    53.584
  78	20	 5.5164	 0.9700	   1.4814	        1.4829	          0.0015	   1.5879	2.422e-03	   0.035	    54.306
  79	20	 5.5197	 0.9677	   1.4814	        1.4829	          0.0015	   1.6119	1.228e-03	   0.033	    55.017
  80	20	 5.5205	 0.9687	   1.4814	        1.4829	          0.0015	   1.6196	1.728e-03	   0.033	    55.738
  81	21	 5.5196	 0.9693	   1.4814	        1.4829	          0.0015	   1.6276	2.040e-03	   0.031	    56.450
  82	21	 5.5210	 0.9695	   1.4814	        1.4829	          0.0015	   1.6151	2.159e-03	   0.036	    57.172
  83	21	 5.5208	 0.9665	   1.4814	        1.4829	          0.0015	   1.5861	6.265e-04	   0.033	    57.904
  84	21	 5.5222	 0.9767	   1.4814	        1.4829	          0.0015	   1.7077	5.752e-03	   0.036	    58.613
  85	22	 5.5244	 0.9774	   1.4814	        1.4829	          0.0015	   1.6340	6.082e-03	   0.031	    59.335
  86	22	 5.5232	 0.9775	   1.4814	        1.4829	          0.0015	   1.6044	6.121e-03	   0.035	    60.062
  87	22	 5.5247	 0.9800	   1.4814	        1.4829	          0.0014	   1.6542	7.381e-03	   0.039	    60.836
  88	22	 5.5260	 0.9742	   1.4814	        1.4829	          0.0015	   1.5674	4.531e-03	   0.049	    61.610
  89	23	 5.5262	 0.9858	   1.4815	        1.4829	          0.0014	   1.7285	1.013e-02	   0.037	    62.359
  90	23	 5.5268	 0.9758	   1.4814	        1.4829	          0.0015	   1.5248	5.288e-03	   0.035	    63.103
  91	23	 5.5284	 0.9725	   1.4814	        1.4829	          0.0015	   1.5949	3.670e-03	   0.038	    63.830
  92	23	 5.5285	 0.9743	   1.4814	        1.4829	          0.0015	   1.6412	4.573e-03	   0.034	    64.549
  93	24	 5.5304	 0.9741	   1.4814	        1.4829	          0.0015	   1.6295	4.470e-03	   0.031	    65.262
  94	24	 5.5318	 0.9750	   1.4814	        1.4829	          0.0015	   1.6299	4.892e-03	   0.034	    65.986
  95	24	 5.5319	 0.9724	   1.4814	        1.4829	          0.0015	   1.5903	3.603e-03	   0.032	    66.694
  96	24	 5.5312	 0.9739	   1.4814	        1.4829	          0.0015	   1.6257	4.355e-03	   0.035	    67.430
  97	25	 5.5311	 0.9740	   1.4814	        1.4829	          0.0015	   1.6183	4.419e-03	   0.033	    68.170
  98	25	 5.5313	 0.9760	   1.4814	        1.4829	          0.0015	   1.6468	5.396e-03	   0.039	    68.896
  99	25	 5.5340	 0.9783	   1.4814	        1.4829	          0.0015	   1.6530	6.556e-03	   0.036	    69.614
 100	25	 5.5340	 0.9744	   1.4814	        1.4829	          0.0015	   1.5742	4.592e-03	   0.034	    70.326
 101	26	 5.5360	 0.9705	   1.4814	        1.4829	          0.0015	   1.5871	2.649e-03	   0.035	    71.052
 102	26	 5.5368	 0.9722	   1.4814	        1.4829	          0.0015	   1.6376	3.518e-03	   0.036	    71.799
 103	26	 5.5382	 0.9749	   1.4814	        1.4829	          0.0015	   1.6444	4.840e-03	   0.034	    72.524
 104	26	 5.5378	 0.9775	   1.4814	        1.4829	          0.0015	   1.6529	6.164e-03	   0.032	    73.254
 105	27	 5.5382	 0.9760	   1.4814	        1.4829	          0.0015	   1.6065	5.390e-03	   0.037	    73.974
 106	27	 5.5400	 0.9797	   1.4814	        1.4829	          0.0015	   1.6716	7.208e-03	   0.034	    74.691
 107	27	 5.5407	 0.9792	   1.4814	        1.4829	          0.0015	   1.6061	6.974e-03	   0.031	    75.401
 108	27	 5.5403	 0.9778	   1.4814	        1.4829	          0.0015	   1.6074	6.305e-03	   0.035	    76.129
 109	28	 5.5416	 0.9788	   1.4814	        1.4829	          0.0015	   1.6339	6.763e-03	   0.038	    76.950
 110	28	 5.5423	 0.9760	   1.4814	        1.4829	          0.0015	   1.5916	5.405e-03	   0.042	    77.780
 111	28	 5.5416	 0.9813	   1.4814	        1.4829	          0.0014	   1.6735	7.973e-03	   0.040	    78.598
 112	28	 5.5428	 0.9751	   1.4814	        1.4829	          0.0015	   1.5546	4.974e-03	   0.040	    79.348
 113	29	 5.5435	 0.9778	   1.4814	        1.4829	          0.0015	   1.6472	6.281e-03	   0.035	    80.095
 114	29	 5.5441	 0.9764	   1.4814	        1.4829	          0.0015	   1.6045	5.600e-03	   0.034	    80.830
 115	29	 5.5430	 0.9775	   1.4814	        1.4829	          0.0015	   1.6296	6.120e-03	   0.035	    81.588
 116	29	 5.5442	 0.9741	   1.4814	        1.4829	          0.0015	   1.5844	4.465e-03	   0.033	    82.354
 117	30	 5.5443	 0.9757	   1.4814	        1.4829	          0.0015	   1.6366	5.257e-03	   0.036	    83.110
 118	30	 5.5458	 0.9807	   1.4814	        1.4829	          0.0014	   1.6951	7.692e-03	   0.037	    83.856
 119	30	 5.5467	 0.9775	   1.4814	        1.4829	          0.0015	   1.5805	6.152e-03	   0.036	    84.589
 120	30	 5.5458	 0.9726	   1.4814	        1.4829	          0.0015	   1.5528	3.699e-03	   0.034	    85.311
 121	31	 5.5455	 0.9735	   1.4814	        1.4829	          0.0015	   1.6288	4.173e-03	   0.031	    86.022
 122	31	 5.5471	 0.9724	   1.4814	        1.4829	          0.0015	   1.6096	3.614e-03	   0.036	    86.744
 123	31	 5.5469	 0.9706	   1.4814	        1.4829	          0.0015	   1.5937	2.694e-03	   0.034	    87.454
 124	31	 5.5482	 0.9740	   1.4814	        1.4829	          0.0015	   1.6713	4.400e-03	   0.039	    88.188
 125	32	 5.5491	 0.9707	   1.4814	        1.4829	          0.0015	   1.5807	2.784e-03	   0.034	    88.927
 126	32	 5.5502	 0.9710	   1.4814	        1.4829	          0.0015	   1.6271	2.909e-03	   0.034	    89.651
 127	32	 5.5496	 0.9734	   1.4814	        1.4829	          0.0015	   1.6412	4.129e-03	   0.036	    90.377
 128	32	 5.5496	 0.9736	   1.4814	        1.4829	          0.0015	   1.6233	4.228e-03	   0.034	    91.088
 129	33	 5.5511	 0.9709	   1.4814	        1.4829	          0.0015	   1.5796	2.866e-03	   0.032	    91.810
 130	33	 5.5521	 0.9720	   1.4814	        1.4829	          0.0015	   1.6343	3.429e-03	   0.034	    92.549
 131	33	 5.5520	 0.9711	   1.4814	        1.4829	          0.0015	   1.6089	2.952e-03	   0.032	    93.282
 132	33	 5.5523	 0.9734	   1.4814	        1.4829	          0.0015	   1.6587	4.107e-03	   0.037	    94.010
 133	34	 5.5539	 0.9755	   1.4814	        1.4829	          0.0015	   1.6547	5.182e-03	   0.040	    94.732
 134	34	 5.5530	 0.9732	   1.4814	        1.4829	          0.0015	   1.5850	4.036e-03	   0.037	    95.454
 135	34	 5.5533	 0.9734	   1.4814	        1.4829	          0.0015	   1.6168	4.113e-03	   0.032	    96.164
 136	34	 5.5550	 0.9734	   1.4814	        1.4829	          0.0015	   1.6354	4.126e-03	   0.033	    96.885
 137	35	 5.5557	 0.9760	   1.4814	        1.4829	          0.0015	   1.6583	5.415e-03	   0.035	    97.595
 138	35	 5.5559	 0.9739	   1.4814	        1.4829	          0.0015	   1.5934	4.365e-03	   0.033	    98.314
 139	35	 5.5571	 0.9750	   1.4814	        1.4829	          0.0015	   1.6385	4.899e-03	   0.035	    99.050
 140	35	 5.5571	 0.9738	   1.4814	        1.4829	          0.0015	   1.6030	4.315e-03	   0.036	    99.761
 141	36	 5.5597	 0.9776	   1.4814	        1.4829	          0.0015	   1.6880	6.191e-03	   0.036	   100.512
 142	36	 5.5600	 0.9755	   1.4814	        1.4829	          0.0015	   1.5821	5.183e-03	   0.035	   101.234
 143	36	 5.5594	 0.9734	   1.4814	        1.4829	          0.0015	   1.5901	4.137e-03	   0.034	   101.973
 144	36	 5.5597	 0.9747	   1.4814	        1.4829	          0.0015	   1.6411	4.740e-03	   0.036	   102.736
 145	37	 5.5601	 0.9741	   1.4814	        1.4829	          0.0015	   1.6166	4.468e-03	   0.035	   103.490
 146	37	 5.5590	 0.9724	   1.4814	        1.4829	          0.0015	   1.5879	3.619e-03	   0.037	   104.238
 147	37	 5.5599	 0.9719	   1.4814	        1.4829	          0.0015	   1.6081	3.369e-03	   0.039	   104.974
 148	37	 5.5618	 0.9734	   1.4814	        1.4829	          0.0015	   1.6527	4.104e-03	   0.034	   105.693
 149	38	 5.5609	 0.9753	   1.4814	        1.4829	          0.0015	   1.6464	5.081e-03	   0.029	   106.403
 150	38	 5.5605	 0.9764	   1.4814	        1.4829	          0.0015	   1.6357	5.598e-03	   0.033	   107.128
 151	38	 5.5628	 0.9767	   1.4814	        1.4829	          0.0015	   1.6391	5.767e-03	   0.038	   107.843
 152	38	 5.5638	 0.9721	   1.4814	        1.4829	          0.0015	   1.5449	3.481e-03	   0.038	   108.564
 153	39	 5.5637	 0.9738	   1.4814	        1.4829	          0.0015	   1.6514	4.336e-03	   0.034	   109.306
 154	39	 5.5636	 0.9764	   1.4814	        1.4829	          0.0015	   1.6625	5.613e-03	   0.033	   110.035
 155	39	 5.5636	 0.9757	   1.4814	        1.4829	          0.0015	   1.6043	5.268e-03	   0.034	   110.757
 156	39	 5.5642	 0.9730	   1.4814	        1.4829	          0.0015	   1.5693	3.895e-03	   0.034	   111.469
 157	40	 5.5643	 0.9727	   1.4814	        1.4829	          0.0015	   1.6203	3.780e-03	   0.036	   112.194
 158	40	 5.5650	 0.9754	   1.4814	        1.4829	          0.0015	   1.6716	5.124e-03	   0.034	   112.932
 159	40	 5.5648	 0.9735	   1.4814	        1.4829	          0.0015	   1.5784	4.188e-03	   0.036	   113.669
 160	40	 5.5654	 0.9730	   1.4814	        1.4829	          0.0015	   1.6105	3.931e-03	   0.037	   114.387
 161	41	 5.5663	 0.9743	   1.4814	        1.4829	          0.0015	   1.6437	4.580e-03	   0.035	   115.111
 162	41	 5.5667	 0.9737	   1.4814	        1.4829	          0.0015	   1.6150	4.279e-03	   0.032	   115.834
 163	41	 5.5656	 0.9714	   1.4814	        1.4829	          0.0015	   1.5640	3.135e-03	   0.035	   116.566
 164	41	 5.5666	 0.9716	   1.4814	        1.4829	          0.0015	   1.6297	3.215e-03	   0.039	   117.371
 165	42	 5.5672	 0.9712	   1.4814	        1.4829	          0.0015	   1.6154	3.021e-03	   0.033	   118.119
 166	42	 5.5681	 0.9718	   1.4814	        1.4829	          0.0015	   1.6370	3.303e-03	   0.035	   118.841
 167	42	 5.5666	 0.9710	   1.4814	        1.4829	          0.0015	   1.5902	2.906e-03	   0.038	   119.579
 168	42	 5.5674	 0.9697	   1.4814	        1.4829	          0.0015	   1.6003	2.264e-03	   0.037	   120.326
 169	43	 5.5685	 0.9704	   1.4814	        1.4829	          0.0015	   1.6385	2.622e-03	   0.038	   121.073
 170	43	 5.5680	 0.9738	   1.4814	        1.4829	          0.0015	   1.6774	4.293e-03	   0.033	   121.789
 171	43	 5.5688	 0.9740	   1.4814	        1.4829	          0.0015	   1.6343	4.423e-03	   0.036	   122.526
 172	43	 5.5688	 0.9713	   1.4814	        1.4829	          0.0015	   1.5581	3.083e-03	   0.030	   123.287
 173	44	 5.5686	 0.9692	   1.4814	        1.4829	          0.0015	   1.5798	2.019e-03	   0.036	   124.049
 174	44	 5.5688	 0.9696	   1.4814	        1.4829	          0.0015	   1.6230	2.182e-03	   0.036	   124.794
 175	44	 5.5674	 0.9700	   1.4814	        1.4829	          0.0015	   1.6071	2.422e-03	   0.041	   125.529
 176	44	 5.5693	 0.9719	   1.4814	        1.4829	          0.0015	   1.6724	3.360e-03	   0.033	   126.248
 177	45	 5.5686	 0.9742	   1.4814	        1.4829	          0.0015	   1.6638	4.525e-03	   0.029	   126.960
 178	45	 5.5695	 0.9741	   1.4814	        1.4829	          0.0015	   1.6094	4.459e-03	   0.034	   127.685
 179	45	 5.5696	 0.9734	   1.4814	        1.4829	          0.0015	   1.6064	4.101e-03	   0.035	   128.397
 180	45	 5.5701	 0.9718	   1.4814	        1.4829	          0.0015	   1.5934	3.293e-03	   0.037	   129.119
 181	46	 5.5699	 0.9728	   1.4814	        1.4829	          0.0015	   1.6419	3.813e-03	   0.033	   129.865
 182	46	 5.5717	 0.9685	   1.4814	        1.4829	          0.0015	   1.5463	1.659e-03	   0.035	   130.596
 183	46	 5.5726	 0.9647	   1.4814	        1.4829	          0.0015	   1.5413	3.245e-04	   0.035	   131.316
 184	46	 5.5716	 0.9701	   1.4814	        1.4829	          0.0015	   1.7123	2.453e-03	   0.031	   132.026
 185	47	 5.5725	 0.9712	   1.4814	        1.4829	          0.0015	   1.6463	2.996e-03	   0.033	   132.752
 186	47	 5.5720	 0.9706	   1.4814	        1.4829	          0.0015	   1.5982	2.694e-03	   0.034	   133.486
 187	47	 5.5712	 0.9692	   1.4814	        1.4829	          0.0015	   1.5881	1.994e-03	   0.035	   134.224
 188	47	 5.5720	 0.9690	   1.4814	        1.4829	          0.0015	   1.6191	1.904e-03	   0.036	   134.944
 189	48	 5.5712	 0.9679	   1.4814	        1.4829	          0.0015	   1.5838	1.350e-03	   0.037	   135.675
 190	48	 5.5716	 0.9670	   1.4814	        1.4829	          0.0015	   1.6019	8.781e-04	   0.035	   136.395
 191	48	 5.5718	 0.9683	   1.4814	        1.4829	          0.0015	   1.6443	1.531e-03	   0.032	   137.102
 192	48	 5.5726	 0.9706	   1.4814	        1.4829	          0.0015	   1.6697	2.709e-03	   0.036	   137.828
 193	49	 5.5725	 0.9699	   1.4814	        1.4829	          0.0015	   1.6071	2.375e-03	   0.034	   138.541
 194	49	 5.5729	 0.9707	   1.4814	        1.4829	          0.0015	   1.6296	2.755e-03	   0.027	   139.259
 195	49	 5.5734	 0.9680	   1.4814	        1.4829	          0.0015	   1.5612	1.397e-03	   0.035	   139.995
 196	49	 5.5736	 0.9712	   1.4814	        1.4829	          0.0015	   1.6884	3.000e-03	   0.038	   140.746
 197	50	 5.5736	 0.9725	   1.4814	        1.4829	          0.0015	   1.6502	3.649e-03	   0.036	   141.466
 198	50	 5.5735	 0.9691	   1.4814	        1.4829	          0.0015	   1.5446	1.932e-03	   0.033	   142.176
 199	50	 5.5732	 0.9686	   1.4814	        1.4829	          0.0015	   1.5976	1.682e-03	   0.038	   142.909
 200	50	 5.5742	 0.9706	   1.4814	        1.4829	          0.0015	   1.6670	2.731e-03	   0.032	   143.670
 201	51	 5.5748	 0.9704	   1.4814	        1.4829	          0.0015	   1.6187	2.633e-03	   0.036	   144.429
 202	51	 5.5750	 0.9699	   1.4814	        1.4829	          0.0015	   1.6081	2.346e-03	   0.037	   145.178
 203	51	 5.5756	 0.9691	   1.4814	        1.4829	          0.0015	   1.6024	1.942e-03	   0.039	   145.911
 204	51	 5.5763	 0.9696	   1.4814	        1.4829	          0.0015	   1.6299	2.204e-03	   0.034	   146.640
 205	52	 5.5766	 0.9689	   1.4814	        1.4829	          0.0015	   1.6008	1.837e-03	   0.031	   147.350
 206	52	 5.5772	 0.9717	   1.4814	        1.4829	          0.0015	   1.6894	3.261e-03	   0.036	   148.073
 207	52	 5.5770	 0.9739	   1.4814	        1.4829	          0.0015	   1.6625	4.358e-03	   0.031	   148.782
 208	52	 5.5774	 0.9717	   1.4814	        1.4829	          0.0015	   1.5721	3.257e-03	   0.034	   149.505
 209	53	 5.5775	 0.9689	   1.4814	        1.4829	          0.0015	   1.5547	1.867e-03	   0.034	   150.248
 210	53	 5.5776	 0.9710	   1.4814	        1.4829	          0.0015	   1.6642	2.917e-03	   0.038	   150.981
 211	53	 5.5785	 0.9711	   1.4814	        1.4829	          0.0015	   1.6289	2.944e-03	   0.035	   151.704
 212	53	 5.5795	 0.9714	   1.4814	        1.4829	          0.0015	   1.6322	3.117e-03	   0.032	   152.418
 213	54	 5.5796	 0.9712	   1.4814	        1.4829	          0.0015	   1.6153	3.025e-03	   0.035	   153.140
 214	54	 5.5798	 0.9721	   1.4814	        1.4829	          0.0015	   1.6481	3.470e-03	   0.035	   153.867
 215	54	 5.5793	 0.9712	   1.4814	        1.4829	          0.0015	   1.5832	2.989e-03	   0.039	   154.640
 216	54	 5.5803	 0.9714	   1.4814	        1.4829	          0.0015	   1.6312	3.093e-03	   0.041	   155.422
 217	55	 5.5806	 0.9713	   1.4814	        1.4829	          0.0015	   1.6150	3.075e-03	   0.046	   156.281
 218	55	 5.5805	 0.9750	   1.4814	        1.4829	          0.0015	   1.7011	4.915e-03	   0.036	   157.081
 219	55	 5.5807	 0.9751	   1.4814	        1.4829	          0.0015	   1.6277	4.967e-03	   0.035	   157.854
 220	55	 5.5813	 0.9719	   1.4814	        1.4829	          0.0015	   1.5476	3.386e-03	   0.036	   158.590
 221	56	 5.5814	 0.9725	   1.4814	        1.4829	          0.0015	   1.6370	3.664e-03	   0.032	   159.300
 222	56	 5.5818	 0.9703	   1.4814	        1.4829	          0.0015	   1.5655	2.555e-03	   0.036	   160.047
 223	56	 5.5820	 0.9705	   1.4814	        1.4829	          0.0015	   1.6195	2.648e-03	   0.032	   160.794
 224	56	 5.5824	 0.9710	   1.4814	        1.4829	          0.0015	   1.6358	2.921e-03	   0.037	   161.536
 225	57	 5.5824	 0.9708	   1.4814	        1.4829	          0.0015	   1.6183	2.813e-03	   0.036	   162.257
 226	57	 5.5828	 0.9697	   1.4814	        1.4829	          0.0015	   1.5963	2.250e-03	   0.032	   162.969
 227	57	 5.5831	 0.9693	   1.4814	        1.4829	          0.0015	   1.6088	2.076e-03	   0.036	   163.700
 228	57	 5.5826	 0.9720	   1.4814	        1.4829	          0.0015	   1.6722	3.437e-03	   0.035	   164.462
 229	58	 5.5826	 0.9684	   1.4814	        1.4829	          0.0015	   1.5261	1.593e-03	   0.039	   165.218
 230	58	 5.5822	 0.9711	   1.4814	        1.4829	          0.0015	   1.6705	2.944e-03	   0.033	   165.964
 231	58	 5.5821	 0.9719	   1.4814	        1.4829	          0.0015	   1.6381	3.344e-03	   0.038	   166.699
 232	58	 5.5834	 0.9708	   1.4814	        1.4829	          0.0015	   1.6096	2.812e-03	   0.035	   167.432
 233	59	 5.5830	 0.9730	   1.4814	        1.4829	          0.0015	   1.6688	3.918e-03	   0.032	   168.141
 234	59	 5.5839	 0.9726	   1.4814	        1.4829	          0.0015	   1.6182	3.731e-03	   0.034	   168.867
 235	59	 5.5835	 0.9725	   1.4814	        1.4829	          0.0015	   1.6147	3.649e-03	   0.032	   169.579
 236	59	 5.5838	 0.9726	   1.4814	        1.4829	          0.0015	   1.6205	3.699e-03	   0.036	   170.299
 237	60	 5.5835	 0.9711	   1.4814	        1.4829	          0.0015	   1.5766	2.966e-03	   0.034	   171.035
 238	60	 5.5845	 0.9740	   1.4814	        1.4829	          0.0015	   1.7010	4.411e-03	   0.041	   171.773
 239	60	 5.5847	 0.9719	   1.4814	        1.4829	          0.0015	   1.5642	3.345e-03	   0.036	   172.498
 240	60	 5.5845	 0.9736	   1.4814	        1.4829	          0.0015	   1.6635	4.197e-03	   0.035	   173.211
 241	61	 5.5845	 0.9767	   1.4814	        1.4829	          0.0015	   1.6933	5.758e-03	   0.030	   173.930
 242	61	 5.5850	 0.9748	   1.4814	        1.4829	          0.0015	   1.5816	4.791e-03	   0.033	   174.659
 243	61	 5.5853	 0.9739	   1.4814	        1.4829	          0.0015	   1.5989	4.380e-03	   0.035	   175.409
 244	61	 5.5856	 0.9741	   1.4814	        1.4829	          0.0015	   1.6242	4.481e-03	   0.034	   176.120
 245	62	 5.5861	 0.9732	   1.4814	        1.4829	          0.0015	   1.5941	4.021e-03	   0.035	   176.850
 246	62	 5.5862	 0.9737	   1.4814	        1.4829	          0.0015	   1.6344	4.278e-03	   0.031	   177.572
 247	62	 5.5865	 0.9762	   1.4814	        1.4829	          0.0015	   1.6924	5.483e-03	   0.032	   178.285
 248	62	 5.5868	 0.9722	   1.4814	        1.4829	          0.0015	   1.5178	3.537e-03	   0.036	   179.009
 249	63	 5.5864	 0.9711	   1.4814	        1.4829	          0.0015	   1.5809	2.938e-03	   0.032	   179.720
 250	63	 5.5867	 0.9695	   1.4814	        1.4829	          0.0015	   1.5738	2.129e-03	   0.035	   180.473
 251	63	 5.5874	 0.9708	   1.4814	        1.4829	          0.0015	   1.6698	2.806e-03	   0.034	   181.195
 252	63	 5.5871	 0.9722	   1.4814	        1.4829	          0.0015	   1.6521	3.503e-03	   0.040	   181.925
 253	64	 5.5867	 0.9722	   1.4814	        1.4829	          0.0015	   1.6090	3.511e-03	   0.033	   182.643
 254	64	 5.5869	 0.9721	   1.4814	        1.4829	          0.0015	   1.6194	3.447e-03	   0.030	   183.357
 255	64	 5.5868	 0.9728	   1.4814	        1.4829	          0.0015	   1.6343	3.822e-03	   0.033	   184.079
 256	64	 5.5875	 0.9722	   1.4814	        1.4829	          0.0015	   1.6092	3.496e-03	   0.036	   184.840
 257	65	 5.5875	 0.9727	   1.4814	        1.4829	          0.0015	   1.6244	3.762e-03	   0.035	   185.605
 258	65	 5.5880	 0.9739	   1.4814	        1.4829	          0.0015	   1.6553	4.354e-03	   0.036	   186.353
 259	65	 5.5881	 0.9721	   1.4814	        1.4829	          0.0015	   1.5699	3.473e-03	   0.040	   187.088
 260	65	 5.5882	 0.9725	   1.4814	        1.4829	          0.0015	   1.6420	3.679e-03	   0.037	   187.820
 261	66	 5.5881	 0.9741	   1.4814	        1.4829	          0.0015	   1.6585	4.467e-03	   0.033	   188.530
 262	66	 5.5890	 0.9728	   1.4814	        1.4829	          0.0015	   1.5925	3.831e-03	   0.036	   189.259
 263	66	 5.5891	 0.9722	   1.4814	        1.4829	          0.0015	   1.6048	3.504e-03	   0.034	   189.966
 264	66	 5.5889	 0.9735	   1.4814	        1.4829	          0.0015	   1.6516	4.177e-03	   0.032	   190.683
 265	67	 5.5885	 0.9720	   1.4814	        1.4829	          0.0015	   1.5681	3.412e-03	   0.034	   191.424
 266	67	 5.5883	 0.9741	   1.4814	        1.4829	          0.0015	   1.6731	4.465e-03	   0.044	   192.162
 267	67	 5.5889	 0.9724	   1.4814	        1.4829	          0.0015	   1.5768	3.595e-03	   0.038	   192.888
 268	67	 5.5894	 0.9714	   1.4814	        1.4829	          0.0015	   1.5971	3.123e-03	   0.029	   193.594
 269	68	 5.5891	 0.9716	   1.4814	        1.4829	          0.0015	   1.6282	3.231e-03	   0.031	   194.317
 270	68	 5.5889	 0.9705	   1.4814	        1.4829	          0.0015	   1.5821	2.641e-03	   0.037	   195.046
 271	68	 5.5896	 0.9699	   1.4814	        1.4829	          0.0015	   1.6009	2.352e-03	   0.042	   195.874
 272	68	 5.5899	 0.9711	   1.4814	        1.4829	          0.0015	   1.6510	2.960e-03	   0.035	   196.647
 273	69	 5.5899	 0.9710	   1.4814	        1.4829	          0.0015	   1.6173	2.904e-03	   0.036	   197.382
 274	69	 5.5901	 0.9707	   1.4814	        1.4829	          0.0015	   1.6143	2.782e-03	   0.033	   198.101
 275	69	 5.5899	 0.9695	   1.4814	        1.4829	          0.0015	   1.5672	2.142e-03	   0.036	   198.814
 276	69	 5.5902	 0.9709	   1.4814	        1.4829	          0.0015	   1.6641	2.867e-03	   0.034	   199.544
 277	70	 5.5897	 0.9702	   1.4814	        1.4829	          0.0015	   1.5889	2.510e-03	   0.030	   200.292
 278	70	 5.5901	 0.9705	   1.4814	        1.4829	          0.0015	   1.6363	2.653e-03	   0.036	   201.033
 279	70	 5.5907	 0.9685	   1.4814	        1.4829	          0.0015	   1.5590	1.646e-03	   0.034	   201.748
 280	70	 5.5909	 0.9704	   1.4814	        1.4829	          0.0015	   1.6752	2.587e-03	   0.037	   202.484
 281	71	 5.5913	 0.9693	   1.4814	        1.4829	          0.0015	   1.5922	2.035e-03	   0.034	   203.206
 282	71	 5.5904	 0.9685	   1.4814	        1.4829	          0.0015	   1.5797	1.639e-03	   0.033	   203.912
 283	71	 5.5904	 0.9691	   1.4814	        1.4829	          0.0015	   1.6360	1.974e-03	   0.004	   204.471
 284	71	 5.5911	 0.9694	   1.4814	        1.4829	          0.0015	   1.6324	2.093e-03	   0.006	   205.060
 285	72	 5.5913	 0.9684	   1.4814	        1.4829	          0.0015	   1.5914	1.610e-03	   0.029	   205.596
 286	72	 5.5912	 0.9668	   1.4814	        1.4829	          0.0015	   1.5586	7.555e-04	   0.033	   206.165
 287	72	 5.5918	 0.9684	   1.4814	        1.4829	          0.0015	   1.6756	1.610e-03	   0.025	   206.573
 288	72	 5.5920	 0.9698	   1.4814	        1.4829	          0.0015	   1.6629	2.293e-03	   0.031	   207.001
 289	73	 5.5921	 0.9702	   1.4814	        1.4829	          0.0015	   1.6425	2.518e-03	   0.029	   207.519
 290	73	 5.5923	 0.9690	   1.4814	        1.4829	          0.0015	   1.5777	1.887e-03	   0.023	   207.971
 291	73	 5.5928	 0.9716	   1.4814	        1.4829	          0.0015	   1.7027	3.194e-03	   0.029	   208.487
 292	73	 5.5928	 0.9708	   1.4814	        1.4829	          0.0015	   1.5865	2.835e-03	   0.032	   209.008
 293	74	 5.5931	 0.9726	   1.4814	        1.4829	          0.0015	   1.6679	3.715e-03	   0.028	   209.552
 294	74	 5.5935	 0.9739	   1.4814	        1.4829	          0.0015	   1.6667	4.355e-03	   0.029	   210.087
 295	74	 5.5938	 0.9736	   1.4814	        1.4829	          0.0015	   1.6165	4.198e-03	   0.028	   210.599
 296	74	 5.5935	 0.9724	   1.4814	        1.4829	          0.0015	   1.5716	3.626e-03	   0.022	   211.107
 297	75	 5.5939	 0.9737	   1.4814	        1.4829	          0.0015	   1.6695	4.256e-03	   0.024	   211.615
 298	75	 5.5940	 0.9727	   1.4814	        1.4829	          0.0015	   1.5863	3.761e-03	   0.031	   212.153
 299	75	 5.5942	 0.9710	   1.4814	        1.4829	          0.0015	   1.5589	2.893e-03	   0.028	   212.667
 300	75	 5.5939	 0.9721	   1.4814	        1.4829	          0.0015	   1.6517	3.443e-03	   0.027	   213.177
 301	76	 5.5942	 0.9705	   1.4814	        1.4829	          0.0015	   1.5700	2.671e-03	   0.028	   213.720
 302	76	 5.5945	 0.9706	   1.4814	        1.4829	          0.0015	   1.6263	2.720e-03	   0.033	   214.249
 303	76	 5.5947	 0.9721	   1.4814	        1.4829	          0.0015	   1.6686	3.480e-03	   0.022	   214.765
 304	76	 5.5946	 0.9729	   1.4814	        1.4829	          0.0015	   1.6435	3.890e-03	   0.022	   215.269
 305	77	 5.5952	 0.9719	   1.4814	        1.4829	          0.0015	   1.5885	3.352e-03	   0.029	   215.796
 306	77	 5.5955	 0.9735	   1.4814	        1.4829	          0.0015	   1.6755	4.151e-03	   0.030	   216.342
 307	77	 5.5955	 0.9728	   1.4814	        1.4829	          0.0015	   1.6049	3.813e-03	   0.029	   216.869
 308	77	 5.5958	 0.9723	   1.4814	        1.4829	          0.0015	   1.6013	3.574e-03	   0.027	   217.389
 309	78	 5.5961	 0.9715	   1.4814	        1.4829	          0.0015	   1.5866	3.175e-03	   0.027	   217.908
 310	78	 5.5955	 0.9732	   1.4814	        1.4829	          0.0015	   1.6600	4.017e-03	   0.023	   218.415
 311	78	 5.5960	 0.9740	   1.4814	        1.4829	          0.0015	   1.6537	4.404e-03	   0.027	   218.923
 312	78	 5.5962	 0.9727	   1.4814	        1.4829	          0.0015	   1.5875	3.768e-03	   0.028	   219.474
 313	79	 5.5959	 0.9738	   1.4814	        1.4829	          0.0015	   1.6482	4.293e-03	   0.028	   220.010
 314	79	 5.5956	 0.9730	   1.4814	        1.4829	          0.0015	   1.5936	3.908e-03	   0.029	   220.541
 315	79	 5.5955	 0.9725	   1.4814	        1.4829	          0.0015	   1.5929	3.650e-03	   0.032	   221.079
 316	79	 5.5964	 0.9732	   1.4814	        1.4829	          0.0015	   1.6609	4.032e-03	   0.030	   221.638
 317	80	 5.5966	 0.9733	   1.4814	        1.4829	          0.0015	   1.6226	4.045e-03	   0.024	   222.172
 318	80	 5.5967	 0.9736	   1.4814	        1.4829	          0.0015	   1.6319	4.231e-03	   0.023	   222.675
 319	80	 5.5968	 0.9740	   1.4814	        1.4829	          0.0015	   1.6353	4.402e-03	   0.029	   223.193
 320	80	 5.5972	 0.9739	   1.4814	        1.4829	          0.0015	   1.6143	4.358e-03	   0.030	   223.711
 321	81	 5.5976	 0.9723	   1.4814	        1.4829	          0.0015	   1.5659	3.553e-03	   0.031	   224.257
 322	81	 5.5976	 0.9719	   1.4814	        1.4829	          0.0015	   1.6106	3.355e-03	   0.028	   224.790
 323	81	 5.5977	 0.9730	   1.4814	        1.4829	          0.0015	   1.6590	3.894e-03	   0.029	   225.317
 324	81	 5.5984	 0.9740	   1.4814	        1.4829	          0.0015	   1.6567	4.404e-03	   0.024	   225.871
 325	82	 5.5985	 0.9729	   1.4814	        1.4829	          0.0015	   1.5835	3.860e-03	   0.031	   226.457
 326	82	 5.5986	 0.9732	   1.4814	        1.4829	          0.0015	   1.6327	4.037e-03	   0.034	   227.103
 327	82	 5.5985	 0.9751	   1.4814	        1.4829	          0.0015	   1.6839	4.941e-03	   0.030	   227.677
 328	82	 5.5991	 0.9741	   1.4814	        1.4829	          0.0015	   1.5918	4.443e-03	   0.028	   228.227
 329	83	 5.5997	 0.9740	   1.4814	        1.4829	          0.0015	   1.6257	4.406e-03	   0.030	   228.765
 330	83	 5.5995	 0.9745	   1.4814	        1.4829	          0.0015	   1.6364	4.684e-03	   0.032	   229.287
 331	83	 5.6001	 0.9741	   1.4814	        1.4829	          0.0015	   1.6045	4.475e-03	   0.021	   229.808
 332	83	 5.5997	 0.9738	   1.4814	        1.4829	          0.0015	   1.6047	4.322e-03	   0.024	   230.339
 333	84	 5.5998	 0.9749	   1.4814	        1.4829	          0.0015	   1.6558	4.840e-03	   0.031	   230.889
 334	84	 5.5999	 0.9754	   1.4814	        1.4829	          0.0015	   1.6417	5.099e-03	   0.030	   231.419
 335	84	 5.6001	 0.9744	   1.4814	        1.4829	          0.0015	   1.5874	4.609e-03	   0.029	   231.943
 336	84	 5.6004	 0.9740	   1.4814	        1.4829	          0.0015	   1.6082	4.415e-03	   0.028	   232.471
 337	85	 5.6006	 0.9734	   1.4814	        1.4829	          0.0015	   1.6101	4.138e-03	   0.029	   232.984
 338	85	 5.6006	 0.9738	   1.4814	        1.4829	          0.0015	   1.6311	4.313e-03	   0.024	   233.491
 339	85	 5.6013	 0.9740	   1.4814	        1.4829	          0.0015	   1.6317	4.393e-03	   0.022	   233.998
 340	85	 5.6007	 0.9736	   1.4814	        1.4829	          0.0015	   1.5902	4.220e-03	   0.032	   234.553
 341	86	 5.6009	 0.9731	   1.4814	        1.4829	          0.0015	   1.6049	3.982e-03	   0.028	   235.085
 342	86	 5.6005	 0.9736	   1.4814	        1.4829	          0.0015	   1.6314	4.238e-03	   0.031	   235.617
 343	86	 5.6005	 0.9741	   1.4814	        1.4829	          0.0015	   1.6288	4.447e-03	   0.029	   236.155
 344	86	 5.6009	 0.9740	   1.4814	        1.4829	          0.0015	   1.6262	4.432e-03	   0.031	   236.715
 345	87	 5.6010	 0.9734	   1.4814	        1.4829	          0.0015	   1.5948	4.103e-03	   0.024	   237.243
 346	87	 5.6008	 0.9738	   1.4814	        1.4829	          0.0015	   1.6370	4.327e-03	   0.022	   237.748
 347	87	 5.6012	 0.9738	   1.4814	        1.4829	          0.0015	   1.6243	4.307e-03	   0.029	   238.273
 348	87	 5.6015	 0.9752	   1.4814	        1.4829	          0.0015	   1.6751	5.022e-03	   0.030	   238.786
 349	88	 5.6013	 0.9767	   1.4814	        1.4829	          0.0015	   1.6708	5.756e-03	   0.030	   239.329
 350	88	 5.6018	 0.9762	   1.4814	        1.4829	          0.0015	   1.6154	5.518e-03	   0.027	   239.866
 351	88	 5.6020	 0.9751	   1.4814	        1.4829	          0.0015	   1.5802	4.963e-03	   0.028	   240.384
 352	88	 5.6023	 0.9749	   1.4814	        1.4829	          0.0015	   1.6073	4.861e-03	   0.024	   240.892
 353	89	 5.6024	 0.9744	   1.4814	        1.4829	          0.0015	   1.6006	4.631e-03	   0.024	   241.395
 354	89	 5.6025	 0.9746	   1.4814	        1.4829	          0.0015	   1.6207	4.698e-03	   0.029	   241.922
 355	89	 5.6027	 0.9743	   1.4814	        1.4829	          0.0015	   1.6139	4.575e-03	   0.026	   242.452
 356	89	 5.6029	 0.9743	   1.4814	        1.4829	          0.0015	   1.6241	4.578e-03	   0.029	   242.963
 357	90	 5.6022	 0.9746	   1.4814	        1.4829	          0.0015	   1.6156	4.693e-03	   0.030	   243.502
 358	90	 5.6026	 0.9739	   1.4814	        1.4829	          0.0015	   1.5980	4.362e-03	   0.030	   244.022
 359	90	 5.6029	 0.9747	   1.4814	        1.4829	          0.0015	   1.6612	4.752e-03	   0.022	   244.548
 360	90	 5.6028	 0.9738	   1.4814	        1.4829	          0.0015	   1.5828	4.328e-03	   0.026	   245.075
 361	91	 5.6028	 0.9715	   1.4814	        1.4829	          0.0015	   1.5327	3.152e-03	   0.030	   245.606
 362	91	 5.6034	 0.9716	   1.4814	        1.4829	          0.0015	   1.6232	3.212e-03	   0.027	   246.121
 363	91	 5.6027	 0.9718	   1.4814	        1.4829	          0.0015	   1.6099	3.301e-03	   0.031	   246.645
 364	91	 5.6029	 0.9740	   1.4814	        1.4829	          0.0015	   1.7116	4.433e-03	   0.028	   247.172
 365	92	 5.6035	 0.9739	   1.4814	        1.4829	          0.0015	   1.6260	4.366e-03	   0.029	   247.686
 366	92	 5.6028	 0.9750	   1.4814	        1.4829	          0.0015	   1.6449	4.897e-03	   0.023	   248.197
 367	92	 5.6029	 0.9740	   1.4814	        1.4829	          0.0015	   1.5907	4.426e-03	   0.026	   248.704
 368	92	 5.6028	 0.9739	   1.4814	        1.4829	          0.0015	   1.6096	4.363e-03	   0.031	   249.246
 369	93	 5.6022	 0.9729	   1.4814	        1.4829	          0.0015	   1.5646	3.848e-03	   0.028	   249.777
 370	93	 5.6023	 0.9741	   1.4814	        1.4829	          0.0015	   1.6775	4.489e-03	   0.029	   250.318
 371	93	 5.6034	 0.9740	   1.4814	        1.4829	          0.0015	   1.6277	4.402e-03	   0.030	   250.859
 372	93	 5.6037	 0.9732	   1.4814	        1.4829	          0.0015	   1.5942	4.014e-03	   0.031	   251.412
 373	94	 5.6039	 0.9714	   1.4814	        1.4829	          0.0015	   1.5462	3.126e-03	   0.022	   251.939
 374	94	 5.6041	 0.9721	   1.4814	        1.4829	          0.0015	   1.6419	3.476e-03	   0.022	   252.457
 375	94	 5.6040	 0.9733	   1.4814	        1.4829	          0.0015	   1.6673	4.063e-03	   0.031	   252.977
 376	94	 5.6042	 0.9737	   1.4814	        1.4829	          0.0015	   1.6470	4.291e-03	   0.029	   253.487
 377	95	 5.6045	 0.9739	   1.4814	        1.4829	          0.0015	   1.6248	4.363e-03	   0.027	   254.026
 378	95	 5.6045	 0.9731	   1.4814	        1.4829	          0.0015	   1.5923	3.970e-03	   0.028	   254.569
 379	95	 5.6045	 0.9750	   1.4814	        1.4829	          0.0015	   1.6926	4.924e-03	   0.031	   255.106
 380	95	 5.6046	 0.9738	   1.4814	        1.4829	          0.0015	   1.5712	4.318e-03	   0.028	   255.689
 381	96	 5.6045	 0.9738	   1.4814	        1.4829	          0.0015	   1.6143	4.294e-03	   0.022	   256.240
 382	96	 5.6048	 0.9739	   1.4814	        1.4829	          0.0015	   1.6319	4.345e-03	   0.028	   256.763
 383	96	 5.6048	 0.9737	   1.4814	        1.4829	          0.0015	   1.6139	4.249e-03	   0.028	   257.294
 384	96	 5.6049	 0.9742	   1.4814	        1.4829	          0.0015	   1.6324	4.499e-03	   0.030	   257.805
 385	97	 5.6052	 0.9736	   1.4814	        1.4829	          0.0015	   1.6018	4.218e-03	   0.027	   258.345
 386	97	 5.6054	 0.9757	   1.4814	        1.4829	          0.0015	   1.7136	5.275e-03	   0.032	   258.866
 387	97	 5.6054	 0.9749	   1.4814	        1.4829	          0.0015	   1.5797	4.840e-03	   0.022	   259.429
 388	97	 5.6056	 0.9750	   1.4814	        1.4829	          0.0015	   1.6292	4.932e-03	   0.026	   259.955
 389	98	 5.6053	 0.9754	   1.4814	        1.4829	          0.0015	   1.6328	5.127e-03	   0.028	   260.489
 390	98	 5.6058	 0.9749	   1.4814	        1.4829	          0.0015	   1.6074	4.862e-03	   0.030	   261.003
 391	98	 5.6057	 0.9753	   1.4814	        1.4829	          0.0015	   1.6328	5.065e-03	   0.030	   261.516
 392	98	 5.6057	 0.9755	   1.4814	        1.4829	          0.0015	   1.6273	5.150e-03	   0.027	   262.047
 393	99	 5.6061	 0.9760	   1.4814	        1.4829	          0.0015	   1.6459	5.431e-03	   0.029	   262.567
 394	99	 5.6066	 0.9758	   1.4814	        1.4829	          0.0015	   1.6193	5.296e-03	   0.024	   263.076
 395	99	 5.6063	 0.9756	   1.4814	        1.4829	          0.0015	   1.6049	5.213e-03	   0.024	   263.580
 396	99	 5.6067	 0.9739	   1.4814	        1.4829	          0.0015	   1.5565	4.353e-03	   0.027	   264.120
 397	100	 5.6068	 0.9734	   1.4814	        1.4829	          0.0015	   1.6036	4.107e-03	   0.029	   264.658
 398	100	 5.6069	 0.9725	   1.4814	        1.4829	          0.0015	   1.5801	3.664e-03	   0.032	   265.195
 399	100	 5.6066	 0.9736	   1.4814	        1.4829	          0.0015	   1.6565	4.225e-03	   0.029	   265.734
 400	100	 5.6069	 0.9742	   1.4814	        1.4829	          0.0015	   1.6470	4.502e-03	   0.028	   266.285
 401	101	 5.6068	 0.9739	   1.4814	        1.4829	          0.0015	   1.6153	4.357e-03	   0.022	   266.817
 402	101	 5.6071	 0.9745	   1.4814	        1.4829	          0.0015	   1.6477	4.686e-03	   0.024	   267.334
 403	101	 5.6069	 0.9743	   1.4814	        1.4829	          0.0015	   1.5965	4.586e-03	   0.030	   267.854
 404	101	 5.6073	 0.9734	   1.4814	        1.4829	          0.0015	   1.5837	4.134e-03	   0.026	   268.367
 405	102	 5.6074	 0.9746	   1.4814	        1.4829	          0.0015	   1.6749	4.714e-03	   0.030	   268.906
 406	102	 5.6071	 0.9741	   1.4814	        1.4829	          0.0015	   1.5940	4.446e-03	   0.030	   269.440
 407	102	 5.6074	 0.9737	   1.4814	        1.4829	          0.0015	   1.6110	4.277e-03	   0.031	   269.963
 408	102	 5.6074	 0.9736	   1.4814	        1.4829	          0.0015	   1.6059	4.194e-03	   0.021	   270.473
 409	103	 5.6075	 0.9738	   1.4814	        1.4829	          0.0015	   1.6291	4.301e-03	   0.024	   270.982
 410	103	 5.6073	 0.9745	   1.4814	        1.4829	          0.0015	   1.6504	4.668e-03	   0.028	   271.498
 411	103	 5.6078	 0.9745	   1.4814	        1.4829	          0.0015	   1.6254	4.668e-03	   0.028	   272.032
 412	103	 5.6079	 0.9728	   1.4814	        1.4829	          0.0015	   1.5416	3.820e-03	   0.028	   272.547
 413	104	 5.6078	 0.9734	   1.4814	        1.4829	          0.0015	   1.6509	4.093e-03	   0.031	   273.087
 414	104	 5.6081	 0.9727	   1.4814	        1.4829	          0.0015	   1.5932	3.775e-03	   0.031	   273.603
 415	104	 5.6082	 0.9725	   1.4814	        1.4829	          0.0015	   1.6053	3.658e-03	   0.021	   274.164
 416	104	 5.6085	 0.9728	   1.4814	        1.4829	          0.0015	   1.6357	3.829e-03	   0.024	   274.674
 417	105	 5.6080	 0.9726	   1.4814	        1.4829	          0.0015	   1.5991	3.712e-03	   0.031	   275.195
 418	105	 5.6081	 0.9733	   1.4814	        1.4829	          0.0015	   1.6563	4.075e-03	   0.028	   275.706
 419	105	 5.6088	 0.9729	   1.4814	        1.4829	          0.0015	   1.6138	3.885e-03	   0.027	   276.216
 420	105	 5.6089	 0.9726	   1.4814	        1.4829	          0.0015	   1.6031	3.694e-03	   0.027	   276.758
 421	106	 5.6090	 0.9718	   1.4814	        1.4829	          0.0015	   1.5748	3.294e-03	   0.031	   277.273
 422	106	 5.6087	 0.9730	   1.4814	        1.4829	          0.0015	   1.6758	3.912e-03	   0.023	   277.779
 423	106	 5.6088	 0.9722	   1.4814	        1.4829	          0.0015	   1.5905	3.539e-03	   0.022	   278.283
 424	106	 5.6094	 0.9726	   1.4814	        1.4829	          0.0015	   1.6446	3.720e-03	   0.029	   278.825
 425	107	 5.6097	 0.9730	   1.4814	        1.4829	          0.0015	   1.6526	3.939e-03	   0.028	   279.358
 426	107	 5.6095	 0.9732	   1.4814	        1.4829	          0.0015	   1.6184	4.023e-03	   0.033	   279.896
 427	107	 5.6095	 0.9727	   1.4814	        1.4829	          0.0015	   1.5889	3.783e-03	   0.027	   280.441
 428	107	 5.6094	 0.9721	   1.4814	        1.4829	          0.0015	   1.5870	3.489e-03	   0.031	   280.992
 429	108	 5.6098	 0.9717	   1.4814	        1.4829	          0.0015	   1.6047	3.247e-03	   0.024	   281.544
 430	108	 5.6097	 0.9701	   1.4814	        1.4829	          0.0015	   1.5407	2.450e-03	   0.028	   282.103
 431	108	 5.6099	 0.9708	   1.4814	        1.4829	          0.0015	   1.6614	2.825e-03	   0.029	   282.666
 432	108	 5.6099	 0.9721	   1.4814	        1.4829	          0.0015	   1.6721	3.487e-03	   0.031	   283.236
 433	109	 5.6096	 0.9704	   1.4814	        1.4829	          0.0015	   1.5252	2.617e-03	   0.035	   283.867
 434	109	 5.6103	 0.9711	   1.4814	        1.4829	          0.0015	   1.6622	2.965e-03	   0.031	   284.465
 435	109	 5.6101	 0.9709	   1.4814	        1.4829	          0.0015	   1.6115	2.877e-03	   0.031	   285.034
 436	109	 5.6103	 0.9718	   1.4814	        1.4829	          0.0015	   1.6722	3.339e-03	   0.024	   285.554
 437	110	 5.6097	 0.9718	   1.4814	        1.4829	          0.0015	   1.6100	3.335e-03	   0.024	   286.055
 438	110	 5.6101	 0.9723	   1.4814	        1.4829	          0.0015	   1.6485	3.575e-03	   0.027	   286.572
 439	110	 5.6104	 0.9724	   1.4814	        1.4829	          0.0015	   1.6226	3.601e-03	   0.028	   287.112
 440	110	 5.6105	 0.9722	   1.4814	        1.4829	          0.0015	   1.6141	3.538e-03	   0.030	   287.625
 441	111	 5.6104	 0.9721	   1.4814	        1.4829	          0.0015	   1.5994	3.458e-03	   0.032	   288.183
 442	111	 5.6107	 0.9720	   1.4814	        1.4829	          0.0015	   1.6198	3.417e-03	   0.029	   288.729
 443	111	 5.6108	 0.9719	   1.4814	        1.4829	          0.0015	   1.6290	3.387e-03	   0.021	   289.279
 444	111	 5.6111	 0.9717	   1.4814	        1.4829	          0.0015	   1.6031	3.248e-03	   0.031	   289.814
 445	112	 5.6114	 0.9730	   1.4814	        1.4829	          0.0015	   1.6883	3.936e-03	   0.027	   290.328
 446	112	 5.6116	 0.9718	   1.4814	        1.4829	          0.0015	   1.5536	3.297e-03	   0.023	   290.835
 447	112	 5.6117	 0.9715	   1.4814	        1.4829	          0.0015	   1.6095	3.161e-03	   0.030	   291.357
 448	112	 5.6114	 0.9712	   1.4814	        1.4829	          0.0015	   1.6016	3.015e-03	   0.029	   291.894
 449	113	 5.6117	 0.9694	   1.4814	        1.4829	          0.0015	   1.5381	2.119e-03	   0.024	   292.405
 450	113	 5.6120	 0.9695	   1.4814	        1.4829	          0.0015	   1.6277	2.152e-03	   0.019	   292.908
 451	113	 5.6119	 0.9700	   1.4814	        1.4829	          0.0015	   1.6365	2.389e-03	   0.028	   293.425
 452	113	 5.6123	 0.9707	   1.4814	        1.4829	          0.0015	   1.6606	2.741e-03	   0.031	   293.959
 453	114	 5.6124	 0.9710	   1.4814	        1.4829	          0.0015	   1.6388	2.895e-03	   0.026	   294.491
 454	114	 5.6127	 0.9706	   1.4814	        1.4829	          0.0015	   1.6046	2.690e-03	   0.030	   295.029
 455	114	 5.6121	 0.9715	   1.4814	        1.4829	          0.0015	   1.6506	3.160e-03	   0.026	   295.577
 456	114	 5.6124	 0.9712	   1.4814	        1.4829	          0.0015	   1.6094	3.024e-03	   0.025	   296.121
 457	115	 5.6128	 0.9718	   1.4814	        1.4829	          0.0015	   1.6535	3.300e-03	   0.023	   296.650
 458	115	 5.6125	 0.9715	   1.4814	        1.4829	          0.0015	   1.5935	3.168e-03	   0.028	   297.178
 459	115	 5.6124	 0.9715	   1.4814	        1.4829	          0.0015	   1.6195	3.142e-03	   0.027	   297.698
 460	115	 5.6125	 0.9712	   1.4814	        1.4829	          0.0015	   1.6039	3.013e-03	   0.025	   298.205
 461	116	 5.6125	 0.9710	   1.4814	        1.4829	          0.0015	   1.6016	2.920e-03	   0.033	   298.742
 462	116	 5.6129	 0.9717	   1.4814	        1.4829	          0.0015	   1.6564	3.284e-03	   0.026	   299.277
 463	116	 5.6129	 0.9716	   1.4814	        1.4829	          0.0015	   1.6095	3.240e-03	   0.025	   299.807
 464	116	 5.6131	 0.9713	   1.4814	        1.4829	          0.0015	   1.6173	3.062e-03	   0.019	   300.298
 465	117	 5.6132	 0.9715	   1.4814	        1.4829	          0.0015	   1.6238	3.180e-03	   0.009	   300.694
 466	117	 5.6131	 0.9717	   1.4814	        1.4829	          0.0015	   1.6251	3.264e-03	   0.027	   301.176
 467	117	 5.6132	 0.9726	   1.4814	        1.4829	          0.0015	   1.6725	3.713e-03	   0.020	   301.642
 468	117	 5.6134	 0.9722	   1.4814	        1.4829	          0.0015	   1.5977	3.501e-03	   0.023	   302.014
 469	118	 5.6137	 0.9724	   1.4814	        1.4829	          0.0015	   1.6294	3.631e-03	   0.020	   302.374
 470	118	 5.6138	 0.9724	   1.4814	        1.4829	          0.0015	   1.6229	3.595e-03	   0.021	   302.853
 471	118	 5.6136	 0.9723	   1.4814	        1.4829	          0.0015	   1.6150	3.554e-03	   0.025	   303.275
 472	118	 5.6135	 0.9725	   1.4814	        1.4829	          0.0015	   1.6202	3.659e-03	   0.020	   303.715
 473	119	 5.6137	 0.9722	   1.4814	        1.4829	          0.0015	   1.6088	3.534e-03	   0.016	   304.128
 474	119	 5.6140	 0.9725	   1.4814	        1.4829	          0.0015	   1.6305	3.672e-03	   0.021	   304.545
 475	119	 5.6138	 0.9723	   1.4814	        1.4829	          0.0015	   1.6113	3.565e-03	   0.024	   304.982
 476	119	 5.6139	 0.9731	   1.4814	        1.4829	          0.0015	   1.6616	3.965e-03	   0.018	   305.405
 477	120	 5.6135	 0.9723	   1.4814	        1.4829	          0.0015	   1.5640	3.578e-03	   0.022	   305.826
 478	120	 5.6135	 0.9721	   1.4814	        1.4829	          0.0015	   1.6118	3.461e-03	   0.023	   306.245
 479	120	 5.6136	 0.9719	   1.4814	        1.4829	          0.0015	   1.6038	3.361e-03	   0.020	   306.667
 480	120	 5.6139	 0.9733	   1.4814	        1.4829	          0.0015	   1.6943	4.081e-03	   0.018	   307.100
 481	121	 5.6136	 0.9726	   1.4814	        1.4829	          0.0015	   1.5801	3.739e-03	   0.021	   307.536
 482	121	 5.6134	 0.9721	   1.4814	        1.4829	          0.0015	   1.5891	3.447e-03	   0.022	   307.973
 483	121	 5.6137	 0.9726	   1.4814	        1.4829	          0.0015	   1.6466	3.739e-03	   0.021	   308.408
 484	121	 5.6143	 0.9738	   1.4814	        1.4829	          0.0015	   1.6852	4.296e-03	   0.021	   308.850
 485	122	 5.6146	 0.9737	   1.4814	        1.4829	          0.0015	   1.6214	4.255e-03	   0.025	   309.310
 486	122	 5.6147	 0.9739	   1.4814	        1.4829	          0.0015	   1.6332	4.367e-03	   0.022	   309.753
 487	122	 5.6147	 0.9736	   1.4814	        1.4829	          0.0015	   1.6027	4.198e-03	   0.018	   310.197
 488	122	 5.6148	 0.9735	   1.4814	        1.4829	          0.0015	   1.6172	4.166e-03	   0.023	   310.693
 489	123	 5.6149	 0.9747	   1.4814	        1.4829	          0.0015	   1.6782	4.751e-03	   0.024	   311.183
 490	123	 5.6152	 0.9741	   1.4814	        1.4829	          0.0015	   1.5999	4.485e-03	   0.019	   311.621
 491	123	 5.6152	 0.9729	   1.4814	        1.4829	          0.0015	   1.5519	3.851e-03	   0.021	   312.043
 492	123	 5.6153	 0.9729	   1.4814	        1.4829	          0.0015	   1.6197	3.869e-03	   0.023	   312.461
 493	124	 5.6155	 0.9728	   1.4814	        1.4829	          0.0015	   1.6162	3.825e-03	   0.020	   312.883
 494	124	 5.6155	 0.9735	   1.4814	        1.4829	          0.0015	   1.6606	4.187e-03	   0.016	   313.296
 495	124	 5.6157	 0.9739	   1.4814	        1.4829	          0.0015	   1.6430	4.369e-03	   0.021	   313.735
 496	124	 5.6159	 0.9732	   1.4814	        1.4829	          0.0015	   1.5741	3.995e-03	   0.024	   314.178
 497	125	 5.6161	 0.9723	   1.4814	        1.4829	          0.0015	   1.5781	3.574e-03	   0.020	   314.625
 498	125	 5.6163	 0.9733	   1.4814	        1.4829	          0.0015	   1.6749	4.075e-03	   0.022	   315.088
 499	125	 5.6162	 0.9735	   1.4814	        1.4829	          0.0015	   1.6255	4.158e-03	   0.023	   315.505
 500	125	 5.6161	 0.9732	   1.4814	        1.4829	          0.0015	   1.6011	4.003e-03	   0.020	   315.950
 501	126	 5.6162	 0.9729	   1.4814	        1.4829	          0.0015	   1.6016	3.872e-03	   0.016	   316.363
 502	126	 5.6164	 0.9730	   1.4814	        1.4829	          0.0015	   1.6358	3.918e-03	   0.021	   316.780
 503	126	 5.6163	 0.9736	   1.4814	        1.4829	          0.0015	   1.6422	4.218e-03	   0.024	   317.210
 504	126	 5.6162	 0.9734	   1.4814	        1.4829	          0.0015	   1.6096	4.131e-03	   0.018	   317.640
 505	127	 5.6163	 0.9728	   1.4814	        1.4829	          0.0015	   1.5835	3.805e-03	   0.021	   318.061
 506	127	 5.6160	 0.9731	   1.4814	        1.4829	          0.0015	   1.6258	3.944e-03	   0.023	   318.480
 507	127	 5.6161	 0.9728	   1.4814	        1.4829	          0.0015	   1.6062	3.800e-03	   0.020	   318.901
 508	127	 5.6163	 0.9736	   1.4814	        1.4829	          0.0015	   1.6719	4.237e-03	   0.016	   319.330
 509	128	 5.6165	 0.9731	   1.4814	        1.4829	          0.0015	   1.5844	3.989e-03	   0.021	   319.771
 510	128	 5.6170	 0.9734	   1.4814	        1.4829	          0.0015	   1.6452	4.120e-03	   0.022	   320.208
 511	128	 5.6173	 0.9739	   1.4814	        1.4829	          0.0015	   1.6502	4.386e-03	   0.020	   320.640
 512	128	 5.6171	 0.9735	   1.4814	        1.4829	          0.0015	   1.5919	4.147e-03	   0.022	   321.085
 513	129	 5.6169	 0.9724	   1.4814	        1.4829	          0.0015	   1.5667	3.613e-03	   0.023	   321.540
 514	129	 5.6168	 0.9720	   1.4814	        1.4829	          0.0015	   1.5967	3.440e-03	   0.022	   321.984
 515	129	 5.6173	 0.9728	   1.4814	        1.4829	          0.0015	   1.6621	3.833e-03	   0.016	   322.407
 516	129	 5.6176	 0.9722	   1.4814	        1.4829	          0.0015	   1.5788	3.495e-03	   0.021	   322.824
 517	130	 5.6175	 0.9725	   1.4814	        1.4829	          0.0015	   1.6368	3.653e-03	   0.022	   323.274
 518	130	 5.6178	 0.9723	   1.4814	        1.4829	          0.0015	   1.6163	3.562e-03	   0.020	   323.714
 519	130	 5.6178	 0.9721	   1.4814	        1.4829	          0.0015	   1.6113	3.480e-03	   0.021	   324.138
 520	130	 5.6178	 0.9724	   1.4814	        1.4829	          0.0015	   1.6244	3.603e-03	   0.023	   324.556
 521	131	 5.6180	 0.9722	   1.4814	        1.4829	          0.0015	   1.6102	3.506e-03	   0.020	   324.979
 522	131	 5.6181	 0.9716	   1.4814	        1.4829	          0.0015	   1.5919	3.220e-03	   0.016	   325.391
 523	131	 5.6179	 0.9720	   1.4814	        1.4829	          0.0015	   1.6330	3.401e-03	   0.021	   325.830
 524	131	 5.6180	 0.9725	   1.4814	        1.4829	          0.0015	   1.6469	3.654e-03	   0.024	   326.275
 525	132	 5.6184	 0.9735	   1.4814	        1.4829	          0.0015	   1.6802	4.170e-03	   0.018	   326.706
 526	132	 5.6184	 0.9734	   1.4814	        1.4829	          0.0015	   1.6050	4.095e-03	   0.021	   327.149
 527	132	 5.6184	 0.9733	   1.4814	        1.4829	          0.0015	   1.6197	4.074e-03	   0.023	   327.567
 528	132	 5.6184	 0.9726	   1.4814	        1.4829	          0.0015	   1.5840	3.714e-03	   0.020	   328.012
 529	133	 5.6189	 0.9717	   1.4814	        1.4829	          0.0015	   1.5806	3.246e-03	   0.016	   328.424
 530	133	 5.6187	 0.9719	   1.4814	        1.4829	          0.0015	   1.6236	3.369e-03	   0.021	   328.841
 531	133	 5.6185	 0.9722	   1.4814	        1.4829	          0.0015	   1.6264	3.506e-03	   0.024	   329.268
 532	133	 5.6187	 0.9728	   1.4814	        1.4829	          0.0015	   1.6578	3.825e-03	   0.018	   329.702
 533	134	 5.6186	 0.9729	   1.4814	        1.4829	          0.0015	   1.6228	3.851e-03	   0.021	   330.123
 534	134	 5.6190	 0.9730	   1.4814	        1.4829	          0.0015	   1.6351	3.896e-03	   0.023	   330.541
 535	134	 5.6193	 0.9731	   1.4814	        1.4829	          0.0015	   1.6330	3.964e-03	   0.020	   330.963
 536	134	 5.6193	 0.9730	   1.4814	        1.4829	          0.0015	   1.6086	3.908e-03	   0.018	   331.390
 537	135	 5.6196	 0.9727	   1.4814	        1.4829	          0.0015	   1.6058	3.783e-03	   0.023	   331.871
 538	135	 5.6198	 0.9721	   1.4814	        1.4829	          0.0015	   1.5948	3.491e-03	   0.024	   332.349
 539	135	 5.6196	 0.9720	   1.4814	        1.4829	          0.0015	   1.6031	3.400e-03	   0.023	   332.819
 540	135	 5.6197	 0.9728	   1.4814	        1.4829	          0.0015	   1.6632	3.798e-03	   0.024	   333.308
 541	136	 5.6202	 0.9718	   1.4814	        1.4829	          0.0015	   1.5670	3.334e-03	   0.027	   333.840
 542	136	 5.6202	 0.9727	   1.4814	        1.4829	          0.0015	   1.6679	3.744e-03	   0.021	   334.339
 543	136	 5.6204	 0.9731	   1.4814	        1.4829	          0.0015	   1.6510	3.952e-03	   0.018	   334.803
 544	136	 5.6202	 0.9732	   1.4814	        1.4829	          0.0015	   1.6262	4.037e-03	   0.021	   335.225
 545	137	 5.6203	 0.9732	   1.4814	        1.4829	          0.0015	   1.6144	4.028e-03	   0.024	   335.674
 546	137	 5.6203	 0.9727	   1.4814	        1.4829	          0.0015	   1.5892	3.769e-03	   0.020	   336.111
 547	137	 5.6202	 0.9734	   1.4814	        1.4829	          0.0015	   1.6557	4.105e-03	   0.021	   336.539
 548	137	 5.6201	 0.9730	   1.4814	        1.4829	          0.0015	   1.5962	3.915e-03	   0.023	   336.957
 549	138	 5.6203	 0.9727	   1.4814	        1.4829	          0.0015	   1.6055	3.764e-03	   0.020	   337.380
 550	138	 5.6200	 0.9718	   1.4814	        1.4829	          0.0015	   1.5598	3.330e-03	   0.016	   337.792
 551	138	 5.6204	 0.9717	   1.4814	        1.4829	          0.0015	   1.6175	3.282e-03	   0.023	   338.268
 552	138	 5.6205	 0.9725	   1.4814	        1.4829	          0.0015	   1.6734	3.684e-03	   0.024	   338.711
 553	139	 5.6206	 0.9727	   1.4814	        1.4829	          0.0015	   1.6318	3.775e-03	   0.018	   339.140
 554	139	 5.6204	 0.9727	   1.4814	        1.4829	          0.0015	   1.6121	3.772e-03	   0.023	   339.583
 555	139	 5.6209	 0.9719	   1.4814	        1.4829	          0.0015	   1.5790	3.365e-03	   0.023	   340.002
 556	139	 5.6206	 0.9729	   1.4814	        1.4829	          0.0015	   1.6751	3.884e-03	   0.020	   340.446
 557	140	 5.6207	 0.9728	   1.4814	        1.4829	          0.0015	   1.6231	3.838e-03	   0.016	   340.858
 558	140	 5.6207	 0.9728	   1.4814	        1.4829	          0.0015	   1.6188	3.802e-03	   0.021	   341.275
 559	140	 5.6205	 0.9728	   1.4814	        1.4829	          0.0015	   1.6025	3.816e-03	   0.022	   341.698
 560	140	 5.6204	 0.9732	   1.4814	        1.4829	          0.0015	   1.6357	4.001e-03	   0.019	   342.136
 561	141	 5.6205	 0.9728	   1.4814	        1.4829	          0.0015	   1.5993	3.841e-03	   0.021	   342.557
 562	141	 5.6204	 0.9743	   1.4814	        1.4829	          0.0015	   1.7058	4.550e-03	   0.023	   342.976
 563	141	 5.6205	 0.9748	   1.4814	        1.4829	          0.0015	   1.6496	4.805e-03	   0.020	   343.398
 564	141	 5.6204	 0.9741	   1.4814	        1.4829	          0.0015	   1.5745	4.453e-03	   0.018	   343.820
 565	142	 5.6204	 0.9728	   1.4814	        1.4829	          0.0015	   1.5423	3.798e-03	   0.021	   344.266
 566	142	 5.6207	 0.9730	   1.4814	        1.4829	          0.0015	   1.6415	3.922e-03	   0.022	   344.704
 567	142	 5.6207	 0.9738	   1.4814	        1.4829	          0.0015	   1.6692	4.337e-03	   0.020	   345.128
 568	142	 5.6206	 0.9738	   1.4814	        1.4829	          0.0015	   1.6094	4.333e-03	   0.023	   345.580
 569	143	 5.6207	 0.9743	   1.4814	        1.4829	          0.0015	   1.6566	4.546e-03	   0.023	   346.031
 570	143	 5.6205	 0.9741	   1.4814	        1.4829	          0.0015	   1.6025	4.452e-03	   0.021	   346.477
 571	143	 5.6205	 0.9747	   1.4814	        1.4829	          0.0015	   1.6487	4.752e-03	   0.016	   346.903
 572	143	 5.6208	 0.9737	   1.4814	        1.4829	          0.0015	   1.5610	4.246e-03	   0.021	   347.321
 573	144	 5.6210	 0.9735	   1.4814	        1.4829	          0.0015	   1.6173	4.171e-03	   0.023	   347.765
 574	144	 5.6208	 0.9726	   1.4814	        1.4829	          0.0015	   1.5576	3.705e-03	   0.021	   348.201
 575	144	 5.6210	 0.9720	   1.4814	        1.4829	          0.0015	   1.5846	3.426e-03	   0.022	   348.634
 576	144	 5.6211	 0.9727	   1.4814	        1.4829	          0.0015	   1.6686	3.793e-03	   0.023	   349.053
 577	145	 5.6211	 0.9721	   1.4814	        1.4829	          0.0015	   1.5796	3.483e-03	   0.020	   349.475
 578	145	 5.6212	 0.9721	   1.4814	        1.4829	          0.0015	   1.6203	3.463e-03	   0.017	   349.862
 579	145	 5.6212	 0.9724	   1.4814	        1.4829	          0.0015	   1.6437	3.633e-03	   0.021	   350.302
 580	145	 5.6216	 0.9727	   1.4814	        1.4829	          0.0015	   1.6422	3.786e-03	   0.022	   350.694
 581	146	 5.6221	 0.9722	   1.4814	        1.4829	          0.0015	   1.5963	3.535e-03	   0.022	   351.083
 582	146	 5.6218	 0.9721	   1.4814	        1.4829	          0.0015	   1.6006	3.444e-03	   0.021	   351.486
 583	146	 5.6220	 0.9732	   1.4814	        1.4829	          0.0015	   1.6947	4.018e-03	   0.019	   351.878
 584	146	 5.6221	 0.9728	   1.4814	        1.4829	          0.0015	   1.5944	3.798e-03	   0.022	   352.293
 585	147	 5.6218	 0.9730	   1.4814	        1.4829	          0.0015	   1.6357	3.943e-03	   0.020	   352.681
 586	147	 5.6218	 0.9731	   1.4814	        1.4829	          0.0015	   1.6206	3.963e-03	   0.019	   353.062
 587	147	 5.6219	 0.9721	   1.4814	        1.4829	          0.0015	   1.5564	3.473e-03	   0.024	   353.462
 588	147	 5.6223	 0.9725	   1.4814	        1.4829	          0.0015	   1.6542	3.689e-03	   0.022	   353.865
 589	148	 5.6229	 0.9722	   1.4814	        1.4829	          0.0015	   1.6048	3.542e-03	   0.019	   354.252
 590	148	 5.6226	 0.9724	   1.4814	        1.4829	          0.0015	   1.6349	3.641e-03	   0.019	   354.638
 591	148	 5.6226	 0.9726	   1.4814	        1.4829	          0.0015	   1.6283	3.694e-03	   0.022	   355.031
 592	148	 5.6225	 0.9721	   1.4814	        1.4829	          0.0015	   1.5831	3.471e-03	   0.022	   355.427
 593	149	 5.6226	 0.9716	   1.4814	        1.4829	          0.0015	   1.5948	3.240e-03	   0.020	   355.839
 594	149	 5.6223	 0.9719	   1.4814	        1.4829	          0.0015	   1.6207	3.363e-03	   0.024	   356.256
 595	149	 5.6224	 0.9719	   1.4814	        1.4829	          0.0015	   1.6266	3.364e-03	   0.028	   356.713
 596	149	 5.6227	 0.9720	   1.4814	        1.4829	          0.0015	   1.6320	3.416e-03	   0.020	   357.189
 597	150	 5.6228	 0.9726	   1.4814	        1.4829	          0.0015	   1.6598	3.729e-03	   0.021	   357.615
 598	150	 5.6231	 0.9722	   1.4814	        1.4829	          0.0015	   1.5936	3.538e-03	   0.023	   358.035
 599	150	 5.6231	 0.9733	   1.4814	        1.4829	          0.0015	   1.6908	4.069e-03	   0.020	   358.437
 600	150	 5.6230	 0.9725	   1.4814	        1.4829	          0.0015	   1.5679	3.671e-03	   0.019	   358.819
 601	151	 5.6230	 0.9720	   1.4814	        1.4829	          0.0015	   1.5848	3.429e-03	   0.022	   359.238
 602	151	 5.6231	 0.9726	   1.4814	        1.4829	          0.0015	   1.6579	3.737e-03	   0.024	   359.651
 603	151	 5.6232	 0.9720	   1.4814	        1.4829	          0.0015	   1.5808	3.422e-03	   0.019	   360.041
 604	151	 5.6229	 0.9723	   1.4814	        1.4829	          0.0015	   1.6266	3.589e-03	   0.019	   360.428
 605	152	 5.6230	 0.9733	   1.4814	        1.4829	          0.0015	   1.6746	4.049e-03	   0.024	   360.839
 606	152	 5.6227	 0.9724	   1.4814	        1.4829	          0.0015	   1.5582	3.621e-03	   0.020	   361.257
 607	152	 5.6229	 0.9728	   1.4814	        1.4829	          0.0015	   1.6484	3.821e-03	   0.021	   361.678
 608	152	 5.6231	 0.9726	   1.4814	        1.4829	          0.0015	   1.6181	3.732e-03	   0.022	   362.073
 609	153	 5.6231	 0.9731	   1.4814	        1.4829	          0.0015	   1.6435	3.987e-03	   0.022	   362.462
 610	153	 5.6235	 0.9732	   1.4814	        1.4829	          0.0015	   1.6438	4.028e-03	   0.021	   362.861
 611	153	 5.6237	 0.9721	   1.4814	        1.4829	          0.0015	   1.5457	3.451e-03	   0.019	   363.258
 612	153	 5.6237	 0.9726	   1.4814	        1.4829	          0.0015	   1.6506	3.719e-03	   0.023	   363.672
 613	154	 5.6238	 0.9717	   1.4814	        1.4829	          0.0015	   1.5629	3.255e-03	   0.020	   364.060
 614	154	 5.6239	 0.9717	   1.4814	        1.4829	          0.0015	   1.6151	3.245e-03	   0.019	   364.441
 615	154	 5.6240	 0.9714	   1.4814	        1.4829	          0.0015	   1.6055	3.136e-03	   0.024	   364.837
 616	154	 5.6241	 0.9721	   1.4814	        1.4829	          0.0015	   1.6671	3.473e-03	   0.022	   365.244
 617	155	 5.6239	 0.9709	   1.4814	        1.4829	          0.0015	   1.5336	2.859e-03	   0.019	   365.631
 618	155	 5.6239	 0.9712	   1.4814	        1.4829	          0.0015	   1.6366	3.030e-03	   0.019	   366.018
 619	155	 5.6240	 0.9710	   1.4814	        1.4829	          0.0015	   1.6094	2.909e-03	   0.022	   366.411
 620	155	 5.6246	 0.9714	   1.4814	        1.4829	          0.0015	   1.6579	3.125e-03	   0.022	   366.802
 621	156	 5.6247	 0.9711	   1.4814	        1.4829	          0.0015	   1.5978	2.966e-03	   0.021	   367.215
 622	156	 5.6248	 0.9722	   1.4814	        1.4829	          0.0015	   1.6893	3.494e-03	   0.022	   367.625
 623	156	 5.6247	 0.9716	   1.4814	        1.4829	          0.0015	   1.5834	3.225e-03	   0.022	   368.014
 624	156	 5.6247	 0.9718	   1.4814	        1.4829	          0.0015	   1.6294	3.297e-03	   0.021	   368.433
 625	157	 5.6246	 0.9724	   1.4814	        1.4829	          0.0015	   1.6598	3.597e-03	   0.022	   368.850
 626	157	 5.6248	 0.9722	   1.4814	        1.4829	          0.0015	   1.6084	3.497e-03	   0.023	   369.274
 627	157	 5.6248	 0.9715	   1.4814	        1.4829	          0.0015	   1.5692	3.173e-03	   0.020	   369.677
 628	157	 5.6249	 0.9717	   1.4814	        1.4829	          0.0015	   1.6389	3.282e-03	   0.019	   370.059
 629	158	 5.6250	 0.9724	   1.4814	        1.4829	          0.0015	   1.6596	3.593e-03	   0.024	   370.476
 630	158	 5.6247	 0.9722	   1.4814	        1.4829	          0.0015	   1.5975	3.514e-03	   0.024	   370.886
 631	158	 5.6249	 0.9727	   1.4814	        1.4829	          0.0015	   1.6479	3.753e-03	   0.019	   371.281
 632	158	 5.6251	 0.9719	   1.4814	        1.4829	          0.0015	   1.5814	3.350e-03	   0.019	   371.667
 633	159	 5.6251	 0.9710	   1.4814	        1.4829	          0.0015	   1.5594	2.904e-03	   0.024	   372.080
 634	159	 5.6254	 0.9716	   1.4814	        1.4829	          0.0015	   1.6564	3.191e-03	   0.020	   372.485
 635	159	 5.6254	 0.9714	   1.4814	        1.4829	          0.0015	   1.6141	3.135e-03	   0.021	   372.881
 636	159	 5.6253	 0.9721	   1.4814	        1.4829	          0.0015	   1.6625	3.457e-03	   0.022	   373.279
 637	160	 5.6253	 0.9727	   1.4814	        1.4829	          0.0015	   1.6623	3.781e-03	   0.022	   373.669
 638	160	 5.6255	 0.9719	   1.4814	        1.4829	          0.0015	   1.5685	3.381e-03	   0.021	   374.064
 639	160	 5.6256	 0.9724	   1.4814	        1.4829	          0.0015	   1.6568	3.599e-03	   0.019	   374.464
 640	160	 5.6258	 0.9721	   1.4814	        1.4829	          0.0015	   1.6036	3.467e-03	   0.024	   374.875
 641	161	 5.6256	 0.9725	   1.4814	        1.4829	          0.0015	   1.6299	3.661e-03	   0.020	   375.266
 642	161	 5.6256	 0.9719	   1.4814	        1.4829	          0.0015	   1.5895	3.390e-03	   0.021	   375.655
 643	161	 5.6256	 0.9717	   1.4814	        1.4829	          0.0015	   1.5945	3.276e-03	   0.024	   376.088
 644	161	 5.6258	 0.9719	   1.4814	        1.4829	          0.0015	   1.6430	3.369e-03	   0.024	   376.540
 645	162	 5.6256	 0.9729	   1.4814	        1.4829	          0.0015	   1.6851	3.865e-03	   0.019	   376.966
 646	162	 5.6254	 0.9735	   1.4814	        1.4829	          0.0015	   1.6469	4.145e-03	   0.019	   377.376
 647	162	 5.6255	 0.9738	   1.4814	        1.4829	          0.0015	   1.6498	4.302e-03	   0.024	   377.795
 648	162	 5.6255	 0.9726	   1.4814	        1.4829	          0.0015	   1.5314	3.699e-03	   0.024	   378.250
 649	163	 5.6257	 0.9719	   1.4814	        1.4829	          0.0015	   1.5719	3.356e-03	   0.022	   378.732
 650	163	 5.6259	 0.9723	   1.4814	        1.4829	          0.0015	   1.6553	3.588e-03	   0.022	   379.187
 651	163	 5.6258	 0.9722	   1.4814	        1.4829	          0.0015	   1.6066	3.530e-03	   0.022	   379.591
 652	163	 5.6259	 0.9724	   1.4814	        1.4829	          0.0015	   1.6348	3.598e-03	   0.020	   380.006
 653	164	 5.6262	 0.9722	   1.4814	        1.4829	          0.0015	   1.6109	3.494e-03	   0.024	   380.420
 654	164	 5.6261	 0.9722	   1.4814	        1.4829	          0.0015	   1.6231	3.525e-03	   0.024	   380.848
 655	164	 5.6261	 0.9718	   1.4814	        1.4829	          0.0015	   1.5849	3.307e-03	   0.020	   381.254
 656	164	 5.6265	 0.9722	   1.4814	        1.4829	          0.0015	   1.6577	3.525e-03	   0.019	   381.635
 657	165	 5.6265	 0.9727	   1.4814	        1.4829	          0.0015	   1.6544	3.779e-03	   0.022	   382.049
 658	165	 5.6265	 0.9728	   1.4814	        1.4829	          0.0015	   1.6317	3.828e-03	   0.024	   382.460
 659	165	 5.6266	 0.9720	   1.4814	        1.4829	          0.0015	   1.5653	3.442e-03	   0.019	   382.857
 660	165	 5.6268	 0.9722	   1.4814	        1.4829	          0.0015	   1.6343	3.534e-03	   0.021	   383.280
 661	166	 5.6267	 0.9717	   1.4814	        1.4829	          0.0015	   1.5834	3.247e-03	   0.022	   383.692
 662	166	 5.6272	 0.9713	   1.4814	        1.4829	          0.0015	   1.6086	3.079e-03	   0.020	   384.094
 663	166	 5.6269	 0.9712	   1.4814	        1.4829	          0.0015	   1.6016	2.991e-03	   0.021	   384.486
 664	166	 5.6271	 0.9719	   1.4814	        1.4829	          0.0015	   1.6662	3.345e-03	   0.022	   384.889
 665	167	 5.6272	 0.9718	   1.4814	        1.4829	          0.0015	   1.6146	3.326e-03	   0.022	   385.278
 666	167	 5.6273	 0.9722	   1.4814	        1.4829	          0.0015	   1.6505	3.503e-03	   0.021	   385.669
 667	167	 5.6278	 0.9718	   1.4814	        1.4829	          0.0015	   1.6038	3.320e-03	   0.019	   386.074
 668	167	 5.6276	 0.9717	   1.4814	        1.4829	          0.0015	   1.6046	3.251e-03	   0.024	   386.481
 669	168	 5.6277	 0.9709	   1.4814	        1.4829	          0.0015	   1.5637	2.842e-03	   0.020	   386.876
 670	168	 5.6276	 0.9714	   1.4814	        1.4829	          0.0015	   1.6521	3.131e-03	   0.019	   387.258
 671	168	 5.6274	 0.9718	   1.4814	        1.4829	          0.0015	   1.6416	3.326e-03	   0.022	   387.649
 672	168	 5.6276	 0.9715	   1.4814	        1.4829	          0.0015	   1.6034	3.189e-03	   0.022	   388.060
 673	169	 5.6274	 0.9718	   1.4814	        1.4829	          0.0015	   1.6319	3.340e-03	   0.019	   388.447
 674	169	 5.6276	 0.9721	   1.4814	        1.4829	          0.0015	   1.6403	3.477e-03	   0.019	   388.833
 675	169	 5.6278	 0.9716	   1.4814	        1.4829	          0.0015	   1.5832	3.203e-03	   0.022	   389.226
 676	169	 5.6278	 0.9713	   1.4814	        1.4829	          0.0015	   1.6023	3.080e-03	   0.020	   389.614
 677	170	 5.6278	 0.9723	   1.4814	        1.4829	          0.0015	   1.6840	3.570e-03	   0.021	   390.025
 678	170	 5.6276	 0.9725	   1.4814	        1.4829	          0.0015	   1.6296	3.666e-03	   0.024	   390.440
 679	170	 5.6276	 0.9725	   1.4814	        1.4829	          0.0015	   1.6219	3.686e-03	   0.022	   390.830
 680	170	 5.6280	 0.9716	   1.4814	        1.4829	          0.0015	   1.5609	3.236e-03	   0.021	   391.243
 681	171	 5.6282	 0.9722	   1.4814	        1.4829	          0.0015	   1.6712	3.537e-03	   0.021	   391.651
 682	171	 5.6281	 0.9721	   1.4814	        1.4829	          0.0015	   1.6016	3.451e-03	   0.023	   392.084
 683	171	 5.6282	 0.9718	   1.4814	        1.4829	          0.0015	   1.5939	3.299e-03	   0.020	   392.493
 684	171	 5.6284	 0.9714	   1.4814	        1.4829	          0.0015	   1.5982	3.099e-03	   0.019	   392.875
 685	172	 5.6283	 0.9718	   1.4814	        1.4829	          0.0015	   1.6524	3.341e-03	   0.024	   393.287
 686	172	 5.6285	 0.9720	   1.4814	        1.4829	          0.0015	   1.6302	3.431e-03	   0.022	   393.695
 687	172	 5.6283	 0.9726	   1.4814	        1.4829	          0.0015	   1.6631	3.734e-03	   0.019	   394.097
 688	172	 5.6287	 0.9713	   1.4814	        1.4829	          0.0015	   1.5268	3.053e-03	   0.020	   394.521
 689	173	 5.6287	 0.9717	   1.4814	        1.4829	          0.0015	   1.6507	3.291e-03	   0.022	   394.914
 690	173	 5.6288	 0.9714	   1.4814	        1.4829	          0.0015	   1.5995	3.124e-03	   0.020	   395.301
 691	173	 5.6291	 0.9710	   1.4814	        1.4829	          0.0015	   1.5936	2.900e-03	   0.021	   395.689
 692	173	 5.6288	 0.9711	   1.4814	        1.4829	          0.0015	   1.6141	2.941e-03	   0.022	   396.096
 693	174	 5.6290	 0.9710	   1.4814	        1.4829	          0.0015	   1.6214	2.906e-03	   0.022	   396.486
 694	174	 5.6290	 0.9708	   1.4814	        1.4829	          0.0015	   1.6020	2.803e-03	   0.019	   396.873
 695	174	 5.6289	 0.9705	   1.4814	        1.4829	          0.0015	   1.5939	2.659e-03	   0.019	   397.281
 696	174	 5.6289	 0.9714	   1.4814	        1.4829	          0.0015	   1.6755	3.091e-03	   0.024	   397.685
 697	175	 5.6291	 0.9710	   1.4814	        1.4829	          0.0015	   1.6019	2.938e-03	   0.020	   398.083
 698	175	 5.6289	 0.9716	   1.4814	        1.4829	          0.0015	   1.6529	3.216e-03	   0.019	   398.465
 699	175	 5.6291	 0.9713	   1.4814	        1.4829	          0.0015	   1.5977	3.045e-03	   0.022	   398.857
 700	175	 5.6292	 0.9712	   1.4814	        1.4829	          0.0015	   1.6201	3.036e-03	   0.022	   399.268
 701	176	 5.6291	 0.9710	   1.4814	        1.4829	          0.0015	   1.5886	2.890e-03	   0.019	   399.655
 702	176	 5.6291	 0.9713	   1.4814	        1.4829	          0.0015	   1.6490	3.074e-03	   0.024	   400.093
 703	176	 5.6292	 0.9707	   1.4814	        1.4829	          0.0015	   1.5801	2.785e-03	   0.024	   400.557
 704	176	 5.6292	 0.9710	   1.4814	        1.4829	          0.0015	   1.6418	2.930e-03	   0.020	   400.961
 705	177	 5.6294	 0.9713	   1.4814	        1.4829	          0.0015	   1.6421	3.044e-03	   0.020	   401.370
 706	177	 5.6297	 0.9703	   1.4814	        1.4829	          0.0015	   1.5519	2.562e-03	   0.024	   401.783
 707	177	 5.6293	 0.9706	   1.4814	        1.4829	          0.0015	   1.6223	2.687e-03	   0.022	   402.177
 708	177	 5.6293	 0.9709	   1.4814	        1.4829	          0.0015	   1.6414	2.853e-03	   0.019	   402.586
 709	178	 5.6293	 0.9705	   1.4814	        1.4829	          0.0015	   1.5948	2.684e-03	   0.021	   402.995
 710	178	 5.6294	 0.9704	   1.4814	        1.4829	          0.0015	   1.6090	2.610e-03	   0.023	   403.426
 711	178	 5.6298	 0.9709	   1.4814	        1.4829	          0.0015	   1.6709	2.887e-03	   0.022	   403.837
 712	178	 5.6296	 0.9709	   1.4814	        1.4829	          0.0015	   1.6073	2.863e-03	   0.019	   404.222
 713	179	 5.6297	 0.9701	   1.4814	        1.4829	          0.0015	   1.5640	2.469e-03	   0.024	   404.630
 714	179	 5.6296	 0.9703	   1.4814	        1.4829	          0.0015	   1.6294	2.566e-03	   0.024	   405.061
 715	179	 5.6296	 0.9702	   1.4814	        1.4829	          0.0015	   1.6074	2.492e-03	   0.019	   405.493
 716	179	 5.6298	 0.9710	   1.4814	        1.4829	          0.0015	   1.6788	2.895e-03	   0.019	   405.901
 717	180	 5.6299	 0.9706	   1.4814	        1.4829	          0.0015	   1.5989	2.730e-03	   0.022	   406.294
 718	180	 5.6300	 0.9705	   1.4814	        1.4829	          0.0015	   1.6101	2.671e-03	   0.020	   406.681
 719	180	 5.6301	 0.9702	   1.4814	        1.4829	          0.0015	   1.6043	2.515e-03	   0.021	   407.064
 720	180	 5.6301	 0.9711	   1.4814	        1.4829	          0.0015	   1.6805	2.950e-03	   0.022	   407.476
 721	181	 5.6301	 0.9718	   1.4814	        1.4829	          0.0015	   1.6721	3.310e-03	   0.022	   407.865
 722	181	 5.6302	 0.9721	   1.4814	        1.4829	          0.0015	   1.6449	3.492e-03	   0.019	   408.252
 723	181	 5.6303	 0.9716	   1.4814	        1.4829	          0.0015	   1.5767	3.230e-03	   0.019	   408.661
 724	181	 5.6305	 0.9711	   1.4814	        1.4829	          0.0015	   1.5901	2.985e-03	   0.024	   409.058
 725	182	 5.6307	 0.9714	   1.4814	        1.4829	          0.0015	   1.6426	3.106e-03	   0.020	   409.463
 726	182	 5.6309	 0.9702	   1.4814	        1.4829	          0.0015	   1.5246	2.509e-03	   0.019	   409.845
 727	182	 5.6309	 0.9711	   1.4814	        1.4829	          0.0015	   1.6917	2.987e-03	   0.022	   410.236
 728	182	 5.6309	 0.9707	   1.4814	        1.4829	          0.0015	   1.5784	2.740e-03	   0.022	   410.647
 729	183	 5.6310	 0.9708	   1.4814	        1.4829	          0.0015	   1.6318	2.800e-03	   0.019	   411.034
 730	183	 5.6312	 0.9707	   1.4814	        1.4829	          0.0015	   1.6163	2.766e-03	   0.019	   411.421
 731	183	 5.6312	 0.9709	   1.4814	        1.4829	          0.0015	   1.6342	2.880e-03	   0.022	   411.814
 732	183	 5.6313	 0.9707	   1.4814	        1.4829	          0.0015	   1.5990	2.782e-03	   0.020	   412.201
 733	184	 5.6314	 0.9706	   1.4814	        1.4829	          0.0015	   1.6041	2.718e-03	   0.021	   412.606
 734	184	 5.6316	 0.9711	   1.4814	        1.4829	          0.0015	   1.6644	2.943e-03	   0.023	   413.019
 735	184	 5.6314	 0.9710	   1.4814	        1.4829	          0.0015	   1.6066	2.938e-03	   0.022	   413.418
 736	184	 5.6313	 0.9711	   1.4814	        1.4829	          0.0015	   1.6255	2.953e-03	   0.021	   413.825
 737	185	 5.6316	 0.9720	   1.4814	        1.4829	          0.0015	   1.7022	3.425e-03	   0.019	   414.231
 738	185	 5.6317	 0.9726	   1.4814	        1.4829	          0.0015	   1.6648	3.696e-03	   0.024	   414.664
 739	185	 5.6317	 0.9723	   1.4814	        1.4829	          0.0015	   1.5993	3.577e-03	   0.022	   415.073
 740	185	 5.6317	 0.9713	   1.4814	        1.4829	          0.0015	   1.5410	3.068e-03	   0.019	   415.462
 741	186	 5.6318	 0.9714	   1.4814	        1.4829	          0.0015	   1.6263	3.111e-03	   0.024	   415.865
 742	186	 5.6320	 0.9712	   1.4814	        1.4829	          0.0015	   1.6104	3.034e-03	   0.025	   416.302
 743	186	 5.6318	 0.9706	   1.4814	        1.4829	          0.0015	   1.5605	2.692e-03	   0.019	   416.721
 744	186	 5.6319	 0.9710	   1.4814	        1.4829	          0.0015	   1.6563	2.918e-03	   0.019	   417.108
 745	187	 5.6319	 0.9711	   1.4814	        1.4829	          0.0015	   1.6315	2.967e-03	   0.022	   417.501
 746	187	 5.6319	 0.9714	   1.4814	        1.4829	          0.0015	   1.6419	3.095e-03	   0.020	   417.888
 747	187	 5.6320	 0.9716	   1.4814	        1.4829	          0.0015	   1.6375	3.204e-03	   0.019	   418.269
 748	187	 5.6321	 0.9714	   1.4814	        1.4829	          0.0015	   1.5963	3.128e-03	   0.022	   418.683
 749	188	 5.6322	 0.9708	   1.4814	        1.4829	          0.0015	   1.5751	2.810e-03	   0.024	   419.074
 750	188	 5.6320	 0.9716	   1.4814	        1.4829	          0.0015	   1.6739	3.194e-03	   0.021	   419.502
 751	188	 5.6321	 0.9704	   1.4814	        1.4829	          0.0015	   1.5259	2.629e-03	   0.021	   419.952
 752	188	 5.6322	 0.9709	   1.4814	        1.4829	          0.0015	   1.6585	2.868e-03	   0.024	   420.386
 753	189	 5.6325	 0.9708	   1.4814	        1.4829	          0.0015	   1.6151	2.802e-03	   0.020	   420.804
 754	189	 5.6325	 0.9707	   1.4814	        1.4829	          0.0015	   1.6277	2.784e-03	   0.019	   421.186
 755	189	 5.6324	 0.9714	   1.4814	        1.4829	          0.0015	   1.6620	3.092e-03	   0.026	   421.632
 756	189	 5.6324	 0.9707	   1.4814	        1.4829	          0.0015	   1.5505	2.765e-03	   0.028	   422.118
 757	190	 5.6323	 0.9709	   1.4814	        1.4829	          0.0015	   1.6336	2.886e-03	   0.023	   422.558
 758	190	 5.6326	 0.9709	   1.4814	        1.4829	          0.0015	   1.6246	2.876e-03	   0.020	   422.967
 759	190	 5.6323	 0.9711	   1.4814	        1.4829	          0.0015	   1.6235	2.944e-03	   0.022	   423.360
 760	190	 5.6326	 0.9707	   1.4814	        1.4829	          0.0015	   1.5960	2.782e-03	   0.020	   423.747
 761	191	 5.6325	 0.9709	   1.4814	        1.4829	          0.0015	   1.6324	2.865e-03	   0.020	   424.150
 762	191	 5.6325	 0.9711	   1.4814	        1.4829	          0.0015	   1.6385	2.960e-03	   0.024	   424.562
 763	191	 5.6326	 0.9716	   1.4814	        1.4829	          0.0015	   1.6557	3.192e-03	   0.022	   424.964
 764	191	 5.6326	 0.9710	   1.4814	        1.4829	          0.0015	   1.5772	2.936e-03	   0.019	   425.367
 765	192	 5.6328	 0.9710	   1.4814	        1.4829	          0.0015	   1.6102	2.907e-03	   0.019	   425.777
 766	192	 5.6330	 0.9706	   1.4814	        1.4829	          0.0015	   1.5978	2.699e-03	   0.023	   426.207
 767	192	 5.6329	 0.9707	   1.4814	        1.4829	          0.0015	   1.6192	2.763e-03	   0.022	   426.616
 768	192	 5.6331	 0.9711	   1.4814	        1.4829	          0.0015	   1.6612	2.972e-03	   0.019	   427.008
 769	193	 5.6334	 0.9711	   1.4814	        1.4829	          0.0015	   1.6253	2.982e-03	   0.026	   427.442
 770	193	 5.6334	 0.9717	   1.4814	        1.4829	          0.0015	   1.6560	3.249e-03	   0.024	   427.882
 771	193	 5.6337	 0.9717	   1.4814	        1.4829	          0.0015	   1.6284	3.247e-03	   0.019	   428.301
 772	193	 5.6333	 0.9712	   1.4814	        1.4829	          0.0015	   1.5789	3.020e-03	   0.019	   428.687
 773	194	 5.6336	 0.9708	   1.4814	        1.4829	          0.0015	   1.5999	2.836e-03	   0.022	   429.080
 774	194	 5.6336	 0.9712	   1.4814	        1.4829	          0.0015	   1.6474	3.012e-03	   0.020	   429.468
 775	194	 5.6335	 0.9714	   1.4814	        1.4829	          0.0015	   1.6314	3.100e-03	   0.019	   429.849
 776	194	 5.6336	 0.9713	   1.4814	        1.4829	          0.0015	   1.6100	3.082e-03	   0.022	   430.262
 777	195	 5.6337	 0.9712	   1.4814	        1.4829	          0.0015	   1.6031	2.994e-03	   0.022	   430.652
 778	195	 5.6338	 0.9714	   1.4814	        1.4829	          0.0015	   1.6379	3.122e-03	   0.019	   431.039
 779	195	 5.6338	 0.9720	   1.4814	        1.4829	          0.0015	   1.6777	3.429e-03	   0.019	   431.447
 780	195	 5.6337	 0.9716	   1.4814	        1.4829	          0.0015	   1.5802	3.223e-03	   0.022	   431.840
 781	196	 5.6336	 0.9716	   1.4814	        1.4829	          0.0015	   1.6150	3.219e-03	   0.020	   432.250
 782	196	 5.6336	 0.9719	   1.4814	        1.4829	          0.0015	   1.6426	3.352e-03	   0.019	   432.631
 783	196	 5.6339	 0.9715	   1.4814	        1.4829	          0.0015	   1.5951	3.181e-03	   0.022	   433.023
 784	196	 5.6340	 0.9714	   1.4814	        1.4829	          0.0015	   1.6103	3.129e-03	   0.024	   433.428
 785	197	 5.6340	 0.9712	   1.4814	        1.4829	          0.0015	   1.6000	3.020e-03	   0.019	   433.821
 786	197	 5.6340	 0.9712	   1.4814	        1.4829	          0.0015	   1.6210	3.037e-03	   0.019	   434.208
 787	197	 5.6341	 0.9719	   1.4814	        1.4829	          0.0015	   1.6726	3.350e-03	   0.022	   434.601
 788	197	 5.6343	 0.9714	   1.4814	        1.4829	          0.0015	   1.5786	3.108e-03	   0.020	   434.988
 789	198	 5.6342	 0.9723	   1.4814	        1.4829	          0.0015	   1.6900	3.547e-03	   0.021	   435.388
 790	198	 5.6343	 0.9715	   1.4814	        1.4829	          0.0015	   1.5567	3.171e-03	   0.022	   435.801
 791	198	 5.6342	 0.9713	   1.4814	        1.4829	          0.0015	   1.5948	3.069e-03	   0.022	   436.205
 792	198	 5.6343	 0.9714	   1.4814	        1.4829	          0.0015	   1.6363	3.111e-03	   0.021	   436.606
 793	199	 5.6344	 0.9716	   1.4814	        1.4829	          0.0015	   1.6433	3.225e-03	   0.019	   437.017
 794	199	 5.6345	 0.9714	   1.4814	        1.4829	          0.0015	   1.6030	3.137e-03	   0.024	   437.446
 795	199	 5.6344	 0.9717	   1.4814	        1.4829	          0.0015	   1.6347	3.291e-03	   0.020	   437.852
 796	199	 5.6345	 0.9716	   1.4814	        1.4829	          0.0015	   1.6114	3.221e-03	   0.019	   438.249
 797	200	 5.6345	 0.9716	   1.4814	        1.4829	          0.0015	   1.6261	3.229e-03	   0.024	   438.680
 798	200	 5.6345	 0.9710	   1.4814	        1.4829	          0.0015	   1.5575	2.899e-03	   0.023	   439.101
 799	200	 5.6345	 0.9707	   1.4814	        1.4829	          0.0015	   1.5896	2.781e-03	   0.019	   439.509
 800	200	 5.6346	 0.9712	   1.4814	        1.4829	          0.0015	   1.6588	2.993e-03	   0.019	   439.895

[BSGD] Finished on device cuda -> σ_f² ≈ 5.6346, σ_ε² ≈ 0.9712
