[GPU 2][JOB 99] 'python cli.py bsgd --n 1024 --lengthscale 0.5 --sigma-f2-true 4.0 --sigma-eps2-true 1.0 --n-epochs 200 --device auto --kernel-mode finite --theta-min 1e-4 --theta-max 20.0 --print-every 1 --seed 8 --batch-size 256 --sigma-f2-init 5.0 --sigma-eps2-init 3.0 --alpha1 9.0 '

=== BSGD (biased SGD on exact kernel) ===
iter	epoch	σ_f²	σ_ε²	real_nlml	real_nlml_true	real_nlml_abs_err	mini_nlml	||grad||	duration_s	wall_time_s
   1	 1	 4.3126	 2.1112	   1.6062	        1.5064	          0.0998	   1.7005	1.169e-01	   0.263	     0.388
   2	 1	 4.0253	 1.6392	   1.5516	        1.5064	          0.0452	   1.6666	1.095e-01	   0.029	     1.228
   3	 1	 3.7972	 1.3437	   1.5220	        1.5064	          0.0157	   1.6261	8.435e-02	   0.036	     1.893
   4	 1	 3.6699	 1.2424	   1.5142	        1.5064	          0.0078	   1.6719	6.715e-02	   0.027	     2.600
   5	 2	 3.6464	 1.1835	   1.5106	        1.5064	          0.0043	   1.6690	5.383e-02	   0.031	     3.352
   6	 2	 3.5642	 1.0350	   1.5060	        1.5064	          0.0004	   1.5473	3.913e-03	   0.028	     4.086
   7	 2	 3.5277	 1.0475	   1.5060	        1.5064	          0.0004	   1.6304	9.245e-03	   0.028	     4.809
   8	 2	 3.4579	 1.0354	   1.5059	        1.5064	          0.0005	   1.6134	4.020e-03	   0.030	     5.561
   9	 3	 3.4447	 1.0696	   1.5063	        1.5064	          0.0001	   1.6588	1.810e-02	   0.031	     6.312
  10	 3	 3.4558	 1.0286	   1.5059	        1.5064	          0.0005	   1.5954	1.060e-03	   0.033	     7.056
  11	 3	 3.4150	 0.9943	   1.5061	        1.5064	          0.0002	   1.5672	1.558e-02	   0.033	     7.814
  12	 3	 3.3820	 1.0248	   1.5059	        1.5064	          0.0005	   1.6395	8.033e-04	   0.035	     8.555
  13	 4	 3.3770	 1.0286	   1.5059	        1.5064	          0.0005	   1.6260	9.688e-04	   0.030	     9.318
  14	 4	 3.3736	 1.0442	   1.5059	        1.5064	          0.0004	   1.6457	7.771e-03	   0.030	    10.072
  15	 4	 3.3596	 1.0483	   1.5060	        1.5064	          0.0004	   1.6324	9.487e-03	   0.029	    10.847
  16	 4	 3.3116	 1.0433	   1.5059	        1.5064	          0.0004	   1.6035	7.379e-03	   0.028	    11.594
  17	 5	 3.2817	 1.0144	   1.5059	        1.5064	          0.0005	   1.5626	5.688e-03	   0.031	    12.343
  18	 5	 3.3129	 1.0249	   1.5059	        1.5064	          0.0005	   1.6470	7.774e-04	   0.031	    13.088
  19	 5	 3.2846	 1.0294	   1.5059	        1.5064	          0.0005	   1.6116	1.290e-03	   0.034	    13.833
  20	 5	 3.2781	 1.0640	   1.5062	        1.5064	          0.0002	   1.7014	1.582e-02	   0.025	    14.576
  21	 6	 3.2577	 1.0471	   1.5060	        1.5064	          0.0004	   1.5824	8.944e-03	   0.028	    15.311
  22	 6	 3.2553	 1.0463	   1.5060	        1.5064	          0.0004	   1.6187	8.607e-03	   0.031	    16.060
  23	 6	 3.2431	 1.0511	   1.5060	        1.5064	          0.0004	   1.6416	1.060e-02	   0.035	    16.807
  24	 6	 3.2357	 1.0411	   1.5059	        1.5064	          0.0005	   1.5996	6.392e-03	   0.032	    17.552
  25	 7	 3.2371	 1.0566	   1.5061	        1.5064	          0.0003	   1.6767	1.284e-02	   0.030	    18.319
  26	 7	 3.2342	 1.0473	   1.5060	        1.5064	          0.0004	   1.6013	9.020e-03	   0.039	    19.106
  27	 7	 3.2243	 1.0376	   1.5059	        1.5064	          0.0005	   1.5822	4.872e-03	   0.028	    19.894
  28	 7	 3.2239	 1.0364	   1.5059	        1.5064	          0.0005	   1.6263	4.315e-03	   0.031	    20.674
  29	 8	 3.2259	 1.0287	   1.5059	        1.5064	          0.0005	   1.5982	9.051e-04	   0.032	    21.484
  30	 8	 3.2084	 1.0105	   1.5059	        1.5064	          0.0004	   1.5404	7.597e-03	   0.033	    22.260
  31	 8	 3.2089	 1.0306	   1.5059	        1.5064	          0.0005	   1.6849	1.739e-03	   0.031	    23.016
  32	 8	 3.1966	 1.0413	   1.5059	        1.5064	          0.0005	   1.6520	6.449e-03	   0.027	    23.764
  33	 9	 3.1981	 1.0319	   1.5059	        1.5064	          0.0005	   1.5909	2.322e-03	   0.035	    24.515
  34	 9	 3.1989	 1.0253	   1.5059	        1.5064	          0.0005	   1.5972	6.566e-04	   0.033	    25.257
  35	 9	 3.1965	 1.0219	   1.5059	        1.5064	          0.0005	   1.6011	2.190e-03	   0.031	    25.987
  36	 9	 3.1911	 1.0265	   1.5059	        1.5064	          0.0005	   1.6315	1.377e-04	   0.030	    26.740
  37	10	 3.1762	 1.0076	   1.5060	        1.5064	          0.0004	   1.5299	9.011e-03	   0.034	    27.484
  38	10	 3.1692	 1.0110	   1.5059	        1.5064	          0.0004	   1.6241	7.370e-03	   0.029	    28.225
  39	10	 3.1836	 1.0052	   1.5060	        1.5064	          0.0004	   1.5944	1.023e-02	   0.025	    28.971
  40	10	 3.1821	 1.0364	   1.5059	        1.5064	          0.0005	   1.7417	4.312e-03	   0.035	    29.747
  41	11	 3.1840	 1.0360	   1.5059	        1.5064	          0.0005	   1.6200	4.140e-03	   0.029	    30.489
  42	11	 3.1865	 1.0286	   1.5059	        1.5064	          0.0005	   1.5932	8.737e-04	   0.031	    31.240
  43	11	 3.1829	 1.0368	   1.5059	        1.5064	          0.0005	   1.6607	4.466e-03	   0.026	    32.009
  44	11	 3.1713	 1.0316	   1.5059	        1.5064	          0.0005	   1.5844	2.172e-03	   0.031	    32.782
  45	12	 3.1728	 1.0245	   1.5059	        1.5064	          0.0005	   1.5797	1.044e-03	   0.032	    33.524
  46	12	 3.1605	 1.0210	   1.5059	        1.5064	          0.0005	   1.5828	2.649e-03	   0.030	    34.270
  47	12	 3.1482	 1.0300	   1.5059	        1.5064	          0.0005	   1.6566	1.451e-03	   0.035	    35.021
  48	12	 3.1592	 1.0360	   1.5059	        1.5064	          0.0005	   1.6656	4.141e-03	   0.028	    35.766
  49	13	 3.1635	 1.0287	   1.5059	        1.5064	          0.0005	   1.5901	8.797e-04	   0.030	    36.497
  50	13	 3.1633	 1.0241	   1.5059	        1.5064	          0.0005	   1.5885	1.214e-03	   0.028	    37.244
  51	13	 3.1525	 1.0188	   1.5059	        1.5064	          0.0005	   1.5725	3.672e-03	   0.032	    37.992
  52	13	 3.1518	 1.0327	   1.5059	        1.5064	          0.0005	   1.6972	2.681e-03	   0.029	    38.736
  53	14	 3.1446	 1.0285	   1.5059	        1.5064	          0.0005	   1.5790	7.882e-04	   0.034	    39.518
  54	14	 3.1329	 1.0363	   1.5059	        1.5064	          0.0005	   1.6508	4.252e-03	   0.038	    40.369
  55	14	 3.1395	 1.0321	   1.5059	        1.5064	          0.0005	   1.6032	2.373e-03	   0.031	    41.167
  56	14	 3.1458	 1.0334	   1.5059	        1.5064	          0.0005	   1.6466	2.974e-03	   0.033	    41.950
  57	15	 3.1494	 1.0390	   1.5059	        1.5064	          0.0005	   1.6605	5.433e-03	   0.034	    42.762
  58	15	 3.1512	 1.0426	   1.5059	        1.5064	          0.0004	   1.6541	6.993e-03	   0.035	    43.546
  59	15	 3.1484	 1.0433	   1.5059	        1.5064	          0.0004	   1.6271	7.262e-03	   0.031	    44.307
  60	15	 3.1438	 1.0316	   1.5059	        1.5064	          0.0005	   1.5366	2.189e-03	   0.031	    45.052
  61	16	 3.1481	 1.0317	   1.5059	        1.5064	          0.0005	   1.6362	2.232e-03	   0.030	    45.797
  62	16	 3.1418	 1.0386	   1.5059	        1.5064	          0.0005	   1.6568	5.262e-03	   0.024	    46.541
  63	16	 3.1425	 1.0338	   1.5059	        1.5064	          0.0005	   1.5856	3.138e-03	   0.030	    47.279
  64	16	 3.1431	 1.0308	   1.5059	        1.5064	          0.0005	   1.5928	1.808e-03	   0.030	    48.028
  65	17	 3.1455	 1.0314	   1.5059	        1.5064	          0.0005	   1.6256	2.105e-03	   0.035	    48.773
  66	17	 3.1464	 1.0299	   1.5059	        1.5064	          0.0005	   1.6093	1.421e-03	   0.027	    49.514
  67	17	 3.1393	 1.0290	   1.5059	        1.5064	          0.0005	   1.6112	1.013e-03	   0.028	    50.263
  68	17	 3.1357	 1.0304	   1.5059	        1.5064	          0.0005	   1.6202	1.622e-03	   0.038	    51.029
  69	18	 3.1298	 1.0354	   1.5059	        1.5064	          0.0005	   1.6546	3.834e-03	   0.029	    51.774
  70	18	 3.1191	 1.0287	   1.5059	        1.5064	          0.0005	   1.5486	8.798e-04	   0.032	    52.529
  71	18	 3.1190	 1.0288	   1.5059	        1.5064	          0.0005	   1.6211	9.362e-04	   0.029	    53.296
  72	18	 3.1292	 1.0237	   1.5059	        1.5064	          0.0005	   1.5932	1.432e-03	   0.033	    54.071
  73	19	 3.1252	 1.0299	   1.5059	        1.5064	          0.0005	   1.6624	1.429e-03	   0.031	    54.814
  74	19	 3.1199	 1.0219	   1.5059	        1.5064	          0.0005	   1.5430	2.274e-03	   0.029	    55.560
  75	19	 3.1153	 1.0239	   1.5059	        1.5064	          0.0005	   1.6198	1.378e-03	   0.034	    56.309
  76	19	 3.1259	 1.0228	   1.5059	        1.5064	          0.0005	   1.6270	1.867e-03	   0.027	    57.048
  77	20	 3.1251	 1.0240	   1.5059	        1.5064	          0.0005	   1.6272	1.292e-03	   0.029	    57.783
  78	20	 3.1248	 1.0221	   1.5059	        1.5064	          0.0005	   1.5993	2.160e-03	   0.026	    58.535
  79	20	 3.1254	 1.0193	   1.5059	        1.5064	          0.0005	   1.5898	3.487e-03	   0.034	    59.284
  80	20	 3.1219	 1.0250	   1.5059	        1.5064	          0.0005	   1.6635	8.456e-04	   0.031	    60.023
  81	21	 3.1162	 1.0244	   1.5059	        1.5064	          0.0005	   1.5960	1.145e-03	   0.036	    60.779
  82	21	 3.1201	 1.0228	   1.5059	        1.5064	          0.0005	   1.6074	1.862e-03	   0.036	    61.595
  83	21	 3.1204	 1.0238	   1.5059	        1.5064	          0.0005	   1.6345	1.396e-03	   0.032	    62.359
  84	21	 3.1161	 1.0225	   1.5059	        1.5064	          0.0005	   1.5916	1.978e-03	   0.030	    63.122
  85	22	 3.1128	 1.0207	   1.5059	        1.5064	          0.0005	   1.5920	2.832e-03	   0.026	    63.936
  86	22	 3.1171	 1.0239	   1.5059	        1.5064	          0.0005	   1.6453	1.349e-03	   0.036	    64.734
  87	22	 3.1111	 1.0259	   1.5059	        1.5064	          0.0005	   1.6310	5.010e-04	   0.031	    65.494
  88	22	 3.1133	 1.0259	   1.5059	        1.5064	          0.0005	   1.6231	4.761e-04	   0.030	    66.235
  89	23	 3.1125	 1.0236	   1.5059	        1.5064	          0.0005	   1.5936	1.494e-03	   0.029	    66.981
  90	23	 3.1115	 1.0264	   1.5059	        1.5064	          0.0005	   1.6447	3.136e-04	   0.028	    67.729
  91	23	 3.1074	 1.0305	   1.5059	        1.5064	          0.0005	   1.6491	1.650e-03	   0.031	    68.461
  92	23	 3.1080	 1.0311	   1.5059	        1.5064	          0.0005	   1.6269	1.921e-03	   0.030	    69.211
  93	24	 3.1097	 1.0299	   1.5059	        1.5064	          0.0005	   1.6098	1.386e-03	   0.034	    69.960
  94	24	 3.1121	 1.0326	   1.5059	        1.5064	          0.0005	   1.6516	2.588e-03	   0.028	    70.703
  95	24	 3.1063	 1.0294	   1.5059	        1.5064	          0.0005	   1.5763	1.201e-03	   0.031	    71.448
  96	24	 3.1079	 1.0337	   1.5059	        1.5064	          0.0005	   1.6693	3.104e-03	   0.034	    72.210
  97	25	 3.1080	 1.0313	   1.5059	        1.5064	          0.0005	   1.5927	2.042e-03	   0.028	    72.962
  98	25	 3.1096	 1.0317	   1.5059	        1.5064	          0.0005	   1.6343	2.188e-03	   0.030	    73.711
  99	25	 3.1118	 1.0310	   1.5059	        1.5064	          0.0005	   1.6089	1.870e-03	   0.029	    74.469
 100	25	 3.1088	 1.0304	   1.5059	        1.5064	          0.0005	   1.6087	1.621e-03	   0.033	    75.256
 101	26	 3.1087	 1.0339	   1.5059	        1.5064	          0.0005	   1.6574	3.152e-03	   0.029	    76.015
 102	26	 3.1055	 1.0329	   1.5059	        1.5064	          0.0005	   1.6035	2.743e-03	   0.033	    76.805
 103	26	 3.1030	 1.0327	   1.5059	        1.5064	          0.0005	   1.6154	2.641e-03	   0.037	    77.592
 104	26	 3.1032	 1.0295	   1.5059	        1.5064	          0.0005	   1.5792	1.220e-03	   0.031	    78.365
 105	27	 3.1043	 1.0350	   1.5059	        1.5064	          0.0005	   1.6854	3.644e-03	   0.035	    79.113
 106	27	 3.1063	 1.0317	   1.5059	        1.5064	          0.0005	   1.5854	2.211e-03	   0.031	    79.856
 107	27	 3.1033	 1.0324	   1.5059	        1.5064	          0.0005	   1.6198	2.525e-03	   0.033	    80.634
 108	27	 3.1004	 1.0299	   1.5059	        1.5064	          0.0005	   1.5841	1.418e-03	   0.029	    81.435
 109	28	 3.0984	 1.0313	   1.5059	        1.5064	          0.0005	   1.6344	2.023e-03	   0.035	    82.238
 110	28	 3.0976	 1.0389	   1.5059	        1.5064	          0.0005	   1.7137	5.359e-03	   0.034	    83.048
 111	28	 3.1008	 1.0323	   1.5059	        1.5064	          0.0005	   1.5449	2.462e-03	   0.029	    83.809
 112	28	 3.0987	 1.0295	   1.5059	        1.5064	          0.0005	   1.5794	1.214e-03	   0.025	    84.573
 113	29	 3.1021	 1.0298	   1.5059	        1.5064	          0.0005	   1.6349	1.338e-03	   0.032	    85.390
 114	29	 3.1020	 1.0275	   1.5059	        1.5064	          0.0005	   1.5929	4.072e-04	   0.037	    86.180
 115	29	 3.0999	 1.0276	   1.5059	        1.5064	          0.0005	   1.6095	4.130e-04	   0.031	    86.948
 116	29	 3.0983	 1.0282	   1.5059	        1.5064	          0.0005	   1.6201	6.795e-04	   0.031	    87.696
 117	30	 3.0943	 1.0237	   1.5059	        1.5064	          0.0005	   1.5484	1.467e-03	   0.031	    88.443
 118	30	 3.0899	 1.0224	   1.5059	        1.5064	          0.0005	   1.5844	2.083e-03	   0.030	    89.189
 119	30	 3.0936	 1.0230	   1.5059	        1.5064	          0.0005	   1.6396	1.767e-03	   0.028	    89.918
 120	30	 3.0962	 1.0253	   1.5059	        1.5064	          0.0005	   1.6499	7.486e-04	   0.028	    90.670
 121	31	 3.0927	 1.0215	   1.5059	        1.5064	          0.0005	   1.5517	2.459e-03	   0.034	    91.417
 122	31	 3.0926	 1.0207	   1.5059	        1.5064	          0.0005	   1.6008	2.859e-03	   0.028	    92.154
 123	31	 3.0946	 1.0200	   1.5059	        1.5064	          0.0005	   1.6179	3.164e-03	   0.030	    92.905
 124	31	 3.0975	 1.0252	   1.5059	        1.5064	          0.0005	   1.6976	8.199e-04	   0.035	    93.668
 125	32	 3.0940	 1.0240	   1.5059	        1.5064	          0.0005	   1.5901	1.348e-03	   0.030	    94.421
 126	32	 3.0934	 1.0311	   1.5059	        1.5064	          0.0005	   1.7125	1.931e-03	   0.031	    95.161
 127	32	 3.0925	 1.0293	   1.5059	        1.5064	          0.0005	   1.5947	1.145e-03	   0.031	    95.922
 128	32	 3.0943	 1.0272	   1.5059	        1.5064	          0.0005	   1.5938	3.108e-04	   0.035	    96.716
 129	33	 3.0940	 1.0300	   1.5059	        1.5064	          0.0005	   1.6600	1.455e-03	   0.031	    97.457
 130	33	 3.0960	 1.0273	   1.5059	        1.5064	          0.0005	   1.5824	3.275e-04	   0.028	    98.201
 131	33	 3.0956	 1.0255	   1.5059	        1.5064	          0.0005	   1.5872	6.828e-04	   0.030	    98.951
 132	33	 3.0930	 1.0275	   1.5059	        1.5064	          0.0005	   1.6390	4.137e-04	   0.031	    99.701
 133	34	 3.0907	 1.0298	   1.5059	        1.5064	          0.0005	   1.6433	1.353e-03	   0.027	   100.430
 134	34	 3.0900	 1.0314	   1.5059	        1.5064	          0.0005	   1.6419	2.048e-03	   0.031	   101.178
 135	34	 3.0882	 1.0326	   1.5059	        1.5064	          0.0005	   1.6373	2.609e-03	   0.028	   101.920
 136	34	 3.0906	 1.0311	   1.5059	        1.5064	          0.0005	   1.6030	1.923e-03	   0.031	   102.692
 137	35	 3.0882	 1.0310	   1.5059	        1.5064	          0.0005	   1.6157	1.866e-03	   0.032	   103.450
 138	35	 3.0888	 1.0320	   1.5059	        1.5064	          0.0005	   1.6322	2.327e-03	   0.035	   104.232
 139	35	 3.0893	 1.0328	   1.5059	        1.5064	          0.0005	   1.6332	2.675e-03	   0.031	   105.000
 140	35	 3.0911	 1.0300	   1.5059	        1.5064	          0.0005	   1.5844	1.452e-03	   0.029	   105.762
 141	36	 3.0890	 1.0278	   1.5059	        1.5064	          0.0005	   1.5760	5.157e-04	   0.035	   106.567
 142	36	 3.0892	 1.0302	   1.5059	        1.5064	          0.0005	   1.6610	1.516e-03	   0.032	   107.360
 143	36	 3.0908	 1.0330	   1.5059	        1.5064	          0.0005	   1.6690	2.784e-03	   0.029	   108.134
 144	36	 3.0900	 1.0313	   1.5059	        1.5064	          0.0005	   1.5862	2.025e-03	   0.030	   108.883
 145	37	 3.0909	 1.0328	   1.5059	        1.5064	          0.0005	   1.6483	2.660e-03	   0.031	   109.624
 146	37	 3.0893	 1.0302	   1.5059	        1.5064	          0.0005	   1.5712	1.515e-03	   0.029	   110.370
 147	37	 3.0902	 1.0327	   1.5059	        1.5064	          0.0005	   1.6608	2.626e-03	   0.025	   111.105
 148	37	 3.0894	 1.0324	   1.5059	        1.5064	          0.0005	   1.6135	2.491e-03	   0.030	   111.859
 149	38	 3.0924	 1.0310	   1.5059	        1.5064	          0.0005	   1.6069	1.875e-03	   0.033	   112.600
 150	38	 3.0931	 1.0299	   1.5059	        1.5064	          0.0005	   1.6016	1.416e-03	   0.034	   113.345
 151	38	 3.0907	 1.0306	   1.5059	        1.5064	          0.0005	   1.6231	1.707e-03	   0.031	   114.092
 152	38	 3.0891	 1.0314	   1.5059	        1.5064	          0.0005	   1.6257	2.071e-03	   0.037	   114.847
 153	39	 3.0913	 1.0314	   1.5059	        1.5064	          0.0005	   1.6286	2.072e-03	   0.027	   115.602
 154	39	 3.0938	 1.0319	   1.5059	        1.5064	          0.0005	   1.6411	2.275e-03	   0.026	   116.341
 155	39	 3.0892	 1.0306	   1.5059	        1.5064	          0.0005	   1.5830	1.710e-03	   0.030	   117.113
 156	39	 3.0887	 1.0306	   1.5059	        1.5064	          0.0005	   1.6099	1.693e-03	   0.035	   117.899
 157	40	 3.0892	 1.0283	   1.5059	        1.5064	          0.0005	   1.5815	7.229e-04	   0.033	   118.644
 158	40	 3.0896	 1.0294	   1.5059	        1.5064	          0.0005	   1.6425	1.179e-03	   0.025	   119.385
 159	40	 3.0886	 1.0291	   1.5059	        1.5064	          0.0005	   1.6071	1.042e-03	   0.032	   120.137
 160	40	 3.0869	 1.0311	   1.5059	        1.5064	          0.0005	   1.6471	1.926e-03	   0.031	   120.879
 161	41	 3.0876	 1.0316	   1.5059	        1.5064	          0.0005	   1.6262	2.128e-03	   0.031	   121.625
 162	41	 3.0875	 1.0325	   1.5059	        1.5064	          0.0005	   1.6364	2.550e-03	   0.035	   122.421
 163	41	 3.0840	 1.0315	   1.5059	        1.5064	          0.0005	   1.5874	2.092e-03	   0.032	   123.220
 164	41	 3.0846	 1.0301	   1.5059	        1.5064	          0.0005	   1.5998	1.474e-03	   0.034	   123.984
 165	42	 3.0827	 1.0330	   1.5059	        1.5064	          0.0005	   1.6674	2.761e-03	   0.029	   124.737
 166	42	 3.0826	 1.0328	   1.5059	        1.5064	          0.0005	   1.6178	2.674e-03	   0.032	   125.516
 167	42	 3.0824	 1.0313	   1.5059	        1.5064	          0.0005	   1.5884	2.022e-03	   0.034	   126.287
 168	42	 3.0831	 1.0325	   1.5059	        1.5064	          0.0005	   1.6441	2.560e-03	   0.028	   127.043
 169	43	 3.0853	 1.0323	   1.5059	        1.5064	          0.0005	   1.6248	2.447e-03	   0.033	   127.840
 170	43	 3.0830	 1.0324	   1.5059	        1.5064	          0.0005	   1.6140	2.493e-03	   0.032	   128.647
 171	43	 3.0829	 1.0331	   1.5059	        1.5064	          0.0005	   1.6348	2.826e-03	   0.031	   129.426
 172	43	 3.0820	 1.0326	   1.5059	        1.5064	          0.0005	   1.6006	2.563e-03	   0.030	   130.167
 173	44	 3.0815	 1.0358	   1.5059	        1.5064	          0.0005	   1.6808	3.971e-03	   0.035	   130.915
 174	44	 3.0793	 1.0385	   1.5059	        1.5064	          0.0005	   1.6741	5.180e-03	   0.030	   131.661
 175	44	 3.0782	 1.0373	   1.5059	        1.5064	          0.0005	   1.5894	4.656e-03	   0.030	   132.394
 176	44	 3.0798	 1.0327	   1.5059	        1.5064	          0.0005	   1.5293	2.609e-03	   0.026	   133.141
 177	45	 3.0798	 1.0359	   1.5059	        1.5064	          0.0005	   1.6841	4.035e-03	   0.026	   133.888
 178	45	 3.0806	 1.0359	   1.5059	        1.5064	          0.0005	   1.6305	4.054e-03	   0.031	   134.636
 179	45	 3.0810	 1.0366	   1.5059	        1.5064	          0.0005	   1.6397	4.329e-03	   0.030	   135.381
 180	45	 3.0794	 1.0327	   1.5059	        1.5064	          0.0005	   1.5292	2.609e-03	   0.036	   136.129
 181	46	 3.0807	 1.0317	   1.5059	        1.5064	          0.0005	   1.6076	2.204e-03	   0.024	   136.889
 182	46	 3.0807	 1.0300	   1.5059	        1.5064	          0.0005	   1.5862	1.447e-03	   0.030	   137.628
 183	46	 3.0773	 1.0301	   1.5059	        1.5064	          0.0005	   1.6010	1.497e-03	   0.031	   138.397
 184	46	 3.0780	 1.0306	   1.5059	        1.5064	          0.0005	   1.6318	1.720e-03	   0.035	   139.181
 185	47	 3.0758	 1.0274	   1.5059	        1.5064	          0.0005	   1.5410	3.815e-04	   0.031	   139.933
 186	47	 3.0756	 1.0288	   1.5059	        1.5064	          0.0005	   1.6455	9.096e-04	   0.028	   140.679
 187	47	 3.0747	 1.0306	   1.5059	        1.5064	          0.0005	   1.6573	1.691e-03	   0.035	   141.427
 188	47	 3.0756	 1.0294	   1.5059	        1.5064	          0.0005	   1.5978	1.185e-03	   0.028	   142.167
 189	48	 3.0732	 1.0279	   1.5059	        1.5064	          0.0005	   1.5723	5.539e-04	   0.028	   142.903
 190	48	 3.0740	 1.0271	   1.5059	        1.5064	          0.0005	   1.6035	3.214e-04	   0.030	   143.630
 191	48	 3.0762	 1.0305	   1.5059	        1.5064	          0.0005	   1.7065	1.669e-03	   0.028	   144.368
 192	48	 3.0752	 1.0298	   1.5059	        1.5064	          0.0005	   1.6008	1.370e-03	   0.029	   145.080
 193	49	 3.0754	 1.0297	   1.5059	        1.5064	          0.0005	   1.6183	1.286e-03	   0.031	   145.832
 194	49	 3.0759	 1.0320	   1.5059	        1.5064	          0.0005	   1.6709	2.312e-03	   0.032	   146.575
 195	49	 3.0751	 1.0334	   1.5059	        1.5064	          0.0005	   1.6444	2.921e-03	   0.031	   147.302
 196	49	 3.0754	 1.0322	   1.5059	        1.5064	          0.0005	   1.5951	2.424e-03	   0.036	   148.034
 197	50	 3.0747	 1.0343	   1.5059	        1.5064	          0.0005	   1.6658	3.315e-03	   0.039	   148.794
 198	50	 3.0753	 1.0327	   1.5059	        1.5064	          0.0005	   1.5907	2.607e-03	   0.031	   149.562
 199	50	 3.0752	 1.0338	   1.5059	        1.5064	          0.0005	   1.6443	3.127e-03	   0.028	   150.299
 200	50	 3.0757	 1.0318	   1.5059	        1.5064	          0.0005	   1.5715	2.245e-03	   0.031	   151.012
 201	51	 3.0775	 1.0314	   1.5059	        1.5064	          0.0005	   1.6176	2.075e-03	   0.032	   151.728
 202	51	 3.0751	 1.0308	   1.5059	        1.5064	          0.0005	   1.5924	1.797e-03	   0.029	   152.435
 203	51	 3.0752	 1.0302	   1.5059	        1.5064	          0.0005	   1.6058	1.536e-03	   0.030	   153.132
 204	51	 3.0746	 1.0317	   1.5059	        1.5064	          0.0005	   1.6528	2.186e-03	   0.029	   153.839
 205	52	 3.0748	 1.0309	   1.5059	        1.5064	          0.0005	   1.6036	1.814e-03	   0.035	   154.559
 206	52	 3.0738	 1.0285	   1.5059	        1.5064	          0.0005	   1.5597	7.973e-04	   0.032	   155.262
 207	52	 3.0749	 1.0319	   1.5059	        1.5064	          0.0005	   1.7063	2.252e-03	   0.034	   155.975
 208	52	 3.0756	 1.0308	   1.5059	        1.5064	          0.0005	   1.5909	1.792e-03	   0.035	   156.731
 209	53	 3.0746	 1.0320	   1.5059	        1.5064	          0.0005	   1.6459	2.315e-03	   0.029	   157.498
 210	53	 3.0759	 1.0315	   1.5059	        1.5064	          0.0005	   1.6108	2.087e-03	   0.033	   158.241
 211	53	 3.0763	 1.0316	   1.5059	        1.5064	          0.0005	   1.6251	2.123e-03	   0.032	   158.993
 212	53	 3.0749	 1.0313	   1.5059	        1.5064	          0.0005	   1.6040	2.027e-03	   0.032	   159.770
 213	54	 3.0755	 1.0290	   1.5059	        1.5064	          0.0005	   1.5704	9.889e-04	   0.030	   160.482
 214	54	 3.0740	 1.0301	   1.5059	        1.5064	          0.0005	   1.6352	1.459e-03	   0.034	   161.200
 215	54	 3.0763	 1.0311	   1.5059	        1.5064	          0.0005	   1.6509	1.917e-03	   0.035	   161.958
 216	54	 3.0752	 1.0301	   1.5059	        1.5064	          0.0005	   1.5891	1.486e-03	   0.029	   162.697
 217	55	 3.0732	 1.0296	   1.5059	        1.5064	          0.0005	   1.6013	1.262e-03	   0.030	   163.439
 218	55	 3.0734	 1.0313	   1.5059	        1.5064	          0.0005	   1.6597	2.005e-03	   0.034	   164.176
 219	55	 3.0737	 1.0308	   1.5059	        1.5064	          0.0005	   1.6106	1.797e-03	   0.034	   164.907
 220	55	 3.0750	 1.0306	   1.5059	        1.5064	          0.0005	   1.6200	1.721e-03	   0.029	   165.614
 221	56	 3.0747	 1.0313	   1.5059	        1.5064	          0.0005	   1.6361	1.999e-03	   0.032	   166.324
 222	56	 3.0741	 1.0301	   1.5059	        1.5064	          0.0005	   1.5800	1.487e-03	   0.031	   167.057
 223	56	 3.0739	 1.0300	   1.5059	        1.5064	          0.0005	   1.6191	1.447e-03	   0.027	   167.787
 224	56	 3.0749	 1.0291	   1.5059	        1.5064	          0.0005	   1.6017	1.061e-03	   0.029	   168.523
 225	57	 3.0739	 1.0328	   1.5059	        1.5064	          0.0005	   1.7092	2.677e-03	   0.038	   169.272
 226	57	 3.0724	 1.0308	   1.5059	        1.5064	          0.0005	   1.5609	1.786e-03	   0.035	   170.052
 227	57	 3.0732	 1.0296	   1.5059	        1.5064	          0.0005	   1.5918	1.242e-03	   0.026	   170.790
 228	57	 3.0735	 1.0292	   1.5059	        1.5064	          0.0005	   1.6112	1.098e-03	   0.031	   171.506
 229	58	 3.0732	 1.0282	   1.5059	        1.5064	          0.0005	   1.5889	6.668e-04	   0.033	   172.218
 230	58	 3.0733	 1.0271	   1.5059	        1.5064	          0.0005	   1.5906	3.272e-04	   0.026	   172.923
 231	58	 3.0741	 1.0288	   1.5059	        1.5064	          0.0005	   1.6680	9.098e-04	   0.028	   173.626
 232	58	 3.0734	 1.0283	   1.5059	        1.5064	          0.0005	   1.6007	7.096e-04	   0.034	   174.339
 233	59	 3.0745	 1.0253	   1.5059	        1.5064	          0.0005	   1.5413	7.985e-04	   0.032	   175.048
 234	59	 3.0736	 1.0309	   1.5059	        1.5064	          0.0005	   1.7599	1.824e-03	   0.024	   175.753
 235	59	 3.0732	 1.0288	   1.5059	        1.5064	          0.0005	   1.5596	9.097e-04	   0.030	   176.465
 236	59	 3.0733	 1.0292	   1.5059	        1.5064	          0.0005	   1.6307	1.105e-03	   0.032	   177.180
 237	60	 3.0744	 1.0274	   1.5059	        1.5064	          0.0005	   1.5757	3.938e-04	   0.027	   177.905
 238	60	 3.0744	 1.0297	   1.5059	        1.5064	          0.0005	   1.6803	1.284e-03	   0.029	   178.608
 239	60	 3.0758	 1.0284	   1.5059	        1.5064	          0.0005	   1.5898	7.689e-04	   0.030	   179.341
 240	60	 3.0725	 1.0283	   1.5059	        1.5064	          0.0005	   1.5978	7.119e-04	   0.032	   180.092
 241	61	 3.0707	 1.0269	   1.5059	        1.5064	          0.0005	   1.5690	3.182e-04	   0.030	   180.805
 242	61	 3.0711	 1.0293	   1.5059	        1.5064	          0.0005	   1.6838	1.134e-03	   0.034	   181.515
 243	61	 3.0695	 1.0280	   1.5059	        1.5064	          0.0005	   1.5773	6.045e-04	   0.031	   182.231
 244	61	 3.0702	 1.0292	   1.5059	        1.5064	          0.0005	   1.6476	1.106e-03	   0.029	   182.937
 245	62	 3.0702	 1.0287	   1.5059	        1.5064	          0.0005	   1.6017	8.610e-04	   0.030	   183.662
 246	62	 3.0697	 1.0315	   1.5059	        1.5064	          0.0005	   1.6959	2.085e-03	   0.032	   184.385
 247	62	 3.0691	 1.0302	   1.5059	        1.5064	          0.0005	   1.5773	1.511e-03	   0.030	   185.098
 248	62	 3.0694	 1.0306	   1.5059	        1.5064	          0.0005	   1.6273	1.677e-03	   0.030	   185.807
 249	63	 3.0698	 1.0323	   1.5059	        1.5064	          0.0005	   1.6656	2.460e-03	   0.033	   186.514
 250	63	 3.0701	 1.0305	   1.5059	        1.5064	          0.0005	   1.5761	1.676e-03	   0.034	   187.250
 251	63	 3.0693	 1.0294	   1.5059	        1.5064	          0.0005	   1.5834	1.174e-03	   0.029	   187.977
 252	63	 3.0706	 1.0295	   1.5059	        1.5064	          0.0005	   1.6259	1.203e-03	   0.033	   188.710
 253	64	 3.0713	 1.0298	   1.5059	        1.5064	          0.0005	   1.6294	1.369e-03	   0.033	   189.445
 254	64	 3.0704	 1.0311	   1.5059	        1.5064	          0.0005	   1.6525	1.922e-03	   0.034	   190.239
 255	64	 3.0709	 1.0289	   1.5059	        1.5064	          0.0005	   1.5588	9.571e-04	   0.030	   190.988
 256	64	 3.0706	 1.0296	   1.5059	        1.5064	          0.0005	   1.6360	1.254e-03	   0.033	   191.697
 257	65	 3.0701	 1.0290	   1.5059	        1.5064	          0.0005	   1.5916	9.919e-04	   0.030	   192.407
 258	65	 3.0699	 1.0291	   1.5059	        1.5064	          0.0005	   1.6230	1.059e-03	   0.027	   193.115
 259	65	 3.0702	 1.0271	   1.5059	        1.5064	          0.0005	   1.5678	3.367e-04	   0.028	   193.817
 260	65	 3.0707	 1.0288	   1.5059	        1.5064	          0.0005	   1.6675	9.137e-04	   0.031	   194.525
 261	66	 3.0708	 1.0296	   1.5059	        1.5064	          0.0005	   1.6400	1.244e-03	   0.031	   195.236
 262	66	 3.0695	 1.0302	   1.5059	        1.5064	          0.0005	   1.6295	1.505e-03	   0.028	   195.947
 263	66	 3.0718	 1.0296	   1.5059	        1.5064	          0.0005	   1.6164	1.265e-03	   0.032	   196.659
 264	66	 3.0718	 1.0281	   1.5059	        1.5064	          0.0005	   1.5749	6.198e-04	   0.033	   197.371
 265	67	 3.0708	 1.0293	   1.5059	        1.5064	          0.0005	   1.6482	1.146e-03	   0.030	   198.099
 266	67	 3.0701	 1.0285	   1.5059	        1.5064	          0.0005	   1.5879	7.751e-04	   0.028	   198.801
 267	67	 3.0706	 1.0273	   1.5059	        1.5064	          0.0005	   1.5920	3.766e-04	   0.031	   199.531
 268	67	 3.0716	 1.0279	   1.5059	        1.5064	          0.0005	   1.6399	5.711e-04	   0.032	   200.266
 269	68	 3.0726	 1.0288	   1.5059	        1.5064	          0.0005	   1.6450	9.118e-04	   0.028	   201.035
 270	68	 3.0725	 1.0303	   1.5059	        1.5064	          0.0005	   1.6631	1.549e-03	   0.032	   201.778
 271	68	 3.0712	 1.0315	   1.5059	        1.5064	          0.0005	   1.6495	2.090e-03	   0.035	   202.495
 272	68	 3.0700	 1.0290	   1.5059	        1.5064	          0.0005	   1.5364	1.009e-03	   0.032	   203.236
 273	69	 3.0713	 1.0286	   1.5059	        1.5064	          0.0005	   1.6107	8.431e-04	   0.029	   203.957
 274	69	 3.0712	 1.0293	   1.5059	        1.5064	          0.0005	   1.6398	1.141e-03	   0.035	   204.681
 275	69	 3.0695	 1.0304	   1.5059	        1.5064	          0.0005	   1.6430	1.591e-03	   0.033	   205.388
 276	69	 3.0691	 1.0295	   1.5059	        1.5064	          0.0005	   1.5887	1.199e-03	   0.029	   206.096
 277	70	 3.0699	 1.0285	   1.5059	        1.5064	          0.0005	   1.5955	8.025e-04	   0.031	   206.808
 278	70	 3.0681	 1.0279	   1.5059	        1.5064	          0.0005	   1.5833	5.732e-04	   0.030	   207.526
 279	70	 3.0673	 1.0286	   1.5059	        1.5064	          0.0005	   1.6382	8.439e-04	   0.025	   208.231
 280	70	 3.0698	 1.0277	   1.5059	        1.5064	          0.0005	   1.6042	4.755e-04	   0.037	   208.946
 281	71	 3.0711	 1.0269	   1.5059	        1.5064	          0.0005	   1.5995	3.176e-04	   0.030	   209.646
 282	71	 3.0703	 1.0258	   1.5059	        1.5064	          0.0005	   1.5789	6.081e-04	   0.032	   210.308
 283	71	 3.0699	 1.0275	   1.5059	        1.5064	          0.0005	   1.6628	4.329e-04	   0.031	   210.905
 284	71	 3.0700	 1.0275	   1.5059	        1.5064	          0.0005	   1.6186	4.185e-04	   0.026	   211.507
 285	72	 3.0707	 1.0278	   1.5059	        1.5064	          0.0005	   1.6283	5.295e-04	   0.023	   212.071
 286	72	 3.0703	 1.0280	   1.5059	        1.5064	          0.0005	   1.6249	5.952e-04	   0.026	   212.647
 287	72	 3.0701	 1.0303	   1.5059	        1.5064	          0.0005	   1.6899	1.545e-03	   0.030	   213.221
 288	72	 3.0695	 1.0281	   1.5059	        1.5064	          0.0005	   1.5397	6.198e-04	   0.032	   213.791
 289	73	 3.0694	 1.0292	   1.5059	        1.5064	          0.0005	   1.6547	1.099e-03	   0.031	   214.362
 290	73	 3.0688	 1.0308	   1.5059	        1.5064	          0.0005	   1.6690	1.781e-03	   0.028	   214.935
 291	73	 3.0679	 1.0304	   1.5059	        1.5064	          0.0005	   1.5965	1.624e-03	   0.028	   215.508
 292	73	 3.0677	 1.0293	   1.5059	        1.5064	          0.0005	   1.5831	1.120e-03	   0.023	   216.073
 293	74	 3.0679	 1.0287	   1.5059	        1.5064	          0.0005	   1.6025	8.726e-04	   0.027	   216.669
 294	74	 3.0679	 1.0279	   1.5059	        1.5064	          0.0005	   1.5920	5.723e-04	   0.030	   217.246
 295	74	 3.0678	 1.0277	   1.5059	        1.5064	          0.0005	   1.6127	4.928e-04	   0.032	   217.859
 296	74	 3.0671	 1.0288	   1.5059	        1.5064	          0.0005	   1.6448	9.181e-04	   0.031	   218.433
 297	75	 3.0664	 1.0290	   1.5059	        1.5064	          0.0005	   1.6171	1.013e-03	   0.027	   219.023
 298	75	 3.0665	 1.0289	   1.5059	        1.5064	          0.0005	   1.6199	9.651e-04	   0.027	   219.600
 299	75	 3.0648	 1.0287	   1.5059	        1.5064	          0.0005	   1.6005	8.785e-04	   0.025	   220.166
 300	75	 3.0661	 1.0292	   1.5059	        1.5064	          0.0005	   1.6452	1.102e-03	   0.030	   220.776
 301	76	 3.0644	 1.0287	   1.5059	        1.5064	          0.0005	   1.5913	8.934e-04	   0.028	   221.349
 302	76	 3.0643	 1.0287	   1.5059	        1.5064	          0.0005	   1.6171	8.833e-04	   0.031	   221.924
 303	76	 3.0657	 1.0284	   1.5059	        1.5064	          0.0005	   1.6179	7.382e-04	   0.031	   222.494
 304	76	 3.0651	 1.0286	   1.5059	        1.5064	          0.0005	   1.6174	8.281e-04	   0.031	   223.064
 305	77	 3.0662	 1.0278	   1.5059	        1.5064	          0.0005	   1.5956	5.035e-04	   0.028	   223.639
 306	77	 3.0650	 1.0275	   1.5059	        1.5064	          0.0005	   1.5975	4.380e-04	   0.025	   224.220
 307	77	 3.0663	 1.0286	   1.5059	        1.5064	          0.0005	   1.6648	8.310e-04	   0.027	   224.816
 308	77	 3.0647	 1.0286	   1.5059	        1.5064	          0.0005	   1.6086	8.153e-04	   0.032	   225.423
 309	78	 3.0649	 1.0284	   1.5059	        1.5064	          0.0005	   1.6118	7.483e-04	   0.030	   226.056
 310	78	 3.0638	 1.0281	   1.5059	        1.5064	          0.0005	   1.5889	6.181e-04	   0.032	   226.682
 311	78	 3.0630	 1.0281	   1.5059	        1.5064	          0.0005	   1.6159	6.382e-04	   0.033	   227.275
 312	78	 3.0626	 1.0268	   1.5059	        1.5064	          0.0005	   1.5755	3.361e-04	   0.028	   227.856
 313	79	 3.0632	 1.0272	   1.5059	        1.5064	          0.0005	   1.6269	3.578e-04	   0.022	   228.422
 314	79	 3.0640	 1.0263	   1.5059	        1.5064	          0.0005	   1.5845	4.431e-04	   0.029	   228.996
 315	79	 3.0657	 1.0260	   1.5059	        1.5064	          0.0005	   1.6216	5.349e-04	   0.031	   229.595
 316	79	 3.0631	 1.0264	   1.5059	        1.5064	          0.0005	   1.6180	4.039e-04	   0.031	   230.207
 317	80	 3.0631	 1.0254	   1.5059	        1.5064	          0.0005	   1.5774	7.623e-04	   0.033	   230.825
 318	80	 3.0632	 1.0263	   1.5059	        1.5064	          0.0005	   1.6517	4.360e-04	   0.031	   231.421
 319	80	 3.0635	 1.0249	   1.5059	        1.5064	          0.0005	   1.5690	9.564e-04	   0.029	   231.994
 320	80	 3.0625	 1.0257	   1.5059	        1.5064	          0.0005	   1.6405	6.635e-04	   0.021	   232.554
 321	81	 3.0632	 1.0254	   1.5059	        1.5064	          0.0005	   1.6082	7.572e-04	   0.030	   233.156
 322	81	 3.0639	 1.0243	   1.5059	        1.5064	          0.0005	   1.5794	1.217e-03	   0.030	   233.768
 323	81	 3.0645	 1.0254	   1.5059	        1.5064	          0.0005	   1.6644	7.458e-04	   0.035	   234.414
 324	81	 3.0639	 1.0244	   1.5059	        1.5064	          0.0005	   1.5793	1.171e-03	   0.032	   235.015
 325	82	 3.0633	 1.0237	   1.5059	        1.5064	          0.0005	   1.5873	1.524e-03	   0.031	   235.614
 326	82	 3.0647	 1.0245	   1.5059	        1.5064	          0.0005	   1.6495	1.157e-03	   0.029	   236.208
 327	82	 3.0643	 1.0237	   1.5059	        1.5064	          0.0005	   1.5842	1.519e-03	   0.026	   236.801
 328	82	 3.0621	 1.0247	   1.5059	        1.5064	          0.0005	   1.6373	1.052e-03	   0.029	   237.394
 329	83	 3.0619	 1.0245	   1.5059	        1.5064	          0.0005	   1.5961	1.168e-03	   0.031	   237.967
 330	83	 3.0615	 1.0252	   1.5059	        1.5064	          0.0005	   1.6502	8.431e-04	   0.029	   238.538
 331	83	 3.0601	 1.0237	   1.5059	        1.5064	          0.0005	   1.5491	1.504e-03	   0.030	   239.110
 332	83	 3.0612	 1.0256	   1.5059	        1.5064	          0.0005	   1.6910	6.716e-04	   0.027	   239.685
 333	84	 3.0611	 1.0257	   1.5059	        1.5064	          0.0005	   1.6159	6.596e-04	   0.027	   240.259
 334	84	 3.0594	 1.0251	   1.5059	        1.5064	          0.0005	   1.5788	9.082e-04	   0.027	   240.836
 335	84	 3.0597	 1.0247	   1.5059	        1.5064	          0.0005	   1.6002	1.079e-03	   0.029	   241.433
 336	84	 3.0608	 1.0252	   1.5059	        1.5064	          0.0005	   1.6510	8.438e-04	   0.032	   242.034
 337	85	 3.0615	 1.0255	   1.5059	        1.5064	          0.0005	   1.6231	7.419e-04	   0.036	   242.670
 338	85	 3.0615	 1.0261	   1.5059	        1.5064	          0.0005	   1.6441	4.893e-04	   0.031	   243.293
 339	85	 3.0604	 1.0264	   1.5059	        1.5064	          0.0005	   1.6244	4.015e-04	   0.026	   243.888
 340	85	 3.0608	 1.0250	   1.5059	        1.5064	          0.0005	   1.5636	9.569e-04	   0.027	   244.480
 341	86	 3.0619	 1.0247	   1.5059	        1.5064	          0.0005	   1.6192	1.076e-03	   0.024	   245.042
 342	86	 3.0617	 1.0228	   1.5059	        1.5064	          0.0005	   1.5428	1.908e-03	   0.025	   245.614
 343	86	 3.0609	 1.0250	   1.5059	        1.5064	          0.0005	   1.6932	9.190e-04	   0.026	   246.185
 344	86	 3.0602	 1.0253	   1.5059	        1.5064	          0.0005	   1.6191	7.986e-04	   0.030	   246.760
 345	87	 3.0599	 1.0260	   1.5059	        1.5064	          0.0005	   1.6399	5.330e-04	   0.030	   247.331
 346	87	 3.0594	 1.0251	   1.5059	        1.5064	          0.0005	   1.5778	9.132e-04	   0.031	   247.905
 347	87	 3.0583	 1.0262	   1.5059	        1.5064	          0.0005	   1.6569	4.839e-04	   0.026	   248.478
 348	87	 3.0601	 1.0258	   1.5059	        1.5064	          0.0005	   1.6115	6.031e-04	   0.025	   249.045
 349	88	 3.0596	 1.0272	   1.5059	        1.5064	          0.0005	   1.6622	3.583e-04	   0.028	   249.639
 350	88	 3.0594	 1.0257	   1.5059	        1.5064	          0.0005	   1.5500	6.637e-04	   0.030	   250.209
 351	88	 3.0591	 1.0257	   1.5059	        1.5064	          0.0005	   1.6268	6.481e-04	   0.035	   250.816
 352	88	 3.0590	 1.0267	   1.5059	        1.5064	          0.0005	   1.6530	3.608e-04	   0.032	   251.400
 353	89	 3.0586	 1.0254	   1.5059	        1.5064	          0.0005	   1.5523	7.906e-04	   0.029	   251.993
 354	89	 3.0602	 1.0268	   1.5059	        1.5064	          0.0005	   1.6870	3.438e-04	   0.028	   252.591
 355	89	 3.0602	 1.0278	   1.5059	        1.5064	          0.0005	   1.6578	5.162e-04	   0.020	   253.171
 356	89	 3.0603	 1.0262	   1.5059	        1.5064	          0.0005	   1.5564	4.635e-04	   0.029	   253.746
 357	90	 3.0600	 1.0257	   1.5059	        1.5064	          0.0005	   1.5940	6.638e-04	   0.031	   254.317
 358	90	 3.0613	 1.0267	   1.5059	        1.5064	          0.0005	   1.6699	3.525e-04	   0.030	   254.886
 359	90	 3.0597	 1.0266	   1.5059	        1.5064	          0.0005	   1.6048	3.621e-04	   0.029	   255.461
 360	90	 3.0599	 1.0268	   1.5059	        1.5064	          0.0005	   1.6157	3.474e-04	   0.030	   256.032
 361	91	 3.0601	 1.0255	   1.5059	        1.5064	          0.0005	   1.5639	7.359e-04	   0.027	   256.607
 362	91	 3.0597	 1.0260	   1.5059	        1.5064	          0.0005	   1.6399	5.306e-04	   0.025	   257.181
 363	91	 3.0605	 1.0267	   1.5059	        1.5064	          0.0005	   1.6514	3.525e-04	   0.029	   257.788
 364	91	 3.0595	 1.0272	   1.5059	        1.5064	          0.0005	   1.6298	3.583e-04	   0.032	   258.378
 365	92	 3.0600	 1.0279	   1.5059	        1.5064	          0.0005	   1.6490	5.552e-04	   0.033	   259.012
 366	92	 3.0599	 1.0289	   1.5059	        1.5064	          0.0005	   1.6547	9.458e-04	   0.030	   259.636
 367	92	 3.0602	 1.0279	   1.5059	        1.5064	          0.0005	   1.5771	5.474e-04	   0.030	   260.238
 368	92	 3.0605	 1.0271	   1.5059	        1.5064	          0.0005	   1.5945	3.467e-04	   0.026	   260.825
 369	93	 3.0611	 1.0271	   1.5059	        1.5064	          0.0005	   1.6281	3.534e-04	   0.025	   261.391
 370	93	 3.0603	 1.0283	   1.5059	        1.5064	          0.0005	   1.6540	7.150e-04	   0.027	   261.966
 371	93	 3.0590	 1.0284	   1.5059	        1.5064	          0.0005	   1.6118	7.680e-04	   0.030	   262.541
 372	93	 3.0592	 1.0278	   1.5059	        1.5064	          0.0005	   1.5965	5.230e-04	   0.030	   263.110
 373	94	 3.0590	 1.0274	   1.5059	        1.5064	          0.0005	   1.5977	4.008e-04	   0.031	   263.682
 374	94	 3.0612	 1.0277	   1.5059	        1.5064	          0.0005	   1.6498	4.993e-04	   0.031	   264.255
 375	94	 3.0604	 1.0276	   1.5059	        1.5064	          0.0005	   1.6136	4.667e-04	   0.029	   264.829
 376	94	 3.0595	 1.0273	   1.5059	        1.5064	          0.0005	   1.5894	3.732e-04	   0.025	   265.420
 377	95	 3.0583	 1.0276	   1.5059	        1.5064	          0.0005	   1.6219	4.579e-04	   0.031	   266.055
 378	95	 3.0583	 1.0273	   1.5059	        1.5064	          0.0005	   1.6123	3.935e-04	   0.028	   266.633
 379	95	 3.0597	 1.0279	   1.5059	        1.5064	          0.0005	   1.6523	5.461e-04	   0.035	   267.231
 380	95	 3.0590	 1.0274	   1.5059	        1.5064	          0.0005	   1.5793	3.967e-04	   0.034	   267.823
 381	96	 3.0579	 1.0284	   1.5059	        1.5064	          0.0005	   1.6526	7.639e-04	   0.033	   268.447
 382	96	 3.0598	 1.0283	   1.5059	        1.5064	          0.0005	   1.6274	7.029e-04	   0.028	   269.047
 383	96	 3.0596	 1.0284	   1.5059	        1.5064	          0.0005	   1.6204	7.362e-04	   0.024	   269.622
 384	96	 3.0594	 1.0269	   1.5059	        1.5064	          0.0005	   1.5540	3.404e-04	   0.028	   270.197
 385	97	 3.0603	 1.0261	   1.5059	        1.5064	          0.0005	   1.5908	5.075e-04	   0.028	   270.770
 386	97	 3.0600	 1.0270	   1.5059	        1.5064	          0.0005	   1.6541	3.407e-04	   0.030	   271.345
 387	97	 3.0595	 1.0271	   1.5059	        1.5064	          0.0005	   1.6157	3.463e-04	   0.032	   271.916
 388	97	 3.0592	 1.0270	   1.5059	        1.5064	          0.0005	   1.6105	3.415e-04	   0.030	   272.486
 389	98	 3.0582	 1.0270	   1.5059	        1.5064	          0.0005	   1.6077	3.456e-04	   0.024	   273.057
 390	98	 3.0577	 1.0268	   1.5059	        1.5064	          0.0005	   1.6023	3.493e-04	   0.026	   273.631
 391	98	 3.0586	 1.0261	   1.5059	        1.5064	          0.0005	   1.5938	5.155e-04	   0.029	   274.234
 392	98	 3.0590	 1.0263	   1.5059	        1.5064	          0.0005	   1.6307	4.415e-04	   0.031	   274.826
 393	99	 3.0583	 1.0263	   1.5059	        1.5064	          0.0005	   1.6024	4.547e-04	   0.032	   275.461
 394	99	 3.0577	 1.0254	   1.5059	        1.5064	          0.0005	   1.5692	7.912e-04	   0.036	   276.089
 395	99	 3.0588	 1.0268	   1.5059	        1.5064	          0.0005	   1.6929	3.430e-04	   0.032	   276.688
 396	99	 3.0587	 1.0267	   1.5059	        1.5064	          0.0005	   1.6116	3.573e-04	   0.028	   277.279
 397	100	 3.0584	 1.0272	   1.5059	        1.5064	          0.0005	   1.6350	3.584e-04	   0.024	   277.844
 398	100	 3.0598	 1.0279	   1.5059	        1.5064	          0.0005	   1.6679	5.508e-04	   0.030	   278.419
 399	100	 3.0592	 1.0282	   1.5059	        1.5064	          0.0005	   1.6264	6.770e-04	   0.028	   278.990
 400	100	 3.0583	 1.0271	   1.5059	        1.5064	          0.0005	   1.5560	3.535e-04	   0.030	   279.563
 401	101	 3.0579	 1.0262	   1.5059	        1.5064	          0.0005	   1.5679	4.801e-04	   0.029	   280.138
 402	101	 3.0573	 1.0268	   1.5059	        1.5064	          0.0005	   1.6354	3.481e-04	   0.031	   280.710
 403	101	 3.0573	 1.0272	   1.5059	        1.5064	          0.0005	   1.6424	3.711e-04	   0.029	   281.281
 404	101	 3.0578	 1.0270	   1.5059	        1.5064	          0.0005	   1.6132	3.451e-04	   0.024	   281.843
 405	102	 3.0569	 1.0270	   1.5059	        1.5064	          0.0005	   1.6015	3.471e-04	   0.029	   282.435
 406	102	 3.0571	 1.0274	   1.5059	        1.5064	          0.0005	   1.6437	4.146e-04	   0.030	   283.013
 407	102	 3.0579	 1.0283	   1.5059	        1.5064	          0.0005	   1.6658	7.173e-04	   0.034	   283.603
 408	102	 3.0575	 1.0277	   1.5059	        1.5064	          0.0005	   1.5903	5.056e-04	   0.032	   284.207
 409	103	 3.0590	 1.0266	   1.5059	        1.5064	          0.0005	   1.5734	3.766e-04	   0.032	   284.831
 410	103	 3.0586	 1.0267	   1.5059	        1.5064	          0.0005	   1.6204	3.579e-04	   0.028	   285.410
 411	103	 3.0581	 1.0273	   1.5059	        1.5064	          0.0005	   1.6428	3.862e-04	   0.024	   285.972
 412	103	 3.0573	 1.0274	   1.5059	        1.5064	          0.0005	   1.6195	4.190e-04	   0.025	   286.544
 413	104	 3.0578	 1.0276	   1.5059	        1.5064	          0.0005	   1.6271	4.625e-04	   0.029	   287.121
 414	104	 3.0573	 1.0276	   1.5059	        1.5064	          0.0005	   1.6085	4.555e-04	   0.029	   287.690
 415	104	 3.0561	 1.0276	   1.5059	        1.5064	          0.0005	   1.6089	4.510e-04	   0.035	   288.268
 416	104	 3.0567	 1.0281	   1.5059	        1.5064	          0.0005	   1.6480	6.249e-04	   0.029	   288.838
 417	105	 3.0567	 1.0291	   1.5059	        1.5064	          0.0005	   1.6703	1.053e-03	   0.025	   289.413
 418	105	 3.0563	 1.0287	   1.5059	        1.5064	          0.0005	   1.5953	8.955e-04	   0.026	   289.977
 419	105	 3.0560	 1.0291	   1.5059	        1.5064	          0.0005	   1.6321	1.027e-03	   0.026	   290.581
 420	105	 3.0563	 1.0293	   1.5059	        1.5064	          0.0005	   1.6296	1.114e-03	   0.031	   291.177
 421	106	 3.0555	 1.0290	   1.5059	        1.5064	          0.0005	   1.5986	1.009e-03	   0.037	   291.841
 422	106	 3.0568	 1.0300	   1.5059	        1.5064	          0.0005	   1.6744	1.417e-03	   0.037	   292.502
 423	106	 3.0560	 1.0302	   1.5059	        1.5064	          0.0005	   1.6199	1.528e-03	   0.033	   293.151
 424	106	 3.0570	 1.0292	   1.5059	        1.5064	          0.0005	   1.5825	1.095e-03	   0.028	   293.779
 425	107	 3.0564	 1.0287	   1.5059	        1.5064	          0.0005	   1.5806	8.580e-04	   0.024	   294.364
 426	107	 3.0566	 1.0296	   1.5059	        1.5064	          0.0005	   1.6670	1.269e-03	   0.030	   294.934
 427	107	 3.0570	 1.0274	   1.5059	        1.5064	          0.0005	   1.5157	4.113e-04	   0.030	   295.504
 428	107	 3.0576	 1.0294	   1.5059	        1.5064	          0.0005	   1.7192	1.153e-03	   0.028	   296.078
 429	108	 3.0580	 1.0289	   1.5059	        1.5064	          0.0005	   1.5935	9.583e-04	   0.033	   296.681
 430	108	 3.0569	 1.0293	   1.5059	        1.5064	          0.0005	   1.6278	1.144e-03	   0.033	   297.295
 431	108	 3.0565	 1.0294	   1.5059	        1.5064	          0.0005	   1.6161	1.165e-03	   0.026	   297.884
 432	108	 3.0574	 1.0290	   1.5059	        1.5064	          0.0005	   1.6145	1.005e-03	   0.024	   298.467
 433	109	 3.0582	 1.0291	   1.5059	        1.5064	          0.0005	   1.6291	1.041e-03	   0.031	   299.051
 434	109	 3.0588	 1.0295	   1.5059	        1.5064	          0.0005	   1.6424	1.235e-03	   0.029	   299.631
 435	109	 3.0583	 1.0300	   1.5059	        1.5064	          0.0005	   1.6387	1.445e-03	   0.033	   300.232
 436	109	 3.0574	 1.0291	   1.5059	        1.5064	          0.0005	   1.5637	1.037e-03	   0.033	   300.875
 437	110	 3.0564	 1.0291	   1.5059	        1.5064	          0.0005	   1.6118	1.063e-03	   0.031	   301.470
 438	110	 3.0570	 1.0288	   1.5059	        1.5064	          0.0005	   1.6083	9.181e-04	   0.028	   302.059
 439	110	 3.0574	 1.0278	   1.5059	        1.5064	          0.0005	   1.5733	5.182e-04	   0.023	   302.624
 440	110	 3.0577	 1.0284	   1.5059	        1.5064	          0.0005	   1.6522	7.593e-04	   0.029	   303.201
 441	111	 3.0579	 1.0276	   1.5059	        1.5064	          0.0005	   1.5798	4.725e-04	   0.029	   303.771
 442	111	 3.0574	 1.0283	   1.5059	        1.5064	          0.0005	   1.6438	7.148e-04	   0.031	   304.341
 443	111	 3.0579	 1.0284	   1.5059	        1.5064	          0.0005	   1.6279	7.659e-04	   0.031	   304.916
 444	111	 3.0575	 1.0286	   1.5059	        1.5064	          0.0005	   1.6278	8.441e-04	   0.031	   305.488
 445	112	 3.0571	 1.0285	   1.5059	        1.5064	          0.0005	   1.6052	7.745e-04	   0.026	   306.060
 446	112	 3.0562	 1.0299	   1.5059	        1.5064	          0.0005	   1.6911	1.408e-03	   0.022	   306.624
 447	112	 3.0558	 1.0292	   1.5059	        1.5064	          0.0005	   1.5788	1.092e-03	   0.028	   307.233
 448	112	 3.0574	 1.0284	   1.5059	        1.5064	          0.0005	   1.5873	7.630e-04	   0.031	   307.828
 449	113	 3.0574	 1.0283	   1.5059	        1.5064	          0.0005	   1.6115	7.238e-04	   0.034	   308.451
 450	113	 3.0571	 1.0283	   1.5059	        1.5064	          0.0005	   1.6161	7.229e-04	   0.035	   309.064
 451	113	 3.0565	 1.0279	   1.5059	        1.5064	          0.0005	   1.5920	5.652e-04	   0.029	   309.680
 452	113	 3.0578	 1.0282	   1.5059	        1.5064	          0.0005	   1.6416	6.635e-04	   0.030	   310.277
 453	114	 3.0576	 1.0277	   1.5059	        1.5064	          0.0005	   1.5931	4.872e-04	   0.023	   310.845
 454	114	 3.0580	 1.0289	   1.5059	        1.5064	          0.0005	   1.6830	9.530e-04	   0.027	   311.419
 455	114	 3.0580	 1.0279	   1.5059	        1.5064	          0.0005	   1.5643	5.506e-04	   0.029	   311.995
 456	114	 3.0575	 1.0282	   1.5059	        1.5064	          0.0005	   1.6328	6.806e-04	   0.031	   312.566
 457	115	 3.0568	 1.0277	   1.5059	        1.5064	          0.0005	   1.5926	5.099e-04	   0.031	   313.136
 458	115	 3.0564	 1.0274	   1.5059	        1.5064	          0.0005	   1.5913	4.027e-04	   0.027	   313.707
 459	115	 3.0569	 1.0275	   1.5059	        1.5064	          0.0005	   1.6294	4.432e-04	   0.024	   314.258
 460	115	 3.0570	 1.0275	   1.5059	        1.5064	          0.0005	   1.6129	4.248e-04	   0.021	   314.770
 461	116	 3.0562	 1.0275	   1.5059	        1.5064	          0.0005	   1.6146	4.339e-04	   0.020	   315.284
 462	116	 3.0562	 1.0276	   1.5059	        1.5064	          0.0005	   1.6235	4.614e-04	   0.018	   315.759
 463	116	 3.0565	 1.0276	   1.5059	        1.5064	          0.0005	   1.6143	4.545e-04	   0.026	   316.257
 464	116	 3.0566	 1.0282	   1.5059	        1.5064	          0.0005	   1.6466	6.906e-04	   0.018	   316.740
 465	117	 3.0563	 1.0284	   1.5059	        1.5064	          0.0005	   1.6271	7.528e-04	   0.019	   317.185
 466	117	 3.0558	 1.0286	   1.5059	        1.5064	          0.0005	   1.6242	8.234e-04	   0.018	   317.652
 467	117	 3.0564	 1.0279	   1.5059	        1.5064	          0.0005	   1.5874	5.698e-04	   0.018	   318.095
 468	117	 3.0560	 1.0279	   1.5059	        1.5064	          0.0005	   1.6122	5.758e-04	   0.016	   318.539
 469	118	 3.0554	 1.0281	   1.5059	        1.5064	          0.0005	   1.6228	6.477e-04	   0.018	   318.982
 470	118	 3.0556	 1.0277	   1.5059	        1.5064	          0.0005	   1.5941	4.928e-04	   0.020	   319.433
 471	118	 3.0555	 1.0276	   1.5059	        1.5064	          0.0005	   1.6148	4.774e-04	   0.018	   319.881
 472	118	 3.0552	 1.0275	   1.5059	        1.5064	          0.0005	   1.6058	4.258e-04	   0.017	   320.322
 473	119	 3.0545	 1.0276	   1.5059	        1.5064	          0.0005	   1.6222	4.625e-04	   0.018	   320.771
 474	119	 3.0542	 1.0273	   1.5059	        1.5064	          0.0005	   1.5979	3.857e-04	   0.019	   321.215
 475	119	 3.0549	 1.0271	   1.5059	        1.5064	          0.0005	   1.6052	3.569e-04	   0.018	   321.690
 476	119	 3.0544	 1.0278	   1.5059	        1.5064	          0.0005	   1.6517	5.376e-04	   0.021	   322.162
 477	120	 3.0548	 1.0280	   1.5059	        1.5064	          0.0005	   1.6340	6.154e-04	   0.024	   322.669
 478	120	 3.0545	 1.0281	   1.5059	        1.5064	          0.0005	   1.6125	6.464e-04	   0.019	   323.154
 479	120	 3.0542	 1.0287	   1.5059	        1.5064	          0.0005	   1.6357	8.621e-04	   0.017	   323.627
 480	120	 3.0544	 1.0278	   1.5059	        1.5064	          0.0005	   1.5836	5.325e-04	   0.020	   324.098
 481	121	 3.0532	 1.0282	   1.5059	        1.5064	          0.0005	   1.6251	6.596e-04	   0.018	   324.551
 482	121	 3.0533	 1.0289	   1.5059	        1.5064	          0.0005	   1.6591	9.505e-04	   0.016	   324.995
 483	121	 3.0531	 1.0291	   1.5059	        1.5064	          0.0005	   1.6269	1.024e-03	   0.021	   325.455
 484	121	 3.0543	 1.0285	   1.5059	        1.5064	          0.0005	   1.5958	7.823e-04	   0.022	   325.947
 485	122	 3.0544	 1.0290	   1.5059	        1.5064	          0.0005	   1.6559	1.021e-03	   0.018	   326.407
 486	122	 3.0546	 1.0302	   1.5059	        1.5064	          0.0005	   1.6790	1.503e-03	   0.017	   326.848
 487	122	 3.0540	 1.0293	   1.5059	        1.5064	          0.0005	   1.5615	1.150e-03	   0.018	   327.297
 488	122	 3.0535	 1.0287	   1.5059	        1.5064	          0.0005	   1.5836	8.957e-04	   0.018	   327.740
 489	123	 3.0538	 1.0280	   1.5059	        1.5064	          0.0005	   1.5804	6.059e-04	   0.020	   328.194
 490	123	 3.0532	 1.0274	   1.5059	        1.5064	          0.0005	   1.5665	4.032e-04	   0.019	   328.688
 491	123	 3.0528	 1.0292	   1.5059	        1.5064	          0.0005	   1.7178	1.068e-03	   0.024	   329.177
 492	123	 3.0532	 1.0290	   1.5059	        1.5064	          0.0005	   1.6129	1.002e-03	   0.018	   329.662
 493	124	 3.0539	 1.0296	   1.5059	        1.5064	          0.0005	   1.6664	1.255e-03	   0.017	   330.103
 494	124	 3.0540	 1.0295	   1.5059	        1.5064	          0.0005	   1.6126	1.222e-03	   0.018	   330.575
 495	124	 3.0541	 1.0291	   1.5059	        1.5064	          0.0005	   1.5929	1.035e-03	   0.018	   331.018
 496	124	 3.0533	 1.0291	   1.5059	        1.5064	          0.0005	   1.6074	1.050e-03	   0.016	   331.461
 497	125	 3.0541	 1.0297	   1.5059	        1.5064	          0.0005	   1.6637	1.287e-03	   0.018	   331.905
 498	125	 3.0547	 1.0299	   1.5059	        1.5064	          0.0005	   1.6333	1.368e-03	   0.020	   332.356
 499	125	 3.0541	 1.0288	   1.5059	        1.5064	          0.0005	   1.5516	9.386e-04	   0.018	   332.803
 500	125	 3.0539	 1.0288	   1.5059	        1.5064	          0.0005	   1.6081	9.341e-04	   0.017	   333.245
 501	126	 3.0538	 1.0286	   1.5059	        1.5064	          0.0005	   1.6008	8.376e-04	   0.018	   333.693
 502	126	 3.0536	 1.0276	   1.5059	        1.5064	          0.0005	   1.5547	4.575e-04	   0.018	   334.136
 503	126	 3.0542	 1.0287	   1.5059	        1.5064	          0.0005	   1.6930	8.870e-04	   0.016	   334.608
 504	126	 3.0535	 1.0290	   1.5059	        1.5064	          0.0005	   1.6242	9.811e-04	   0.023	   335.078
 505	127	 3.0541	 1.0297	   1.5059	        1.5064	          0.0005	   1.6660	1.293e-03	   0.021	   335.584
 506	127	 3.0538	 1.0288	   1.5059	        1.5064	          0.0005	   1.5630	9.176e-04	   0.020	   336.074
 507	127	 3.0548	 1.0301	   1.5059	        1.5064	          0.0005	   1.7080	1.484e-03	   0.017	   336.543
 508	127	 3.0532	 1.0299	   1.5059	        1.5064	          0.0005	   1.5829	1.381e-03	   0.018	   337.016
 509	128	 3.0530	 1.0295	   1.5059	        1.5064	          0.0005	   1.5917	1.204e-03	   0.018	   337.474
 510	128	 3.0523	 1.0298	   1.5059	        1.5064	          0.0005	   1.6338	1.352e-03	   0.016	   337.917
 511	128	 3.0527	 1.0292	   1.5059	        1.5064	          0.0005	   1.5886	1.108e-03	   0.018	   338.361
 512	128	 3.0532	 1.0296	   1.5059	        1.5064	          0.0005	   1.6412	1.238e-03	   0.020	   338.812
 513	129	 3.0536	 1.0291	   1.5059	        1.5064	          0.0005	   1.5945	1.055e-03	   0.018	   339.259
 514	129	 3.0533	 1.0285	   1.5059	        1.5064	          0.0005	   1.5712	7.819e-04	   0.017	   339.701
 515	129	 3.0540	 1.0290	   1.5059	        1.5064	          0.0005	   1.6639	9.930e-04	   0.018	   340.149
 516	129	 3.0529	 1.0300	   1.5059	        1.5064	          0.0005	   1.6674	1.447e-03	   0.018	   340.593
 517	130	 3.0529	 1.0301	   1.5059	        1.5064	          0.0005	   1.6232	1.475e-03	   0.020	   341.044
 518	130	 3.0526	 1.0300	   1.5059	        1.5064	          0.0005	   1.6092	1.435e-03	   0.019	   341.540
 519	130	 3.0525	 1.0305	   1.5059	        1.5064	          0.0005	   1.6431	1.666e-03	   0.022	   342.004
 520	130	 3.0522	 1.0306	   1.5059	        1.5064	          0.0005	   1.6201	1.688e-03	   0.018	   342.483
 521	131	 3.0509	 1.0301	   1.5059	        1.5064	          0.0005	   1.5765	1.479e-03	   0.017	   342.924
 522	131	 3.0518	 1.0303	   1.5059	        1.5064	          0.0005	   1.6390	1.545e-03	   0.018	   343.395
 523	131	 3.0515	 1.0308	   1.5059	        1.5064	          0.0005	   1.6417	1.775e-03	   0.018	   343.838
 524	131	 3.0511	 1.0309	   1.5059	        1.5064	          0.0005	   1.6236	1.824e-03	   0.016	   344.281
 525	132	 3.0504	 1.0315	   1.5059	        1.5064	          0.0005	   1.6419	2.093e-03	   0.019	   344.725
 526	132	 3.0510	 1.0314	   1.5059	        1.5064	          0.0005	   1.6177	2.054e-03	   0.020	   345.176
 527	132	 3.0503	 1.0312	   1.5059	        1.5064	          0.0005	   1.5936	1.947e-03	   0.018	   345.623
 528	132	 3.0510	 1.0308	   1.5059	        1.5064	          0.0005	   1.6092	1.768e-03	   0.019	   346.096
 529	133	 3.0512	 1.0308	   1.5059	        1.5064	          0.0005	   1.6256	1.786e-03	   0.020	   346.586
 530	133	 3.0510	 1.0307	   1.5059	        1.5064	          0.0005	   1.6083	1.739e-03	   0.020	   347.070
 531	133	 3.0507	 1.0309	   1.5059	        1.5064	          0.0005	   1.6180	1.819e-03	   0.018	   347.559
 532	133	 3.0506	 1.0313	   1.5059	        1.5064	          0.0005	   1.6484	2.003e-03	   0.021	   348.025
 533	134	 3.0503	 1.0313	   1.5059	        1.5064	          0.0005	   1.6180	1.998e-03	   0.024	   348.533
 534	134	 3.0500	 1.0308	   1.5059	        1.5064	          0.0005	   1.5787	1.783e-03	   0.019	   349.024
 535	134	 3.0505	 1.0309	   1.5059	        1.5064	          0.0005	   1.6327	1.843e-03	   0.019	   349.495
 536	134	 3.0497	 1.0312	   1.5059	        1.5064	          0.0005	   1.6294	1.955e-03	   0.020	   349.988
 537	135	 3.0498	 1.0311	   1.5059	        1.5064	          0.0005	   1.6141	1.923e-03	   0.020	   350.487
 538	135	 3.0497	 1.0306	   1.5059	        1.5064	          0.0005	   1.5914	1.702e-03	   0.016	   350.958
 539	135	 3.0490	 1.0314	   1.5059	        1.5064	          0.0005	   1.6557	2.033e-03	   0.018	   351.417
 540	135	 3.0495	 1.0315	   1.5059	        1.5064	          0.0005	   1.6243	2.072e-03	   0.020	   351.868
 541	136	 3.0480	 1.0314	   1.5059	        1.5064	          0.0005	   1.5991	2.050e-03	   0.018	   352.315
 542	136	 3.0480	 1.0315	   1.5059	        1.5064	          0.0005	   1.6291	2.095e-03	   0.017	   352.756
 543	136	 3.0489	 1.0313	   1.5059	        1.5064	          0.0005	   1.6169	2.009e-03	   0.018	   353.205
 544	136	 3.0488	 1.0308	   1.5059	        1.5064	          0.0005	   1.5818	1.773e-03	   0.020	   353.671
 545	137	 3.0487	 1.0304	   1.5059	        1.5064	          0.0005	   1.5962	1.609e-03	   0.018	   354.145
 546	137	 3.0480	 1.0300	   1.5059	        1.5064	          0.0005	   1.5870	1.444e-03	   0.019	   354.628
 547	137	 3.0479	 1.0304	   1.5059	        1.5064	          0.0005	   1.6377	1.602e-03	   0.022	   355.088
 548	137	 3.0480	 1.0309	   1.5059	        1.5064	          0.0005	   1.6511	1.831e-03	   0.018	   355.571
 549	138	 3.0476	 1.0316	   1.5059	        1.5064	          0.0005	   1.6516	2.132e-03	   0.017	   356.012
 550	138	 3.0480	 1.0317	   1.5059	        1.5064	          0.0005	   1.6306	2.176e-03	   0.019	   356.483
 551	138	 3.0484	 1.0323	   1.5059	        1.5064	          0.0005	   1.6666	2.448e-03	   0.018	   356.926
 552	138	 3.0478	 1.0315	   1.5059	        1.5064	          0.0005	   1.5661	2.107e-03	   0.016	   357.369
 553	139	 3.0469	 1.0317	   1.5059	        1.5064	          0.0005	   1.6207	2.186e-03	   0.018	   357.813
 554	139	 3.0470	 1.0325	   1.5059	        1.5064	          0.0005	   1.6703	2.523e-03	   0.020	   358.264
 555	139	 3.0469	 1.0330	   1.5059	        1.5064	          0.0005	   1.6487	2.738e-03	   0.018	   358.712
 556	139	 3.0471	 1.0320	   1.5059	        1.5064	          0.0005	   1.5534	2.287e-03	   0.017	   359.153
 557	140	 3.0470	 1.0328	   1.5059	        1.5064	          0.0005	   1.6832	2.664e-03	   0.018	   359.602
 558	140	 3.0471	 1.0321	   1.5059	        1.5064	          0.0005	   1.5740	2.355e-03	   0.018	   360.018
 559	140	 3.0476	 1.0317	   1.5059	        1.5064	          0.0005	   1.5955	2.190e-03	   0.020	   360.476
 560	140	 3.0465	 1.0321	   1.5059	        1.5064	          0.0005	   1.6247	2.352e-03	   0.025	   360.924
 561	141	 3.0463	 1.0327	   1.5059	        1.5064	          0.0005	   1.6519	2.622e-03	   0.021	   361.398
 562	141	 3.0458	 1.0318	   1.5059	        1.5064	          0.0005	   1.5560	2.214e-03	   0.018	   361.852
 563	141	 3.0459	 1.0313	   1.5059	        1.5064	          0.0005	   1.5921	1.989e-03	   0.020	   362.289
 564	141	 3.0456	 1.0319	   1.5059	        1.5064	          0.0005	   1.6545	2.263e-03	   0.018	   362.735
 565	142	 3.0461	 1.0326	   1.5059	        1.5064	          0.0005	   1.6753	2.559e-03	   0.020	   363.164
 566	142	 3.0454	 1.0322	   1.5059	        1.5064	          0.0005	   1.5872	2.412e-03	   0.019	   363.578
 567	142	 3.0453	 1.0321	   1.5059	        1.5064	          0.0005	   1.6067	2.332e-03	   0.020	   363.993
 568	142	 3.0455	 1.0321	   1.5059	        1.5064	          0.0005	   1.6197	2.356e-03	   0.019	   364.412
 569	143	 3.0452	 1.0314	   1.5059	        1.5064	          0.0005	   1.5580	2.021e-03	   0.018	   364.827
 570	143	 3.0452	 1.0314	   1.5059	        1.5064	          0.0005	   1.6200	2.030e-03	   0.018	   365.239
 571	143	 3.0446	 1.0313	   1.5059	        1.5064	          0.0005	   1.6106	1.986e-03	   0.018	   365.656
 572	143	 3.0452	 1.0324	   1.5059	        1.5064	          0.0005	   1.7029	2.498e-03	   0.022	   366.094
 573	144	 3.0450	 1.0320	   1.5059	        1.5064	          0.0005	   1.5867	2.326e-03	   0.019	   366.521
 574	144	 3.0454	 1.0322	   1.5059	        1.5064	          0.0005	   1.6402	2.401e-03	   0.020	   366.958
 575	144	 3.0457	 1.0321	   1.5059	        1.5064	          0.0005	   1.6099	2.329e-03	   0.022	   367.397
 576	144	 3.0455	 1.0319	   1.5059	        1.5064	          0.0005	   1.6050	2.240e-03	   0.018	   367.836
 577	145	 3.0457	 1.0307	   1.5059	        1.5064	          0.0005	   1.5349	1.753e-03	   0.018	   368.247
 578	145	 3.0452	 1.0314	   1.5059	        1.5064	          0.0005	   1.6607	2.047e-03	   0.020	   368.683
 579	145	 3.0444	 1.0319	   1.5059	        1.5064	          0.0005	   1.6415	2.279e-03	   0.020	   369.101
 580	145	 3.0452	 1.0320	   1.5059	        1.5064	          0.0005	   1.6416	2.312e-03	   0.019	   369.514
 581	146	 3.0449	 1.0322	   1.5059	        1.5064	          0.0005	   1.6266	2.414e-03	   0.020	   369.929
 582	146	 3.0444	 1.0321	   1.5059	        1.5064	          0.0005	   1.5961	2.338e-03	   0.020	   370.348
 583	146	 3.0448	 1.0322	   1.5059	        1.5064	          0.0005	   1.6301	2.391e-03	   0.018	   370.763
 584	146	 3.0448	 1.0318	   1.5059	        1.5064	          0.0005	   1.6027	2.228e-03	   0.019	   371.175
 585	147	 3.0449	 1.0317	   1.5059	        1.5064	          0.0005	   1.6127	2.173e-03	   0.018	   371.592
 586	147	 3.0446	 1.0305	   1.5059	        1.5064	          0.0005	   1.5337	1.650e-03	   0.020	   372.005
 587	147	 3.0438	 1.0313	   1.5059	        1.5064	          0.0005	   1.6603	2.009e-03	   0.021	   372.440
 588	147	 3.0449	 1.0322	   1.5059	        1.5064	          0.0005	   1.6912	2.388e-03	   0.023	   372.880
 589	148	 3.0449	 1.0317	   1.5059	        1.5064	          0.0005	   1.5880	2.169e-03	   0.023	   373.357
 590	148	 3.0450	 1.0326	   1.5059	        1.5064	          0.0005	   1.6754	2.565e-03	   0.021	   373.821
 591	148	 3.0445	 1.0319	   1.5059	        1.5064	          0.0005	   1.5659	2.262e-03	   0.023	   374.293
 592	148	 3.0446	 1.0319	   1.5059	        1.5064	          0.0005	   1.6197	2.260e-03	   0.019	   374.764
 593	149	 3.0443	 1.0319	   1.5059	        1.5064	          0.0005	   1.6212	2.270e-03	   0.020	   375.199
 594	149	 3.0445	 1.0323	   1.5059	        1.5064	          0.0005	   1.6440	2.427e-03	   0.019	   375.612
 595	149	 3.0450	 1.0307	   1.5059	        1.5064	          0.0005	   1.5153	1.720e-03	   0.020	   376.027
 596	149	 3.0447	 1.0311	   1.5059	        1.5064	          0.0005	   1.6411	1.912e-03	   0.020	   376.446
 597	150	 3.0450	 1.0315	   1.5059	        1.5064	          0.0005	   1.6511	2.098e-03	   0.018	   376.861
 598	150	 3.0451	 1.0319	   1.5059	        1.5064	          0.0005	   1.6487	2.244e-03	   0.020	   377.275
 599	150	 3.0445	 1.0317	   1.5059	        1.5064	          0.0005	   1.5974	2.174e-03	   0.018	   377.728
 600	150	 3.0443	 1.0312	   1.5059	        1.5064	          0.0005	   1.5781	1.937e-03	   0.022	   378.164
 601	151	 3.0437	 1.0308	   1.5059	        1.5064	          0.0005	   1.5825	1.763e-03	   0.019	   378.588
 602	151	 3.0436	 1.0305	   1.5059	        1.5064	          0.0005	   1.5960	1.653e-03	   0.020	   379.025
 603	151	 3.0432	 1.0313	   1.5059	        1.5064	          0.0005	   1.6660	1.976e-03	   0.021	   379.460
 604	151	 3.0438	 1.0311	   1.5059	        1.5064	          0.0005	   1.6192	1.923e-03	   0.019	   379.902
 605	152	 3.0438	 1.0314	   1.5059	        1.5064	          0.0005	   1.6365	2.059e-03	   0.018	   380.314
 606	152	 3.0431	 1.0306	   1.5059	        1.5064	          0.0005	   1.5602	1.711e-03	   0.020	   380.744
 607	152	 3.0431	 1.0303	   1.5059	        1.5064	          0.0005	   1.5932	1.566e-03	   0.020	   381.167
 608	152	 3.0440	 1.0306	   1.5059	        1.5064	          0.0005	   1.6512	1.696e-03	   0.019	   381.581
 609	153	 3.0439	 1.0305	   1.5059	        1.5064	          0.0005	   1.6064	1.631e-03	   0.020	   381.996
 610	153	 3.0443	 1.0302	   1.5059	        1.5064	          0.0005	   1.6060	1.529e-03	   0.020	   382.415
 611	153	 3.0443	 1.0306	   1.5059	        1.5064	          0.0005	   1.6461	1.672e-03	   0.018	   382.830
 612	153	 3.0435	 1.0305	   1.5059	        1.5064	          0.0005	   1.6040	1.648e-03	   0.019	   383.241
 613	154	 3.0450	 1.0305	   1.5059	        1.5064	          0.0005	   1.6394	1.630e-03	   0.018	   383.659
 614	154	 3.0442	 1.0303	   1.5059	        1.5064	          0.0005	   1.5995	1.553e-03	   0.020	   384.072
 615	154	 3.0442	 1.0303	   1.5059	        1.5064	          0.0005	   1.6211	1.567e-03	   0.019	   384.502
 616	154	 3.0440	 1.0302	   1.5059	        1.5064	          0.0005	   1.6029	1.536e-03	   0.023	   384.943
 617	155	 3.0442	 1.0307	   1.5059	        1.5064	          0.0005	   1.6572	1.755e-03	   0.022	   385.416
 618	155	 3.0443	 1.0300	   1.5059	        1.5064	          0.0005	   1.5690	1.435e-03	   0.019	   385.882
 619	155	 3.0441	 1.0300	   1.5059	        1.5064	          0.0005	   1.6159	1.423e-03	   0.018	   386.310
 620	155	 3.0442	 1.0300	   1.5059	        1.5064	          0.0005	   1.6210	1.448e-03	   0.020	   386.757
 621	156	 3.0439	 1.0297	   1.5059	        1.5064	          0.0005	   1.5964	1.317e-03	   0.022	   387.194
 622	156	 3.0442	 1.0302	   1.5059	        1.5064	          0.0005	   1.6444	1.497e-03	   0.019	   387.609
 623	156	 3.0441	 1.0300	   1.5059	        1.5064	          0.0005	   1.6118	1.442e-03	   0.020	   388.024
 624	156	 3.0443	 1.0296	   1.5059	        1.5064	          0.0005	   1.5891	1.253e-03	   0.020	   388.443
 625	157	 3.0445	 1.0297	   1.5059	        1.5064	          0.0005	   1.6304	1.295e-03	   0.018	   388.858
 626	157	 3.0442	 1.0298	   1.5059	        1.5064	          0.0005	   1.6302	1.364e-03	   0.021	   389.273
 627	157	 3.0443	 1.0296	   1.5059	        1.5064	          0.0005	   1.5935	1.263e-03	   0.018	   389.725
 628	157	 3.0441	 1.0298	   1.5059	        1.5064	          0.0005	   1.6318	1.342e-03	   0.020	   390.138
 629	158	 3.0436	 1.0292	   1.5059	        1.5064	          0.0005	   1.5638	1.069e-03	   0.019	   390.551
 630	158	 3.0436	 1.0292	   1.5059	        1.5064	          0.0005	   1.6234	1.103e-03	   0.021	   390.989
 631	158	 3.0436	 1.0294	   1.5059	        1.5064	          0.0005	   1.6304	1.184e-03	   0.022	   391.420
 632	158	 3.0442	 1.0295	   1.5059	        1.5064	          0.0005	   1.6321	1.209e-03	   0.020	   391.863
 633	159	 3.0439	 1.0296	   1.5059	        1.5064	          0.0005	   1.6155	1.249e-03	   0.021	   392.281
 634	159	 3.0443	 1.0297	   1.5059	        1.5064	          0.0005	   1.6371	1.301e-03	   0.022	   392.745
 635	159	 3.0443	 1.0295	   1.5059	        1.5064	          0.0005	   1.6067	1.224e-03	   0.022	   393.216
 636	159	 3.0437	 1.0300	   1.5059	        1.5064	          0.0005	   1.6377	1.412e-03	   0.021	   393.671
 637	160	 3.0439	 1.0288	   1.5059	        1.5064	          0.0005	   1.5372	9.191e-04	   0.021	   394.110
 638	160	 3.0434	 1.0291	   1.5059	        1.5064	          0.0005	   1.6368	1.028e-03	   0.020	   394.544
 639	160	 3.0439	 1.0298	   1.5059	        1.5064	          0.0005	   1.6727	1.323e-03	   0.018	   394.959
 640	160	 3.0441	 1.0294	   1.5059	        1.5064	          0.0005	   1.5872	1.166e-03	   0.019	   395.371
 641	161	 3.0437	 1.0291	   1.5059	        1.5064	          0.0005	   1.5893	1.040e-03	   0.018	   395.788
 642	161	 3.0436	 1.0295	   1.5059	        1.5064	          0.0005	   1.6403	1.200e-03	   0.020	   396.202
 643	161	 3.0438	 1.0297	   1.5059	        1.5064	          0.0005	   1.6342	1.317e-03	   0.024	   396.635
 644	161	 3.0437	 1.0296	   1.5059	        1.5064	          0.0005	   1.6163	1.278e-03	   0.023	   397.117
 645	162	 3.0436	 1.0305	   1.5059	        1.5064	          0.0005	   1.6793	1.651e-03	   0.026	   397.619
 646	162	 3.0440	 1.0311	   1.5059	        1.5064	          0.0005	   1.6694	1.891e-03	   0.022	   398.110
 647	162	 3.0434	 1.0309	   1.5059	        1.5064	          0.0005	   1.6010	1.841e-03	   0.018	   398.542
 648	162	 3.0434	 1.0303	   1.5059	        1.5064	          0.0005	   1.5724	1.576e-03	   0.020	   398.985
 649	163	 3.0436	 1.0309	   1.5059	        1.5064	          0.0005	   1.6538	1.810e-03	   0.022	   399.420
 650	163	 3.0431	 1.0308	   1.5059	        1.5064	          0.0005	   1.6115	1.771e-03	   0.019	   399.840
 651	163	 3.0426	 1.0304	   1.5059	        1.5064	          0.0005	   1.5842	1.603e-03	   0.020	   400.256
 652	163	 3.0429	 1.0298	   1.5059	        1.5064	          0.0005	   1.5731	1.342e-03	   0.019	   400.675
 653	164	 3.0430	 1.0300	   1.5059	        1.5064	          0.0005	   1.6333	1.434e-03	   0.020	   401.112
 654	164	 3.0425	 1.0298	   1.5059	        1.5064	          0.0005	   1.5956	1.356e-03	   0.020	   401.555
 655	164	 3.0428	 1.0297	   1.5059	        1.5064	          0.0005	   1.6138	1.296e-03	   0.018	   401.989
 656	164	 3.0423	 1.0296	   1.5059	        1.5064	          0.0005	   1.6020	1.245e-03	   0.020	   402.402
 657	165	 3.0424	 1.0297	   1.5059	        1.5064	          0.0005	   1.6346	1.280e-03	   0.019	   402.816
 658	165	 3.0422	 1.0311	   1.5059	        1.5064	          0.0005	   1.7253	1.893e-03	   0.021	   403.253
 659	165	 3.0418	 1.0308	   1.5059	        1.5064	          0.0005	   1.5852	1.774e-03	   0.022	   403.680
 660	165	 3.0418	 1.0301	   1.5059	        1.5064	          0.0005	   1.5667	1.482e-03	   0.020	   404.124
 661	166	 3.0416	 1.0293	   1.5059	        1.5064	          0.0005	   1.5537	1.139e-03	   0.018	   404.543
 662	166	 3.0414	 1.0296	   1.5059	        1.5064	          0.0005	   1.6324	1.249e-03	   0.018	   404.960
 663	166	 3.0406	 1.0299	   1.5059	        1.5064	          0.0005	   1.6279	1.386e-03	   0.020	   405.396
 664	166	 3.0415	 1.0295	   1.5059	        1.5064	          0.0005	   1.6055	1.229e-03	   0.019	   405.809
 665	167	 3.0411	 1.0294	   1.5059	        1.5064	          0.0005	   1.5969	1.162e-03	   0.020	   406.225
 666	167	 3.0410	 1.0289	   1.5059	        1.5064	          0.0005	   1.5812	9.584e-04	   0.020	   406.644
 667	167	 3.0404	 1.0293	   1.5059	        1.5064	          0.0005	   1.6397	1.130e-03	   0.018	   407.059
 668	167	 3.0411	 1.0295	   1.5059	        1.5064	          0.0005	   1.6456	1.197e-03	   0.018	   407.470
 669	168	 3.0408	 1.0294	   1.5059	        1.5064	          0.0005	   1.6104	1.175e-03	   0.018	   407.888
 670	168	 3.0415	 1.0292	   1.5059	        1.5064	          0.0005	   1.6167	1.103e-03	   0.020	   408.301
 671	168	 3.0415	 1.0293	   1.5059	        1.5064	          0.0005	   1.6215	1.137e-03	   0.021	   408.725
 672	168	 3.0408	 1.0295	   1.5059	        1.5064	          0.0005	   1.6199	1.208e-03	   0.021	   409.169
 673	169	 3.0405	 1.0290	   1.5059	        1.5064	          0.0005	   1.5735	9.896e-04	   0.020	   409.631
 674	169	 3.0401	 1.0282	   1.5059	        1.5064	          0.0005	   1.5636	7.010e-04	   0.021	   410.103
 675	169	 3.0401	 1.0278	   1.5059	        1.5064	          0.0005	   1.5736	5.342e-04	   0.019	   410.539
 676	169	 3.0405	 1.0291	   1.5059	        1.5064	          0.0005	   1.7245	1.044e-03	   0.019	   410.978
 677	170	 3.0405	 1.0290	   1.5059	        1.5064	          0.0005	   1.6107	1.021e-03	   0.022	   411.412
 678	170	 3.0410	 1.0288	   1.5059	        1.5064	          0.0005	   1.6083	9.069e-04	   0.019	   411.838
 679	170	 3.0402	 1.0287	   1.5059	        1.5064	          0.0005	   1.6069	8.715e-04	   0.020	   412.253
 680	170	 3.0401	 1.0292	   1.5059	        1.5064	          0.0005	   1.6474	1.094e-03	   0.020	   412.672
 681	171	 3.0403	 1.0292	   1.5059	        1.5064	          0.0005	   1.6174	1.066e-03	   0.020	   413.112
 682	171	 3.0406	 1.0290	   1.5059	        1.5064	          0.0005	   1.6171	1.012e-03	   0.018	   413.537
 683	171	 3.0405	 1.0292	   1.5059	        1.5064	          0.0005	   1.6243	1.077e-03	   0.018	   413.954
 684	171	 3.0402	 1.0287	   1.5059	        1.5064	          0.0005	   1.5712	8.858e-04	   0.020	   414.368
 685	172	 3.0400	 1.0280	   1.5059	        1.5064	          0.0005	   1.5568	6.265e-04	   0.019	   414.781
 686	172	 3.0408	 1.0278	   1.5059	        1.5064	          0.0005	   1.6080	5.383e-04	   0.023	   415.217
 687	172	 3.0404	 1.0280	   1.5059	        1.5064	          0.0005	   1.6282	5.972e-04	   0.022	   415.641
 688	172	 3.0397	 1.0286	   1.5059	        1.5064	          0.0005	   1.6559	8.196e-04	   0.020	   416.085
 689	173	 3.0394	 1.0281	   1.5059	        1.5064	          0.0005	   1.5699	6.330e-04	   0.018	   416.508
 690	173	 3.0388	 1.0284	   1.5059	        1.5064	          0.0005	   1.6391	7.657e-04	   0.018	   416.925
 691	173	 3.0388	 1.0282	   1.5059	        1.5064	          0.0005	   1.5972	6.776e-04	   0.020	   417.361
 692	173	 3.0393	 1.0284	   1.5059	        1.5064	          0.0005	   1.6464	7.734e-04	   0.019	   417.775
 693	174	 3.0388	 1.0288	   1.5059	        1.5064	          0.0005	   1.6445	9.351e-04	   0.020	   418.190
 694	174	 3.0385	 1.0287	   1.5059	        1.5064	          0.0005	   1.6010	8.941e-04	   0.020	   418.609
 695	174	 3.0387	 1.0284	   1.5059	        1.5064	          0.0005	   1.6008	7.745e-04	   0.018	   419.024
 696	174	 3.0390	 1.0290	   1.5059	        1.5064	          0.0005	   1.6674	1.015e-03	   0.019	   419.436
 697	175	 3.0389	 1.0284	   1.5059	        1.5064	          0.0005	   1.5708	7.655e-04	   0.018	   419.853
 698	175	 3.0388	 1.0289	   1.5059	        1.5064	          0.0005	   1.6539	9.709e-04	   0.022	   420.300
 699	175	 3.0385	 1.0286	   1.5059	        1.5064	          0.0005	   1.5876	8.347e-04	   0.022	   420.756
 700	175	 3.0387	 1.0289	   1.5059	        1.5064	          0.0005	   1.6444	9.704e-04	   0.023	   421.203
 701	176	 3.0380	 1.0290	   1.5059	        1.5064	          0.0005	   1.6131	9.906e-04	   0.021	   421.665
 702	176	 3.0384	 1.0300	   1.5059	        1.5064	          0.0005	   1.6989	1.415e-03	   0.022	   422.130
 703	176	 3.0381	 1.0292	   1.5059	        1.5064	          0.0005	   1.5547	1.086e-03	   0.021	   422.573
 704	176	 3.0384	 1.0288	   1.5059	        1.5064	          0.0005	   1.5915	9.241e-04	   0.018	   423.008
 705	177	 3.0388	 1.0276	   1.5059	        1.5064	          0.0005	   1.5287	4.911e-04	   0.020	   423.445
 706	177	 3.0383	 1.0280	   1.5059	        1.5064	          0.0005	   1.6400	5.945e-04	   0.019	   423.873
 707	177	 3.0385	 1.0277	   1.5059	        1.5064	          0.0005	   1.5946	5.084e-04	   0.022	   424.291
 708	177	 3.0382	 1.0285	   1.5059	        1.5064	          0.0005	   1.6768	7.864e-04	   0.020	   424.745
 709	178	 3.0385	 1.0273	   1.5059	        1.5064	          0.0005	   1.5284	4.231e-04	   0.020	   425.182
 710	178	 3.0385	 1.0277	   1.5059	        1.5064	          0.0005	   1.6401	5.021e-04	   0.018	   425.605
 711	178	 3.0383	 1.0286	   1.5059	        1.5064	          0.0005	   1.6947	8.331e-04	   0.018	   426.022
 712	178	 3.0376	 1.0285	   1.5059	        1.5064	          0.0005	   1.5967	7.990e-04	   0.020	   426.436
 713	179	 3.0379	 1.0284	   1.5059	        1.5064	          0.0005	   1.6054	7.483e-04	   0.019	   426.849
 714	179	 3.0375	 1.0278	   1.5059	        1.5064	          0.0005	   1.5736	5.471e-04	   0.022	   427.280
 715	179	 3.0368	 1.0283	   1.5059	        1.5064	          0.0005	   1.6387	7.035e-04	   0.019	   427.705
 716	179	 3.0378	 1.0285	   1.5059	        1.5064	          0.0005	   1.6512	7.854e-04	   0.020	   428.148
 717	180	 3.0385	 1.0293	   1.5059	        1.5064	          0.0005	   1.7016	1.138e-03	   0.018	   428.576
 718	180	 3.0382	 1.0289	   1.5059	        1.5064	          0.0005	   1.5780	9.467e-04	   0.018	   428.993
 719	180	 3.0376	 1.0290	   1.5059	        1.5064	          0.0005	   1.6147	1.006e-03	   0.020	   429.429
 720	180	 3.0376	 1.0286	   1.5059	        1.5064	          0.0005	   1.5883	8.557e-04	   0.019	   429.842
 721	181	 3.0377	 1.0286	   1.5059	        1.5064	          0.0005	   1.6140	8.257e-04	   0.020	   430.258
 722	181	 3.0375	 1.0289	   1.5059	        1.5064	          0.0005	   1.6447	9.775e-04	   0.020	   430.677
 723	181	 3.0384	 1.0289	   1.5059	        1.5064	          0.0005	   1.6233	9.606e-04	   0.018	   431.092
 724	181	 3.0378	 1.0285	   1.5059	        1.5064	          0.0005	   1.5796	8.044e-04	   0.019	   431.503
 725	182	 3.0375	 1.0287	   1.5059	        1.5064	          0.0005	   1.6251	8.705e-04	   0.018	   431.921
 726	182	 3.0378	 1.0282	   1.5059	        1.5064	          0.0005	   1.5850	6.916e-04	   0.020	   432.334
 727	182	 3.0378	 1.0285	   1.5059	        1.5064	          0.0005	   1.6397	8.010e-04	   0.021	   432.750
 728	182	 3.0381	 1.0283	   1.5059	        1.5064	          0.0005	   1.6049	7.113e-04	   0.021	   433.196
 729	183	 3.0374	 1.0285	   1.5059	        1.5064	          0.0005	   1.6235	8.017e-04	   0.020	   433.658
 730	183	 3.0372	 1.0285	   1.5059	        1.5064	          0.0005	   1.6113	7.822e-04	   0.021	   434.123
 731	183	 3.0376	 1.0284	   1.5059	        1.5064	          0.0005	   1.6228	7.800e-04	   0.020	   434.567
 732	183	 3.0385	 1.0283	   1.5059	        1.5064	          0.0005	   1.6166	7.025e-04	   0.020	   435.002
 733	184	 3.0380	 1.0278	   1.5059	        1.5064	          0.0005	   1.5678	5.560e-04	   0.020	   435.442
 734	184	 3.0383	 1.0279	   1.5059	        1.5064	          0.0005	   1.6303	5.680e-04	   0.019	   435.871
 735	184	 3.0388	 1.0287	   1.5059	        1.5064	          0.0005	   1.6987	8.846e-04	   0.023	   436.290
 736	184	 3.0386	 1.0282	   1.5059	        1.5064	          0.0005	   1.5722	7.006e-04	   0.020	   436.743
 737	185	 3.0379	 1.0279	   1.5059	        1.5064	          0.0005	   1.5742	5.779e-04	   0.018	   437.158
 738	185	 3.0385	 1.0278	   1.5059	        1.5064	          0.0005	   1.6213	5.537e-04	   0.018	   437.570
 739	185	 3.0386	 1.0285	   1.5059	        1.5064	          0.0005	   1.6744	7.831e-04	   0.018	   437.987
 740	185	 3.0385	 1.0287	   1.5059	        1.5064	          0.0005	   1.6328	8.670e-04	   0.020	   438.400
 741	186	 3.0389	 1.0285	   1.5059	        1.5064	          0.0005	   1.6055	7.983e-04	   0.021	   438.853
 742	186	 3.0386	 1.0292	   1.5059	        1.5064	          0.0005	   1.6699	1.087e-03	   0.025	   439.322
 743	186	 3.0383	 1.0289	   1.5059	        1.5064	          0.0005	   1.5923	9.676e-04	   0.022	   439.792
 744	186	 3.0385	 1.0285	   1.5059	        1.5064	          0.0005	   1.5859	7.958e-04	   0.020	   440.242
 745	187	 3.0385	 1.0287	   1.5059	        1.5064	          0.0005	   1.6364	8.970e-04	   0.019	   440.674
 746	187	 3.0387	 1.0286	   1.5059	        1.5064	          0.0005	   1.6192	8.454e-04	   0.018	   441.091
 747	187	 3.0388	 1.0283	   1.5059	        1.5064	          0.0005	   1.5883	7.227e-04	   0.022	   441.526
 748	187	 3.0383	 1.0286	   1.5059	        1.5064	          0.0005	   1.6378	8.562e-04	   0.019	   441.940
 749	188	 3.0383	 1.0286	   1.5059	        1.5064	          0.0005	   1.6213	8.578e-04	   0.021	   442.356
 750	188	 3.0383	 1.0292	   1.5059	        1.5064	          0.0005	   1.6616	1.067e-03	   0.020	   442.775
 751	188	 3.0383	 1.0295	   1.5059	        1.5064	          0.0005	   1.6448	1.203e-03	   0.020	   443.225
 752	188	 3.0379	 1.0290	   1.5059	        1.5064	          0.0005	   1.5656	9.833e-04	   0.019	   443.671
 753	189	 3.0377	 1.0294	   1.5059	        1.5064	          0.0005	   1.6487	1.166e-03	   0.020	   444.111
 754	189	 3.0373	 1.0290	   1.5059	        1.5064	          0.0005	   1.5812	1.012e-03	   0.020	   444.535
 755	189	 3.0375	 1.0286	   1.5059	        1.5064	          0.0005	   1.5758	8.282e-04	   0.019	   444.948
 756	189	 3.0375	 1.0289	   1.5059	        1.5064	          0.0005	   1.6495	9.568e-04	   0.023	   445.395
 757	190	 3.0372	 1.0288	   1.5059	        1.5064	          0.0005	   1.6092	9.317e-04	   0.022	   445.857
 758	190	 3.0367	 1.0292	   1.5059	        1.5064	          0.0005	   1.6329	1.077e-03	   0.020	   446.316
 759	190	 3.0372	 1.0289	   1.5059	        1.5064	          0.0005	   1.6051	9.601e-04	   0.019	   446.763
 760	190	 3.0372	 1.0291	   1.5059	        1.5064	          0.0005	   1.6326	1.028e-03	   0.020	   447.196
 761	191	 3.0375	 1.0293	   1.5059	        1.5064	          0.0005	   1.6427	1.119e-03	   0.022	   447.641
 762	191	 3.0374	 1.0293	   1.5059	        1.5064	          0.0005	   1.6106	1.116e-03	   0.021	   448.094
 763	191	 3.0380	 1.0292	   1.5059	        1.5064	          0.0005	   1.6170	1.070e-03	   0.022	   448.540
 764	191	 3.0374	 1.0289	   1.5059	        1.5064	          0.0005	   1.5886	9.758e-04	   0.019	   448.976
 765	192	 3.0369	 1.0291	   1.5059	        1.5064	          0.0005	   1.6209	1.037e-03	   0.018	   449.391
 766	192	 3.0371	 1.0295	   1.5059	        1.5064	          0.0005	   1.6597	1.228e-03	   0.018	   449.803
 767	192	 3.0372	 1.0295	   1.5059	        1.5064	          0.0005	   1.6208	1.224e-03	   0.018	   450.220
 768	192	 3.0372	 1.0293	   1.5059	        1.5064	          0.0005	   1.6034	1.150e-03	   0.020	   450.634
 769	193	 3.0368	 1.0288	   1.5059	        1.5064	          0.0005	   1.5599	9.152e-04	   0.019	   451.047
 770	193	 3.0356	 1.0283	   1.5059	        1.5064	          0.0005	   1.5581	7.360e-04	   0.022	   451.471
 771	193	 3.0366	 1.0291	   1.5059	        1.5064	          0.0005	   1.6957	1.029e-03	   0.019	   451.904
 772	193	 3.0367	 1.0293	   1.5059	        1.5064	          0.0005	   1.6402	1.117e-03	   0.018	   452.341
 773	194	 3.0358	 1.0294	   1.5059	        1.5064	          0.0005	   1.6143	1.175e-03	   0.018	   452.774
 774	194	 3.0366	 1.0292	   1.5059	        1.5064	          0.0005	   1.6185	1.088e-03	   0.018	   453.192
 775	194	 3.0370	 1.0291	   1.5059	        1.5064	          0.0005	   1.6032	1.024e-03	   0.022	   453.622
 776	194	 3.0370	 1.0294	   1.5059	        1.5064	          0.0005	   1.6466	1.155e-03	   0.019	   454.041
 777	195	 3.0379	 1.0292	   1.5059	        1.5064	          0.0005	   1.6184	1.068e-03	   0.020	   454.457
 778	195	 3.0371	 1.0286	   1.5059	        1.5064	          0.0005	   1.5548	8.368e-04	   0.020	   454.876
 779	195	 3.0370	 1.0281	   1.5059	        1.5064	          0.0005	   1.5760	6.582e-04	   0.018	   455.291
 780	195	 3.0373	 1.0291	   1.5059	        1.5064	          0.0005	   1.7029	1.030e-03	   0.018	   455.702
 781	196	 3.0377	 1.0288	   1.5059	        1.5064	          0.0005	   1.5958	9.039e-04	   0.018	   456.120
 782	196	 3.0372	 1.0290	   1.5059	        1.5064	          0.0005	   1.6317	1.014e-03	   0.020	   456.533
 783	196	 3.0373	 1.0290	   1.5059	        1.5064	          0.0005	   1.6118	9.844e-04	   0.019	   456.947
 784	196	 3.0373	 1.0291	   1.5059	        1.5064	          0.0005	   1.6365	1.060e-03	   0.021	   457.389
 785	197	 3.0371	 1.0292	   1.5059	        1.5064	          0.0005	   1.6246	1.079e-03	   0.021	   457.848
 786	197	 3.0369	 1.0294	   1.5059	        1.5064	          0.0005	   1.6352	1.175e-03	   0.019	   458.311
 787	197	 3.0372	 1.0293	   1.5059	        1.5064	          0.0005	   1.6095	1.127e-03	   0.020	   458.758
 788	197	 3.0376	 1.0295	   1.5059	        1.5064	          0.0005	   1.6470	1.232e-03	   0.018	   459.188
 789	198	 3.0386	 1.0292	   1.5059	        1.5064	          0.0005	   1.6059	1.107e-03	   0.021	   459.634
 790	198	 3.0382	 1.0296	   1.5059	        1.5064	          0.0005	   1.6497	1.268e-03	   0.021	   460.094
 791	198	 3.0382	 1.0295	   1.5059	        1.5064	          0.0005	   1.5980	1.218e-03	   0.020	   460.522
 792	198	 3.0376	 1.0290	   1.5059	        1.5064	          0.0005	   1.5679	1.023e-03	   0.020	   460.941
 793	199	 3.0375	 1.0294	   1.5059	        1.5064	          0.0005	   1.6419	1.159e-03	   0.018	   461.356
 794	199	 3.0377	 1.0293	   1.5059	        1.5064	          0.0005	   1.6228	1.138e-03	   0.018	   461.768
 795	199	 3.0380	 1.0292	   1.5059	        1.5064	          0.0005	   1.6148	1.093e-03	   0.018	   462.186
 796	199	 3.0376	 1.0296	   1.5059	        1.5064	          0.0005	   1.6448	1.276e-03	   0.020	   462.600
 797	200	 3.0381	 1.0294	   1.5059	        1.5064	          0.0005	   1.6148	1.172e-03	   0.019	   463.013
 798	200	 3.0380	 1.0297	   1.5059	        1.5064	          0.0005	   1.6360	1.294e-03	   0.023	   463.432
 799	200	 3.0382	 1.0299	   1.5059	        1.5064	          0.0005	   1.6354	1.384e-03	   0.019	   463.854
 800	200	 3.0377	 1.0295	   1.5059	        1.5064	          0.0005	   1.5685	1.203e-03	   0.019	   464.274

[BSGD] Finished on device cuda -> σ_f² ≈ 3.0377, σ_ε² ≈ 1.0295
