[GPU 0][JOB 113] 'python cli.py bsgd --n 1024 --lengthscale 0.5 --sigma-f2-true 4.0 --sigma-eps2-true 1.0 --n-epochs 200 --device auto --kernel-mode finite --theta-min 1e-4 --theta-max 20.0 --print-every 1 --seed 2 --batch-size 1024 --sigma-f2-init 5.0 --sigma-eps2-init 3.0 --alpha1 9.0 '

=== BSGD (biased SGD on exact kernel) ===
iter	epoch	σ_f²	σ_ε²	real_nlml	real_nlml_true	real_nlml_abs_err	mini_nlml	||grad||	duration_s	wall_time_s
   1	 1	 4.4649	 2.0185	   1.5749	        1.4710	          0.1039	   1.5749	1.245e-01	   0.454	     0.484
   2	 2	 4.2317	 1.4582	   1.5066	        1.4710	          0.0356	   1.5066	1.114e-01	   0.042	     0.725
   3	 3	 4.0941	 1.1239	   1.4760	        1.4710	          0.0050	   1.4760	5.998e-02	   0.079	     1.179
   4	 4	 4.0014	 0.9890	   1.4709	        1.4710	          0.0001	   1.4709	1.098e-02	   0.084	     1.858
   5	 5	 3.9336	 0.9693	   1.4707	        1.4710	          0.0003	   1.4707	1.471e-03	   0.111	     2.731
   6	 6	 3.8810	 0.9673	   1.4706	        1.4710	          0.0004	   1.4706	7.324e-04	   0.102	     3.678
   7	 7	 3.8385	 0.9670	   1.4706	        1.4710	          0.0004	   1.4706	6.427e-04	   0.107	     4.651
   8	 8	 3.8033	 0.9669	   1.4706	        1.4710	          0.0004	   1.4706	6.060e-04	   0.105	     5.662
   9	 9	 3.7735	 0.9668	   1.4706	        1.4710	          0.0004	   1.4706	5.782e-04	   0.094	     6.646
  10	10	 3.7479	 0.9668	   1.4706	        1.4710	          0.0004	   1.4706	5.543e-04	   0.114	     7.654
  11	11	 3.7255	 0.9668	   1.4706	        1.4710	          0.0005	   1.4706	5.329e-04	   0.106	     8.647
  12	12	 3.7059	 0.9668	   1.4705	        1.4710	          0.0005	   1.4705	5.137e-04	   0.116	     9.661
  13	13	 3.6883	 0.9668	   1.4705	        1.4710	          0.0005	   1.4705	4.963e-04	   0.104	    10.676
  14	14	 3.6726	 0.9668	   1.4705	        1.4710	          0.0005	   1.4705	4.804e-04	   0.100	    11.719
  15	15	 3.6584	 0.9668	   1.4705	        1.4710	          0.0005	   1.4705	4.657e-04	   0.112	    12.728
  16	16	 3.6455	 0.9668	   1.4705	        1.4710	          0.0005	   1.4705	4.522e-04	   0.108	    13.724
  17	17	 3.6338	 0.9668	   1.4705	        1.4710	          0.0005	   1.4705	4.397e-04	   0.108	    14.713
  18	18	 3.6229	 0.9668	   1.4705	        1.4710	          0.0005	   1.4705	4.281e-04	   0.100	    15.705
  19	19	 3.6129	 0.9668	   1.4705	        1.4710	          0.0005	   1.4705	4.172e-04	   0.107	    16.706
  20	20	 3.6037	 0.9668	   1.4705	        1.4710	          0.0005	   1.4705	4.071e-04	   0.107	    17.705
  21	21	 3.5951	 0.9668	   1.4705	        1.4710	          0.0005	   1.4705	3.975e-04	   0.106	    18.703
  22	22	 3.5871	 0.9668	   1.4705	        1.4710	          0.0005	   1.4705	3.886e-04	   0.107	    19.714
  23	23	 3.5796	 0.9668	   1.4705	        1.4710	          0.0005	   1.4705	3.801e-04	   0.112	    20.766
  24	24	 3.5726	 0.9668	   1.4705	        1.4710	          0.0005	   1.4705	3.721e-04	   0.117	    21.869
  25	25	 3.5660	 0.9668	   1.4705	        1.4710	          0.0005	   1.4705	3.645e-04	   0.108	    22.910
  26	26	 3.5598	 0.9668	   1.4705	        1.4710	          0.0005	   1.4705	3.574e-04	   0.109	    23.907
  27	27	 3.5539	 0.9668	   1.4705	        1.4710	          0.0005	   1.4705	3.505e-04	   0.104	    24.891
  28	28	 3.5484	 0.9668	   1.4705	        1.4710	          0.0005	   1.4705	3.440e-04	   0.110	    25.930
  29	29	 3.5431	 0.9668	   1.4705	        1.4710	          0.0005	   1.4705	3.378e-04	   0.104	    26.933
  30	30	 3.5381	 0.9668	   1.4705	        1.4710	          0.0005	   1.4705	3.319e-04	   0.108	    27.930
  31	31	 3.5334	 0.9668	   1.4705	        1.4710	          0.0005	   1.4705	3.263e-04	   0.106	    28.928
  32	32	 3.5289	 0.9668	   1.4705	        1.4710	          0.0005	   1.4705	3.209e-04	   0.109	    29.914
  33	33	 3.5246	 0.9668	   1.4705	        1.4710	          0.0005	   1.4705	3.157e-04	   0.109	    30.943
  34	34	 3.5204	 0.9668	   1.4705	        1.4710	          0.0005	   1.4705	3.107e-04	   0.119	    31.982
  35	35	 3.5165	 0.9668	   1.4705	        1.4710	          0.0005	   1.4705	3.059e-04	   0.111	    33.005
  36	36	 3.5127	 0.9668	   1.4705	        1.4710	          0.0005	   1.4705	3.013e-04	   0.104	    33.996
  37	37	 3.5091	 0.9668	   1.4705	        1.4710	          0.0005	   1.4705	2.969e-04	   0.111	    34.988
  38	38	 3.5057	 0.9668	   1.4705	        1.4710	          0.0005	   1.4705	2.927e-04	   0.102	    35.991
  39	39	 3.5023	 0.9668	   1.4705	        1.4710	          0.0005	   1.4705	2.886e-04	   0.103	    36.987
  40	40	 3.4991	 0.9668	   1.4705	        1.4710	          0.0005	   1.4705	2.846e-04	   0.113	    37.990
  41	41	 3.4961	 0.9668	   1.4705	        1.4710	          0.0005	   1.4705	2.808e-04	   0.111	    39.041
  42	42	 3.4931	 0.9668	   1.4705	        1.4710	          0.0005	   1.4705	2.771e-04	   0.120	    40.065
  43	43	 3.4903	 0.9668	   1.4705	        1.4710	          0.0005	   1.4705	2.735e-04	   0.107	    41.098
  44	44	 3.4875	 0.9668	   1.4705	        1.4710	          0.0005	   1.4705	2.700e-04	   0.114	    42.183
  45	45	 3.4848	 0.9668	   1.4705	        1.4710	          0.0005	   1.4705	2.667e-04	   0.114	    43.261
  46	46	 3.4823	 0.9669	   1.4705	        1.4710	          0.0006	   1.4705	2.635e-04	   0.107	    44.254
  47	47	 3.4798	 0.9669	   1.4705	        1.4710	          0.0006	   1.4705	2.603e-04	   0.120	    45.261
  48	48	 3.4774	 0.9669	   1.4705	        1.4710	          0.0006	   1.4705	2.573e-04	   0.105	    46.301
  49	49	 3.4751	 0.9669	   1.4705	        1.4710	          0.0006	   1.4705	2.543e-04	   0.104	    47.318
  50	50	 3.4728	 0.9669	   1.4704	        1.4710	          0.0006	   1.4704	2.514e-04	   0.107	    48.314
  51	51	 3.4706	 0.9669	   1.4704	        1.4710	          0.0006	   1.4704	2.486e-04	   0.113	    49.315
  52	52	 3.4685	 0.9669	   1.4704	        1.4710	          0.0006	   1.4704	2.459e-04	   0.113	    50.311
  53	53	 3.4664	 0.9669	   1.4704	        1.4710	          0.0006	   1.4704	2.433e-04	   0.102	    51.330
  54	54	 3.4644	 0.9669	   1.4704	        1.4710	          0.0006	   1.4704	2.407e-04	   0.113	    52.342
  55	55	 3.4625	 0.9669	   1.4704	        1.4710	          0.0006	   1.4704	2.382e-04	   0.109	    53.386
  56	56	 3.4606	 0.9669	   1.4704	        1.4710	          0.0006	   1.4704	2.357e-04	   0.110	    54.390
  57	57	 3.4588	 0.9669	   1.4704	        1.4710	          0.0006	   1.4704	2.334e-04	   0.113	    55.384
  58	58	 3.4570	 0.9669	   1.4704	        1.4710	          0.0006	   1.4704	2.310e-04	   0.102	    56.381
  59	59	 3.4553	 0.9669	   1.4704	        1.4710	          0.0006	   1.4704	2.288e-04	   0.098	    57.370
  60	60	 3.4536	 0.9669	   1.4704	        1.4710	          0.0006	   1.4704	2.266e-04	   0.112	    58.373
  61	61	 3.4519	 0.9669	   1.4704	        1.4710	          0.0006	   1.4704	2.244e-04	   0.107	    59.374
  62	62	 3.4503	 0.9669	   1.4704	        1.4710	          0.0006	   1.4704	2.223e-04	   0.118	    60.377
  63	63	 3.4488	 0.9669	   1.4704	        1.4710	          0.0006	   1.4704	2.203e-04	   0.102	    61.405
  64	64	 3.4472	 0.9669	   1.4704	        1.4710	          0.0006	   1.4704	2.183e-04	   0.113	    62.478
  65	65	 3.4458	 0.9669	   1.4704	        1.4710	          0.0006	   1.4704	2.163e-04	   0.121	    63.574
  66	66	 3.4443	 0.9669	   1.4704	        1.4710	          0.0006	   1.4704	2.144e-04	   0.103	    64.576
  67	67	 3.4429	 0.9669	   1.4704	        1.4710	          0.0006	   1.4704	2.125e-04	   0.110	    65.569
  68	68	 3.4415	 0.9669	   1.4704	        1.4710	          0.0006	   1.4704	2.107e-04	   0.099	    66.604
  69	69	 3.4401	 0.9669	   1.4704	        1.4710	          0.0006	   1.4704	2.089e-04	   0.102	    67.596
  70	70	 3.4388	 0.9669	   1.4704	        1.4710	          0.0006	   1.4704	2.071e-04	   0.116	    68.607
  71	71	 3.4375	 0.9669	   1.4704	        1.4710	          0.0006	   1.4704	2.054e-04	   0.104	    69.600
  72	72	 3.4363	 0.9669	   1.4704	        1.4710	          0.0006	   1.4704	2.037e-04	   0.110	    70.592
  73	73	 3.4350	 0.9669	   1.4704	        1.4710	          0.0006	   1.4704	2.021e-04	   0.097	    71.607
  74	74	 3.4338	 0.9669	   1.4704	        1.4710	          0.0006	   1.4704	2.005e-04	   0.109	    72.612
  75	75	 3.4326	 0.9669	   1.4704	        1.4710	          0.0006	   1.4704	1.989e-04	   0.120	    73.715
  76	76	 3.4315	 0.9669	   1.4704	        1.4710	          0.0006	   1.4704	1.973e-04	   0.111	    74.766
  77	77	 3.4303	 0.9669	   1.4704	        1.4710	          0.0006	   1.4704	1.958e-04	   0.110	    75.800
  78	78	 3.4292	 0.9669	   1.4704	        1.4710	          0.0006	   1.4704	1.943e-04	   0.108	    76.825
  79	79	 3.4281	 0.9669	   1.4704	        1.4710	          0.0006	   1.4704	1.929e-04	   0.118	    77.925
  80	80	 3.4271	 0.9669	   1.4704	        1.4710	          0.0006	   1.4704	1.914e-04	   0.118	    79.016
  81	81	 3.4260	 0.9669	   1.4704	        1.4710	          0.0006	   1.4704	1.900e-04	   0.108	    80.040
  82	82	 3.4250	 0.9669	   1.4704	        1.4710	          0.0006	   1.4704	1.886e-04	   0.109	    81.026
  83	83	 3.4240	 0.9669	   1.4704	        1.4710	          0.0006	   1.4704	1.873e-04	   0.104	    82.065
  84	84	 3.4230	 0.9669	   1.4704	        1.4710	          0.0006	   1.4704	1.859e-04	   0.114	    83.128
  85	85	 3.4220	 0.9669	   1.4704	        1.4710	          0.0006	   1.4704	1.846e-04	   0.120	    84.230
  86	86	 3.4211	 0.9669	   1.4704	        1.4710	          0.0006	   1.4704	1.833e-04	   0.105	    85.239
  87	87	 3.4201	 0.9669	   1.4704	        1.4710	          0.0006	   1.4704	1.821e-04	   0.113	    86.277
  88	88	 3.4192	 0.9669	   1.4704	        1.4710	          0.0006	   1.4704	1.808e-04	   0.109	    87.306
  89	89	 3.4183	 0.9669	   1.4704	        1.4710	          0.0006	   1.4704	1.796e-04	   0.097	    88.297
  90	90	 3.4174	 0.9669	   1.4704	        1.4710	          0.0006	   1.4704	1.784e-04	   0.113	    89.302
  91	91	 3.4166	 0.9669	   1.4704	        1.4710	          0.0006	   1.4704	1.772e-04	   0.104	    90.294
  92	92	 3.4157	 0.9669	   1.4704	        1.4710	          0.0006	   1.4704	1.760e-04	   0.108	    91.283
  93	93	 3.4149	 0.9669	   1.4704	        1.4710	          0.0006	   1.4704	1.749e-04	   0.105	    92.312
  94	94	 3.4141	 0.9669	   1.4704	        1.4710	          0.0006	   1.4704	1.738e-04	   0.099	    93.305
  95	95	 3.4133	 0.9669	   1.4704	        1.4710	          0.0006	   1.4704	1.727e-04	   0.114	    94.375
  96	96	 3.4125	 0.9669	   1.4704	        1.4710	          0.0006	   1.4704	1.716e-04	   0.101	    95.365
  97	97	 3.4117	 0.9669	   1.4704	        1.4710	          0.0006	   1.4704	1.705e-04	   0.112	    96.361
  98	98	 3.4109	 0.9669	   1.4704	        1.4710	          0.0006	   1.4704	1.694e-04	   0.108	    97.366
  99	99	 3.4101	 0.9669	   1.4704	        1.4710	          0.0006	   1.4704	1.684e-04	   0.099	    98.355
 100	100	 3.4094	 0.9669	   1.4704	        1.4710	          0.0006	   1.4704	1.674e-04	   0.110	    99.358
 101	101	 3.4087	 0.9669	   1.4704	        1.4710	          0.0006	   1.4704	1.664e-04	   0.108	   100.351
 102	102	 3.4079	 0.9669	   1.4704	        1.4710	          0.0006	   1.4704	1.654e-04	   0.114	   101.346
 103	103	 3.4072	 0.9669	   1.4704	        1.4710	          0.0006	   1.4704	1.644e-04	   0.107	   102.386
 104	104	 3.4065	 0.9669	   1.4704	        1.4710	          0.0006	   1.4704	1.634e-04	   0.110	   103.427
 105	105	 3.4058	 0.9669	   1.4704	        1.4710	          0.0006	   1.4704	1.625e-04	   0.123	   104.532
 106	106	 3.4052	 0.9669	   1.4704	        1.4710	          0.0006	   1.4704	1.615e-04	   0.108	   105.554
 107	107	 3.4045	 0.9669	   1.4704	        1.4710	          0.0006	   1.4704	1.606e-04	   0.110	   106.589
 108	108	 3.4038	 0.9669	   1.4704	        1.4710	          0.0006	   1.4704	1.597e-04	   0.105	   107.588
 109	109	 3.4032	 0.9669	   1.4704	        1.4710	          0.0006	   1.4704	1.588e-04	   0.099	   108.580
 110	110	 3.4025	 0.9669	   1.4704	        1.4710	          0.0006	   1.4704	1.579e-04	   0.109	   109.579
 111	111	 3.4019	 0.9669	   1.4704	        1.4710	          0.0006	   1.4704	1.571e-04	   0.113	   110.581
 112	112	 3.4013	 0.9669	   1.4704	        1.4710	          0.0006	   1.4704	1.562e-04	   0.106	   111.571
 113	113	 3.4007	 0.9669	   1.4704	        1.4710	          0.0006	   1.4704	1.553e-04	   0.101	   112.588
 114	114	 3.4001	 0.9669	   1.4704	        1.4710	          0.0006	   1.4704	1.545e-04	   0.099	   113.584
 115	115	 3.3995	 0.9669	   1.4704	        1.4710	          0.0006	   1.4704	1.537e-04	   0.116	   114.649
 116	116	 3.3989	 0.9669	   1.4704	        1.4710	          0.0006	   1.4704	1.529e-04	   0.109	   115.654
 117	117	 3.3983	 0.9669	   1.4704	        1.4710	          0.0006	   1.4704	1.521e-04	   0.106	   116.645
 118	118	 3.3977	 0.9669	   1.4704	        1.4710	          0.0006	   1.4704	1.513e-04	   0.108	   117.683
 119	119	 3.3972	 0.9669	   1.4704	        1.4710	          0.0006	   1.4704	1.505e-04	   0.097	   118.705
 120	120	 3.3966	 0.9669	   1.4704	        1.4710	          0.0006	   1.4704	1.497e-04	   0.116	   119.710
 121	121	 3.3961	 0.9669	   1.4704	        1.4710	          0.0006	   1.4704	1.489e-04	   0.109	   120.710
 122	122	 3.3955	 0.9669	   1.4704	        1.4710	          0.0006	   1.4704	1.482e-04	   0.106	   121.699
 123	123	 3.3950	 0.9669	   1.4704	        1.4710	          0.0006	   1.4704	1.474e-04	   0.103	   122.732
 124	124	 3.3945	 0.9669	   1.4704	        1.4710	          0.0006	   1.4704	1.467e-04	   0.114	   123.761
 125	125	 3.3940	 0.9669	   1.4704	        1.4710	          0.0006	   1.4704	1.460e-04	   0.124	   124.872
 126	126	 3.3934	 0.9669	   1.4704	        1.4710	          0.0006	   1.4704	1.453e-04	   0.112	   125.960
 127	127	 3.3929	 0.9669	   1.4704	        1.4710	          0.0006	   1.4704	1.446e-04	   0.109	   126.976
 128	128	 3.3924	 0.9669	   1.4704	        1.4710	          0.0006	   1.4704	1.439e-04	   0.094	   127.968
 129	129	 3.3919	 0.9669	   1.4704	        1.4710	          0.0006	   1.4704	1.432e-04	   0.104	   128.966
 130	130	 3.3914	 0.9669	   1.4704	        1.4710	          0.0006	   1.4704	1.425e-04	   0.114	   129.974
 131	131	 3.3910	 0.9669	   1.4704	        1.4710	          0.0006	   1.4704	1.418e-04	   0.109	   130.969
 132	132	 3.3905	 0.9669	   1.4704	        1.4710	          0.0006	   1.4704	1.411e-04	   0.109	   131.960
 133	133	 3.3900	 0.9669	   1.4704	        1.4710	          0.0006	   1.4704	1.405e-04	   0.107	   132.968
 134	134	 3.3896	 0.9669	   1.4704	        1.4710	          0.0006	   1.4704	1.398e-04	   0.108	   133.978
 135	135	 3.3891	 0.9669	   1.4704	        1.4710	          0.0006	   1.4704	1.392e-04	   0.113	   135.038
 136	136	 3.3886	 0.9669	   1.4704	        1.4710	          0.0006	   1.4704	1.385e-04	   0.106	   136.041
 137	137	 3.3882	 0.9669	   1.4704	        1.4710	          0.0006	   1.4704	1.379e-04	   0.103	   137.031
 138	138	 3.3878	 0.9669	   1.4704	        1.4710	          0.0006	   1.4704	1.373e-04	   0.101	   138.026
 139	139	 3.3873	 0.9669	   1.4704	        1.4710	          0.0006	   1.4704	1.367e-04	   0.106	   139.031
 140	140	 3.3869	 0.9669	   1.4704	        1.4710	          0.0006	   1.4704	1.361e-04	   0.107	   140.029
 141	141	 3.3865	 0.9669	   1.4704	        1.4710	          0.0006	   1.4704	1.355e-04	   0.109	   141.026
 142	142	 3.3860	 0.9669	   1.4704	        1.4710	          0.0006	   1.4704	1.349e-04	   0.103	   142.012
 143	143	 3.3856	 0.9669	   1.4704	        1.4710	          0.0006	   1.4704	1.343e-04	   0.109	   143.043
 144	144	 3.3852	 0.9669	   1.4704	        1.4710	          0.0006	   1.4704	1.337e-04	   0.109	   144.074
 145	145	 3.3848	 0.9669	   1.4704	        1.4710	          0.0006	   1.4704	1.331e-04	   0.115	   145.178
 146	146	 3.3844	 0.9669	   1.4704	        1.4710	          0.0006	   1.4704	1.325e-04	   0.105	   146.268
 147	147	 3.3840	 0.9669	   1.4704	        1.4710	          0.0006	   1.4704	1.320e-04	   0.108	   147.255
 148	148	 3.3836	 0.9669	   1.4704	        1.4710	          0.0006	   1.4704	1.314e-04	   0.105	   148.259
 149	149	 3.3832	 0.9669	   1.4704	        1.4710	          0.0006	   1.4704	1.309e-04	   0.103	   149.257
 150	150	 3.3828	 0.9669	   1.4704	        1.4710	          0.0006	   1.4704	1.303e-04	   0.111	   150.258
 151	151	 3.3824	 0.9669	   1.4704	        1.4710	          0.0006	   1.4704	1.298e-04	   0.112	   151.286
 152	152	 3.3821	 0.9669	   1.4704	        1.4710	          0.0006	   1.4704	1.292e-04	   0.116	   152.336
 153	153	 3.3817	 0.9669	   1.4704	        1.4710	          0.0006	   1.4704	1.287e-04	   0.105	   153.387
 154	154	 3.3813	 0.9669	   1.4704	        1.4710	          0.0006	   1.4704	1.282e-04	   0.114	   154.464
 155	155	 3.3809	 0.9669	   1.4704	        1.4710	          0.0006	   1.4704	1.277e-04	   0.127	   155.571
 156	156	 3.3806	 0.9669	   1.4704	        1.4710	          0.0006	   1.4704	1.272e-04	   0.114	   156.680
 157	157	 3.3802	 0.9669	   1.4704	        1.4710	          0.0006	   1.4704	1.266e-04	   0.121	   157.750
 158	158	 3.3799	 0.9669	   1.4704	        1.4710	          0.0006	   1.4704	1.261e-04	   0.095	   158.762
 159	159	 3.3795	 0.9669	   1.4704	        1.4710	          0.0006	   1.4704	1.256e-04	   0.101	   159.760
 160	160	 3.3792	 0.9669	   1.4704	        1.4710	          0.0006	   1.4704	1.251e-04	   0.108	   160.757
 161	161	 3.3788	 0.9669	   1.4704	        1.4710	          0.0006	   1.4704	1.247e-04	   0.107	   161.751
 162	162	 3.3785	 0.9669	   1.4704	        1.4710	          0.0006	   1.4704	1.242e-04	   0.113	   162.752
 163	163	 3.3781	 0.9669	   1.4704	        1.4710	          0.0006	   1.4704	1.237e-04	   0.105	   163.773
 164	164	 3.3778	 0.9669	   1.4704	        1.4710	          0.0006	   1.4704	1.232e-04	   0.106	   164.799
 165	165	 3.3775	 0.9669	   1.4704	        1.4710	          0.0006	   1.4704	1.227e-04	   0.122	   165.943
 166	166	 3.3772	 0.9669	   1.4704	        1.4710	          0.0006	   1.4704	1.223e-04	   0.112	   167.030
 167	167	 3.3768	 0.9669	   1.4704	        1.4710	          0.0006	   1.4704	1.218e-04	   0.112	   168.027
 168	168	 3.3765	 0.9669	   1.4704	        1.4710	          0.0006	   1.4704	1.214e-04	   0.095	   169.021
 169	169	 3.3762	 0.9669	   1.4704	        1.4710	          0.0006	   1.4704	1.209e-04	   0.100	   170.019
 170	170	 3.3759	 0.9669	   1.4704	        1.4710	          0.0006	   1.4704	1.205e-04	   0.110	   171.014
 171	171	 3.3756	 0.9669	   1.4704	        1.4710	          0.0006	   1.4704	1.200e-04	   0.108	   172.017
 172	172	 3.3753	 0.9669	   1.4704	        1.4710	          0.0006	   1.4704	1.196e-04	   0.108	   173.011
 173	173	 3.3749	 0.9669	   1.4704	        1.4710	          0.0006	   1.4704	1.191e-04	   0.103	   174.011
 174	174	 3.3746	 0.9669	   1.4704	        1.4710	          0.0006	   1.4704	1.187e-04	   0.097	   175.022
 175	175	 3.3743	 0.9669	   1.4704	        1.4710	          0.0006	   1.4704	1.183e-04	   0.126	   176.060
 176	176	 3.3740	 0.9669	   1.4704	        1.4710	          0.0006	   1.4704	1.178e-04	   0.107	   177.092
 177	177	 3.3737	 0.9669	   1.4704	        1.4710	          0.0006	   1.4704	1.174e-04	   0.110	   178.085
 178	178	 3.3735	 0.9669	   1.4704	        1.4710	          0.0006	   1.4704	1.170e-04	   0.099	   179.080
 179	179	 3.3732	 0.9669	   1.4704	        1.4710	          0.0006	   1.4704	1.166e-04	   0.100	   180.073
 180	180	 3.3729	 0.9669	   1.4704	        1.4710	          0.0006	   1.4704	1.162e-04	   0.117	   181.079
 181	181	 3.3726	 0.9669	   1.4704	        1.4710	          0.0006	   1.4704	1.158e-04	   0.103	   182.074
 182	182	 3.3723	 0.9669	   1.4704	        1.4710	          0.0006	   1.4704	1.154e-04	   0.109	   183.068
 183	183	 3.3720	 0.9669	   1.4704	        1.4710	          0.0006	   1.4704	1.150e-04	   0.102	   184.083
 184	184	 3.3718	 0.9669	   1.4704	        1.4710	          0.0006	   1.4704	1.146e-04	   0.107	   185.109
 185	185	 3.3715	 0.9669	   1.4704	        1.4710	          0.0006	   1.4704	1.142e-04	   0.129	   186.244
 186	186	 3.3712	 0.9669	   1.4704	        1.4710	          0.0006	   1.4704	1.138e-04	   0.106	   187.317
 187	187	 3.3709	 0.9669	   1.4704	        1.4710	          0.0006	   1.4704	1.134e-04	   0.112	   188.311
 188	188	 3.3707	 0.9669	   1.4704	        1.4710	          0.0006	   1.4704	1.130e-04	   0.095	   189.302
 189	189	 3.3704	 0.9669	   1.4704	        1.4710	          0.0006	   1.4704	1.126e-04	   0.107	   190.303
 190	190	 3.3701	 0.9669	   1.4704	        1.4710	          0.0006	   1.4704	1.123e-04	   0.114	   191.308
 191	191	 3.3699	 0.9669	   1.4704	        1.4710	          0.0006	   1.4704	1.119e-04	   0.104	   192.300
 192	192	 3.3696	 0.9669	   1.4704	        1.4710	          0.0006	   1.4704	1.115e-04	   0.108	   193.294
 193	193	 3.3694	 0.9669	   1.4704	        1.4710	          0.0006	   1.4704	1.111e-04	   0.100	   194.286
 194	194	 3.3691	 0.9669	   1.4704	        1.4710	          0.0006	   1.4704	1.108e-04	   0.107	   195.312
 195	195	 3.3689	 0.9669	   1.4704	        1.4710	          0.0006	   1.4704	1.104e-04	   0.128	   196.387
 196	196	 3.3686	 0.9669	   1.4704	        1.4710	          0.0006	   1.4704	1.101e-04	   0.106	   197.447
 197	197	 3.3684	 0.9669	   1.4704	        1.4710	          0.0006	   1.4704	1.097e-04	   0.106	   198.434
 198	198	 3.3681	 0.9669	   1.4704	        1.4710	          0.0006	   1.4704	1.093e-04	   0.102	   199.433
 199	199	 3.3679	 0.9669	   1.4704	        1.4710	          0.0006	   1.4704	1.090e-04	   0.102	   200.434
 200	200	 3.3676	 0.9669	   1.4704	        1.4710	          0.0006	   1.4704	1.086e-04	   0.113	   201.435

[BSGD] Finished on device cuda -> σ_f² ≈ 3.3676, σ_ε² ≈ 0.9669
