[GPU 2][JOB 115] 'python cli.py bsgd --n 1024 --lengthscale 0.5 --sigma-f2-true 4.0 --sigma-eps2-true 1.0 --n-epochs 200 --device auto --kernel-mode finite --theta-min 1e-4 --theta-max 20.0 --print-every 1 --seed 4 --batch-size 1024 --sigma-f2-init 5.0 --sigma-eps2-init 3.0 --alpha1 9.0 '

=== BSGD (biased SGD on exact kernel) ===
iter	epoch	σ_f²	σ_ε²	real_nlml	real_nlml_true	real_nlml_abs_err	mini_nlml	||grad||	duration_s	wall_time_s
   1	 1	 4.8138	 2.0483	   1.6038	        1.5094	          0.0944	   1.6038	1.180e-01	   0.444	     0.532
   2	 2	 4.7723	 1.5173	   1.5431	        1.5094	          0.0336	   1.5431	1.046e-01	   0.082	     1.242
   3	 3	 4.7636	 1.2036	   1.5156	        1.5094	          0.0062	   1.5156	6.249e-02	   0.105	     2.092
   4	 4	 4.7659	 1.0630	   1.5095	        1.5094	          0.0001	   1.5095	2.056e-02	   0.102	     3.011
   5	 5	 4.7708	 1.0260	   1.5090	        1.5094	          0.0004	   1.5090	5.245e-03	   0.094	     3.897
   6	 6	 4.7754	 1.0181	   1.5090	        1.5094	          0.0004	   1.5090	1.696e-03	   0.110	     4.839
   7	 7	 4.7792	 1.0160	   1.5090	        1.5094	          0.0004	   1.5090	6.955e-04	   0.103	     5.788
   8	 8	 4.7824	 1.0152	   1.5090	        1.5094	          0.0004	   1.5090	3.375e-04	   0.108	     6.730
   9	 9	 4.7851	 1.0148	   1.5090	        1.5094	          0.0004	   1.5090	1.869e-04	   0.125	     7.738
  10	10	 4.7875	 1.0147	   1.5090	        1.5094	          0.0004	   1.5090	1.167e-04	   0.118	     8.805
  11	11	 4.7896	 1.0146	   1.5090	        1.5094	          0.0004	   1.5090	8.215e-05	   0.129	     9.878
  12	12	 4.7914	 1.0146	   1.5090	        1.5094	          0.0004	   1.5090	6.455e-05	   0.119	    10.939
  13	13	 4.7930	 1.0145	   1.5090	        1.5094	          0.0004	   1.5090	5.527e-05	   0.126	    11.982
  14	14	 4.7945	 1.0145	   1.5090	        1.5094	          0.0004	   1.5090	5.009e-05	   0.115	    13.014
  15	15	 4.7958	 1.0145	   1.5090	        1.5094	          0.0004	   1.5090	4.694e-05	   0.114	    14.057
  16	16	 4.7971	 1.0145	   1.5090	        1.5094	          0.0004	   1.5090	4.483e-05	   0.121	    15.105
  17	17	 4.7982	 1.0145	   1.5090	        1.5094	          0.0004	   1.5090	4.329e-05	   0.123	    16.147
  18	18	 4.7992	 1.0145	   1.5090	        1.5094	          0.0004	   1.5090	4.207e-05	   0.118	    17.185
  19	19	 4.8002	 1.0145	   1.5090	        1.5094	          0.0004	   1.5090	4.106e-05	   0.131	    18.270
  20	20	 4.8011	 1.0145	   1.5090	        1.5094	          0.0004	   1.5090	4.018e-05	   0.121	    19.375
  21	21	 4.8019	 1.0145	   1.5090	        1.5094	          0.0004	   1.5090	3.940e-05	   0.124	    20.480
  22	22	 4.8027	 1.0145	   1.5090	        1.5094	          0.0004	   1.5090	3.869e-05	   0.128	    21.581
  23	23	 4.8035	 1.0145	   1.5090	        1.5094	          0.0004	   1.5090	3.804e-05	   0.120	    22.643
  24	24	 4.8042	 1.0145	   1.5090	        1.5094	          0.0004	   1.5090	3.743e-05	   0.126	    23.691
  25	25	 4.8048	 1.0145	   1.5090	        1.5094	          0.0004	   1.5090	3.687e-05	   0.112	    24.730
  26	26	 4.8055	 1.0145	   1.5090	        1.5094	          0.0004	   1.5090	3.634e-05	   0.124	    25.775
  27	27	 4.8060	 1.0145	   1.5090	        1.5094	          0.0004	   1.5090	3.583e-05	   0.127	    26.818
  28	28	 4.8066	 1.0145	   1.5090	        1.5094	          0.0004	   1.5090	3.536e-05	   0.120	    27.851
  29	29	 4.8072	 1.0145	   1.5090	        1.5094	          0.0004	   1.5090	3.491e-05	   0.128	    28.900
  30	30	 4.8077	 1.0145	   1.5090	        1.5094	          0.0004	   1.5090	3.448e-05	   0.122	    29.966
  31	31	 4.8082	 1.0145	   1.5090	        1.5094	          0.0004	   1.5090	3.407e-05	   0.123	    31.023
  32	32	 4.8086	 1.0145	   1.5090	        1.5094	          0.0004	   1.5090	3.368e-05	   0.121	    32.090
  33	33	 4.8091	 1.0145	   1.5090	        1.5094	          0.0004	   1.5090	3.330e-05	   0.126	    33.147
  34	34	 4.8095	 1.0144	   1.5090	        1.5094	          0.0004	   1.5090	3.294e-05	   0.125	    34.197
  35	35	 4.8099	 1.0144	   1.5090	        1.5094	          0.0004	   1.5090	3.260e-05	   0.110	    35.231
  36	36	 4.8103	 1.0144	   1.5090	        1.5094	          0.0004	   1.5090	3.227e-05	   0.126	    36.281
  37	37	 4.8107	 1.0144	   1.5090	        1.5094	          0.0004	   1.5090	3.195e-05	   0.121	    37.319
  38	38	 4.8111	 1.0144	   1.5090	        1.5094	          0.0004	   1.5090	3.164e-05	   0.134	    38.377
  39	39	 4.8115	 1.0144	   1.5090	        1.5094	          0.0004	   1.5090	3.135e-05	   0.132	    39.467
  40	40	 4.8118	 1.0144	   1.5090	        1.5094	          0.0004	   1.5090	3.106e-05	   0.129	    40.643
  41	41	 4.8121	 1.0144	   1.5090	        1.5094	          0.0004	   1.5090	3.078e-05	   0.128	    41.759
  42	42	 4.8125	 1.0144	   1.5090	        1.5094	          0.0004	   1.5090	3.052e-05	   0.135	    42.855
  43	43	 4.8128	 1.0144	   1.5090	        1.5094	          0.0004	   1.5090	3.026e-05	   0.130	    43.933
  44	44	 4.8131	 1.0144	   1.5090	        1.5094	          0.0004	   1.5090	3.001e-05	   0.119	    44.972
  45	45	 4.8134	 1.0144	   1.5090	        1.5094	          0.0004	   1.5090	2.976e-05	   0.111	    46.011
  46	46	 4.8137	 1.0144	   1.5090	        1.5094	          0.0004	   1.5090	2.953e-05	   0.120	    47.056
  47	47	 4.8139	 1.0144	   1.5090	        1.5094	          0.0004	   1.5090	2.930e-05	   0.127	    48.102
  48	48	 4.8142	 1.0144	   1.5090	        1.5094	          0.0004	   1.5090	2.908e-05	   0.123	    49.143
  49	49	 4.8145	 1.0144	   1.5090	        1.5094	          0.0004	   1.5090	2.886e-05	   0.123	    50.184
  50	50	 4.8147	 1.0144	   1.5090	        1.5094	          0.0004	   1.5090	2.865e-05	   0.120	    51.240
  51	51	 4.8150	 1.0144	   1.5090	        1.5094	          0.0004	   1.5090	2.845e-05	   0.121	    52.309
  52	52	 4.8152	 1.0144	   1.5090	        1.5094	          0.0004	   1.5090	2.825e-05	   0.129	    53.381
  53	53	 4.8155	 1.0144	   1.5090	        1.5094	          0.0004	   1.5090	2.806e-05	   0.121	    54.439
  54	54	 4.8157	 1.0144	   1.5090	        1.5094	          0.0004	   1.5090	2.787e-05	   0.122	    55.480
  55	55	 4.8159	 1.0144	   1.5090	        1.5094	          0.0004	   1.5090	2.768e-05	   0.109	    56.518
  56	56	 4.8161	 1.0144	   1.5090	        1.5094	          0.0004	   1.5090	2.750e-05	   0.127	    57.564
  57	57	 4.8163	 1.0144	   1.5090	        1.5094	          0.0004	   1.5090	2.733e-05	   0.126	    58.613
  58	58	 4.8165	 1.0144	   1.5090	        1.5094	          0.0004	   1.5090	2.716e-05	   0.128	    59.655
  59	59	 4.8168	 1.0144	   1.5090	        1.5094	          0.0004	   1.5090	2.699e-05	   0.129	    60.735
  60	60	 4.8170	 1.0144	   1.5090	        1.5094	          0.0004	   1.5090	2.683e-05	   0.114	    61.818
  61	61	 4.8171	 1.0144	   1.5090	        1.5094	          0.0004	   1.5090	2.667e-05	   0.136	    62.939
  62	62	 4.8173	 1.0144	   1.5090	        1.5094	          0.0004	   1.5090	2.651e-05	   0.130	    64.033
  63	63	 4.8175	 1.0144	   1.5090	        1.5094	          0.0004	   1.5090	2.636e-05	   0.131	    65.112
  64	64	 4.8177	 1.0144	   1.5090	        1.5094	          0.0004	   1.5090	2.621e-05	   0.123	    66.158
  65	65	 4.8179	 1.0144	   1.5090	        1.5094	          0.0004	   1.5090	2.607e-05	   0.111	    67.191
  66	66	 4.8181	 1.0144	   1.5090	        1.5094	          0.0004	   1.5090	2.592e-05	   0.128	    68.246
  67	67	 4.8182	 1.0144	   1.5090	        1.5094	          0.0004	   1.5090	2.578e-05	   0.118	    69.284
  68	68	 4.8184	 1.0144	   1.5090	        1.5094	          0.0004	   1.5090	2.564e-05	   0.123	    70.324
  69	69	 4.8186	 1.0144	   1.5090	        1.5094	          0.0004	   1.5090	2.551e-05	   0.120	    71.365
  70	70	 4.8187	 1.0144	   1.5090	        1.5094	          0.0004	   1.5090	2.538e-05	   0.120	    72.414
  71	71	 4.8189	 1.0144	   1.5090	        1.5094	          0.0004	   1.5090	2.525e-05	   0.125	    73.499
  72	72	 4.8190	 1.0144	   1.5090	        1.5094	          0.0004	   1.5090	2.512e-05	   0.126	    74.565
  73	73	 4.8192	 1.0144	   1.5090	        1.5094	          0.0004	   1.5090	2.500e-05	   0.125	    75.622
  74	74	 4.8193	 1.0144	   1.5090	        1.5094	          0.0004	   1.5090	2.487e-05	   0.127	    76.700
  75	75	 4.8195	 1.0144	   1.5090	        1.5094	          0.0004	   1.5090	2.475e-05	   0.122	    77.800
  76	76	 4.8196	 1.0144	   1.5090	        1.5094	          0.0004	   1.5090	2.464e-05	   0.123	    78.885
  77	77	 4.8198	 1.0144	   1.5090	        1.5094	          0.0004	   1.5090	2.452e-05	   0.129	    79.937
  78	78	 4.8199	 1.0144	   1.5090	        1.5094	          0.0004	   1.5090	2.441e-05	   0.130	    81.072
  79	79	 4.8201	 1.0144	   1.5090	        1.5094	          0.0004	   1.5090	2.430e-05	   0.103	    82.165
  80	80	 4.8202	 1.0144	   1.5090	        1.5094	          0.0004	   1.5090	2.419e-05	   0.122	    83.273
  81	81	 4.8203	 1.0144	   1.5090	        1.5094	          0.0004	   1.5090	2.408e-05	   0.132	    84.387
  82	82	 4.8204	 1.0144	   1.5090	        1.5094	          0.0004	   1.5090	2.397e-05	   0.136	    85.483
  83	83	 4.8206	 1.0144	   1.5090	        1.5094	          0.0004	   1.5090	2.387e-05	   0.122	    86.556
  84	84	 4.8207	 1.0144	   1.5090	        1.5094	          0.0004	   1.5090	2.376e-05	   0.128	    87.612
  85	85	 4.8208	 1.0144	   1.5090	        1.5094	          0.0004	   1.5090	2.366e-05	   0.108	    88.648
  86	86	 4.8209	 1.0144	   1.5090	        1.5094	          0.0004	   1.5090	2.356e-05	   0.125	    89.696
  87	87	 4.8211	 1.0144	   1.5090	        1.5094	          0.0004	   1.5090	2.347e-05	   0.124	    90.739
  88	88	 4.8212	 1.0144	   1.5090	        1.5094	          0.0004	   1.5090	2.337e-05	   0.122	    91.773
  89	89	 4.8213	 1.0144	   1.5090	        1.5094	          0.0004	   1.5090	2.328e-05	   0.127	    92.823
  90	90	 4.8214	 1.0144	   1.5090	        1.5094	          0.0004	   1.5090	2.318e-05	   0.110	    93.860
  91	91	 4.8215	 1.0144	   1.5090	        1.5094	          0.0004	   1.5090	2.309e-05	   0.124	    94.950
  92	92	 4.8216	 1.0144	   1.5090	        1.5094	          0.0004	   1.5090	2.300e-05	   0.120	    96.012
  93	93	 4.8217	 1.0144	   1.5090	        1.5094	          0.0004	   1.5090	2.291e-05	   0.126	    97.074
  94	94	 4.8219	 1.0144	   1.5090	        1.5094	          0.0004	   1.5090	2.282e-05	   0.126	    98.123
  95	95	 4.8220	 1.0144	   1.5090	        1.5094	          0.0004	   1.5090	2.274e-05	   0.113	    99.158
  96	96	 4.8221	 1.0144	   1.5090	        1.5094	          0.0004	   1.5090	2.265e-05	   0.126	   100.207
  97	97	 4.8222	 1.0144	   1.5090	        1.5094	          0.0004	   1.5090	2.257e-05	   0.127	   101.255
  98	98	 4.8223	 1.0144	   1.5090	        1.5094	          0.0004	   1.5090	2.248e-05	   0.128	   102.324
  99	99	 4.8224	 1.0144	   1.5090	        1.5094	          0.0004	   1.5090	2.240e-05	   0.121	   103.367
 100	100	 4.8225	 1.0144	   1.5090	        1.5094	          0.0004	   1.5090	2.232e-05	   0.117	   104.439
 101	101	 4.8226	 1.0144	   1.5090	        1.5094	          0.0004	   1.5090	2.224e-05	   0.133	   105.560
 102	102	 4.8227	 1.0144	   1.5090	        1.5094	          0.0004	   1.5090	2.216e-05	   0.133	   106.652
 103	103	 4.8228	 1.0144	   1.5090	        1.5094	          0.0004	   1.5090	2.208e-05	   0.130	   107.743
 104	104	 4.8229	 1.0144	   1.5090	        1.5094	          0.0004	   1.5090	2.201e-05	   0.122	   108.793
 105	105	 4.8230	 1.0144	   1.5090	        1.5094	          0.0004	   1.5090	2.193e-05	   0.113	   109.833
 106	106	 4.8230	 1.0144	   1.5090	        1.5094	          0.0004	   1.5090	2.186e-05	   0.119	   110.873
 107	107	 4.8231	 1.0144	   1.5090	        1.5094	          0.0004	   1.5090	2.178e-05	   0.129	   111.923
 108	108	 4.8232	 1.0144	   1.5090	        1.5094	          0.0004	   1.5090	2.171e-05	   0.120	   112.959
 109	109	 4.8233	 1.0144	   1.5090	        1.5094	          0.0004	   1.5090	2.164e-05	   0.126	   114.004
 110	110	 4.8234	 1.0144	   1.5090	        1.5094	          0.0004	   1.5090	2.157e-05	   0.111	   115.040
 111	111	 4.8235	 1.0144	   1.5090	        1.5094	          0.0004	   1.5090	2.150e-05	   0.124	   116.129
 112	112	 4.8236	 1.0144	   1.5090	        1.5094	          0.0004	   1.5090	2.143e-05	   0.129	   117.202
 113	113	 4.8237	 1.0144	   1.5090	        1.5094	          0.0004	   1.5090	2.136e-05	   0.118	   118.255
 114	114	 4.8237	 1.0144	   1.5090	        1.5094	          0.0004	   1.5090	2.129e-05	   0.121	   119.302
 115	115	 4.8238	 1.0144	   1.5090	        1.5094	          0.0004	   1.5090	2.123e-05	   0.107	   120.335
 116	116	 4.8239	 1.0144	   1.5090	        1.5094	          0.0004	   1.5090	2.116e-05	   0.133	   121.400
 117	117	 4.8240	 1.0144	   1.5090	        1.5094	          0.0004	   1.5090	2.109e-05	   0.133	   122.542
 118	118	 4.8241	 1.0144	   1.5090	        1.5094	          0.0004	   1.5090	2.103e-05	   0.126	   123.611
 119	119	 4.8241	 1.0144	   1.5090	        1.5094	          0.0004	   1.5090	2.097e-05	   0.126	   124.652
 120	120	 4.8242	 1.0144	   1.5090	        1.5094	          0.0004	   1.5090	2.090e-05	   0.118	   125.717
 121	121	 4.8243	 1.0144	   1.5090	        1.5094	          0.0004	   1.5090	2.084e-05	   0.138	   126.839
 122	122	 4.8244	 1.0144	   1.5090	        1.5094	          0.0004	   1.5090	2.078e-05	   0.128	   127.937
 123	123	 4.8244	 1.0144	   1.5090	        1.5094	          0.0004	   1.5090	2.072e-05	   0.122	   129.020
 124	124	 4.8245	 1.0144	   1.5090	        1.5094	          0.0004	   1.5090	2.066e-05	   0.121	   130.078
 125	125	 4.8246	 1.0144	   1.5090	        1.5094	          0.0004	   1.5090	2.060e-05	   0.116	   131.114
 126	126	 4.8247	 1.0144	   1.5090	        1.5094	          0.0004	   1.5090	2.054e-05	   0.128	   132.168
 127	127	 4.8247	 1.0144	   1.5090	        1.5094	          0.0004	   1.5090	2.048e-05	   0.122	   133.205
 128	128	 4.8248	 1.0144	   1.5090	        1.5094	          0.0004	   1.5090	2.042e-05	   0.126	   134.246
 129	129	 4.8249	 1.0144	   1.5090	        1.5094	          0.0004	   1.5090	2.037e-05	   0.117	   135.282
 130	130	 4.8249	 1.0144	   1.5090	        1.5094	          0.0004	   1.5090	2.031e-05	   0.115	   136.326
 131	131	 4.8250	 1.0144	   1.5090	        1.5094	          0.0004	   1.5090	2.025e-05	   0.121	   137.417
 132	132	 4.8251	 1.0144	   1.5090	        1.5094	          0.0004	   1.5090	2.020e-05	   0.132	   138.485
 133	133	 4.8251	 1.0144	   1.5090	        1.5094	          0.0004	   1.5090	2.014e-05	   0.123	   139.542
 134	134	 4.8252	 1.0144	   1.5090	        1.5094	          0.0004	   1.5090	2.009e-05	   0.121	   140.582
 135	135	 4.8253	 1.0144	   1.5090	        1.5094	          0.0004	   1.5090	2.004e-05	   0.115	   141.626
 136	136	 4.8253	 1.0144	   1.5090	        1.5094	          0.0004	   1.5090	1.998e-05	   0.126	   142.685
 137	137	 4.8254	 1.0144	   1.5090	        1.5094	          0.0004	   1.5090	1.993e-05	   0.126	   143.754
 138	138	 4.8255	 1.0144	   1.5090	        1.5094	          0.0004	   1.5090	1.988e-05	   0.119	   144.786
 139	139	 4.8255	 1.0144	   1.5090	        1.5094	          0.0004	   1.5090	1.983e-05	   0.126	   145.832
 140	140	 4.8256	 1.0144	   1.5090	        1.5094	          0.0004	   1.5090	1.978e-05	   0.124	   146.897
 141	141	 4.8257	 1.0144	   1.5090	        1.5094	          0.0004	   1.5090	1.973e-05	   0.133	   148.008
 142	142	 4.8257	 1.0144	   1.5090	        1.5094	          0.0004	   1.5090	1.968e-05	   0.135	   149.115
 143	143	 4.8258	 1.0144	   1.5090	        1.5094	          0.0004	   1.5090	1.963e-05	   0.120	   150.200
 144	144	 4.8258	 1.0144	   1.5090	        1.5094	          0.0004	   1.5090	1.958e-05	   0.128	   151.263
 145	145	 4.8259	 1.0144	   1.5090	        1.5094	          0.0004	   1.5090	1.953e-05	   0.109	   152.298
 146	146	 4.8260	 1.0144	   1.5090	        1.5094	          0.0004	   1.5090	1.948e-05	   0.123	   153.343
 147	147	 4.8260	 1.0144	   1.5090	        1.5094	          0.0004	   1.5090	1.943e-05	   0.121	   154.388
 148	148	 4.8261	 1.0144	   1.5090	        1.5094	          0.0004	   1.5090	1.939e-05	   0.126	   155.423
 149	149	 4.8261	 1.0144	   1.5090	        1.5094	          0.0004	   1.5090	1.934e-05	   0.125	   156.473
 150	150	 4.8262	 1.0144	   1.5090	        1.5094	          0.0004	   1.5090	1.929e-05	   0.116	   157.547
 151	151	 4.8263	 1.0144	   1.5090	        1.5094	          0.0004	   1.5090	1.925e-05	   0.141	   158.708
 152	152	 4.8263	 1.0144	   1.5090	        1.5094	          0.0004	   1.5090	1.920e-05	   0.128	   159.799
 153	153	 4.8264	 1.0144	   1.5090	        1.5094	          0.0004	   1.5090	1.916e-05	   0.128	   160.893
 154	154	 4.8264	 1.0144	   1.5090	        1.5094	          0.0004	   1.5090	1.911e-05	   0.124	   161.939
 155	155	 4.8265	 1.0144	   1.5090	        1.5094	          0.0004	   1.5090	1.907e-05	   0.125	   163.052
 156	156	 4.8265	 1.0144	   1.5090	        1.5094	          0.0004	   1.5090	1.902e-05	   0.131	   164.170
 157	157	 4.8266	 1.0144	   1.5090	        1.5094	          0.0004	   1.5090	1.898e-05	   0.123	   165.232
 158	158	 4.8266	 1.0144	   1.5090	        1.5094	          0.0004	   1.5090	1.894e-05	   0.127	   166.277
 159	159	 4.8267	 1.0144	   1.5090	        1.5094	          0.0004	   1.5090	1.889e-05	   0.119	   167.315
 160	160	 4.8267	 1.0144	   1.5090	        1.5094	          0.0004	   1.5090	1.885e-05	   0.123	   168.367
 161	161	 4.8268	 1.0144	   1.5090	        1.5094	          0.0004	   1.5090	1.881e-05	   0.120	   169.480
 162	162	 4.8268	 1.0144	   1.5090	        1.5094	          0.0004	   1.5090	1.877e-05	   0.133	   170.593
 163	163	 4.8269	 1.0144	   1.5090	        1.5094	          0.0004	   1.5090	1.873e-05	   0.124	   171.689
 164	164	 4.8269	 1.0144	   1.5090	        1.5094	          0.0004	   1.5090	1.868e-05	   0.123	   172.745
 165	165	 4.8270	 1.0144	   1.5090	        1.5094	          0.0004	   1.5090	1.864e-05	   0.114	   173.782
 166	166	 4.8270	 1.0144	   1.5090	        1.5094	          0.0004	   1.5090	1.860e-05	   0.121	   174.826
 167	167	 4.8271	 1.0144	   1.5090	        1.5094	          0.0004	   1.5090	1.856e-05	   0.127	   175.874
 168	168	 4.8271	 1.0144	   1.5090	        1.5094	          0.0004	   1.5090	1.852e-05	   0.121	   176.911
 169	169	 4.8272	 1.0144	   1.5090	        1.5094	          0.0004	   1.5090	1.848e-05	   0.125	   177.954
 170	170	 4.8272	 1.0144	   1.5090	        1.5094	          0.0004	   1.5090	1.845e-05	   0.111	   178.992
 171	171	 4.8273	 1.0144	   1.5090	        1.5094	          0.0004	   1.5090	1.841e-05	   0.125	   180.080
 172	172	 4.8273	 1.0144	   1.5090	        1.5094	          0.0004	   1.5090	1.837e-05	   0.129	   181.145
 173	173	 4.8274	 1.0144	   1.5090	        1.5094	          0.0004	   1.5090	1.833e-05	   0.123	   182.206
 174	174	 4.8274	 1.0144	   1.5090	        1.5094	          0.0004	   1.5090	1.829e-05	   0.126	   183.253
 175	175	 4.8275	 1.0144	   1.5090	        1.5094	          0.0004	   1.5090	1.825e-05	   0.113	   184.304
 176	176	 4.8275	 1.0144	   1.5090	        1.5094	          0.0004	   1.5090	1.822e-05	   0.129	   185.375
 177	177	 4.8276	 1.0144	   1.5090	        1.5094	          0.0004	   1.5090	1.818e-05	   0.121	   186.417
 178	178	 4.8276	 1.0144	   1.5090	        1.5094	          0.0004	   1.5090	1.814e-05	   0.124	   187.454
 179	179	 4.8277	 1.0144	   1.5090	        1.5094	          0.0004	   1.5090	1.811e-05	   0.123	   188.498
 180	180	 4.8277	 1.0144	   1.5090	        1.5094	          0.0004	   1.5090	1.807e-05	   0.114	   189.534
 181	181	 4.8277	 1.0144	   1.5090	        1.5094	          0.0004	   1.5090	1.803e-05	   0.130	   190.668
 182	182	 4.8278	 1.0144	   1.5090	        1.5094	          0.0004	   1.5090	1.800e-05	   0.123	   191.767
 183	183	 4.8278	 1.0144	   1.5090	        1.5094	          0.0004	   1.5090	1.796e-05	   0.127	   192.866
 184	184	 4.8279	 1.0144	   1.5090	        1.5094	          0.0004	   1.5090	1.793e-05	   0.119	   193.922
 185	185	 4.8279	 1.0144	   1.5090	        1.5094	          0.0004	   1.5090	1.789e-05	   0.114	   194.962
 186	186	 4.8280	 1.0144	   1.5090	        1.5094	          0.0004	   1.5090	1.786e-05	   0.125	   196.013
 187	187	 4.8280	 1.0144	   1.5090	        1.5094	          0.0004	   1.5090	1.783e-05	   0.124	   197.054
 188	188	 4.8280	 1.0144	   1.5090	        1.5094	          0.0004	   1.5090	1.779e-05	   0.127	   198.092
 189	189	 4.8281	 1.0144	   1.5090	        1.5094	          0.0004	   1.5090	1.776e-05	   0.120	   199.131
 190	190	 4.8281	 1.0144	   1.5090	        1.5094	          0.0004	   1.5090	1.772e-05	   0.117	   200.174
 191	191	 4.8282	 1.0144	   1.5090	        1.5094	          0.0004	   1.5090	1.769e-05	   0.126	   201.265
 192	192	 4.8282	 1.0144	   1.5090	        1.5094	          0.0004	   1.5090	1.766e-05	   0.129	   202.317
 193	193	 4.8282	 1.0144	   1.5090	        1.5094	          0.0004	   1.5090	1.762e-05	   0.135	   203.402
 194	194	 4.8283	 1.0144	   1.5090	        1.5094	          0.0004	   1.5090	1.759e-05	   0.138	   204.521
 195	195	 4.8283	 1.0144	   1.5090	        1.5094	          0.0004	   1.5090	1.756e-05	   0.113	   205.598
 196	196	 4.8284	 1.0144	   1.5090	        1.5094	          0.0004	   1.5090	1.753e-05	   0.123	   206.657
 197	197	 4.8284	 1.0144	   1.5090	        1.5094	          0.0004	   1.5090	1.750e-05	   0.126	   207.703
 198	198	 4.8284	 1.0144	   1.5090	        1.5094	          0.0004	   1.5090	1.746e-05	   0.117	   208.732
 199	199	 4.8285	 1.0144	   1.5090	        1.5094	          0.0004	   1.5090	1.743e-05	   0.128	   209.783
 200	200	 4.8285	 1.0144	   1.5090	        1.5094	          0.0004	   1.5090	1.740e-05	   0.108	   210.819

[BSGD] Finished on device cuda -> σ_f² ≈ 4.8285, σ_ε² ≈ 1.0144
