[GPU 4][JOB 117] 'python cli.py bsgd --n 1024 --lengthscale 0.5 --sigma-f2-true 4.0 --sigma-eps2-true 1.0 --n-epochs 200 --device auto --kernel-mode finite --theta-min 1e-4 --theta-max 20.0 --print-every 1 --seed 6 --batch-size 1024 --sigma-f2-init 5.0 --sigma-eps2-init 3.0 --alpha1 9.0 '

=== BSGD (biased SGD on exact kernel) ===
iter	epoch	σ_f²	σ_ε²	real_nlml	real_nlml_true	real_nlml_abs_err	mini_nlml	||grad||	duration_s	wall_time_s
   1	 1	 4.8983	 2.0531	   1.6081	        1.5159	          0.0922	   1.6081	1.168e-01	   0.437	     0.604
   2	 2	 4.8755	 1.5273	   1.5487	        1.5159	          0.0329	   1.5487	1.031e-01	   0.111	     1.519
   3	 3	 4.8691	 1.2181	   1.5220	        1.5159	          0.0061	   1.5220	6.220e-02	   0.109	     2.546
   4	 4	 4.8681	 1.0782	   1.5159	        1.5159	          0.0000	   1.5159	2.174e-02	   0.110	     3.569
   5	 5	 4.8687	 1.0390	   1.5153	        1.5159	          0.0005	   1.5153	6.051e-03	   0.122	     4.616
   6	 6	 4.8694	 1.0300	   1.5153	        1.5159	          0.0006	   1.5153	2.061e-03	   0.117	     5.654
   7	 7	 4.8701	 1.0273	   1.5153	        1.5159	          0.0006	   1.5153	8.697e-04	   0.116	     6.716
   8	 8	 4.8706	 1.0263	   1.5153	        1.5159	          0.0006	   1.5153	4.268e-04	   0.111	     7.757
   9	 9	 4.8711	 1.0259	   1.5153	        1.5159	          0.0006	   1.5153	2.332e-04	   0.116	     8.796
  10	10	 4.8715	 1.0257	   1.5153	        1.5159	          0.0006	   1.5153	1.380e-04	   0.131	     9.871
  11	11	 4.8719	 1.0256	   1.5153	        1.5159	          0.0006	   1.5153	8.691e-05	   0.117	    10.924
  12	12	 4.8722	 1.0255	   1.5153	        1.5159	          0.0006	   1.5153	5.762e-05	   0.114	    11.969
  13	13	 4.8725	 1.0255	   1.5153	        1.5159	          0.0006	   1.5153	3.992e-05	   0.107	    12.999
  14	14	 4.8728	 1.0255	   1.5153	        1.5159	          0.0006	   1.5153	2.880e-05	   0.117	    14.048
  15	15	 4.8730	 1.0254	   1.5153	        1.5159	          0.0006	   1.5153	2.159e-05	   0.114	    15.090
  16	16	 4.8732	 1.0254	   1.5153	        1.5159	          0.0006	   1.5153	1.683e-05	   0.120	    16.130
  17	17	 4.8734	 1.0254	   1.5153	        1.5159	          0.0006	   1.5153	1.363e-05	   0.124	    17.226
  18	18	 4.8736	 1.0254	   1.5153	        1.5159	          0.0006	   1.5153	1.146e-05	   0.110	    18.298
  19	19	 4.8738	 1.0254	   1.5153	        1.5159	          0.0006	   1.5153	9.973e-06	   0.126	    19.372
  20	20	 4.8739	 1.0254	   1.5153	        1.5159	          0.0006	   1.5153	8.946e-06	   0.119	    20.449
  21	21	 4.8741	 1.0254	   1.5153	        1.5159	          0.0006	   1.5153	8.223e-06	   0.123	    21.558
  22	22	 4.8742	 1.0254	   1.5153	        1.5159	          0.0006	   1.5153	7.704e-06	   0.109	    22.617
  23	23	 4.8743	 1.0254	   1.5153	        1.5159	          0.0006	   1.5153	7.322e-06	   0.114	    23.653
  24	24	 4.8745	 1.0254	   1.5153	        1.5159	          0.0006	   1.5153	7.033e-06	   0.114	    24.702
  25	25	 4.8746	 1.0254	   1.5153	        1.5159	          0.0006	   1.5153	6.806e-06	   0.115	    25.741
  26	26	 4.8747	 1.0254	   1.5153	        1.5159	          0.0006	   1.5153	6.623e-06	   0.116	    26.783
  27	27	 4.8748	 1.0254	   1.5153	        1.5159	          0.0006	   1.5153	6.471e-06	   0.113	    27.821
  28	28	 4.8749	 1.0254	   1.5153	        1.5159	          0.0006	   1.5153	6.341e-06	   0.116	    28.884
  29	29	 4.8750	 1.0254	   1.5153	        1.5159	          0.0006	   1.5153	6.228e-06	   0.110	    29.926
  30	30	 4.8751	 1.0254	   1.5153	        1.5159	          0.0006	   1.5153	6.127e-06	   0.118	    30.963
  31	31	 4.8752	 1.0254	   1.5153	        1.5159	          0.0006	   1.5153	6.035e-06	   0.122	    32.048
  32	32	 4.8752	 1.0254	   1.5153	        1.5159	          0.0006	   1.5153	5.952e-06	   0.116	    33.086
  33	33	 4.8753	 1.0254	   1.5153	        1.5159	          0.0006	   1.5153	5.874e-06	   0.117	    34.132
  34	34	 4.8754	 1.0254	   1.5153	        1.5159	          0.0006	   1.5153	5.802e-06	   0.109	    35.171
  35	35	 4.8755	 1.0254	   1.5153	        1.5159	          0.0006	   1.5153	5.734e-06	   0.122	    36.220
  36	36	 4.8755	 1.0254	   1.5153	        1.5159	          0.0006	   1.5153	5.670e-06	   0.120	    37.307
  37	37	 4.8756	 1.0254	   1.5153	        1.5159	          0.0006	   1.5153	5.609e-06	   0.123	    38.434
  38	38	 4.8757	 1.0254	   1.5153	        1.5159	          0.0006	   1.5153	5.551e-06	   0.109	    39.535
  39	39	 4.8757	 1.0254	   1.5153	        1.5159	          0.0006	   1.5153	5.495e-06	   0.120	    40.620
  40	40	 4.8758	 1.0254	   1.5153	        1.5159	          0.0006	   1.5153	5.441e-06	   0.126	    41.706
  41	41	 4.8759	 1.0254	   1.5153	        1.5159	          0.0006	   1.5153	5.390e-06	   0.123	    42.804
  42	42	 4.8759	 1.0254	   1.5153	        1.5159	          0.0006	   1.5153	5.341e-06	   0.119	    43.883
  43	43	 4.8760	 1.0254	   1.5153	        1.5159	          0.0006	   1.5153	5.293e-06	   0.110	    44.919
  44	44	 4.8760	 1.0254	   1.5153	        1.5159	          0.0006	   1.5153	5.247e-06	   0.113	    45.962
  45	45	 4.8761	 1.0254	   1.5153	        1.5159	          0.0006	   1.5153	5.203e-06	   0.115	    47.005
  46	46	 4.8761	 1.0254	   1.5153	        1.5159	          0.0006	   1.5153	5.160e-06	   0.120	    48.041
  47	47	 4.8762	 1.0254	   1.5153	        1.5159	          0.0006	   1.5153	5.118e-06	   0.114	    49.087
  48	48	 4.8762	 1.0254	   1.5153	        1.5159	          0.0006	   1.5153	5.078e-06	   0.113	    50.148
  49	49	 4.8763	 1.0254	   1.5153	        1.5159	          0.0006	   1.5153	5.038e-06	   0.118	    51.193
  50	50	 4.8763	 1.0254	   1.5153	        1.5159	          0.0006	   1.5153	5.000e-06	   0.110	    52.226
  51	51	 4.8764	 1.0254	   1.5153	        1.5159	          0.0006	   1.5153	4.963e-06	   0.126	    53.307
  52	52	 4.8764	 1.0254	   1.5153	        1.5159	          0.0006	   1.5153	4.927e-06	   0.111	    54.358
  53	53	 4.8764	 1.0254	   1.5153	        1.5159	          0.0006	   1.5153	4.892e-06	   0.115	    55.398
  54	54	 4.8765	 1.0254	   1.5153	        1.5159	          0.0006	   1.5153	4.858e-06	   0.112	    56.441
  55	55	 4.8765	 1.0254	   1.5153	        1.5159	          0.0006	   1.5153	4.824e-06	   0.119	    57.479
  56	56	 4.8766	 1.0254	   1.5153	        1.5159	          0.0006	   1.5153	4.792e-06	   0.122	    58.527
  57	57	 4.8766	 1.0254	   1.5153	        1.5159	          0.0006	   1.5153	4.760e-06	   0.115	    59.621
  58	58	 4.8766	 1.0254	   1.5153	        1.5159	          0.0006	   1.5153	4.729e-06	   0.121	    60.698
  59	59	 4.8767	 1.0254	   1.5153	        1.5159	          0.0006	   1.5153	4.699e-06	   0.109	    61.773
  60	60	 4.8767	 1.0254	   1.5153	        1.5159	          0.0006	   1.5153	4.670e-06	   0.125	    62.825
  61	61	 4.8767	 1.0254	   1.5153	        1.5159	          0.0006	   1.5153	4.641e-06	   0.117	    63.929
  62	62	 4.8768	 1.0254	   1.5153	        1.5159	          0.0006	   1.5153	4.613e-06	   0.117	    65.011
  63	63	 4.8768	 1.0254	   1.5153	        1.5159	          0.0006	   1.5153	4.585e-06	   0.116	    66.053
  64	64	 4.8768	 1.0254	   1.5153	        1.5159	          0.0006	   1.5153	4.558e-06	   0.111	    67.089
  65	65	 4.8769	 1.0254	   1.5153	        1.5159	          0.0006	   1.5153	4.532e-06	   0.123	    68.139
  66	66	 4.8769	 1.0254	   1.5153	        1.5159	          0.0006	   1.5153	4.506e-06	   0.110	    69.172
  67	67	 4.8769	 1.0254	   1.5153	        1.5159	          0.0006	   1.5153	4.481e-06	   0.110	    70.215
  68	68	 4.8769	 1.0254	   1.5153	        1.5159	          0.0006	   1.5153	4.456e-06	   0.108	    71.276
  69	69	 4.8770	 1.0254	   1.5153	        1.5159	          0.0006	   1.5153	4.432e-06	   0.118	    72.319
  70	70	 4.8770	 1.0254	   1.5153	        1.5159	          0.0006	   1.5153	4.408e-06	   0.119	    73.367
  71	71	 4.8770	 1.0254	   1.5153	        1.5159	          0.0006	   1.5153	4.385e-06	   0.120	    74.429
  72	72	 4.8771	 1.0254	   1.5153	        1.5159	          0.0006	   1.5153	4.362e-06	   0.117	    75.490
  73	73	 4.8771	 1.0254	   1.5153	        1.5159	          0.0006	   1.5153	4.339e-06	   0.112	    76.557
  74	74	 4.8771	 1.0254	   1.5153	        1.5159	          0.0006	   1.5153	4.317e-06	   0.132	    77.709
  75	75	 4.8771	 1.0254	   1.5153	        1.5159	          0.0006	   1.5153	4.296e-06	   0.121	    78.832
  76	76	 4.8772	 1.0254	   1.5153	        1.5159	          0.0006	   1.5153	4.274e-06	   0.118	    79.936
  77	77	 4.8772	 1.0254	   1.5153	        1.5159	          0.0006	   1.5153	4.254e-06	   0.117	    81.020
  78	78	 4.8772	 1.0254	   1.5153	        1.5159	          0.0006	   1.5153	4.233e-06	   0.126	    82.135
  79	79	 4.8772	 1.0254	   1.5153	        1.5159	          0.0006	   1.5153	4.213e-06	   0.117	    83.217
  80	80	 4.8773	 1.0254	   1.5153	        1.5159	          0.0006	   1.5153	4.193e-06	   0.112	    84.255
  81	81	 4.8773	 1.0254	   1.5153	        1.5159	          0.0006	   1.5153	4.174e-06	   0.123	    85.360
  82	82	 4.8773	 1.0254	   1.5153	        1.5159	          0.0006	   1.5153	4.155e-06	   0.109	    86.441
  83	83	 4.8773	 1.0254	   1.5153	        1.5159	          0.0006	   1.5153	4.136e-06	   0.114	    87.486
  84	84	 4.8773	 1.0254	   1.5153	        1.5159	          0.0006	   1.5153	4.117e-06	   0.111	    88.531
  85	85	 4.8774	 1.0254	   1.5153	        1.5159	          0.0006	   1.5153	4.099e-06	   0.121	    89.574
  86	86	 4.8774	 1.0254	   1.5153	        1.5159	          0.0006	   1.5153	4.081e-06	   0.118	    90.613
  87	87	 4.8774	 1.0254	   1.5153	        1.5159	          0.0006	   1.5153	4.064e-06	   0.111	    91.649
  88	88	 4.8774	 1.0254	   1.5153	        1.5159	          0.0006	   1.5153	4.046e-06	   0.119	    92.719
  89	89	 4.8775	 1.0254	   1.5153	        1.5159	          0.0006	   1.5153	4.029e-06	   0.107	    93.755
  90	90	 4.8775	 1.0254	   1.5153	        1.5159	          0.0006	   1.5153	4.012e-06	   0.117	    94.801
  91	91	 4.8775	 1.0254	   1.5153	        1.5159	          0.0006	   1.5153	3.996e-06	   0.115	    95.857
  92	92	 4.8775	 1.0254	   1.5153	        1.5159	          0.0006	   1.5153	3.980e-06	   0.120	    96.925
  93	93	 4.8775	 1.0254	   1.5153	        1.5159	          0.0006	   1.5153	3.964e-06	   0.112	    97.967
  94	94	 4.8775	 1.0254	   1.5153	        1.5159	          0.0006	   1.5153	3.948e-06	   0.115	    99.010
  95	95	 4.8776	 1.0254	   1.5153	        1.5159	          0.0006	   1.5153	3.932e-06	   0.121	   100.052
  96	96	 4.8776	 1.0254	   1.5153	        1.5159	          0.0006	   1.5153	3.917e-06	   0.109	   101.121
  97	97	 4.8776	 1.0254	   1.5153	        1.5159	          0.0006	   1.5153	3.902e-06	   0.124	   102.176
  98	98	 4.8776	 1.0254	   1.5153	        1.5159	          0.0006	   1.5153	3.887e-06	   0.111	   103.288
  99	99	 4.8776	 1.0254	   1.5153	        1.5159	          0.0006	   1.5153	3.872e-06	   0.114	   104.344
 100	100	 4.8777	 1.0254	   1.5153	        1.5159	          0.0006	   1.5153	3.857e-06	   0.115	   105.388
 101	101	 4.8777	 1.0254	   1.5153	        1.5159	          0.0006	   1.5153	3.843e-06	   0.121	   106.476
 102	102	 4.8777	 1.0254	   1.5153	        1.5159	          0.0006	   1.5153	3.829e-06	   0.121	   107.577
 103	103	 4.8777	 1.0254	   1.5153	        1.5159	          0.0006	   1.5153	3.815e-06	   0.110	   108.615
 104	104	 4.8777	 1.0254	   1.5153	        1.5159	          0.0006	   1.5153	3.801e-06	   0.116	   109.663
 105	105	 4.8777	 1.0254	   1.5153	        1.5159	          0.0006	   1.5153	3.788e-06	   0.111	   110.697
 106	106	 4.8778	 1.0254	   1.5153	        1.5159	          0.0006	   1.5153	3.774e-06	   0.119	   111.741
 107	107	 4.8778	 1.0254	   1.5153	        1.5159	          0.0006	   1.5153	3.761e-06	   0.114	   112.787
 108	108	 4.8778	 1.0254	   1.5153	        1.5159	          0.0006	   1.5153	3.748e-06	   0.113	   113.845
 109	109	 4.8778	 1.0254	   1.5153	        1.5159	          0.0006	   1.5153	3.735e-06	   0.114	   114.887
 110	110	 4.8778	 1.0254	   1.5153	        1.5159	          0.0006	   1.5153	3.722e-06	   0.115	   115.926
 111	111	 4.8778	 1.0254	   1.5153	        1.5159	          0.0006	   1.5153	3.710e-06	   0.128	   116.987
 112	112	 4.8778	 1.0254	   1.5153	        1.5159	          0.0006	   1.5153	3.697e-06	   0.111	   118.055
 113	113	 4.8779	 1.0254	   1.5153	        1.5159	          0.0006	   1.5153	3.685e-06	   0.120	   119.140
 114	114	 4.8779	 1.0254	   1.5153	        1.5159	          0.0006	   1.5153	3.673e-06	   0.109	   120.206
 115	115	 4.8779	 1.0254	   1.5153	        1.5159	          0.0006	   1.5153	3.661e-06	   0.124	   121.292
 116	116	 4.8779	 1.0254	   1.5153	        1.5159	          0.0006	   1.5153	3.649e-06	   0.116	   122.363
 117	117	 4.8779	 1.0254	   1.5153	        1.5159	          0.0006	   1.5153	3.637e-06	   0.118	   123.451
 118	118	 4.8779	 1.0254	   1.5153	        1.5159	          0.0006	   1.5153	3.626e-06	   0.119	   124.556
 119	119	 4.8779	 1.0254	   1.5153	        1.5159	          0.0006	   1.5153	3.614e-06	   0.107	   125.604
 120	120	 4.8780	 1.0254	   1.5153	        1.5159	          0.0006	   1.5153	3.603e-06	   0.121	   126.653
 121	121	 4.8780	 1.0254	   1.5153	        1.5159	          0.0006	   1.5153	3.592e-06	   0.123	   127.734
 122	122	 4.8780	 1.0254	   1.5153	        1.5159	          0.0006	   1.5153	3.581e-06	   0.115	   128.830
 123	123	 4.8780	 1.0254	   1.5153	        1.5159	          0.0006	   1.5153	3.570e-06	   0.111	   129.883
 124	124	 4.8780	 1.0254	   1.5153	        1.5159	          0.0006	   1.5153	3.559e-06	   0.116	   130.922
 125	125	 4.8780	 1.0254	   1.5153	        1.5159	          0.0006	   1.5153	3.548e-06	   0.121	   131.970
 126	126	 4.8780	 1.0254	   1.5153	        1.5159	          0.0006	   1.5153	3.538e-06	   0.113	   133.005
 127	127	 4.8780	 1.0254	   1.5153	        1.5159	          0.0006	   1.5153	3.527e-06	   0.115	   134.050
 128	128	 4.8781	 1.0254	   1.5153	        1.5159	          0.0006	   1.5153	3.517e-06	   0.114	   135.107
 129	129	 4.8781	 1.0254	   1.5153	        1.5159	          0.0006	   1.5153	3.507e-06	   0.118	   136.154
 130	130	 4.8781	 1.0254	   1.5153	        1.5159	          0.0006	   1.5153	3.497e-06	   0.113	   137.196
 131	131	 4.8781	 1.0254	   1.5153	        1.5159	          0.0006	   1.5153	3.487e-06	   0.125	   138.241
 132	132	 4.8781	 1.0254	   1.5153	        1.5159	          0.0006	   1.5153	3.477e-06	   0.113	   139.320
 133	133	 4.8781	 1.0254	   1.5153	        1.5159	          0.0006	   1.5153	3.467e-06	   0.111	   140.357
 134	134	 4.8781	 1.0254	   1.5153	        1.5159	          0.0006	   1.5153	3.457e-06	   0.120	   141.407
 135	135	 4.8781	 1.0254	   1.5153	        1.5159	          0.0006	   1.5153	3.448e-06	   0.112	   142.481
 136	136	 4.8782	 1.0254	   1.5153	        1.5159	          0.0006	   1.5153	3.438e-06	   0.115	   143.522
 137	137	 4.8782	 1.0254	   1.5153	        1.5159	          0.0006	   1.5153	3.429e-06	   0.108	   144.600
 138	138	 4.8782	 1.0254	   1.5153	        1.5159	          0.0006	   1.5153	3.420e-06	   0.123	   145.679
 139	139	 4.8782	 1.0254	   1.5153	        1.5159	          0.0006	   1.5153	3.410e-06	   0.114	   146.744
 140	140	 4.8782	 1.0254	   1.5153	        1.5159	          0.0006	   1.5153	3.401e-06	   0.117	   147.783
 141	141	 4.8782	 1.0254	   1.5153	        1.5159	          0.0006	   1.5153	3.392e-06	   0.127	   148.854
 142	142	 4.8782	 1.0254	   1.5153	        1.5159	          0.0006	   1.5153	3.383e-06	   0.107	   149.951
 143	143	 4.8782	 1.0254	   1.5153	        1.5159	          0.0006	   1.5153	3.374e-06	   0.118	   151.016
 144	144	 4.8782	 1.0254	   1.5153	        1.5159	          0.0006	   1.5153	3.365e-06	   0.111	   152.058
 145	145	 4.8782	 1.0254	   1.5153	        1.5159	          0.0006	   1.5153	3.357e-06	   0.117	   153.096
 146	146	 4.8783	 1.0254	   1.5153	        1.5159	          0.0006	   1.5153	3.348e-06	   0.114	   154.137
 147	147	 4.8783	 1.0254	   1.5153	        1.5159	          0.0006	   1.5153	3.340e-06	   0.115	   155.174
 148	148	 4.8783	 1.0254	   1.5153	        1.5159	          0.0006	   1.5153	3.331e-06	   0.121	   156.235
 149	149	 4.8783	 1.0254	   1.5153	        1.5159	          0.0006	   1.5153	3.323e-06	   0.120	   157.321
 150	150	 4.8783	 1.0254	   1.5153	        1.5159	          0.0006	   1.5153	3.314e-06	   0.125	   158.421
 151	151	 4.8783	 1.0254	   1.5153	        1.5159	          0.0006	   1.5153	3.306e-06	   0.121	   159.552
 152	152	 4.8783	 1.0254	   1.5153	        1.5159	          0.0006	   1.5153	3.298e-06	   0.121	   160.710
 153	153	 4.8783	 1.0254	   1.5153	        1.5159	          0.0006	   1.5153	3.290e-06	   0.110	   161.764
 154	154	 4.8783	 1.0254	   1.5153	        1.5159	          0.0006	   1.5153	3.282e-06	   0.120	   162.850
 155	155	 4.8783	 1.0254	   1.5153	        1.5159	          0.0006	   1.5153	3.274e-06	   0.117	   163.921
 156	156	 4.8784	 1.0254	   1.5153	        1.5159	          0.0006	   1.5153	3.266e-06	   0.119	   165.006
 157	157	 4.8784	 1.0254	   1.5153	        1.5159	          0.0006	   1.5153	3.258e-06	   0.119	   166.074
 158	158	 4.8784	 1.0254	   1.5153	        1.5159	          0.0006	   1.5153	3.251e-06	   0.111	   167.138
 159	159	 4.8784	 1.0254	   1.5153	        1.5159	          0.0006	   1.5153	3.243e-06	   0.113	   168.208
 160	160	 4.8784	 1.0254	   1.5153	        1.5159	          0.0006	   1.5153	3.235e-06	   0.112	   169.248
 161	161	 4.8784	 1.0254	   1.5153	        1.5159	          0.0006	   1.5153	3.228e-06	   0.122	   170.306
 162	162	 4.8784	 1.0254	   1.5153	        1.5159	          0.0006	   1.5153	3.220e-06	   0.124	   171.426
 163	163	 4.8784	 1.0254	   1.5153	        1.5159	          0.0006	   1.5153	3.213e-06	   0.116	   172.484
 164	164	 4.8784	 1.0254	   1.5153	        1.5159	          0.0006	   1.5153	3.206e-06	   0.118	   173.526
 165	165	 4.8784	 1.0254	   1.5153	        1.5159	          0.0006	   1.5153	3.198e-06	   0.110	   174.559
 166	166	 4.8784	 1.0254	   1.5153	        1.5159	          0.0006	   1.5153	3.191e-06	   0.117	   175.605
 167	167	 4.8785	 1.0254	   1.5153	        1.5159	          0.0006	   1.5153	3.184e-06	   0.108	   176.645
 168	168	 4.8785	 1.0254	   1.5153	        1.5159	          0.0006	   1.5153	3.177e-06	   0.119	   177.690
 169	169	 4.8785	 1.0254	   1.5153	        1.5159	          0.0006	   1.5153	3.170e-06	   0.112	   178.751
 170	170	 4.8785	 1.0254	   1.5153	        1.5159	          0.0006	   1.5153	3.163e-06	   0.120	   179.791
 171	171	 4.8785	 1.0254	   1.5153	        1.5159	          0.0006	   1.5153	3.156e-06	   0.121	   180.836
 172	172	 4.8785	 1.0254	   1.5153	        1.5159	          0.0006	   1.5153	3.149e-06	   0.114	   181.912
 173	173	 4.8785	 1.0254	   1.5153	        1.5159	          0.0006	   1.5153	3.142e-06	   0.116	   182.962
 174	174	 4.8785	 1.0254	   1.5153	        1.5159	          0.0006	   1.5153	3.135e-06	   0.109	   184.034
 175	175	 4.8785	 1.0254	   1.5153	        1.5159	          0.0006	   1.5153	3.129e-06	   0.123	   185.084
 176	176	 4.8785	 1.0254	   1.5153	        1.5159	          0.0006	   1.5153	3.122e-06	   0.113	   186.160
 177	177	 4.8785	 1.0254	   1.5153	        1.5159	          0.0006	   1.5153	3.115e-06	   0.116	   187.200
 178	178	 4.8785	 1.0254	   1.5153	        1.5159	          0.0006	   1.5153	3.109e-06	   0.116	   188.264
 179	179	 4.8785	 1.0254	   1.5153	        1.5159	          0.0006	   1.5153	3.102e-06	   0.113	   189.334
 180	180	 4.8786	 1.0254	   1.5153	        1.5159	          0.0006	   1.5153	3.096e-06	   0.123	   190.383
 181	181	 4.8786	 1.0254	   1.5153	        1.5159	          0.0006	   1.5153	3.089e-06	   0.117	   191.431
 182	182	 4.8786	 1.0254	   1.5153	        1.5159	          0.0006	   1.5153	3.083e-06	   0.121	   192.539
 183	183	 4.8786	 1.0254	   1.5153	        1.5159	          0.0006	   1.5153	3.077e-06	   0.108	   193.607
 184	184	 4.8786	 1.0254	   1.5153	        1.5159	          0.0006	   1.5153	3.071e-06	   0.118	   194.651
 185	185	 4.8786	 1.0254	   1.5153	        1.5159	          0.0006	   1.5153	3.064e-06	   0.118	   195.697
 186	186	 4.8786	 1.0254	   1.5153	        1.5159	          0.0006	   1.5153	3.058e-06	   0.117	   196.736
 187	187	 4.8786	 1.0254	   1.5153	        1.5159	          0.0006	   1.5153	3.052e-06	   0.115	   197.778
 188	188	 4.8786	 1.0254	   1.5153	        1.5159	          0.0006	   1.5153	3.046e-06	   0.106	   198.809
 189	189	 4.8786	 1.0254	   1.5153	        1.5159	          0.0006	   1.5153	3.040e-06	   0.124	   199.888
 190	190	 4.8786	 1.0254	   1.5153	        1.5159	          0.0006	   1.5153	3.034e-06	   0.121	   200.983
 191	191	 4.8786	 1.0254	   1.5153	        1.5159	          0.0006	   1.5153	3.028e-06	   0.118	   202.033
 192	192	 4.8786	 1.0254	   1.5153	        1.5159	          0.0006	   1.5153	3.022e-06	   0.118	   203.108
 193	193	 4.8786	 1.0254	   1.5153	        1.5159	          0.0006	   1.5153	3.016e-06	   0.119	   204.202
 194	194	 4.8787	 1.0254	   1.5153	        1.5159	          0.0006	   1.5153	3.010e-06	   0.124	   205.281
 195	195	 4.8787	 1.0254	   1.5153	        1.5159	          0.0006	   1.5153	3.004e-06	   0.120	   206.367
 196	196	 4.8787	 1.0254	   1.5153	        1.5159	          0.0006	   1.5153	2.999e-06	   0.119	   207.428
 197	197	 4.8787	 1.0254	   1.5153	        1.5159	          0.0006	   1.5153	2.993e-06	   0.108	   208.459
 198	198	 4.8787	 1.0254	   1.5153	        1.5159	          0.0006	   1.5153	2.987e-06	   0.117	   209.522
 199	199	 4.8787	 1.0254	   1.5153	        1.5159	          0.0006	   1.5153	2.982e-06	   0.111	   210.576
 200	200	 4.8787	 1.0254	   1.5153	        1.5159	          0.0006	   1.5153	2.976e-06	   0.117	   211.568

[BSGD] Finished on device cuda -> σ_f² ≈ 4.8787, σ_ε² ≈ 1.0254
