[GPU 1][JOB 146] 'python cli.py bsgd --n 1024 --lengthscale 0.5 --sigma-f2-true 4.0 --sigma-eps2-true 1.0 --n-epochs 200 --device auto --kernel-mode finite --theta-min 1e-4 --theta-max 20.0 --print-every 1 --seed 5 --batch-size 1024 --sigma-f2-init 5.0 --sigma-eps2-init 3.0 --alpha1 9.0 '

=== BSGD (biased SGD on exact kernel) ===
iter	epoch	σ_f²	σ_ε²	real_nlml	real_nlml_true	real_nlml_abs_err	mini_nlml	||grad||	duration_s	wall_time_s
   1	 1	 5.1363	 2.0199	   1.5855	        1.4829	          0.1027	   1.5855	1.245e-01	   0.509	     0.642
   2	 2	 5.1973	 1.4598	   1.5175	        1.4829	          0.0346	   1.5175	1.117e-01	   0.088	     1.385
   3	 3	 5.2376	 1.1248	   1.4868	        1.4829	          0.0039	   1.4868	6.064e-02	   0.103	     2.328
   4	 4	 5.2677	 0.9883	   1.4815	        1.4829	          0.0013	   1.4815	1.132e-02	   0.111	     3.301
   5	 5	 5.2907	 0.9679	   1.4814	        1.4829	          0.0015	   1.4814	1.359e-03	   0.105	     4.314
   6	 6	 5.3088	 0.9659	   1.4814	        1.4829	          0.0015	   1.4814	3.866e-04	   0.110	     5.315
   7	 7	 5.3234	 0.9655	   1.4814	        1.4829	          0.0015	   1.4814	2.450e-04	   0.116	     6.322
   8	 8	 5.3357	 0.9654	   1.4814	        1.4829	          0.0015	   1.4814	2.171e-04	   0.103	     7.320
   9	 9	 5.3461	 0.9654	   1.4814	        1.4829	          0.0015	   1.4814	2.062e-04	   0.115	     8.316
  10	10	 5.3552	 0.9654	   1.4814	        1.4829	          0.0015	   1.4814	1.990e-04	   0.103	     9.352
  11	11	 5.3632	 0.9653	   1.4814	        1.4829	          0.0015	   1.4814	1.931e-04	   0.114	    10.365
  12	12	 5.3703	 0.9653	   1.4814	        1.4829	          0.0015	   1.4814	1.881e-04	   0.118	    11.399
  13	13	 5.3767	 0.9653	   1.4814	        1.4829	          0.0015	   1.4814	1.836e-04	   0.104	    12.394
  14	14	 5.3826	 0.9653	   1.4814	        1.4829	          0.0015	   1.4814	1.796e-04	   0.115	    13.391
  15	15	 5.3879	 0.9653	   1.4814	        1.4829	          0.0015	   1.4814	1.760e-04	   0.101	    14.388
  16	16	 5.3927	 0.9653	   1.4814	        1.4829	          0.0015	   1.4814	1.726e-04	   0.109	    15.383
  17	17	 5.3972	 0.9653	   1.4814	        1.4829	          0.0015	   1.4814	1.696e-04	   0.113	    16.386
  18	18	 5.4014	 0.9653	   1.4814	        1.4829	          0.0015	   1.4814	1.667e-04	   0.105	    17.377
  19	19	 5.4053	 0.9653	   1.4814	        1.4829	          0.0015	   1.4814	1.641e-04	   0.118	    18.376
  20	20	 5.4089	 0.9653	   1.4814	        1.4829	          0.0015	   1.4814	1.616e-04	   0.112	    19.446
  21	21	 5.4123	 0.9653	   1.4814	        1.4829	          0.0015	   1.4814	1.593e-04	   0.119	    20.514
  22	22	 5.4156	 0.9653	   1.4814	        1.4829	          0.0015	   1.4814	1.572e-04	   0.119	    21.581
  23	23	 5.4186	 0.9653	   1.4814	        1.4829	          0.0015	   1.4814	1.552e-04	   0.111	    22.617
  24	24	 5.4214	 0.9653	   1.4814	        1.4829	          0.0015	   1.4814	1.532e-04	   0.115	    23.617
  25	25	 5.4242	 0.9653	   1.4814	        1.4829	          0.0015	   1.4814	1.514e-04	   0.105	    24.613
  26	26	 5.4267	 0.9653	   1.4814	        1.4829	          0.0015	   1.4814	1.497e-04	   0.110	    25.611
  27	27	 5.4292	 0.9653	   1.4814	        1.4829	          0.0015	   1.4814	1.481e-04	   0.113	    26.609
  28	28	 5.4315	 0.9653	   1.4814	        1.4829	          0.0015	   1.4814	1.465e-04	   0.106	    27.603
  29	29	 5.4338	 0.9653	   1.4814	        1.4829	          0.0015	   1.4814	1.450e-04	   0.112	    28.597
  30	30	 5.4359	 0.9653	   1.4814	        1.4829	          0.0015	   1.4814	1.436e-04	   0.106	    29.598
  31	31	 5.4380	 0.9653	   1.4814	        1.4829	          0.0015	   1.4814	1.422e-04	   0.107	    30.638
  32	32	 5.4399	 0.9653	   1.4814	        1.4829	          0.0015	   1.4814	1.409e-04	   0.118	    31.660
  33	33	 5.4418	 0.9653	   1.4814	        1.4829	          0.0015	   1.4814	1.397e-04	   0.105	    32.675
  34	34	 5.4437	 0.9653	   1.4814	        1.4829	          0.0015	   1.4814	1.385e-04	   0.113	    33.671
  35	35	 5.4454	 0.9653	   1.4814	        1.4829	          0.0015	   1.4814	1.373e-04	   0.107	    34.672
  36	36	 5.4471	 0.9653	   1.4814	        1.4829	          0.0015	   1.4814	1.362e-04	   0.107	    35.665
  37	37	 5.4487	 0.9653	   1.4814	        1.4829	          0.0015	   1.4814	1.352e-04	   0.118	    36.670
  38	38	 5.4503	 0.9653	   1.4814	        1.4829	          0.0015	   1.4814	1.341e-04	   0.102	    37.659
  39	39	 5.4518	 0.9653	   1.4814	        1.4829	          0.0015	   1.4814	1.331e-04	   0.120	    38.665
  40	40	 5.4533	 0.9653	   1.4814	        1.4829	          0.0015	   1.4814	1.322e-04	   0.108	    39.725
  41	41	 5.4547	 0.9653	   1.4814	        1.4829	          0.0015	   1.4814	1.312e-04	   0.115	    40.816
  42	42	 5.4561	 0.9653	   1.4814	        1.4829	          0.0015	   1.4814	1.303e-04	   0.128	    41.886
  43	43	 5.4575	 0.9653	   1.4814	        1.4829	          0.0015	   1.4814	1.294e-04	   0.113	    42.951
  44	44	 5.4588	 0.9653	   1.4814	        1.4829	          0.0015	   1.4814	1.286e-04	   0.122	    44.004
  45	45	 5.4600	 0.9653	   1.4814	        1.4829	          0.0015	   1.4814	1.278e-04	   0.101	    45.000
  46	46	 5.4613	 0.9653	   1.4814	        1.4829	          0.0015	   1.4814	1.270e-04	   0.112	    45.998
  47	47	 5.4625	 0.9653	   1.4814	        1.4829	          0.0015	   1.4814	1.262e-04	   0.115	    46.998
  48	48	 5.4636	 0.9653	   1.4814	        1.4829	          0.0015	   1.4814	1.254e-04	   0.105	    47.988
  49	49	 5.4648	 0.9653	   1.4814	        1.4829	          0.0015	   1.4814	1.247e-04	   0.115	    48.988
  50	50	 5.4659	 0.9653	   1.4814	        1.4829	          0.0015	   1.4814	1.240e-04	   0.102	    49.982
  51	51	 5.4669	 0.9653	   1.4814	        1.4829	          0.0015	   1.4814	1.233e-04	   0.118	    51.027
  52	52	 5.4680	 0.9653	   1.4814	        1.4829	          0.0015	   1.4814	1.226e-04	   0.115	    52.039
  53	53	 5.4690	 0.9653	   1.4814	        1.4829	          0.0015	   1.4814	1.219e-04	   0.109	    53.065
  54	54	 5.4700	 0.9653	   1.4814	        1.4829	          0.0015	   1.4814	1.213e-04	   0.112	    54.059
  55	55	 5.4710	 0.9653	   1.4814	        1.4829	          0.0015	   1.4814	1.207e-04	   0.104	    55.055
  56	56	 5.4720	 0.9653	   1.4814	        1.4829	          0.0015	   1.4814	1.200e-04	   0.112	    56.056
  57	57	 5.4729	 0.9653	   1.4814	        1.4829	          0.0015	   1.4814	1.194e-04	   0.112	    57.051
  58	58	 5.4738	 0.9653	   1.4814	        1.4829	          0.0015	   1.4814	1.188e-04	   0.109	    58.048
  59	59	 5.4747	 0.9653	   1.4814	        1.4829	          0.0015	   1.4814	1.183e-04	   0.114	    59.044
  60	60	 5.4756	 0.9653	   1.4814	        1.4829	          0.0015	   1.4814	1.177e-04	   0.110	    60.095
  61	61	 5.4764	 0.9653	   1.4814	        1.4829	          0.0015	   1.4814	1.172e-04	   0.117	    61.161
  62	62	 5.4773	 0.9653	   1.4814	        1.4829	          0.0015	   1.4814	1.166e-04	   0.124	    62.222
  63	63	 5.4781	 0.9653	   1.4814	        1.4829	          0.0015	   1.4814	1.161e-04	   0.104	    63.273
  64	64	 5.4789	 0.9653	   1.4814	        1.4829	          0.0015	   1.4814	1.156e-04	   0.114	    64.284
  65	65	 5.4797	 0.9653	   1.4814	        1.4829	          0.0015	   1.4814	1.151e-04	   0.106	    65.283
  66	66	 5.4804	 0.9653	   1.4814	        1.4829	          0.0015	   1.4814	1.146e-04	   0.107	    66.276
  67	67	 5.4812	 0.9653	   1.4814	        1.4829	          0.0015	   1.4814	1.141e-04	   0.118	    67.280
  68	68	 5.4819	 0.9653	   1.4814	        1.4829	          0.0015	   1.4814	1.136e-04	   0.103	    68.270
  69	69	 5.4827	 0.9653	   1.4814	        1.4829	          0.0015	   1.4814	1.131e-04	   0.115	    69.267
  70	70	 5.4834	 0.9653	   1.4814	        1.4829	          0.0015	   1.4814	1.127e-04	   0.104	    70.266
  71	71	 5.4841	 0.9653	   1.4814	        1.4829	          0.0015	   1.4814	1.122e-04	   0.116	    71.298
  72	72	 5.4848	 0.9653	   1.4814	        1.4829	          0.0015	   1.4814	1.118e-04	   0.121	    72.318
  73	73	 5.4855	 0.9653	   1.4814	        1.4829	          0.0015	   1.4814	1.114e-04	   0.101	    73.342
  74	74	 5.4861	 0.9653	   1.4814	        1.4829	          0.0015	   1.4814	1.109e-04	   0.115	    74.341
  75	75	 5.4868	 0.9653	   1.4814	        1.4829	          0.0015	   1.4814	1.105e-04	   0.106	    75.360
  76	76	 5.4874	 0.9653	   1.4814	        1.4829	          0.0015	   1.4814	1.101e-04	   0.118	    76.418
  77	77	 5.4881	 0.9653	   1.4814	        1.4829	          0.0015	   1.4814	1.097e-04	   0.116	    77.470
  78	78	 5.4887	 0.9653	   1.4814	        1.4829	          0.0015	   1.4814	1.093e-04	   0.109	    78.468
  79	79	 5.4893	 0.9653	   1.4814	        1.4829	          0.0015	   1.4814	1.089e-04	   0.117	    79.513
  80	80	 5.4899	 0.9653	   1.4814	        1.4829	          0.0015	   1.4814	1.085e-04	   0.105	    80.536
  81	81	 5.4905	 0.9653	   1.4814	        1.4829	          0.0015	   1.4814	1.081e-04	   0.126	    81.617
  82	82	 5.4911	 0.9653	   1.4814	        1.4829	          0.0015	   1.4814	1.078e-04	   0.121	    82.732
  83	83	 5.4917	 0.9653	   1.4814	        1.4829	          0.0015	   1.4814	1.074e-04	   0.118	    83.872
  84	84	 5.4922	 0.9653	   1.4814	        1.4829	          0.0015	   1.4814	1.070e-04	   0.119	    84.951
  85	85	 5.4928	 0.9653	   1.4814	        1.4829	          0.0015	   1.4814	1.067e-04	   0.103	    85.972
  86	86	 5.4933	 0.9653	   1.4814	        1.4829	          0.0015	   1.4814	1.063e-04	   0.108	    86.972
  87	87	 5.4939	 0.9653	   1.4814	        1.4829	          0.0015	   1.4814	1.060e-04	   0.114	    87.970
  88	88	 5.4944	 0.9653	   1.4814	        1.4829	          0.0015	   1.4814	1.057e-04	   0.106	    88.965
  89	89	 5.4949	 0.9653	   1.4814	        1.4829	          0.0015	   1.4814	1.053e-04	   0.112	    89.959
  90	90	 5.4955	 0.9653	   1.4814	        1.4829	          0.0015	   1.4814	1.050e-04	   0.109	    90.962
  91	91	 5.4960	 0.9653	   1.4814	        1.4829	          0.0015	   1.4814	1.047e-04	   0.114	    91.985
  92	92	 5.4965	 0.9653	   1.4814	        1.4829	          0.0015	   1.4814	1.043e-04	   0.117	    93.001
  93	93	 5.4970	 0.9653	   1.4814	        1.4829	          0.0015	   1.4814	1.040e-04	   0.110	    94.036
  94	94	 5.4975	 0.9653	   1.4814	        1.4829	          0.0015	   1.4814	1.037e-04	   0.115	    95.032
  95	95	 5.4979	 0.9653	   1.4814	        1.4829	          0.0015	   1.4814	1.034e-04	   0.104	    96.033
  96	96	 5.4984	 0.9653	   1.4814	        1.4829	          0.0015	   1.4814	1.031e-04	   0.108	    97.027
  97	97	 5.4989	 0.9653	   1.4814	        1.4829	          0.0015	   1.4814	1.028e-04	   0.115	    98.029
  98	98	 5.4994	 0.9653	   1.4814	        1.4829	          0.0015	   1.4814	1.025e-04	   0.108	    99.024
  99	99	 5.4998	 0.9653	   1.4814	        1.4829	          0.0015	   1.4814	1.022e-04	   0.117	   100.056
 100	100	 5.5003	 0.9653	   1.4814	        1.4829	          0.0015	   1.4814	1.019e-04	   0.101	   101.053
 101	101	 5.5007	 0.9653	   1.4814	        1.4829	          0.0015	   1.4814	1.017e-04	   0.115	   102.116
 102	102	 5.5012	 0.9653	   1.4814	        1.4829	          0.0015	   1.4814	1.014e-04	   0.119	   103.181
 103	103	 5.5016	 0.9653	   1.4814	        1.4829	          0.0015	   1.4814	1.011e-04	   0.109	   104.240
 104	104	 5.5020	 0.9653	   1.4814	        1.4829	          0.0015	   1.4814	1.008e-04	   0.119	   105.261
 105	105	 5.5025	 0.9653	   1.4814	        1.4829	          0.0015	   1.4814	1.006e-04	   0.103	   106.257
 106	106	 5.5029	 0.9653	   1.4814	        1.4829	          0.0015	   1.4814	1.003e-04	   0.110	   107.252
 107	107	 5.5033	 0.9653	   1.4814	        1.4829	          0.0015	   1.4814	1.000e-04	   0.112	   108.252
 108	108	 5.5037	 0.9653	   1.4814	        1.4829	          0.0015	   1.4814	9.977e-05	   0.104	   109.242
 109	109	 5.5041	 0.9653	   1.4814	        1.4829	          0.0015	   1.4814	9.952e-05	   0.113	   110.242
 110	110	 5.5045	 0.9653	   1.4814	        1.4829	          0.0015	   1.4814	9.926e-05	   0.103	   111.238
 111	111	 5.5049	 0.9653	   1.4814	        1.4829	          0.0015	   1.4814	9.901e-05	   0.117	   112.259
 112	112	 5.5053	 0.9653	   1.4814	        1.4829	          0.0015	   1.4814	9.876e-05	   0.111	   113.279
 113	113	 5.5057	 0.9653	   1.4814	        1.4829	          0.0015	   1.4814	9.852e-05	   0.115	   114.311
 114	114	 5.5061	 0.9653	   1.4814	        1.4829	          0.0015	   1.4814	9.828e-05	   0.113	   115.314
 115	115	 5.5064	 0.9653	   1.4814	        1.4829	          0.0015	   1.4814	9.804e-05	   0.104	   116.310
 116	116	 5.5068	 0.9653	   1.4814	        1.4829	          0.0015	   1.4814	9.780e-05	   0.108	   117.309
 117	117	 5.5072	 0.9653	   1.4814	        1.4829	          0.0015	   1.4814	9.757e-05	   0.121	   118.315
 118	118	 5.5076	 0.9653	   1.4814	        1.4829	          0.0015	   1.4814	9.734e-05	   0.111	   119.357
 119	119	 5.5079	 0.9653	   1.4814	        1.4829	          0.0015	   1.4814	9.711e-05	   0.113	   120.367
 120	120	 5.5083	 0.9653	   1.4814	        1.4829	          0.0015	   1.4814	9.689e-05	   0.110	   121.380
 121	121	 5.5086	 0.9653	   1.4814	        1.4829	          0.0015	   1.4814	9.666e-05	   0.121	   122.490
 122	122	 5.5090	 0.9653	   1.4814	        1.4829	          0.0015	   1.4814	9.644e-05	   0.125	   123.560
 123	123	 5.5093	 0.9653	   1.4814	        1.4829	          0.0015	   1.4814	9.622e-05	   0.111	   124.616
 124	124	 5.5097	 0.9653	   1.4814	        1.4829	          0.0015	   1.4814	9.601e-05	   0.115	   125.642
 125	125	 5.5100	 0.9653	   1.4814	        1.4829	          0.0015	   1.4814	9.579e-05	   0.103	   126.640
 126	126	 5.5103	 0.9653	   1.4814	        1.4829	          0.0015	   1.4814	9.558e-05	   0.108	   127.635
 127	127	 5.5107	 0.9653	   1.4814	        1.4829	          0.0015	   1.4814	9.537e-05	   0.119	   128.639
 128	128	 5.5110	 0.9653	   1.4814	        1.4829	          0.0015	   1.4814	9.516e-05	   0.103	   129.628
 129	129	 5.5113	 0.9653	   1.4814	        1.4829	          0.0015	   1.4814	9.496e-05	   0.115	   130.626
 130	130	 5.5117	 0.9653	   1.4814	        1.4829	          0.0015	   1.4814	9.475e-05	   0.104	   131.626
 131	131	 5.5120	 0.9653	   1.4814	        1.4829	          0.0015	   1.4814	9.455e-05	   0.115	   132.634
 132	132	 5.5123	 0.9653	   1.4814	        1.4829	          0.0015	   1.4814	9.435e-05	   0.113	   133.665
 133	133	 5.5126	 0.9653	   1.4814	        1.4829	          0.0015	   1.4814	9.416e-05	   0.111	   134.685
 134	134	 5.5129	 0.9653	   1.4814	        1.4829	          0.0015	   1.4814	9.396e-05	   0.117	   135.700
 135	135	 5.5132	 0.9653	   1.4814	        1.4829	          0.0015	   1.4814	9.377e-05	   0.099	   136.694
 136	136	 5.5135	 0.9653	   1.4814	        1.4829	          0.0015	   1.4814	9.358e-05	   0.113	   137.694
 137	137	 5.5138	 0.9653	   1.4814	        1.4829	          0.0015	   1.4814	9.339e-05	   0.119	   138.702
 138	138	 5.5141	 0.9653	   1.4814	        1.4829	          0.0015	   1.4814	9.320e-05	   0.105	   139.722
 139	139	 5.5144	 0.9653	   1.4814	        1.4829	          0.0015	   1.4814	9.301e-05	   0.115	   140.721
 140	140	 5.5147	 0.9653	   1.4814	        1.4829	          0.0015	   1.4814	9.283e-05	   0.103	   141.715
 141	141	 5.5150	 0.9653	   1.4814	        1.4829	          0.0015	   1.4814	9.264e-05	   0.121	   142.764
 142	142	 5.5153	 0.9653	   1.4814	        1.4829	          0.0015	   1.4814	9.246e-05	   0.124	   143.825
 143	143	 5.5156	 0.9653	   1.4814	        1.4829	          0.0015	   1.4814	9.228e-05	   0.111	   144.883
 144	144	 5.5159	 0.9653	   1.4814	        1.4829	          0.0015	   1.4814	9.210e-05	   0.114	   145.922
 145	145	 5.5162	 0.9653	   1.4814	        1.4829	          0.0015	   1.4814	9.193e-05	   0.107	   146.923
 146	146	 5.5164	 0.9653	   1.4814	        1.4829	          0.0015	   1.4814	9.175e-05	   0.107	   147.916
 147	147	 5.5167	 0.9653	   1.4814	        1.4829	          0.0015	   1.4814	9.158e-05	   0.114	   148.916
 148	148	 5.5170	 0.9653	   1.4814	        1.4829	          0.0015	   1.4814	9.141e-05	   0.105	   149.909
 149	149	 5.5173	 0.9653	   1.4814	        1.4829	          0.0015	   1.4814	9.124e-05	   0.112	   150.904
 150	150	 5.5175	 0.9653	   1.4814	        1.4829	          0.0015	   1.4814	9.107e-05	   0.110	   151.908
 151	151	 5.5178	 0.9653	   1.4814	        1.4829	          0.0015	   1.4814	9.090e-05	   0.121	   152.928
 152	152	 5.5181	 0.9653	   1.4814	        1.4829	          0.0015	   1.4814	9.074e-05	   0.119	   154.020
 153	153	 5.5183	 0.9653	   1.4814	        1.4829	          0.0015	   1.4814	9.057e-05	   0.107	   155.091
 154	154	 5.5186	 0.9653	   1.4814	        1.4829	          0.0015	   1.4814	9.041e-05	   0.116	   156.134
 155	155	 5.5189	 0.9653	   1.4814	        1.4829	          0.0015	   1.4814	9.025e-05	   0.102	   157.146
 156	156	 5.5191	 0.9653	   1.4814	        1.4829	          0.0015	   1.4814	9.009e-05	   0.115	   158.154
 157	157	 5.5194	 0.9653	   1.4814	        1.4829	          0.0015	   1.4814	8.993e-05	   0.119	   159.200
 158	158	 5.5196	 0.9653	   1.4814	        1.4829	          0.0015	   1.4814	8.977e-05	   0.109	   160.231
 159	159	 5.5199	 0.9653	   1.4814	        1.4829	          0.0015	   1.4814	8.962e-05	   0.130	   161.337
 160	160	 5.5201	 0.9653	   1.4814	        1.4829	          0.0015	   1.4814	8.946e-05	   0.108	   162.416
 161	161	 5.5204	 0.9653	   1.4814	        1.4829	          0.0015	   1.4814	8.931e-05	   0.126	   163.487
 162	162	 5.5206	 0.9653	   1.4814	        1.4829	          0.0015	   1.4814	8.915e-05	   0.117	   164.567
 163	163	 5.5208	 0.9653	   1.4814	        1.4829	          0.0015	   1.4814	8.900e-05	   0.106	   165.628
 164	164	 5.5211	 0.9653	   1.4814	        1.4829	          0.0015	   1.4814	8.885e-05	   0.122	   166.678
 165	165	 5.5213	 0.9653	   1.4814	        1.4829	          0.0015	   1.4814	8.870e-05	   0.102	   167.676
 166	166	 5.5216	 0.9653	   1.4814	        1.4829	          0.0015	   1.4814	8.856e-05	   0.112	   168.674
 167	167	 5.5218	 0.9653	   1.4814	        1.4829	          0.0015	   1.4814	8.841e-05	   0.115	   169.672
 168	168	 5.5220	 0.9653	   1.4814	        1.4829	          0.0015	   1.4814	8.826e-05	   0.107	   170.665
 169	169	 5.5223	 0.9653	   1.4814	        1.4829	          0.0015	   1.4814	8.812e-05	   0.112	   171.661
 170	170	 5.5225	 0.9653	   1.4814	        1.4829	          0.0015	   1.4814	8.798e-05	   0.103	   172.658
 171	171	 5.5227	 0.9653	   1.4814	        1.4829	          0.0015	   1.4814	8.783e-05	   0.109	   173.655
 172	172	 5.5229	 0.9653	   1.4814	        1.4829	          0.0015	   1.4814	8.769e-05	   0.112	   174.698
 173	173	 5.5232	 0.9653	   1.4814	        1.4829	          0.0015	   1.4814	8.755e-05	   0.112	   175.717
 174	174	 5.5234	 0.9653	   1.4814	        1.4829	          0.0015	   1.4814	8.741e-05	   0.112	   176.733
 175	175	 5.5236	 0.9653	   1.4814	        1.4829	          0.0015	   1.4814	8.728e-05	   0.104	   177.732
 176	176	 5.5238	 0.9653	   1.4814	        1.4829	          0.0015	   1.4814	8.714e-05	   0.114	   178.743
 177	177	 5.5241	 0.9653	   1.4814	        1.4829	          0.0015	   1.4814	8.700e-05	   0.114	   179.765
 178	178	 5.5243	 0.9653	   1.4814	        1.4829	          0.0015	   1.4814	8.687e-05	   0.103	   180.760
 179	179	 5.5245	 0.9653	   1.4814	        1.4829	          0.0015	   1.4814	8.673e-05	   0.114	   181.756
 180	180	 5.5247	 0.9653	   1.4814	        1.4829	          0.0015	   1.4814	8.660e-05	   0.106	   182.755
 181	181	 5.5249	 0.9653	   1.4814	        1.4829	          0.0015	   1.4814	8.647e-05	   0.111	   183.769
 182	182	 5.5251	 0.9653	   1.4814	        1.4829	          0.0015	   1.4814	8.634e-05	   0.124	   184.847
 183	183	 5.5253	 0.9653	   1.4814	        1.4829	          0.0015	   1.4814	8.621e-05	   0.114	   185.905
 184	184	 5.5255	 0.9653	   1.4814	        1.4829	          0.0015	   1.4814	8.608e-05	   0.120	   186.949
 185	185	 5.5257	 0.9653	   1.4814	        1.4829	          0.0015	   1.4814	8.595e-05	   0.104	   187.957
 186	186	 5.5260	 0.9653	   1.4814	        1.4829	          0.0015	   1.4814	8.582e-05	   0.112	   188.953
 187	187	 5.5262	 0.9653	   1.4814	        1.4829	          0.0015	   1.4814	8.570e-05	   0.115	   189.955
 188	188	 5.5264	 0.9653	   1.4814	        1.4829	          0.0015	   1.4814	8.557e-05	   0.103	   190.944
 189	189	 5.5266	 0.9653	   1.4814	        1.4829	          0.0015	   1.4814	8.545e-05	   0.115	   191.943
 190	190	 5.5268	 0.9653	   1.4814	        1.4829	          0.0015	   1.4814	8.532e-05	   0.100	   192.937
 191	191	 5.5270	 0.9653	   1.4814	        1.4829	          0.0015	   1.4814	8.520e-05	   0.113	   193.938
 192	192	 5.5272	 0.9653	   1.4814	        1.4829	          0.0015	   1.4814	8.508e-05	   0.117	   194.981
 193	193	 5.5273	 0.9653	   1.4814	        1.4829	          0.0015	   1.4814	8.496e-05	   0.109	   195.989
 194	194	 5.5275	 0.9653	   1.4814	        1.4829	          0.0015	   1.4814	8.484e-05	   0.114	   197.015
 195	195	 5.5277	 0.9653	   1.4814	        1.4829	          0.0015	   1.4814	8.472e-05	   0.107	   198.027
 196	196	 5.5279	 0.9653	   1.4814	        1.4829	          0.0015	   1.4814	8.460e-05	   0.114	   199.068
 197	197	 5.5281	 0.9653	   1.4814	        1.4829	          0.0015	   1.4814	8.448e-05	   0.118	   200.114
 198	198	 5.5283	 0.9653	   1.4814	        1.4829	          0.0015	   1.4814	8.436e-05	   0.103	   201.143
 199	199	 5.5285	 0.9653	   1.4814	        1.4829	          0.0015	   1.4814	8.424e-05	   0.113	   202.140
 200	200	 5.5287	 0.9653	   1.4814	        1.4829	          0.0015	   1.4814	8.413e-05	   0.099	   203.115

[BSGD] Finished on device cuda -> σ_f² ≈ 5.5287, σ_ε² ≈ 0.9653
