[GPU 5][JOB 158] 'python cli.py bsgd --n 1024 --lengthscale 0.5 --sigma-f2-true 4.0 --sigma-eps2-true 1.0 --n-epochs 200 --device auto --kernel-mode finite --theta-min 1e-4 --theta-max 20.0 --print-every 1 --seed 7 --batch-size 256 --sigma-f2-init 5.0 --sigma-eps2-init 3.0 --alpha1 6.0 '

=== BSGD (biased SGD on exact kernel) ===
iter	epoch	σ_f²	σ_ε²	real_nlml	real_nlml_true	real_nlml_abs_err	mini_nlml	||grad||	duration_s	wall_time_s
   1	 1	 4.5368	 2.3953	   1.6344	        1.5011	          0.1333	   1.7165	1.150e-01	   0.155	     0.209
   2	 1	 4.3852	 2.0593	   1.5951	        1.5011	          0.0940	   1.6769	1.174e-01	   0.025	     0.641
   3	 1	 4.2935	 1.8656	   1.5723	        1.5011	          0.0712	   1.6997	1.162e-01	   0.027	     1.165
   4	 1	 4.2118	 1.7218	   1.5557	        1.5011	          0.0546	   1.6827	1.130e-01	   0.027	     1.765
   5	 2	 4.1656	 1.5946	   1.5416	        1.5011	          0.0405	   1.6424	1.076e-01	   0.027	     2.397
   6	 2	 4.1267	 1.4881	   1.5305	        1.5011	          0.0294	   1.6264	1.004e-01	   0.029	     3.068
   7	 2	 4.0783	 1.4279	   1.5245	        1.5011	          0.0234	   1.6648	9.478e-02	   0.034	     3.708
   8	 2	 4.0493	 1.3525	   1.5177	        1.5011	          0.0166	   1.6035	8.578e-02	   0.032	     4.377
   9	 3	 4.0152	 1.3113	   1.5142	        1.5011	          0.0131	   1.6427	7.971e-02	   0.034	     5.059
  10	 3	 3.9912	 1.2603	   1.5104	        1.5011	          0.0093	   1.5992	7.082e-02	   0.033	     5.757
  11	 3	 3.9678	 1.2069	   1.5069	        1.5011	          0.0058	   1.5765	5.956e-02	   0.029	     6.471
  12	 3	 3.9603	 1.1805	   1.5054	        1.5011	          0.0043	   1.6199	5.314e-02	   0.034	     7.211
  13	 4	 3.9454	 1.1446	   1.5036	        1.5011	          0.0025	   1.5826	4.333e-02	   0.037	     7.964
  14	 4	 3.9262	 1.1413	   1.5035	        1.5011	          0.0024	   1.6442	4.235e-02	   0.037	     8.742
  15	 4	 3.9069	 1.1285	   1.5029	        1.5011	          0.0018	   1.6157	3.848e-02	   0.040	     9.513
  16	 4	 3.9046	 1.1146	   1.5024	        1.5011	          0.0013	   1.6120	3.406e-02	   0.033	    10.247
  17	 5	 3.8933	 1.0855	   1.5016	        1.5011	          0.0005	   1.5422	2.402e-02	   0.037	    10.980
  18	 5	 3.8812	 1.0922	   1.5017	        1.5011	          0.0006	   1.6569	2.642e-02	   0.034	    11.721
  19	 5	 3.8673	 1.0781	   1.5014	        1.5011	          0.0003	   1.5779	2.128e-02	   0.033	    12.447
  20	 5	 3.8514	 1.0856	   1.5015	        1.5011	          0.0004	   1.6646	2.404e-02	   0.038	    13.192
  21	 6	 3.8430	 1.0811	   1.5014	        1.5011	          0.0003	   1.6218	2.239e-02	   0.032	    13.930
  22	 6	 3.8363	 1.0811	   1.5014	        1.5011	          0.0003	   1.6291	2.238e-02	   0.038	    14.678
  23	 6	 3.8204	 1.0654	   1.5011	        1.5011	          0.0000	   1.5571	1.641e-02	   0.035	    15.418
  24	 6	 3.8180	 1.0660	   1.5011	        1.5011	          0.0000	   1.6391	1.664e-02	   0.034	    16.161
  25	 7	 3.8056	 1.0738	   1.5012	        1.5011	          0.0001	   1.6554	1.965e-02	   0.035	    16.903
  26	 7	 3.8057	 1.0600	   1.5010	        1.5011	          0.0001	   1.5702	1.424e-02	   0.038	    17.662
  27	 7	 3.7950	 1.0501	   1.5009	        1.5011	          0.0002	   1.5735	1.023e-02	   0.036	    18.429
  28	 7	 3.7922	 1.0525	   1.5009	        1.5011	          0.0002	   1.6350	1.119e-02	   0.040	    19.225
  29	 8	 3.7910	 1.0530	   1.5009	        1.5011	          0.0002	   1.6318	1.140e-02	   0.041	    20.046
  30	 8	 3.7819	 1.0616	   1.5010	        1.5011	          0.0001	   1.6628	1.489e-02	   0.036	    20.826
  31	 8	 3.7764	 1.0621	   1.5010	        1.5011	          0.0001	   1.6189	1.508e-02	   0.035	    21.574
  32	 8	 3.7704	 1.0457	   1.5008	        1.5011	          0.0003	   1.5327	8.360e-03	   0.040	    22.320
  33	 9	 3.7665	 1.0521	   1.5008	        1.5011	          0.0002	   1.6590	1.104e-02	   0.034	    23.052
  34	 9	 3.7559	 1.0463	   1.5008	        1.5011	          0.0003	   1.5805	8.610e-03	   0.033	    23.798
  35	 9	 3.7572	 1.0471	   1.5008	        1.5011	          0.0003	   1.6274	8.951e-03	   0.033	    24.541
  36	 9	 3.7512	 1.0415	   1.5007	        1.5011	          0.0004	   1.5843	6.581e-03	   0.039	    25.284
  37	10	 3.7466	 1.0421	   1.5007	        1.5011	          0.0004	   1.6217	6.830e-03	   0.037	    26.033
  38	10	 3.7372	 1.0385	   1.5007	        1.5011	          0.0004	   1.5817	5.266e-03	   0.031	    26.773
  39	10	 3.7332	 1.0410	   1.5007	        1.5011	          0.0004	   1.6260	6.350e-03	   0.033	    27.519
  40	10	 3.7305	 1.0376	   1.5007	        1.5011	          0.0004	   1.5962	4.885e-03	   0.034	    28.256
  41	11	 3.7282	 1.0294	   1.5007	        1.5011	          0.0004	   1.5602	1.439e-03	   0.036	    29.025
  42	11	 3.7249	 1.0319	   1.5007	        1.5011	          0.0004	   1.6316	2.455e-03	   0.036	    29.795
  43	11	 3.7220	 1.0433	   1.5007	        1.5011	          0.0004	   1.6969	7.342e-03	   0.045	    30.583
  44	11	 3.7177	 1.0339	   1.5007	        1.5011	          0.0004	   1.5406	3.290e-03	   0.036	    31.331
  45	12	 3.7089	 1.0382	   1.5007	        1.5011	          0.0004	   1.6330	5.157e-03	   0.035	    32.079
  46	12	 3.7091	 1.0375	   1.5007	        1.5011	          0.0004	   1.6120	4.863e-03	   0.032	    32.823
  47	12	 3.7082	 1.0291	   1.5007	        1.5011	          0.0004	   1.5453	1.318e-03	   0.036	    33.561
  48	12	 3.7056	 1.0284	   1.5007	        1.5011	          0.0004	   1.6159	1.089e-03	   0.036	    34.305
  49	13	 3.7049	 1.0219	   1.5007	        1.5011	          0.0004	   1.5578	2.409e-03	   0.035	    35.046
  50	13	 3.7031	 1.0240	   1.5007	        1.5011	          0.0004	   1.6223	1.526e-03	   0.045	    35.820
  51	13	 3.7008	 1.0269	   1.5007	        1.5011	          0.0004	   1.6295	8.017e-04	   0.037	    36.597
  52	13	 3.6957	 1.0292	   1.5006	        1.5011	          0.0004	   1.6324	1.337e-03	   0.030	    37.348
  53	14	 3.6913	 1.0375	   1.5007	        1.5011	          0.0004	   1.6858	4.829e-03	   0.031	    38.095
  54	14	 3.6868	 1.0340	   1.5007	        1.5011	          0.0004	   1.5687	3.345e-03	   0.037	    38.847
  55	14	 3.6867	 1.0285	   1.5006	        1.5011	          0.0005	   1.5641	1.111e-03	   0.039	    39.624
  56	14	 3.6857	 1.0261	   1.5006	        1.5011	          0.0005	   1.5934	8.517e-04	   0.043	    40.436
  57	15	 3.6858	 1.0245	   1.5006	        1.5011	          0.0005	   1.6020	1.310e-03	   0.037	    41.275
  58	15	 3.6824	 1.0317	   1.5006	        1.5011	          0.0005	   1.6750	2.348e-03	   0.037	    42.069
  59	15	 3.6817	 1.0295	   1.5006	        1.5011	          0.0005	   1.5972	1.461e-03	   0.030	    42.825
  60	15	 3.6752	 1.0256	   1.5006	        1.5011	          0.0005	   1.5543	9.610e-04	   0.033	    43.574
  61	16	 3.6744	 1.0255	   1.5006	        1.5011	          0.0005	   1.6118	9.976e-04	   0.035	    44.314
  62	16	 3.6700	 1.0178	   1.5006	        1.5011	          0.0005	   1.5214	4.277e-03	   0.036	    45.061
  63	16	 3.6702	 1.0207	   1.5006	        1.5011	          0.0005	   1.6389	2.925e-03	   0.035	    45.801
  64	16	 3.6684	 1.0275	   1.5006	        1.5011	          0.0005	   1.6838	8.373e-04	   0.040	    46.544
  65	17	 3.6680	 1.0193	   1.5006	        1.5011	          0.0005	   1.5226	3.587e-03	   0.038	    47.289
  66	17	 3.6680	 1.0269	   1.5006	        1.5011	          0.0005	   1.6924	7.717e-04	   0.036	    48.031
  67	17	 3.6637	 1.0276	   1.5006	        1.5011	          0.0005	   1.6174	8.503e-04	   0.033	    48.776
  68	17	 3.6597	 1.0275	   1.5006	        1.5011	          0.0005	   1.5981	8.242e-04	   0.035	    49.516
  69	18	 3.6582	 1.0273	   1.5006	        1.5011	          0.0005	   1.6080	7.974e-04	   0.037	    50.288
  70	18	 3.6548	 1.0231	   1.5006	        1.5011	          0.0005	   1.5564	1.855e-03	   0.036	    51.051
  71	18	 3.6524	 1.0242	   1.5006	        1.5011	          0.0005	   1.6156	1.403e-03	   0.039	    51.832
  72	18	 3.6548	 1.0267	   1.5006	        1.5011	          0.0005	   1.6539	7.604e-04	   0.038	    52.590
  73	19	 3.6524	 1.0260	   1.5006	        1.5011	          0.0005	   1.5947	8.452e-04	   0.035	    53.335
  74	19	 3.6496	 1.0294	   1.5006	        1.5011	          0.0005	   1.6469	1.404e-03	   0.033	    54.080
  75	19	 3.6496	 1.0297	   1.5006	        1.5011	          0.0005	   1.6219	1.505e-03	   0.032	    54.817
  76	19	 3.6464	 1.0273	   1.5006	        1.5011	          0.0005	   1.5767	7.835e-04	   0.033	    55.568
  77	20	 3.6448	 1.0248	   1.5006	        1.5011	          0.0005	   1.5663	1.181e-03	   0.036	    56.315
  78	20	 3.6433	 1.0303	   1.5006	        1.5011	          0.0005	   1.6892	1.736e-03	   0.042	    57.055
  79	20	 3.6411	 1.0293	   1.5006	        1.5011	          0.0005	   1.5908	1.369e-03	   0.035	    57.794
  80	20	 3.6383	 1.0305	   1.5006	        1.5011	          0.0005	   1.6250	1.829e-03	   0.033	    58.537
  81	21	 3.6384	 1.0314	   1.5006	        1.5011	          0.0005	   1.6246	2.205e-03	   0.035	    59.285
  82	21	 3.6374	 1.0318	   1.5006	        1.5011	          0.0005	   1.6214	2.370e-03	   0.035	    60.027
  83	21	 3.6368	 1.0330	   1.5006	        1.5011	          0.0005	   1.6258	2.899e-03	   0.038	    60.811
  84	21	 3.6330	 1.0304	   1.5006	        1.5011	          0.0005	   1.5744	1.800e-03	   0.037	    61.618
  85	22	 3.6333	 1.0323	   1.5006	        1.5011	          0.0005	   1.6457	2.579e-03	   0.041	    62.453
  86	22	 3.6314	 1.0307	   1.5006	        1.5011	          0.0005	   1.5843	1.918e-03	   0.036	    63.209
  87	22	 3.6293	 1.0308	   1.5006	        1.5011	          0.0005	   1.6142	1.937e-03	   0.036	    63.952
  88	22	 3.6276	 1.0300	   1.5006	        1.5011	          0.0005	   1.5920	1.598e-03	   0.035	    64.698
  89	23	 3.6278	 1.0304	   1.5006	        1.5011	          0.0005	   1.6222	1.771e-03	   0.035	    65.434
  90	23	 3.6244	 1.0274	   1.5006	        1.5011	          0.0005	   1.5534	7.816e-04	   0.037	    66.184
  91	23	 3.6237	 1.0254	   1.5006	        1.5011	          0.0005	   1.5834	9.736e-04	   0.036	    66.928
  92	23	 3.6211	 1.0297	   1.5006	        1.5011	          0.0005	   1.6733	1.502e-03	   0.038	    67.674
  93	24	 3.6221	 1.0334	   1.5006	        1.5011	          0.0005	   1.6739	3.040e-03	   0.037	    68.418
  94	24	 3.6190	 1.0310	   1.5006	        1.5011	          0.0005	   1.5694	2.044e-03	   0.035	    69.157
  95	24	 3.6158	 1.0318	   1.5006	        1.5011	          0.0005	   1.6226	2.361e-03	   0.038	    69.905
  96	24	 3.6155	 1.0309	   1.5006	        1.5011	          0.0005	   1.5926	1.969e-03	   0.036	    70.642
  97	25	 3.6150	 1.0279	   1.5006	        1.5011	          0.0005	   1.5593	8.642e-04	   0.038	    71.406
  98	25	 3.6122	 1.0256	   1.5006	        1.5011	          0.0005	   1.5694	9.123e-04	   0.035	    72.169
  99	25	 3.6118	 1.0282	   1.5006	        1.5011	          0.0005	   1.6501	9.434e-04	   0.041	    73.001
 100	25	 3.6114	 1.0298	   1.5006	        1.5011	          0.0005	   1.6460	1.515e-03	   0.038	    73.803
 101	26	 3.6103	 1.0268	   1.5006	        1.5011	          0.0005	   1.5571	7.157e-04	   0.039	    74.587
 102	26	 3.6087	 1.0293	   1.5006	        1.5011	          0.0005	   1.6560	1.321e-03	   0.034	    75.342
 103	26	 3.6068	 1.0300	   1.5006	        1.5011	          0.0005	   1.6158	1.601e-03	   0.035	    76.083
 104	26	 3.6072	 1.0297	   1.5006	        1.5011	          0.0005	   1.6047	1.490e-03	   0.037	    76.873
 105	27	 3.6060	 1.0298	   1.5006	        1.5011	          0.0005	   1.5992	1.541e-03	   0.033	    77.646
 106	27	 3.6060	 1.0259	   1.5006	        1.5011	          0.0005	   1.5490	8.303e-04	   0.041	    78.409
 107	27	 3.6050	 1.0301	   1.5006	        1.5011	          0.0005	   1.6938	1.640e-03	   0.036	    79.164
 108	27	 3.6028	 1.0265	   1.5006	        1.5011	          0.0005	   1.5389	7.210e-04	   0.035	    79.907
 109	28	 3.6025	 1.0274	   1.5006	        1.5011	          0.0005	   1.6202	7.472e-04	   0.035	    80.650
 110	28	 3.6014	 1.0276	   1.5006	        1.5011	          0.0005	   1.6158	7.972e-04	   0.042	    81.403
 111	28	 3.6001	 1.0261	   1.5006	        1.5011	          0.0005	   1.5808	7.792e-04	   0.043	    82.232
 112	28	 3.5973	 1.0275	   1.5006	        1.5011	          0.0005	   1.6305	7.640e-04	   0.042	    83.062
 113	29	 3.5963	 1.0264	   1.5006	        1.5011	          0.0005	   1.5973	7.246e-04	   0.041	    83.879
 114	29	 3.5954	 1.0240	   1.5006	        1.5011	          0.0005	   1.5592	1.482e-03	   0.036	    84.639
 115	29	 3.5934	 1.0245	   1.5006	        1.5011	          0.0005	   1.6079	1.260e-03	   0.037	    85.387
 116	29	 3.5930	 1.0257	   1.5006	        1.5011	          0.0005	   1.6318	8.584e-04	   0.034	    86.131
 117	30	 3.5928	 1.0229	   1.5006	        1.5011	          0.0005	   1.5524	1.926e-03	   0.031	    86.863
 118	30	 3.5901	 1.0229	   1.5006	        1.5011	          0.0005	   1.6058	1.925e-03	   0.041	    87.616
 119	30	 3.5894	 1.0225	   1.5006	        1.5011	          0.0005	   1.6060	2.097e-03	   0.035	    88.356
 120	30	 3.5891	 1.0251	   1.5006	        1.5011	          0.0005	   1.6575	1.053e-03	   0.040	    89.098
 121	31	 3.5880	 1.0246	   1.5006	        1.5011	          0.0005	   1.5944	1.253e-03	   0.032	    89.842
 122	31	 3.5874	 1.0232	   1.5006	        1.5011	          0.0005	   1.5845	1.806e-03	   0.034	    90.588
 123	31	 3.5867	 1.0266	   1.5006	        1.5011	          0.0005	   1.6728	6.994e-04	   0.036	    91.336
 124	31	 3.5852	 1.0273	   1.5006	        1.5011	          0.0005	   1.6253	7.288e-04	   0.036	    92.072
 125	32	 3.5833	 1.0292	   1.5006	        1.5011	          0.0005	   1.6528	1.290e-03	   0.039	    92.834
 126	32	 3.5813	 1.0282	   1.5006	        1.5011	          0.0005	   1.5867	9.310e-04	   0.037	    93.591
 127	32	 3.5807	 1.0297	   1.5006	        1.5011	          0.0005	   1.6358	1.470e-03	   0.043	    94.387
 128	32	 3.5819	 1.0286	   1.5006	        1.5011	          0.0005	   1.5906	1.063e-03	   0.034	    95.145
 129	33	 3.5805	 1.0270	   1.5006	        1.5011	          0.0005	   1.5708	6.888e-04	   0.035	    95.893
 130	33	 3.5794	 1.0243	   1.5006	        1.5011	          0.0005	   1.5487	1.362e-03	   0.033	    96.639
 131	33	 3.5782	 1.0250	   1.5006	        1.5011	          0.0005	   1.6293	1.099e-03	   0.033	    97.376
 132	33	 3.5784	 1.0276	   1.5006	        1.5011	          0.0005	   1.6643	7.629e-04	   0.038	    98.124
 133	34	 3.5777	 1.0285	   1.5006	        1.5011	          0.0005	   1.6324	1.017e-03	   0.036	    98.865
 134	34	 3.5782	 1.0270	   1.5006	        1.5011	          0.0005	   1.5844	6.902e-04	   0.041	    99.610
 135	34	 3.5771	 1.0251	   1.5006	        1.5011	          0.0005	   1.5610	1.048e-03	   0.037	   100.352
 136	34	 3.5752	 1.0268	   1.5006	        1.5011	          0.0005	   1.6401	6.806e-04	   0.035	   101.096
 137	35	 3.5755	 1.0253	   1.5006	        1.5011	          0.0005	   1.5800	9.730e-04	   0.035	   101.844
 138	35	 3.5731	 1.0251	   1.5006	        1.5011	          0.0005	   1.5966	1.040e-03	   0.036	   102.594
 139	35	 3.5732	 1.0277	   1.5006	        1.5011	          0.0005	   1.6686	7.876e-04	   0.043	   103.424
 140	35	 3.5723	 1.0270	   1.5006	        1.5011	          0.0005	   1.5934	6.826e-04	   0.040	   104.212
 141	36	 3.5713	 1.0276	   1.5006	        1.5011	          0.0005	   1.6241	7.680e-04	   0.045	   104.999
 142	36	 3.5707	 1.0250	   1.5006	        1.5011	          0.0005	   1.5392	1.078e-03	   0.035	   105.765
 143	36	 3.5710	 1.0265	   1.5006	        1.5011	          0.0005	   1.6513	6.917e-04	   0.036	   106.510
 144	36	 3.5698	 1.0267	   1.5006	        1.5011	          0.0005	   1.6146	6.770e-04	   0.034	   107.256
 145	37	 3.5687	 1.0276	   1.5006	        1.5011	          0.0005	   1.6353	7.534e-04	   0.033	   107.992
 146	37	 3.5684	 1.0277	   1.5006	        1.5011	          0.0005	   1.6121	7.825e-04	   0.041	   108.747
 147	37	 3.5670	 1.0278	   1.5006	        1.5011	          0.0005	   1.6101	8.128e-04	   0.039	   109.489
 148	37	 3.5665	 1.0271	   1.5006	        1.5011	          0.0005	   1.5868	6.808e-04	   0.038	   110.227
 149	38	 3.5653	 1.0269	   1.5006	        1.5011	          0.0005	   1.6085	6.708e-04	   0.034	   110.969
 150	38	 3.5633	 1.0268	   1.5005	        1.5011	          0.0005	   1.5980	6.681e-04	   0.035	   111.714
 151	38	 3.5657	 1.0268	   1.5006	        1.5011	          0.0005	   1.6225	6.713e-04	   0.031	   112.458
 152	38	 3.5638	 1.0275	   1.5006	        1.5011	          0.0005	   1.6194	7.312e-04	   0.034	   113.198
 153	39	 3.5632	 1.0274	   1.5005	        1.5011	          0.0005	   1.6041	7.169e-04	   0.037	   113.958
 154	39	 3.5627	 1.0273	   1.5005	        1.5011	          0.0005	   1.6084	6.957e-04	   0.034	   114.713
 155	39	 3.5625	 1.0268	   1.5005	        1.5011	          0.0005	   1.6073	6.672e-04	   0.045	   115.504
 156	39	 3.5628	 1.0270	   1.5005	        1.5011	          0.0005	   1.6101	6.704e-04	   0.037	   116.274
 157	40	 3.5623	 1.0275	   1.5005	        1.5011	          0.0005	   1.6220	7.314e-04	   0.036	   117.020
 158	40	 3.5618	 1.0258	   1.5005	        1.5011	          0.0005	   1.5662	8.073e-04	   0.038	   117.785
 159	40	 3.5610	 1.0269	   1.5005	        1.5011	          0.0005	   1.6346	6.669e-04	   0.037	   118.562
 160	40	 3.5601	 1.0267	   1.5005	        1.5011	          0.0005	   1.5973	6.693e-04	   0.038	   119.322
 161	41	 3.5596	 1.0268	   1.5005	        1.5011	          0.0005	   1.6090	6.646e-04	   0.036	   120.069
 162	41	 3.5587	 1.0279	   1.5005	        1.5011	          0.0005	   1.6382	8.257e-04	   0.038	   120.810
 163	41	 3.5586	 1.0274	   1.5005	        1.5011	          0.0005	   1.5981	7.082e-04	   0.033	   121.550
 164	41	 3.5583	 1.0264	   1.5005	        1.5011	          0.0005	   1.5839	6.938e-04	   0.036	   122.293
 165	42	 3.5581	 1.0270	   1.5005	        1.5011	          0.0005	   1.6214	6.657e-04	   0.036	   123.074
 166	42	 3.5568	 1.0263	   1.5005	        1.5011	          0.0006	   1.5912	7.074e-04	   0.036	   123.867
 167	42	 3.5560	 1.0271	   1.5005	        1.5011	          0.0006	   1.6326	6.684e-04	   0.036	   124.682
 168	42	 3.5555	 1.0269	   1.5005	        1.5011	          0.0006	   1.6097	6.618e-04	   0.041	   125.469
 169	43	 3.5567	 1.0269	   1.5005	        1.5011	          0.0006	   1.6098	6.622e-04	   0.043	   126.253
 170	43	 3.5551	 1.0247	   1.5005	        1.5011	          0.0006	   1.5346	1.165e-03	   0.037	   127.031
 171	43	 3.5550	 1.0264	   1.5005	        1.5011	          0.0006	   1.6682	6.838e-04	   0.035	   127.772
 172	43	 3.5538	 1.0274	   1.5005	        1.5011	          0.0006	   1.6377	7.152e-04	   0.032	   128.515
 173	44	 3.5537	 1.0268	   1.5005	        1.5011	          0.0006	   1.5830	6.580e-04	   0.034	   129.254
 174	44	 3.5520	 1.0256	   1.5005	        1.5011	          0.0006	   1.5650	8.724e-04	   0.036	   130.002
 175	44	 3.5530	 1.0255	   1.5005	        1.5011	          0.0006	   1.6201	9.108e-04	   0.035	   130.747
 176	44	 3.5529	 1.0264	   1.5005	        1.5011	          0.0006	   1.6441	6.813e-04	   0.038	   131.492
 177	45	 3.5526	 1.0256	   1.5005	        1.5011	          0.0006	   1.5758	8.745e-04	   0.035	   132.235
 178	45	 3.5529	 1.0266	   1.5005	        1.5011	          0.0006	   1.6436	6.683e-04	   0.036	   132.977
 179	45	 3.5509	 1.0266	   1.5005	        1.5011	          0.0006	   1.6085	6.618e-04	   0.037	   133.724
 180	45	 3.5506	 1.0268	   1.5005	        1.5011	          0.0006	   1.6156	6.558e-04	   0.035	   134.459
 181	46	 3.5500	 1.0257	   1.5005	        1.5011	          0.0006	   1.5737	8.229e-04	   0.041	   135.215
 182	46	 3.5491	 1.0253	   1.5005	        1.5011	          0.0006	   1.5933	9.434e-04	   0.035	   135.972
 183	46	 3.5484	 1.0261	   1.5005	        1.5011	          0.0006	   1.6329	7.350e-04	   0.043	   136.757
 184	46	 3.5488	 1.0271	   1.5005	        1.5011	          0.0006	   1.6507	6.617e-04	   0.037	   137.532
 185	47	 3.5490	 1.0263	   1.5005	        1.5011	          0.0006	   1.5863	7.014e-04	   0.036	   138.286
 186	47	 3.5485	 1.0267	   1.5005	        1.5011	          0.0006	   1.6232	6.571e-04	   0.034	   139.025
 187	47	 3.5480	 1.0265	   1.5005	        1.5011	          0.0006	   1.6079	6.740e-04	   0.035	   139.761
 188	47	 3.5481	 1.0264	   1.5005	        1.5011	          0.0006	   1.6123	6.848e-04	   0.037	   140.512
 189	48	 3.5482	 1.0284	   1.5005	        1.5011	          0.0006	   1.6820	9.745e-04	   0.038	   141.255
 190	48	 3.5470	 1.0286	   1.5005	        1.5011	          0.0006	   1.6120	1.038e-03	   0.038	   141.998
 191	48	 3.5454	 1.0280	   1.5005	        1.5011	          0.0006	   1.5825	8.434e-04	   0.034	   142.742
 192	48	 3.5461	 1.0268	   1.5005	        1.5011	          0.0006	   1.5733	6.501e-04	   0.036	   143.489
 193	49	 3.5446	 1.0260	   1.5005	        1.5011	          0.0006	   1.5836	7.573e-04	   0.038	   144.266
 194	49	 3.5448	 1.0264	   1.5005	        1.5011	          0.0006	   1.6260	6.853e-04	   0.035	   145.042
 195	49	 3.5456	 1.0261	   1.5005	        1.5011	          0.0006	   1.6099	7.262e-04	   0.036	   145.819
 196	49	 3.5438	 1.0261	   1.5005	        1.5011	          0.0006	   1.5933	7.277e-04	   0.037	   146.585
 197	50	 3.5442	 1.0260	   1.5005	        1.5011	          0.0006	   1.6159	7.556e-04	   0.041	   147.364
 198	50	 3.5428	 1.0262	   1.5005	        1.5011	          0.0006	   1.6046	7.021e-04	   0.035	   148.154
 199	50	 3.5426	 1.0270	   1.5005	        1.5011	          0.0006	   1.6356	6.486e-04	   0.033	   148.899
 200	50	 3.5421	 1.0263	   1.5005	        1.5011	          0.0006	   1.5848	6.956e-04	   0.034	   149.646
 201	51	 3.5411	 1.0273	   1.5005	        1.5011	          0.0006	   1.6387	6.735e-04	   0.032	   150.381
 202	51	 3.5408	 1.0274	   1.5005	        1.5011	          0.0006	   1.6150	6.977e-04	   0.038	   151.130
 203	51	 3.5407	 1.0278	   1.5005	        1.5011	          0.0006	   1.6230	7.716e-04	   0.036	   151.873
 204	51	 3.5405	 1.0276	   1.5005	        1.5011	          0.0006	   1.6062	7.323e-04	   0.041	   152.616
 205	52	 3.5389	 1.0271	   1.5005	        1.5011	          0.0006	   1.5848	6.550e-04	   0.037	   153.387
 206	52	 3.5400	 1.0273	   1.5005	        1.5011	          0.0006	   1.6319	6.732e-04	   0.038	   154.175
 207	52	 3.5408	 1.0283	   1.5005	        1.5011	          0.0006	   1.6537	9.217e-04	   0.036	   154.964
 208	52	 3.5395	 1.0271	   1.5005	        1.5011	          0.0006	   1.5537	6.503e-04	   0.037	   155.730
 209	53	 3.5384	 1.0263	   1.5005	        1.5011	          0.0006	   1.5768	6.851e-04	   0.040	   156.495
 210	53	 3.5389	 1.0262	   1.5005	        1.5011	          0.0006	   1.6167	6.976e-04	   0.036	   157.266
 211	53	 3.5387	 1.0265	   1.5005	        1.5011	          0.0006	   1.6056	6.634e-04	   0.046	   158.062
 212	53	 3.5385	 1.0264	   1.5005	        1.5011	          0.0006	   1.6170	6.677e-04	   0.036	   158.877
 213	54	 3.5381	 1.0276	   1.5005	        1.5011	          0.0006	   1.6551	7.232e-04	   0.033	   159.661
 214	54	 3.5374	 1.0287	   1.5005	        1.5011	          0.0006	   1.6497	1.058e-03	   0.033	   160.423
 215	54	 3.5366	 1.0279	   1.5005	        1.5011	          0.0006	   1.5755	8.083e-04	   0.035	   161.162
 216	54	 3.5365	 1.0268	   1.5005	        1.5011	          0.0006	   1.5747	6.397e-04	   0.040	   161.912
 217	55	 3.5358	 1.0268	   1.5005	        1.5011	          0.0006	   1.5999	6.397e-04	   0.035	   162.651
 218	55	 3.5353	 1.0260	   1.5005	        1.5011	          0.0006	   1.5827	7.379e-04	   0.037	   163.394
 219	55	 3.5358	 1.0260	   1.5005	        1.5011	          0.0006	   1.6154	7.397e-04	   0.037	   164.149
 220	55	 3.5350	 1.0273	   1.5005	        1.5011	          0.0006	   1.6532	6.686e-04	   0.037	   164.941
 221	56	 3.5340	 1.0287	   1.5005	        1.5011	          0.0006	   1.6639	1.042e-03	   0.038	   165.747
 222	56	 3.5330	 1.0298	   1.5005	        1.5011	          0.0006	   1.6421	1.506e-03	   0.031	   166.508
 223	56	 3.5334	 1.0298	   1.5005	        1.5011	          0.0006	   1.6184	1.490e-03	   0.038	   167.283
 224	56	 3.5329	 1.0281	   1.5005	        1.5011	          0.0006	   1.5449	8.685e-04	   0.037	   168.044
 225	57	 3.5312	 1.0284	   1.5005	        1.5011	          0.0006	   1.6150	9.434e-04	   0.041	   168.825
 226	57	 3.5310	 1.0287	   1.5005	        1.5011	          0.0006	   1.6213	1.072e-03	   0.038	   169.614
 227	57	 3.5306	 1.0272	   1.5005	        1.5011	          0.0006	   1.5429	6.509e-04	   0.040	   170.363
 228	57	 3.5309	 1.0282	   1.5005	        1.5011	          0.0006	   1.6615	8.924e-04	   0.036	   171.108
 229	58	 3.5309	 1.0265	   1.5005	        1.5011	          0.0006	   1.5495	6.479e-04	   0.034	   171.844
 230	58	 3.5308	 1.0249	   1.5005	        1.5011	          0.0006	   1.5438	1.098e-03	   0.037	   172.596
 231	58	 3.5300	 1.0272	   1.5005	        1.5011	          0.0006	   1.7021	6.496e-04	   0.035	   173.337
 232	58	 3.5296	 1.0275	   1.5005	        1.5011	          0.0006	   1.6207	7.056e-04	   0.040	   174.078
 233	59	 3.5288	 1.0275	   1.5005	        1.5011	          0.0006	   1.6092	6.969e-04	   0.033	   174.820
 234	59	 3.5290	 1.0276	   1.5005	        1.5011	          0.0006	   1.6156	7.175e-04	   0.036	   175.566
 235	59	 3.5278	 1.0273	   1.5005	        1.5011	          0.0006	   1.5830	6.613e-04	   0.031	   176.309
 236	59	 3.5285	 1.0274	   1.5005	        1.5011	          0.0006	   1.6279	6.835e-04	   0.032	   177.047
 237	60	 3.5278	 1.0268	   1.5005	        1.5011	          0.0006	   1.5801	6.306e-04	   0.036	   177.798
 238	60	 3.5281	 1.0264	   1.5005	        1.5011	          0.0006	   1.6002	6.607e-04	   0.036	   178.565
 239	60	 3.5284	 1.0255	   1.5005	        1.5011	          0.0006	   1.5772	8.757e-04	   0.049	   179.331
 240	60	 3.5272	 1.0263	   1.5005	        1.5011	          0.0006	   1.6349	6.788e-04	   0.037	   180.112
 241	61	 3.5275	 1.0262	   1.5005	        1.5011	          0.0006	   1.6093	6.885e-04	   0.032	   180.867
 242	61	 3.5270	 1.0251	   1.5005	        1.5011	          0.0006	   1.5537	1.030e-03	   0.036	   181.616
 243	61	 3.5258	 1.0259	   1.5005	        1.5011	          0.0006	   1.6414	7.613e-04	   0.033	   182.350
 244	61	 3.5262	 1.0260	   1.5005	        1.5011	          0.0006	   1.6220	7.340e-04	   0.040	   183.106
 245	62	 3.5258	 1.0259	   1.5005	        1.5011	          0.0006	   1.6082	7.575e-04	   0.036	   183.848
 246	62	 3.5257	 1.0265	   1.5005	        1.5011	          0.0006	   1.6339	6.505e-04	   0.039	   184.590
 247	62	 3.5256	 1.0277	   1.5005	        1.5011	          0.0006	   1.6621	7.498e-04	   0.041	   185.346
 248	62	 3.5248	 1.0265	   1.5005	        1.5011	          0.0006	   1.5517	6.444e-04	   0.041	   186.133
 249	63	 3.5243	 1.0275	   1.5005	        1.5011	          0.0006	   1.6497	6.891e-04	   0.035	   186.896
 250	63	 3.5249	 1.0266	   1.5005	        1.5011	          0.0006	   1.5730	6.389e-04	   0.035	   187.632
 251	63	 3.5247	 1.0258	   1.5005	        1.5011	          0.0006	   1.5715	8.007e-04	   0.038	   188.403
 252	63	 3.5237	 1.0268	   1.5005	        1.5011	          0.0006	   1.6551	6.259e-04	   0.038	   189.168
 253	64	 3.5232	 1.0267	   1.5005	        1.5011	          0.0006	   1.5997	6.281e-04	   0.042	   189.953
 254	64	 3.5235	 1.0264	   1.5005	        1.5011	          0.0006	   1.6028	6.637e-04	   0.039	   190.738
 255	64	 3.5236	 1.0267	   1.5005	        1.5011	          0.0006	   1.6265	6.293e-04	   0.035	   191.486
 256	64	 3.5231	 1.0264	   1.5005	        1.5011	          0.0006	   1.5923	6.517e-04	   0.036	   192.234
 257	65	 3.5228	 1.0258	   1.5005	        1.5011	          0.0006	   1.5788	7.946e-04	   0.034	   192.968
 258	65	 3.5238	 1.0267	   1.5005	        1.5011	          0.0006	   1.6649	6.279e-04	   0.037	   193.717
 259	65	 3.5235	 1.0263	   1.5005	        1.5011	          0.0006	   1.5826	6.706e-04	   0.033	   194.460
 260	65	 3.5222	 1.0269	   1.5005	        1.5011	          0.0006	   1.6270	6.251e-04	   0.042	   195.209
 261	66	 3.5221	 1.0267	   1.5005	        1.5011	          0.0006	   1.5985	6.285e-04	   0.039	   195.954
 262	66	 3.5209	 1.0263	   1.5005	        1.5011	          0.0006	   1.5838	6.750e-04	   0.039	   196.696
 263	66	 3.5209	 1.0258	   1.5005	        1.5011	          0.0006	   1.5818	7.846e-04	   0.035	   197.437
 264	66	 3.5205	 1.0274	   1.5005	        1.5011	          0.0006	   1.6867	6.671e-04	   0.031	   198.171
 265	67	 3.5211	 1.0273	   1.5005	        1.5011	          0.0006	   1.6121	6.544e-04	   0.039	   198.932
 266	67	 3.5205	 1.0287	   1.5005	        1.5011	          0.0006	   1.6710	1.066e-03	   0.036	   199.735
 267	67	 3.5200	 1.0284	   1.5005	        1.5011	          0.0006	   1.5943	9.285e-04	   0.042	   200.511
 268	67	 3.5189	 1.0286	   1.5005	        1.5011	          0.0006	   1.6157	1.023e-03	   0.036	   201.306
 269	68	 3.5195	 1.0280	   1.5005	        1.5011	          0.0006	   1.5887	8.158e-04	   0.034	   202.068
 270	68	 3.5187	 1.0276	   1.5005	        1.5011	          0.0006	   1.5861	7.054e-04	   0.035	   202.811
 271	68	 3.5193	 1.0288	   1.5005	        1.5011	          0.0006	   1.6784	1.092e-03	   0.035	   203.547
 272	68	 3.5188	 1.0278	   1.5005	        1.5011	          0.0006	   1.5617	7.569e-04	   0.038	   204.298
 273	69	 3.5191	 1.0280	   1.5005	        1.5011	          0.0006	   1.6236	8.050e-04	   0.037	   205.040
 274	69	 3.5184	 1.0274	   1.5005	        1.5011	          0.0006	   1.5774	6.690e-04	   0.042	   205.814
 275	69	 3.5175	 1.0258	   1.5005	        1.5011	          0.0006	   1.5323	7.802e-04	   0.038	   206.618
 276	69	 3.5175	 1.0279	   1.5005	        1.5011	          0.0006	   1.7058	7.736e-04	   0.035	   207.401
 277	70	 3.5172	 1.0284	   1.5005	        1.5011	          0.0006	   1.6419	9.557e-04	   0.034	   208.160
 278	70	 3.5164	 1.0277	   1.5005	        1.5011	          0.0006	   1.5708	7.377e-04	   0.034	   208.893
 279	70	 3.5159	 1.0272	   1.5005	        1.5011	          0.0006	   1.5774	6.375e-04	   0.037	   209.661
 280	70	 3.5161	 1.0283	   1.5005	        1.5011	          0.0006	   1.6685	9.013e-04	   0.033	   210.411
 281	71	 3.5159	 1.0283	   1.5005	        1.5011	          0.0006	   1.6058	8.991e-04	   0.039	   211.191
 282	71	 3.5159	 1.0290	   1.5005	        1.5011	          0.0006	   1.6542	1.153e-03	   0.036	   211.924
 283	71	 3.5151	 1.0287	   1.5005	        1.5011	          0.0006	   1.5972	1.043e-03	   0.027	   212.565
 284	71	 3.5151	 1.0283	   1.5005	        1.5011	          0.0006	   1.5838	9.059e-04	   0.034	   213.241
 285	72	 3.5156	 1.0284	   1.5005	        1.5011	          0.0006	   1.6222	9.545e-04	   0.032	   213.817
 286	72	 3.5150	 1.0277	   1.5005	        1.5011	          0.0006	   1.5680	7.226e-04	   0.032	   214.388
 287	72	 3.5143	 1.0286	   1.5005	        1.5011	          0.0006	   1.6570	1.025e-03	   0.030	   214.958
 288	72	 3.5135	 1.0283	   1.5005	        1.5011	          0.0006	   1.5902	9.140e-04	   0.032	   215.523
 289	73	 3.5133	 1.0291	   1.5005	        1.5011	          0.0006	   1.6519	1.202e-03	   0.033	   216.100
 290	73	 3.5133	 1.0300	   1.5005	        1.5011	          0.0006	   1.6546	1.547e-03	   0.027	   216.663
 291	73	 3.5124	 1.0287	   1.5005	        1.5011	          0.0006	   1.5398	1.041e-03	   0.035	   217.242
 292	73	 3.5119	 1.0286	   1.5005	        1.5011	          0.0006	   1.6012	9.919e-04	   0.031	   217.811
 293	74	 3.5119	 1.0295	   1.5005	        1.5011	          0.0006	   1.6605	1.356e-03	   0.032	   218.406
 294	74	 3.5114	 1.0292	   1.5005	        1.5011	          0.0006	   1.5952	1.223e-03	   0.030	   219.004
 295	74	 3.5109	 1.0296	   1.5005	        1.5011	          0.0006	   1.6274	1.389e-03	   0.037	   219.617
 296	74	 3.5105	 1.0289	   1.5005	        1.5011	          0.0006	   1.5716	1.120e-03	   0.035	   220.197
 297	75	 3.5105	 1.0299	   1.5005	        1.5011	          0.0006	   1.6613	1.504e-03	   0.027	   220.759
 298	75	 3.5098	 1.0299	   1.5005	        1.5011	          0.0006	   1.6068	1.529e-03	   0.035	   221.339
 299	75	 3.5092	 1.0286	   1.5005	        1.5011	          0.0006	   1.5428	1.019e-03	   0.031	   221.906
 300	75	 3.5094	 1.0288	   1.5005	        1.5011	          0.0006	   1.6243	1.076e-03	   0.029	   222.478
 301	76	 3.5093	 1.0296	   1.5005	        1.5011	          0.0006	   1.6555	1.377e-03	   0.028	   223.049
 302	76	 3.5090	 1.0291	   1.5005	        1.5011	          0.0006	   1.5861	1.181e-03	   0.039	   223.674
 303	76	 3.5088	 1.0295	   1.5005	        1.5011	          0.0006	   1.6323	1.367e-03	   0.035	   224.271
 304	76	 3.5085	 1.0292	   1.5005	        1.5011	          0.0006	   1.5920	1.222e-03	   0.026	   224.832
 305	77	 3.5084	 1.0306	   1.5005	        1.5011	          0.0006	   1.6857	1.792e-03	   0.035	   225.413
 306	77	 3.5083	 1.0310	   1.5005	        1.5011	          0.0006	   1.6346	2.000e-03	   0.035	   225.995
 307	77	 3.5085	 1.0297	   1.5005	        1.5011	          0.0006	   1.5484	1.422e-03	   0.031	   226.590
 308	77	 3.5076	 1.0285	   1.5005	        1.5011	          0.0006	   1.5407	9.642e-04	   0.033	   227.192
 309	78	 3.5072	 1.0280	   1.5005	        1.5011	          0.0006	   1.5829	8.129e-04	   0.035	   227.809
 310	78	 3.5068	 1.0279	   1.5005	        1.5011	          0.0006	   1.5992	7.771e-04	   0.032	   228.400
 311	78	 3.5065	 1.0276	   1.5005	        1.5011	          0.0006	   1.5939	6.958e-04	   0.027	   228.966
 312	78	 3.5064	 1.0285	   1.5005	        1.5011	          0.0006	   1.6642	9.824e-04	   0.037	   229.588
 313	79	 3.5051	 1.0281	   1.5005	        1.5011	          0.0006	   1.5732	8.295e-04	   0.033	   230.197
 314	79	 3.5054	 1.0278	   1.5005	        1.5011	          0.0006	   1.6015	7.394e-04	   0.032	   230.806
 315	79	 3.5059	 1.0273	   1.5005	        1.5011	          0.0006	   1.5933	6.489e-04	   0.029	   231.382
 316	79	 3.5055	 1.0289	   1.5005	        1.5011	          0.0006	   1.6885	1.100e-03	   0.035	   231.953
 317	80	 3.5052	 1.0294	   1.5005	        1.5011	          0.0006	   1.6384	1.292e-03	   0.030	   232.530
 318	80	 3.5055	 1.0299	   1.5005	        1.5011	          0.0006	   1.6474	1.509e-03	   0.030	   233.111
 319	80	 3.5048	 1.0284	   1.5005	        1.5011	          0.0006	   1.5215	9.378e-04	   0.039	   233.730
 320	80	 3.5046	 1.0285	   1.5005	        1.5011	          0.0006	   1.6128	9.661e-04	   0.032	   234.326
 321	81	 3.5045	 1.0285	   1.5005	        1.5011	          0.0006	   1.6132	9.691e-04	   0.032	   234.934
 322	81	 3.5045	 1.0279	   1.5005	        1.5011	          0.0006	   1.5784	7.632e-04	   0.030	   235.523
 323	81	 3.5042	 1.0281	   1.5005	        1.5011	          0.0006	   1.6209	8.221e-04	   0.035	   236.136
 324	81	 3.5042	 1.0281	   1.5005	        1.5011	          0.0006	   1.6176	8.444e-04	   0.030	   236.727
 325	82	 3.5035	 1.0269	   1.5005	        1.5011	          0.0006	   1.5395	6.041e-04	   0.028	   237.293
 326	82	 3.5035	 1.0282	   1.5005	        1.5011	          0.0006	   1.6833	8.614e-04	   0.037	   237.871
 327	82	 3.5037	 1.0287	   1.5005	        1.5011	          0.0006	   1.6417	1.046e-03	   0.030	   238.436
 328	82	 3.5034	 1.0287	   1.5005	        1.5011	          0.0006	   1.6049	1.036e-03	   0.034	   239.016
 329	83	 3.5033	 1.0279	   1.5005	        1.5011	          0.0006	   1.5637	7.582e-04	   0.033	   239.658
 330	83	 3.5041	 1.0273	   1.5005	        1.5011	          0.0006	   1.5927	6.453e-04	   0.038	   240.269
 331	83	 3.5033	 1.0276	   1.5005	        1.5011	          0.0006	   1.6182	6.900e-04	   0.032	   240.866
 332	83	 3.5033	 1.0277	   1.5005	        1.5011	          0.0006	   1.6202	7.284e-04	   0.028	   241.431
 333	84	 3.5030	 1.0276	   1.5005	        1.5011	          0.0006	   1.5983	6.933e-04	   0.035	   242.010
 334	84	 3.5024	 1.0277	   1.5005	        1.5011	          0.0006	   1.6191	7.219e-04	   0.032	   242.585
 335	84	 3.5024	 1.0280	   1.5005	        1.5011	          0.0006	   1.6227	8.028e-04	   0.032	   243.185
 336	84	 3.5021	 1.0277	   1.5005	        1.5011	          0.0006	   1.5929	7.251e-04	   0.031	   243.778
 337	85	 3.5027	 1.0272	   1.5005	        1.5011	          0.0006	   1.5863	6.222e-04	   0.036	   244.398
 338	85	 3.5024	 1.0272	   1.5005	        1.5011	          0.0006	   1.6029	6.237e-04	   0.031	   244.991
 339	85	 3.5022	 1.0288	   1.5005	        1.5011	          0.0006	   1.7074	1.089e-03	   0.028	   245.558
 340	85	 3.5014	 1.0278	   1.5005	        1.5011	          0.0006	   1.5512	7.546e-04	   0.033	   246.138
 341	86	 3.5010	 1.0292	   1.5005	        1.5011	          0.0006	   1.6875	1.246e-03	   0.033	   246.707
 342	86	 3.5008	 1.0286	   1.5005	        1.5011	          0.0006	   1.5689	1.009e-03	   0.034	   247.275
 343	86	 3.5009	 1.0277	   1.5005	        1.5011	          0.0006	   1.5697	7.251e-04	   0.029	   247.843
 344	86	 3.5007	 1.0278	   1.5005	        1.5011	          0.0006	   1.6149	7.453e-04	   0.035	   248.412
 345	87	 3.5010	 1.0274	   1.5005	        1.5011	          0.0006	   1.5957	6.608e-04	   0.031	   248.987
 346	87	 3.5009	 1.0269	   1.5005	        1.5011	          0.0006	   1.5762	6.023e-04	   0.025	   249.552
 347	87	 3.5005	 1.0282	   1.5005	        1.5011	          0.0006	   1.6781	8.480e-04	   0.033	   250.133
 348	87	 3.5001	 1.0279	   1.5005	        1.5011	          0.0006	   1.5981	7.710e-04	   0.033	   250.704
 349	88	 3.4999	 1.0273	   1.5005	        1.5011	          0.0006	   1.5691	6.343e-04	   0.036	   251.293
 350	88	 3.4993	 1.0282	   1.5005	        1.5011	          0.0006	   1.6626	8.449e-04	   0.029	   251.878
 351	88	 3.4995	 1.0270	   1.5005	        1.5011	          0.0006	   1.5513	6.022e-04	   0.037	   252.489
 352	88	 3.4992	 1.0276	   1.5005	        1.5011	          0.0006	   1.6366	6.991e-04	   0.033	   253.084
 353	89	 3.4991	 1.0274	   1.5005	        1.5011	          0.0006	   1.5973	6.467e-04	   0.027	   253.647
 354	89	 3.4998	 1.0269	   1.5005	        1.5011	          0.0006	   1.5879	5.994e-04	   0.034	   254.230
 355	89	 3.4991	 1.0265	   1.5005	        1.5011	          0.0006	   1.5881	6.136e-04	   0.033	   254.799
 356	89	 3.4989	 1.0278	   1.5005	        1.5011	          0.0006	   1.6802	7.494e-04	   0.035	   255.381
 357	90	 3.4986	 1.0282	   1.5005	        1.5011	          0.0006	   1.6372	8.547e-04	   0.028	   256.012
 358	90	 3.4980	 1.0289	   1.5005	        1.5011	          0.0006	   1.6380	1.094e-03	   0.034	   256.581
 359	90	 3.4980	 1.0288	   1.5005	        1.5011	          0.0006	   1.6065	1.075e-03	   0.031	   257.157
 360	90	 3.4977	 1.0284	   1.5005	        1.5011	          0.0006	   1.5858	9.281e-04	   0.028	   257.720
 361	91	 3.4973	 1.0287	   1.5005	        1.5011	          0.0006	   1.6277	1.048e-03	   0.033	   258.300
 362	91	 3.4973	 1.0278	   1.5005	        1.5011	          0.0006	   1.5544	7.329e-04	   0.035	   258.878
 363	91	 3.4968	 1.0294	   1.5005	        1.5011	          0.0006	   1.7011	1.300e-03	   0.031	   259.479
 364	91	 3.4968	 1.0289	   1.5005	        1.5011	          0.0006	   1.5819	1.097e-03	   0.033	   260.071
 365	92	 3.4965	 1.0290	   1.5005	        1.5011	          0.0006	   1.6225	1.133e-03	   0.039	   260.691
 366	92	 3.4963	 1.0289	   1.5005	        1.5011	          0.0006	   1.6059	1.127e-03	   0.031	   261.285
 367	92	 3.4961	 1.0294	   1.5005	        1.5011	          0.0006	   1.6329	1.315e-03	   0.028	   261.849
 368	92	 3.4958	 1.0291	   1.5005	        1.5011	          0.0006	   1.5913	1.197e-03	   0.033	   262.427
 369	93	 3.4957	 1.0294	   1.5005	        1.5011	          0.0006	   1.6332	1.297e-03	   0.030	   262.998
 370	93	 3.4953	 1.0289	   1.5005	        1.5011	          0.0006	   1.5765	1.091e-03	   0.029	   263.569
 371	93	 3.4949	 1.0293	   1.5005	        1.5011	          0.0006	   1.6335	1.272e-03	   0.031	   264.141
 372	93	 3.4949	 1.0290	   1.5005	        1.5011	          0.0006	   1.5903	1.156e-03	   0.038	   264.710
 373	94	 3.4950	 1.0281	   1.5005	        1.5011	          0.0006	   1.5583	8.317e-04	   0.032	   265.324
 374	94	 3.4944	 1.0279	   1.5005	        1.5011	          0.0006	   1.5916	7.593e-04	   0.028	   265.916
 375	94	 3.4945	 1.0276	   1.5005	        1.5011	          0.0006	   1.5919	6.861e-04	   0.035	   266.495
 376	94	 3.4938	 1.0291	   1.5005	        1.5011	          0.0006	   1.6954	1.167e-03	   0.032	   267.063
 377	95	 3.4932	 1.0288	   1.5005	        1.5011	          0.0006	   1.5830	1.051e-03	   0.032	   267.652
 378	95	 3.4932	 1.0289	   1.5005	        1.5011	          0.0006	   1.6194	1.096e-03	   0.033	   268.240
 379	95	 3.4934	 1.0291	   1.5005	        1.5011	          0.0006	   1.6372	1.190e-03	   0.037	   268.851
 380	95	 3.4932	 1.0295	   1.5005	        1.5011	          0.0006	   1.6301	1.353e-03	   0.030	   269.448
 381	96	 3.4935	 1.0295	   1.5005	        1.5011	          0.0006	   1.6083	1.338e-03	   0.028	   270.012
 382	96	 3.4930	 1.0294	   1.5005	        1.5011	          0.0006	   1.6003	1.304e-03	   0.034	   270.591
 383	96	 3.4927	 1.0292	   1.5005	        1.5011	          0.0006	   1.5950	1.208e-03	   0.037	   271.208
 384	96	 3.4925	 1.0297	   1.5005	        1.5011	          0.0006	   1.6527	1.441e-03	   0.032	   271.837
 385	97	 3.4921	 1.0291	   1.5005	        1.5011	          0.0006	   1.5659	1.173e-03	   0.031	   272.444
 386	97	 3.4919	 1.0283	   1.5005	        1.5011	          0.0006	   1.5547	8.990e-04	   0.032	   273.013
 387	97	 3.4914	 1.0291	   1.5005	        1.5011	          0.0006	   1.6615	1.187e-03	   0.033	   273.590
 388	97	 3.4915	 1.0299	   1.5005	        1.5011	          0.0006	   1.6600	1.488e-03	   0.030	   274.152
 389	98	 3.4915	 1.0300	   1.5005	        1.5011	          0.0006	   1.6202	1.549e-03	   0.034	   274.730
 390	98	 3.4911	 1.0296	   1.5005	        1.5011	          0.0006	   1.5758	1.395e-03	   0.035	   275.302
 391	98	 3.4909	 1.0289	   1.5005	        1.5011	          0.0006	   1.5675	1.110e-03	   0.030	   275.901
 392	98	 3.4909	 1.0294	   1.5005	        1.5011	          0.0006	   1.6462	1.312e-03	   0.028	   276.494
 393	99	 3.4906	 1.0294	   1.5005	        1.5011	          0.0006	   1.6033	1.308e-03	   0.033	   277.113
 394	99	 3.4904	 1.0295	   1.5005	        1.5011	          0.0006	   1.6127	1.362e-03	   0.033	   277.720
 395	99	 3.4904	 1.0301	   1.5005	        1.5011	          0.0006	   1.6557	1.575e-03	   0.030	   278.282
 396	99	 3.4903	 1.0299	   1.5005	        1.5011	          0.0006	   1.6045	1.518e-03	   0.033	   278.858
 397	100	 3.4903	 1.0301	   1.5005	        1.5011	          0.0006	   1.6223	1.606e-03	   0.033	   279.429
 398	100	 3.4899	 1.0304	   1.5005	        1.5011	          0.0006	   1.6273	1.723e-03	   0.032	   279.998
 399	100	 3.4896	 1.0305	   1.5005	        1.5011	          0.0006	   1.6189	1.766e-03	   0.030	   280.567
 400	100	 3.4893	 1.0304	   1.5005	        1.5011	          0.0006	   1.6018	1.709e-03	   0.034	   281.138
 401	101	 3.4891	 1.0302	   1.5005	        1.5011	          0.0006	   1.6014	1.650e-03	   0.033	   281.716
 402	101	 3.4891	 1.0306	   1.5005	        1.5011	          0.0006	   1.6383	1.821e-03	   0.027	   282.280
 403	101	 3.4886	 1.0302	   1.5005	        1.5011	          0.0006	   1.5664	1.618e-03	   0.033	   282.856
 404	101	 3.4887	 1.0304	   1.5005	        1.5011	          0.0006	   1.6317	1.707e-03	   0.033	   283.425
 405	102	 3.4887	 1.0305	   1.5005	        1.5011	          0.0006	   1.6257	1.761e-03	   0.032	   284.007
 406	102	 3.4885	 1.0301	   1.5005	        1.5011	          0.0006	   1.5747	1.572e-03	   0.032	   284.587
 407	102	 3.4883	 1.0300	   1.5005	        1.5011	          0.0006	   1.6013	1.548e-03	   0.036	   285.198
 408	102	 3.4878	 1.0306	   1.5005	        1.5011	          0.0006	   1.6502	1.804e-03	   0.033	   285.811
 409	103	 3.4876	 1.0312	   1.5005	        1.5011	          0.0006	   1.6543	2.054e-03	   0.026	   286.375
 410	103	 3.4870	 1.0316	   1.5005	        1.5011	          0.0006	   1.6407	2.244e-03	   0.035	   286.955
 411	103	 3.4869	 1.0314	   1.5005	        1.5011	          0.0006	   1.5965	2.149e-03	   0.039	   287.576
 412	103	 3.4870	 1.0309	   1.5005	        1.5011	          0.0006	   1.5684	1.921e-03	   0.030	   288.167
 413	104	 3.4871	 1.0316	   1.5005	        1.5011	          0.0006	   1.6666	2.211e-03	   0.030	   288.738
 414	104	 3.4874	 1.0307	   1.5005	        1.5011	          0.0006	   1.5544	1.828e-03	   0.033	   289.304
 415	104	 3.4868	 1.0306	   1.5005	        1.5011	          0.0006	   1.6009	1.816e-03	   0.030	   289.882
 416	104	 3.4864	 1.0306	   1.5005	        1.5011	          0.0006	   1.6019	1.808e-03	   0.025	   290.447
 417	105	 3.4862	 1.0305	   1.5005	        1.5011	          0.0006	   1.6052	1.743e-03	   0.037	   291.048
 418	105	 3.4860	 1.0301	   1.5005	        1.5011	          0.0006	   1.5794	1.608e-03	   0.037	   291.656
 419	105	 3.4857	 1.0298	   1.5005	        1.5011	          0.0006	   1.5877	1.479e-03	   0.034	   292.296
 420	105	 3.4856	 1.0310	   1.5005	        1.5011	          0.0006	   1.6966	1.991e-03	   0.033	   292.924
 421	106	 3.4856	 1.0310	   1.5005	        1.5011	          0.0006	   1.6061	1.950e-03	   0.038	   293.551
 422	106	 3.4854	 1.0312	   1.5005	        1.5011	          0.0006	   1.6210	2.047e-03	   0.034	   294.173
 423	106	 3.4855	 1.0306	   1.5005	        1.5011	          0.0006	   1.5692	1.780e-03	   0.027	   294.742
 424	106	 3.4851	 1.0309	   1.5005	        1.5011	          0.0006	   1.6400	1.940e-03	   0.035	   295.324
 425	107	 3.4850	 1.0318	   1.5005	        1.5011	          0.0006	   1.6695	2.294e-03	   0.034	   295.896
 426	107	 3.4846	 1.0305	   1.5005	        1.5011	          0.0006	   1.5142	1.742e-03	   0.031	   296.503
 427	107	 3.4841	 1.0309	   1.5005	        1.5011	          0.0006	   1.6412	1.924e-03	   0.033	   297.106
 428	107	 3.4845	 1.0316	   1.5005	        1.5011	          0.0006	   1.6708	2.220e-03	   0.035	   297.698
 429	108	 3.4845	 1.0309	   1.5005	        1.5011	          0.0006	   1.5567	1.911e-03	   0.033	   298.275
 430	108	 3.4837	 1.0309	   1.5005	        1.5011	          0.0006	   1.5976	1.937e-03	   0.026	   298.839
 431	108	 3.4838	 1.0316	   1.5005	        1.5011	          0.0006	   1.6712	2.246e-03	   0.035	   299.422
 432	108	 3.4835	 1.0318	   1.5005	        1.5011	          0.0006	   1.6222	2.301e-03	   0.030	   299.991
 433	109	 3.4832	 1.0308	   1.5005	        1.5011	          0.0006	   1.5408	1.898e-03	   0.034	   300.569
 434	109	 3.4828	 1.0307	   1.5005	        1.5011	          0.0006	   1.6085	1.860e-03	   0.032	   301.151
 435	109	 3.4830	 1.0311	   1.5005	        1.5011	          0.0006	   1.6337	2.000e-03	   0.036	   301.750
 436	109	 3.4831	 1.0312	   1.5005	        1.5011	          0.0006	   1.6240	2.056e-03	   0.035	   302.367
 437	110	 3.4833	 1.0320	   1.5005	        1.5011	          0.0006	   1.6775	2.417e-03	   0.028	   302.942
 438	110	 3.4828	 1.0318	   1.5005	        1.5011	          0.0006	   1.5854	2.321e-03	   0.035	   303.597
 439	110	 3.4825	 1.0319	   1.5005	        1.5011	          0.0006	   1.6226	2.374e-03	   0.034	   304.209
 440	110	 3.4824	 1.0313	   1.5005	        1.5011	          0.0006	   1.5704	2.117e-03	   0.032	   304.799
 441	111	 3.4829	 1.0306	   1.5005	        1.5011	          0.0006	   1.5586	1.797e-03	   0.033	   305.368
 442	111	 3.4826	 1.0299	   1.5005	        1.5011	          0.0006	   1.5576	1.503e-03	   0.032	   305.932
 443	111	 3.4822	 1.0302	   1.5005	        1.5011	          0.0006	   1.6351	1.637e-03	   0.033	   306.510
 444	111	 3.4821	 1.0311	   1.5005	        1.5011	          0.0006	   1.6782	2.006e-03	   0.028	   307.074
 445	112	 3.4822	 1.0315	   1.5005	        1.5011	          0.0006	   1.6491	2.180e-03	   0.034	   307.653
 446	112	 3.4818	 1.0309	   1.5005	        1.5011	          0.0006	   1.5593	1.916e-03	   0.032	   308.225
 447	112	 3.4815	 1.0314	   1.5005	        1.5011	          0.0006	   1.6451	2.156e-03	   0.032	   308.823
 448	112	 3.4812	 1.0315	   1.5005	        1.5011	          0.0006	   1.6152	2.171e-03	   0.032	   309.417
 449	113	 3.4813	 1.0317	   1.5005	        1.5011	          0.0006	   1.6293	2.278e-03	   0.034	   310.009
 450	113	 3.4815	 1.0323	   1.5005	        1.5011	          0.0006	   1.6693	2.552e-03	   0.035	   310.629
 451	113	 3.4809	 1.0317	   1.5005	        1.5011	          0.0006	   1.5561	2.290e-03	   0.026	   311.202
 452	113	 3.4808	 1.0315	   1.5005	        1.5011	          0.0006	   1.5976	2.196e-03	   0.035	   311.781
 453	114	 3.4810	 1.0309	   1.5005	        1.5011	          0.0006	   1.5528	1.912e-03	   0.029	   312.330
 454	114	 3.4809	 1.0309	   1.5005	        1.5011	          0.0006	   1.6091	1.910e-03	   0.030	   312.868
 455	114	 3.4806	 1.0311	   1.5005	        1.5011	          0.0006	   1.6366	2.030e-03	   0.024	   313.408
 456	114	 3.4802	 1.0313	   1.5005	        1.5011	          0.0006	   1.6263	2.116e-03	   0.032	   313.944
 457	115	 3.4797	 1.0300	   1.5005	        1.5011	          0.0006	   1.5039	1.556e-03	   0.030	   314.487
 458	115	 3.4798	 1.0309	   1.5005	        1.5011	          0.0006	   1.6848	1.915e-03	   0.025	   315.020
 459	115	 3.4793	 1.0311	   1.5005	        1.5011	          0.0006	   1.6183	1.994e-03	   0.031	   315.567
 460	115	 3.4795	 1.0309	   1.5005	        1.5011	          0.0006	   1.6016	1.924e-03	   0.028	   316.095
 461	116	 3.4793	 1.0306	   1.5005	        1.5011	          0.0006	   1.5857	1.796e-03	   0.029	   316.627
 462	116	 3.4792	 1.0309	   1.5005	        1.5011	          0.0006	   1.6411	1.941e-03	   0.023	   317.143
 463	116	 3.4787	 1.0309	   1.5005	        1.5011	          0.0006	   1.6003	1.931e-03	   0.027	   317.640
 464	116	 3.4787	 1.0311	   1.5005	        1.5011	          0.0006	   1.6341	2.029e-03	   0.023	   318.107
 465	117	 3.4789	 1.0316	   1.5005	        1.5011	          0.0006	   1.6393	2.207e-03	   0.027	   318.561
 466	117	 3.4784	 1.0312	   1.5005	        1.5011	          0.0006	   1.5845	2.056e-03	   0.025	   319.076
 467	117	 3.4783	 1.0307	   1.5005	        1.5011	          0.0006	   1.5733	1.824e-03	   0.022	   319.520
 468	117	 3.4783	 1.0311	   1.5005	        1.5011	          0.0006	   1.6533	2.030e-03	   0.025	   319.963
 469	118	 3.4780	 1.0313	   1.5005	        1.5011	          0.0006	   1.6151	2.096e-03	   0.020	   320.407
 470	118	 3.4783	 1.0314	   1.5005	        1.5011	          0.0006	   1.6231	2.128e-03	   0.025	   320.848
 471	118	 3.4784	 1.0321	   1.5005	        1.5011	          0.0006	   1.6795	2.446e-03	   0.023	   321.297
 472	118	 3.4779	 1.0306	   1.5005	        1.5011	          0.0006	   1.4836	1.814e-03	   0.023	   321.739
 473	119	 3.4775	 1.0300	   1.5005	        1.5011	          0.0006	   1.5509	1.544e-03	   0.024	   322.189
 474	119	 3.4777	 1.0297	   1.5005	        1.5011	          0.0006	   1.5986	1.434e-03	   0.022	   322.633
 475	119	 3.4779	 1.0304	   1.5005	        1.5011	          0.0006	   1.6678	1.696e-03	   0.027	   323.108
 476	119	 3.4774	 1.0302	   1.5005	        1.5011	          0.0006	   1.5911	1.632e-03	   0.023	   323.584
 477	120	 3.4771	 1.0300	   1.5005	        1.5011	          0.0006	   1.5770	1.527e-03	   0.027	   324.064
 478	120	 3.4771	 1.0298	   1.5005	        1.5011	          0.0006	   1.6034	1.451e-03	   0.025	   324.534
 479	120	 3.4771	 1.0296	   1.5005	        1.5011	          0.0006	   1.5956	1.376e-03	   0.023	   324.983
 480	120	 3.4765	 1.0303	   1.5005	        1.5011	          0.0006	   1.6649	1.679e-03	   0.026	   325.462
 481	121	 3.4769	 1.0300	   1.5005	        1.5011	          0.0006	   1.5886	1.549e-03	   0.023	   325.946
 482	121	 3.4764	 1.0301	   1.5005	        1.5011	          0.0006	   1.6086	1.575e-03	   0.024	   326.390
 483	121	 3.4763	 1.0307	   1.5005	        1.5011	          0.0006	   1.6623	1.824e-03	   0.020	   326.834
 484	121	 3.4759	 1.0303	   1.5005	        1.5011	          0.0006	   1.5825	1.680e-03	   0.025	   327.275
 485	122	 3.4761	 1.0302	   1.5005	        1.5011	          0.0006	   1.6016	1.609e-03	   0.023	   327.724
 486	122	 3.4760	 1.0308	   1.5005	        1.5011	          0.0006	   1.6594	1.872e-03	   0.023	   328.166
 487	122	 3.4759	 1.0310	   1.5005	        1.5011	          0.0006	   1.6286	1.962e-03	   0.024	   328.616
 488	122	 3.4756	 1.0306	   1.5005	        1.5011	          0.0006	   1.5749	1.782e-03	   0.022	   329.060
 489	123	 3.4752	 1.0294	   1.5005	        1.5011	          0.0006	   1.5080	1.302e-03	   0.026	   329.512
 490	123	 3.4751	 1.0295	   1.5005	        1.5011	          0.0006	   1.6129	1.319e-03	   0.021	   329.997
 491	123	 3.4750	 1.0299	   1.5005	        1.5011	          0.0006	   1.6490	1.509e-03	   0.027	   330.460
 492	123	 3.4749	 1.0304	   1.5005	        1.5011	          0.0006	   1.6558	1.713e-03	   0.027	   330.985
 493	124	 3.4748	 1.0307	   1.5005	        1.5011	          0.0006	   1.6302	1.818e-03	   0.025	   331.487
 494	124	 3.4748	 1.0308	   1.5005	        1.5011	          0.0006	   1.6211	1.865e-03	   0.024	   331.969
 495	124	 3.4746	 1.0304	   1.5005	        1.5011	          0.0006	   1.5759	1.713e-03	   0.022	   332.413
 496	124	 3.4746	 1.0305	   1.5005	        1.5011	          0.0006	   1.6224	1.732e-03	   0.024	   332.857
 497	125	 3.4744	 1.0305	   1.5005	        1.5011	          0.0006	   1.6158	1.763e-03	   0.020	   333.301
 498	125	 3.4744	 1.0306	   1.5005	        1.5011	          0.0006	   1.6158	1.775e-03	   0.025	   333.742
 499	125	 3.4741	 1.0303	   1.5005	        1.5011	          0.0006	   1.5903	1.682e-03	   0.023	   334.191
 500	125	 3.4742	 1.0305	   1.5005	        1.5011	          0.0006	   1.6283	1.743e-03	   0.023	   334.632
 501	126	 3.4741	 1.0306	   1.5005	        1.5011	          0.0006	   1.6148	1.774e-03	   0.024	   335.082
 502	126	 3.4742	 1.0306	   1.5005	        1.5011	          0.0006	   1.6205	1.777e-03	   0.022	   335.526
 503	126	 3.4739	 1.0308	   1.5005	        1.5011	          0.0006	   1.6244	1.890e-03	   0.025	   335.998
 504	126	 3.4737	 1.0306	   1.5005	        1.5011	          0.0006	   1.5887	1.789e-03	   0.024	   336.467
 505	127	 3.4732	 1.0303	   1.5005	        1.5011	          0.0006	   1.5657	1.647e-03	   0.025	   336.954
 506	127	 3.4732	 1.0303	   1.5005	        1.5011	          0.0006	   1.6183	1.655e-03	   0.025	   337.425
 507	127	 3.4733	 1.0302	   1.5005	        1.5011	          0.0006	   1.6162	1.643e-03	   0.023	   337.877
 508	127	 3.4731	 1.0306	   1.5005	        1.5011	          0.0006	   1.6350	1.774e-03	   0.024	   338.327
 509	128	 3.4731	 1.0306	   1.5005	        1.5011	          0.0006	   1.6213	1.793e-03	   0.022	   338.771
 510	128	 3.4729	 1.0309	   1.5005	        1.5011	          0.0006	   1.6402	1.940e-03	   0.024	   339.215
 511	128	 3.4726	 1.0301	   1.5005	        1.5011	          0.0006	   1.5310	1.571e-03	   0.020	   339.658
 512	128	 3.4724	 1.0304	   1.5005	        1.5011	          0.0006	   1.6304	1.693e-03	   0.025	   340.100
 513	129	 3.4724	 1.0301	   1.5005	        1.5011	          0.0006	   1.5897	1.565e-03	   0.023	   340.549
 514	129	 3.4725	 1.0297	   1.5005	        1.5011	          0.0006	   1.5836	1.425e-03	   0.023	   340.990
 515	129	 3.4725	 1.0300	   1.5005	        1.5011	          0.0006	   1.6444	1.547e-03	   0.024	   341.440
 516	129	 3.4719	 1.0299	   1.5005	        1.5011	          0.0006	   1.5877	1.517e-03	   0.022	   341.884
 517	130	 3.4716	 1.0302	   1.5005	        1.5011	          0.0006	   1.6283	1.625e-03	   0.026	   342.332
 518	130	 3.4715	 1.0297	   1.5005	        1.5011	          0.0006	   1.5686	1.408e-03	   0.021	   342.815
 519	130	 3.4714	 1.0296	   1.5005	        1.5011	          0.0006	   1.6024	1.391e-03	   0.027	   343.277
 520	130	 3.4716	 1.0300	   1.5005	        1.5011	          0.0006	   1.6497	1.546e-03	   0.027	   343.814
 521	131	 3.4716	 1.0300	   1.5005	        1.5011	          0.0006	   1.6139	1.548e-03	   0.023	   344.278
 522	131	 3.4709	 1.0299	   1.5005	        1.5011	          0.0006	   1.5899	1.493e-03	   0.024	   344.728
 523	131	 3.4711	 1.0300	   1.5005	        1.5011	          0.0006	   1.6214	1.529e-03	   0.022	   345.172
 524	131	 3.4711	 1.0304	   1.5005	        1.5011	          0.0006	   1.6443	1.704e-03	   0.027	   345.634
 525	132	 3.4704	 1.0304	   1.5005	        1.5011	          0.0006	   1.5997	1.719e-03	   0.022	   346.119
 526	132	 3.4703	 1.0302	   1.5005	        1.5011	          0.0006	   1.5855	1.613e-03	   0.027	   346.601
 527	132	 3.4702	 1.0297	   1.5005	        1.5011	          0.0006	   1.5713	1.415e-03	   0.023	   347.083
 528	132	 3.4705	 1.0302	   1.5005	        1.5011	          0.0006	   1.6648	1.631e-03	   0.023	   347.525
 529	133	 3.4703	 1.0305	   1.5005	        1.5011	          0.0006	   1.6294	1.730e-03	   0.025	   347.975
 530	133	 3.4696	 1.0305	   1.5005	        1.5011	          0.0006	   1.5993	1.729e-03	   0.022	   348.419
 531	133	 3.4696	 1.0304	   1.5005	        1.5011	          0.0006	   1.6119	1.727e-03	   0.027	   348.889
 532	133	 3.4696	 1.0307	   1.5005	        1.5011	          0.0006	   1.6391	1.832e-03	   0.022	   349.354
 533	134	 3.4696	 1.0305	   1.5005	        1.5011	          0.0006	   1.5974	1.768e-03	   0.029	   349.877
 534	134	 3.4695	 1.0306	   1.5005	        1.5011	          0.0006	   1.6108	1.801e-03	   0.024	   350.382
 535	134	 3.4691	 1.0307	   1.5005	        1.5011	          0.0006	   1.6163	1.846e-03	   0.025	   350.859
 536	134	 3.4693	 1.0305	   1.5005	        1.5011	          0.0006	   1.6015	1.750e-03	   0.025	   351.321
 537	135	 3.4688	 1.0308	   1.5005	        1.5011	          0.0006	   1.6329	1.885e-03	   0.022	   351.765
 538	135	 3.4689	 1.0303	   1.5005	        1.5011	          0.0006	   1.5649	1.655e-03	   0.025	   352.209
 539	135	 3.4688	 1.0307	   1.5005	        1.5011	          0.0006	   1.6523	1.829e-03	   0.020	   352.653
 540	135	 3.4686	 1.0308	   1.5005	        1.5011	          0.0006	   1.6180	1.892e-03	   0.025	   353.094
 541	136	 3.4686	 1.0309	   1.5005	        1.5011	          0.0006	   1.6139	1.925e-03	   0.023	   353.543
 542	136	 3.4679	 1.0303	   1.5005	        1.5011	          0.0006	   1.5427	1.652e-03	   0.023	   353.985
 543	136	 3.4678	 1.0305	   1.5005	        1.5011	          0.0006	   1.6238	1.732e-03	   0.024	   354.435
 544	136	 3.4680	 1.0306	   1.5005	        1.5011	          0.0006	   1.6418	1.799e-03	   0.022	   354.879
 545	137	 3.4680	 1.0312	   1.5005	        1.5011	          0.0006	   1.6701	2.053e-03	   0.024	   355.322
 546	137	 3.4680	 1.0318	   1.5005	        1.5011	          0.0006	   1.6737	2.322e-03	   0.024	   355.813
 547	137	 3.4680	 1.0313	   1.5005	        1.5011	          0.0006	   1.5591	2.095e-03	   0.028	   356.350
 548	137	 3.4677	 1.0310	   1.5005	        1.5011	          0.0006	   1.5714	1.945e-03	   0.027	   356.879
 549	138	 3.4676	 1.0307	   1.5005	        1.5011	          0.0006	   1.5827	1.842e-03	   0.023	   357.338
 550	138	 3.4671	 1.0309	   1.5005	        1.5011	          0.0006	   1.6227	1.930e-03	   0.025	   357.788
 551	138	 3.4671	 1.0306	   1.5005	        1.5011	          0.0006	   1.5830	1.809e-03	   0.022	   358.232
 552	138	 3.4671	 1.0308	   1.5005	        1.5011	          0.0006	   1.6342	1.883e-03	   0.025	   358.676
 553	139	 3.4671	 1.0313	   1.5005	        1.5011	          0.0006	   1.6613	2.096e-03	   0.020	   359.119
 554	139	 3.4670	 1.0314	   1.5005	        1.5011	          0.0006	   1.6233	2.142e-03	   0.025	   359.561
 555	139	 3.4669	 1.0312	   1.5005	        1.5011	          0.0006	   1.5968	2.062e-03	   0.023	   360.010
 556	139	 3.4666	 1.0308	   1.5005	        1.5011	          0.0006	   1.5633	1.873e-03	   0.023	   360.451
 557	140	 3.4662	 1.0308	   1.5005	        1.5011	          0.0006	   1.6028	1.884e-03	   0.024	   360.901
 558	140	 3.4662	 1.0310	   1.5005	        1.5011	          0.0006	   1.6318	1.977e-03	   0.022	   361.345
 559	140	 3.4660	 1.0315	   1.5005	        1.5011	          0.0006	   1.6628	2.162e-03	   0.025	   361.811
 560	140	 3.4660	 1.0310	   1.5005	        1.5011	          0.0006	   1.5614	1.958e-03	   0.022	   362.277
 561	141	 3.4655	 1.0321	   1.5005	        1.5011	          0.0006	   1.7151	2.433e-03	   0.025	   362.767
 562	141	 3.4660	 1.0318	   1.5005	        1.5011	          0.0006	   1.5936	2.290e-03	   0.023	   363.240
 563	141	 3.4658	 1.0314	   1.5005	        1.5011	          0.0006	   1.5708	2.125e-03	   0.023	   363.696
 564	141	 3.4655	 1.0311	   1.5005	        1.5011	          0.0006	   1.5721	1.994e-03	   0.024	   364.146
 565	142	 3.4656	 1.0310	   1.5005	        1.5011	          0.0006	   1.6066	1.942e-03	   0.022	   364.590
 566	142	 3.4652	 1.0311	   1.5005	        1.5011	          0.0006	   1.6204	1.998e-03	   0.024	   365.033
 567	142	 3.4650	 1.0310	   1.5005	        1.5011	          0.0006	   1.5988	1.973e-03	   0.020	   365.477
 568	142	 3.4650	 1.0309	   1.5005	        1.5011	          0.0006	   1.6056	1.934e-03	   0.025	   365.918
 569	143	 3.4647	 1.0309	   1.5005	        1.5011	          0.0006	   1.6072	1.938e-03	   0.022	   366.366
 570	143	 3.4646	 1.0311	   1.5005	        1.5011	          0.0006	   1.6235	1.986e-03	   0.020	   366.777
 571	143	 3.4650	 1.0311	   1.5005	        1.5011	          0.0006	   1.6283	2.012e-03	   0.023	   367.204
 572	143	 3.4648	 1.0309	   1.5005	        1.5011	          0.0006	   1.5829	1.907e-03	   0.019	   367.619
 573	144	 3.4646	 1.0309	   1.5005	        1.5011	          0.0006	   1.6144	1.911e-03	   0.019	   368.000
 574	144	 3.4642	 1.0308	   1.5005	        1.5011	          0.0006	   1.6003	1.895e-03	   0.022	   368.446
 575	144	 3.4644	 1.0309	   1.5005	        1.5011	          0.0006	   1.6250	1.915e-03	   0.025	   368.913
 576	144	 3.4642	 1.0309	   1.5005	        1.5011	          0.0006	   1.6022	1.913e-03	   0.020	   369.334
 577	145	 3.4643	 1.0312	   1.5005	        1.5011	          0.0006	   1.6490	2.067e-03	   0.020	   369.716
 578	145	 3.4641	 1.0315	   1.5005	        1.5011	          0.0006	   1.6327	2.159e-03	   0.023	   370.103
 579	145	 3.4638	 1.0311	   1.5005	        1.5011	          0.0006	   1.5676	2.005e-03	   0.021	   370.488
 580	145	 3.4635	 1.0310	   1.5005	        1.5011	          0.0006	   1.6028	1.971e-03	   0.020	   370.869
 581	146	 3.4631	 1.0303	   1.5005	        1.5011	          0.0006	   1.5339	1.671e-03	   0.018	   371.252
 582	146	 3.4630	 1.0304	   1.5005	        1.5011	          0.0006	   1.6105	1.686e-03	   0.023	   371.631
 583	146	 3.4630	 1.0313	   1.5005	        1.5011	          0.0006	   1.7030	2.101e-03	   0.020	   372.020
 584	146	 3.4630	 1.0314	   1.5005	        1.5011	          0.0006	   1.6306	2.114e-03	   0.020	   372.402
 585	147	 3.4631	 1.0314	   1.5005	        1.5011	          0.0006	   1.6027	2.135e-03	   0.022	   372.789
 586	147	 3.4629	 1.0317	   1.5005	        1.5011	          0.0006	   1.6404	2.249e-03	   0.020	   373.174
 587	147	 3.4626	 1.0315	   1.5005	        1.5011	          0.0006	   1.5903	2.155e-03	   0.024	   373.594
 588	147	 3.4626	 1.0312	   1.5005	        1.5011	          0.0006	   1.5845	2.028e-03	   0.020	   374.037
 589	148	 3.4623	 1.0309	   1.5005	        1.5011	          0.0006	   1.5848	1.925e-03	   0.025	   374.478
 590	148	 3.4624	 1.0306	   1.5005	        1.5011	          0.0006	   1.5856	1.809e-03	   0.020	   374.892
 591	148	 3.4623	 1.0307	   1.5005	        1.5011	          0.0006	   1.6166	1.830e-03	   0.020	   375.289
 592	148	 3.4624	 1.0312	   1.5005	        1.5011	          0.0006	   1.6607	2.028e-03	   0.022	   375.675
 593	149	 3.4623	 1.0313	   1.5005	        1.5011	          0.0006	   1.6266	2.088e-03	   0.020	   376.061
 594	149	 3.4626	 1.0312	   1.5005	        1.5011	          0.0006	   1.6160	2.065e-03	   0.020	   376.442
 595	149	 3.4624	 1.0315	   1.5005	        1.5011	          0.0006	   1.6406	2.193e-03	   0.018	   376.825
 596	149	 3.4621	 1.0311	   1.5005	        1.5011	          0.0006	   1.5588	2.018e-03	   0.023	   377.204
 597	150	 3.4618	 1.0318	   1.5005	        1.5011	          0.0006	   1.6837	2.324e-03	   0.020	   377.593
 598	150	 3.4618	 1.0320	   1.5005	        1.5011	          0.0006	   1.6378	2.399e-03	   0.020	   377.975
 599	150	 3.4617	 1.0311	   1.5005	        1.5011	          0.0006	   1.5184	2.006e-03	   0.022	   378.361
 600	150	 3.4616	 1.0310	   1.5005	        1.5011	          0.0006	   1.5910	1.968e-03	   0.020	   378.747
 601	151	 3.4616	 1.0310	   1.5005	        1.5011	          0.0006	   1.6120	1.971e-03	   0.024	   379.175
 602	151	 3.4617	 1.0312	   1.5005	        1.5011	          0.0006	   1.6382	2.042e-03	   0.021	   379.658
 603	151	 3.4617	 1.0310	   1.5005	        1.5011	          0.0006	   1.5956	1.971e-03	   0.023	   380.094
 604	151	 3.4613	 1.0312	   1.5005	        1.5011	          0.0006	   1.6250	2.059e-03	   0.020	   380.519
 605	152	 3.4610	 1.0307	   1.5005	        1.5011	          0.0006	   1.5564	1.848e-03	   0.020	   380.901
 606	152	 3.4607	 1.0310	   1.5005	        1.5011	          0.0006	   1.6299	1.947e-03	   0.022	   381.287
 607	152	 3.4609	 1.0314	   1.5005	        1.5011	          0.0006	   1.6590	2.129e-03	   0.020	   381.673
 608	152	 3.4607	 1.0314	   1.5005	        1.5011	          0.0006	   1.6209	2.146e-03	   0.020	   382.054
 609	153	 3.4606	 1.0312	   1.5005	        1.5011	          0.0006	   1.5835	2.041e-03	   0.018	   382.437
 610	153	 3.4602	 1.0307	   1.5005	        1.5011	          0.0006	   1.5583	1.848e-03	   0.023	   382.816
 611	153	 3.4605	 1.0311	   1.5005	        1.5011	          0.0006	   1.6601	2.006e-03	   0.020	   383.204
 612	153	 3.4605	 1.0314	   1.5005	        1.5011	          0.0006	   1.6449	2.138e-03	   0.020	   383.586
 613	154	 3.4608	 1.0313	   1.5005	        1.5011	          0.0006	   1.6039	2.072e-03	   0.022	   383.972
 614	154	 3.4609	 1.0309	   1.5005	        1.5011	          0.0006	   1.5774	1.910e-03	   0.020	   384.358
 615	154	 3.4605	 1.0313	   1.5005	        1.5011	          0.0006	   1.6505	2.106e-03	   0.020	   384.755
 616	154	 3.4602	 1.0313	   1.5005	        1.5011	          0.0006	   1.6036	2.089e-03	   0.018	   385.161
 617	155	 3.4600	 1.0312	   1.5005	        1.5011	          0.0006	   1.6035	2.040e-03	   0.025	   385.588
 618	155	 3.4598	 1.0314	   1.5005	        1.5011	          0.0006	   1.6243	2.132e-03	   0.020	   386.005
 619	155	 3.4597	 1.0319	   1.5005	        1.5011	          0.0006	   1.6583	2.335e-03	   0.020	   386.403
 620	155	 3.4599	 1.0317	   1.5005	        1.5011	          0.0006	   1.5979	2.258e-03	   0.022	   386.789
 621	156	 3.4598	 1.0320	   1.5005	        1.5011	          0.0006	   1.6412	2.376e-03	   0.020	   387.174
 622	156	 3.4597	 1.0320	   1.5005	        1.5011	          0.0006	   1.6094	2.378e-03	   0.020	   387.556
 623	156	 3.4592	 1.0319	   1.5005	        1.5011	          0.0006	   1.5981	2.340e-03	   0.018	   387.938
 624	156	 3.4594	 1.0318	   1.5005	        1.5011	          0.0006	   1.6080	2.320e-03	   0.023	   388.318
 625	157	 3.4591	 1.0323	   1.5005	        1.5011	          0.0006	   1.6592	2.521e-03	   0.020	   388.706
 626	157	 3.4593	 1.0316	   1.5005	        1.5011	          0.0006	   1.5459	2.239e-03	   0.020	   389.088
 627	157	 3.4590	 1.0316	   1.5005	        1.5011	          0.0006	   1.5959	2.199e-03	   0.022	   389.475
 628	157	 3.4593	 1.0316	   1.5005	        1.5011	          0.0006	   1.6169	2.211e-03	   0.020	   389.860
 629	158	 3.4590	 1.0317	   1.5005	        1.5011	          0.0006	   1.6178	2.278e-03	   0.024	   390.293
 630	158	 3.4588	 1.0319	   1.5005	        1.5011	          0.0006	   1.6227	2.341e-03	   0.022	   390.763
 631	158	 3.4585	 1.0317	   1.5005	        1.5011	          0.0006	   1.5965	2.262e-03	   0.025	   391.210
 632	158	 3.4584	 1.0319	   1.5005	        1.5011	          0.0006	   1.6327	2.333e-03	   0.024	   391.676
 633	159	 3.4586	 1.0320	   1.5005	        1.5011	          0.0006	   1.6352	2.412e-03	   0.022	   392.092
 634	159	 3.4586	 1.0318	   1.5005	        1.5011	          0.0006	   1.5821	2.291e-03	   0.023	   392.501
 635	159	 3.4586	 1.0315	   1.5005	        1.5011	          0.0006	   1.5915	2.195e-03	   0.020	   392.886
 636	159	 3.4584	 1.0317	   1.5005	        1.5011	          0.0006	   1.6215	2.246e-03	   0.020	   393.268
 637	160	 3.4582	 1.0318	   1.5005	        1.5011	          0.0006	   1.6166	2.286e-03	   0.018	   393.651
 638	160	 3.4584	 1.0320	   1.5005	        1.5011	          0.0006	   1.6525	2.397e-03	   0.023	   394.030
 639	160	 3.4579	 1.0321	   1.5005	        1.5011	          0.0006	   1.6092	2.438e-03	   0.020	   394.418
 640	160	 3.4581	 1.0315	   1.5005	        1.5011	          0.0006	   1.5495	2.174e-03	   0.022	   394.820
 641	161	 3.4578	 1.0311	   1.5005	        1.5011	          0.0006	   1.5604	1.983e-03	   0.024	   395.248
 642	161	 3.4576	 1.0308	   1.5005	        1.5011	          0.0006	   1.5721	1.883e-03	   0.021	   395.659
 643	161	 3.4575	 1.0309	   1.5005	        1.5011	          0.0006	   1.6290	1.931e-03	   0.022	   396.070
 644	161	 3.4575	 1.0312	   1.5005	        1.5011	          0.0006	   1.6344	2.031e-03	   0.018	   396.478
 645	162	 3.4571	 1.0312	   1.5005	        1.5011	          0.0006	   1.6136	2.057e-03	   0.027	   396.897
 646	162	 3.4572	 1.0315	   1.5005	        1.5011	          0.0006	   1.6447	2.194e-03	   0.022	   397.321
 647	162	 3.4572	 1.0317	   1.5005	        1.5011	          0.0006	   1.6247	2.247e-03	   0.020	   397.720
 648	162	 3.4570	 1.0312	   1.5005	        1.5011	          0.0006	   1.5616	2.048e-03	   0.022	   398.106
 649	163	 3.4570	 1.0311	   1.5005	        1.5011	          0.0006	   1.6054	2.003e-03	   0.020	   398.491
 650	163	 3.4570	 1.0308	   1.5005	        1.5011	          0.0006	   1.5722	1.865e-03	   0.020	   398.873
 651	163	 3.4571	 1.0304	   1.5005	        1.5011	          0.0006	   1.5710	1.694e-03	   0.018	   399.255
 652	163	 3.4571	 1.0307	   1.5005	        1.5011	          0.0006	   1.6476	1.838e-03	   0.023	   399.635
 653	164	 3.4569	 1.0304	   1.5005	        1.5011	          0.0006	   1.5597	1.685e-03	   0.020	   400.023
 654	164	 3.4570	 1.0308	   1.5005	        1.5011	          0.0006	   1.6780	1.890e-03	   0.020	   400.405
 655	164	 3.4570	 1.0310	   1.5005	        1.5011	          0.0006	   1.6287	1.943e-03	   0.026	   400.798
 656	164	 3.4568	 1.0309	   1.5005	        1.5011	          0.0006	   1.5915	1.898e-03	   0.023	   401.255
 657	165	 3.4568	 1.0312	   1.5005	        1.5011	          0.0006	   1.6514	2.049e-03	   0.023	   401.680
 658	165	 3.4568	 1.0310	   1.5005	        1.5011	          0.0006	   1.5957	1.973e-03	   0.020	   402.108
 659	165	 3.4565	 1.0312	   1.5005	        1.5011	          0.0006	   1.6233	2.028e-03	   0.023	   402.517
 660	165	 3.4563	 1.0310	   1.5005	        1.5011	          0.0006	   1.5915	1.972e-03	   0.022	   402.943
 661	166	 3.4562	 1.0313	   1.5005	        1.5011	          0.0006	   1.6382	2.087e-03	   0.020	   403.331
 662	166	 3.4559	 1.0312	   1.5005	        1.5011	          0.0006	   1.5925	2.043e-03	   0.022	   403.718
 663	166	 3.4558	 1.0312	   1.5005	        1.5011	          0.0006	   1.6090	2.034e-03	   0.020	   404.103
 664	166	 3.4559	 1.0311	   1.5005	        1.5011	          0.0006	   1.6054	1.989e-03	   0.020	   404.484
 665	167	 3.4560	 1.0314	   1.5005	        1.5011	          0.0006	   1.6580	2.148e-03	   0.018	   404.867
 666	167	 3.4559	 1.0312	   1.5005	        1.5011	          0.0006	   1.5837	2.043e-03	   0.023	   405.246
 667	167	 3.4555	 1.0313	   1.5005	        1.5011	          0.0006	   1.6125	2.068e-03	   0.020	   405.635
 668	167	 3.4556	 1.0311	   1.5005	        1.5011	          0.0006	   1.5980	2.018e-03	   0.020	   406.017
 669	168	 3.4555	 1.0305	   1.5005	        1.5011	          0.0006	   1.5376	1.754e-03	   0.022	   406.404
 670	168	 3.4555	 1.0307	   1.5005	        1.5011	          0.0006	   1.6298	1.815e-03	   0.020	   406.788
 671	168	 3.4556	 1.0314	   1.5005	        1.5011	          0.0006	   1.6973	2.113e-03	   0.022	   407.180
 672	168	 3.4551	 1.0314	   1.5005	        1.5011	          0.0006	   1.6012	2.122e-03	   0.018	   407.592
 673	169	 3.4548	 1.0315	   1.5005	        1.5011	          0.0006	   1.6168	2.183e-03	   0.027	   408.001
 674	169	 3.4546	 1.0316	   1.5005	        1.5011	          0.0006	   1.6191	2.216e-03	   0.020	   408.431
 675	169	 3.4550	 1.0315	   1.5005	        1.5011	          0.0006	   1.6199	2.182e-03	   0.020	   408.834
 676	169	 3.4549	 1.0312	   1.5005	        1.5011	          0.0006	   1.5710	2.038e-03	   0.022	   409.220
 677	170	 3.4549	 1.0313	   1.5005	        1.5011	          0.0006	   1.6267	2.090e-03	   0.020	   409.606
 678	170	 3.4548	 1.0315	   1.5005	        1.5011	          0.0006	   1.6228	2.155e-03	   0.020	   409.987
 679	170	 3.4546	 1.0316	   1.5005	        1.5011	          0.0006	   1.6224	2.206e-03	   0.018	   410.370
 680	170	 3.4546	 1.0311	   1.5005	        1.5011	          0.0006	   1.5647	2.011e-03	   0.023	   410.749
 681	171	 3.4545	 1.0312	   1.5005	        1.5011	          0.0006	   1.6291	2.057e-03	   0.020	   411.138
 682	171	 3.4543	 1.0314	   1.5005	        1.5011	          0.0006	   1.6275	2.152e-03	   0.020	   411.519
 683	171	 3.4543	 1.0317	   1.5005	        1.5011	          0.0006	   1.6358	2.246e-03	   0.026	   411.916
 684	171	 3.4543	 1.0313	   1.5005	        1.5011	          0.0006	   1.5720	2.098e-03	   0.020	   412.367
 685	172	 3.4541	 1.0312	   1.5005	        1.5011	          0.0006	   1.5951	2.060e-03	   0.020	   412.749
 686	172	 3.4540	 1.0313	   1.5005	        1.5011	          0.0006	   1.6137	2.085e-03	   0.020	   413.152
 687	172	 3.4542	 1.0315	   1.5005	        1.5011	          0.0006	   1.6434	2.181e-03	   0.025	   413.563
 688	172	 3.4539	 1.0316	   1.5005	        1.5011	          0.0006	   1.6207	2.226e-03	   0.024	   413.988
 689	173	 3.4536	 1.0318	   1.5005	        1.5011	          0.0006	   1.6277	2.290e-03	   0.020	   414.380
 690	173	 3.4534	 1.0321	   1.5005	        1.5011	          0.0006	   1.6437	2.415e-03	   0.022	   414.767
 691	173	 3.4534	 1.0319	   1.5005	        1.5011	          0.0006	   1.6017	2.357e-03	   0.021	   415.152
 692	173	 3.4535	 1.0316	   1.5005	        1.5011	          0.0006	   1.5674	2.201e-03	   0.020	   415.534
 693	174	 3.4535	 1.0314	   1.5005	        1.5011	          0.0006	   1.6021	2.138e-03	   0.018	   415.917
 694	174	 3.4537	 1.0314	   1.5005	        1.5011	          0.0006	   1.6141	2.129e-03	   0.025	   416.301
 695	174	 3.4535	 1.0315	   1.5005	        1.5011	          0.0006	   1.6237	2.168e-03	   0.022	   416.730
 696	174	 3.4533	 1.0315	   1.5005	        1.5011	          0.0006	   1.6117	2.192e-03	   0.020	   417.136
 697	175	 3.4532	 1.0311	   1.5005	        1.5011	          0.0006	   1.5615	1.983e-03	   0.022	   417.523
 698	175	 3.4532	 1.0312	   1.5005	        1.5011	          0.0006	   1.6217	2.023e-03	   0.020	   417.908
 699	175	 3.4531	 1.0315	   1.5005	        1.5011	          0.0006	   1.6469	2.172e-03	   0.022	   418.295
 700	175	 3.4530	 1.0316	   1.5005	        1.5011	          0.0006	   1.6264	2.221e-03	   0.020	   418.709
 701	176	 3.4528	 1.0311	   1.5005	        1.5011	          0.0006	   1.5503	2.014e-03	   0.025	   419.111
 702	176	 3.4529	 1.0317	   1.5005	        1.5011	          0.0006	   1.6733	2.250e-03	   0.022	   419.548
 703	176	 3.4529	 1.0318	   1.5005	        1.5011	          0.0006	   1.6233	2.305e-03	   0.020	   419.952
 704	176	 3.4527	 1.0317	   1.5005	        1.5011	          0.0006	   1.6067	2.267e-03	   0.022	   420.340
 705	177	 3.4525	 1.0317	   1.5005	        1.5011	          0.0006	   1.5991	2.250e-03	   0.020	   420.725
 706	177	 3.4523	 1.0319	   1.5005	        1.5011	          0.0006	   1.6382	2.346e-03	   0.020	   421.106
 707	177	 3.4523	 1.0319	   1.5005	        1.5011	          0.0006	   1.6116	2.342e-03	   0.018	   421.489
 708	177	 3.4523	 1.0317	   1.5005	        1.5011	          0.0006	   1.5899	2.255e-03	   0.023	   421.869
 709	178	 3.4520	 1.0316	   1.5005	        1.5011	          0.0006	   1.5906	2.203e-03	   0.020	   422.257
 710	178	 3.4520	 1.0319	   1.5005	        1.5011	          0.0006	   1.6614	2.358e-03	   0.024	   422.686
 711	178	 3.4519	 1.0322	   1.5005	        1.5011	          0.0006	   1.6429	2.472e-03	   0.026	   423.134
 712	178	 3.4518	 1.0317	   1.5005	        1.5011	          0.0006	   1.5513	2.266e-03	   0.020	   423.552
 713	179	 3.4517	 1.0315	   1.5005	        1.5011	          0.0006	   1.5783	2.156e-03	   0.019	   423.934
 714	179	 3.4517	 1.0315	   1.5005	        1.5011	          0.0006	   1.6178	2.177e-03	   0.020	   424.332
 715	179	 3.4517	 1.0316	   1.5005	        1.5011	          0.0006	   1.6345	2.232e-03	   0.025	   424.742
 716	179	 3.4515	 1.0317	   1.5005	        1.5011	          0.0006	   1.6107	2.261e-03	   0.023	   425.159
 717	180	 3.4515	 1.0318	   1.5005	        1.5011	          0.0006	   1.6168	2.299e-03	   0.020	   425.565
 718	180	 3.4513	 1.0317	   1.5005	        1.5011	          0.0006	   1.6037	2.269e-03	   0.022	   425.951
 719	180	 3.4513	 1.0318	   1.5005	        1.5011	          0.0006	   1.6249	2.312e-03	   0.020	   426.336
 720	180	 3.4512	 1.0317	   1.5005	        1.5011	          0.0006	   1.5971	2.260e-03	   0.020	   426.718
 721	181	 3.4512	 1.0312	   1.5005	        1.5011	          0.0006	   1.5550	2.048e-03	   0.018	   427.101
 722	181	 3.4510	 1.0317	   1.5005	        1.5011	          0.0006	   1.6648	2.243e-03	   0.023	   427.480
 723	181	 3.4511	 1.0315	   1.5005	        1.5011	          0.0006	   1.5913	2.180e-03	   0.020	   427.868
 724	181	 3.4510	 1.0315	   1.5005	        1.5011	          0.0006	   1.6120	2.177e-03	   0.020	   428.250
 725	182	 3.4512	 1.0313	   1.5005	        1.5011	          0.0006	   1.5926	2.095e-03	   0.022	   428.637
 726	182	 3.4509	 1.0309	   1.5005	        1.5011	          0.0006	   1.5408	1.901e-03	   0.020	   429.022
 727	182	 3.4506	 1.0311	   1.5005	        1.5011	          0.0006	   1.6338	1.983e-03	   0.022	   429.406
 728	182	 3.4507	 1.0310	   1.5005	        1.5011	          0.0006	   1.6139	1.956e-03	   0.018	   429.820
 729	183	 3.4506	 1.0310	   1.5005	        1.5011	          0.0006	   1.6183	1.969e-03	   0.023	   430.220
 730	183	 3.4505	 1.0309	   1.5005	        1.5011	          0.0006	   1.5824	1.902e-03	   0.020	   430.658
 731	183	 3.4505	 1.0310	   1.5005	        1.5011	          0.0006	   1.6262	1.957e-03	   0.022	   431.064
 732	183	 3.4503	 1.0310	   1.5005	        1.5011	          0.0006	   1.6013	1.936e-03	   0.022	   431.454
 733	184	 3.4503	 1.0310	   1.5005	        1.5011	          0.0006	   1.6066	1.942e-03	   0.020	   431.839
 734	184	 3.4502	 1.0303	   1.5005	        1.5011	          0.0006	   1.5347	1.658e-03	   0.020	   432.220
 735	184	 3.4502	 1.0306	   1.5005	        1.5011	          0.0006	   1.6492	1.771e-03	   0.018	   432.603
 736	184	 3.4501	 1.0309	   1.5005	        1.5011	          0.0006	   1.6449	1.915e-03	   0.023	   432.982
 737	185	 3.4502	 1.0314	   1.5005	        1.5011	          0.0006	   1.6702	2.110e-03	   0.022	   433.393
 738	185	 3.4501	 1.0315	   1.5005	        1.5011	          0.0006	   1.6338	2.188e-03	   0.026	   433.868
 739	185	 3.4501	 1.0316	   1.5005	        1.5011	          0.0006	   1.6202	2.200e-03	   0.024	   434.320
 740	185	 3.4496	 1.0312	   1.5005	        1.5011	          0.0006	   1.5487	2.031e-03	   0.020	   434.734
 741	186	 3.4495	 1.0310	   1.5005	        1.5011	          0.0006	   1.5886	1.940e-03	   0.019	   435.116
 742	186	 3.4494	 1.0309	   1.5005	        1.5011	          0.0006	   1.5986	1.925e-03	   0.020	   435.510
 743	186	 3.4494	 1.0312	   1.5005	        1.5011	          0.0006	   1.6533	2.045e-03	   0.025	   435.918
 744	186	 3.4490	 1.0313	   1.5005	        1.5011	          0.0006	   1.6067	2.070e-03	   0.022	   436.332
 745	187	 3.4490	 1.0308	   1.5005	        1.5011	          0.0006	   1.5558	1.867e-03	   0.020	   436.747
 746	187	 3.4490	 1.0304	   1.5005	        1.5011	          0.0006	   1.5576	1.700e-03	   0.022	   437.133
 747	187	 3.4488	 1.0307	   1.5005	        1.5011	          0.0006	   1.6483	1.826e-03	   0.023	   437.526
 748	187	 3.4485	 1.0314	   1.5005	        1.5011	          0.0006	   1.6971	2.132e-03	   0.022	   437.949
 749	188	 3.4485	 1.0317	   1.5005	        1.5011	          0.0006	   1.6554	2.261e-03	   0.019	   438.363
 750	188	 3.4485	 1.0312	   1.5005	        1.5011	          0.0006	   1.5543	2.055e-03	   0.023	   438.764
 751	188	 3.4484	 1.0312	   1.5005	        1.5011	          0.0006	   1.6032	2.047e-03	   0.020	   439.152
 752	188	 3.4480	 1.0315	   1.5005	        1.5011	          0.0006	   1.6421	2.192e-03	   0.020	   439.534
 753	189	 3.4478	 1.0314	   1.5005	        1.5011	          0.0006	   1.5922	2.142e-03	   0.022	   439.921
 754	189	 3.4475	 1.0319	   1.5005	        1.5011	          0.0006	   1.6577	2.340e-03	   0.021	   440.306
 755	189	 3.4475	 1.0318	   1.5005	        1.5011	          0.0006	   1.6045	2.280e-03	   0.020	   440.688
 756	189	 3.4474	 1.0318	   1.5005	        1.5011	          0.0006	   1.6172	2.316e-03	   0.020	   441.102
 757	190	 3.4473	 1.0318	   1.5005	        1.5011	          0.0006	   1.6070	2.309e-03	   0.023	   441.504
 758	190	 3.4473	 1.0320	   1.5005	        1.5011	          0.0006	   1.6388	2.388e-03	   0.022	   441.941
 759	190	 3.4474	 1.0319	   1.5005	        1.5011	          0.0006	   1.6060	2.362e-03	   0.022	   442.345
 760	190	 3.4472	 1.0322	   1.5005	        1.5011	          0.0006	   1.6413	2.456e-03	   0.022	   442.738
 761	191	 3.4471	 1.0320	   1.5005	        1.5011	          0.0006	   1.5985	2.403e-03	   0.020	   443.123
 762	191	 3.4468	 1.0324	   1.5005	        1.5011	          0.0006	   1.6461	2.567e-03	   0.020	   443.505
 763	191	 3.4468	 1.0325	   1.5005	        1.5011	          0.0006	   1.6185	2.602e-03	   0.018	   443.888
 764	191	 3.4466	 1.0320	   1.5005	        1.5011	          0.0006	   1.5576	2.405e-03	   0.027	   444.272
 765	192	 3.4464	 1.0316	   1.5005	        1.5011	          0.0006	   1.5530	2.231e-03	   0.020	   444.731
 766	192	 3.4466	 1.0316	   1.5005	        1.5011	          0.0006	   1.6096	2.201e-03	   0.024	   445.158
 767	192	 3.4463	 1.0323	   1.5005	        1.5011	          0.0006	   1.7064	2.529e-03	   0.022	   445.565
 768	192	 3.4463	 1.0322	   1.5005	        1.5011	          0.0006	   1.5926	2.476e-03	   0.020	   445.950
 769	193	 3.4465	 1.0323	   1.5005	        1.5011	          0.0006	   1.6403	2.540e-03	   0.020	   446.332
 770	193	 3.4463	 1.0322	   1.5005	        1.5011	          0.0006	   1.5871	2.461e-03	   0.020	   446.722
 771	193	 3.4463	 1.0321	   1.5005	        1.5011	          0.0006	   1.6036	2.447e-03	   0.025	   447.130
 772	193	 3.4461	 1.0319	   1.5005	        1.5011	          0.0006	   1.5804	2.355e-03	   0.020	   447.544
 773	194	 3.4460	 1.0320	   1.5005	        1.5011	          0.0006	   1.6270	2.396e-03	   0.020	   447.963
 774	194	 3.4462	 1.0318	   1.5005	        1.5011	          0.0006	   1.5850	2.284e-03	   0.022	   448.350
 775	194	 3.4458	 1.0315	   1.5005	        1.5011	          0.0006	   1.5650	2.171e-03	   0.020	   448.735
 776	194	 3.4457	 1.0317	   1.5005	        1.5011	          0.0006	   1.6375	2.266e-03	   0.020	   449.116
 777	195	 3.4458	 1.0315	   1.5005	        1.5011	          0.0006	   1.5828	2.160e-03	   0.018	   449.499
 778	195	 3.4454	 1.0315	   1.5005	        1.5011	          0.0006	   1.6075	2.160e-03	   0.023	   449.879
 779	195	 3.4456	 1.0315	   1.5005	        1.5011	          0.0006	   1.6244	2.184e-03	   0.020	   450.267
 780	195	 3.4457	 1.0317	   1.5005	        1.5011	          0.0006	   1.6364	2.269e-03	   0.020	   450.649
 781	196	 3.4456	 1.0314	   1.5005	        1.5011	          0.0006	   1.5695	2.128e-03	   0.022	   451.035
 782	196	 3.4456	 1.0317	   1.5005	        1.5011	          0.0006	   1.6476	2.246e-03	   0.020	   451.420
 783	196	 3.4455	 1.0317	   1.5005	        1.5011	          0.0006	   1.6111	2.249e-03	   0.020	   451.802
 784	196	 3.4454	 1.0316	   1.5005	        1.5011	          0.0006	   1.6068	2.223e-03	   0.018	   452.212
 785	197	 3.4454	 1.0317	   1.5005	        1.5011	          0.0006	   1.6198	2.240e-03	   0.025	   452.616
 786	197	 3.4450	 1.0313	   1.5005	        1.5011	          0.0006	   1.5567	2.099e-03	   0.022	   453.049
 787	197	 3.4450	 1.0312	   1.5005	        1.5011	          0.0006	   1.5983	2.043e-03	   0.022	   453.455
 788	197	 3.4451	 1.0316	   1.5005	        1.5011	          0.0006	   1.6694	2.223e-03	   0.022	   453.852
 789	198	 3.4449	 1.0314	   1.5005	        1.5011	          0.0006	   1.5740	2.123e-03	   0.020	   454.237
 790	198	 3.4451	 1.0314	   1.5005	        1.5011	          0.0006	   1.6289	2.140e-03	   0.020	   454.619
 791	198	 3.4448	 1.0319	   1.5005	        1.5011	          0.0006	   1.6681	2.338e-03	   0.018	   455.002
 792	198	 3.4448	 1.0319	   1.5005	        1.5011	          0.0006	   1.6110	2.343e-03	   0.027	   455.388
 793	199	 3.4450	 1.0320	   1.5005	        1.5011	          0.0006	   1.6270	2.369e-03	   0.020	   455.846
 794	199	 3.4449	 1.0316	   1.5005	        1.5011	          0.0006	   1.5656	2.224e-03	   0.020	   456.227
 795	199	 3.4448	 1.0314	   1.5005	        1.5011	          0.0006	   1.5883	2.147e-03	   0.022	   456.614
 796	199	 3.4446	 1.0316	   1.5005	        1.5011	          0.0006	   1.6259	2.213e-03	   0.020	   456.999
 797	200	 3.4443	 1.0315	   1.5005	        1.5011	          0.0006	   1.6001	2.186e-03	   0.020	   457.381
 798	200	 3.4442	 1.0318	   1.5005	        1.5011	          0.0006	   1.6549	2.314e-03	   0.020	   457.768
 799	200	 3.4444	 1.0314	   1.5005	        1.5011	          0.0006	   1.5567	2.126e-03	   0.025	   458.171
 800	200	 3.4444	 1.0315	   1.5005	        1.5011	          0.0006	   1.6198	2.161e-03	   0.020	   458.553

[BSGD] Finished on device cuda -> σ_f² ≈ 3.4444, σ_ε² ≈ 1.0315
