[GPU 7][JOB 176] 'python cli.py bsgd --n 1024 --lengthscale 0.5 --sigma-f2-true 4.0 --sigma-eps2-true 1.0 --n-epochs 200 --device auto --kernel-mode finite --theta-min 1e-4 --theta-max 20.0 --print-every 1 --seed 5 --batch-size 1024 --sigma-f2-init 5.0 --sigma-eps2-init 3.0 --alpha1 6.0 '

=== BSGD (biased SGD on exact kernel) ===
iter	epoch	σ_f²	σ_ε²	real_nlml	real_nlml_true	real_nlml_abs_err	mini_nlml	||grad||	duration_s	wall_time_s
   1	 1	 5.0909	 2.3466	   1.6257	        1.4829	          0.1428	   1.6257	1.208e-01	   0.379	     0.496
   2	 2	 5.1329	 1.9842	   1.5811	        1.4829	          0.0982	   1.5811	1.246e-01	   0.096	     1.249
   3	 3	 5.1605	 1.7350	   1.5501	        1.4829	          0.0672	   1.5501	1.231e-01	   0.105	     2.151
   4	 4	 5.1811	 1.5503	   1.5278	        1.4829	          0.0450	   1.5278	1.172e-01	   0.115	     3.064
   5	 5	 5.1976	 1.4097	   1.5120	        1.4829	          0.0291	   1.5120	1.076e-01	   0.108	     4.009
   6	 6	 5.2112	 1.3021	   1.5010	        1.4829	          0.0181	   1.5010	9.560e-02	   0.109	     4.975
   7	 7	 5.2229	 1.2202	   1.4937	        1.4829	          0.0108	   1.4937	8.238e-02	   0.113	     5.960
   8	 8	 5.2330	 1.1584	   1.4889	        1.4829	          0.0061	   1.4889	6.924e-02	   0.110	     6.947
   9	 9	 5.2419	 1.1122	   1.4860	        1.4829	          0.0032	   1.4860	5.714e-02	   0.127	     7.952
  10	10	 5.2498	 1.0779	   1.4842	        1.4829	          0.0014	   1.4842	4.663e-02	   0.117	     8.968
  11	11	 5.2570	 1.0525	   1.4832	        1.4829	          0.0003	   1.4832	3.787e-02	   0.114	     9.970
  12	12	 5.2634	 1.0336	   1.4825	        1.4829	          0.0004	   1.4825	3.074e-02	   0.111	    10.999
  13	13	 5.2693	 1.0194	   1.4821	        1.4829	          0.0008	   1.4821	2.503e-02	   0.118	    12.001
  14	14	 5.2747	 1.0087	   1.4819	        1.4829	          0.0010	   1.4819	2.049e-02	   0.125	    13.005
  15	15	 5.2797	 1.0005	   1.4817	        1.4829	          0.0012	   1.4817	1.689e-02	   0.112	    14.001
  16	16	 5.2843	 0.9941	   1.4816	        1.4829	          0.0013	   1.4816	1.402e-02	   0.115	    15.023
  17	17	 5.2886	 0.9892	   1.4815	        1.4829	          0.0013	   1.4815	1.173e-02	   0.121	    16.075
  18	18	 5.2926	 0.9853	   1.4815	        1.4829	          0.0014	   1.4815	9.885e-03	   0.118	    17.108
  19	19	 5.2964	 0.9822	   1.4815	        1.4829	          0.0014	   1.4815	8.392e-03	   0.124	    18.125
  20	20	 5.2999	 0.9796	   1.4815	        1.4829	          0.0014	   1.4815	7.174e-03	   0.116	    19.146
  21	21	 5.3033	 0.9776	   1.4814	        1.4829	          0.0014	   1.4814	6.173e-03	   0.112	    20.175
  22	22	 5.3064	 0.9759	   1.4814	        1.4829	          0.0014	   1.4814	5.345e-03	   0.120	    21.240
  23	23	 5.3094	 0.9745	   1.4814	        1.4829	          0.0014	   1.4814	4.655e-03	   0.121	    22.285
  24	24	 5.3122	 0.9733	   1.4814	        1.4829	          0.0015	   1.4814	4.077e-03	   0.126	    23.286
  25	25	 5.3149	 0.9724	   1.4814	        1.4829	          0.0015	   1.4814	3.589e-03	   0.110	    24.281
  26	26	 5.3175	 0.9715	   1.4814	        1.4829	          0.0015	   1.4814	3.175e-03	   0.113	    25.282
  27	27	 5.3200	 0.9708	   1.4814	        1.4829	          0.0015	   1.4814	2.821e-03	   0.116	    26.315
  28	28	 5.3223	 0.9702	   1.4814	        1.4829	          0.0015	   1.4814	2.517e-03	   0.117	    27.336
  29	29	 5.3246	 0.9697	   1.4814	        1.4829	          0.0015	   1.4814	2.256e-03	   0.127	    28.343
  30	30	 5.3267	 0.9693	   1.4814	        1.4829	          0.0015	   1.4814	2.029e-03	   0.114	    29.336
  31	31	 5.3288	 0.9689	   1.4814	        1.4829	          0.0015	   1.4814	1.832e-03	   0.111	    30.357
  32	32	 5.3308	 0.9685	   1.4814	        1.4829	          0.0015	   1.4814	1.659e-03	   0.110	    31.368
  33	33	 5.3328	 0.9682	   1.4814	        1.4829	          0.0015	   1.4814	1.508e-03	   0.119	    32.391
  34	34	 5.3346	 0.9680	   1.4814	        1.4829	          0.0015	   1.4814	1.375e-03	   0.124	    33.394
  35	35	 5.3364	 0.9677	   1.4814	        1.4829	          0.0015	   1.4814	1.258e-03	   0.112	    34.392
  36	36	 5.3382	 0.9675	   1.4814	        1.4829	          0.0015	   1.4814	1.154e-03	   0.119	    35.402
  37	37	 5.3398	 0.9674	   1.4814	        1.4829	          0.0015	   1.4814	1.061e-03	   0.122	    36.485
  38	38	 5.3415	 0.9672	   1.4814	        1.4829	          0.0015	   1.4814	9.786e-04	   0.116	    37.566
  39	39	 5.3430	 0.9670	   1.4814	        1.4829	          0.0015	   1.4814	9.049e-04	   0.126	    38.591
  40	40	 5.3446	 0.9669	   1.4814	        1.4829	          0.0015	   1.4814	8.389e-04	   0.117	    39.604
  41	41	 5.3460	 0.9668	   1.4814	        1.4829	          0.0015	   1.4814	7.797e-04	   0.126	    40.677
  42	42	 5.3475	 0.9667	   1.4814	        1.4829	          0.0015	   1.4814	7.264e-04	   0.121	    41.787
  43	43	 5.3489	 0.9666	   1.4814	        1.4829	          0.0015	   1.4814	6.784e-04	   0.122	    42.847
  44	44	 5.3503	 0.9665	   1.4814	        1.4829	          0.0015	   1.4814	6.351e-04	   0.124	    43.850
  45	45	 5.3516	 0.9664	   1.4814	        1.4829	          0.0015	   1.4814	5.959e-04	   0.112	    44.847
  46	46	 5.3529	 0.9663	   1.4814	        1.4829	          0.0015	   1.4814	5.604e-04	   0.113	    45.849
  47	47	 5.3541	 0.9663	   1.4814	        1.4829	          0.0015	   1.4814	5.282e-04	   0.113	    46.879
  48	48	 5.3554	 0.9662	   1.4814	        1.4829	          0.0015	   1.4814	4.989e-04	   0.116	    47.902
  49	49	 5.3565	 0.9662	   1.4814	        1.4829	          0.0015	   1.4814	4.723e-04	   0.125	    48.907
  50	50	 5.3577	 0.9661	   1.4814	        1.4829	          0.0015	   1.4814	4.481e-04	   0.119	    49.906
  51	51	 5.3589	 0.9661	   1.4814	        1.4829	          0.0015	   1.4814	4.261e-04	   0.109	    50.925
  52	52	 5.3600	 0.9660	   1.4814	        1.4829	          0.0015	   1.4814	4.059e-04	   0.114	    51.936
  53	53	 5.3611	 0.9660	   1.4814	        1.4829	          0.0015	   1.4814	3.876e-04	   0.122	    52.958
  54	54	 5.3621	 0.9659	   1.4814	        1.4829	          0.0015	   1.4814	3.708e-04	   0.123	    53.960
  55	55	 5.3632	 0.9659	   1.4814	        1.4829	          0.0015	   1.4814	3.554e-04	   0.114	    54.960
  56	56	 5.3642	 0.9659	   1.4814	        1.4829	          0.0015	   1.4814	3.414e-04	   0.117	    55.962
  57	57	 5.3652	 0.9658	   1.4814	        1.4829	          0.0015	   1.4814	3.285e-04	   0.110	    57.006
  58	58	 5.3662	 0.9658	   1.4814	        1.4829	          0.0015	   1.4814	3.167e-04	   0.121	    58.065
  59	59	 5.3671	 0.9658	   1.4814	        1.4829	          0.0015	   1.4814	3.059e-04	   0.125	    59.083
  60	60	 5.3680	 0.9658	   1.4814	        1.4829	          0.0015	   1.4814	2.959e-04	   0.120	    60.096
  61	61	 5.3690	 0.9657	   1.4814	        1.4829	          0.0015	   1.4814	2.868e-04	   0.114	    61.129
  62	62	 5.3699	 0.9657	   1.4814	        1.4829	          0.0015	   1.4814	2.784e-04	   0.116	    62.200
  63	63	 5.3707	 0.9657	   1.4814	        1.4829	          0.0015	   1.4814	2.707e-04	   0.127	    63.237
  64	64	 5.3716	 0.9657	   1.4814	        1.4829	          0.0015	   1.4814	2.636e-04	   0.123	    64.242
  65	65	 5.3725	 0.9657	   1.4814	        1.4829	          0.0015	   1.4814	2.571e-04	   0.112	    65.239
  66	66	 5.3733	 0.9657	   1.4814	        1.4829	          0.0015	   1.4814	2.511e-04	   0.113	    66.239
  67	67	 5.3741	 0.9656	   1.4814	        1.4829	          0.0015	   1.4814	2.455e-04	   0.115	    67.268
  68	68	 5.3749	 0.9656	   1.4814	        1.4829	          0.0015	   1.4814	2.404e-04	   0.121	    68.294
  69	69	 5.3757	 0.9656	   1.4814	        1.4829	          0.0015	   1.4814	2.357e-04	   0.126	    69.300
  70	70	 5.3765	 0.9656	   1.4814	        1.4829	          0.0015	   1.4814	2.313e-04	   0.115	    70.296
  71	71	 5.3773	 0.9656	   1.4814	        1.4829	          0.0015	   1.4814	2.272e-04	   0.110	    71.316
  72	72	 5.3780	 0.9656	   1.4814	        1.4829	          0.0015	   1.4814	2.235e-04	   0.113	    72.327
  73	73	 5.3787	 0.9656	   1.4814	        1.4829	          0.0015	   1.4814	2.200e-04	   0.122	    73.351
  74	74	 5.3795	 0.9656	   1.4814	        1.4829	          0.0015	   1.4814	2.167e-04	   0.124	    74.356
  75	75	 5.3802	 0.9655	   1.4814	        1.4829	          0.0015	   1.4814	2.137e-04	   0.121	    75.377
  76	76	 5.3809	 0.9655	   1.4814	        1.4829	          0.0015	   1.4814	2.109e-04	   0.115	    76.421
  77	77	 5.3816	 0.9655	   1.4814	        1.4829	          0.0015	   1.4814	2.083e-04	   0.120	    77.500
  78	78	 5.3823	 0.9655	   1.4814	        1.4829	          0.0015	   1.4814	2.059e-04	   0.124	    78.562
  79	79	 5.3829	 0.9655	   1.4814	        1.4829	          0.0015	   1.4814	2.036e-04	   0.133	    79.598
  80	80	 5.3836	 0.9655	   1.4814	        1.4829	          0.0015	   1.4814	2.015e-04	   0.123	    80.655
  81	81	 5.3843	 0.9655	   1.4814	        1.4829	          0.0015	   1.4814	1.995e-04	   0.128	    81.767
  82	82	 5.3849	 0.9655	   1.4814	        1.4829	          0.0015	   1.4814	1.976e-04	   0.119	    82.827
  83	83	 5.3855	 0.9655	   1.4814	        1.4829	          0.0015	   1.4814	1.959e-04	   0.130	    83.897
  84	84	 5.3862	 0.9655	   1.4814	        1.4829	          0.0015	   1.4814	1.943e-04	   0.137	    84.970
  85	85	 5.3868	 0.9655	   1.4814	        1.4829	          0.0015	   1.4814	1.927e-04	   0.115	    86.003
  86	86	 5.3874	 0.9655	   1.4814	        1.4829	          0.0015	   1.4814	1.913e-04	   0.113	    87.004
  87	87	 5.3880	 0.9655	   1.4814	        1.4829	          0.0015	   1.4814	1.899e-04	   0.116	    88.028
  88	88	 5.3886	 0.9655	   1.4814	        1.4829	          0.0015	   1.4814	1.886e-04	   0.126	    89.060
  89	89	 5.3892	 0.9655	   1.4814	        1.4829	          0.0015	   1.4814	1.874e-04	   0.126	    90.063
  90	90	 5.3897	 0.9654	   1.4814	        1.4829	          0.0015	   1.4814	1.862e-04	   0.114	    91.058
  91	91	 5.3903	 0.9654	   1.4814	        1.4829	          0.0015	   1.4814	1.851e-04	   0.110	    92.080
  92	92	 5.3909	 0.9654	   1.4814	        1.4829	          0.0015	   1.4814	1.841e-04	   0.115	    93.094
  93	93	 5.3914	 0.9654	   1.4814	        1.4829	          0.0015	   1.4814	1.831e-04	   0.120	    94.113
  94	94	 5.3920	 0.9654	   1.4814	        1.4829	          0.0015	   1.4814	1.821e-04	   0.126	    95.121
  95	95	 5.3925	 0.9654	   1.4814	        1.4829	          0.0015	   1.4814	1.812e-04	   0.114	    96.115
  96	96	 5.3930	 0.9654	   1.4814	        1.4829	          0.0015	   1.4814	1.804e-04	   0.113	    97.114
  97	97	 5.3936	 0.9654	   1.4814	        1.4829	          0.0015	   1.4814	1.795e-04	   0.119	    98.159
  98	98	 5.3941	 0.9654	   1.4814	        1.4829	          0.0015	   1.4814	1.788e-04	   0.127	    99.221
  99	99	 5.3946	 0.9654	   1.4814	        1.4829	          0.0015	   1.4814	1.780e-04	   0.130	   100.241
 100	100	 5.3951	 0.9654	   1.4814	        1.4829	          0.0015	   1.4814	1.773e-04	   0.118	   101.242
 101	101	 5.3956	 0.9654	   1.4814	        1.4829	          0.0015	   1.4814	1.766e-04	   0.115	   102.318
 102	102	 5.3961	 0.9654	   1.4814	        1.4829	          0.0015	   1.4814	1.759e-04	   0.118	   103.351
 103	103	 5.3966	 0.9654	   1.4814	        1.4829	          0.0015	   1.4814	1.753e-04	   0.124	   104.385
 104	104	 5.3971	 0.9654	   1.4814	        1.4829	          0.0015	   1.4814	1.747e-04	   0.125	   105.398
 105	105	 5.3975	 0.9654	   1.4814	        1.4829	          0.0015	   1.4814	1.741e-04	   0.114	   106.395
 106	106	 5.3980	 0.9654	   1.4814	        1.4829	          0.0015	   1.4814	1.735e-04	   0.111	   107.393
 107	107	 5.3985	 0.9654	   1.4814	        1.4829	          0.0015	   1.4814	1.729e-04	   0.120	   108.414
 108	108	 5.3989	 0.9654	   1.4814	        1.4829	          0.0015	   1.4814	1.724e-04	   0.123	   109.447
 109	109	 5.3994	 0.9654	   1.4814	        1.4829	          0.0015	   1.4814	1.719e-04	   0.127	   110.455
 110	110	 5.3998	 0.9654	   1.4814	        1.4829	          0.0015	   1.4814	1.714e-04	   0.113	   111.453
 111	111	 5.4003	 0.9654	   1.4814	        1.4829	          0.0015	   1.4814	1.709e-04	   0.111	   112.473
 112	112	 5.4007	 0.9654	   1.4814	        1.4829	          0.0015	   1.4814	1.704e-04	   0.114	   113.483
 113	113	 5.4012	 0.9654	   1.4814	        1.4829	          0.0015	   1.4814	1.700e-04	   0.115	   114.505
 114	114	 5.4016	 0.9654	   1.4814	        1.4829	          0.0015	   1.4814	1.695e-04	   0.134	   115.539
 115	115	 5.4020	 0.9654	   1.4814	        1.4829	          0.0015	   1.4814	1.691e-04	   0.112	   116.582
 116	116	 5.4024	 0.9654	   1.4814	        1.4829	          0.0015	   1.4814	1.687e-04	   0.110	   117.576
 117	117	 5.4029	 0.9654	   1.4814	        1.4829	          0.0015	   1.4814	1.683e-04	   0.119	   118.617
 118	118	 5.4033	 0.9654	   1.4814	        1.4829	          0.0015	   1.4814	1.679e-04	   0.131	   119.703
 119	119	 5.4037	 0.9654	   1.4814	        1.4829	          0.0015	   1.4814	1.675e-04	   0.129	   120.774
 120	120	 5.4041	 0.9654	   1.4814	        1.4829	          0.0015	   1.4814	1.671e-04	   0.119	   121.821
 121	121	 5.4045	 0.9654	   1.4814	        1.4829	          0.0015	   1.4814	1.667e-04	   0.113	   122.880
 122	122	 5.4049	 0.9654	   1.4814	        1.4829	          0.0015	   1.4814	1.663e-04	   0.122	   123.914
 123	123	 5.4053	 0.9654	   1.4814	        1.4829	          0.0015	   1.4814	1.660e-04	   0.122	   124.947
 124	124	 5.4057	 0.9654	   1.4814	        1.4829	          0.0015	   1.4814	1.656e-04	   0.126	   125.965
 125	125	 5.4061	 0.9654	   1.4814	        1.4829	          0.0015	   1.4814	1.653e-04	   0.118	   126.964
 126	126	 5.4065	 0.9654	   1.4814	        1.4829	          0.0015	   1.4814	1.650e-04	   0.112	   127.960
 127	127	 5.4068	 0.9654	   1.4814	        1.4829	          0.0015	   1.4814	1.646e-04	   0.117	   128.973
 128	128	 5.4072	 0.9654	   1.4814	        1.4829	          0.0015	   1.4814	1.643e-04	   0.126	   130.008
 129	129	 5.4076	 0.9654	   1.4814	        1.4829	          0.0015	   1.4814	1.640e-04	   0.128	   131.021
 130	130	 5.4080	 0.9654	   1.4814	        1.4829	          0.0015	   1.4814	1.637e-04	   0.117	   132.019
 131	131	 5.4083	 0.9654	   1.4814	        1.4829	          0.0015	   1.4814	1.634e-04	   0.112	   133.039
 132	132	 5.4087	 0.9654	   1.4814	        1.4829	          0.0015	   1.4814	1.631e-04	   0.114	   134.047
 133	133	 5.4090	 0.9654	   1.4814	        1.4829	          0.0015	   1.4814	1.628e-04	   0.118	   135.070
 134	134	 5.4094	 0.9654	   1.4814	        1.4829	          0.0015	   1.4814	1.625e-04	   0.125	   136.078
 135	135	 5.4098	 0.9654	   1.4814	        1.4829	          0.0015	   1.4814	1.622e-04	   0.115	   137.074
 136	136	 5.4101	 0.9654	   1.4814	        1.4829	          0.0015	   1.4814	1.619e-04	   0.110	   138.069
 137	137	 5.4105	 0.9654	   1.4814	        1.4829	          0.0015	   1.4814	1.616e-04	   0.117	   139.103
 138	138	 5.4108	 0.9654	   1.4814	        1.4829	          0.0015	   1.4814	1.614e-04	   0.131	   140.175
 139	139	 5.4111	 0.9654	   1.4814	        1.4829	          0.0015	   1.4814	1.611e-04	   0.129	   141.200
 140	140	 5.4115	 0.9654	   1.4814	        1.4829	          0.0015	   1.4814	1.608e-04	   0.112	   142.231
 141	141	 5.4118	 0.9654	   1.4814	        1.4829	          0.0015	   1.4814	1.606e-04	   0.110	   143.270
 142	142	 5.4121	 0.9654	   1.4814	        1.4829	          0.0015	   1.4814	1.603e-04	   0.119	   144.299
 143	143	 5.4125	 0.9653	   1.4814	        1.4829	          0.0015	   1.4814	1.601e-04	   0.118	   145.335
 144	144	 5.4128	 0.9653	   1.4814	        1.4829	          0.0015	   1.4814	1.598e-04	   0.126	   146.357
 145	145	 5.4131	 0.9653	   1.4814	        1.4829	          0.0015	   1.4814	1.596e-04	   0.117	   147.353
 146	146	 5.4134	 0.9653	   1.4814	        1.4829	          0.0015	   1.4814	1.593e-04	   0.109	   148.349
 147	147	 5.4138	 0.9653	   1.4814	        1.4829	          0.0015	   1.4814	1.591e-04	   0.114	   149.362
 148	148	 5.4141	 0.9653	   1.4814	        1.4829	          0.0015	   1.4814	1.588e-04	   0.132	   150.401
 149	149	 5.4144	 0.9653	   1.4814	        1.4829	          0.0015	   1.4814	1.586e-04	   0.124	   151.410
 150	150	 5.4147	 0.9653	   1.4814	        1.4829	          0.0015	   1.4814	1.584e-04	   0.114	   152.409
 151	151	 5.4150	 0.9653	   1.4814	        1.4829	          0.0015	   1.4814	1.581e-04	   0.113	   153.429
 152	152	 5.4153	 0.9653	   1.4814	        1.4829	          0.0015	   1.4814	1.579e-04	   0.115	   154.473
 153	153	 5.4156	 0.9653	   1.4814	        1.4829	          0.0015	   1.4814	1.577e-04	   0.123	   155.544
 154	154	 5.4159	 0.9653	   1.4814	        1.4829	          0.0015	   1.4814	1.575e-04	   0.124	   156.570
 155	155	 5.4162	 0.9653	   1.4814	        1.4829	          0.0015	   1.4814	1.572e-04	   0.115	   157.567
 156	156	 5.4165	 0.9653	   1.4814	        1.4829	          0.0015	   1.4814	1.570e-04	   0.116	   158.596
 157	157	 5.4168	 0.9653	   1.4814	        1.4829	          0.0015	   1.4814	1.568e-04	   0.123	   159.673
 158	158	 5.4171	 0.9653	   1.4814	        1.4829	          0.0015	   1.4814	1.566e-04	   0.135	   160.765
 159	159	 5.4174	 0.9653	   1.4814	        1.4829	          0.0015	   1.4814	1.564e-04	   0.134	   161.880
 160	160	 5.4177	 0.9653	   1.4814	        1.4829	          0.0015	   1.4814	1.562e-04	   0.119	   162.954
 161	161	 5.4180	 0.9653	   1.4814	        1.4829	          0.0015	   1.4814	1.560e-04	   0.120	   164.040
 162	162	 5.4183	 0.9653	   1.4814	        1.4829	          0.0015	   1.4814	1.558e-04	   0.117	   165.091
 163	163	 5.4185	 0.9653	   1.4814	        1.4829	          0.0015	   1.4814	1.556e-04	   0.118	   166.132
 164	164	 5.4188	 0.9653	   1.4814	        1.4829	          0.0015	   1.4814	1.554e-04	   0.125	   167.149
 165	165	 5.4191	 0.9653	   1.4814	        1.4829	          0.0015	   1.4814	1.552e-04	   0.113	   168.147
 166	166	 5.4194	 0.9653	   1.4814	        1.4829	          0.0015	   1.4814	1.550e-04	   0.107	   169.144
 167	167	 5.4196	 0.9653	   1.4814	        1.4829	          0.0015	   1.4814	1.548e-04	   0.116	   170.158
 168	168	 5.4199	 0.9653	   1.4814	        1.4829	          0.0015	   1.4814	1.546e-04	   0.127	   171.186
 169	169	 5.4202	 0.9653	   1.4814	        1.4829	          0.0015	   1.4814	1.544e-04	   0.123	   172.204
 170	170	 5.4205	 0.9653	   1.4814	        1.4829	          0.0015	   1.4814	1.542e-04	   0.117	   173.206
 171	171	 5.4207	 0.9653	   1.4814	        1.4829	          0.0015	   1.4814	1.540e-04	   0.119	   174.226
 172	172	 5.4210	 0.9653	   1.4814	        1.4829	          0.0015	   1.4814	1.538e-04	   0.113	   175.233
 173	173	 5.4212	 0.9653	   1.4814	        1.4829	          0.0015	   1.4814	1.536e-04	   0.119	   176.259
 174	174	 5.4215	 0.9653	   1.4814	        1.4829	          0.0015	   1.4814	1.535e-04	   0.128	   177.264
 175	175	 5.4218	 0.9653	   1.4814	        1.4829	          0.0015	   1.4814	1.533e-04	   0.113	   178.261
 176	176	 5.4220	 0.9653	   1.4814	        1.4829	          0.0015	   1.4814	1.531e-04	   0.110	   179.257
 177	177	 5.4223	 0.9653	   1.4814	        1.4829	          0.0015	   1.4814	1.529e-04	   0.122	   180.282
 178	178	 5.4225	 0.9653	   1.4814	        1.4829	          0.0015	   1.4814	1.527e-04	   0.136	   181.351
 179	179	 5.4228	 0.9653	   1.4814	        1.4829	          0.0015	   1.4814	1.526e-04	   0.123	   182.420
 180	180	 5.4230	 0.9653	   1.4814	        1.4829	          0.0015	   1.4814	1.524e-04	   0.110	   183.418
 181	181	 5.4233	 0.9653	   1.4814	        1.4829	          0.0015	   1.4814	1.522e-04	   0.119	   184.458
 182	182	 5.4235	 0.9653	   1.4814	        1.4829	          0.0015	   1.4814	1.521e-04	   0.113	   185.481
 183	183	 5.4238	 0.9653	   1.4814	        1.4829	          0.0015	   1.4814	1.519e-04	   0.118	   186.524
 184	184	 5.4240	 0.9653	   1.4814	        1.4829	          0.0015	   1.4814	1.517e-04	   0.126	   187.543
 185	185	 5.4243	 0.9653	   1.4814	        1.4829	          0.0015	   1.4814	1.515e-04	   0.113	   188.539
 186	186	 5.4245	 0.9653	   1.4814	        1.4829	          0.0015	   1.4814	1.514e-04	   0.109	   189.540
 187	187	 5.4247	 0.9653	   1.4814	        1.4829	          0.0015	   1.4814	1.512e-04	   0.112	   190.549
 188	188	 5.4250	 0.9653	   1.4814	        1.4829	          0.0015	   1.4814	1.511e-04	   0.123	   191.575
 189	189	 5.4252	 0.9653	   1.4814	        1.4829	          0.0015	   1.4814	1.509e-04	   0.123	   192.597
 190	190	 5.4254	 0.9653	   1.4814	        1.4829	          0.0015	   1.4814	1.507e-04	   0.114	   193.597
 191	191	 5.4257	 0.9653	   1.4814	        1.4829	          0.0015	   1.4814	1.506e-04	   0.124	   194.657
 192	192	 5.4259	 0.9653	   1.4814	        1.4829	          0.0015	   1.4814	1.504e-04	   0.112	   195.695
 193	193	 5.4261	 0.9653	   1.4814	        1.4829	          0.0015	   1.4814	1.503e-04	   0.125	   196.721
 194	194	 5.4264	 0.9653	   1.4814	        1.4829	          0.0015	   1.4814	1.501e-04	   0.125	   197.725
 195	195	 5.4266	 0.9653	   1.4814	        1.4829	          0.0015	   1.4814	1.499e-04	   0.117	   198.759
 196	196	 5.4268	 0.9653	   1.4814	        1.4829	          0.0015	   1.4814	1.498e-04	   0.110	   199.789
 197	197	 5.4270	 0.9653	   1.4814	        1.4829	          0.0015	   1.4814	1.496e-04	   0.125	   200.815
 198	198	 5.4273	 0.9653	   1.4814	        1.4829	          0.0015	   1.4814	1.495e-04	   0.127	   201.920
 199	199	 5.4275	 0.9653	   1.4814	        1.4829	          0.0015	   1.4814	1.493e-04	   0.127	   202.986
 200	200	 5.4277	 0.9653	   1.4814	        1.4829	          0.0015	   1.4814	1.492e-04	   0.166	   204.003

[BSGD] Finished on device cuda -> σ_f² ≈ 5.4277, σ_ε² ≈ 0.9653
