[GPU 1][JOB 178] 'python cli.py bsgd --n 1024 --lengthscale 0.5 --sigma-f2-true 4.0 --sigma-eps2-true 1.0 --n-epochs 200 --device auto --kernel-mode finite --theta-min 1e-4 --theta-max 20.0 --print-every 1 --seed 7 --batch-size 1024 --sigma-f2-init 5.0 --sigma-eps2-init 3.0 --alpha1 6.0 '

=== BSGD (biased SGD on exact kernel) ===
iter	epoch	σ_f²	σ_ε²	real_nlml	real_nlml_true	real_nlml_abs_err	mini_nlml	||grad||	duration_s	wall_time_s
   1	 1	 4.6025	 2.3653	   1.6311	        1.5011	          0.1300	   1.6311	1.154e-01	   0.279	     0.392
   2	 2	 4.4142	 2.0192	   1.5904	        1.5011	          0.0893	   1.5904	1.173e-01	   0.077	     1.092
   3	 3	 4.2939	 1.7846	   1.5630	        1.5011	          0.0619	   1.5630	1.147e-01	   0.108	     1.997
   4	 4	 4.2068	 1.6125	   1.5436	        1.5011	          0.0425	   1.5436	1.086e-01	   0.104	     2.961
   5	 5	 4.1394	 1.4823	   1.5299	        1.5011	          0.0288	   1.5299	9.989e-02	   0.113	     3.967
   6	 6	 4.0847	 1.3824	   1.5204	        1.5011	          0.0193	   1.5204	8.965e-02	   0.109	     4.973
   7	 7	 4.0392	 1.3056	   1.5138	        1.5011	          0.0127	   1.5138	7.879e-02	   0.102	     5.963
   8	 8	 4.0003	 1.2465	   1.5094	        1.5011	          0.0083	   1.5094	6.811e-02	   0.111	     6.979
   9	 9	 3.9665	 1.2011	   1.5065	        1.5011	          0.0054	   1.5065	5.820e-02	   0.105	     7.974
  10	10	 3.9367	 1.1662	   1.5046	        1.5011	          0.0035	   1.5046	4.937e-02	   0.123	     8.998
  11	11	 3.9102	 1.1392	   1.5033	        1.5011	          0.0023	   1.5033	4.174e-02	   0.110	    10.014
  12	12	 3.8863	 1.1184	   1.5025	        1.5011	          0.0014	   1.5025	3.527e-02	   0.100	    11.041
  13	13	 3.8647	 1.1021	   1.5020	        1.5011	          0.0009	   1.5020	2.987e-02	   0.116	    12.056
  14	14	 3.8449	 1.0893	   1.5016	        1.5011	          0.0005	   1.5016	2.538e-02	   0.099	    13.045
  15	15	 3.8268	 1.0792	   1.5013	        1.5011	          0.0002	   1.5013	2.167e-02	   0.115	    14.043
  16	16	 3.8101	 1.0710	   1.5012	        1.5011	          0.0001	   1.5012	1.859e-02	   0.109	    15.043
  17	17	 3.7945	 1.0645	   1.5010	        1.5011	          0.0001	   1.5010	1.604e-02	   0.100	    16.030
  18	18	 3.7801	 1.0592	   1.5009	        1.5011	          0.0001	   1.5009	1.391e-02	   0.117	    17.041
  19	19	 3.7666	 1.0548	   1.5009	        1.5011	          0.0002	   1.5009	1.213e-02	   0.100	    18.028
  20	20	 3.7539	 1.0511	   1.5008	        1.5011	          0.0003	   1.5008	1.064e-02	   0.126	    19.069
  21	21	 3.7420	 1.0481	   1.5008	        1.5011	          0.0003	   1.5008	9.372e-03	   0.117	    20.153
  22	22	 3.7307	 1.0456	   1.5008	        1.5011	          0.0003	   1.5008	8.300e-03	   0.109	    21.214
  23	23	 3.7201	 1.0434	   1.5007	        1.5011	          0.0004	   1.5007	7.385e-03	   0.117	    22.269
  24	24	 3.7100	 1.0416	   1.5007	        1.5011	          0.0004	   1.5007	6.600e-03	   0.101	    23.272
  25	25	 3.7005	 1.0400	   1.5007	        1.5011	          0.0004	   1.5007	5.924e-03	   0.114	    24.267
  26	26	 3.6914	 1.0386	   1.5007	        1.5011	          0.0004	   1.5007	5.339e-03	   0.107	    25.268
  27	27	 3.6827	 1.0375	   1.5007	        1.5011	          0.0004	   1.5007	4.831e-03	   0.103	    26.257
  28	28	 3.6744	 1.0365	   1.5007	        1.5011	          0.0004	   1.5007	4.387e-03	   0.114	    27.266
  29	29	 3.6665	 1.0356	   1.5006	        1.5011	          0.0005	   1.5006	3.998e-03	   0.100	    28.254
  30	30	 3.6589	 1.0348	   1.5006	        1.5011	          0.0005	   1.5006	3.657e-03	   0.114	    29.252
  31	31	 3.6516	 1.0341	   1.5006	        1.5011	          0.0005	   1.5006	3.355e-03	   0.111	    30.288
  32	32	 3.6447	 1.0335	   1.5006	        1.5011	          0.0005	   1.5006	3.088e-03	   0.108	    31.299
  33	33	 3.6380	 1.0329	   1.5006	        1.5011	          0.0005	   1.5006	2.851e-03	   0.113	    32.337
  34	34	 3.6315	 1.0324	   1.5006	        1.5011	          0.0005	   1.5006	2.640e-03	   0.102	    33.328
  35	35	 3.6253	 1.0320	   1.5006	        1.5011	          0.0005	   1.5006	2.452e-03	   0.111	    34.323
  36	36	 3.6193	 1.0316	   1.5006	        1.5011	          0.0005	   1.5006	2.284e-03	   0.111	    35.325
  37	37	 3.6135	 1.0313	   1.5006	        1.5011	          0.0005	   1.5006	2.133e-03	   0.095	    36.311
  38	38	 3.6079	 1.0309	   1.5006	        1.5011	          0.0005	   1.5006	1.997e-03	   0.116	    37.321
  39	39	 3.6025	 1.0307	   1.5006	        1.5011	          0.0005	   1.5006	1.875e-03	   0.105	    38.316
  40	40	 3.5973	 1.0304	   1.5006	        1.5011	          0.0005	   1.5006	1.764e-03	   0.116	    39.355
  41	41	 3.5922	 1.0302	   1.5006	        1.5011	          0.0005	   1.5006	1.665e-03	   0.122	    40.457
  42	42	 3.5873	 1.0299	   1.5006	        1.5011	          0.0005	   1.5006	1.574e-03	   0.101	    41.505
  43	43	 3.5825	 1.0297	   1.5006	        1.5011	          0.0005	   1.5006	1.492e-03	   0.123	    42.596
  44	44	 3.5779	 1.0296	   1.5006	        1.5011	          0.0005	   1.5006	1.418e-03	   0.101	    43.652
  45	45	 3.5734	 1.0294	   1.5006	        1.5011	          0.0005	   1.5006	1.350e-03	   0.113	    44.653
  46	46	 3.5691	 1.0292	   1.5006	        1.5011	          0.0005	   1.5006	1.288e-03	   0.110	    45.657
  47	47	 3.5648	 1.0291	   1.5006	        1.5011	          0.0005	   1.5006	1.232e-03	   0.100	    46.646
  48	48	 3.5607	 1.0290	   1.5005	        1.5011	          0.0005	   1.5005	1.181e-03	   0.117	    47.652
  49	49	 3.5567	 1.0289	   1.5005	        1.5011	          0.0005	   1.5005	1.134e-03	   0.098	    48.641
  50	50	 3.5528	 1.0287	   1.5005	        1.5011	          0.0006	   1.5005	1.091e-03	   0.116	    49.638
  51	51	 3.5490	 1.0286	   1.5005	        1.5011	          0.0006	   1.5005	1.051e-03	   0.115	    50.674
  52	52	 3.5453	 1.0286	   1.5005	        1.5011	          0.0006	   1.5005	1.015e-03	   0.104	    51.675
  53	53	 3.5416	 1.0285	   1.5005	        1.5011	          0.0006	   1.5005	9.821e-04	   0.122	    52.725
  54	54	 3.5381	 1.0284	   1.5005	        1.5011	          0.0006	   1.5005	9.515e-04	   0.099	    53.712
  55	55	 3.5347	 1.0283	   1.5005	        1.5011	          0.0006	   1.5005	9.234e-04	   0.118	    54.715
  56	56	 3.5313	 1.0282	   1.5005	        1.5011	          0.0006	   1.5005	8.974e-04	   0.112	    55.712
  57	57	 3.5280	 1.0282	   1.5005	        1.5011	          0.0006	   1.5005	8.735e-04	   0.099	    56.699
  58	58	 3.5248	 1.0281	   1.5005	        1.5011	          0.0006	   1.5005	8.513e-04	   0.115	    57.707
  59	59	 3.5217	 1.0280	   1.5005	        1.5011	          0.0006	   1.5005	8.308e-04	   0.103	    58.698
  60	60	 3.5186	 1.0280	   1.5005	        1.5011	          0.0006	   1.5005	8.118e-04	   0.113	    59.733
  61	61	 3.5156	 1.0279	   1.5005	        1.5011	          0.0006	   1.5005	7.942e-04	   0.116	    60.802
  62	62	 3.5126	 1.0279	   1.5005	        1.5011	          0.0006	   1.5005	7.778e-04	   0.100	    61.853
  63	63	 3.5098	 1.0278	   1.5005	        1.5011	          0.0006	   1.5005	7.626e-04	   0.120	    62.931
  64	64	 3.5069	 1.0278	   1.5005	        1.5011	          0.0006	   1.5005	7.484e-04	   0.104	    63.942
  65	65	 3.5042	 1.0278	   1.5005	        1.5011	          0.0006	   1.5005	7.352e-04	   0.110	    64.934
  66	66	 3.5015	 1.0277	   1.5005	        1.5011	          0.0006	   1.5005	7.228e-04	   0.110	    65.937
  67	67	 3.4988	 1.0277	   1.5005	        1.5011	          0.0006	   1.5005	7.113e-04	   0.098	    66.924
  68	68	 3.4962	 1.0277	   1.5005	        1.5011	          0.0006	   1.5005	7.005e-04	   0.116	    67.933
  69	69	 3.4937	 1.0276	   1.5005	        1.5011	          0.0006	   1.5005	6.903e-04	   0.102	    68.924
  70	70	 3.4912	 1.0276	   1.5005	        1.5011	          0.0006	   1.5005	6.808e-04	   0.112	    69.919
  71	71	 3.4887	 1.0276	   1.5005	        1.5011	          0.0006	   1.5005	6.718e-04	   0.117	    70.945
  72	72	 3.4863	 1.0275	   1.5005	        1.5011	          0.0006	   1.5005	6.633e-04	   0.096	    71.951
  73	73	 3.4840	 1.0275	   1.5005	        1.5011	          0.0006	   1.5005	6.554e-04	   0.125	    73.000
  74	74	 3.4816	 1.0275	   1.5005	        1.5011	          0.0006	   1.5005	6.478e-04	   0.101	    73.997
  75	75	 3.4793	 1.0275	   1.5005	        1.5011	          0.0006	   1.5005	6.407e-04	   0.115	    75.000
  76	76	 3.4771	 1.0274	   1.5005	        1.5011	          0.0006	   1.5005	6.340e-04	   0.120	    76.066
  77	77	 3.4749	 1.0274	   1.5005	        1.5011	          0.0006	   1.5005	6.276e-04	   0.101	    77.103
  78	78	 3.4727	 1.0274	   1.5005	        1.5011	          0.0006	   1.5005	6.215e-04	   0.119	    78.132
  79	79	 3.4706	 1.0274	   1.5005	        1.5011	          0.0006	   1.5005	6.157e-04	   0.105	    79.157
  80	80	 3.4685	 1.0274	   1.5005	        1.5011	          0.0006	   1.5005	6.102e-04	   0.113	    80.183
  81	81	 3.4665	 1.0273	   1.5005	        1.5011	          0.0006	   1.5005	6.049e-04	   0.120	    81.245
  82	82	 3.4644	 1.0273	   1.5005	        1.5011	          0.0006	   1.5005	5.999e-04	   0.111	    82.355
  83	83	 3.4625	 1.0273	   1.5005	        1.5011	          0.0006	   1.5005	5.951e-04	   0.129	    83.502
  84	84	 3.4605	 1.0273	   1.5005	        1.5011	          0.0006	   1.5005	5.905e-04	   0.109	    84.592
  85	85	 3.4586	 1.0273	   1.5005	        1.5011	          0.0006	   1.5005	5.861e-04	   0.113	    85.626
  86	86	 3.4567	 1.0273	   1.5005	        1.5011	          0.0006	   1.5005	5.818e-04	   0.109	    86.628
  87	87	 3.4548	 1.0273	   1.5005	        1.5011	          0.0006	   1.5005	5.777e-04	   0.103	    87.620
  88	88	 3.4530	 1.0272	   1.5005	        1.5011	          0.0006	   1.5005	5.738e-04	   0.116	    88.628
  89	89	 3.4512	 1.0272	   1.5005	        1.5011	          0.0006	   1.5005	5.701e-04	   0.102	    89.617
  90	90	 3.4494	 1.0272	   1.5005	        1.5011	          0.0006	   1.5005	5.664e-04	   0.111	    90.610
  91	91	 3.4476	 1.0272	   1.5005	        1.5011	          0.0006	   1.5005	5.629e-04	   0.114	    91.629
  92	92	 3.4459	 1.0272	   1.5005	        1.5011	          0.0006	   1.5005	5.595e-04	   0.097	    92.647
  93	93	 3.4442	 1.0272	   1.5005	        1.5011	          0.0006	   1.5005	5.562e-04	   0.123	    93.688
  94	94	 3.4425	 1.0272	   1.5005	        1.5011	          0.0006	   1.5005	5.530e-04	   0.102	    94.691
  95	95	 3.4408	 1.0272	   1.5005	        1.5011	          0.0006	   1.5005	5.500e-04	   0.109	    95.684
  96	96	 3.4392	 1.0272	   1.5005	        1.5011	          0.0006	   1.5005	5.470e-04	   0.111	    96.688
  97	97	 3.4376	 1.0272	   1.5005	        1.5011	          0.0006	   1.5005	5.441e-04	   0.098	    97.675
  98	98	 3.4360	 1.0271	   1.5005	        1.5011	          0.0006	   1.5005	5.412e-04	   0.115	    98.682
  99	99	 3.4344	 1.0271	   1.5005	        1.5011	          0.0006	   1.5005	5.385e-04	   0.105	    99.714
 100	100	 3.4329	 1.0271	   1.5005	        1.5011	          0.0006	   1.5005	5.358e-04	   0.110	   100.707
 101	101	 3.4314	 1.0271	   1.5005	        1.5011	          0.0006	   1.5005	5.332e-04	   0.120	   101.760
 102	102	 3.4299	 1.0271	   1.5005	        1.5011	          0.0006	   1.5005	5.307e-04	   0.111	   102.812
 103	103	 3.4284	 1.0271	   1.5005	        1.5011	          0.0006	   1.5005	5.282e-04	   0.124	   103.885
 104	104	 3.4269	 1.0271	   1.5005	        1.5011	          0.0006	   1.5005	5.258e-04	   0.102	   104.914
 105	105	 3.4255	 1.0271	   1.5005	        1.5011	          0.0006	   1.5005	5.234e-04	   0.113	   105.909
 106	106	 3.4240	 1.0271	   1.5005	        1.5011	          0.0006	   1.5005	5.211e-04	   0.106	   106.910
 107	107	 3.4226	 1.0271	   1.5005	        1.5011	          0.0006	   1.5005	5.189e-04	   0.099	   107.898
 108	108	 3.4212	 1.0271	   1.5005	        1.5011	          0.0006	   1.5005	5.167e-04	   0.114	   108.907
 109	109	 3.4199	 1.0271	   1.5005	        1.5011	          0.0006	   1.5005	5.145e-04	   0.102	   109.899
 110	110	 3.4185	 1.0271	   1.5005	        1.5011	          0.0006	   1.5005	5.124e-04	   0.115	   110.894
 111	111	 3.4172	 1.0271	   1.5005	        1.5011	          0.0006	   1.5005	5.103e-04	   0.114	   111.904
 112	112	 3.4158	 1.0271	   1.5005	        1.5011	          0.0006	   1.5005	5.083e-04	   0.099	   112.927
 113	113	 3.4145	 1.0270	   1.5005	        1.5011	          0.0006	   1.5005	5.063e-04	   0.117	   113.960
 114	114	 3.4132	 1.0270	   1.5005	        1.5011	          0.0006	   1.5005	5.044e-04	   0.102	   114.970
 115	115	 3.4120	 1.0270	   1.5005	        1.5011	          0.0006	   1.5005	5.024e-04	   0.113	   115.966
 116	116	 3.4107	 1.0270	   1.5005	        1.5011	          0.0006	   1.5005	5.005e-04	   0.108	   116.967
 117	117	 3.4095	 1.0270	   1.5005	        1.5011	          0.0006	   1.5005	4.987e-04	   0.100	   117.955
 118	118	 3.4082	 1.0270	   1.5005	        1.5011	          0.0006	   1.5005	4.969e-04	   0.118	   119.005
 119	119	 3.4070	 1.0270	   1.5005	        1.5011	          0.0006	   1.5005	4.951e-04	   0.108	   120.027
 120	120	 3.4058	 1.0270	   1.5005	        1.5011	          0.0006	   1.5005	4.933e-04	   0.112	   121.020
 121	121	 3.4046	 1.0270	   1.5005	        1.5011	          0.0006	   1.5005	4.916e-04	   0.127	   122.115
 122	122	 3.4034	 1.0270	   1.5005	        1.5011	          0.0006	   1.5005	4.899e-04	   0.106	   123.183
 123	123	 3.4023	 1.0270	   1.5005	        1.5011	          0.0006	   1.5005	4.882e-04	   0.117	   124.256
 124	124	 3.4011	 1.0270	   1.5005	        1.5011	          0.0006	   1.5005	4.865e-04	   0.110	   125.300
 125	125	 3.4000	 1.0270	   1.5005	        1.5011	          0.0006	   1.5005	4.849e-04	   0.113	   126.293
 126	126	 3.3988	 1.0270	   1.5005	        1.5011	          0.0006	   1.5005	4.833e-04	   0.110	   127.295
 127	127	 3.3977	 1.0270	   1.5005	        1.5011	          0.0006	   1.5005	4.817e-04	   0.096	   128.282
 128	128	 3.3966	 1.0270	   1.5005	        1.5011	          0.0006	   1.5005	4.801e-04	   0.119	   129.293
 129	129	 3.3955	 1.0270	   1.5005	        1.5011	          0.0006	   1.5005	4.786e-04	   0.099	   130.280
 130	130	 3.3945	 1.0270	   1.5005	        1.5011	          0.0006	   1.5005	4.771e-04	   0.113	   131.276
 131	131	 3.3934	 1.0270	   1.5005	        1.5011	          0.0006	   1.5005	4.756e-04	   0.111	   132.280
 132	132	 3.3923	 1.0270	   1.5005	        1.5011	          0.0006	   1.5005	4.741e-04	   0.096	   133.309
 133	133	 3.3913	 1.0270	   1.5005	        1.5011	          0.0006	   1.5005	4.726e-04	   0.119	   134.343
 134	134	 3.3903	 1.0270	   1.5005	        1.5011	          0.0006	   1.5005	4.712e-04	   0.098	   135.354
 135	135	 3.3892	 1.0270	   1.5005	        1.5011	          0.0006	   1.5005	4.697e-04	   0.113	   136.350
 136	136	 3.3882	 1.0270	   1.5005	        1.5011	          0.0006	   1.5005	4.683e-04	   0.108	   137.350
 137	137	 3.3872	 1.0270	   1.5004	        1.5011	          0.0006	   1.5004	4.669e-04	   0.102	   138.341
 138	138	 3.3862	 1.0270	   1.5004	        1.5011	          0.0006	   1.5004	4.655e-04	   0.116	   139.387
 139	139	 3.3852	 1.0270	   1.5004	        1.5011	          0.0006	   1.5004	4.642e-04	   0.101	   140.376
 140	140	 3.3843	 1.0270	   1.5004	        1.5011	          0.0006	   1.5004	4.628e-04	   0.114	   141.371
 141	141	 3.3833	 1.0270	   1.5004	        1.5011	          0.0006	   1.5004	4.615e-04	   0.114	   142.396
 142	142	 3.3823	 1.0270	   1.5004	        1.5011	          0.0006	   1.5004	4.602e-04	   0.107	   143.456
 143	143	 3.3814	 1.0270	   1.5004	        1.5011	          0.0006	   1.5004	4.589e-04	   0.124	   144.536
 144	144	 3.3805	 1.0270	   1.5004	        1.5011	          0.0006	   1.5004	4.576e-04	   0.107	   145.570
 145	145	 3.3795	 1.0270	   1.5004	        1.5011	          0.0006	   1.5004	4.563e-04	   0.114	   146.576
 146	146	 3.3786	 1.0270	   1.5004	        1.5011	          0.0007	   1.5004	4.550e-04	   0.104	   147.572
 147	147	 3.3777	 1.0270	   1.5004	        1.5011	          0.0007	   1.5004	4.538e-04	   0.103	   148.567
 148	148	 3.3768	 1.0270	   1.5004	        1.5011	          0.0007	   1.5004	4.526e-04	   0.118	   149.572
 149	149	 3.3759	 1.0270	   1.5004	        1.5011	          0.0007	   1.5004	4.513e-04	   0.104	   150.564
 150	150	 3.3750	 1.0269	   1.5004	        1.5011	          0.0007	   1.5004	4.501e-04	   0.114	   151.559
 151	151	 3.3741	 1.0269	   1.5004	        1.5011	          0.0007	   1.5004	4.489e-04	   0.114	   152.565
 152	152	 3.3733	 1.0269	   1.5004	        1.5011	          0.0007	   1.5004	4.477e-04	   0.105	   153.651
 153	153	 3.3724	 1.0269	   1.5004	        1.5011	          0.0007	   1.5004	4.465e-04	   0.126	   154.737
 154	154	 3.3715	 1.0269	   1.5004	        1.5011	          0.0007	   1.5004	4.454e-04	   0.102	   155.788
 155	155	 3.3707	 1.0269	   1.5004	        1.5011	          0.0007	   1.5004	4.442e-04	   0.112	   156.798
 156	156	 3.3699	 1.0269	   1.5004	        1.5011	          0.0007	   1.5004	4.431e-04	   0.112	   157.803
 157	157	 3.3690	 1.0269	   1.5004	        1.5011	          0.0007	   1.5004	4.419e-04	   0.101	   158.834
 158	158	 3.3682	 1.0269	   1.5004	        1.5011	          0.0007	   1.5004	4.408e-04	   0.120	   159.879
 159	159	 3.3674	 1.0269	   1.5004	        1.5011	          0.0007	   1.5004	4.397e-04	   0.109	   160.966
 160	160	 3.3666	 1.0269	   1.5004	        1.5011	          0.0007	   1.5004	4.386e-04	   0.127	   162.053
 161	161	 3.3658	 1.0269	   1.5004	        1.5011	          0.0007	   1.5004	4.375e-04	   0.121	   163.122
 162	162	 3.3650	 1.0269	   1.5004	        1.5011	          0.0007	   1.5004	4.364e-04	   0.106	   164.204
 163	163	 3.3642	 1.0269	   1.5004	        1.5011	          0.0007	   1.5004	4.354e-04	   0.126	   165.276
 164	164	 3.3634	 1.0269	   1.5004	        1.5011	          0.0007	   1.5004	4.343e-04	   0.099	   166.318
 165	165	 3.3626	 1.0269	   1.5004	        1.5011	          0.0007	   1.5004	4.332e-04	   0.116	   167.330
 166	166	 3.3619	 1.0269	   1.5004	        1.5011	          0.0007	   1.5004	4.322e-04	   0.109	   168.332
 167	167	 3.3611	 1.0269	   1.5004	        1.5011	          0.0007	   1.5004	4.311e-04	   0.099	   169.318
 168	168	 3.3603	 1.0269	   1.5004	        1.5011	          0.0007	   1.5004	4.301e-04	   0.115	   170.328
 169	169	 3.3596	 1.0269	   1.5004	        1.5011	          0.0007	   1.5004	4.291e-04	   0.099	   171.314
 170	170	 3.3588	 1.0269	   1.5004	        1.5011	          0.0007	   1.5004	4.281e-04	   0.114	   172.315
 171	171	 3.3581	 1.0269	   1.5004	        1.5011	          0.0007	   1.5004	4.271e-04	   0.108	   173.313
 172	172	 3.3574	 1.0269	   1.5004	        1.5011	          0.0007	   1.5004	4.261e-04	   0.101	   174.340
 173	173	 3.3567	 1.0269	   1.5004	        1.5011	          0.0007	   1.5004	4.251e-04	   0.121	   175.366
 174	174	 3.3559	 1.0269	   1.5004	        1.5011	          0.0007	   1.5004	4.241e-04	   0.103	   176.393
 175	175	 3.3552	 1.0269	   1.5004	        1.5011	          0.0007	   1.5004	4.231e-04	   0.106	   177.384
 176	176	 3.3545	 1.0269	   1.5004	        1.5011	          0.0007	   1.5004	4.222e-04	   0.107	   178.387
 177	177	 3.3538	 1.0269	   1.5004	        1.5011	          0.0007	   1.5004	4.212e-04	   0.095	   179.413
 178	178	 3.3531	 1.0269	   1.5004	        1.5011	          0.0007	   1.5004	4.203e-04	   0.115	   180.420
 179	179	 3.3524	 1.0269	   1.5004	        1.5011	          0.0007	   1.5004	4.193e-04	   0.103	   181.416
 180	180	 3.3517	 1.0269	   1.5004	        1.5011	          0.0007	   1.5004	4.184e-04	   0.110	   182.406
 181	181	 3.3510	 1.0269	   1.5004	        1.5011	          0.0007	   1.5004	4.174e-04	   0.116	   183.420
 182	182	 3.3504	 1.0269	   1.5004	        1.5011	          0.0007	   1.5004	4.165e-04	   0.104	   184.471
 183	183	 3.3497	 1.0269	   1.5004	        1.5011	          0.0007	   1.5004	4.156e-04	   0.119	   185.542
 184	184	 3.3490	 1.0269	   1.5004	        1.5011	          0.0007	   1.5004	4.147e-04	   0.106	   186.604
 185	185	 3.3484	 1.0269	   1.5004	        1.5011	          0.0007	   1.5004	4.138e-04	   0.109	   187.610
 186	186	 3.3477	 1.0269	   1.5004	        1.5011	          0.0007	   1.5004	4.129e-04	   0.111	   188.612
 187	187	 3.3471	 1.0269	   1.5004	        1.5011	          0.0007	   1.5004	4.120e-04	   0.096	   189.598
 188	188	 3.3464	 1.0269	   1.5004	        1.5011	          0.0007	   1.5004	4.111e-04	   0.119	   190.609
 189	189	 3.3458	 1.0269	   1.5004	        1.5011	          0.0007	   1.5004	4.102e-04	   0.101	   191.599
 190	190	 3.3451	 1.0269	   1.5004	        1.5011	          0.0007	   1.5004	4.094e-04	   0.112	   192.592
 191	191	 3.3445	 1.0269	   1.5004	        1.5011	          0.0007	   1.5004	4.085e-04	   0.111	   193.596
 192	192	 3.3439	 1.0269	   1.5004	        1.5011	          0.0007	   1.5004	4.077e-04	   0.101	   194.612
 193	193	 3.3432	 1.0269	   1.5004	        1.5011	          0.0007	   1.5004	4.068e-04	   0.125	   195.645
 194	194	 3.3426	 1.0269	   1.5004	        1.5011	          0.0007	   1.5004	4.060e-04	   0.108	   196.670
 195	195	 3.3420	 1.0269	   1.5004	        1.5011	          0.0007	   1.5004	4.051e-04	   0.115	   197.669
 196	196	 3.3414	 1.0269	   1.5004	        1.5011	          0.0007	   1.5004	4.043e-04	   0.114	   198.716
 197	197	 3.3408	 1.0269	   1.5004	        1.5011	          0.0007	   1.5004	4.034e-04	   0.106	   199.746
 198	198	 3.3402	 1.0269	   1.5004	        1.5011	          0.0007	   1.5004	4.026e-04	   0.112	   200.804
 199	199	 3.3396	 1.0269	   1.5004	        1.5011	          0.0007	   1.5004	4.018e-04	   0.100	   201.796
 200	200	 3.3390	 1.0269	   1.5004	        1.5011	          0.0007	   1.5004	4.010e-04	   0.108	   202.781

[BSGD] Finished on device cuda -> σ_f² ≈ 3.3390, σ_ε² ≈ 1.0269
