[GPU 3][JOB 180] 'python cli.py bsgd --n 1024 --lengthscale 0.5 --sigma-f2-true 4.0 --sigma-eps2-true 1.0 --n-epochs 200 --device auto --kernel-mode finite --theta-min 1e-4 --theta-max 20.0 --print-every 1 --seed 9 --batch-size 1024 --sigma-f2-init 5.0 --sigma-eps2-init 3.0 --alpha1 6.0 '

=== BSGD (biased SGD on exact kernel) ===
iter	epoch	σ_f²	σ_ε²	real_nlml	real_nlml_true	real_nlml_abs_err	mini_nlml	||grad||	duration_s	wall_time_s
   1	 1	 4.8692	 2.3730	   1.6428	        1.5186	          0.1242	   1.6428	1.133e-01	   0.357	     0.468
   2	 2	 4.8189	 2.0330	   1.6039	        1.5186	          0.0853	   1.6039	1.148e-01	   0.093	     1.191
   3	 3	 4.7909	 1.8034	   1.5778	        1.5186	          0.0592	   1.5778	1.119e-01	   0.114	     2.120
   4	 4	 4.7728	 1.6355	   1.5594	        1.5186	          0.0408	   1.5594	1.059e-01	   0.096	     3.103
   5	 5	 4.7602	 1.5084	   1.5464	        1.5186	          0.0279	   1.5464	9.760e-02	   0.108	     4.078
   6	 6	 4.7509	 1.4108	   1.5374	        1.5186	          0.0188	   1.5374	8.799e-02	   0.112	     5.088
   7	 7	 4.7437	 1.3354	   1.5311	        1.5186	          0.0125	   1.5311	7.788e-02	   0.105	     6.097
   8	 8	 4.7381	 1.2770	   1.5268	        1.5186	          0.0082	   1.5268	6.794e-02	   0.129	     7.130
   9	 9	 4.7336	 1.2317	   1.5239	        1.5186	          0.0054	   1.5239	5.868e-02	   0.106	     8.225
  10	10	 4.7299	 1.1965	   1.5220	        1.5186	          0.0034	   1.5220	5.037e-02	   0.123	     9.289
  11	11	 4.7267	 1.1690	   1.5207	        1.5186	          0.0021	   1.5207	4.310e-02	   0.110	    10.332
  12	12	 4.7241	 1.1475	   1.5199	        1.5186	          0.0013	   1.5199	3.687e-02	   0.117	    11.366
  13	13	 4.7217	 1.1305	   1.5193	        1.5186	          0.0007	   1.5193	3.159e-02	   0.120	    12.420
  14	14	 4.7197	 1.1169	   1.5189	        1.5186	          0.0003	   1.5189	2.714e-02	   0.104	    13.450
  15	15	 4.7179	 1.1061	   1.5186	        1.5186	          0.0000	   1.5186	2.342e-02	   0.119	    14.500
  16	16	 4.7162	 1.0973	   1.5184	        1.5186	          0.0002	   1.5184	2.029e-02	   0.104	    15.534
  17	17	 4.7147	 1.0901	   1.5183	        1.5186	          0.0003	   1.5183	1.766e-02	   0.115	    16.575
  18	18	 4.7134	 1.0842	   1.5182	        1.5186	          0.0004	   1.5182	1.545e-02	   0.116	    17.619
  19	19	 4.7121	 1.0794	   1.5181	        1.5186	          0.0005	   1.5181	1.357e-02	   0.121	    18.762
  20	20	 4.7109	 1.0753	   1.5181	        1.5186	          0.0005	   1.5181	1.199e-02	   0.123	    19.877
  21	21	 4.7098	 1.0719	   1.5180	        1.5186	          0.0006	   1.5180	1.063e-02	   0.111	    20.941
  22	22	 4.7088	 1.0690	   1.5180	        1.5186	          0.0006	   1.5180	9.469e-03	   0.119	    21.998
  23	23	 4.7079	 1.0665	   1.5180	        1.5186	          0.0006	   1.5180	8.469e-03	   0.115	    23.042
  24	24	 4.7070	 1.0644	   1.5180	        1.5186	          0.0006	   1.5180	7.605e-03	   0.103	    24.076
  25	25	 4.7061	 1.0626	   1.5179	        1.5186	          0.0006	   1.5179	6.854e-03	   0.114	    25.121
  26	26	 4.7053	 1.0610	   1.5179	        1.5186	          0.0007	   1.5179	6.200e-03	   0.114	    26.159
  27	27	 4.7046	 1.0596	   1.5179	        1.5186	          0.0007	   1.5179	5.626e-03	   0.115	    27.239
  28	28	 4.7039	 1.0584	   1.5179	        1.5186	          0.0007	   1.5179	5.122e-03	   0.117	    28.284
  29	29	 4.7032	 1.0573	   1.5179	        1.5186	          0.0007	   1.5179	4.677e-03	   0.127	    29.361
  30	30	 4.7025	 1.0564	   1.5179	        1.5186	          0.0007	   1.5179	4.282e-03	   0.112	    30.424
  31	31	 4.7019	 1.0556	   1.5179	        1.5186	          0.0007	   1.5179	3.932e-03	   0.117	    31.471
  32	32	 4.7013	 1.0548	   1.5179	        1.5186	          0.0007	   1.5179	3.619e-03	   0.113	    32.530
  33	33	 4.7007	 1.0542	   1.5179	        1.5186	          0.0007	   1.5179	3.339e-03	   0.120	    33.576
  34	34	 4.7001	 1.0536	   1.5179	        1.5186	          0.0007	   1.5179	3.088e-03	   0.106	    34.612
  35	35	 4.6996	 1.0531	   1.5179	        1.5186	          0.0007	   1.5179	2.861e-03	   0.123	    35.655
  36	36	 4.6991	 1.0526	   1.5179	        1.5186	          0.0007	   1.5179	2.657e-03	   0.117	    36.702
  37	37	 4.6986	 1.0521	   1.5179	        1.5186	          0.0007	   1.5179	2.472e-03	   0.113	    37.736
  38	38	 4.6981	 1.0518	   1.5179	        1.5186	          0.0007	   1.5179	2.305e-03	   0.128	    38.800
  39	39	 4.6976	 1.0514	   1.5179	        1.5186	          0.0007	   1.5179	2.152e-03	   0.118	    39.975
  40	40	 4.6972	 1.0511	   1.5179	        1.5186	          0.0007	   1.5179	2.013e-03	   0.122	    41.100
  41	41	 4.6967	 1.0508	   1.5179	        1.5186	          0.0007	   1.5179	1.886e-03	   0.116	    42.166
  42	42	 4.6963	 1.0505	   1.5179	        1.5186	          0.0007	   1.5179	1.770e-03	   0.124	    43.236
  43	43	 4.6959	 1.0503	   1.5179	        1.5186	          0.0007	   1.5179	1.663e-03	   0.120	    44.282
  44	44	 4.6955	 1.0500	   1.5179	        1.5186	          0.0007	   1.5179	1.565e-03	   0.106	    45.314
  45	45	 4.6951	 1.0498	   1.5179	        1.5186	          0.0007	   1.5179	1.475e-03	   0.129	    46.370
  46	46	 4.6947	 1.0496	   1.5179	        1.5186	          0.0007	   1.5179	1.391e-03	   0.116	    47.435
  47	47	 4.6944	 1.0495	   1.5179	        1.5186	          0.0007	   1.5179	1.314e-03	   0.115	    48.499
  48	48	 4.6940	 1.0493	   1.5179	        1.5186	          0.0007	   1.5179	1.243e-03	   0.113	    49.560
  49	49	 4.6937	 1.0491	   1.5179	        1.5186	          0.0007	   1.5179	1.177e-03	   0.130	    50.619
  50	50	 4.6933	 1.0490	   1.5179	        1.5186	          0.0007	   1.5179	1.116e-03	   0.122	    51.711
  51	51	 4.6930	 1.0489	   1.5179	        1.5186	          0.0007	   1.5179	1.059e-03	   0.113	    52.751
  52	52	 4.6927	 1.0488	   1.5179	        1.5186	          0.0007	   1.5179	1.006e-03	   0.120	    53.814
  53	53	 4.6923	 1.0486	   1.5179	        1.5186	          0.0007	   1.5179	9.563e-04	   0.113	    54.852
  54	54	 4.6920	 1.0485	   1.5179	        1.5186	          0.0007	   1.5179	9.102e-04	   0.112	    55.894
  55	55	 4.6917	 1.0484	   1.5179	        1.5186	          0.0007	   1.5179	8.670e-04	   0.122	    56.942
  56	56	 4.6914	 1.0483	   1.5179	        1.5186	          0.0007	   1.5179	8.267e-04	   0.113	    57.979
  57	57	 4.6911	 1.0483	   1.5179	        1.5186	          0.0007	   1.5179	7.889e-04	   0.114	    59.019
  58	58	 4.6909	 1.0482	   1.5179	        1.5186	          0.0007	   1.5179	7.534e-04	   0.122	    60.064
  59	59	 4.6906	 1.0481	   1.5179	        1.5186	          0.0007	   1.5179	7.201e-04	   0.126	    61.190
  60	60	 4.6903	 1.0480	   1.5179	        1.5186	          0.0007	   1.5179	6.888e-04	   0.118	    62.310
  61	61	 4.6900	 1.0480	   1.5179	        1.5186	          0.0007	   1.5179	6.594e-04	   0.119	    63.371
  62	62	 4.6898	 1.0479	   1.5179	        1.5186	          0.0007	   1.5179	6.317e-04	   0.117	    64.437
  63	63	 4.6895	 1.0478	   1.5179	        1.5186	          0.0007	   1.5179	6.055e-04	   0.122	    65.492
  64	64	 4.6893	 1.0478	   1.5179	        1.5186	          0.0007	   1.5179	5.809e-04	   0.105	    66.529
  65	65	 4.6890	 1.0477	   1.5179	        1.5186	          0.0007	   1.5179	5.576e-04	   0.124	    67.575
  66	66	 4.6888	 1.0477	   1.5179	        1.5186	          0.0007	   1.5179	5.356e-04	   0.120	    68.640
  67	67	 4.6885	 1.0476	   1.5179	        1.5186	          0.0007	   1.5179	5.148e-04	   0.114	    69.688
  68	68	 4.6883	 1.0476	   1.5179	        1.5186	          0.0007	   1.5179	4.951e-04	   0.126	    70.744
  69	69	 4.6881	 1.0475	   1.5179	        1.5186	          0.0007	   1.5179	4.764e-04	   0.115	    71.784
  70	70	 4.6879	 1.0475	   1.5179	        1.5186	          0.0007	   1.5179	4.587e-04	   0.117	    72.886
  71	71	 4.6876	 1.0475	   1.5179	        1.5186	          0.0007	   1.5179	4.420e-04	   0.107	    73.926
  72	72	 4.6874	 1.0474	   1.5179	        1.5186	          0.0007	   1.5179	4.260e-04	   0.120	    74.986
  73	73	 4.6872	 1.0474	   1.5179	        1.5186	          0.0007	   1.5179	4.109e-04	   0.120	    76.038
  74	74	 4.6870	 1.0474	   1.5179	        1.5186	          0.0007	   1.5179	3.965e-04	   0.114	    77.118
  75	75	 4.6868	 1.0473	   1.5179	        1.5186	          0.0007	   1.5179	3.828e-04	   0.131	    78.224
  76	76	 4.6866	 1.0473	   1.5179	        1.5186	          0.0007	   1.5179	3.698e-04	   0.108	    79.288
  77	77	 4.6864	 1.0473	   1.5179	        1.5186	          0.0007	   1.5179	3.573e-04	   0.126	    80.385
  78	78	 4.6862	 1.0472	   1.5179	        1.5186	          0.0007	   1.5179	3.455e-04	   0.119	    81.468
  79	79	 4.6860	 1.0472	   1.5179	        1.5186	          0.0007	   1.5179	3.342e-04	   0.122	    82.594
  80	80	 4.6858	 1.0472	   1.5179	        1.5186	          0.0007	   1.5179	3.235e-04	   0.123	    83.731
  81	81	 4.6856	 1.0472	   1.5179	        1.5186	          0.0007	   1.5179	3.132e-04	   0.121	    84.781
  82	82	 4.6854	 1.0471	   1.5179	        1.5186	          0.0007	   1.5179	3.033e-04	   0.125	    85.857
  83	83	 4.6853	 1.0471	   1.5179	        1.5186	          0.0007	   1.5179	2.940e-04	   0.119	    86.910
  84	84	 4.6851	 1.0471	   1.5179	        1.5186	          0.0007	   1.5179	2.850e-04	   0.110	    87.946
  85	85	 4.6849	 1.0471	   1.5179	        1.5186	          0.0007	   1.5179	2.764e-04	   0.121	    89.012
  86	86	 4.6847	 1.0471	   1.5179	        1.5186	          0.0007	   1.5179	2.682e-04	   0.119	    90.091
  87	87	 4.6846	 1.0470	   1.5179	        1.5186	          0.0007	   1.5179	2.603e-04	   0.111	    91.142
  88	88	 4.6844	 1.0470	   1.5179	        1.5186	          0.0007	   1.5179	2.528e-04	   0.126	    92.191
  89	89	 4.6842	 1.0470	   1.5179	        1.5186	          0.0007	   1.5179	2.455e-04	   0.110	    93.225
  90	90	 4.6841	 1.0470	   1.5179	        1.5186	          0.0007	   1.5179	2.386e-04	   0.120	    94.331
  91	91	 4.6839	 1.0470	   1.5179	        1.5186	          0.0007	   1.5179	2.320e-04	   0.119	    95.381
  92	92	 4.6837	 1.0470	   1.5179	        1.5186	          0.0007	   1.5179	2.256e-04	   0.111	    96.434
  93	93	 4.6836	 1.0469	   1.5179	        1.5186	          0.0007	   1.5179	2.195e-04	   0.121	    97.486
  94	94	 4.6834	 1.0469	   1.5179	        1.5186	          0.0007	   1.5179	2.136e-04	   0.103	    98.517
  95	95	 4.6833	 1.0469	   1.5179	        1.5186	          0.0007	   1.5179	2.079e-04	   0.125	    99.563
  96	96	 4.6831	 1.0469	   1.5179	        1.5186	          0.0007	   1.5179	2.025e-04	   0.115	   100.610
  97	97	 4.6830	 1.0469	   1.5179	        1.5186	          0.0007	   1.5179	1.973e-04	   0.118	   101.649
  98	98	 4.6828	 1.0469	   1.5179	        1.5186	          0.0007	   1.5179	1.922e-04	   0.127	   102.698
  99	99	 4.6827	 1.0469	   1.5179	        1.5186	          0.0007	   1.5179	1.874e-04	   0.114	   103.790
 100	100	 4.6825	 1.0469	   1.5179	        1.5186	          0.0007	   1.5179	1.828e-04	   0.130	   104.939
 101	101	 4.6824	 1.0469	   1.5179	        1.5186	          0.0007	   1.5179	1.783e-04	   0.117	   105.989
 102	102	 4.6823	 1.0468	   1.5179	        1.5186	          0.0007	   1.5179	1.740e-04	   0.122	   107.061
 103	103	 4.6821	 1.0468	   1.5179	        1.5186	          0.0007	   1.5179	1.698e-04	   0.119	   108.121
 104	104	 4.6820	 1.0468	   1.5179	        1.5186	          0.0007	   1.5179	1.658e-04	   0.107	   109.151
 105	105	 4.6818	 1.0468	   1.5179	        1.5186	          0.0007	   1.5179	1.620e-04	   0.131	   110.232
 106	106	 4.6817	 1.0468	   1.5179	        1.5186	          0.0007	   1.5179	1.582e-04	   0.110	   111.277
 107	107	 4.6816	 1.0468	   1.5179	        1.5186	          0.0007	   1.5179	1.547e-04	   0.118	   112.320
 108	108	 4.6814	 1.0468	   1.5179	        1.5186	          0.0007	   1.5179	1.512e-04	   0.112	   113.360
 109	109	 4.6813	 1.0468	   1.5179	        1.5186	          0.0007	   1.5179	1.479e-04	   0.109	   114.398
 110	110	 4.6812	 1.0468	   1.5179	        1.5186	          0.0007	   1.5179	1.446e-04	   0.118	   115.513
 111	111	 4.6811	 1.0468	   1.5179	        1.5186	          0.0007	   1.5179	1.415e-04	   0.115	   116.554
 112	112	 4.6809	 1.0468	   1.5179	        1.5186	          0.0007	   1.5179	1.385e-04	   0.118	   117.615
 113	113	 4.6808	 1.0468	   1.5179	        1.5186	          0.0007	   1.5179	1.356e-04	   0.118	   118.658
 114	114	 4.6807	 1.0467	   1.5179	        1.5186	          0.0007	   1.5179	1.328e-04	   0.114	   119.700
 115	115	 4.6806	 1.0467	   1.5179	        1.5186	          0.0007	   1.5179	1.301e-04	   0.116	   120.741
 116	116	 4.6804	 1.0467	   1.5179	        1.5186	          0.0007	   1.5179	1.275e-04	   0.118	   121.836
 117	117	 4.6803	 1.0467	   1.5179	        1.5186	          0.0007	   1.5179	1.249e-04	   0.110	   122.890
 118	118	 4.6802	 1.0467	   1.5179	        1.5186	          0.0007	   1.5179	1.225e-04	   0.124	   123.937
 119	119	 4.6801	 1.0467	   1.5179	        1.5186	          0.0007	   1.5179	1.201e-04	   0.125	   125.038
 120	120	 4.6800	 1.0467	   1.5179	        1.5186	          0.0007	   1.5179	1.178e-04	   0.140	   126.187
 121	121	 4.6799	 1.0467	   1.5179	        1.5186	          0.0007	   1.5179	1.156e-04	   0.123	   127.232
 122	122	 4.6797	 1.0467	   1.5179	        1.5186	          0.0007	   1.5179	1.135e-04	   0.108	   128.297
 123	123	 4.6796	 1.0467	   1.5179	        1.5186	          0.0007	   1.5179	1.114e-04	   0.127	   129.367
 124	124	 4.6795	 1.0467	   1.5179	        1.5186	          0.0007	   1.5179	1.094e-04	   0.112	   130.431
 125	125	 4.6794	 1.0467	   1.5179	        1.5186	          0.0007	   1.5179	1.075e-04	   0.127	   131.506
 126	126	 4.6793	 1.0467	   1.5179	        1.5186	          0.0007	   1.5179	1.056e-04	   0.111	   132.556
 127	127	 4.6792	 1.0467	   1.5179	        1.5186	          0.0007	   1.5179	1.037e-04	   0.119	   133.592
 128	128	 4.6791	 1.0467	   1.5179	        1.5186	          0.0007	   1.5179	1.020e-04	   0.123	   134.645
 129	129	 4.6790	 1.0467	   1.5179	        1.5186	          0.0007	   1.5179	1.003e-04	   0.108	   135.678
 130	130	 4.6789	 1.0467	   1.5179	        1.5186	          0.0007	   1.5179	9.860e-05	   0.121	   136.791
 131	131	 4.6788	 1.0467	   1.5179	        1.5186	          0.0007	   1.5179	9.700e-05	   0.107	   137.825
 132	132	 4.6787	 1.0467	   1.5179	        1.5186	          0.0007	   1.5179	9.544e-05	   0.120	   138.891
 133	133	 4.6786	 1.0467	   1.5179	        1.5186	          0.0007	   1.5179	9.393e-05	   0.117	   139.939
 134	134	 4.6785	 1.0466	   1.5179	        1.5186	          0.0007	   1.5179	9.246e-05	   0.108	   140.974
 135	135	 4.6784	 1.0466	   1.5179	        1.5186	          0.0007	   1.5179	9.104e-05	   0.122	   142.020
 136	136	 4.6783	 1.0466	   1.5179	        1.5186	          0.0007	   1.5179	8.966e-05	   0.112	   143.059
 137	137	 4.6782	 1.0466	   1.5179	        1.5186	          0.0007	   1.5179	8.833e-05	   0.121	   144.102
 138	138	 4.6781	 1.0466	   1.5179	        1.5186	          0.0007	   1.5179	8.703e-05	   0.117	   145.148
 139	139	 4.6780	 1.0466	   1.5179	        1.5186	          0.0007	   1.5179	8.577e-05	   0.121	   146.231
 140	140	 4.6779	 1.0466	   1.5179	        1.5186	          0.0007	   1.5179	8.455e-05	   0.135	   147.379
 141	141	 4.6778	 1.0466	   1.5179	        1.5186	          0.0007	   1.5179	8.337e-05	   0.117	   148.433
 142	142	 4.6777	 1.0466	   1.5179	        1.5186	          0.0007	   1.5179	8.222e-05	   0.117	   149.514
 143	143	 4.6776	 1.0466	   1.5179	        1.5186	          0.0007	   1.5179	8.110e-05	   0.119	   150.573
 144	144	 4.6775	 1.0466	   1.5179	        1.5186	          0.0007	   1.5179	8.002e-05	   0.117	   151.642
 145	145	 4.6774	 1.0466	   1.5179	        1.5186	          0.0007	   1.5179	7.897e-05	   0.119	   152.690
 146	146	 4.6773	 1.0466	   1.5179	        1.5186	          0.0007	   1.5179	7.795e-05	   0.117	   153.734
 147	147	 4.6772	 1.0466	   1.5179	        1.5186	          0.0007	   1.5179	7.695e-05	   0.112	   154.773
 148	148	 4.6772	 1.0466	   1.5179	        1.5186	          0.0007	   1.5179	7.599e-05	   0.119	   155.817
 149	149	 4.6771	 1.0466	   1.5179	        1.5186	          0.0007	   1.5179	7.505e-05	   0.106	   156.854
 150	150	 4.6770	 1.0466	   1.5179	        1.5186	          0.0007	   1.5179	7.415e-05	   0.130	   158.012
 151	151	 4.6769	 1.0466	   1.5179	        1.5186	          0.0007	   1.5179	7.326e-05	   0.122	   159.118
 152	152	 4.6768	 1.0466	   1.5179	        1.5186	          0.0007	   1.5179	7.240e-05	   0.117	   160.212
 153	153	 4.6767	 1.0466	   1.5179	        1.5186	          0.0007	   1.5179	7.157e-05	   0.125	   161.291
 154	154	 4.6766	 1.0466	   1.5179	        1.5186	          0.0007	   1.5179	7.076e-05	   0.107	   162.376
 155	155	 4.6766	 1.0466	   1.5179	        1.5186	          0.0007	   1.5179	6.997e-05	   0.130	   163.460
 156	156	 4.6765	 1.0466	   1.5179	        1.5186	          0.0007	   1.5179	6.920e-05	   0.110	   164.509
 157	157	 4.6764	 1.0466	   1.5179	        1.5186	          0.0007	   1.5179	6.846e-05	   0.118	   165.548
 158	158	 4.6763	 1.0466	   1.5179	        1.5186	          0.0007	   1.5179	6.773e-05	   0.121	   166.595
 159	159	 4.6762	 1.0466	   1.5179	        1.5186	          0.0007	   1.5179	6.703e-05	   0.123	   167.666
 160	160	 4.6761	 1.0466	   1.5179	        1.5186	          0.0007	   1.5179	6.634e-05	   0.140	   168.818
 161	161	 4.6761	 1.0466	   1.5179	        1.5186	          0.0007	   1.5179	6.568e-05	   0.109	   169.879
 162	162	 4.6760	 1.0466	   1.5179	        1.5186	          0.0007	   1.5179	6.503e-05	   0.118	   170.959
 163	163	 4.6759	 1.0466	   1.5179	        1.5186	          0.0007	   1.5179	6.440e-05	   0.120	   172.051
 164	164	 4.6758	 1.0466	   1.5179	        1.5186	          0.0007	   1.5179	6.378e-05	   0.117	   173.120
 165	165	 4.6757	 1.0466	   1.5179	        1.5186	          0.0007	   1.5179	6.319e-05	   0.123	   174.174
 166	166	 4.6757	 1.0466	   1.5179	        1.5186	          0.0007	   1.5179	6.261e-05	   0.111	   175.213
 167	167	 4.6756	 1.0466	   1.5179	        1.5186	          0.0007	   1.5179	6.204e-05	   0.120	   176.253
 168	168	 4.6755	 1.0466	   1.5179	        1.5186	          0.0007	   1.5179	6.149e-05	   0.115	   177.293
 169	169	 4.6754	 1.0466	   1.5179	        1.5186	          0.0007	   1.5179	6.095e-05	   0.112	   178.334
 170	170	 4.6754	 1.0466	   1.5179	        1.5186	          0.0007	   1.5179	6.043e-05	   0.119	   179.447
 171	171	 4.6753	 1.0466	   1.5179	        1.5186	          0.0007	   1.5179	5.992e-05	   0.111	   180.485
 172	172	 4.6752	 1.0466	   1.5179	        1.5186	          0.0007	   1.5179	5.943e-05	   0.116	   181.547
 173	173	 4.6751	 1.0466	   1.5179	        1.5186	          0.0007	   1.5179	5.895e-05	   0.122	   182.593
 174	174	 4.6751	 1.0466	   1.5179	        1.5186	          0.0007	   1.5179	5.848e-05	   0.114	   183.635
 175	175	 4.6750	 1.0466	   1.5179	        1.5186	          0.0007	   1.5179	5.802e-05	   0.119	   184.676
 176	176	 4.6749	 1.0466	   1.5179	        1.5186	          0.0007	   1.5179	5.758e-05	   0.114	   185.719
 177	177	 4.6749	 1.0466	   1.5179	        1.5186	          0.0007	   1.5179	5.714e-05	   0.112	   186.752
 178	178	 4.6748	 1.0466	   1.5179	        1.5186	          0.0007	   1.5179	5.672e-05	   0.124	   187.802
 179	179	 4.6747	 1.0465	   1.5179	        1.5186	          0.0007	   1.5179	5.631e-05	   0.121	   188.867
 180	180	 4.6746	 1.0465	   1.5179	        1.5186	          0.0007	   1.5179	5.590e-05	   0.133	   190.014
 181	181	 4.6746	 1.0465	   1.5179	        1.5186	          0.0007	   1.5179	5.551e-05	   0.114	   191.090
 182	182	 4.6745	 1.0465	   1.5179	        1.5186	          0.0007	   1.5179	5.513e-05	   0.116	   192.162
 183	183	 4.6744	 1.0465	   1.5179	        1.5186	          0.0007	   1.5179	5.476e-05	   0.130	   193.269
 184	184	 4.6744	 1.0465	   1.5179	        1.5186	          0.0007	   1.5179	5.440e-05	   0.103	   194.301
 185	185	 4.6743	 1.0465	   1.5179	        1.5186	          0.0007	   1.5179	5.404e-05	   0.120	   195.348
 186	186	 4.6742	 1.0465	   1.5179	        1.5186	          0.0007	   1.5179	5.370e-05	   0.110	   196.389
 187	187	 4.6742	 1.0465	   1.5179	        1.5186	          0.0007	   1.5179	5.336e-05	   0.122	   197.429
 188	188	 4.6741	 1.0465	   1.5179	        1.5186	          0.0007	   1.5179	5.303e-05	   0.122	   198.479
 189	189	 4.6740	 1.0465	   1.5179	        1.5186	          0.0007	   1.5179	5.271e-05	   0.107	   199.511
 190	190	 4.6740	 1.0465	   1.5179	        1.5186	          0.0007	   1.5179	5.240e-05	   0.126	   200.626
 191	191	 4.6739	 1.0465	   1.5179	        1.5186	          0.0007	   1.5179	5.209e-05	   0.109	   201.660
 192	192	 4.6738	 1.0465	   1.5179	        1.5186	          0.0007	   1.5179	5.179e-05	   0.130	   202.738
 193	193	 4.6738	 1.0465	   1.5179	        1.5186	          0.0007	   1.5179	5.150e-05	   0.122	   203.844
 194	194	 4.6737	 1.0465	   1.5179	        1.5186	          0.0007	   1.5179	5.122e-05	   0.104	   204.876
 195	195	 4.6736	 1.0465	   1.5179	        1.5186	          0.0007	   1.5179	5.094e-05	   0.119	   205.924
 196	196	 4.6736	 1.0465	   1.5179	        1.5186	          0.0007	   1.5179	5.067e-05	   0.115	   206.962
 197	197	 4.6735	 1.0465	   1.5179	        1.5186	          0.0007	   1.5179	5.041e-05	   0.119	   208.006
 198	198	 4.6735	 1.0465	   1.5179	        1.5186	          0.0007	   1.5179	5.015e-05	   0.109	   209.027
 199	199	 4.6734	 1.0465	   1.5179	        1.5186	          0.0007	   1.5179	4.989e-05	   0.114	   210.085
 200	200	 4.6733	 1.0465	   1.5179	        1.5186	          0.0007	   1.5179	4.965e-05	   0.121	   211.183

[BSGD] Finished on device cuda -> σ_f² ≈ 4.6733, σ_ε² ≈ 1.0465
