[GPU 0][JOB 201] 'python cli.py minimax --n 1024 --lengthscale 0.5 --sigma-f2-true 4.0 --sigma-eps2-true 1.0 --n-epochs 200 --device auto --kernel-mode finite --a 1e-4 --b 1e-3 --w-init-scale 0.1 --num-features 128 --print-every 1 --mu-increase-factor 1.0 --mu-increase-epochs 0 --seed 0 --batch-size 1024 --mu 2.0 --lr-decay 1.0 --lr-decay-start-epoch 0 --sigma-f2-init 5.0 --sigma-eps2-init 3.0 '

=== MINIMAX + ORF (TMLR) ===
iter	epoch	σ_f²	σ_ε²	real_nlml	real_nlml_true	real_nlml_abs_err	orf_nlml	orf_nlml_true	ℓ_μ	|A-F|/|A|	|B|	cosBΔ	pen/pen*	lr_scale	||grad||	duration_s	wall_time_s
   1	 1	 4.9894	 3.0132	   1.7077	        1.5052	          0.2025	   1.7077	        1.5052	 2.4092	 2.0000	3.714e+01	 0.0743	 1.0000	 0.0743	 1.00000	1.054e-01	 154.179	   154.209
   2	 2	 4.9823	 3.0254	   1.7090	        1.5052	          0.2038	   1.7090	        1.5052	 2.3849	 2.0000	3.694e+01	 0.1482	 1.0000	 0.1482	 1.00000	1.052e-01	 135.729	   289.939
   3	 3	 4.9781	 3.0365	   1.7102	        1.5052	          0.2050	   1.7102	        1.5052	 2.3620	 2.0000	3.677e+01	 0.2217	 1.0000	 0.2217	 1.00000	1.050e-01	 101.570	   391.510
   4	 4	 4.9765	 3.0467	   1.7112	        1.5052	          0.2060	   1.7112	        1.5052	 2.3403	 2.0000	3.664e+01	 0.2950	 1.0000	 0.2950	 1.00000	1.049e-01	  86.216	   477.726
   5	 5	 4.9772	 3.0561	   1.7122	        1.5052	          0.2070	   1.7122	        1.5052	 2.3198	 2.0000	3.653e+01	 0.3680	 1.0000	 0.3680	 1.00000	1.047e-01	  65.756	   543.482
   6	 6	 4.9798	 3.0646	   1.7131	        1.5052	          0.2079	   1.7131	        1.5052	 2.3002	 2.0000	3.645e+01	 0.4409	 1.0000	 0.4409	 1.00000	1.046e-01	  61.082	   604.565
   7	 7	 4.9840	 3.0724	   1.7139	        1.5052	          0.2087	   1.7139	        1.5052	 2.2815	 2.0000	3.639e+01	 0.5137	 1.0000	 0.5137	 1.00000	1.044e-01	  59.234	   663.799
   8	 8	 4.9896	 3.0794	   1.7147	        1.5052	          0.2095	   1.7147	        1.5052	 2.2637	 2.0000	3.634e+01	 0.5864	 1.0000	 0.5864	 1.00000	1.043e-01	  47.308	   711.107
   9	 9	 4.9964	 3.0858	   1.7153	        1.5052	          0.2101	   1.7153	        1.5052	 2.2466	 2.0000	3.632e+01	 0.6590	 1.0000	 0.6590	 1.00000	1.042e-01	  34.367	   745.475
  10	10	 5.0040	 3.0915	   1.7159	        1.5052	          0.2107	   1.7159	        1.5052	 2.2303	 2.0000	3.631e+01	 0.7316	 1.0000	 0.7316	 1.00000	1.041e-01	  34.121	   779.596
  11	11	 5.0124	 3.0966	   1.7165	        1.5052	          0.2113	   1.7165	        1.5052	 2.2146	 2.0000	3.631e+01	 0.8042	 1.0000	 0.8042	 1.00000	1.040e-01	  21.281	   800.878
  12	12	 5.0211	 3.1011	   1.7169	        1.5052	          0.2118	   1.7169	        1.5052	 2.1995	 2.0000	3.632e+01	 0.8769	 1.0000	 0.8769	 1.00000	1.039e-01	   8.844	   809.722
  13	13	 5.0302	 3.1050	   1.7174	        1.5052	          0.2122	   1.7174	        1.5052	 2.1850	 2.0000	3.634e+01	 0.9496	 1.0000	 0.9496	 1.00000	1.039e-01	   8.494	   818.217
  14	14	 5.0394	 3.1085	   1.7177	        1.5052	          0.2126	   1.7177	        1.5052	 2.1710	 2.0000	3.636e+01	 1.0000	 1.0000	 1.0000	 1.00000	1.038e-01	   8.511	   826.728
  15	15	 5.0492	 3.1114	   1.7180	        1.5052	          0.2129	   1.7180	        1.5052	 2.1575	 2.0000	3.640e+01	 1.0000	 1.0000	 1.0000	 1.00000	1.038e-01	   8.773	   835.501
  16	16	 5.0615	 3.1138	   1.7183	        1.5052	          0.2131	   1.7183	        1.5052	 2.1444	 2.0000	3.646e+01	 1.0000	 1.0000	 1.0000	 1.00000	1.037e-01	   8.903	   844.405
  17	17	 5.0761	 3.1158	   1.7185	        1.5052	          0.2134	   1.7185	        1.5052	 2.1318	 2.0000	3.654e+01	 1.0000	 1.0000	 1.0000	 1.00000	1.037e-01	   8.831	   853.237
  18	18	 5.0929	 3.1173	   1.7187	        1.5052	          0.2135	   1.7187	        1.5052	 2.1195	 2.0000	3.664e+01	 1.0000	 1.0000	 1.0000	 1.00000	1.037e-01	   8.866	   862.103
  19	19	 5.1117	 3.1184	   1.7188	        1.5052	          0.2137	   1.7188	        1.5052	 2.1076	 2.0000	3.677e+01	 1.0000	 1.0000	 1.0000	 1.00000	1.036e-01	   8.421	   870.524
  20	20	 5.1323	 3.1191	   1.7189	        1.5052	          0.2138	   1.7189	        1.5052	 2.0961	 2.0000	3.691e+01	 1.0000	 1.0000	 1.0000	 1.00000	1.036e-01	   8.382	   878.906
  21	21	 5.1548	 3.1194	   1.7190	        1.5052	          0.2138	   1.7190	        1.5052	 2.0848	 2.0000	3.707e+01	 1.0000	 1.0000	 1.0000	 1.00000	1.036e-01	   8.424	   887.330
  22	22	 5.1790	 3.1193	   1.7190	        1.5052	          0.2138	   1.7190	        1.5052	 2.0739	 2.0000	3.724e+01	 1.0000	 1.0000	 1.0000	 1.00000	1.036e-01	   8.422	   895.752
  23	23	 5.2048	 3.1189	   1.7190	        1.5052	          0.2138	   1.7190	        1.5052	 2.0632	 2.0000	3.742e+01	 1.0000	 1.0000	 1.0000	 1.00000	1.036e-01	   8.420	   904.173
  24	24	 5.2322	 3.1181	   1.7189	        1.5052	          0.2138	   1.7189	        1.5052	 2.0528	 2.0000	3.762e+01	 1.0000	 1.0000	 1.0000	 1.00000	1.037e-01	   8.421	   912.594
  25	25	 5.2609	 3.1169	   1.7189	        1.5052	          0.2137	   1.7189	        1.5052	 2.0427	 2.0000	3.783e+01	 1.0000	 1.0000	 1.0000	 1.00000	1.037e-01	   8.418	   921.013
  26	26	 5.2911	 3.1154	   1.7187	        1.5052	          0.2136	   1.7187	        1.5052	 2.0328	 2.0000	3.805e+01	 1.0000	 1.0000	 1.0000	 1.00000	1.037e-01	   8.422	   929.436
  27	27	 5.3225	 3.1135	   1.7186	        1.5052	          0.2134	   1.7186	        1.5052	 2.0231	 2.0000	3.827e+01	 1.0000	 1.0000	 1.0000	 1.00000	1.037e-01	   8.432	   937.868
  28	28	 5.3551	 3.1114	   1.7184	        1.5052	          0.2132	   1.7184	        1.5052	 2.0136	 2.0000	3.851e+01	 1.0000	 1.0000	 1.0000	 1.00000	1.038e-01	   8.410	   946.278
  29	29	 5.3889	 3.1089	   1.7182	        1.5052	          0.2130	   1.7182	        1.5052	 2.0043	 2.0000	3.875e+01	 1.0000	 1.0000	 1.0000	 1.00000	1.038e-01	   8.412	   954.690
  30	30	 5.4238	 3.1062	   1.7179	        1.5052	          0.2127	   1.7179	        1.5052	 1.9953	 2.0000	3.900e+01	 1.0000	 1.0000	 1.0000	 1.00000	1.039e-01	   8.392	   963.083
  31	31	 5.4597	 3.1031	   1.7177	        1.5052	          0.2125	   1.7177	        1.5052	 1.9864	 2.0000	3.926e+01	 1.0000	 1.0000	 1.0000	 1.00000	1.039e-01	   8.448	   971.531
  32	32	 5.4965	 3.0998	   1.7174	        1.5052	          0.2122	   1.7174	        1.5052	 1.9777	 2.0000	3.952e+01	 1.0000	 1.0000	 1.0000	 1.00000	1.040e-01	   8.433	   979.964
  33	33	 5.5342	 3.0961	   1.7170	        1.5052	          0.2118	   1.7170	        1.5052	 1.9692	 2.0000	3.979e+01	 1.0000	 1.0000	 1.0000	 1.00000	1.040e-01	   8.431	   988.395
  34	34	 5.5728	 3.0922	   1.7167	        1.5052	          0.2115	   1.7167	        1.5052	 1.9609	 2.0000	4.007e+01	 1.0000	 1.0000	 1.0000	 1.00000	1.041e-01	   8.424	   996.819
  35	35	 5.6121	 3.0881	   1.7163	        1.5052	          0.2111	   1.7163	        1.5052	 1.9527	 2.0000	4.035e+01	 1.0000	 1.0000	 1.0000	 1.00000	1.042e-01	   8.421	  1005.240
  36	36	 5.6520	 3.0837	   1.7159	        1.5052	          0.2107	   1.7159	        1.5052	 1.9446	 2.0000	4.064e+01	 1.0000	 1.0000	 1.0000	 1.00000	1.042e-01	   8.430	  1013.671
  37	37	 5.6927	 3.0790	   1.7154	        1.5052	          0.2102	   1.7154	        1.5052	 1.9368	 2.0000	4.093e+01	 1.0000	 1.0000	 1.0000	 1.00000	1.043e-01	   8.440	  1022.111
  38	38	 5.7339	 3.0741	   1.7150	        1.5052	          0.2098	   1.7150	        1.5052	 1.9290	 2.0000	4.123e+01	 1.0000	 1.0000	 1.0000	 1.00000	1.044e-01	   8.438	  1030.550
  39	39	 5.7756	 3.0689	   1.7145	        1.5052	          0.2093	   1.7145	        1.5052	 1.9215	 2.0000	4.153e+01	 1.0000	 1.0000	 1.0000	 1.00000	1.045e-01	   8.440	  1038.990
  40	40	 5.8177	 3.0635	   1.7140	        1.5052	          0.2088	   1.7140	        1.5052	 1.9140	 2.0000	4.183e+01	 1.0000	 1.0000	 1.0000	 1.00000	1.046e-01	   8.429	  1047.419
  41	41	 5.8603	 3.0579	   1.7134	        1.5052	          0.2083	   1.7134	        1.5052	 1.9067	 2.0000	4.213e+01	 1.0000	 1.0000	 1.0000	 1.00000	1.047e-01	   8.436	  1055.855
  42	42	 5.9032	 3.0521	   1.7129	        1.5052	          0.2077	   1.7129	        1.5052	 1.8995	 2.0000	4.244e+01	 1.0000	 1.0000	 1.0000	 1.00000	1.048e-01	   8.427	  1064.283
  43	43	 5.9463	 3.0460	   1.7123	        1.5052	          0.2071	   1.7123	        1.5052	 1.8925	 2.0000	4.275e+01	 1.0000	 1.0000	 1.0000	 1.00000	1.049e-01	   8.436	  1072.719
  44	44	 5.9897	 3.0397	   1.7117	        1.5052	          0.2065	   1.7117	        1.5052	 1.8855	 2.0000	4.306e+01	 1.0000	 1.0000	 1.0000	 1.00000	1.050e-01	   8.440	  1081.159
  45	45	 6.0333	 3.0333	   1.7111	        1.5052	          0.2059	   1.7111	        1.5052	 1.8787	 2.0000	4.338e+01	 1.0000	 1.0000	 1.0000	 1.00000	1.051e-01	   8.452	  1089.611
  46	46	 6.0770	 3.0266	   1.7104	        1.5052	          0.2052	   1.7104	        1.5052	 1.8720	 2.0000	4.369e+01	 1.0000	 1.0000	 1.0000	 1.00000	1.052e-01	   8.450	  1098.061
  47	47	 6.1207	 3.0197	   1.7098	        1.5052	          0.2046	   1.7098	        1.5052	 1.8655	 2.0000	4.400e+01	 1.0000	 1.0000	 1.0000	 1.00000	1.053e-01	   8.444	  1106.506
  48	48	 6.1645	 3.0126	   1.7091	        1.5052	          0.2039	   1.7091	        1.5052	 1.8590	 2.0000	4.432e+01	 1.0000	 1.0000	 1.0000	 1.00000	1.054e-01	   8.427	  1114.933
  49	49	 6.2082	 3.0054	   1.7084	        1.5052	          0.2032	   1.7084	        1.5052	 1.8527	 2.0000	4.463e+01	 1.0000	 1.0000	 1.0000	 1.00000	1.056e-01	   8.436	  1123.369
  50	50	 6.2519	 2.9979	   1.7076	        1.5052	          0.2024	   1.7076	        1.5052	 1.8464	 2.0000	4.494e+01	 1.0000	 1.0000	 1.0000	 1.00000	1.057e-01	   8.292	  1131.661
  51	51	 6.2953	 2.9903	   1.7069	        1.5052	          0.2017	   1.7069	        1.5052	 1.8403	 2.0000	4.526e+01	 1.0000	 1.0000	 1.0000	 1.00000	1.058e-01	   8.628	  1140.289
  52	52	 6.3387	 2.9825	   1.7061	        1.5052	          0.2009	   1.7061	        1.5052	 1.8342	 2.0000	4.557e+01	 1.0000	 1.0000	 1.0000	 1.00000	1.059e-01	   8.438	  1148.728
  53	53	 6.3817	 2.9745	   1.7053	        1.5052	          0.2001	   1.7053	        1.5052	 1.8283	 2.0000	4.588e+01	 1.0000	 1.0000	 1.0000	 1.00000	1.061e-01	   8.435	  1157.163
  54	54	 6.4245	 2.9664	   1.7045	        1.5052	          0.1993	   1.7045	        1.5052	 1.8224	 2.0000	4.618e+01	 1.0000	 1.0000	 1.0000	 1.00000	1.062e-01	   8.437	  1165.600
  55	55	 6.4670	 2.9580	   1.7037	        1.5052	          0.1985	   1.7037	        1.5052	 1.8167	 2.0000	4.649e+01	 1.0000	 1.0000	 1.0000	 1.00000	1.064e-01	   8.447	  1174.048
  56	56	 6.5092	 2.9496	   1.7028	        1.5052	          0.1976	   1.7028	        1.5052	 1.8110	 2.0000	4.679e+01	 1.0000	 1.0000	 1.0000	 1.00000	1.065e-01	   8.435	  1182.483
  57	57	 6.5509	 2.9409	   1.7020	        1.5052	          0.1968	   1.7020	        1.5052	 1.8054	 2.0000	4.709e+01	 1.0000	 1.0000	 1.0000	 1.00000	1.066e-01	   8.440	  1190.924
  58	58	 6.5922	 2.9322	   1.7011	        1.5052	          0.1959	   1.7011	        1.5052	 1.7999	 2.0000	4.739e+01	 1.0000	 1.0000	 1.0000	 1.00000	1.068e-01	   8.434	  1199.358
  59	59	 6.6330	 2.9232	   1.7002	        1.5052	          0.1950	   1.7002	        1.5052	 1.7945	 2.0000	4.768e+01	 1.0000	 1.0000	 1.0000	 1.00000	1.069e-01	   8.425	  1207.783
  60	60	 6.6734	 2.9142	   1.6993	        1.5052	          0.1941	   1.6993	        1.5052	 1.7892	 2.0000	4.797e+01	 1.0000	 1.0000	 1.0000	 1.00000	1.071e-01	   8.437	  1216.221
  61	61	 6.7132	 2.9049	   1.6983	        1.5052	          0.1931	   1.6983	        1.5052	 1.7839	 2.0000	4.825e+01	 1.0000	 1.0000	 1.0000	 1.00000	1.072e-01	   8.436	  1224.657
  62	62	 6.7525	 2.8956	   1.6974	        1.5052	          0.1922	   1.6974	        1.5052	 1.7787	 2.0000	4.853e+01	 1.0000	 1.0000	 1.0000	 1.00000	1.074e-01	   8.427	  1233.084
  63	63	 6.7912	 2.8861	   1.6964	        1.5052	          0.1912	   1.6964	        1.5052	 1.7736	 2.0000	4.881e+01	 1.0000	 1.0000	 1.0000	 1.00000	1.076e-01	   8.420	  1241.505
  64	64	 6.8293	 2.8765	   1.6954	        1.5052	          0.1902	   1.6954	        1.5052	 1.7685	 2.0000	4.908e+01	 1.0000	 1.0000	 1.0000	 1.00000	1.077e-01	   8.428	  1249.933
  65	65	 6.8667	 2.8667	   1.6944	        1.5052	          0.1892	   1.6944	        1.5052	 1.7636	 2.0000	4.935e+01	 1.0000	 1.0000	 1.0000	 1.00000	1.079e-01	   8.428	  1258.361
  66	66	 6.9036	 2.8568	   1.6934	        1.5052	          0.1882	   1.6934	        1.5052	 1.7586	 2.0000	4.962e+01	 1.0000	 1.0000	 1.0000	 1.00000	1.080e-01	   8.433	  1266.794
  67	67	 6.9397	 2.8468	   1.6924	        1.5052	          0.1872	   1.6924	        1.5052	 1.7538	 2.0000	4.988e+01	 1.0000	 1.0000	 1.0000	 1.00000	1.082e-01	   8.435	  1275.230
  68	68	 6.9752	 2.8367	   1.6913	        1.5052	          0.1861	   1.6913	        1.5052	 1.7490	 2.0000	5.013e+01	 1.0000	 1.0000	 1.0000	 1.00000	1.084e-01	   8.430	  1283.660
  69	69	 7.0100	 2.8265	   1.6903	        1.5052	          0.1851	   1.6903	        1.5052	 1.7442	 2.0000	5.038e+01	 1.0000	 1.0000	 1.0000	 1.00000	1.086e-01	   8.427	  1292.087
  70	70	 7.0442	 2.8161	   1.6892	        1.5052	          0.1840	   1.6892	        1.5052	 1.7395	 2.0000	5.062e+01	 1.0000	 1.0000	 1.0000	 1.00000	1.087e-01	   8.431	  1300.519
  71	71	 7.0776	 2.8057	   1.6881	        1.5052	          0.1829	   1.6881	        1.5052	 1.7349	 2.0000	5.086e+01	 1.0000	 1.0000	 1.0000	 1.00000	1.089e-01	   8.375	  1308.894
  72	72	 7.1103	 2.7951	   1.6870	        1.5052	          0.1818	   1.6870	        1.5052	 1.7303	 2.0000	5.110e+01	 1.0000	 1.0000	 1.0000	 1.00000	1.091e-01	   8.425	  1317.320
  73	73	 7.1423	 2.7844	   1.6859	        1.5052	          0.1807	   1.6859	        1.5052	 1.7258	 2.0000	5.133e+01	 1.0000	 1.0000	 1.0000	 1.00000	1.092e-01	   8.430	  1325.750
  74	74	 7.1735	 2.7736	   1.6847	        1.5052	          0.1795	   1.6847	        1.5052	 1.7213	 2.0000	5.155e+01	 1.0000	 1.0000	 1.0000	 1.00000	1.094e-01	   8.429	  1334.179
  75	75	 7.2041	 2.7627	   1.6836	        1.5052	          0.1784	   1.6836	        1.5052	 1.7168	 2.0000	5.177e+01	 1.0000	 1.0000	 1.0000	 1.00000	1.096e-01	   8.433	  1342.613
  76	76	 7.2339	 2.7518	   1.6824	        1.5052	          0.1772	   1.6824	        1.5052	 1.7124	 2.0000	5.198e+01	 1.0000	 1.0000	 1.0000	 1.00000	1.098e-01	   8.421	  1351.035
  77	77	 7.2630	 2.7407	   1.6812	        1.5052	          0.1760	   1.6812	        1.5052	 1.7080	 2.0000	5.219e+01	 1.0000	 1.0000	 1.0000	 1.00000	1.099e-01	   8.436	  1359.471
  78	78	 7.2914	 2.7295	   1.6800	        1.5052	          0.1748	   1.6800	        1.5052	 1.7037	 2.0000	5.239e+01	 1.0000	 1.0000	 1.0000	 1.00000	1.101e-01	   8.407	  1367.879
  79	79	 7.3191	 2.7183	   1.6788	        1.5052	          0.1736	   1.6788	        1.5052	 1.6994	 2.0000	5.259e+01	 1.0000	 1.0000	 1.0000	 1.00000	1.103e-01	   8.427	  1376.306
  80	80	 7.3461	 2.7069	   1.6776	        1.5052	          0.1724	   1.6776	        1.5052	 1.6952	 2.0000	5.278e+01	 1.0000	 1.0000	 1.0000	 1.00000	1.105e-01	   8.427	  1384.733
  81	81	 7.3724	 2.6955	   1.6764	        1.5052	          0.1712	   1.6764	        1.5052	 1.6909	 2.0000	5.297e+01	 1.0000	 1.0000	 1.0000	 1.00000	1.107e-01	   8.432	  1393.165
  82	82	 7.3980	 2.6840	   1.6751	        1.5052	          0.1700	   1.6751	        1.5052	 1.6867	 2.0000	5.315e+01	 1.0000	 1.0000	 1.0000	 1.00000	1.109e-01	   8.525	  1401.690
  83	83	 7.4229	 2.6724	   1.6739	        1.5052	          0.1687	   1.6739	        1.5052	 1.6826	 2.0000	5.333e+01	 1.0000	 1.0000	 1.0000	 1.00000	1.110e-01	   8.757	  1410.448
  84	84	 7.4472	 2.6607	   1.6726	        1.5052	          0.1674	   1.6726	        1.5052	 1.6784	 2.0000	5.351e+01	 1.0000	 1.0000	 1.0000	 1.00000	1.112e-01	   8.950	  1419.399
  85	85	 7.4708	 2.6489	   1.6713	        1.5052	          0.1662	   1.6713	        1.5052	 1.6743	 2.0000	5.367e+01	 1.0000	 1.0000	 1.0000	 1.00000	1.114e-01	   8.837	  1428.236
  86	86	 7.4938	 2.6371	   1.6701	        1.5052	          0.1649	   1.6701	        1.5052	 1.6702	 2.0000	5.384e+01	 1.0000	 1.0000	 1.0000	 1.00000	1.116e-01	   8.882	  1437.118
  87	87	 7.5162	 2.6252	   1.6688	        1.5052	          0.1636	   1.6688	        1.5052	 1.6662	 2.0000	5.400e+01	 1.0000	 1.0000	 1.0000	 1.00000	1.118e-01	   8.643	  1445.761
  88	88	 7.5379	 2.6132	   1.6674	        1.5052	          0.1623	   1.6674	        1.5052	 1.6621	 2.0000	5.415e+01	 1.0000	 1.0000	 1.0000	 1.00000	1.119e-01	   9.039	  1454.800
  89	89	 7.5590	 2.6011	   1.6661	        1.5052	          0.1609	   1.6661	        1.5052	 1.6581	 2.0000	5.430e+01	 1.0000	 1.0000	 1.0000	 1.00000	1.121e-01	   8.611	  1463.412
  90	90	 7.5796	 2.5890	   1.6648	        1.5052	          0.1596	   1.6648	        1.5052	 1.6541	 2.0000	5.445e+01	 1.0000	 1.0000	 1.0000	 1.00000	1.123e-01	   9.120	  1472.532
  91	91	 7.5996	 2.5768	   1.6634	        1.5052	          0.1583	   1.6634	        1.5052	 1.6501	 2.0000	5.459e+01	 1.0000	 1.0000	 1.0000	 1.00000	1.125e-01	   8.728	  1481.261
  92	92	 7.6190	 2.5646	   1.6621	        1.5052	          0.1569	   1.6621	        1.5052	 1.6462	 2.0000	5.473e+01	 1.0000	 1.0000	 1.0000	 1.00000	1.127e-01	   9.002	  1490.264
  93	93	 7.6379	 2.5523	   1.6607	        1.5052	          0.1555	   1.6607	        1.5052	 1.6423	 2.0000	5.487e+01	 1.0000	 1.0000	 1.0000	 1.00000	1.129e-01	   8.546	  1498.810
  94	94	 7.6563	 2.5399	   1.6594	        1.5052	          0.1542	   1.6594	        1.5052	 1.6383	 2.0000	5.500e+01	 1.0000	 1.0000	 1.0000	 1.00000	1.130e-01	   8.547	  1507.358
  95	95	 7.6741	 2.5275	   1.6580	        1.5052	          0.1528	   1.6580	        1.5052	 1.6344	 2.0000	5.512e+01	 1.0000	 1.0000	 1.0000	 1.00000	1.132e-01	   9.161	  1516.519
  96	96	 7.6915	 2.5150	   1.6566	        1.5052	          0.1514	   1.6566	        1.5052	 1.6306	 2.0000	5.525e+01	 1.0000	 1.0000	 1.0000	 1.00000	1.134e-01	   8.724	  1525.243
  97	97	 7.7084	 2.5024	   1.6552	        1.5052	          0.1500	   1.6552	        1.5052	 1.6267	 2.0000	5.537e+01	 1.0000	 1.0000	 1.0000	 1.00000	1.136e-01	   9.038	  1534.281
  98	98	 7.7248	 2.4898	   1.6538	        1.5052	          0.1486	   1.6538	        1.5052	 1.6228	 2.0000	5.548e+01	 1.0000	 1.0000	 1.0000	 1.00000	1.137e-01	   8.608	  1542.889
  99	99	 7.7408	 2.4772	   1.6523	        1.5052	          0.1472	   1.6523	        1.5052	 1.6190	 2.0000	5.560e+01	 1.0000	 1.0000	 1.0000	 1.00000	1.139e-01	   9.131	  1552.019
 100	100	 7.7563	 2.4645	   1.6509	        1.5052	          0.1457	   1.6509	        1.5052	 1.6152	 2.0000	5.571e+01	 1.0000	 1.0000	 1.0000	 1.00000	1.141e-01	   8.624	  1560.644
 101	101	 7.7715	 2.4517	   1.6495	        1.5052	          0.1443	   1.6495	        1.5052	 1.6114	 2.0000	5.582e+01	 1.0000	 1.0000	 1.0000	 1.00000	1.142e-01	   9.196	  1569.840
 102	102	 7.7862	 2.4389	   1.6480	        1.5052	          0.1429	   1.6480	        1.5052	 1.6076	 2.0000	5.592e+01	 1.0000	 1.0000	 1.0000	 1.00000	1.144e-01	   8.539	  1578.379
 103	103	 7.8006	 2.4261	   1.6466	        1.5052	          0.1414	   1.6466	        1.5052	 1.6038	 2.0000	5.602e+01	 1.0000	 1.0000	 1.0000	 1.00000	1.146e-01	   8.814	  1587.194
 104	104	 7.8146	 2.4132	   1.6451	        1.5052	          0.1400	   1.6451	        1.5052	 1.6000	 2.0000	5.612e+01	 1.0000	 1.0000	 1.0000	 1.00000	1.147e-01	   8.855	  1596.049
 105	105	 7.8282	 2.4003	   1.6437	        1.5052	          0.1385	   1.6437	        1.5052	 1.5963	 2.0000	5.622e+01	 1.0000	 1.0000	 1.0000	 1.00000	1.149e-01	   8.636	  1604.685
 106	106	 7.8415	 2.3873	   1.6422	        1.5052	          0.1370	   1.6422	        1.5052	 1.5925	 2.0000	5.631e+01	 1.0000	 1.0000	 1.0000	 1.00000	1.151e-01	   9.084	  1613.769
 107	107	 7.8545	 2.3743	   1.6407	        1.5052	          0.1355	   1.6407	        1.5052	 1.5888	 2.0000	5.640e+01	 1.0000	 1.0000	 1.0000	 1.00000	1.152e-01	   8.606	  1622.375
 108	108	 7.8671	 2.3613	   1.6392	        1.5052	          0.1340	   1.6392	        1.5052	 1.5850	 2.0000	5.649e+01	 1.0000	 1.0000	 1.0000	 1.00000	1.154e-01	   9.076	  1631.452
 109	109	 7.8795	 2.3482	   1.6377	        1.5052	          0.1326	   1.6377	        1.5052	 1.5813	 2.0000	5.658e+01	 1.0000	 1.0000	 1.0000	 1.00000	1.155e-01	   8.600	  1640.052
 110	110	 7.8916	 2.3351	   1.6362	        1.5052	          0.1311	   1.6362	        1.5052	 1.5776	 2.0000	5.667e+01	 1.0000	 1.0000	 1.0000	 1.00000	1.157e-01	   8.776	  1648.828
 111	111	 7.9033	 2.3220	   1.6347	        1.5052	          0.1296	   1.6347	        1.5052	 1.5739	 2.0000	5.675e+01	 1.0000	 1.0000	 1.0000	 1.00000	1.158e-01	   8.912	  1657.741
 112	112	 7.9149	 2.3088	   1.6332	        1.5052	          0.1280	   1.6332	        1.5052	 1.5703	 2.0000	5.683e+01	 1.0000	 1.0000	 1.0000	 1.00000	1.159e-01	   8.498	  1666.239
 113	113	 7.9262	 2.2956	   1.6317	        1.5052	          0.1265	   1.6317	        1.5052	 1.5666	 2.0000	5.691e+01	 1.0000	 1.0000	 1.0000	 1.00000	1.161e-01	   8.670	  1674.910
 114	114	 7.9372	 2.2824	   1.6302	        1.5052	          0.1250	   1.6302	        1.5052	 1.5629	 2.0000	5.699e+01	 1.0000	 1.0000	 1.0000	 1.00000	1.162e-01	   9.043	  1683.953
 115	115	 7.9480	 2.2692	   1.6287	        1.5052	          0.1235	   1.6287	        1.5052	 1.5593	 2.0000	5.707e+01	 1.0000	 1.0000	 1.0000	 1.00000	1.163e-01	   8.820	  1692.774
 116	116	 7.9586	 2.2559	   1.6271	        1.5052	          0.1220	   1.6271	        1.5052	 1.5556	 2.0000	5.714e+01	 1.0000	 1.0000	 1.0000	 1.00000	1.164e-01	   8.944	  1701.718
 117	117	 7.9690	 2.2426	   1.6256	        1.5052	          0.1204	   1.6256	        1.5052	 1.5520	 2.0000	5.721e+01	 1.0000	 1.0000	 1.0000	 1.00000	1.165e-01	   8.763	  1710.482
 118	118	 7.9792	 2.2293	   1.6241	        1.5052	          0.1189	   1.6241	        1.5052	 1.5484	 2.0000	5.729e+01	 1.0000	 1.0000	 1.0000	 1.00000	1.167e-01	   8.983	  1719.465
 119	119	 7.9892	 2.2160	   1.6225	        1.5052	          0.1173	   1.6225	        1.5052	 1.5448	 2.0000	5.736e+01	 1.0000	 1.0000	 1.0000	 1.00000	1.168e-01	   9.220	  1728.686
 120	120	 7.9990	 2.2027	   1.6210	        1.5052	          0.1158	   1.6210	        1.5052	 1.5412	 2.0000	5.743e+01	 1.0000	 1.0000	 1.0000	 1.00000	1.169e-01	   8.622	  1737.308
 121	121	 8.0086	 2.1894	   1.6194	        1.5052	          0.1143	   1.6194	        1.5052	 1.5376	 2.0000	5.749e+01	 1.0000	 1.0000	 1.0000	 1.00000	1.169e-01	   8.847	  1746.155
 122	122	 8.0181	 2.1760	   1.6179	        1.5052	          0.1127	   1.6179	        1.5052	 1.5341	 2.0000	5.756e+01	 1.0000	 1.0000	 1.0000	 1.00000	1.170e-01	   8.939	  1755.094
 123	123	 8.0275	 2.1627	   1.6163	        1.5052	          0.1112	   1.6163	        1.5052	 1.5305	 2.0000	5.763e+01	 1.0000	 1.0000	 1.0000	 1.00000	1.171e-01	   8.973	  1764.068
 124	124	 8.0366	 2.1493	   1.6148	        1.5052	          0.1096	   1.6148	        1.5052	 1.5270	 2.0000	5.769e+01	 1.0000	 1.0000	 1.0000	 1.00000	1.172e-01	   8.765	  1772.833
 125	125	 8.0457	 2.1360	   1.6132	        1.5052	          0.1081	   1.6132	        1.5052	 1.5234	 2.0000	5.775e+01	 1.0000	 1.0000	 1.0000	 1.00000	1.172e-01	   8.463	  1781.297
 126	126	 8.0546	 2.1226	   1.6117	        1.5052	          0.1065	   1.6117	        1.5052	 1.5199	 2.0000	5.782e+01	 1.0000	 1.0000	 1.0000	 1.00000	1.173e-01	   9.190	  1790.487
 127	127	 8.0634	 2.1093	   1.6101	        1.5052	          0.1049	   1.6101	        1.5052	 1.5164	 2.0000	5.788e+01	 1.0000	 1.0000	 1.0000	 1.00000	1.173e-01	   8.523	  1799.009
 128	128	 8.0720	 2.0959	   1.6086	        1.5052	          0.1034	   1.6086	        1.5052	 1.5129	 2.0000	5.794e+01	 1.0000	 1.0000	 1.0000	 1.00000	1.174e-01	   8.499	  1807.509
 129	129	 8.0805	 2.0826	   1.6070	        1.5052	          0.1018	   1.6070	        1.5052	 1.5094	 2.0000	5.800e+01	 1.0000	 1.0000	 1.0000	 1.00000	1.174e-01	   8.563	  1816.072
 130	130	 8.0890	 2.0693	   1.6055	        1.5052	          0.1003	   1.6055	        1.5052	 1.5060	 2.0000	5.806e+01	 1.0000	 1.0000	 1.0000	 1.00000	1.174e-01	   9.116	  1825.187
 131	131	 8.0973	 2.0560	   1.6039	        1.5052	          0.0987	   1.6039	        1.5052	 1.5025	 2.0000	5.812e+01	 1.0000	 1.0000	 1.0000	 1.00000	1.174e-01	   8.421	  1833.609
 132	132	 8.1055	 2.0427	   1.6024	        1.5052	          0.0972	   1.6024	        1.5052	 1.4991	 2.0000	5.817e+01	 1.0000	 1.0000	 1.0000	 1.00000	1.174e-01	   8.421	  1842.029
 133	133	 8.1136	 2.0294	   1.6008	        1.5052	          0.0956	   1.6008	        1.5052	 1.4957	 2.0000	5.823e+01	 1.0000	 1.0000	 1.0000	 1.00000	1.174e-01	   8.430	  1850.459
 134	134	 8.1216	 2.0161	   1.5993	        1.5052	          0.0941	   1.5993	        1.5052	 1.4923	 2.0000	5.829e+01	 1.0000	 1.0000	 1.0000	 1.00000	1.174e-01	   8.428	  1858.888
 135	135	 8.1295	 2.0029	   1.5977	        1.5052	          0.0925	   1.5977	        1.5052	 1.4889	 2.0000	5.834e+01	 1.0000	 1.0000	 1.0000	 1.00000	1.174e-01	   8.427	  1867.315
 136	136	 8.1374	 1.9897	   1.5962	        1.5052	          0.0910	   1.5962	        1.5052	 1.4856	 2.0000	5.840e+01	 1.0000	 1.0000	 1.0000	 1.00000	1.173e-01	   8.431	  1875.747
 137	137	 8.1451	 1.9765	   1.5947	        1.5052	          0.0895	   1.5947	        1.5052	 1.4822	 2.0000	5.845e+01	 1.0000	 1.0000	 1.0000	 1.00000	1.173e-01	   8.421	  1884.168
 138	138	 8.1528	 1.9634	   1.5931	        1.5052	          0.0879	   1.5931	        1.5052	 1.4789	 2.0000	5.851e+01	 1.0000	 1.0000	 1.0000	 1.00000	1.172e-01	   8.420	  1892.588
 139	139	 8.1604	 1.9503	   1.5916	        1.5052	          0.0864	   1.5916	        1.5052	 1.4756	 2.0000	5.856e+01	 1.0000	 1.0000	 1.0000	 1.00000	1.172e-01	   8.420	  1901.008
 140	140	 8.1679	 1.9372	   1.5901	        1.5052	          0.0849	   1.5901	        1.5052	 1.4723	 2.0000	5.861e+01	 1.0000	 1.0000	 1.0000	 1.00000	1.171e-01	   8.419	  1909.427
 141	141	 8.1753	 1.9242	   1.5886	        1.5052	          0.0834	   1.5886	        1.5052	 1.4691	 2.0000	5.866e+01	 1.0000	 1.0000	 1.0000	 1.00000	1.170e-01	   8.428	  1917.856
 142	142	 8.1827	 1.9112	   1.5871	        1.5052	          0.0819	   1.5871	        1.5052	 1.4658	 2.0000	5.872e+01	 1.0000	 1.0000	 1.0000	 1.00000	1.168e-01	   8.428	  1926.284
 143	143	 8.1900	 1.8982	   1.5856	        1.5052	          0.0804	   1.5856	        1.5052	 1.4626	 2.0000	5.877e+01	 1.0000	 1.0000	 1.0000	 1.00000	1.167e-01	   8.423	  1934.707
 144	144	 8.1972	 1.8854	   1.5841	        1.5052	          0.0789	   1.5841	        1.5052	 1.4594	 2.0000	5.882e+01	 1.0000	 1.0000	 1.0000	 1.00000	1.166e-01	   8.425	  1943.133
 145	145	 8.2043	 1.8725	   1.5826	        1.5052	          0.0774	   1.5826	        1.5052	 1.4562	 2.0000	5.887e+01	 1.0000	 1.0000	 1.0000	 1.00000	1.164e-01	   8.430	  1951.563
 146	146	 8.2114	 1.8598	   1.5811	        1.5052	          0.0759	   1.5811	        1.5052	 1.4531	 2.0000	5.892e+01	 1.0000	 1.0000	 1.0000	 1.00000	1.163e-01	   8.428	  1959.992
 147	147	 8.2184	 1.8470	   1.5796	        1.5052	          0.0744	   1.5796	        1.5052	 1.4500	 2.0000	5.897e+01	 1.0000	 1.0000	 1.0000	 1.00000	1.161e-01	   8.430	  1968.422
 148	148	 8.2253	 1.8344	   1.5782	        1.5052	          0.0730	   1.5782	        1.5052	 1.4469	 2.0000	5.901e+01	 1.0000	 1.0000	 1.0000	 1.00000	1.159e-01	   8.433	  1976.855
 149	149	 8.2322	 1.8218	   1.5767	        1.5052	          0.0715	   1.5767	        1.5052	 1.4438	 2.0000	5.906e+01	 1.0000	 1.0000	 1.0000	 1.00000	1.157e-01	   8.421	  1985.277
 150	150	 8.2389	 1.8093	   1.5753	        1.5052	          0.0701	   1.5753	        1.5052	 1.4408	 2.0000	5.911e+01	 1.0000	 1.0000	 1.0000	 1.00000	1.154e-01	   8.422	  1993.699
 151	151	 8.2456	 1.7969	   1.5739	        1.5052	          0.0687	   1.5739	        1.5052	 1.4377	 2.0000	5.916e+01	 1.0000	 1.0000	 1.0000	 1.00000	1.152e-01	   8.390	  2002.089
 152	152	 8.2523	 1.7845	   1.5725	        1.5052	          0.0673	   1.5725	        1.5052	 1.4348	 2.0000	5.920e+01	 1.0000	 1.0000	 1.0000	 1.00000	1.149e-01	   8.393	  2010.481
 153	153	 8.2588	 1.7722	   1.5711	        1.5052	          0.0659	   1.5711	        1.5052	 1.4318	 2.0000	5.925e+01	 1.0000	 1.0000	 1.0000	 1.00000	1.146e-01	   8.425	  2018.907
 154	154	 8.2653	 1.7601	   1.5697	        1.5052	          0.0645	   1.5697	        1.5052	 1.4289	 2.0000	5.929e+01	 1.0000	 1.0000	 1.0000	 1.00000	1.143e-01	   8.430	  2027.337
 155	155	 8.2717	 1.7480	   1.5683	        1.5052	          0.0631	   1.5683	        1.5052	 1.4260	 2.0000	5.934e+01	 1.0000	 1.0000	 1.0000	 1.00000	1.140e-01	   8.420	  2035.757
 156	156	 8.2780	 1.7360	   1.5669	        1.5052	          0.0618	   1.5669	        1.5052	 1.4231	 2.0000	5.938e+01	 1.0000	 1.0000	 1.0000	 1.00000	1.137e-01	   8.421	  2044.178
 157	157	 8.2842	 1.7240	   1.5656	        1.5052	          0.0604	   1.5656	        1.5052	 1.4203	 2.0000	5.943e+01	 1.0000	 1.0000	 1.0000	 1.00000	1.133e-01	   8.429	  2052.608
 158	158	 8.2904	 1.7122	   1.5643	        1.5052	          0.0591	   1.5643	        1.5052	 1.4175	 2.0000	5.947e+01	 1.0000	 1.0000	 1.0000	 1.00000	1.130e-01	   8.448	  2061.056
 159	159	 8.2964	 1.7005	   1.5630	        1.5052	          0.0578	   1.5630	        1.5052	 1.4147	 2.0000	5.951e+01	 1.0000	 1.0000	 1.0000	 1.00000	1.126e-01	   8.462	  2069.518
 160	160	 8.3024	 1.6889	   1.5617	        1.5052	          0.0565	   1.5617	        1.5052	 1.4120	 2.0000	5.955e+01	 1.0000	 1.0000	 1.0000	 1.00000	1.122e-01	   8.445	  2077.964
 161	161	 8.3083	 1.6774	   1.5604	        1.5052	          0.0552	   1.5604	        1.5052	 1.4093	 2.0000	5.959e+01	 1.0000	 1.0000	 1.0000	 1.00000	1.118e-01	   8.440	  2086.404
 162	162	 8.3140	 1.6661	   1.5591	        1.5052	          0.0539	   1.5591	        1.5052	 1.4066	 2.0000	5.963e+01	 1.0000	 1.0000	 1.0000	 1.00000	1.113e-01	   8.408	  2094.813
 163	163	 8.3197	 1.6548	   1.5579	        1.5052	          0.0527	   1.5579	        1.5052	 1.4040	 2.0000	5.967e+01	 1.0000	 1.0000	 1.0000	 1.00000	1.109e-01	   8.446	  2103.258
 164	164	 8.3253	 1.6437	   1.5567	        1.5052	          0.0515	   1.5567	        1.5052	 1.4014	 2.0000	5.971e+01	 1.0000	 1.0000	 1.0000	 1.00000	1.104e-01	   8.449	  2111.708
 165	165	 8.3308	 1.6327	   1.5554	        1.5052	          0.0503	   1.5554	        1.5052	 1.3989	 2.0000	5.975e+01	 1.0000	 1.0000	 1.0000	 1.00000	1.099e-01	   8.455	  2120.163
 166	166	 8.3361	 1.6218	   1.5543	        1.5052	          0.0491	   1.5543	        1.5052	 1.3964	 2.0000	5.979e+01	 1.0000	 1.0000	 1.0000	 1.00000	1.094e-01	   8.451	  2128.615
 167	167	 8.3414	 1.6110	   1.5531	        1.5052	          0.0479	   1.5531	        1.5052	 1.3939	 2.0000	5.982e+01	 1.0000	 1.0000	 1.0000	 1.00000	1.089e-01	   8.439	  2137.054
 168	168	 8.3465	 1.6004	   1.5519	        1.5052	          0.0468	   1.5519	        1.5052	 1.3915	 2.0000	5.986e+01	 1.0000	 1.0000	 1.0000	 1.00000	1.083e-01	   8.431	  2145.485
 169	169	 8.3515	 1.5899	   1.5508	        1.5052	          0.0456	   1.5508	        1.5052	 1.3891	 2.0000	5.989e+01	 1.0000	 1.0000	 1.0000	 1.00000	1.078e-01	   8.426	  2153.911
 170	170	 8.3564	 1.5796	   1.5497	        1.5052	          0.0445	   1.5497	        1.5052	 1.3867	 2.0000	5.993e+01	 1.0000	 1.0000	 1.0000	 1.00000	1.072e-01	   8.499	  2162.410
 171	171	 8.3611	 1.5694	   1.5486	        1.5052	          0.0434	   1.5486	        1.5052	 1.3844	 2.0000	5.996e+01	 1.0000	 1.0000	 1.0000	 1.00000	1.066e-01	   8.457	  2170.868
 172	172	 8.3658	 1.5593	   1.5476	        1.5052	          0.0424	   1.5476	        1.5052	 1.3821	 2.0000	5.999e+01	 1.0000	 1.0000	 1.0000	 1.00000	1.060e-01	   8.433	  2179.301
 173	173	 8.3702	 1.5494	   1.5465	        1.5052	          0.0413	   1.5465	        1.5052	 1.3799	 2.0000	6.003e+01	 1.0000	 1.0000	 1.0000	 1.00000	1.054e-01	   8.438	  2187.739
 174	174	 8.3746	 1.5396	   1.5455	        1.5052	          0.0403	   1.5455	        1.5052	 1.3777	 2.0000	6.006e+01	 1.0000	 1.0000	 1.0000	 1.00000	1.047e-01	   8.439	  2196.178
 175	175	 8.3788	 1.5300	   1.5445	        1.5052	          0.0393	   1.5445	        1.5052	 1.3755	 2.0000	6.008e+01	 1.0000	 1.0000	 1.0000	 1.00000	1.041e-01	   8.443	  2204.621
 176	176	 8.3828	 1.5206	   1.5435	        1.5052	          0.0383	   1.5435	        1.5052	 1.3734	 2.0000	6.011e+01	 1.0000	 1.0000	 1.0000	 1.00000	1.034e-01	   8.446	  2213.067
 177	177	 8.3867	 1.5113	   1.5426	        1.5052	          0.0374	   1.5426	        1.5052	 1.3713	 2.0000	6.014e+01	 1.0000	 1.0000	 1.0000	 1.00000	1.028e-01	   8.454	  2221.522
 178	178	 8.3905	 1.5021	   1.5416	        1.5052	          0.0365	   1.5416	        1.5052	 1.3692	 2.0000	6.017e+01	 1.0000	 1.0000	 1.0000	 1.00000	1.021e-01	   8.449	  2229.970
 179	179	 8.3941	 1.4932	   1.5407	        1.5052	          0.0356	   1.5407	        1.5052	 1.3672	 2.0000	6.019e+01	 1.0000	 1.0000	 1.0000	 1.00000	1.014e-01	   8.456	  2238.426
 180	180	 8.3975	 1.4844	   1.5399	        1.5052	          0.0347	   1.5399	        1.5052	 1.3653	 2.0000	6.021e+01	 1.0000	 1.0000	 1.0000	 1.00000	1.006e-01	   8.448	  2246.874
 181	181	 8.4007	 1.4757	   1.5390	        1.5052	          0.0338	   1.5390	        1.5052	 1.3633	 2.0000	6.024e+01	 1.0000	 1.0000	 1.0000	 1.00000	9.993e-02	   8.426	  2255.300
 182	182	 8.4038	 1.4672	   1.5382	        1.5052	          0.0330	   1.5382	        1.5052	 1.3614	 2.0000	6.026e+01	 1.0000	 1.0000	 1.0000	 1.00000	9.919e-02	   8.432	  2263.733
 183	183	 8.4067	 1.4589	   1.5373	        1.5052	          0.0321	   1.5373	        1.5052	 1.3596	 2.0000	6.028e+01	 1.0000	 1.0000	 1.0000	 1.00000	9.845e-02	   8.408	  2272.141
 184	184	 8.4094	 1.4507	   1.5365	        1.5052	          0.0314	   1.5365	        1.5052	 1.3578	 2.0000	6.030e+01	 1.0000	 1.0000	 1.0000	 1.00000	9.770e-02	   8.442	  2280.583
 185	185	 8.4120	 1.4427	   1.5358	        1.5052	          0.0306	   1.5358	        1.5052	 1.3560	 2.0000	6.031e+01	 1.0000	 1.0000	 1.0000	 1.00000	9.694e-02	   8.444	  2289.027
 186	186	 8.4143	 1.4349	   1.5350	        1.5052	          0.0298	   1.5350	        1.5052	 1.3543	 2.0000	6.033e+01	 1.0000	 1.0000	 1.0000	 1.00000	9.618e-02	   8.447	  2297.474
 187	187	 8.4165	 1.4273	   1.5343	        1.5052	          0.0291	   1.5343	        1.5052	 1.3526	 2.0000	6.034e+01	 1.0000	 1.0000	 1.0000	 1.00000	9.541e-02	   8.447	  2305.921
 188	188	 8.4184	 1.4198	   1.5336	        1.5052	          0.0284	   1.5336	        1.5052	 1.3509	 2.0000	6.036e+01	 1.0000	 1.0000	 1.0000	 1.00000	9.463e-02	   8.445	  2314.366
 189	189	 8.4202	 1.4125	   1.5329	        1.5052	          0.0277	   1.5329	        1.5052	 1.3493	 2.0000	6.037e+01	 1.0000	 1.0000	 1.0000	 1.00000	9.386e-02	   8.445	  2322.812
 190	190	 8.4218	 1.4053	   1.5322	        1.5052	          0.0270	   1.5322	        1.5052	 1.3477	 2.0000	6.038e+01	 1.0000	 1.0000	 1.0000	 1.00000	9.308e-02	   8.448	  2331.260
 191	191	 8.4232	 1.3983	   1.5316	        1.5052	          0.0264	   1.5316	        1.5052	 1.3461	 2.0000	6.039e+01	 1.0000	 1.0000	 1.0000	 1.00000	9.229e-02	   8.441	  2339.702
 192	192	 8.4243	 1.3915	   1.5309	        1.5052	          0.0258	   1.5309	        1.5052	 1.3446	 2.0000	6.040e+01	 1.0000	 1.0000	 1.0000	 1.00000	9.151e-02	   8.443	  2348.145
 193	193	 8.4253	 1.3849	   1.5303	        1.5052	          0.0252	   1.5303	        1.5052	 1.3431	 2.0000	6.040e+01	 1.0000	 1.0000	 1.0000	 1.00000	9.073e-02	   8.438	  2356.583
 194	194	 8.4260	 1.3784	   1.5298	        1.5052	          0.0246	   1.5298	        1.5052	 1.3417	 2.0000	6.041e+01	 1.0000	 1.0000	 1.0000	 1.00000	8.994e-02	   8.433	  2365.017
 195	195	 8.4266	 1.3720	   1.5292	        1.5052	          0.0240	   1.5292	        1.5052	 1.3402	 2.0000	6.041e+01	 1.0000	 1.0000	 1.0000	 1.00000	8.916e-02	   8.424	  2373.442
 196	196	 8.4269	 1.3659	   1.5286	        1.5052	          0.0235	   1.5286	        1.5052	 1.3388	 2.0000	6.041e+01	 1.0000	 1.0000	 1.0000	 1.00000	8.838e-02	   8.434	  2381.876
 197	197	 8.4270	 1.3599	   1.5281	        1.5052	          0.0229	   1.5281	        1.5052	 1.3375	 2.0000	6.041e+01	 1.0000	 1.0000	 1.0000	 1.00000	8.761e-02	   8.419	  2390.295
 198	198	 8.4269	 1.3540	   1.5276	        1.5052	          0.0224	   1.5276	        1.5052	 1.3361	 2.0000	6.041e+01	 1.0000	 1.0000	 1.0000	 1.00000	8.683e-02	   6.502	  2396.797
 199	199	 8.4266	 1.3483	   1.5271	        1.5052	          0.0219	   1.5271	        1.5052	 1.3348	 2.0000	6.041e+01	 1.0000	 1.0000	 1.0000	 1.00000	8.606e-02	   3.045	  2399.842
 200	200	 8.4261	 1.3428	   1.5266	        1.5052	          0.0215	   1.5266	        1.5052	 1.3336	 2.0000	6.041e+01	 1.0000	 1.0000	 1.0000	 1.00000	8.530e-02	   2.841	  2402.683

[MINIMAX] Finished on device cuda -> σ_f² ≈ 8.4261, σ_ε² ≈ 1.3428
