[GPU 4][JOB 93] 'python cli.py bsgd --n 1024 --lengthscale 0.5 --sigma-f2-true 4.0 --sigma-eps2-true 1.0 --n-epochs 200 --device auto --kernel-mode finite --theta-min 1e-4 --theta-max 20.0 --print-every 1 --seed 2 --batch-size 256 --sigma-f2-init 5.0 --sigma-eps2-init 3.0 --alpha1 9.0 '

=== BSGD (biased SGD on exact kernel) ===
iter	epoch	σ_f²	σ_ε²	real_nlml	real_nlml_true	real_nlml_abs_err	mini_nlml	||grad||	duration_s	wall_time_s
   1	 1	 4.4659	 2.0488	   1.5786	        1.4710	          0.1076	   1.6524	1.243e-01	   0.244	     0.289
   2	 1	 4.1639	 1.5590	   1.5181	        1.4710	          0.0471	   1.6313	1.175e-01	   0.013	     0.621
   3	 1	 4.0233	 1.2818	   1.4882	        1.4710	          0.0172	   1.6169	9.244e-02	   0.017	     0.859
   4	 1	 3.9887	 1.0716	   1.4732	        1.4710	          0.0022	   1.5808	4.402e-02	   0.028	     1.223
   5	 2	 3.9341	 0.9658	   1.4707	        1.4710	          0.0003	   1.5559	8.546e-04	   0.030	     1.732
   6	 2	 3.8995	 1.0474	   1.4722	        1.4710	          0.0012	   1.6388	3.542e-02	   0.040	     2.361
   7	 2	 3.8388	 1.0069	   1.4710	        1.4710	          0.0000	   1.5732	1.906e-02	   0.042	     3.076
   8	 2	 3.8177	 0.9424	   1.4708	        1.4710	          0.0002	   1.5346	1.326e-02	   0.038	     3.815
   9	 3	 3.8108	 0.9698	   1.4706	        1.4710	          0.0004	   1.5904	1.660e-03	   0.038	     4.548
  10	 3	 3.7878	 0.9177	   1.4713	        1.4710	          0.0002	   1.5212	2.808e-02	   0.035	     5.289
  11	 3	 3.7434	 0.9400	   1.4708	        1.4710	          0.0002	   1.5761	1.465e-02	   0.046	     6.034
  12	 3	 3.7280	 0.9924	   1.4707	        1.4710	          0.0003	   1.6328	1.256e-02	   0.041	     6.775
  13	 4	 3.7232	 0.9575	   1.4706	        1.4710	          0.0004	   1.5511	4.937e-03	   0.042	     7.535
  14	 4	 3.7001	 0.9606	   1.4705	        1.4710	          0.0005	   1.5747	3.283e-03	   0.049	     8.292
  15	 4	 3.6746	 0.9295	   1.4709	        1.4710	          0.0001	   1.5049	2.081e-02	   0.043	     9.024
  16	 4	 3.6743	 0.9846	   1.4706	        1.4710	          0.0004	   1.6553	8.841e-03	   0.041	     9.769
  17	 5	 3.6628	 0.9917	   1.4707	        1.4710	          0.0003	   1.6019	1.220e-02	   0.041	    10.519
  18	 5	 3.6696	 0.9842	   1.4706	        1.4710	          0.0004	   1.5776	8.647e-03	   0.039	    11.297
  19	 5	 3.6671	 0.9780	   1.4706	        1.4710	          0.0004	   1.5745	5.665e-03	   0.041	    12.045
  20	 5	 3.6435	 0.9791	   1.4705	        1.4710	          0.0005	   1.5799	6.207e-03	   0.041	    12.788
  21	 6	 3.6276	 0.9596	   1.4705	        1.4710	          0.0005	   1.5271	3.796e-03	   0.045	    13.543
  22	 6	 3.6214	 0.9625	   1.4705	        1.4710	          0.0005	   1.5826	2.281e-03	   0.041	    14.274
  23	 6	 3.6288	 0.9622	   1.4705	        1.4710	          0.0005	   1.5783	2.460e-03	   0.039	    15.012
  24	 6	 3.6041	 0.9773	   1.4705	        1.4710	          0.0005	   1.6092	5.300e-03	   0.036	    15.763
  25	 7	 3.5850	 0.9958	   1.4707	        1.4710	          0.0003	   1.6215	1.408e-02	   0.043	    16.508
  26	 7	 3.5786	 0.9726	   1.4705	        1.4710	          0.0005	   1.5274	2.983e-03	   0.041	    17.253
  27	 7	 3.5764	 0.9799	   1.4705	        1.4710	          0.0005	   1.6068	6.546e-03	   0.040	    18.018
  28	 7	 3.5689	 0.9715	   1.4705	        1.4710	          0.0005	   1.5490	2.414e-03	   0.044	    18.819
  29	 8	 3.5522	 0.9640	   1.4705	        1.4710	          0.0005	   1.5453	1.487e-03	   0.042	    19.575
  30	 8	 3.5526	 0.9780	   1.4705	        1.4710	          0.0005	   1.6175	5.630e-03	   0.042	    20.326
  31	 8	 3.5464	 0.9847	   1.4706	        1.4710	          0.0005	   1.6052	8.861e-03	   0.035	    21.097
  32	 8	 3.5547	 0.9688	   1.4705	        1.4710	          0.0005	   1.5449	1.073e-03	   0.041	    21.892
  33	 9	 3.5540	 0.9633	   1.4705	        1.4710	          0.0005	   1.5630	1.872e-03	   0.040	    22.676
  34	 9	 3.5407	 0.9650	   1.4705	        1.4710	          0.0005	   1.5728	9.872e-04	   0.041	    23.436
  35	 9	 3.5338	 0.9622	   1.4705	        1.4710	          0.0005	   1.5609	2.418e-03	   0.042	    24.189
  36	 9	 3.5382	 0.9564	   1.4705	        1.4710	          0.0005	   1.5572	5.534e-03	   0.038	    24.932
  37	10	 3.5306	 0.9627	   1.4705	        1.4710	          0.0005	   1.5985	2.162e-03	   0.039	    25.667
  38	10	 3.5294	 0.9592	   1.4705	        1.4710	          0.0005	   1.5576	4.016e-03	   0.039	    26.409
  39	10	 3.5270	 0.9596	   1.4705	        1.4710	          0.0005	   1.5752	3.796e-03	   0.040	    27.159
  40	10	 3.5248	 0.9669	   1.4705	        1.4710	          0.0005	   1.6067	3.180e-04	   0.040	    27.905
  41	11	 3.5192	 0.9747	   1.4705	        1.4710	          0.0005	   1.6084	3.970e-03	   0.037	    28.641
  42	11	 3.5130	 0.9750	   1.4705	        1.4710	          0.0005	   1.5755	4.126e-03	   0.044	    29.415
  43	11	 3.5137	 0.9771	   1.4705	        1.4710	          0.0005	   1.6013	5.196e-03	   0.039	    30.157
  44	11	 3.5123	 0.9704	   1.4705	        1.4710	          0.0005	   1.5477	1.839e-03	   0.040	    30.898
  45	12	 3.5134	 0.9629	   1.4705	        1.4710	          0.0005	   1.5425	2.077e-03	   0.035	    31.634
  46	12	 3.5203	 0.9647	   1.4705	        1.4710	          0.0005	   1.5877	1.162e-03	   0.041	    32.380
  47	12	 3.5184	 0.9594	   1.4705	        1.4710	          0.0005	   1.5524	3.935e-03	   0.038	    33.163
  48	12	 3.5136	 0.9711	   1.4705	        1.4710	          0.0005	   1.6380	2.174e-03	   0.042	    33.913
  49	13	 3.5123	 0.9679	   1.4705	        1.4710	          0.0005	   1.5665	6.016e-04	   0.041	    34.663
  50	13	 3.5100	 0.9784	   1.4705	        1.4710	          0.0005	   1.6327	5.799e-03	   0.037	    35.401
  51	13	 3.5073	 0.9738	   1.4705	        1.4710	          0.0005	   1.5519	3.563e-03	   0.037	    36.145
  52	13	 3.5060	 0.9703	   1.4705	        1.4710	          0.0005	   1.5613	1.813e-03	   0.035	    36.886
  53	14	 3.5036	 0.9762	   1.4705	        1.4710	          0.0005	   1.6145	4.714e-03	   0.044	    37.644
  54	14	 3.5082	 0.9859	   1.4706	        1.4710	          0.0005	   1.6470	9.445e-03	   0.039	    38.426
  55	14	 3.5039	 0.9775	   1.4705	        1.4710	          0.0005	   1.5278	5.397e-03	   0.044	    39.241
  56	14	 3.4951	 0.9669	   1.4705	        1.4710	          0.0005	   1.5104	2.807e-04	   0.043	    40.032
  57	15	 3.4972	 0.9551	   1.4705	        1.4710	          0.0005	   1.5066	6.221e-03	   0.044	    40.811
  58	15	 3.4931	 0.9547	   1.4705	        1.4710	          0.0005	   1.5714	6.455e-03	   0.039	    41.585
  59	15	 3.4931	 0.9623	   1.4705	        1.4710	          0.0005	   1.6226	2.366e-03	   0.036	    42.349
  60	15	 3.4912	 0.9598	   1.4705	        1.4710	          0.0005	   1.5569	3.715e-03	   0.042	    43.128
  61	16	 3.4911	 0.9525	   1.4705	        1.4710	          0.0005	   1.5209	7.622e-03	   0.045	    43.922
  62	16	 3.4806	 0.9586	   1.4705	        1.4710	          0.0005	   1.5934	4.319e-03	   0.041	    44.701
  63	16	 3.4816	 0.9555	   1.4705	        1.4710	          0.0005	   1.5635	5.978e-03	   0.044	    45.453
  64	16	 3.4834	 0.9607	   1.4705	        1.4710	          0.0005	   1.6173	3.206e-03	   0.037	    46.189
  65	17	 3.4859	 0.9526	   1.4705	        1.4710	          0.0005	   1.5263	7.578e-03	   0.036	    46.929
  66	17	 3.4859	 0.9664	   1.4705	        1.4710	          0.0005	   1.6667	3.724e-04	   0.034	    47.678
  67	17	 3.4852	 0.9706	   1.4705	        1.4710	          0.0005	   1.5947	1.928e-03	   0.040	    48.423
  68	17	 3.4780	 0.9680	   1.4705	        1.4710	          0.0006	   1.5609	6.469e-04	   0.041	    49.162
  69	18	 3.4737	 0.9641	   1.4705	        1.4710	          0.0006	   1.5413	1.435e-03	   0.039	    49.901
  70	18	 3.4726	 0.9618	   1.4705	        1.4710	          0.0005	   1.5618	2.634e-03	   0.043	    50.677
  71	18	 3.4716	 0.9667	   1.4704	        1.4710	          0.0006	   1.6090	2.709e-04	   0.042	    51.419
  72	18	 3.4721	 0.9723	   1.4705	        1.4710	          0.0005	   1.6291	2.790e-03	   0.041	    52.161
  73	19	 3.4730	 0.9723	   1.4705	        1.4710	          0.0005	   1.5851	2.796e-03	   0.033	    52.904
  74	19	 3.4700	 0.9687	   1.4704	        1.4710	          0.0006	   1.5511	9.967e-04	   0.036	    53.651
  75	19	 3.4697	 0.9687	   1.4704	        1.4710	          0.0006	   1.5743	9.565e-04	   0.044	    54.425
  76	19	 3.4707	 0.9674	   1.4704	        1.4710	          0.0006	   1.5746	3.558e-04	   0.041	    55.176
  77	20	 3.4700	 0.9688	   1.4704	        1.4710	          0.0006	   1.5925	1.027e-03	   0.041	    55.927
  78	20	 3.4706	 0.9675	   1.4704	        1.4710	          0.0006	   1.5766	4.144e-04	   0.036	    56.670
  79	20	 3.4704	 0.9699	   1.4705	        1.4710	          0.0006	   1.5929	1.573e-03	   0.039	    57.408
  80	20	 3.4689	 0.9710	   1.4705	        1.4710	          0.0005	   1.5895	2.142e-03	   0.036	    58.155
  81	21	 3.4637	 0.9735	   1.4705	        1.4710	          0.0005	   1.5954	3.383e-03	   0.037	    58.900
  82	21	 3.4656	 0.9704	   1.4705	        1.4710	          0.0006	   1.5609	1.817e-03	   0.042	    59.647
  83	21	 3.4624	 0.9730	   1.4705	        1.4710	          0.0005	   1.5974	3.147e-03	   0.044	    60.423
  84	21	 3.4648	 0.9710	   1.4705	        1.4710	          0.0006	   1.5653	2.112e-03	   0.046	    61.204
  85	22	 3.4683	 0.9724	   1.4705	        1.4710	          0.0005	   1.6047	2.842e-03	   0.040	    61.968
  86	22	 3.4628	 0.9695	   1.4704	        1.4710	          0.0006	   1.5457	1.380e-03	   0.042	    62.750
  87	22	 3.4674	 0.9685	   1.4704	        1.4710	          0.0006	   1.5811	8.999e-04	   0.032	    63.491
  88	22	 3.4644	 0.9673	   1.4704	        1.4710	          0.0006	   1.5588	3.187e-04	   0.036	    64.252
  89	23	 3.4688	 0.9673	   1.4704	        1.4710	          0.0006	   1.5923	3.344e-04	   0.041	    65.050
  90	23	 3.4701	 0.9614	   1.4705	        1.4710	          0.0005	   1.5254	2.875e-03	   0.046	    65.831
  91	23	 3.4666	 0.9603	   1.4705	        1.4710	          0.0005	   1.5578	3.412e-03	   0.044	    66.579
  92	23	 3.4615	 0.9611	   1.4705	        1.4710	          0.0005	   1.5719	2.993e-03	   0.038	    67.316
  93	24	 3.4633	 0.9585	   1.4705	        1.4710	          0.0005	   1.5529	4.397e-03	   0.037	    68.062
  94	24	 3.4628	 0.9607	   1.4705	        1.4710	          0.0005	   1.6015	3.248e-03	   0.036	    68.809
  95	24	 3.4621	 0.9573	   1.4705	        1.4710	          0.0005	   1.5444	5.052e-03	   0.039	    69.553
  96	24	 3.4611	 0.9628	   1.4705	        1.4710	          0.0006	   1.6216	2.116e-03	   0.040	    70.296
  97	25	 3.4642	 0.9653	   1.4704	        1.4710	          0.0006	   1.6091	8.587e-04	   0.038	    71.040
  98	25	 3.4649	 0.9617	   1.4705	        1.4710	          0.0005	   1.5475	2.679e-03	   0.044	    71.801
  99	25	 3.4603	 0.9663	   1.4704	        1.4710	          0.0006	   1.6120	3.660e-04	   0.042	    72.548
 100	25	 3.4564	 0.9627	   1.4705	        1.4710	          0.0006	   1.5284	2.187e-03	   0.035	    73.286
 101	26	 3.4600	 0.9612	   1.4705	        1.4710	          0.0005	   1.5717	2.977e-03	   0.033	    74.036
 102	26	 3.4604	 0.9553	   1.4705	        1.4710	          0.0005	   1.5100	6.091e-03	   0.037	    74.777
 103	26	 3.4600	 0.9617	   1.4705	        1.4710	          0.0005	   1.6425	2.696e-03	   0.045	    75.547
 104	26	 3.4543	 0.9603	   1.4705	        1.4710	          0.0005	   1.5517	3.453e-03	   0.036	    76.310
 105	27	 3.4522	 0.9581	   1.4705	        1.4710	          0.0005	   1.5495	4.625e-03	   0.046	    77.065
 106	27	 3.4506	 0.9555	   1.4705	        1.4710	          0.0005	   1.5443	5.989e-03	   0.045	    77.846
 107	27	 3.4523	 0.9593	   1.4705	        1.4710	          0.0005	   1.6167	3.970e-03	   0.043	    78.654
 108	27	 3.4528	 0.9635	   1.4704	        1.4710	          0.0006	   1.6290	1.774e-03	   0.040	    79.480
 109	28	 3.4505	 0.9648	   1.4704	        1.4710	          0.0006	   1.5855	1.093e-03	   0.041	    80.269
 110	28	 3.4519	 0.9617	   1.4705	        1.4710	          0.0006	   1.5408	2.723e-03	   0.040	    81.059
 111	28	 3.4482	 0.9622	   1.4704	        1.4710	          0.0006	   1.5773	2.444e-03	   0.041	    81.824
 112	28	 3.4475	 0.9632	   1.4704	        1.4710	          0.0006	   1.5884	1.894e-03	   0.046	    82.625
 113	29	 3.4475	 0.9655	   1.4704	        1.4710	          0.0006	   1.6018	7.202e-04	   0.045	    83.423
 114	29	 3.4463	 0.9672	   1.4704	        1.4710	          0.0006	   1.5892	2.636e-04	   0.040	    84.182
 115	29	 3.4440	 0.9673	   1.4704	        1.4710	          0.0006	   1.5815	2.970e-04	   0.031	    84.923
 116	29	 3.4431	 0.9651	   1.4704	        1.4710	          0.0006	   1.5516	9.584e-04	   0.037	    85.685
 117	30	 3.4420	 0.9683	   1.4704	        1.4710	          0.0006	   1.6178	7.458e-04	   0.045	    86.479
 118	30	 3.4423	 0.9660	   1.4704	        1.4710	          0.0006	   1.5518	5.191e-04	   0.044	    87.257
 119	30	 3.4409	 0.9661	   1.4704	        1.4710	          0.0006	   1.5709	4.394e-04	   0.044	    88.020
 120	30	 3.4415	 0.9655	   1.4704	        1.4710	          0.0006	   1.5689	7.356e-04	   0.037	    88.762
 121	31	 3.4440	 0.9667	   1.4704	        1.4710	          0.0006	   1.5983	2.380e-04	   0.040	    89.500
 122	31	 3.4426	 0.9628	   1.4704	        1.4710	          0.0006	   1.5224	2.147e-03	   0.036	    90.242
 123	31	 3.4407	 0.9661	   1.4704	        1.4710	          0.0006	   1.6084	4.514e-04	   0.033	    90.984
 124	31	 3.4406	 0.9672	   1.4704	        1.4710	          0.0006	   1.5960	2.692e-04	   0.040	    91.734
 125	32	 3.4360	 0.9683	   1.4704	        1.4710	          0.0006	   1.5757	7.436e-04	   0.039	    92.473
 126	32	 3.4363	 0.9726	   1.4704	        1.4710	          0.0006	   1.6420	2.927e-03	   0.048	    93.229
 127	32	 3.4356	 0.9688	   1.4704	        1.4710	          0.0006	   1.5278	9.974e-04	   0.038	    93.986
 128	32	 3.4366	 0.9669	   1.4704	        1.4710	          0.0006	   1.5544	2.076e-04	   0.041	    94.731
 129	33	 3.4373	 0.9660	   1.4704	        1.4710	          0.0006	   1.5679	5.099e-04	   0.036	    95.471
 130	33	 3.4338	 0.9684	   1.4704	        1.4710	          0.0006	   1.6040	7.998e-04	   0.039	    96.212
 131	33	 3.4353	 0.9673	   1.4704	        1.4710	          0.0006	   1.5657	2.970e-04	   0.044	    96.979
 132	33	 3.4356	 0.9663	   1.4704	        1.4710	          0.0006	   1.5652	3.643e-04	   0.041	    97.749
 133	34	 3.4333	 0.9638	   1.4704	        1.4710	          0.0006	   1.5333	1.620e-03	   0.039	    98.495
 134	34	 3.4310	 0.9660	   1.4704	        1.4710	          0.0006	   1.6036	5.106e-04	   0.036	    99.233
 135	34	 3.4301	 0.9660	   1.4704	        1.4710	          0.0006	   1.5727	4.893e-04	   0.039	    99.979
 136	34	 3.4303	 0.9665	   1.4704	        1.4710	          0.0006	   1.5853	2.868e-04	   0.041	   100.728
 137	35	 3.4300	 0.9650	   1.4704	        1.4710	          0.0006	   1.5513	9.907e-04	   0.040	   101.476
 138	35	 3.4283	 0.9651	   1.4704	        1.4710	          0.0006	   1.5637	9.472e-04	   0.040	   102.243
 139	35	 3.4297	 0.9669	   1.4704	        1.4710	          0.0006	   1.6184	1.950e-04	   0.038	   102.990
 140	35	 3.4286	 0.9668	   1.4704	        1.4710	          0.0006	   1.5759	1.958e-04	   0.050	   103.784
 141	36	 3.4265	 0.9680	   1.4704	        1.4710	          0.0006	   1.5898	6.301e-04	   0.042	   104.565
 142	36	 3.4273	 0.9674	   1.4704	        1.4710	          0.0006	   1.5746	3.208e-04	   0.038	   105.315
 143	36	 3.4266	 0.9646	   1.4704	        1.4710	          0.0006	   1.5391	1.176e-03	   0.033	   106.062
 144	36	 3.4286	 0.9677	   1.4704	        1.4710	          0.0006	   1.6288	4.675e-04	   0.041	   106.808
 145	37	 3.4294	 0.9697	   1.4704	        1.4710	          0.0006	   1.6218	1.453e-03	   0.043	   107.594
 146	37	 3.4277	 0.9686	   1.4704	        1.4710	          0.0006	   1.5562	9.084e-04	   0.036	   108.380
 147	37	 3.4266	 0.9683	   1.4704	        1.4710	          0.0006	   1.5749	7.477e-04	   0.042	   109.150
 148	37	 3.4289	 0.9676	   1.4704	        1.4710	          0.0006	   1.5668	4.067e-04	   0.038	   109.886
 149	38	 3.4320	 0.9704	   1.4704	        1.4710	          0.0006	   1.6313	1.801e-03	   0.042	   110.629
 150	38	 3.4307	 0.9715	   1.4704	        1.4710	          0.0006	   1.5937	2.389e-03	   0.034	   111.374
 151	38	 3.4280	 0.9680	   1.4704	        1.4710	          0.0006	   1.5096	6.230e-04	   0.039	   112.122
 152	38	 3.4268	 0.9686	   1.4704	        1.4710	          0.0006	   1.5907	8.872e-04	   0.042	   112.861
 153	39	 3.4278	 0.9663	   1.4704	        1.4710	          0.0006	   1.5445	3.591e-04	   0.040	   113.599
 154	39	 3.4263	 0.9688	   1.4704	        1.4710	          0.0006	   1.6176	1.003e-03	   0.044	   114.353
 155	39	 3.4305	 0.9675	   1.4704	        1.4710	          0.0006	   1.5718	3.801e-04	   0.041	   115.118
 156	39	 3.4281	 0.9661	   1.4704	        1.4710	          0.0006	   1.5504	4.256e-04	   0.037	   115.857
 157	40	 3.4273	 0.9658	   1.4704	        1.4710	          0.0006	   1.5733	5.660e-04	   0.031	   116.599
 158	40	 3.4272	 0.9656	   1.4704	        1.4710	          0.0006	   1.5731	7.007e-04	   0.037	   117.349
 159	40	 3.4262	 0.9631	   1.4704	        1.4710	          0.0006	   1.5340	1.971e-03	   0.045	   118.105
 160	40	 3.4275	 0.9677	   1.4704	        1.4710	          0.0006	   1.6503	4.550e-04	   0.041	   118.874
 161	41	 3.4285	 0.9687	   1.4704	        1.4710	          0.0006	   1.5981	9.471e-04	   0.044	   119.630
 162	41	 3.4273	 0.9657	   1.4704	        1.4710	          0.0006	   1.5237	6.593e-04	   0.039	   120.416
 163	41	 3.4270	 0.9677	   1.4704	        1.4710	          0.0006	   1.6165	4.804e-04	   0.042	   121.179
 164	41	 3.4273	 0.9690	   1.4704	        1.4710	          0.0006	   1.5987	1.108e-03	   0.038	   121.951
 165	42	 3.4253	 0.9690	   1.4704	        1.4710	          0.0006	   1.5680	1.116e-03	   0.037	   122.722
 166	42	 3.4256	 0.9712	   1.4704	        1.4710	          0.0006	   1.6246	2.223e-03	   0.039	   123.484
 167	42	 3.4256	 0.9707	   1.4704	        1.4710	          0.0006	   1.5806	1.970e-03	   0.043	   124.259
 168	42	 3.4245	 0.9680	   1.4704	        1.4710	          0.0006	   1.5187	6.252e-04	   0.045	   125.045
 169	43	 3.4231	 0.9700	   1.4704	        1.4710	          0.0006	   1.6065	1.607e-03	   0.034	   125.820
 170	43	 3.4227	 0.9700	   1.4704	        1.4710	          0.0006	   1.5773	1.620e-03	   0.038	   126.581
 171	43	 3.4237	 0.9702	   1.4704	        1.4710	          0.0006	   1.5908	1.712e-03	   0.034	   127.322
 172	43	 3.4246	 0.9694	   1.4704	        1.4710	          0.0006	   1.5664	1.292e-03	   0.040	   128.068
 173	44	 3.4247	 0.9691	   1.4704	        1.4710	          0.0006	   1.5799	1.131e-03	   0.042	   128.851
 174	44	 3.4224	 0.9674	   1.4704	        1.4710	          0.0006	   1.5369	3.192e-04	   0.044	   129.649
 175	44	 3.4212	 0.9688	   1.4704	        1.4710	          0.0006	   1.5941	1.012e-03	   0.046	   130.414
 176	44	 3.4222	 0.9697	   1.4704	        1.4710	          0.0006	   1.6039	1.445e-03	   0.041	   131.150
 177	45	 3.4229	 0.9717	   1.4704	        1.4710	          0.0006	   1.6206	2.449e-03	   0.040	   131.895
 178	45	 3.4225	 0.9718	   1.4704	        1.4710	          0.0006	   1.5783	2.536e-03	   0.036	   132.641
 179	45	 3.4219	 0.9697	   1.4704	        1.4710	          0.0006	   1.5398	1.478e-03	   0.036	   133.383
 180	45	 3.4197	 0.9699	   1.4704	        1.4710	          0.0006	   1.5791	1.581e-03	   0.038	   134.125
 181	46	 3.4208	 0.9735	   1.4704	        1.4710	          0.0006	   1.6575	3.379e-03	   0.040	   134.874
 182	46	 3.4186	 0.9748	   1.4705	        1.4710	          0.0005	   1.5899	4.041e-03	   0.046	   135.623
 183	46	 3.4184	 0.9718	   1.4704	        1.4710	          0.0006	   1.5122	2.498e-03	   0.040	   136.379
 184	46	 3.4190	 0.9676	   1.4704	        1.4710	          0.0006	   1.5117	4.058e-04	   0.036	   137.118
 185	47	 3.4191	 0.9690	   1.4704	        1.4710	          0.0006	   1.6083	1.093e-03	   0.032	   137.866
 186	47	 3.4173	 0.9699	   1.4704	        1.4710	          0.0006	   1.5880	1.562e-03	   0.040	   138.612
 187	47	 3.4171	 0.9677	   1.4704	        1.4710	          0.0006	   1.5372	4.772e-04	   0.044	   139.361
 188	47	 3.4194	 0.9673	   1.4704	        1.4710	          0.0006	   1.5739	2.660e-04	   0.039	   140.136
 189	48	 3.4183	 0.9665	   1.4704	        1.4710	          0.0006	   1.5551	2.765e-04	   0.041	   140.894
 190	48	 3.4163	 0.9646	   1.4704	        1.4710	          0.0006	   1.5343	1.186e-03	   0.041	   141.633
 191	48	 3.4152	 0.9625	   1.4704	        1.4710	          0.0006	   1.5280	2.297e-03	   0.038	   142.370
 192	48	 3.4167	 0.9686	   1.4704	        1.4710	          0.0006	   1.7085	8.818e-04	   0.032	   143.141
 193	49	 3.4158	 0.9666	   1.4704	        1.4710	          0.0006	   1.5272	2.199e-04	   0.036	   143.902
 194	49	 3.4159	 0.9665	   1.4704	        1.4710	          0.0006	   1.5760	2.530e-04	   0.040	   144.642
 195	49	 3.4159	 0.9667	   1.4704	        1.4710	          0.0006	   1.5906	1.925e-04	   0.044	   145.423
 196	49	 3.4156	 0.9681	   1.4704	        1.4710	          0.0006	   1.6027	6.551e-04	   0.044	   146.189
 197	50	 3.4140	 0.9696	   1.4704	        1.4710	          0.0006	   1.6038	1.397e-03	   0.041	   146.957
 198	50	 3.4133	 0.9697	   1.4704	        1.4710	          0.0006	   1.5739	1.460e-03	   0.041	   147.709
 199	50	 3.4149	 0.9688	   1.4704	        1.4710	          0.0006	   1.5800	1.023e-03	   0.035	   148.449
 200	50	 3.4132	 0.9679	   1.4704	        1.4710	          0.0006	   1.5442	5.575e-04	   0.038	   149.199
 201	51	 3.4150	 0.9672	   1.4704	        1.4710	          0.0006	   1.5741	2.280e-04	   0.045	   149.971
 202	51	 3.4152	 0.9678	   1.4704	        1.4710	          0.0006	   1.5822	4.930e-04	   0.041	   150.761
 203	51	 3.4138	 0.9681	   1.4704	        1.4710	          0.0006	   1.5798	6.542e-04	   0.040	   151.540
 204	51	 3.4133	 0.9680	   1.4704	        1.4710	          0.0006	   1.5763	5.885e-04	   0.038	   152.285
 205	52	 3.4116	 0.9703	   1.4704	        1.4710	          0.0006	   1.6093	1.744e-03	   0.042	   153.028
 206	52	 3.4124	 0.9716	   1.4704	        1.4710	          0.0006	   1.6156	2.417e-03	   0.035	   153.766
 207	52	 3.4124	 0.9695	   1.4704	        1.4710	          0.0006	   1.5434	1.341e-03	   0.036	   154.508
 208	52	 3.4117	 0.9687	   1.4704	        1.4710	          0.0006	   1.5582	9.602e-04	   0.038	   155.257
 209	53	 3.4122	 0.9671	   1.4704	        1.4710	          0.0006	   1.5493	2.182e-04	   0.042	   156.000
 210	53	 3.4134	 0.9702	   1.4704	        1.4710	          0.0006	   1.6484	1.687e-03	   0.044	   156.750
 211	53	 3.4124	 0.9672	   1.4704	        1.4710	          0.0006	   1.5098	2.473e-04	   0.040	   157.509
 212	53	 3.4101	 0.9670	   1.4704	        1.4710	          0.0006	   1.5622	1.870e-04	   0.038	   158.289
 213	54	 3.4086	 0.9668	   1.4704	        1.4710	          0.0006	   1.5697	1.716e-04	   0.041	   159.070
 214	54	 3.4076	 0.9673	   1.4704	        1.4710	          0.0006	   1.5868	2.885e-04	   0.043	   159.860
 215	54	 3.4075	 0.9642	   1.4704	        1.4710	          0.0006	   1.5030	1.421e-03	   0.040	   160.672
 216	54	 3.4085	 0.9676	   1.4704	        1.4710	          0.0006	   1.6613	4.218e-04	   0.043	   161.502
 217	55	 3.4086	 0.9667	   1.4704	        1.4710	          0.0006	   1.5556	1.945e-04	   0.042	   162.292
 218	55	 3.4069	 0.9657	   1.4704	        1.4710	          0.0006	   1.5480	6.179e-04	   0.044	   163.038
 219	55	 3.4071	 0.9662	   1.4704	        1.4710	          0.0006	   1.5926	3.869e-04	   0.039	   163.815
 220	55	 3.4080	 0.9665	   1.4704	        1.4710	          0.0006	   1.5895	2.442e-04	   0.038	   164.584
 221	56	 3.4069	 0.9686	   1.4704	        1.4710	          0.0006	   1.6192	8.799e-04	   0.041	   165.351
 222	56	 3.4085	 0.9684	   1.4704	        1.4710	          0.0006	   1.5854	7.831e-04	   0.043	   166.125
 223	56	 3.4090	 0.9678	   1.4704	        1.4710	          0.0006	   1.5604	4.853e-04	   0.042	   166.894
 224	56	 3.4085	 0.9654	   1.4704	        1.4710	          0.0006	   1.5246	7.696e-04	   0.046	   167.650
 225	57	 3.4096	 0.9638	   1.4704	        1.4710	          0.0006	   1.5492	1.587e-03	   0.037	   168.417
 226	57	 3.4094	 0.9644	   1.4704	        1.4710	          0.0006	   1.5796	1.311e-03	   0.036	   169.175
 227	57	 3.4091	 0.9664	   1.4704	        1.4710	          0.0006	   1.6227	3.188e-04	   0.033	   169.924
 228	57	 3.4076	 0.9666	   1.4704	        1.4710	          0.0006	   1.5787	2.218e-04	   0.040	   170.669
 229	58	 3.4087	 0.9675	   1.4704	        1.4710	          0.0006	   1.6112	3.743e-04	   0.041	   171.425
 230	58	 3.4089	 0.9668	   1.4704	        1.4710	          0.0006	   1.5617	1.771e-04	   0.040	   172.214
 231	58	 3.4088	 0.9678	   1.4704	        1.4710	          0.0006	   1.6034	5.034e-04	   0.043	   173.005
 232	58	 3.4078	 0.9658	   1.4704	        1.4710	          0.0006	   1.5214	5.806e-04	   0.043	   173.754
 233	59	 3.4060	 0.9659	   1.4704	        1.4710	          0.0006	   1.5670	5.465e-04	   0.040	   174.494
 234	59	 3.4051	 0.9669	   1.4704	        1.4710	          0.0006	   1.5996	1.647e-04	   0.034	   175.237
 235	59	 3.4055	 0.9660	   1.4704	        1.4710	          0.0006	   1.5547	4.603e-04	   0.036	   175.984
 236	59	 3.4065	 0.9667	   1.4704	        1.4710	          0.0006	   1.6071	1.913e-04	   0.042	   176.725
 237	60	 3.4047	 0.9690	   1.4704	        1.4710	          0.0006	   1.6197	1.121e-03	   0.043	   177.466
 238	60	 3.4066	 0.9701	   1.4704	        1.4710	          0.0006	   1.6172	1.679e-03	   0.038	   178.212
 239	60	 3.4052	 0.9682	   1.4704	        1.4710	          0.0006	   1.5263	6.842e-04	   0.040	   178.972
 240	60	 3.4053	 0.9674	   1.4704	        1.4710	          0.0006	   1.5593	3.064e-04	   0.039	   179.719
 241	61	 3.4052	 0.9663	   1.4704	        1.4710	          0.0006	   1.5488	3.522e-04	   0.037	   180.464
 242	61	 3.4063	 0.9672	   1.4704	        1.4710	          0.0006	   1.6117	2.468e-04	   0.037	   181.210
 243	61	 3.4065	 0.9687	   1.4704	        1.4710	          0.0006	   1.6229	9.303e-04	   0.042	   181.957
 244	61	 3.4053	 0.9679	   1.4704	        1.4710	          0.0006	   1.5466	5.570e-04	   0.044	   182.718
 245	62	 3.4050	 0.9690	   1.4704	        1.4710	          0.0006	   1.6124	1.106e-03	   0.044	   183.484
 246	62	 3.4039	 0.9683	   1.4704	        1.4710	          0.0006	   1.5512	7.425e-04	   0.042	   184.233
 247	62	 3.4033	 0.9684	   1.4704	        1.4710	          0.0006	   1.5768	8.047e-04	   0.041	   185.011
 248	62	 3.4050	 0.9689	   1.4704	        1.4710	          0.0006	   1.6005	1.055e-03	   0.033	   185.752
 249	63	 3.4063	 0.9665	   1.4704	        1.4710	          0.0006	   1.5218	2.520e-04	   0.037	   186.513
 250	63	 3.4079	 0.9663	   1.4704	        1.4710	          0.0006	   1.5802	3.217e-04	   0.040	   187.281
 251	63	 3.4058	 0.9666	   1.4704	        1.4710	          0.0006	   1.5773	2.257e-04	   0.042	   188.027
 252	63	 3.4059	 0.9680	   1.4704	        1.4710	          0.0006	   1.6138	5.853e-04	   0.043	   188.768
 253	64	 3.4051	 0.9680	   1.4704	        1.4710	          0.0006	   1.5746	5.798e-04	   0.040	   189.535
 254	64	 3.4049	 0.9673	   1.4704	        1.4710	          0.0006	   1.5564	2.619e-04	   0.039	   190.306
 255	64	 3.4058	 0.9664	   1.4704	        1.4710	          0.0006	   1.5668	2.940e-04	   0.037	   191.052
 256	64	 3.4045	 0.9682	   1.4704	        1.4710	          0.0006	   1.6150	6.804e-04	   0.037	   191.797
 257	65	 3.4027	 0.9695	   1.4704	        1.4710	          0.0006	   1.6062	1.341e-03	   0.045	   192.555
 258	65	 3.4036	 0.9701	   1.4704	        1.4710	          0.0006	   1.5997	1.663e-03	   0.040	   193.345
 259	65	 3.4028	 0.9683	   1.4704	        1.4710	          0.0006	   1.5251	7.612e-04	   0.046	   194.128
 260	65	 3.4029	 0.9678	   1.4704	        1.4710	          0.0006	   1.5590	4.805e-04	   0.044	   194.880
 261	66	 3.4032	 0.9669	   1.4704	        1.4710	          0.0006	   1.5512	1.597e-04	   0.035	   195.618
 262	66	 3.4029	 0.9669	   1.4704	        1.4710	          0.0006	   1.5801	1.586e-04	   0.033	   196.368
 263	66	 3.4026	 0.9678	   1.4704	        1.4710	          0.0006	   1.6002	5.198e-04	   0.040	   197.112
 264	66	 3.4016	 0.9686	   1.4704	        1.4710	          0.0006	   1.5949	8.923e-04	   0.043	   197.854
 265	67	 3.4024	 0.9699	   1.4704	        1.4710	          0.0006	   1.6197	1.551e-03	   0.039	   198.597
 266	67	 3.4019	 0.9687	   1.4704	        1.4710	          0.0006	   1.5465	9.408e-04	   0.044	   199.350
 267	67	 3.4026	 0.9700	   1.4704	        1.4710	          0.0006	   1.6198	1.623e-03	   0.043	   200.091
 268	67	 3.4002	 0.9692	   1.4704	        1.4710	          0.0006	   1.5385	1.216e-03	   0.040	   200.845
 269	68	 3.4011	 0.9689	   1.4704	        1.4710	          0.0006	   1.5802	1.037e-03	   0.035	   201.630
 270	68	 3.4003	 0.9690	   1.4704	        1.4710	          0.0006	   1.5829	1.109e-03	   0.039	   202.412
 271	68	 3.4003	 0.9697	   1.4704	        1.4710	          0.0006	   1.5902	1.428e-03	   0.039	   203.152
 272	68	 3.3996	 0.9710	   1.4704	        1.4710	          0.0006	   1.6099	2.099e-03	   0.039	   203.911
 273	69	 3.3995	 0.9704	   1.4704	        1.4710	          0.0006	   1.5583	1.803e-03	   0.044	   204.711
 274	69	 3.3987	 0.9726	   1.4704	        1.4710	          0.0006	   1.6419	2.931e-03	   0.044	   205.484
 275	69	 3.3986	 0.9730	   1.4704	        1.4710	          0.0006	   1.6005	3.119e-03	   0.040	   206.239
 276	69	 3.3983	 0.9719	   1.4704	        1.4710	          0.0006	   1.5407	2.551e-03	   0.036	   207.015
 277	70	 3.3983	 0.9704	   1.4704	        1.4710	          0.0006	   1.5399	1.827e-03	   0.035	   207.785
 278	70	 3.3965	 0.9728	   1.4704	        1.4710	          0.0006	   1.6385	3.039e-03	   0.043	   208.546
 279	70	 3.3970	 0.9735	   1.4704	        1.4710	          0.0006	   1.6010	3.367e-03	   0.040	   209.288
 280	70	 3.3976	 0.9729	   1.4704	        1.4710	          0.0006	   1.5688	3.050e-03	   0.041	   210.036
 281	71	 3.3978	 0.9737	   1.4704	        1.4710	          0.0006	   1.6088	3.486e-03	   0.041	   210.806
 282	71	 3.3970	 0.9736	   1.4704	        1.4710	          0.0006	   1.5690	3.394e-03	   0.053	   211.548
 283	71	 3.3980	 0.9737	   1.4704	        1.4710	          0.0006	   1.5943	3.464e-03	   0.034	   212.260
 284	71	 3.3970	 0.9728	   1.4704	        1.4710	          0.0006	   1.5494	3.018e-03	   0.030	   212.958
 285	72	 3.3969	 0.9717	   1.4704	        1.4710	          0.0006	   1.5413	2.459e-03	   0.033	   213.589
 286	72	 3.3968	 0.9733	   1.4704	        1.4710	          0.0006	   1.6214	3.249e-03	   0.031	   214.178
 287	72	 3.3959	 0.9735	   1.4704	        1.4710	          0.0006	   1.5831	3.360e-03	   0.026	   214.793
 288	72	 3.3963	 0.9725	   1.4704	        1.4710	          0.0006	   1.5650	2.888e-03	   0.029	   215.377
 289	73	 3.3969	 0.9711	   1.4704	        1.4710	          0.0006	   1.5414	2.178e-03	   0.025	   215.919
 290	73	 3.3969	 0.9717	   1.4704	        1.4710	          0.0006	   1.5996	2.449e-03	   0.029	   216.491
 291	73	 3.3960	 0.9742	   1.4704	        1.4710	          0.0006	   1.6552	3.722e-03	   0.033	   217.069
 292	73	 3.3958	 0.9735	   1.4704	        1.4710	          0.0006	   1.5477	3.360e-03	   0.034	   217.636
 293	74	 3.3962	 0.9726	   1.4704	        1.4710	          0.0006	   1.5487	2.918e-03	   0.028	   218.201
 294	74	 3.3962	 0.9718	   1.4704	        1.4710	          0.0006	   1.5664	2.517e-03	   0.035	   218.785
 295	74	 3.3966	 0.9712	   1.4704	        1.4710	          0.0006	   1.5644	2.185e-03	   0.040	   219.366
 296	74	 3.3957	 0.9733	   1.4704	        1.4710	          0.0006	   1.6359	3.260e-03	   0.030	   219.940
 297	75	 3.3948	 0.9728	   1.4704	        1.4710	          0.0006	   1.5557	3.032e-03	   0.030	   220.510
 298	75	 3.3951	 0.9726	   1.4704	        1.4710	          0.0006	   1.5788	2.906e-03	   0.035	   221.089
 299	75	 3.3966	 0.9719	   1.4704	        1.4710	          0.0006	   1.5719	2.575e-03	   0.030	   221.658
 300	75	 3.3951	 0.9725	   1.4704	        1.4710	          0.0006	   1.5882	2.859e-03	   0.030	   222.233
 301	76	 3.3935	 0.9727	   1.4704	        1.4710	          0.0006	   1.5760	2.970e-03	   0.039	   222.853
 302	76	 3.3935	 0.9732	   1.4704	        1.4710	          0.0006	   1.5921	3.201e-03	   0.037	   223.462
 303	76	 3.3945	 0.9731	   1.4704	        1.4710	          0.0006	   1.5904	3.185e-03	   0.025	   224.021
 304	76	 3.3941	 0.9720	   1.4704	        1.4710	          0.0006	   1.5425	2.616e-03	   0.031	   224.616
 305	77	 3.3939	 0.9711	   1.4704	        1.4710	          0.0006	   1.5455	2.172e-03	   0.033	   225.207
 306	77	 3.3956	 0.9719	   1.4704	        1.4710	          0.0006	   1.6252	2.557e-03	   0.030	   225.776
 307	77	 3.3942	 0.9727	   1.4704	        1.4710	          0.0006	   1.5977	2.987e-03	   0.031	   226.345
 308	77	 3.3938	 0.9720	   1.4704	        1.4710	          0.0006	   1.5532	2.595e-03	   0.035	   226.923
 309	78	 3.3930	 0.9714	   1.4704	        1.4710	          0.0006	   1.5509	2.299e-03	   0.036	   227.524
 310	78	 3.3929	 0.9719	   1.4704	        1.4710	          0.0006	   1.5952	2.557e-03	   0.030	   228.108
 311	78	 3.3934	 0.9715	   1.4704	        1.4710	          0.0006	   1.5750	2.379e-03	   0.030	   228.684
 312	78	 3.3931	 0.9719	   1.4704	        1.4710	          0.0006	   1.5897	2.546e-03	   0.033	   229.259
 313	79	 3.3934	 0.9727	   1.4704	        1.4710	          0.0006	   1.6151	2.947e-03	   0.030	   229.828
 314	79	 3.3924	 0.9729	   1.4704	        1.4710	          0.0006	   1.5711	3.074e-03	   0.032	   230.427
 315	79	 3.3919	 0.9741	   1.4704	        1.4710	          0.0006	   1.6223	3.688e-03	   0.040	   231.063
 316	79	 3.3922	 0.9732	   1.4704	        1.4710	          0.0006	   1.5527	3.191e-03	   0.034	   231.658
 317	80	 3.3925	 0.9733	   1.4704	        1.4710	          0.0006	   1.5895	3.243e-03	   0.028	   232.224
 318	80	 3.3908	 0.9718	   1.4704	        1.4710	          0.0006	   1.5121	2.498e-03	   0.032	   232.793
 319	80	 3.3901	 0.9721	   1.4704	        1.4710	          0.0006	   1.5882	2.661e-03	   0.038	   233.402
 320	80	 3.3910	 0.9728	   1.4704	        1.4710	          0.0006	   1.6135	3.016e-03	   0.033	   234.011
 321	81	 3.3909	 0.9726	   1.4704	        1.4710	          0.0006	   1.5698	2.934e-03	   0.032	   234.621
 322	81	 3.3912	 0.9715	   1.4704	        1.4710	          0.0006	   1.5525	2.378e-03	   0.035	   235.242
 323	81	 3.3902	 0.9732	   1.4704	        1.4710	          0.0006	   1.6274	3.215e-03	   0.036	   235.855
 324	81	 3.3905	 0.9734	   1.4704	        1.4710	          0.0006	   1.5899	3.322e-03	   0.028	   236.467
 325	82	 3.3900	 0.9746	   1.4704	        1.4710	          0.0006	   1.6144	3.926e-03	   0.031	   237.053
 326	82	 3.3892	 0.9737	   1.4704	        1.4710	          0.0006	   1.5454	3.466e-03	   0.033	   237.626
 327	82	 3.3895	 0.9740	   1.4704	        1.4710	          0.0006	   1.5999	3.592e-03	   0.030	   238.192
 328	82	 3.3890	 0.9742	   1.4704	        1.4710	          0.0006	   1.5818	3.717e-03	   0.033	   238.789
 329	83	 3.3875	 0.9751	   1.4705	        1.4710	          0.0006	   1.5984	4.174e-03	   0.037	   239.431
 330	83	 3.3881	 0.9752	   1.4705	        1.4710	          0.0006	   1.5912	4.213e-03	   0.039	   240.038
 331	83	 3.3885	 0.9747	   1.4704	        1.4710	          0.0006	   1.5760	3.987e-03	   0.031	   240.635
 332	83	 3.3884	 0.9748	   1.4704	        1.4710	          0.0006	   1.5797	4.003e-03	   0.029	   241.227
 333	84	 3.3875	 0.9744	   1.4704	        1.4710	          0.0006	   1.5627	3.792e-03	   0.034	   241.813
 334	84	 3.3874	 0.9735	   1.4704	        1.4710	          0.0006	   1.5534	3.345e-03	   0.032	   242.379
 335	84	 3.3887	 0.9728	   1.4704	        1.4710	          0.0006	   1.5618	3.029e-03	   0.029	   242.944
 336	84	 3.3887	 0.9742	   1.4704	        1.4710	          0.0006	   1.6224	3.705e-03	   0.033	   243.526
 337	85	 3.3881	 0.9738	   1.4704	        1.4710	          0.0006	   1.5625	3.532e-03	   0.037	   244.122
 338	85	 3.3876	 0.9749	   1.4704	        1.4710	          0.0006	   1.6058	4.038e-03	   0.031	   244.704
 339	85	 3.3874	 0.9755	   1.4705	        1.4710	          0.0006	   1.6113	4.346e-03	   0.028	   245.287
 340	85	 3.3885	 0.9736	   1.4704	        1.4710	          0.0006	   1.5232	3.411e-03	   0.035	   245.867
 341	86	 3.3890	 0.9747	   1.4704	        1.4710	          0.0006	   1.6252	3.955e-03	   0.033	   246.433
 342	86	 3.3879	 0.9743	   1.4704	        1.4710	          0.0006	   1.5625	3.787e-03	   0.032	   247.019
 343	86	 3.3888	 0.9735	   1.4704	        1.4710	          0.0006	   1.5615	3.360e-03	   0.036	   247.650
 344	86	 3.3884	 0.9741	   1.4704	        1.4710	          0.0006	   1.5947	3.668e-03	   0.038	   248.260
 345	87	 3.3874	 0.9738	   1.4704	        1.4710	          0.0006	   1.5666	3.491e-03	   0.027	   248.826
 346	87	 3.3876	 0.9725	   1.4704	        1.4710	          0.0006	   1.5254	2.840e-03	   0.028	   249.394
 347	87	 3.3891	 0.9732	   1.4704	        1.4710	          0.0006	   1.6202	3.196e-03	   0.035	   249.973
 348	87	 3.3892	 0.9738	   1.4704	        1.4710	          0.0006	   1.6044	3.518e-03	   0.032	   250.541
 349	88	 3.3902	 0.9730	   1.4704	        1.4710	          0.0006	   1.5567	3.127e-03	   0.029	   251.104
 350	88	 3.3896	 0.9744	   1.4704	        1.4710	          0.0006	   1.6287	3.796e-03	   0.033	   251.683
 351	88	 3.3892	 0.9730	   1.4704	        1.4710	          0.0006	   1.5351	3.129e-03	   0.035	   252.259
 352	88	 3.3888	 0.9739	   1.4704	        1.4710	          0.0006	   1.6070	3.565e-03	   0.027	   252.845
 353	89	 3.3885	 0.9742	   1.4704	        1.4710	          0.0006	   1.5819	3.720e-03	   0.031	   253.418
 354	89	 3.3898	 0.9737	   1.4704	        1.4710	          0.0006	   1.5734	3.478e-03	   0.035	   253.992
 355	89	 3.3896	 0.9741	   1.4704	        1.4710	          0.0006	   1.5976	3.678e-03	   0.029	   254.560
 356	89	 3.3895	 0.9732	   1.4704	        1.4710	          0.0006	   1.5446	3.200e-03	   0.032	   255.151
 357	90	 3.3891	 0.9716	   1.4704	        1.4710	          0.0006	   1.5187	2.398e-03	   0.037	   255.770
 358	90	 3.3887	 0.9727	   1.4704	        1.4710	          0.0006	   1.6232	2.972e-03	   0.037	   256.368
 359	90	 3.3891	 0.9730	   1.4704	        1.4710	          0.0006	   1.5977	3.125e-03	   0.027	   256.964
 360	90	 3.3897	 0.9730	   1.4704	        1.4710	          0.0006	   1.5794	3.100e-03	   0.029	   257.536
 361	91	 3.3898	 0.9737	   1.4704	        1.4710	          0.0006	   1.6157	3.476e-03	   0.037	   258.112
 362	91	 3.3897	 0.9728	   1.4704	        1.4710	          0.0006	   1.5451	3.027e-03	   0.029	   258.678
 363	91	 3.3894	 0.9731	   1.4704	        1.4710	          0.0006	   1.5870	3.169e-03	   0.031	   259.248
 364	91	 3.3894	 0.9731	   1.4704	        1.4710	          0.0006	   1.5809	3.147e-03	   0.036	   259.827
 365	92	 3.3887	 0.9739	   1.4704	        1.4710	          0.0006	   1.6127	3.584e-03	   0.039	   260.415
 366	92	 3.3887	 0.9746	   1.4704	        1.4710	          0.0006	   1.6004	3.893e-03	   0.028	   261.001
 367	92	 3.3890	 0.9734	   1.4704	        1.4710	          0.0006	   1.5404	3.333e-03	   0.030	   261.588
 368	92	 3.3891	 0.9723	   1.4704	        1.4710	          0.0006	   1.5397	2.755e-03	   0.033	   262.166
 369	93	 3.3897	 0.9729	   1.4704	        1.4710	          0.0006	   1.6090	3.072e-03	   0.029	   262.731
 370	93	 3.3900	 0.9730	   1.4704	        1.4710	          0.0006	   1.5957	3.127e-03	   0.030	   263.316
 371	93	 3.3892	 0.9737	   1.4704	        1.4710	          0.0006	   1.5928	3.457e-03	   0.035	   263.943
 372	93	 3.3891	 0.9725	   1.4704	        1.4710	          0.0006	   1.5316	2.861e-03	   0.037	   264.551
 373	94	 3.3876	 0.9714	   1.4704	        1.4710	          0.0006	   1.5246	2.314e-03	   0.026	   265.121
 374	94	 3.3882	 0.9717	   1.4704	        1.4710	          0.0006	   1.5950	2.441e-03	   0.029	   265.694
 375	94	 3.3878	 0.9722	   1.4704	        1.4710	          0.0006	   1.6016	2.698e-03	   0.034	   266.272
 376	94	 3.3882	 0.9725	   1.4704	        1.4710	          0.0006	   1.5952	2.872e-03	   0.034	   266.850
 377	95	 3.3877	 0.9737	   1.4704	        1.4710	          0.0006	   1.6281	3.455e-03	   0.033	   267.456
 378	95	 3.3877	 0.9737	   1.4704	        1.4710	          0.0006	   1.5801	3.476e-03	   0.032	   268.058
 379	95	 3.3869	 0.9733	   1.4704	        1.4710	          0.0006	   1.5535	3.279e-03	   0.036	   268.633
 380	95	 3.3875	 0.9732	   1.4704	        1.4710	          0.0006	   1.5820	3.229e-03	   0.030	   269.215
 381	96	 3.3867	 0.9729	   1.4704	        1.4710	          0.0006	   1.5599	3.083e-03	   0.029	   269.785
 382	96	 3.3872	 0.9738	   1.4704	        1.4710	          0.0006	   1.6215	3.511e-03	   0.033	   270.363
 383	96	 3.3867	 0.9748	   1.4704	        1.4710	          0.0006	   1.6205	4.002e-03	   0.032	   270.969
 384	96	 3.3865	 0.9742	   1.4704	        1.4710	          0.0006	   1.5567	3.722e-03	   0.032	   271.555
 385	97	 3.3855	 0.9741	   1.4704	        1.4710	          0.0006	   1.5683	3.668e-03	   0.034	   272.195
 386	97	 3.3854	 0.9743	   1.4704	        1.4710	          0.0006	   1.5889	3.748e-03	   0.038	   272.825
 387	97	 3.3863	 0.9728	   1.4704	        1.4710	          0.0006	   1.5264	3.008e-03	   0.031	   273.402
 388	97	 3.3871	 0.9734	   1.4704	        1.4710	          0.0006	   1.6150	3.319e-03	   0.031	   273.970
 389	98	 3.3873	 0.9734	   1.4704	        1.4710	          0.0006	   1.5845	3.307e-03	   0.034	   274.547
 390	98	 3.3860	 0.9738	   1.4704	        1.4710	          0.0006	   1.5872	3.497e-03	   0.031	   275.117
 391	98	 3.3864	 0.9727	   1.4704	        1.4710	          0.0006	   1.5458	2.978e-03	   0.029	   275.684
 392	98	 3.3869	 0.9731	   1.4704	        1.4710	          0.0006	   1.5966	3.185e-03	   0.032	   276.261
 393	99	 3.3874	 0.9730	   1.4704	        1.4710	          0.0006	   1.5836	3.131e-03	   0.038	   276.846
 394	99	 3.3863	 0.9726	   1.4704	        1.4710	          0.0006	   1.5502	2.922e-03	   0.031	   277.439
 395	99	 3.3866	 0.9729	   1.4704	        1.4710	          0.0006	   1.5926	3.075e-03	   0.029	   278.023
 396	99	 3.3869	 0.9731	   1.4704	        1.4710	          0.0006	   1.5913	3.183e-03	   0.033	   278.598
 397	100	 3.3859	 0.9727	   1.4704	        1.4710	          0.0006	   1.5428	2.942e-03	   0.030	   279.168
 398	100	 3.3864	 0.9723	   1.4704	        1.4710	          0.0006	   1.5633	2.750e-03	   0.031	   279.748
 399	100	 3.3862	 0.9718	   1.4704	        1.4710	          0.0006	   1.5621	2.510e-03	   0.036	   280.374
 400	100	 3.3869	 0.9719	   1.4704	        1.4710	          0.0006	   1.5934	2.535e-03	   0.037	   280.985
 401	101	 3.3863	 0.9732	   1.4704	        1.4710	          0.0006	   1.6266	3.189e-03	   0.026	   281.562
 402	101	 3.3860	 0.9731	   1.4704	        1.4710	          0.0006	   1.5780	3.168e-03	   0.030	   282.133
 403	101	 3.3854	 0.9722	   1.4704	        1.4710	          0.0006	   1.5356	2.695e-03	   0.035	   282.708
 404	101	 3.3860	 0.9716	   1.4704	        1.4710	          0.0006	   1.5635	2.409e-03	   0.030	   283.274
 405	102	 3.3861	 0.9712	   1.4704	        1.4710	          0.0006	   1.5657	2.194e-03	   0.029	   283.842
 406	102	 3.3865	 0.9712	   1.4704	        1.4710	          0.0006	   1.5831	2.194e-03	   0.033	   284.424
 407	102	 3.3865	 0.9714	   1.4704	        1.4710	          0.0006	   1.5897	2.282e-03	   0.038	   284.998
 408	102	 3.3868	 0.9711	   1.4704	        1.4710	          0.0006	   1.5705	2.163e-03	   0.028	   285.575
 409	103	 3.3864	 0.9722	   1.4704	        1.4710	          0.0006	   1.6262	2.712e-03	   0.030	   286.155
 410	103	 3.3872	 0.9711	   1.4704	        1.4710	          0.0006	   1.5341	2.170e-03	   0.036	   286.731
 411	103	 3.3869	 0.9724	   1.4704	        1.4710	          0.0006	   1.6395	2.829e-03	   0.034	   287.333
 412	103	 3.3865	 0.9718	   1.4704	        1.4710	          0.0006	   1.5466	2.519e-03	   0.030	   287.900
 413	104	 3.3882	 0.9718	   1.4704	        1.4710	          0.0006	   1.5972	2.522e-03	   0.039	   288.528
 414	104	 3.3867	 0.9715	   1.4704	        1.4710	          0.0006	   1.5509	2.375e-03	   0.035	   289.141
 415	104	 3.3866	 0.9716	   1.4704	        1.4710	          0.0006	   1.5885	2.429e-03	   0.026	   289.700
 416	104	 3.3857	 0.9708	   1.4704	        1.4710	          0.0006	   1.5335	1.995e-03	   0.030	   290.273
 417	105	 3.3861	 0.9708	   1.4704	        1.4710	          0.0006	   1.5942	1.994e-03	   0.035	   290.850
 418	105	 3.3854	 0.9717	   1.4704	        1.4710	          0.0006	   1.6123	2.478e-03	   0.030	   291.415
 419	105	 3.3849	 0.9710	   1.4704	        1.4710	          0.0006	   1.5302	2.108e-03	   0.029	   291.979
 420	105	 3.3855	 0.9706	   1.4704	        1.4710	          0.0006	   1.5732	1.904e-03	   0.033	   292.562
 421	106	 3.3852	 0.9695	   1.4704	        1.4710	          0.0006	   1.5210	1.333e-03	   0.035	   293.137
 422	106	 3.3846	 0.9697	   1.4704	        1.4710	          0.0006	   1.5811	1.422e-03	   0.032	   293.734
 423	106	 3.3845	 0.9696	   1.4704	        1.4710	          0.0006	   1.5711	1.375e-03	   0.031	   294.325
 424	106	 3.3846	 0.9710	   1.4704	        1.4710	          0.0006	   1.6525	2.092e-03	   0.034	   294.904
 425	107	 3.3838	 0.9715	   1.4704	        1.4710	          0.0006	   1.6023	2.366e-03	   0.033	   295.513
 426	107	 3.3833	 0.9730	   1.4704	        1.4710	          0.0006	   1.6350	3.098e-03	   0.035	   296.123
 427	107	 3.3830	 0.9708	   1.4704	        1.4710	          0.0006	   1.4839	2.004e-03	   0.038	   296.785
 428	107	 3.3840	 0.9715	   1.4704	        1.4710	          0.0006	   1.6150	2.338e-03	   0.035	   297.437
 429	108	 3.3832	 0.9718	   1.4704	        1.4710	          0.0006	   1.5857	2.494e-03	   0.029	   298.041
 430	108	 3.3828	 0.9717	   1.4704	        1.4710	          0.0006	   1.5674	2.439e-03	   0.034	   298.653
 431	108	 3.3831	 0.9706	   1.4704	        1.4710	          0.0006	   1.5400	1.905e-03	   0.033	   299.259
 432	108	 3.3833	 0.9720	   1.4704	        1.4710	          0.0006	   1.6448	2.606e-03	   0.032	   299.851
 433	109	 3.3831	 0.9713	   1.4704	        1.4710	          0.0006	   1.5512	2.272e-03	   0.032	   300.416
 434	109	 3.3828	 0.9718	   1.4704	        1.4710	          0.0006	   1.5998	2.515e-03	   0.036	   300.993
 435	109	 3.3831	 0.9716	   1.4704	        1.4710	          0.0006	   1.5697	2.385e-03	   0.035	   301.568
 436	109	 3.3829	 0.9715	   1.4704	        1.4710	          0.0006	   1.5784	2.381e-03	   0.031	   302.140
 437	110	 3.3824	 0.9717	   1.4704	        1.4710	          0.0006	   1.5803	2.434e-03	   0.031	   302.742
 438	110	 3.3827	 0.9718	   1.4704	        1.4710	          0.0006	   1.5923	2.513e-03	   0.034	   303.348
 439	110	 3.3827	 0.9713	   1.4704	        1.4710	          0.0006	   1.5578	2.259e-03	   0.034	   303.945
 440	110	 3.3828	 0.9712	   1.4704	        1.4710	          0.0006	   1.5727	2.206e-03	   0.033	   304.548
 441	111	 3.3828	 0.9710	   1.4704	        1.4710	          0.0006	   1.5698	2.080e-03	   0.036	   305.159
 442	111	 3.3824	 0.9704	   1.4704	        1.4710	          0.0006	   1.5517	1.821e-03	   0.036	   305.770
 443	111	 3.3823	 0.9704	   1.4704	        1.4710	          0.0006	   1.5735	1.793e-03	   0.027	   306.338
 444	111	 3.3825	 0.9711	   1.4704	        1.4710	          0.0006	   1.6169	2.154e-03	   0.029	   306.910
 445	112	 3.3826	 0.9720	   1.4704	        1.4710	          0.0006	   1.6211	2.591e-03	   0.039	   307.492
 446	112	 3.3829	 0.9718	   1.4704	        1.4710	          0.0006	   1.5810	2.512e-03	   0.032	   308.054
 447	112	 3.3829	 0.9720	   1.4704	        1.4710	          0.0006	   1.5911	2.615e-03	   0.028	   308.620
 448	112	 3.3825	 0.9715	   1.4704	        1.4710	          0.0006	   1.5506	2.357e-03	   0.034	   309.201
 449	113	 3.3822	 0.9727	   1.4704	        1.4710	          0.0006	   1.6355	2.962e-03	   0.036	   309.774
 450	113	 3.3825	 0.9727	   1.4704	        1.4710	          0.0006	   1.5777	2.947e-03	   0.029	   310.361
 451	113	 3.3830	 0.9721	   1.4704	        1.4710	          0.0006	   1.5608	2.667e-03	   0.031	   310.955
 452	113	 3.3823	 0.9713	   1.4704	        1.4710	          0.0006	   1.5314	2.239e-03	   0.033	   311.540
 453	114	 3.3825	 0.9708	   1.4704	        1.4710	          0.0006	   1.5539	1.988e-03	   0.033	   312.108
 454	114	 3.3823	 0.9701	   1.4704	        1.4710	          0.0006	   1.5454	1.654e-03	   0.028	   312.673
 455	114	 3.3825	 0.9701	   1.4704	        1.4710	          0.0006	   1.5867	1.665e-03	   0.037	   313.288
 456	114	 3.3822	 0.9712	   1.4704	        1.4710	          0.0006	   1.6283	2.192e-03	   0.041	   313.914
 457	115	 3.3820	 0.9714	   1.4704	        1.4710	          0.0006	   1.5865	2.312e-03	   0.029	   314.498
 458	115	 3.3821	 0.9711	   1.4704	        1.4710	          0.0006	   1.5734	2.170e-03	   0.030	   315.069
 459	115	 3.3816	 0.9707	   1.4704	        1.4710	          0.0006	   1.5499	1.968e-03	   0.035	   315.647
 460	115	 3.3817	 0.9710	   1.4704	        1.4710	          0.0006	   1.5897	2.089e-03	   0.030	   316.216
 461	116	 3.3816	 0.9698	   1.4704	        1.4710	          0.0006	   1.5249	1.475e-03	   0.027	   316.774
 462	116	 3.3818	 0.9696	   1.4704	        1.4710	          0.0006	   1.5769	1.418e-03	   0.029	   317.313
 463	116	 3.3817	 0.9700	   1.4704	        1.4710	          0.0006	   1.5884	1.588e-03	   0.032	   317.855
 464	116	 3.3817	 0.9701	   1.4704	        1.4710	          0.0006	   1.5810	1.633e-03	   0.030	   318.395
 465	117	 3.3812	 0.9693	   1.4704	        1.4710	          0.0006	   1.5367	1.231e-03	   0.027	   318.936
 466	117	 3.3813	 0.9692	   1.4704	        1.4710	          0.0006	   1.5738	1.207e-03	   0.028	   319.463
 467	117	 3.3815	 0.9701	   1.4704	        1.4710	          0.0006	   1.6269	1.630e-03	   0.025	   319.911
 468	117	 3.3814	 0.9703	   1.4704	        1.4710	          0.0006	   1.5846	1.734e-03	   0.024	   320.369
 469	118	 3.3821	 0.9711	   1.4704	        1.4710	          0.0006	   1.6291	2.159e-03	   0.022	   320.823
 470	118	 3.3816	 0.9704	   1.4704	        1.4710	          0.0006	   1.5413	1.805e-03	   0.025	   321.293
 471	118	 3.3813	 0.9701	   1.4704	        1.4710	          0.0006	   1.5644	1.635e-03	   0.023	   321.750
 472	118	 3.3806	 0.9701	   1.4704	        1.4710	          0.0006	   1.5710	1.656e-03	   0.021	   322.200
 473	119	 3.3811	 0.9699	   1.4704	        1.4710	          0.0006	   1.5760	1.565e-03	   0.023	   322.644
 474	119	 3.3806	 0.9702	   1.4704	        1.4710	          0.0006	   1.5886	1.706e-03	   0.019	   323.085
 475	119	 3.3810	 0.9699	   1.4704	        1.4710	          0.0006	   1.5620	1.532e-03	   0.023	   323.527
 476	119	 3.3801	 0.9698	   1.4704	        1.4710	          0.0006	   1.5649	1.485e-03	   0.020	   323.978
 477	120	 3.3796	 0.9686	   1.4704	        1.4710	          0.0006	   1.5132	8.613e-04	   0.022	   324.421
 478	120	 3.3801	 0.9674	   1.4704	        1.4710	          0.0006	   1.5259	2.897e-04	   0.025	   324.888
 479	120	 3.3798	 0.9688	   1.4704	        1.4710	          0.0006	   1.6365	9.745e-04	   0.022	   325.359
 480	120	 3.3797	 0.9691	   1.4704	        1.4710	          0.0006	   1.5983	1.130e-03	   0.023	   325.813
 481	121	 3.3794	 0.9687	   1.4704	        1.4710	          0.0006	   1.5585	9.495e-04	   0.019	   326.255
 482	121	 3.3794	 0.9679	   1.4704	        1.4710	          0.0006	   1.5345	5.303e-04	   0.023	   326.696
 483	121	 3.3798	 0.9678	   1.4704	        1.4710	          0.0006	   1.5713	4.809e-04	   0.021	   327.169
 484	121	 3.3799	 0.9680	   1.4704	        1.4710	          0.0006	   1.5918	5.693e-04	   0.029	   327.691
 485	122	 3.3798	 0.9681	   1.4704	        1.4710	          0.0006	   1.5841	6.158e-04	   0.026	   328.206
 486	122	 3.3794	 0.9678	   1.4704	        1.4710	          0.0006	   1.5626	4.868e-04	   0.020	   328.663
 487	122	 3.3796	 0.9686	   1.4704	        1.4710	          0.0006	   1.6211	8.940e-04	   0.023	   329.108
 488	122	 3.3795	 0.9681	   1.4704	        1.4710	          0.0006	   1.5509	6.490e-04	   0.019	   329.549
 489	123	 3.3792	 0.9682	   1.4704	        1.4710	          0.0006	   1.5867	6.795e-04	   0.023	   329.991
 490	123	 3.3791	 0.9673	   1.4704	        1.4710	          0.0006	   1.5263	2.363e-04	   0.020	   330.442
 491	123	 3.3785	 0.9680	   1.4704	        1.4710	          0.0006	   1.6094	5.936e-04	   0.023	   330.885
 492	123	 3.3787	 0.9680	   1.4704	        1.4710	          0.0006	   1.5782	5.880e-04	   0.025	   331.354
 493	124	 3.3793	 0.9666	   1.4704	        1.4710	          0.0006	   1.5133	1.809e-04	   0.021	   331.855
 494	124	 3.3790	 0.9668	   1.4704	        1.4710	          0.0006	   1.5778	1.415e-04	   0.025	   332.334
 495	124	 3.3791	 0.9676	   1.4704	        1.4710	          0.0006	   1.6202	4.073e-04	   0.019	   332.807
 496	124	 3.3784	 0.9682	   1.4704	        1.4710	          0.0006	   1.6024	6.856e-04	   0.023	   333.269
 497	125	 3.3784	 0.9694	   1.4704	        1.4710	          0.0006	   1.6405	1.282e-03	   0.020	   333.720
 498	125	 3.3790	 0.9695	   1.4704	        1.4710	          0.0006	   1.5983	1.355e-03	   0.022	   334.185
 499	125	 3.3782	 0.9694	   1.4704	        1.4710	          0.0006	   1.5610	1.270e-03	   0.023	   334.650
 500	125	 3.3784	 0.9690	   1.4704	        1.4710	          0.0006	   1.5602	1.105e-03	   0.020	   335.101
 501	126	 3.3779	 0.9694	   1.4704	        1.4710	          0.0006	   1.5921	1.280e-03	   0.023	   335.545
 502	126	 3.3780	 0.9688	   1.4704	        1.4710	          0.0006	   1.5440	9.942e-04	   0.019	   335.987
 503	126	 3.3776	 0.9689	   1.4704	        1.4710	          0.0006	   1.5816	1.012e-03	   0.023	   336.428
 504	126	 3.3778	 0.9696	   1.4704	        1.4710	          0.0006	   1.6213	1.370e-03	   0.020	   336.879
 505	127	 3.3782	 0.9685	   1.4704	        1.4710	          0.0006	   1.5261	8.331e-04	   0.022	   337.321
 506	127	 3.3780	 0.9687	   1.4704	        1.4710	          0.0006	   1.5828	9.488e-04	   0.025	   337.783
 507	127	 3.3774	 0.9692	   1.4704	        1.4710	          0.0006	   1.5921	1.170e-03	   0.020	   338.254
 508	127	 3.3778	 0.9695	   1.4704	        1.4710	          0.0006	   1.6088	1.350e-03	   0.023	   338.714
 509	128	 3.3778	 0.9702	   1.4704	        1.4710	          0.0006	   1.6192	1.704e-03	   0.019	   339.155
 510	128	 3.3779	 0.9701	   1.4704	        1.4710	          0.0006	   1.5764	1.655e-03	   0.023	   339.597
 511	128	 3.3780	 0.9693	   1.4704	        1.4710	          0.0006	   1.5372	1.261e-03	   0.020	   340.064
 512	128	 3.3782	 0.9695	   1.4704	        1.4710	          0.0006	   1.5914	1.342e-03	   0.024	   340.551
 513	129	 3.3780	 0.9698	   1.4704	        1.4710	          0.0006	   1.5901	1.475e-03	   0.023	   341.028
 514	129	 3.3778	 0.9689	   1.4704	        1.4710	          0.0006	   1.5344	1.041e-03	   0.020	   341.493
 515	129	 3.3784	 0.9683	   1.4704	        1.4710	          0.0006	   1.5513	7.560e-04	   0.023	   341.937
 516	129	 3.3780	 0.9692	   1.4704	        1.4710	          0.0006	   1.6246	1.215e-03	   0.019	   342.379
 517	130	 3.3775	 0.9698	   1.4704	        1.4710	          0.0006	   1.6067	1.508e-03	   0.023	   342.820
 518	130	 3.3769	 0.9691	   1.4704	        1.4710	          0.0006	   1.5325	1.147e-03	   0.020	   343.271
 519	130	 3.3773	 0.9685	   1.4704	        1.4710	          0.0006	   1.5481	8.327e-04	   0.022	   343.714
 520	130	 3.3771	 0.9688	   1.4704	        1.4710	          0.0006	   1.5925	9.720e-04	   0.025	   344.183
 521	131	 3.3769	 0.9701	   1.4704	        1.4710	          0.0006	   1.6530	1.666e-03	   0.020	   344.667
 522	131	 3.3770	 0.9701	   1.4704	        1.4710	          0.0006	   1.5799	1.624e-03	   0.025	   345.132
 523	131	 3.3772	 0.9691	   1.4704	        1.4710	          0.0006	   1.5202	1.122e-03	   0.019	   345.592
 524	131	 3.3771	 0.9684	   1.4704	        1.4710	          0.0006	   1.5465	7.810e-04	   0.023	   346.033
 525	132	 3.3772	 0.9684	   1.4704	        1.4710	          0.0006	   1.5860	7.932e-04	   0.020	   346.484
 526	132	 3.3774	 0.9682	   1.4704	        1.4710	          0.0006	   1.5632	6.834e-04	   0.022	   346.949
 527	132	 3.3779	 0.9674	   1.4704	        1.4710	          0.0006	   1.5385	2.801e-04	   0.023	   347.414
 528	132	 3.3775	 0.9672	   1.4704	        1.4710	          0.0006	   1.5662	2.141e-04	   0.020	   347.864
 529	133	 3.3777	 0.9667	   1.4704	        1.4710	          0.0006	   1.5521	1.682e-04	   0.023	   348.309
 530	133	 3.3782	 0.9667	   1.4704	        1.4710	          0.0006	   1.5825	1.564e-04	   0.019	   348.750
 531	133	 3.3774	 0.9668	   1.4704	        1.4710	          0.0006	   1.5734	1.383e-04	   0.025	   349.216
 532	133	 3.3775	 0.9669	   1.4704	        1.4710	          0.0006	   1.5859	1.231e-04	   0.022	   349.708
 533	134	 3.3780	 0.9675	   1.4704	        1.4710	          0.0006	   1.6190	3.202e-04	   0.024	   350.192
 534	134	 3.3776	 0.9671	   1.4704	        1.4710	          0.0006	   1.5535	1.727e-04	   0.025	   350.678
 535	134	 3.3771	 0.9669	   1.4704	        1.4710	          0.0006	   1.5540	1.240e-04	   0.021	   351.154
 536	134	 3.3766	 0.9675	   1.4704	        1.4710	          0.0006	   1.6075	3.556e-04	   0.023	   351.613
 537	135	 3.3766	 0.9676	   1.4704	        1.4710	          0.0006	   1.5826	4.041e-04	   0.021	   352.088
 538	135	 3.3759	 0.9690	   1.4704	        1.4710	          0.0006	   1.6458	1.065e-03	   0.025	   352.567
 539	135	 3.3766	 0.9699	   1.4704	        1.4710	          0.0006	   1.6461	1.567e-03	   0.024	   353.050
 540	135	 3.3757	 0.9686	   1.4704	        1.4710	          0.0006	   1.4901	8.769e-04	   0.025	   353.549
 541	136	 3.3752	 0.9691	   1.4704	        1.4710	          0.0006	   1.6005	1.141e-03	   0.023	   354.031
 542	136	 3.3757	 0.9694	   1.4704	        1.4710	          0.0006	   1.6043	1.288e-03	   0.021	   354.496
 543	136	 3.3756	 0.9691	   1.4704	        1.4710	          0.0006	   1.5628	1.135e-03	   0.023	   354.940
 544	136	 3.3753	 0.9699	   1.4704	        1.4710	          0.0006	   1.6223	1.534e-03	   0.019	   355.382
 545	137	 3.3747	 0.9697	   1.4704	        1.4710	          0.0006	   1.5699	1.458e-03	   0.023	   355.824
 546	137	 3.3752	 0.9703	   1.4704	        1.4710	          0.0006	   1.6198	1.755e-03	   0.022	   356.278
 547	137	 3.3749	 0.9703	   1.4704	        1.4710	          0.0006	   1.5693	1.735e-03	   0.025	   356.758
 548	137	 3.3751	 0.9702	   1.4704	        1.4710	          0.0006	   1.5721	1.673e-03	   0.024	   357.222
 549	138	 3.3746	 0.9695	   1.4704	        1.4710	          0.0006	   1.5335	1.338e-03	   0.025	   357.739
 550	138	 3.3746	 0.9703	   1.4704	        1.4710	          0.0006	   1.6281	1.746e-03	   0.023	   358.204
 551	138	 3.3742	 0.9703	   1.4704	        1.4710	          0.0006	   1.5660	1.722e-03	   0.019	   358.661
 552	138	 3.3751	 0.9708	   1.4704	        1.4710	          0.0006	   1.6279	2.013e-03	   0.023	   359.102
 553	139	 3.3749	 0.9720	   1.4704	        1.4710	          0.0006	   1.6488	2.586e-03	   0.020	   359.553
 554	139	 3.3750	 0.9711	   1.4704	        1.4710	          0.0006	   1.5377	2.170e-03	   0.025	   360.014
 555	139	 3.3747	 0.9709	   1.4704	        1.4710	          0.0006	   1.5576	2.069e-03	   0.024	   360.483
 556	139	 3.3746	 0.9711	   1.4704	        1.4710	          0.0006	   1.5923	2.171e-03	   0.020	   360.933
 557	140	 3.3744	 0.9711	   1.4704	        1.4710	          0.0006	   1.5748	2.151e-03	   0.023	   361.378
 558	140	 3.3741	 0.9723	   1.4704	        1.4710	          0.0006	   1.6349	2.741e-03	   0.019	   361.820
 559	140	 3.3742	 0.9723	   1.4704	        1.4710	          0.0006	   1.5822	2.747e-03	   0.024	   362.261
 560	140	 3.3742	 0.9711	   1.4704	        1.4710	          0.0006	   1.5171	2.153e-03	   0.020	   362.712
 561	141	 3.3744	 0.9705	   1.4704	        1.4710	          0.0006	   1.5413	1.823e-03	   0.022	   363.155
 562	141	 3.3746	 0.9700	   1.4704	        1.4710	          0.0006	   1.5513	1.570e-03	   0.025	   363.604
 563	141	 3.3743	 0.9705	   1.4704	        1.4710	          0.0006	   1.6057	1.832e-03	   0.023	   364.083
 564	141	 3.3740	 0.9712	   1.4704	        1.4710	          0.0006	   1.6256	2.202e-03	   0.022	   364.534
 565	142	 3.3736	 0.9714	   1.4704	        1.4710	          0.0006	   1.5912	2.327e-03	   0.018	   364.945
 566	142	 3.3742	 0.9711	   1.4704	        1.4710	          0.0006	   1.5693	2.174e-03	   0.023	   365.360
 567	142	 3.3738	 0.9707	   1.4704	        1.4710	          0.0006	   1.5484	1.952e-03	   0.021	   365.780
 568	142	 3.3737	 0.9711	   1.4704	        1.4710	          0.0006	   1.5979	2.160e-03	   0.022	   366.200
 569	143	 3.3736	 0.9722	   1.4704	        1.4710	          0.0006	   1.6432	2.684e-03	   0.021	   366.650
 570	143	 3.3740	 0.9711	   1.4704	        1.4710	          0.0006	   1.5235	2.143e-03	   0.017	   367.053
 571	143	 3.3739	 0.9715	   1.4704	        1.4710	          0.0006	   1.6041	2.333e-03	   0.018	   367.435
 572	143	 3.3735	 0.9710	   1.4704	        1.4710	          0.0006	   1.5405	2.117e-03	   0.016	   367.818
 573	144	 3.3739	 0.9720	   1.4704	        1.4710	          0.0006	   1.6502	2.628e-03	   0.019	   368.201
 574	144	 3.3736	 0.9720	   1.4704	        1.4710	          0.0006	   1.5739	2.596e-03	   0.018	   368.593
 575	144	 3.3738	 0.9715	   1.4704	        1.4710	          0.0006	   1.5438	2.333e-03	   0.017	   369.008
 576	144	 3.3735	 0.9710	   1.4704	        1.4710	          0.0006	   1.5489	2.095e-03	   0.019	   369.391
 577	145	 3.3739	 0.9709	   1.4704	        1.4710	          0.0006	   1.5788	2.030e-03	   0.017	   369.833
 578	145	 3.3742	 0.9714	   1.4704	        1.4710	          0.0006	   1.6160	2.296e-03	   0.018	   370.221
 579	145	 3.3739	 0.9715	   1.4704	        1.4710	          0.0006	   1.5848	2.379e-03	   0.016	   370.603
 580	145	 3.3736	 0.9718	   1.4704	        1.4710	          0.0006	   1.5910	2.496e-03	   0.020	   370.987
 581	146	 3.3737	 0.9736	   1.4704	        1.4710	          0.0006	   1.6933	3.407e-03	   0.016	   371.372
 582	146	 3.3731	 0.9725	   1.4704	        1.4710	          0.0006	   1.5014	2.837e-03	   0.019	   371.767
 583	146	 3.3726	 0.9716	   1.4704	        1.4710	          0.0006	   1.5168	2.402e-03	   0.021	   372.177
 584	146	 3.3737	 0.9719	   1.4704	        1.4710	          0.0006	   1.6178	2.555e-03	   0.017	   372.569
 585	147	 3.3728	 0.9722	   1.4704	        1.4710	          0.0006	   1.5843	2.721e-03	   0.017	   372.951
 586	147	 3.3733	 0.9725	   1.4704	        1.4710	          0.0006	   1.6078	2.851e-03	   0.016	   373.334
 587	147	 3.3733	 0.9727	   1.4704	        1.4710	          0.0006	   1.5988	2.958e-03	   0.019	   373.717
 588	147	 3.3735	 0.9716	   1.4704	        1.4710	          0.0006	   1.5054	2.384e-03	   0.016	   374.103
 589	148	 3.3732	 0.9716	   1.4704	        1.4710	          0.0006	   1.5755	2.400e-03	   0.017	   374.486
 590	148	 3.3733	 0.9722	   1.4704	        1.4710	          0.0006	   1.6292	2.698e-03	   0.021	   374.871
 591	148	 3.3732	 0.9717	   1.4704	        1.4710	          0.0006	   1.5388	2.451e-03	   0.020	   375.307
 592	148	 3.3735	 0.9717	   1.4704	        1.4710	          0.0006	   1.5867	2.464e-03	   0.020	   375.752
 593	149	 3.3731	 0.9712	   1.4704	        1.4710	          0.0006	   1.5361	2.203e-03	   0.016	   376.146
 594	149	 3.3734	 0.9707	   1.4704	        1.4710	          0.0006	   1.5533	1.935e-03	   0.019	   376.529
 595	149	 3.3734	 0.9714	   1.4704	        1.4710	          0.0006	   1.6229	2.306e-03	   0.016	   376.915
 596	149	 3.3734	 0.9717	   1.4704	        1.4710	          0.0006	   1.6006	2.432e-03	   0.017	   377.325
 597	150	 3.3732	 0.9706	   1.4704	        1.4710	          0.0006	   1.5151	1.896e-03	   0.023	   377.764
 598	150	 3.3735	 0.9706	   1.4704	        1.4710	          0.0006	   1.5907	1.912e-03	   0.017	   378.176
 599	150	 3.3736	 0.9706	   1.4704	        1.4710	          0.0006	   1.5779	1.918e-03	   0.018	   378.559
 600	150	 3.3732	 0.9715	   1.4704	        1.4710	          0.0006	   1.6258	2.363e-03	   0.016	   378.941
 601	151	 3.3728	 0.9722	   1.4704	        1.4710	          0.0006	   1.6171	2.697e-03	   0.021	   379.350
 602	151	 3.3725	 0.9720	   1.4704	        1.4710	          0.0006	   1.5647	2.593e-03	   0.017	   379.766
 603	151	 3.3728	 0.9724	   1.4704	        1.4710	          0.0006	   1.6110	2.791e-03	   0.019	   380.183
 604	151	 3.3731	 0.9718	   1.4704	        1.4710	          0.0006	   1.5445	2.491e-03	   0.019	   380.597
 605	152	 3.3730	 0.9720	   1.4704	        1.4710	          0.0006	   1.5882	2.606e-03	   0.019	   381.016
 606	152	 3.3728	 0.9721	   1.4704	        1.4710	          0.0006	   1.5831	2.646e-03	   0.018	   381.410
 607	152	 3.3735	 0.9722	   1.4704	        1.4710	          0.0006	   1.6025	2.727e-03	   0.016	   381.792
 608	152	 3.3731	 0.9714	   1.4704	        1.4710	          0.0006	   1.5193	2.285e-03	   0.019	   382.176
 609	153	 3.3733	 0.9705	   1.4704	        1.4710	          0.0006	   1.5364	1.843e-03	   0.016	   382.562
 610	153	 3.3731	 0.9698	   1.4704	        1.4710	          0.0006	   1.5280	1.515e-03	   0.019	   382.948
 611	153	 3.3734	 0.9708	   1.4704	        1.4710	          0.0006	   1.6434	2.006e-03	   0.021	   383.358
 612	153	 3.3735	 0.9708	   1.4704	        1.4710	          0.0006	   1.5758	1.983e-03	   0.017	   383.758
 613	154	 3.3740	 0.9706	   1.4704	        1.4710	          0.0006	   1.5672	1.880e-03	   0.017	   384.141
 614	154	 3.3735	 0.9708	   1.4704	        1.4710	          0.0006	   1.5881	1.998e-03	   0.016	   384.523
 615	154	 3.3728	 0.9702	   1.4704	        1.4710	          0.0006	   1.5343	1.719e-03	   0.019	   384.907
 616	154	 3.3733	 0.9706	   1.4704	        1.4710	          0.0006	   1.6148	1.878e-03	   0.016	   385.292
 617	155	 3.3738	 0.9710	   1.4704	        1.4710	          0.0006	   1.6178	2.099e-03	   0.017	   385.674
 618	155	 3.3744	 0.9706	   1.4704	        1.4710	          0.0006	   1.5673	1.901e-03	   0.019	   386.057
 619	155	 3.3736	 0.9699	   1.4704	        1.4710	          0.0006	   1.5208	1.542e-03	   0.018	   386.472
 620	155	 3.3728	 0.9705	   1.4704	        1.4710	          0.0006	   1.6004	1.847e-03	   0.020	   386.876
 621	156	 3.3727	 0.9715	   1.4704	        1.4710	          0.0006	   1.6401	2.340e-03	   0.016	   387.263
 622	156	 3.3731	 0.9712	   1.4704	        1.4710	          0.0006	   1.5785	2.217e-03	   0.019	   387.647
 623	156	 3.3727	 0.9710	   1.4704	        1.4710	          0.0006	   1.5599	2.110e-03	   0.016	   388.033
 624	156	 3.3725	 0.9706	   1.4704	        1.4710	          0.0006	   1.5450	1.888e-03	   0.017	   388.438
 625	157	 3.3724	 0.9702	   1.4704	        1.4710	          0.0006	   1.5438	1.679e-03	   0.023	   388.869
 626	157	 3.3727	 0.9711	   1.4704	        1.4710	          0.0006	   1.6484	2.131e-03	   0.019	   389.287
 627	157	 3.3731	 0.9709	   1.4704	        1.4710	          0.0006	   1.5744	2.062e-03	   0.018	   389.677
 628	157	 3.3724	 0.9715	   1.4704	        1.4710	          0.0006	   1.6116	2.335e-03	   0.016	   390.059
 629	158	 3.3726	 0.9715	   1.4704	        1.4710	          0.0006	   1.5832	2.364e-03	   0.021	   390.469
 630	158	 3.3725	 0.9718	   1.4704	        1.4710	          0.0006	   1.5971	2.484e-03	   0.016	   390.867
 631	158	 3.3721	 0.9714	   1.4704	        1.4710	          0.0006	   1.5557	2.318e-03	   0.019	   391.270
 632	158	 3.3724	 0.9713	   1.4704	        1.4710	          0.0006	   1.5724	2.270e-03	   0.019	   391.671
 633	159	 3.3728	 0.9710	   1.4704	        1.4710	          0.0006	   1.5624	2.081e-03	   0.019	   392.060
 634	159	 3.3731	 0.9716	   1.4704	        1.4710	          0.0006	   1.6305	2.427e-03	   0.018	   392.462
 635	159	 3.3726	 0.9712	   1.4704	        1.4710	          0.0006	   1.5397	2.206e-03	   0.016	   392.844
 636	159	 3.3726	 0.9712	   1.4704	        1.4710	          0.0006	   1.5799	2.180e-03	   0.021	   393.234
 637	160	 3.3723	 0.9711	   1.4704	        1.4710	          0.0006	   1.5739	2.136e-03	   0.018	   393.661
 638	160	 3.3724	 0.9716	   1.4704	        1.4710	          0.0006	   1.6186	2.397e-03	   0.019	   394.085
 639	160	 3.3729	 0.9713	   1.4704	        1.4710	          0.0006	   1.5616	2.233e-03	   0.021	   394.532
 640	160	 3.3725	 0.9714	   1.4704	        1.4710	          0.0006	   1.5759	2.285e-03	   0.017	   394.964
 641	161	 3.3728	 0.9717	   1.4704	        1.4710	          0.0006	   1.6055	2.453e-03	   0.018	   395.361
 642	161	 3.3725	 0.9722	   1.4704	        1.4710	          0.0006	   1.6082	2.701e-03	   0.017	   395.743
 643	161	 3.3726	 0.9713	   1.4704	        1.4710	          0.0006	   1.5244	2.257e-03	   0.019	   396.127
 644	161	 3.3725	 0.9712	   1.4704	        1.4710	          0.0006	   1.5744	2.219e-03	   0.018	   396.533
 645	162	 3.3723	 0.9712	   1.4704	        1.4710	          0.0006	   1.5680	2.211e-03	   0.019	   396.957
 646	162	 3.3716	 0.9713	   1.4704	        1.4710	          0.0006	   1.5832	2.271e-03	   0.019	   397.367
 647	162	 3.3717	 0.9719	   1.4704	        1.4710	          0.0006	   1.6267	2.561e-03	   0.018	   397.790
 648	162	 3.3719	 0.9712	   1.4704	        1.4710	          0.0006	   1.5254	2.182e-03	   0.020	   398.193
 649	163	 3.3723	 0.9715	   1.4704	        1.4710	          0.0006	   1.6049	2.330e-03	   0.016	   398.587
 650	163	 3.3719	 0.9718	   1.4704	        1.4710	          0.0006	   1.5983	2.508e-03	   0.019	   398.971
 651	163	 3.3724	 0.9712	   1.4704	        1.4710	          0.0006	   1.5493	2.220e-03	   0.016	   399.357
 652	163	 3.3719	 0.9709	   1.4704	        1.4710	          0.0006	   1.5509	2.057e-03	   0.017	   399.756
 653	164	 3.3712	 0.9703	   1.4704	        1.4710	          0.0006	   1.5261	1.746e-03	   0.021	   400.184
 654	164	 3.3718	 0.9703	   1.4704	        1.4710	          0.0006	   1.5859	1.721e-03	   0.017	   400.604
 655	164	 3.3716	 0.9707	   1.4704	        1.4710	          0.0006	   1.6065	1.970e-03	   0.020	   401.003
 656	164	 3.3720	 0.9706	   1.4704	        1.4710	          0.0006	   1.5786	1.883e-03	   0.017	   401.422
 657	165	 3.3721	 0.9706	   1.4704	        1.4710	          0.0006	   1.5887	1.921e-03	   0.021	   401.828
 658	165	 3.3715	 0.9709	   1.4704	        1.4710	          0.0006	   1.5860	2.055e-03	   0.018	   402.261
 659	165	 3.3721	 0.9706	   1.4704	        1.4710	          0.0006	   1.5724	1.905e-03	   0.017	   402.662
 660	165	 3.3718	 0.9705	   1.4704	        1.4710	          0.0006	   1.5667	1.848e-03	   0.019	   403.060
 661	166	 3.3716	 0.9702	   1.4704	        1.4710	          0.0006	   1.5506	1.674e-03	   0.017	   403.447
 662	166	 3.3717	 0.9699	   1.4704	        1.4710	          0.0006	   1.5608	1.536e-03	   0.018	   403.852
 663	166	 3.3717	 0.9698	   1.4704	        1.4710	          0.0006	   1.5810	1.505e-03	   0.016	   404.234
 664	166	 3.3720	 0.9702	   1.4704	        1.4710	          0.0006	   1.6086	1.678e-03	   0.019	   404.618
 665	167	 3.3719	 0.9703	   1.4704	        1.4710	          0.0006	   1.5857	1.725e-03	   0.016	   405.003
 666	167	 3.3721	 0.9702	   1.4704	        1.4710	          0.0006	   1.5760	1.694e-03	   0.017	   405.386
 667	167	 3.3720	 0.9703	   1.4704	        1.4710	          0.0006	   1.5802	1.736e-03	   0.019	   405.791
 668	167	 3.3721	 0.9701	   1.4704	        1.4710	          0.0006	   1.5675	1.645e-03	   0.017	   406.200
 669	168	 3.3725	 0.9702	   1.4704	        1.4710	          0.0006	   1.6040	1.712e-03	   0.018	   406.582
 670	168	 3.3718	 0.9700	   1.4704	        1.4710	          0.0006	   1.5403	1.580e-03	   0.016	   406.965
 671	168	 3.3715	 0.9703	   1.4704	        1.4710	          0.0006	   1.5949	1.733e-03	   0.019	   407.348
 672	168	 3.3718	 0.9700	   1.4704	        1.4710	          0.0006	   1.5666	1.577e-03	   0.016	   407.734
 673	169	 3.3725	 0.9706	   1.4704	        1.4710	          0.0006	   1.6322	1.897e-03	   0.017	   408.116
 674	169	 3.3724	 0.9703	   1.4704	        1.4710	          0.0006	   1.5565	1.754e-03	   0.019	   408.500
 675	169	 3.3718	 0.9697	   1.4704	        1.4710	          0.0006	   1.5313	1.454e-03	   0.017	   408.903
 676	169	 3.3718	 0.9696	   1.4704	        1.4710	          0.0006	   1.5674	1.376e-03	   0.018	   409.309
 677	170	 3.3717	 0.9702	   1.4704	        1.4710	          0.0006	   1.6185	1.682e-03	   0.016	   409.705
 678	170	 3.3718	 0.9692	   1.4704	        1.4710	          0.0006	   1.5126	1.181e-03	   0.019	   410.089
 679	170	 3.3713	 0.9695	   1.4704	        1.4710	          0.0006	   1.5872	1.318e-03	   0.016	   410.475
 680	170	 3.3718	 0.9693	   1.4704	        1.4710	          0.0006	   1.5803	1.251e-03	   0.019	   410.870
 681	171	 3.3722	 0.9696	   1.4704	        1.4710	          0.0006	   1.5987	1.368e-03	   0.021	   411.296
 682	171	 3.3720	 0.9696	   1.4704	        1.4710	          0.0006	   1.5748	1.374e-03	   0.017	   411.722
 683	171	 3.3716	 0.9700	   1.4704	        1.4710	          0.0006	   1.6037	1.597e-03	   0.020	   412.123
 684	171	 3.3714	 0.9698	   1.4704	        1.4710	          0.0006	   1.5656	1.487e-03	   0.016	   412.540
 685	172	 3.3711	 0.9698	   1.4704	        1.4710	          0.0006	   1.5696	1.470e-03	   0.019	   412.923
 686	172	 3.3708	 0.9697	   1.4704	        1.4710	          0.0006	   1.5717	1.416e-03	   0.016	   413.348
 687	172	 3.3708	 0.9700	   1.4704	        1.4710	          0.0006	   1.6038	1.614e-03	   0.017	   413.730
 688	172	 3.3713	 0.9699	   1.4704	        1.4710	          0.0006	   1.5749	1.520e-03	   0.019	   414.113
 689	173	 3.3717	 0.9702	   1.4704	        1.4710	          0.0006	   1.6140	1.708e-03	   0.017	   414.500
 690	173	 3.3712	 0.9700	   1.4704	        1.4710	          0.0006	   1.5515	1.575e-03	   0.018	   414.905
 691	173	 3.3705	 0.9704	   1.4704	        1.4710	          0.0006	   1.6009	1.785e-03	   0.016	   415.287
 692	173	 3.3711	 0.9697	   1.4704	        1.4710	          0.0006	   1.5407	1.462e-03	   0.019	   415.671
 693	174	 3.3713	 0.9696	   1.4704	        1.4710	          0.0006	   1.5708	1.395e-03	   0.016	   416.056
 694	174	 3.3709	 0.9700	   1.4704	        1.4710	          0.0006	   1.6116	1.611e-03	   0.017	   416.439
 695	174	 3.3703	 0.9698	   1.4704	        1.4710	          0.0006	   1.5502	1.503e-03	   0.021	   416.841
 696	174	 3.3709	 0.9698	   1.4704	        1.4710	          0.0006	   1.5889	1.508e-03	   0.018	   417.253
 697	175	 3.3708	 0.9700	   1.4704	        1.4710	          0.0006	   1.5928	1.603e-03	   0.018	   417.636
 698	175	 3.3706	 0.9700	   1.4704	        1.4710	          0.0006	   1.5768	1.598e-03	   0.018	   418.023
 699	175	 3.3706	 0.9706	   1.4704	        1.4710	          0.0006	   1.6202	1.916e-03	   0.021	   418.448
 700	175	 3.3706	 0.9705	   1.4704	        1.4710	          0.0006	   1.5725	1.823e-03	   0.016	   418.859
 701	176	 3.3705	 0.9703	   1.4704	        1.4710	          0.0006	   1.5674	1.768e-03	   0.017	   419.241
 702	176	 3.3702	 0.9712	   1.4704	        1.4710	          0.0006	   1.6394	2.218e-03	   0.019	   419.624
 703	176	 3.3705	 0.9709	   1.4704	        1.4710	          0.0006	   1.5588	2.057e-03	   0.019	   420.021
 704	176	 3.3704	 0.9706	   1.4704	        1.4710	          0.0006	   1.5555	1.884e-03	   0.019	   420.432
 705	177	 3.3708	 0.9706	   1.4704	        1.4710	          0.0006	   1.5917	1.911e-03	   0.016	   420.830
 706	177	 3.3704	 0.9703	   1.4704	        1.4710	          0.0006	   1.5482	1.763e-03	   0.019	   421.214
 707	177	 3.3707	 0.9703	   1.4704	        1.4710	          0.0006	   1.5792	1.762e-03	   0.016	   421.600
 708	177	 3.3704	 0.9705	   1.4704	        1.4710	          0.0006	   1.5902	1.846e-03	   0.019	   421.986
 709	178	 3.3700	 0.9694	   1.4704	        1.4710	          0.0006	   1.4881	1.286e-03	   0.021	   422.407
 710	178	 3.3699	 0.9696	   1.4704	        1.4710	          0.0006	   1.5944	1.387e-03	   0.021	   422.865
 711	178	 3.3702	 0.9700	   1.4704	        1.4710	          0.0006	   1.6183	1.607e-03	   0.020	   423.296
 712	178	 3.3705	 0.9703	   1.4704	        1.4710	          0.0006	   1.6067	1.756e-03	   0.019	   423.715
 713	179	 3.3704	 0.9702	   1.4704	        1.4710	          0.0006	   1.5588	1.675e-03	   0.020	   424.131
 714	179	 3.3704	 0.9698	   1.4704	        1.4710	          0.0006	   1.5481	1.467e-03	   0.016	   424.538
 715	179	 3.3705	 0.9697	   1.4704	        1.4710	          0.0006	   1.5813	1.416e-03	   0.017	   424.920
 716	179	 3.3707	 0.9703	   1.4704	        1.4710	          0.0006	   1.6319	1.755e-03	   0.019	   425.303
 717	180	 3.3711	 0.9706	   1.4704	        1.4710	          0.0006	   1.6175	1.899e-03	   0.017	   425.690
 718	180	 3.3711	 0.9705	   1.4704	        1.4710	          0.0006	   1.5660	1.861e-03	   0.018	   426.088
 719	180	 3.3711	 0.9708	   1.4704	        1.4710	          0.0006	   1.5953	1.982e-03	   0.016	   426.476
 720	180	 3.3707	 0.9706	   1.4704	        1.4710	          0.0006	   1.5599	1.901e-03	   0.019	   426.860
 721	181	 3.3707	 0.9711	   1.4704	        1.4710	          0.0006	   1.6236	2.168e-03	   0.016	   427.246
 722	181	 3.3701	 0.9711	   1.4704	        1.4710	          0.0006	   1.5655	2.171e-03	   0.017	   427.628
 723	181	 3.3700	 0.9701	   1.4704	        1.4710	          0.0006	   1.5011	1.665e-03	   0.021	   428.023
 724	181	 3.3700	 0.9708	   1.4704	        1.4710	          0.0006	   1.6365	2.022e-03	   0.019	   428.437
 725	182	 3.3704	 0.9708	   1.4704	        1.4710	          0.0006	   1.5784	1.998e-03	   0.018	   428.825
 726	182	 3.3702	 0.9713	   1.4704	        1.4710	          0.0006	   1.6189	2.257e-03	   0.016	   429.207
 727	182	 3.3702	 0.9710	   1.4704	        1.4710	          0.0006	   1.5578	2.108e-03	   0.019	   429.591
 728	182	 3.3702	 0.9709	   1.4704	        1.4710	          0.0006	   1.5733	2.059e-03	   0.016	   429.976
 729	183	 3.3706	 0.9706	   1.4704	        1.4710	          0.0006	   1.5636	1.896e-03	   0.017	   430.359
 730	183	 3.3704	 0.9709	   1.4704	        1.4710	          0.0006	   1.6016	2.049e-03	   0.019	   430.742
 731	183	 3.3703	 0.9702	   1.4704	        1.4710	          0.0006	   1.5185	1.702e-03	   0.019	   431.131
 732	183	 3.3701	 0.9704	   1.4704	        1.4710	          0.0006	   1.5968	1.813e-03	   0.019	   431.544
 733	184	 3.3707	 0.9704	   1.4704	        1.4710	          0.0006	   1.5896	1.795e-03	   0.017	   431.948
 734	184	 3.3702	 0.9701	   1.4704	        1.4710	          0.0006	   1.5438	1.643e-03	   0.019	   432.332
 735	184	 3.3702	 0.9708	   1.4704	        1.4710	          0.0006	   1.6399	2.014e-03	   0.016	   432.717
 736	184	 3.3701	 0.9705	   1.4704	        1.4710	          0.0006	   1.5470	1.847e-03	   0.017	   433.100
 737	185	 3.3699	 0.9704	   1.4704	        1.4710	          0.0006	   1.5692	1.811e-03	   0.019	   433.511
 738	185	 3.3697	 0.9702	   1.4704	        1.4710	          0.0006	   1.5548	1.683e-03	   0.023	   433.976
 739	185	 3.3697	 0.9704	   1.4704	        1.4710	          0.0006	   1.6002	1.790e-03	   0.018	   434.400
 740	185	 3.3699	 0.9704	   1.4704	        1.4710	          0.0006	   1.5810	1.785e-03	   0.019	   434.803
 741	186	 3.3701	 0.9704	   1.4704	        1.4710	          0.0006	   1.5776	1.805e-03	   0.019	   435.205
 742	186	 3.3704	 0.9713	   1.4704	        1.4710	          0.0006	   1.6559	2.264e-03	   0.016	   435.590
 743	186	 3.3703	 0.9703	   1.4704	        1.4710	          0.0006	   1.4910	1.730e-03	   0.017	   435.973
 744	186	 3.3700	 0.9702	   1.4704	        1.4710	          0.0006	   1.5830	1.709e-03	   0.021	   436.395
 745	187	 3.3705	 0.9704	   1.4704	        1.4710	          0.0006	   1.5969	1.778e-03	   0.019	   436.823
 746	187	 3.3705	 0.9703	   1.4704	        1.4710	          0.0006	   1.5766	1.728e-03	   0.022	   437.257
 747	187	 3.3699	 0.9695	   1.4704	        1.4710	          0.0006	   1.5088	1.353e-03	   0.017	   437.664
 748	187	 3.3699	 0.9702	   1.4704	        1.4710	          0.0006	   1.6318	1.679e-03	   0.020	   438.048
 749	188	 3.3700	 0.9705	   1.4704	        1.4710	          0.0006	   1.6030	1.851e-03	   0.016	   438.434
 750	188	 3.3703	 0.9703	   1.4704	        1.4710	          0.0006	   1.5661	1.738e-03	   0.017	   438.816
 751	188	 3.3700	 0.9705	   1.4704	        1.4710	          0.0006	   1.5927	1.869e-03	   0.023	   439.209
 752	188	 3.3695	 0.9702	   1.4704	        1.4710	          0.0006	   1.5466	1.687e-03	   0.021	   439.663
 753	189	 3.3694	 0.9706	   1.4704	        1.4710	          0.0006	   1.6116	1.894e-03	   0.020	   440.092
 754	189	 3.3700	 0.9707	   1.4704	        1.4710	          0.0006	   1.5956	1.951e-03	   0.019	   440.498
 755	189	 3.3698	 0.9709	   1.4704	        1.4710	          0.0006	   1.5888	2.037e-03	   0.019	   440.883
 756	189	 3.3698	 0.9703	   1.4704	        1.4710	          0.0006	   1.5368	1.760e-03	   0.016	   441.269
 757	190	 3.3695	 0.9699	   1.4704	        1.4710	          0.0006	   1.5444	1.558e-03	   0.017	   441.651
 758	190	 3.3692	 0.9699	   1.4704	        1.4710	          0.0006	   1.5712	1.521e-03	   0.019	   442.034
 759	190	 3.3697	 0.9700	   1.4704	        1.4710	          0.0006	   1.5979	1.595e-03	   0.017	   442.421
 760	190	 3.3694	 0.9702	   1.4704	        1.4710	          0.0006	   1.5873	1.703e-03	   0.019	   442.831
 761	191	 3.3691	 0.9696	   1.4704	        1.4710	          0.0006	   1.5230	1.392e-03	   0.019	   443.235
 762	191	 3.3697	 0.9689	   1.4704	        1.4710	          0.0006	   1.5391	1.060e-03	   0.020	   443.624
 763	191	 3.3690	 0.9687	   1.4704	        1.4710	          0.0006	   1.5467	9.577e-04	   0.016	   444.010
 764	191	 3.3689	 0.9699	   1.4704	        1.4710	          0.0006	   1.6733	1.528e-03	   0.017	   444.392
 765	192	 3.3688	 0.9694	   1.4704	        1.4710	          0.0006	   1.5354	1.268e-03	   0.021	   444.834
 766	192	 3.3692	 0.9697	   1.4704	        1.4710	          0.0006	   1.6168	1.461e-03	   0.021	   445.289
 767	192	 3.3694	 0.9697	   1.4704	        1.4710	          0.0006	   1.5877	1.464e-03	   0.022	   445.755
 768	192	 3.3690	 0.9699	   1.4704	        1.4710	          0.0006	   1.5806	1.532e-03	   0.017	   446.164
 769	193	 3.3692	 0.9701	   1.4704	        1.4710	          0.0006	   1.6042	1.657e-03	   0.019	   446.562
 770	193	 3.3693	 0.9700	   1.4704	        1.4710	          0.0006	   1.5739	1.607e-03	   0.016	   446.948
 771	193	 3.3693	 0.9698	   1.4704	        1.4710	          0.0006	   1.5584	1.469e-03	   0.017	   447.331
 772	193	 3.3689	 0.9691	   1.4704	        1.4710	          0.0006	   1.5091	1.120e-03	   0.019	   447.714
 773	194	 3.3686	 0.9694	   1.4704	        1.4710	          0.0006	   1.5939	1.265e-03	   0.017	   448.100
 774	194	 3.3684	 0.9689	   1.4704	        1.4710	          0.0006	   1.5439	1.034e-03	   0.020	   448.485
 775	194	 3.3685	 0.9686	   1.4704	        1.4710	          0.0006	   1.5539	8.612e-04	   0.016	   448.887
 776	194	 3.3685	 0.9692	   1.4704	        1.4710	          0.0006	   1.6279	1.179e-03	   0.019	   449.271
 777	195	 3.3683	 0.9692	   1.4704	        1.4710	          0.0006	   1.5697	1.162e-03	   0.016	   449.657
 778	195	 3.3678	 0.9692	   1.4704	        1.4710	          0.0006	   1.5764	1.208e-03	   0.017	   450.039
 779	195	 3.3678	 0.9688	   1.4704	        1.4710	          0.0006	   1.5332	9.670e-04	   0.019	   450.422
 780	195	 3.3680	 0.9692	   1.4704	        1.4710	          0.0006	   1.6163	1.166e-03	   0.017	   450.831
 781	196	 3.3679	 0.9689	   1.4704	        1.4710	          0.0006	   1.5518	1.014e-03	   0.018	   451.236
 782	196	 3.3675	 0.9688	   1.4704	        1.4710	          0.0006	   1.5595	9.810e-04	   0.016	   451.618
 783	196	 3.3679	 0.9684	   1.4704	        1.4710	          0.0006	   1.5585	7.956e-04	   0.019	   452.002
 784	196	 3.3678	 0.9689	   1.4704	        1.4710	          0.0006	   1.6167	1.020e-03	   0.016	   452.387
 785	197	 3.3677	 0.9688	   1.4704	        1.4710	          0.0006	   1.5782	1.008e-03	   0.017	   452.770
 786	197	 3.3673	 0.9689	   1.4704	        1.4710	          0.0006	   1.5699	1.028e-03	   0.019	   453.153
 787	197	 3.3674	 0.9693	   1.4704	        1.4710	          0.0006	   1.6173	1.219e-03	   0.017	   453.540
 788	197	 3.3676	 0.9693	   1.4704	        1.4710	          0.0006	   1.5845	1.242e-03	   0.019	   453.944
 789	198	 3.3675	 0.9701	   1.4704	        1.4710	          0.0006	   1.6482	1.668e-03	   0.018	   454.346
 790	198	 3.3674	 0.9696	   1.4704	        1.4710	          0.0006	   1.5328	1.412e-03	   0.019	   454.743
 791	198	 3.3673	 0.9696	   1.4704	        1.4710	          0.0006	   1.5747	1.387e-03	   0.016	   455.128
 792	198	 3.3675	 0.9691	   1.4704	        1.4710	          0.0006	   1.5457	1.157e-03	   0.017	   455.511
 793	199	 3.3682	 0.9694	   1.4704	        1.4710	          0.0006	   1.6162	1.267e-03	   0.020	   455.949
 794	199	 3.3682	 0.9690	   1.4704	        1.4710	          0.0006	   1.5404	1.081e-03	   0.019	   456.380
 795	199	 3.3675	 0.9696	   1.4704	        1.4710	          0.0006	   1.6144	1.379e-03	   0.018	   456.835
 796	199	 3.3676	 0.9694	   1.4704	        1.4710	          0.0006	   1.5723	1.293e-03	   0.017	   457.232
 797	200	 3.3675	 0.9692	   1.4704	        1.4710	          0.0006	   1.5647	1.211e-03	   0.019	   457.616
 798	200	 3.3678	 0.9691	   1.4704	        1.4710	          0.0006	   1.5784	1.133e-03	   0.016	   458.001
 799	200	 3.3673	 0.9696	   1.4704	        1.4710	          0.0006	   1.6040	1.370e-03	   0.017	   458.384
 800	200	 3.3673	 0.9697	   1.4704	        1.4710	          0.0006	   1.5942	1.462e-03	   0.019	   458.767

[BSGD] Finished on device cuda -> σ_f² ≈ 3.3673, σ_ε² ≈ 0.9697
