[GPU 6][JOB 103] 'python cli.py bsgd --n 1024 --lengthscale 0.5 --sigma-f2-true 4.0 --sigma-eps2-true 1.0 --n-epochs 200 --device auto --kernel-mode finite --theta-min 1e-4 --theta-max 20.0 --print-every 1 --seed 2 --batch-size 512 --sigma-f2-init 5.0 --sigma-eps2-init 3.0 --alpha1 9.0 '

=== BSGD (biased SGD on exact kernel) ===
iter	epoch	σ_f²	σ_ε²	real_nlml	real_nlml_true	real_nlml_abs_err	mini_nlml	||grad||	duration_s	wall_time_s
   1	 1	 4.4418	 2.0305	   1.5764	        1.4710	          0.1054	   1.6065	1.245e-01	   0.258	     0.465
   2	 1	 4.2354	 1.5024	   1.5116	        1.4710	          0.0406	   1.5650	1.144e-01	   0.073	     1.370
   3	 2	 4.1187	 1.1848	   1.4802	        1.4710	          0.0091	   1.5359	7.488e-02	   0.072	     2.189
   4	 2	 4.0163	 1.0073	   1.4711	        1.4710	          0.0001	   1.5018	1.929e-02	   0.072	     3.019
   5	 3	 3.9788	 0.9355	   1.4710	        1.4710	          0.0000	   1.4904	1.721e-02	   0.067	     3.841
   6	 3	 3.9034	 1.0007	   1.4709	        1.4710	          0.0001	   1.5380	1.635e-02	   0.070	     4.672
   7	 4	 3.8634	 0.9612	   1.4706	        1.4710	          0.0004	   1.5015	3.000e-03	   0.058	     5.493
   8	 4	 3.8441	 0.9814	   1.4707	        1.4710	          0.0003	   1.5268	7.347e-03	   0.071	     6.294
   9	 5	 3.8299	 0.9769	   1.4706	        1.4710	          0.0004	   1.5183	5.129e-03	   0.080	     7.124
  10	 5	 3.7916	 0.9728	   1.4706	        1.4710	          0.0004	   1.5129	3.139e-03	   0.077	     7.942
  11	 6	 3.7706	 0.9584	   1.4706	        1.4710	          0.0004	   1.4987	4.437e-03	   0.074	     8.783
  12	 6	 3.7448	 0.9713	   1.4706	        1.4710	          0.0004	   1.5248	2.381e-03	   0.073	     9.655
  13	 7	 3.7176	 0.9731	   1.4706	        1.4710	          0.0004	   1.5180	3.269e-03	   0.080	    10.491
  14	 7	 3.7135	 0.9710	   1.4705	        1.4710	          0.0005	   1.5153	2.230e-03	   0.068	    11.306
  15	 8	 3.6894	 0.9756	   1.4706	        1.4710	          0.0005	   1.5179	4.483e-03	   0.072	    12.125
  16	 8	 3.6838	 0.9707	   1.4705	        1.4710	          0.0005	   1.5143	2.040e-03	   0.077	    12.963
  17	 9	 3.6649	 0.9762	   1.4705	        1.4710	          0.0005	   1.5244	4.766e-03	   0.067	    13.788
  18	 9	 3.6578	 0.9618	   1.4705	        1.4710	          0.0005	   1.4890	2.641e-03	   0.065	    14.614
  19	10	 3.6457	 0.9567	   1.4705	        1.4710	          0.0005	   1.5000	5.367e-03	   0.070	    15.449
  20	10	 3.6455	 0.9664	   1.4705	        1.4710	          0.0005	   1.5326	5.034e-04	   0.071	    16.301
  21	11	 3.6346	 0.9741	   1.4705	        1.4710	          0.0005	   1.5297	3.748e-03	   0.068	    17.113
  22	11	 3.6323	 0.9685	   1.4705	        1.4710	          0.0005	   1.5065	9.715e-04	   0.072	    17.933
  23	12	 3.6359	 0.9651	   1.4705	        1.4710	          0.0005	   1.5054	1.004e-03	   0.066	    18.783
  24	12	 3.6251	 0.9700	   1.4705	        1.4710	          0.0005	   1.5276	1.684e-03	   0.075	    19.685
  25	13	 3.6193	 0.9713	   1.4705	        1.4710	          0.0005	   1.5190	2.308e-03	   0.075	    20.567
  26	13	 3.6150	 0.9604	   1.4705	        1.4710	          0.0005	   1.4845	3.379e-03	   0.075	    21.407
  27	14	 3.6130	 0.9762	   1.4705	        1.4710	          0.0005	   1.5571	4.757e-03	   0.068	    22.221
  28	14	 3.5969	 0.9614	   1.4705	        1.4710	          0.0005	   1.4684	2.837e-03	   0.064	    23.055
  29	15	 3.5940	 0.9503	   1.4706	        1.4710	          0.0004	   1.4775	8.842e-03	   0.077	    23.916
  30	15	 3.5875	 0.9622	   1.4705	        1.4710	          0.0005	   1.5434	2.434e-03	   0.069	    24.754
  31	16	 3.5812	 0.9602	   1.4705	        1.4710	          0.0005	   1.4999	3.507e-03	   0.063	    25.576
  32	16	 3.5801	 0.9621	   1.4705	        1.4710	          0.0005	   1.5228	2.474e-03	   0.072	    26.397
  33	17	 3.5804	 0.9631	   1.4705	        1.4710	          0.0005	   1.5174	1.985e-03	   0.072	    27.220
  34	17	 3.5709	 0.9653	   1.4705	        1.4710	          0.0005	   1.5174	8.569e-04	   0.063	    28.040
  35	18	 3.5618	 0.9573	   1.4705	        1.4710	          0.0005	   1.4804	5.026e-03	   0.062	    28.865
  36	18	 3.5619	 0.9685	   1.4705	        1.4710	          0.0005	   1.5538	9.254e-04	   0.082	    29.720
  37	19	 3.5593	 0.9634	   1.4705	        1.4710	          0.0005	   1.4955	1.830e-03	   0.078	    30.593
  38	19	 3.5554	 0.9674	   1.4705	        1.4710	          0.0005	   1.5274	4.519e-04	   0.070	    31.405
  39	20	 3.5526	 0.9670	   1.4705	        1.4710	          0.0005	   1.5148	3.620e-04	   0.072	    32.225
  40	20	 3.5484	 0.9689	   1.4705	        1.4710	          0.0005	   1.5187	1.097e-03	   0.063	    33.053
  41	21	 3.5430	 0.9675	   1.4705	        1.4710	          0.0005	   1.5093	4.863e-04	   0.073	    33.900
  42	21	 3.5430	 0.9695	   1.4705	        1.4710	          0.0005	   1.5234	1.400e-03	   0.063	    34.721
  43	22	 3.5388	 0.9682	   1.4705	        1.4710	          0.0005	   1.5101	7.765e-04	   0.076	    35.582
  44	22	 3.5424	 0.9676	   1.4705	        1.4710	          0.0005	   1.5145	5.140e-04	   0.069	    36.425
  45	23	 3.5452	 0.9658	   1.4705	        1.4710	          0.0005	   1.5101	6.227e-04	   0.069	    37.281
  46	23	 3.5364	 0.9665	   1.4705	        1.4710	          0.0005	   1.5106	3.668e-04	   0.071	    38.160
  47	24	 3.5361	 0.9672	   1.4705	        1.4710	          0.0005	   1.5198	3.809e-04	   0.060	    38.984
  48	24	 3.5318	 0.9672	   1.4705	        1.4710	          0.0005	   1.5119	3.607e-04	   0.076	    39.850
  49	25	 3.5350	 0.9651	   1.4705	        1.4710	          0.0005	   1.5084	9.442e-04	   0.081	    40.758
  50	25	 3.5258	 0.9662	   1.4705	        1.4710	          0.0005	   1.5119	4.457e-04	   0.075	    41.618
  51	26	 3.5294	 0.9592	   1.4705	        1.4710	          0.0005	   1.4790	4.007e-03	   0.064	    42.479
  52	26	 3.5214	 0.9670	   1.4705	        1.4710	          0.0005	   1.5491	3.184e-04	   0.075	    43.340
  53	27	 3.5164	 0.9606	   1.4705	        1.4710	          0.0005	   1.4761	3.281e-03	   0.076	    44.199
  54	27	 3.5209	 0.9647	   1.4705	        1.4710	          0.0005	   1.5381	1.147e-03	   0.071	    45.042
  55	28	 3.5200	 0.9642	   1.4705	        1.4710	          0.0005	   1.5079	1.402e-03	   0.070	    45.855
  56	28	 3.5169	 0.9662	   1.4705	        1.4710	          0.0005	   1.5259	4.447e-04	   0.069	    46.679
  57	29	 3.5181	 0.9703	   1.4705	        1.4710	          0.0005	   1.5380	1.778e-03	   0.073	    47.517
  58	29	 3.5146	 0.9669	   1.4705	        1.4710	          0.0005	   1.4953	3.037e-04	   0.062	    48.334
  59	30	 3.5138	 0.9673	   1.4705	        1.4710	          0.0005	   1.5177	3.794e-04	   0.067	    49.160
  60	30	 3.5121	 0.9659	   1.4705	        1.4710	          0.0005	   1.5039	5.725e-04	   0.070	    49.983
  61	31	 3.5114	 0.9621	   1.4705	        1.4710	          0.0005	   1.4878	2.497e-03	   0.071	    50.837
  62	31	 3.5079	 0.9661	   1.4705	        1.4710	          0.0005	   1.5348	5.069e-04	   0.066	    51.689
  63	32	 3.5057	 0.9713	   1.4705	        1.4710	          0.0005	   1.5476	2.269e-03	   0.065	    52.522
  64	32	 3.5057	 0.9649	   1.4705	        1.4710	          0.0005	   1.4735	1.045e-03	   0.068	    53.348
  65	33	 3.5020	 0.9662	   1.4705	        1.4710	          0.0005	   1.5214	4.528e-04	   0.069	    54.172
  66	33	 3.5027	 0.9648	   1.4705	        1.4710	          0.0005	   1.5042	1.120e-03	   0.075	    55.014
  67	34	 3.4983	 0.9634	   1.4705	        1.4710	          0.0005	   1.5010	1.808e-03	   0.071	    55.840
  68	34	 3.4967	 0.9643	   1.4705	        1.4710	          0.0005	   1.5176	1.334e-03	   0.063	    56.695
  69	35	 3.4948	 0.9631	   1.4705	        1.4710	          0.0005	   1.4982	1.980e-03	   0.080	    57.529
  70	35	 3.4946	 0.9645	   1.4705	        1.4710	          0.0005	   1.5270	1.256e-03	   0.065	    58.351
  71	36	 3.4917	 0.9654	   1.4705	        1.4710	          0.0005	   1.5184	8.182e-04	   0.069	    59.172
  72	36	 3.4923	 0.9652	   1.4705	        1.4710	          0.0005	   1.5147	8.875e-04	   0.074	    60.003
  73	37	 3.4902	 0.9665	   1.4705	        1.4710	          0.0005	   1.5241	3.225e-04	   0.075	    60.899
  74	37	 3.4893	 0.9652	   1.4705	        1.4710	          0.0005	   1.5007	9.015e-04	   0.070	    61.791
  75	38	 3.4906	 0.9700	   1.4705	        1.4710	          0.0005	   1.5516	1.624e-03	   0.066	    62.627
  76	38	 3.4865	 0.9662	   1.4705	        1.4710	          0.0005	   1.4839	4.203e-04	   0.076	    63.458
  77	39	 3.4832	 0.9684	   1.4705	        1.4710	          0.0005	   1.5277	8.149e-04	   0.077	    64.296
  78	39	 3.4838	 0.9676	   1.4705	        1.4710	          0.0005	   1.5099	4.562e-04	   0.070	    65.134
  79	40	 3.4823	 0.9669	   1.4705	        1.4710	          0.0006	   1.5091	2.637e-04	   0.064	    65.976
  80	40	 3.4822	 0.9676	   1.4705	        1.4710	          0.0005	   1.5181	4.670e-04	   0.069	    66.807
  81	41	 3.4797	 0.9663	   1.4705	        1.4710	          0.0006	   1.5011	4.068e-04	   0.067	    67.626
  82	41	 3.4795	 0.9692	   1.4705	        1.4710	          0.0005	   1.5387	1.210e-03	   0.072	    68.449
  83	42	 3.4782	 0.9718	   1.4705	        1.4710	          0.0005	   1.5374	2.511e-03	   0.072	    69.272
  84	42	 3.4772	 0.9693	   1.4705	        1.4710	          0.0005	   1.4944	1.260e-03	   0.062	    70.090
  85	43	 3.4748	 0.9711	   1.4705	        1.4710	          0.0005	   1.5290	2.192e-03	   0.073	    70.945
  86	43	 3.4760	 0.9700	   1.4705	        1.4710	          0.0005	   1.5083	1.611e-03	   0.077	    71.835
  87	44	 3.4734	 0.9681	   1.4705	        1.4710	          0.0006	   1.4967	7.048e-04	   0.066	    72.705
  88	44	 3.4738	 0.9697	   1.4705	        1.4710	          0.0006	   1.5301	1.497e-03	   0.072	    73.570
  89	45	 3.4752	 0.9709	   1.4705	        1.4710	          0.0005	   1.5278	2.090e-03	   0.077	    74.417
  90	45	 3.4723	 0.9681	   1.4704	        1.4710	          0.0006	   1.4877	6.735e-04	   0.075	    75.268
  91	46	 3.4719	 0.9739	   1.4705	        1.4710	          0.0005	   1.5702	3.607e-03	   0.064	    76.134
  92	46	 3.4718	 0.9667	   1.4704	        1.4710	          0.0006	   1.4470	2.713e-04	   0.080	    77.028
  93	47	 3.4696	 0.9691	   1.4705	        1.4710	          0.0006	   1.5354	1.184e-03	   0.079	    77.893
  94	47	 3.4709	 0.9673	   1.4704	        1.4710	          0.0006	   1.4994	3.403e-04	   0.075	    78.730
  95	48	 3.4673	 0.9641	   1.4705	        1.4710	          0.0006	   1.4774	1.476e-03	   0.066	    79.549
  96	48	 3.4684	 0.9680	   1.4704	        1.4710	          0.0006	   1.5558	6.344e-04	   0.071	    80.382
  97	49	 3.4677	 0.9654	   1.4704	        1.4710	          0.0006	   1.4845	7.864e-04	   0.088	    81.260
  98	49	 3.4677	 0.9674	   1.4704	        1.4710	          0.0006	   1.5375	3.879e-04	   0.077	    82.213
  99	50	 3.4657	 0.9692	   1.4704	        1.4710	          0.0006	   1.5294	1.208e-03	   0.077	    83.107
 100	50	 3.4660	 0.9670	   1.4704	        1.4710	          0.0006	   1.4938	2.504e-04	   0.067	    83.940
 101	51	 3.4662	 0.9677	   1.4704	        1.4710	          0.0006	   1.5195	5.007e-04	   0.062	    84.759
 102	51	 3.4640	 0.9672	   1.4704	        1.4710	          0.0006	   1.5089	3.035e-04	   0.070	    85.624
 103	52	 3.4643	 0.9708	   1.4705	        1.4710	          0.0006	   1.5523	2.038e-03	   0.070	    86.475
 104	52	 3.4634	 0.9674	   1.4704	        1.4710	          0.0006	   1.4796	3.578e-04	   0.070	    87.301
 105	53	 3.4639	 0.9690	   1.4704	        1.4710	          0.0006	   1.5330	1.144e-03	   0.070	    88.115
 106	53	 3.4605	 0.9665	   1.4704	        1.4710	          0.0006	   1.4825	2.903e-04	   0.078	    88.942
 107	54	 3.4572	 0.9671	   1.4704	        1.4710	          0.0006	   1.5174	2.531e-04	   0.059	    89.762
 108	54	 3.4583	 0.9663	   1.4704	        1.4710	          0.0006	   1.5063	3.606e-04	   0.070	    90.589
 109	55	 3.4567	 0.9649	   1.4704	        1.4710	          0.0006	   1.4948	1.060e-03	   0.076	    91.417
 110	55	 3.4584	 0.9651	   1.4704	        1.4710	          0.0006	   1.5199	9.614e-04	   0.079	    92.279
 111	56	 3.4581	 0.9670	   1.4704	        1.4710	          0.0006	   1.5371	2.380e-04	   0.068	    93.123
 112	56	 3.4577	 0.9639	   1.4704	        1.4710	          0.0006	   1.4765	1.538e-03	   0.066	    93.942
 113	57	 3.4600	 0.9625	   1.4705	        1.4710	          0.0006	   1.4976	2.265e-03	   0.074	    94.782
 114	57	 3.4579	 0.9643	   1.4704	        1.4710	          0.0006	   1.5314	1.353e-03	   0.067	    95.600
 115	58	 3.4590	 0.9638	   1.4704	        1.4710	          0.0006	   1.5107	1.597e-03	   0.069	    96.474
 116	58	 3.4578	 0.9629	   1.4705	        1.4710	          0.0006	   1.4996	2.074e-03	   0.075	    97.306
 117	59	 3.4547	 0.9647	   1.4704	        1.4710	          0.0006	   1.5292	1.161e-03	   0.069	    98.127
 118	59	 3.4559	 0.9636	   1.4704	        1.4710	          0.0006	   1.5031	1.717e-03	   0.064	    98.949
 119	60	 3.4570	 0.9665	   1.4704	        1.4710	          0.0006	   1.5499	2.898e-04	   0.065	    99.778
 120	60	 3.4549	 0.9643	   1.4704	        1.4710	          0.0006	   1.4849	1.343e-03	   0.068	   100.605
 121	61	 3.4554	 0.9643	   1.4704	        1.4710	          0.0006	   1.5144	1.360e-03	   0.073	   101.435
 122	61	 3.4546	 0.9645	   1.4704	        1.4710	          0.0006	   1.5136	1.271e-03	   0.079	   102.323
 123	62	 3.4521	 0.9647	   1.4704	        1.4710	          0.0006	   1.5122	1.166e-03	   0.076	   103.216
 124	62	 3.4526	 0.9651	   1.4704	        1.4710	          0.0006	   1.5188	9.279e-04	   0.064	   104.061
 125	63	 3.4544	 0.9633	   1.4704	        1.4710	          0.0006	   1.4907	1.853e-03	   0.075	   104.889
 126	63	 3.4514	 0.9650	   1.4704	        1.4710	          0.0006	   1.5323	9.693e-04	   0.070	   105.730
 127	64	 3.4503	 0.9639	   1.4704	        1.4710	          0.0006	   1.4965	1.554e-03	   0.069	   106.573
 128	64	 3.4503	 0.9645	   1.4704	        1.4710	          0.0006	   1.5226	1.221e-03	   0.066	   107.401
 129	65	 3.4490	 0.9665	   1.4704	        1.4710	          0.0006	   1.5389	2.801e-04	   0.071	   108.227
 130	65	 3.4476	 0.9640	   1.4704	        1.4710	          0.0006	   1.4748	1.505e-03	   0.070	   109.063
 131	66	 3.4475	 0.9623	   1.4704	        1.4710	          0.0006	   1.4897	2.364e-03	   0.063	   109.881
 132	66	 3.4462	 0.9640	   1.4704	        1.4710	          0.0006	   1.5331	1.498e-03	   0.073	   110.710
 133	67	 3.4466	 0.9636	   1.4704	        1.4710	          0.0006	   1.5101	1.692e-03	   0.074	   111.530
 134	67	 3.4448	 0.9643	   1.4704	        1.4710	          0.0006	   1.5180	1.327e-03	   0.073	   112.360
 135	68	 3.4445	 0.9639	   1.4704	        1.4710	          0.0006	   1.5094	1.569e-03	   0.065	   113.233
 136	68	 3.4439	 0.9651	   1.4704	        1.4710	          0.0006	   1.5259	9.450e-04	   0.077	   114.071
 137	69	 3.4431	 0.9666	   1.4704	        1.4710	          0.0006	   1.5324	2.494e-04	   0.071	   114.896
 138	69	 3.4433	 0.9658	   1.4704	        1.4710	          0.0006	   1.5037	6.152e-04	   0.074	   115.741
 139	70	 3.4408	 0.9667	   1.4704	        1.4710	          0.0006	   1.5245	2.239e-04	   0.080	   116.631
 140	70	 3.4425	 0.9661	   1.4704	        1.4710	          0.0006	   1.5080	4.649e-04	   0.064	   117.511
 141	71	 3.4417	 0.9670	   1.4704	        1.4710	          0.0006	   1.5260	2.205e-04	   0.071	   118.351
 142	71	 3.4417	 0.9659	   1.4704	        1.4710	          0.0006	   1.4985	5.333e-04	   0.067	   119.169
 143	72	 3.4414	 0.9665	   1.4704	        1.4710	          0.0006	   1.5180	2.897e-04	   0.067	   119.999
 144	72	 3.4414	 0.9664	   1.4704	        1.4710	          0.0006	   1.5156	3.386e-04	   0.072	   120.823
 145	73	 3.4429	 0.9651	   1.4704	        1.4710	          0.0006	   1.5001	9.448e-04	   0.071	   121.674
 146	73	 3.4408	 0.9669	   1.4704	        1.4710	          0.0006	   1.5353	2.101e-04	   0.076	   122.567
 147	74	 3.4408	 0.9642	   1.4704	        1.4710	          0.0006	   1.4734	1.415e-03	   0.068	   123.483
 148	74	 3.4407	 0.9666	   1.4704	        1.4710	          0.0006	   1.5501	2.592e-04	   0.069	   124.349
 149	75	 3.4402	 0.9659	   1.4704	        1.4710	          0.0006	   1.5017	5.524e-04	   0.078	   125.178
 150	75	 3.4404	 0.9664	   1.4704	        1.4710	          0.0006	   1.5234	3.193e-04	   0.074	   125.997
 151	76	 3.4397	 0.9670	   1.4704	        1.4710	          0.0006	   1.5231	2.195e-04	   0.072	   126.848
 152	76	 3.4401	 0.9660	   1.4704	        1.4710	          0.0006	   1.5002	4.884e-04	   0.067	   127.698
 153	77	 3.4413	 0.9661	   1.4704	        1.4710	          0.0006	   1.5174	4.728e-04	   0.078	   128.532
 154	77	 3.4399	 0.9660	   1.4704	        1.4710	          0.0006	   1.5106	4.813e-04	   0.065	   129.347
 155	78	 3.4384	 0.9665	   1.4704	        1.4710	          0.0006	   1.5171	2.877e-04	   0.070	   130.166
 156	78	 3.4387	 0.9667	   1.4704	        1.4710	          0.0006	   1.5201	2.234e-04	   0.075	   130.990
 157	79	 3.4385	 0.9673	   1.4704	        1.4710	          0.0006	   1.5217	2.854e-04	   0.067	   131.814
 158	79	 3.4384	 0.9674	   1.4704	        1.4710	          0.0006	   1.5187	3.294e-04	   0.065	   132.642
 159	80	 3.4373	 0.9663	   1.4704	        1.4710	          0.0006	   1.4922	3.633e-04	   0.071	   133.500
 160	80	 3.4377	 0.9671	   1.4704	        1.4710	          0.0006	   1.5300	2.300e-04	   0.069	   134.360
 161	81	 3.4379	 0.9652	   1.4704	        1.4710	          0.0006	   1.4844	8.872e-04	   0.068	   135.174
 162	81	 3.4373	 0.9672	   1.4704	        1.4710	          0.0006	   1.5451	2.516e-04	   0.077	   136.004
 163	82	 3.4359	 0.9673	   1.4704	        1.4710	          0.0006	   1.5138	2.978e-04	   0.064	   136.864
 164	82	 3.4359	 0.9673	   1.4704	        1.4710	          0.0006	   1.5151	2.888e-04	   0.070	   137.716
 165	83	 3.4346	 0.9684	   1.4704	        1.4710	          0.0006	   1.5312	8.215e-04	   0.070	   138.537
 166	83	 3.4355	 0.9678	   1.4704	        1.4710	          0.0006	   1.5083	5.367e-04	   0.075	   139.364
 167	84	 3.4341	 0.9669	   1.4704	        1.4710	          0.0006	   1.4972	2.011e-04	   0.067	   140.178
 168	84	 3.4350	 0.9677	   1.4704	        1.4710	          0.0006	   1.5269	4.750e-04	   0.062	   140.993
 169	85	 3.4333	 0.9692	   1.4704	        1.4710	          0.0006	   1.5333	1.190e-03	   0.077	   141.833
 170	85	 3.4340	 0.9679	   1.4704	        1.4710	          0.0006	   1.4972	5.771e-04	   0.073	   142.663
 171	86	 3.4327	 0.9687	   1.4704	        1.4710	          0.0006	   1.5270	9.745e-04	   0.070	   143.554
 172	86	 3.4334	 0.9686	   1.4704	        1.4710	          0.0006	   1.5150	9.314e-04	   0.077	   144.444
 173	87	 3.4323	 0.9669	   1.4704	        1.4710	          0.0006	   1.4797	1.988e-04	   0.072	   145.286
 174	87	 3.4333	 0.9686	   1.4704	        1.4710	          0.0006	   1.5472	8.932e-04	   0.065	   146.107
 175	88	 3.4337	 0.9692	   1.4704	        1.4710	          0.0006	   1.5273	1.219e-03	   0.061	   146.948
 176	88	 3.4329	 0.9682	   1.4704	        1.4710	          0.0006	   1.4958	7.195e-04	   0.078	   147.805
 177	89	 3.4332	 0.9681	   1.4704	        1.4710	          0.0006	   1.5113	6.431e-04	   0.074	   148.645
 178	89	 3.4323	 0.9681	   1.4704	        1.4710	          0.0006	   1.5153	6.783e-04	   0.069	   149.458
 179	90	 3.4314	 0.9681	   1.4704	        1.4710	          0.0006	   1.5122	6.438e-04	   0.078	   150.326
 180	90	 3.4321	 0.9677	   1.4704	        1.4710	          0.0006	   1.5071	4.785e-04	   0.067	   151.199
 181	91	 3.4325	 0.9675	   1.4704	        1.4710	          0.0006	   1.5141	3.996e-04	   0.072	   152.066
 182	91	 3.4315	 0.9680	   1.4704	        1.4710	          0.0006	   1.5211	6.161e-04	   0.066	   152.908
 183	92	 3.4305	 0.9695	   1.4704	        1.4710	          0.0006	   1.5403	1.367e-03	   0.078	   153.764
 184	92	 3.4307	 0.9678	   1.4704	        1.4710	          0.0006	   1.4829	5.047e-04	   0.069	   154.631
 185	93	 3.4307	 0.9685	   1.4704	        1.4710	          0.0006	   1.5327	8.681e-04	   0.073	   155.476
 186	93	 3.4298	 0.9679	   1.4704	        1.4710	          0.0006	   1.4979	5.670e-04	   0.078	   156.399
 187	94	 3.4299	 0.9668	   1.4704	        1.4710	          0.0006	   1.4940	1.959e-04	   0.065	   157.269
 188	94	 3.4295	 0.9680	   1.4704	        1.4710	          0.0006	   1.5367	6.016e-04	   0.070	   158.131
 189	95	 3.4290	 0.9691	   1.4704	        1.4710	          0.0006	   1.5378	1.161e-03	   0.077	   158.953
 190	95	 3.4285	 0.9681	   1.4704	        1.4710	          0.0006	   1.4926	6.517e-04	   0.075	   159.775
 191	96	 3.4289	 0.9682	   1.4704	        1.4710	          0.0006	   1.5158	6.838e-04	   0.064	   160.629
 192	96	 3.4282	 0.9683	   1.4704	        1.4710	          0.0006	   1.5163	7.365e-04	   0.076	   161.501
 193	97	 3.4268	 0.9683	   1.4704	        1.4710	          0.0006	   1.5130	7.588e-04	   0.080	   162.357
 194	97	 3.4279	 0.9679	   1.4704	        1.4710	          0.0006	   1.5081	5.618e-04	   0.071	   163.176
 195	98	 3.4267	 0.9683	   1.4704	        1.4710	          0.0006	   1.5220	7.653e-04	   0.075	   164.016
 196	98	 3.4274	 0.9681	   1.4704	        1.4710	          0.0006	   1.5113	6.436e-04	   0.075	   164.930
 197	99	 3.4267	 0.9677	   1.4704	        1.4710	          0.0006	   1.5043	4.551e-04	   0.077	   165.819
 198	99	 3.4269	 0.9681	   1.4704	        1.4710	          0.0006	   1.5252	6.800e-04	   0.064	   166.633
 199	100	 3.4266	 0.9675	   1.4704	        1.4710	          0.0006	   1.4957	3.657e-04	   0.068	   167.460
 200	100	 3.4263	 0.9682	   1.4704	        1.4710	          0.0006	   1.5319	6.969e-04	   0.070	   168.315
 201	101	 3.4256	 0.9695	   1.4704	        1.4710	          0.0006	   1.5407	1.353e-03	   0.064	   169.151
 202	101	 3.4260	 0.9686	   1.4704	        1.4710	          0.0006	   1.4989	9.149e-04	   0.066	   169.976
 203	102	 3.4259	 0.9683	   1.4704	        1.4710	          0.0006	   1.5081	7.380e-04	   0.065	   170.809
 204	102	 3.4261	 0.9686	   1.4704	        1.4710	          0.0006	   1.5238	9.194e-04	   0.069	   171.635
 205	103	 3.4262	 0.9686	   1.4704	        1.4710	          0.0006	   1.5138	9.132e-04	   0.072	   172.458
 206	103	 3.4257	 0.9687	   1.4704	        1.4710	          0.0006	   1.5169	9.760e-04	   0.075	   173.279
 207	104	 3.4267	 0.9691	   1.4704	        1.4710	          0.0006	   1.5260	1.178e-03	   0.067	   174.097
 208	104	 3.4256	 0.9684	   1.4704	        1.4710	          0.0006	   1.4963	7.808e-04	   0.068	   174.953
 209	105	 3.4250	 0.9692	   1.4704	        1.4710	          0.0006	   1.5355	1.211e-03	   0.078	   175.822
 210	105	 3.4252	 0.9679	   1.4704	        1.4710	          0.0006	   1.4846	5.800e-04	   0.072	   176.678
 211	106	 3.4245	 0.9665	   1.4704	        1.4710	          0.0006	   1.4768	2.864e-04	   0.069	   177.503
 212	106	 3.4244	 0.9677	   1.4704	        1.4710	          0.0006	   1.5447	4.734e-04	   0.075	   178.324
 213	107	 3.4229	 0.9697	   1.4704	        1.4710	          0.0006	   1.5580	1.480e-03	   0.069	   179.168
 214	107	 3.4234	 0.9680	   1.4704	        1.4710	          0.0006	   1.4775	6.114e-04	   0.065	   179.996
 215	108	 3.4220	 0.9681	   1.4704	        1.4710	          0.0006	   1.5126	6.672e-04	   0.064	   180.814
 216	108	 3.4227	 0.9680	   1.4704	        1.4710	          0.0006	   1.5144	6.014e-04	   0.076	   181.647
 217	109	 3.4219	 0.9683	   1.4704	        1.4710	          0.0006	   1.5204	7.307e-04	   0.072	   182.467
 218	109	 3.4224	 0.9681	   1.4704	        1.4710	          0.0006	   1.5114	6.406e-04	   0.068	   183.283
 219	110	 3.4224	 0.9684	   1.4704	        1.4710	          0.0006	   1.5238	8.011e-04	   0.068	   184.114
 220	110	 3.4218	 0.9679	   1.4704	        1.4710	          0.0006	   1.5000	5.391e-04	   0.080	   185.014
 221	111	 3.4219	 0.9670	   1.4704	        1.4710	          0.0006	   1.4937	1.887e-04	   0.071	   185.903
 222	111	 3.4218	 0.9678	   1.4704	        1.4710	          0.0006	   1.5353	5.278e-04	   0.072	   186.747
 223	112	 3.4219	 0.9685	   1.4704	        1.4710	          0.0006	   1.5328	8.631e-04	   0.073	   187.570
 224	112	 3.4217	 0.9679	   1.4704	        1.4710	          0.0006	   1.4983	5.505e-04	   0.064	   188.407
 225	113	 3.4214	 0.9693	   1.4704	        1.4710	          0.0006	   1.5458	1.243e-03	   0.072	   189.266
 226	113	 3.4210	 0.9679	   1.4704	        1.4710	          0.0006	   1.4818	5.535e-04	   0.070	   190.101
 227	114	 3.4206	 0.9667	   1.4704	        1.4710	          0.0006	   1.4843	2.008e-04	   0.062	   190.923
 228	114	 3.4205	 0.9677	   1.4704	        1.4710	          0.0006	   1.5395	4.667e-04	   0.068	   191.740
 229	115	 3.4199	 0.9681	   1.4704	        1.4710	          0.0006	   1.5242	6.656e-04	   0.073	   192.563
 230	115	 3.4197	 0.9681	   1.4704	        1.4710	          0.0006	   1.5099	6.358e-04	   0.069	   193.391
 231	116	 3.4193	 0.9674	   1.4704	        1.4710	          0.0006	   1.4988	3.075e-04	   0.061	   194.217
 232	116	 3.4189	 0.9679	   1.4704	        1.4710	          0.0006	   1.5232	5.404e-04	   0.080	   195.058
 233	117	 3.4190	 0.9667	   1.4704	        1.4710	          0.0006	   1.4864	1.940e-04	   0.086	   196.015
 234	117	 3.4186	 0.9680	   1.4704	        1.4710	          0.0006	   1.5440	5.908e-04	   0.073	   196.879
 235	118	 3.4188	 0.9679	   1.4704	        1.4710	          0.0006	   1.5130	5.323e-04	   0.072	   197.712
 236	118	 3.4180	 0.9680	   1.4704	        1.4710	          0.0006	   1.5165	6.220e-04	   0.071	   198.542
 237	119	 3.4182	 0.9681	   1.4704	        1.4710	          0.0006	   1.5161	6.414e-04	   0.076	   199.397
 238	119	 3.4180	 0.9678	   1.4704	        1.4710	          0.0006	   1.5057	4.953e-04	   0.067	   200.229
 239	120	 3.4177	 0.9656	   1.4704	        1.4710	          0.0006	   1.4592	6.626e-04	   0.075	   201.102
 240	120	 3.4177	 0.9674	   1.4704	        1.4710	          0.0006	   1.5588	3.408e-04	   0.067	   201.925
 241	121	 3.4178	 0.9663	   1.4704	        1.4710	          0.0006	   1.4848	3.560e-04	   0.062	   202.744
 242	121	 3.4183	 0.9666	   1.4704	        1.4710	          0.0006	   1.5234	2.253e-04	   0.063	   203.555
 243	122	 3.4174	 0.9666	   1.4704	        1.4710	          0.0006	   1.5120	2.349e-04	   0.063	   204.375
 244	122	 3.4176	 0.9671	   1.4704	        1.4710	          0.0006	   1.5262	2.025e-04	   0.063	   205.149
 245	123	 3.4171	 0.9662	   1.4704	        1.4710	          0.0006	   1.4910	4.162e-04	   0.053	   205.973
 246	123	 3.4170	 0.9670	   1.4704	        1.4710	          0.0006	   1.5336	1.884e-04	   0.050	   206.611
 247	124	 3.4167	 0.9661	   1.4704	        1.4710	          0.0006	   1.4906	4.323e-04	   0.048	   207.202
 248	124	 3.4164	 0.9672	   1.4704	        1.4710	          0.0006	   1.5408	2.449e-04	   0.043	   207.787
 249	125	 3.4170	 0.9683	   1.4704	        1.4710	          0.0006	   1.5466	7.465e-04	   0.058	   208.407
 250	125	 3.4161	 0.9675	   1.4704	        1.4710	          0.0006	   1.4903	3.841e-04	   0.056	   209.019
 251	126	 3.4158	 0.9670	   1.4704	        1.4710	          0.0006	   1.4963	1.823e-04	   0.055	   209.618
 252	126	 3.4155	 0.9674	   1.4704	        1.4710	          0.0006	   1.5263	3.053e-04	   0.049	   210.204
 253	127	 3.4153	 0.9667	   1.4704	        1.4710	          0.0006	   1.4927	1.975e-04	   0.050	   210.798
 254	127	 3.4154	 0.9674	   1.4704	        1.4710	          0.0006	   1.5358	3.367e-04	   0.050	   211.388
 255	128	 3.4153	 0.9679	   1.4704	        1.4710	          0.0006	   1.5267	5.461e-04	   0.046	   211.970
 256	128	 3.4152	 0.9675	   1.4704	        1.4710	          0.0006	   1.5030	3.436e-04	   0.049	   212.639
 257	129	 3.4146	 0.9668	   1.4704	        1.4710	          0.0006	   1.4955	1.803e-04	   0.049	   213.259
 258	129	 3.4148	 0.9670	   1.4704	        1.4710	          0.0006	   1.5199	1.842e-04	   0.046	   213.850
 259	130	 3.4140	 0.9673	   1.4704	        1.4710	          0.0006	   1.5208	2.764e-04	   0.051	   214.443
 260	130	 3.4139	 0.9669	   1.4704	        1.4710	          0.0006	   1.5021	1.735e-04	   0.043	   215.034
 261	131	 3.4142	 0.9680	   1.4704	        1.4710	          0.0006	   1.5456	5.778e-04	   0.049	   215.619
 262	131	 3.4141	 0.9666	   1.4704	        1.4710	          0.0006	   1.4781	2.112e-04	   0.044	   216.226
 263	132	 3.4144	 0.9666	   1.4704	        1.4710	          0.0006	   1.5127	2.386e-04	   0.054	   216.822
 264	132	 3.4143	 0.9655	   1.4704	        1.4710	          0.0006	   1.4837	7.438e-04	   0.055	   217.416
 265	133	 3.4152	 0.9649	   1.4704	        1.4710	          0.0006	   1.5021	1.022e-03	   0.047	   218.004
 266	133	 3.4145	 0.9650	   1.4704	        1.4710	          0.0006	   1.5130	9.782e-04	   0.061	   218.601
 267	134	 3.4148	 0.9650	   1.4704	        1.4710	          0.0006	   1.5156	9.955e-04	   0.045	   219.197
 268	134	 3.4142	 0.9654	   1.4704	        1.4710	          0.0006	   1.5192	8.090e-04	   0.053	   219.855
 269	135	 3.4135	 0.9665	   1.4704	        1.4710	          0.0006	   1.5452	2.450e-04	   0.047	   220.506
 270	135	 3.4136	 0.9658	   1.4704	        1.4710	          0.0006	   1.4931	5.821e-04	   0.047	   221.113
 271	136	 3.4138	 0.9663	   1.4704	        1.4710	          0.0006	   1.5292	3.392e-04	   0.045	   221.710
 272	136	 3.4133	 0.9663	   1.4704	        1.4710	          0.0006	   1.5122	3.466e-04	   0.050	   222.337
 273	137	 3.4134	 0.9666	   1.4704	        1.4710	          0.0006	   1.5267	2.148e-04	   0.055	   222.992
 274	137	 3.4131	 0.9666	   1.4704	        1.4710	          0.0006	   1.5099	2.226e-04	   0.050	   223.654
 275	138	 3.4122	 0.9667	   1.4704	        1.4710	          0.0006	   1.5144	1.911e-04	   0.044	   224.254
 276	138	 3.4132	 0.9669	   1.4704	        1.4710	          0.0006	   1.5241	1.748e-04	   0.055	   224.846
 277	139	 3.4133	 0.9670	   1.4704	        1.4710	          0.0006	   1.5189	1.833e-04	   0.059	   225.444
 278	139	 3.4129	 0.9670	   1.4704	        1.4710	          0.0006	   1.5114	1.826e-04	   0.054	   226.029
 279	140	 3.4124	 0.9678	   1.4704	        1.4710	          0.0006	   1.5333	5.076e-04	   0.064	   226.709
 280	140	 3.4129	 0.9666	   1.4704	        1.4710	          0.0006	   1.4823	2.396e-04	   0.059	   227.381
 281	141	 3.4135	 0.9652	   1.4704	        1.4710	          0.0006	   1.4758	8.722e-04	   0.050	   228.033
 282	141	 3.4127	 0.9668	   1.4704	        1.4710	          0.0006	   1.5587	1.754e-04	   0.041	   228.621
 283	142	 3.4131	 0.9666	   1.4704	        1.4710	          0.0006	   1.5105	2.102e-04	   0.052	   229.215
 284	142	 3.4127	 0.9669	   1.4704	        1.4710	          0.0006	   1.5191	1.720e-04	   0.048	   229.809
 285	143	 3.4128	 0.9669	   1.4704	        1.4710	          0.0006	   1.5158	1.724e-04	   0.046	   230.448
 286	143	 3.4121	 0.9669	   1.4704	        1.4710	          0.0006	   1.5108	1.714e-04	   0.057	   231.097
 287	144	 3.4122	 0.9680	   1.4704	        1.4710	          0.0006	   1.5510	6.195e-04	   0.046	   231.707
 288	144	 3.4121	 0.9669	   1.4704	        1.4710	          0.0006	   1.4788	1.724e-04	   0.041	   232.294
 289	145	 3.4126	 0.9668	   1.4704	        1.4710	          0.0006	   1.5127	1.777e-04	   0.051	   232.877
 290	145	 3.4121	 0.9673	   1.4704	        1.4710	          0.0006	   1.5264	2.617e-04	   0.051	   233.474
 291	146	 3.4117	 0.9678	   1.4704	        1.4710	          0.0006	   1.5293	5.187e-04	   0.054	   234.068
 292	146	 3.4127	 0.9672	   1.4704	        1.4710	          0.0006	   1.4990	2.256e-04	   0.057	   234.704
 293	147	 3.4122	 0.9680	   1.4704	        1.4710	          0.0006	   1.5387	5.922e-04	   0.055	   235.371
 294	147	 3.4124	 0.9671	   1.4704	        1.4710	          0.0006	   1.4869	2.063e-04	   0.063	   236.005
 295	148	 3.4122	 0.9680	   1.4704	        1.4710	          0.0006	   1.5438	5.819e-04	   0.039	   236.579
 296	148	 3.4121	 0.9674	   1.4704	        1.4710	          0.0006	   1.4947	3.348e-04	   0.058	   237.177
 297	149	 3.4124	 0.9663	   1.4704	        1.4710	          0.0006	   1.4777	3.603e-04	   0.050	   237.768
 298	149	 3.4121	 0.9674	   1.4704	        1.4710	          0.0006	   1.5515	3.339e-04	   0.046	   238.386
 299	150	 3.4118	 0.9667	   1.4704	        1.4710	          0.0006	   1.4939	1.881e-04	   0.048	   239.007
 300	150	 3.4112	 0.9675	   1.4704	        1.4710	          0.0006	   1.5345	3.807e-04	   0.043	   239.591
 301	151	 3.4108	 0.9682	   1.4704	        1.4710	          0.0006	   1.5336	6.834e-04	   0.044	   240.183
 302	151	 3.4116	 0.9677	   1.4704	        1.4710	          0.0006	   1.5013	4.336e-04	   0.039	   240.762
 303	152	 3.4109	 0.9677	   1.4704	        1.4710	          0.0006	   1.5129	4.750e-04	   0.056	   241.386
 304	152	 3.4114	 0.9672	   1.4704	        1.4710	          0.0006	   1.4990	2.201e-04	   0.053	   241.995
 305	153	 3.4110	 0.9660	   1.4704	        1.4710	          0.0006	   1.4754	5.075e-04	   0.056	   242.632
 306	153	 3.4116	 0.9669	   1.4704	        1.4710	          0.0006	   1.5456	1.717e-04	   0.058	   243.242
 307	154	 3.4114	 0.9669	   1.4704	        1.4710	          0.0006	   1.5119	1.730e-04	   0.051	   243.834
 308	154	 3.4113	 0.9668	   1.4704	        1.4710	          0.0006	   1.5117	1.786e-04	   0.044	   244.417
 309	155	 3.4123	 0.9670	   1.4704	        1.4710	          0.0006	   1.5276	1.800e-04	   0.048	   245.004
 310	155	 3.4108	 0.9665	   1.4704	        1.4710	          0.0006	   1.4917	2.412e-04	   0.048	   245.597
 311	156	 3.4109	 0.9671	   1.4704	        1.4710	          0.0006	   1.5368	2.130e-04	   0.052	   246.212
 312	156	 3.4103	 0.9667	   1.4704	        1.4710	          0.0006	   1.4959	1.943e-04	   0.039	   246.795
 313	157	 3.4106	 0.9667	   1.4704	        1.4710	          0.0006	   1.5172	1.834e-04	   0.047	   247.393
 314	157	 3.4102	 0.9669	   1.4704	        1.4710	          0.0006	   1.5189	1.695e-04	   0.050	   247.984
 315	158	 3.4102	 0.9668	   1.4704	        1.4710	          0.0006	   1.5111	1.726e-04	   0.042	   248.566
 316	158	 3.4106	 0.9664	   1.4704	        1.4710	          0.0006	   1.5014	2.984e-04	   0.058	   249.178
 317	159	 3.4106	 0.9669	   1.4704	        1.4710	          0.0006	   1.5325	1.722e-04	   0.063	   249.830
 318	159	 3.4106	 0.9665	   1.4704	        1.4710	          0.0006	   1.4977	2.624e-04	   0.050	   250.494
 319	160	 3.4103	 0.9670	   1.4704	        1.4710	          0.0006	   1.5301	1.731e-04	   0.055	   251.100
 320	160	 3.4104	 0.9668	   1.4704	        1.4710	          0.0006	   1.5066	1.805e-04	   0.047	   251.687
 321	161	 3.4104	 0.9676	   1.4704	        1.4710	          0.0006	   1.5424	4.027e-04	   0.049	   252.277
 322	161	 3.4105	 0.9667	   1.4704	        1.4710	          0.0006	   1.4840	2.043e-04	   0.052	   252.873
 323	162	 3.4096	 0.9667	   1.4704	        1.4710	          0.0006	   1.5115	1.905e-04	   0.045	   253.486
 324	162	 3.4098	 0.9667	   1.4704	        1.4710	          0.0006	   1.5151	1.873e-04	   0.056	   254.103
 325	163	 3.4095	 0.9678	   1.4704	        1.4710	          0.0006	   1.5502	4.950e-04	   0.043	   254.687
 326	163	 3.4095	 0.9668	   1.4704	        1.4710	          0.0006	   1.4807	1.736e-04	   0.060	   255.341
 327	164	 3.4095	 0.9664	   1.4704	        1.4710	          0.0006	   1.4998	3.136e-04	   0.042	   255.998
 328	164	 3.4094	 0.9665	   1.4704	        1.4710	          0.0006	   1.5190	2.533e-04	   0.043	   256.596
 329	165	 3.4089	 0.9669	   1.4704	        1.4710	          0.0006	   1.5246	1.668e-04	   0.050	   257.206
 330	165	 3.4096	 0.9665	   1.4704	        1.4710	          0.0006	   1.5043	2.596e-04	   0.051	   257.836
 331	166	 3.4092	 0.9661	   1.4704	        1.4710	          0.0006	   1.4973	4.365e-04	   0.052	   258.441
 332	166	 3.4095	 0.9665	   1.4704	        1.4710	          0.0006	   1.5295	2.731e-04	   0.054	   259.068
 333	167	 3.4097	 0.9664	   1.4704	        1.4710	          0.0006	   1.5153	2.830e-04	   0.058	   259.699
 334	167	 3.4096	 0.9663	   1.4704	        1.4710	          0.0006	   1.5062	3.539e-04	   0.054	   260.279
 335	168	 3.4093	 0.9661	   1.4704	        1.4710	          0.0006	   1.5058	4.504e-04	   0.050	   260.886
 336	168	 3.4093	 0.9659	   1.4704	        1.4710	          0.0006	   1.5072	5.489e-04	   0.057	   261.478
 337	169	 3.4101	 0.9664	   1.4704	        1.4710	          0.0006	   1.5330	3.132e-04	   0.050	   262.070
 338	169	 3.4092	 0.9659	   1.4704	        1.4710	          0.0006	   1.4939	5.274e-04	   0.044	   262.662
 339	170	 3.4089	 0.9655	   1.4704	        1.4710	          0.0006	   1.4977	7.411e-04	   0.053	   263.252
 340	170	 3.4088	 0.9658	   1.4704	        1.4710	          0.0006	   1.5259	5.721e-04	   0.038	   263.837
 341	171	 3.4092	 0.9660	   1.4704	        1.4710	          0.0006	   1.5194	4.987e-04	   0.051	   264.477
 342	171	 3.4085	 0.9661	   1.4704	        1.4710	          0.0006	   1.5159	4.366e-04	   0.044	   265.130
 343	172	 3.4079	 0.9660	   1.4704	        1.4710	          0.0006	   1.5089	4.870e-04	   0.054	   265.771
 344	172	 3.4081	 0.9662	   1.4704	        1.4710	          0.0006	   1.5218	3.866e-04	   0.053	   266.371
 345	173	 3.4081	 0.9663	   1.4704	        1.4710	          0.0006	   1.5168	3.592e-04	   0.049	   266.953
 346	173	 3.4078	 0.9661	   1.4704	        1.4710	          0.0006	   1.5088	4.187e-04	   0.054	   267.552
 347	174	 3.4075	 0.9664	   1.4704	        1.4710	          0.0006	   1.5255	2.813e-04	   0.053	   268.170
 348	174	 3.4075	 0.9664	   1.4704	        1.4710	          0.0006	   1.5103	3.068e-04	   0.044	   268.778
 349	175	 3.4070	 0.9664	   1.4704	        1.4710	          0.0006	   1.5143	2.889e-04	   0.050	   269.368
 350	175	 3.4071	 0.9667	   1.4704	        1.4710	          0.0006	   1.5244	1.932e-04	   0.059	   269.968
 351	176	 3.4065	 0.9674	   1.4704	        1.4710	          0.0006	   1.5379	3.068e-04	   0.045	   270.586
 352	176	 3.4070	 0.9666	   1.4704	        1.4710	          0.0006	   1.4879	2.061e-04	   0.051	   271.181
 353	177	 3.4069	 0.9663	   1.4704	        1.4710	          0.0006	   1.4986	3.534e-04	   0.047	   271.772
 354	177	 3.4072	 0.9663	   1.4704	        1.4710	          0.0006	   1.5171	3.367e-04	   0.053	   272.406
 355	178	 3.4065	 0.9653	   1.4704	        1.4710	          0.0006	   1.4720	8.553e-04	   0.037	   273.012
 356	178	 3.4071	 0.9663	   1.4704	        1.4710	          0.0006	   1.5565	3.315e-04	   0.055	   273.601
 357	179	 3.4069	 0.9657	   1.4704	        1.4710	          0.0006	   1.4873	6.329e-04	   0.050	   274.196
 358	179	 3.4068	 0.9663	   1.4704	        1.4710	          0.0006	   1.5392	3.322e-04	   0.046	   274.786
 359	180	 3.4070	 0.9665	   1.4704	        1.4710	          0.0006	   1.5221	2.690e-04	   0.054	   275.380
 360	180	 3.4065	 0.9665	   1.4704	        1.4710	          0.0006	   1.5122	2.607e-04	   0.047	   275.991
 361	181	 3.4061	 0.9669	   1.4704	        1.4710	          0.0006	   1.5302	1.661e-04	   0.054	   276.585
 362	181	 3.4059	 0.9666	   1.4704	        1.4710	          0.0006	   1.5015	2.073e-04	   0.045	   277.157
 363	182	 3.4057	 0.9673	   1.4704	        1.4710	          0.0006	   1.5407	2.879e-04	   0.053	   277.757
 364	182	 3.4057	 0.9668	   1.4704	        1.4710	          0.0006	   1.4944	1.667e-04	   0.058	   278.396
 365	183	 3.4059	 0.9672	   1.4704	        1.4710	          0.0006	   1.5323	2.434e-04	   0.052	   279.044
 366	183	 3.4055	 0.9670	   1.4704	        1.4710	          0.0006	   1.5031	1.754e-04	   0.061	   279.745
 367	184	 3.4050	 0.9668	   1.4704	        1.4710	          0.0006	   1.5036	1.710e-04	   0.053	   280.429
 368	184	 3.4049	 0.9670	   1.4704	        1.4710	          0.0006	   1.5208	1.673e-04	   0.036	   281.033
 369	185	 3.4042	 0.9668	   1.4704	        1.4710	          0.0006	   1.5029	1.661e-04	   0.046	   281.625
 370	185	 3.4045	 0.9672	   1.4704	        1.4710	          0.0006	   1.5312	2.193e-04	   0.048	   282.218
 371	186	 3.4054	 0.9681	   1.4704	        1.4710	          0.0006	   1.5524	6.396e-04	   0.054	   282.829
 372	186	 3.4049	 0.9669	   1.4704	        1.4710	          0.0006	   1.4697	1.629e-04	   0.053	   283.478
 373	187	 3.4054	 0.9669	   1.4704	        1.4710	          0.0006	   1.5151	1.621e-04	   0.060	   284.125
 374	187	 3.4048	 0.9669	   1.4704	        1.4710	          0.0006	   1.5123	1.615e-04	   0.060	   284.786
 375	188	 3.4054	 0.9667	   1.4704	        1.4710	          0.0006	   1.5049	2.002e-04	   0.050	   285.396
 376	188	 3.4044	 0.9667	   1.4704	        1.4710	          0.0006	   1.5122	1.880e-04	   0.056	   285.989
 377	189	 3.4046	 0.9673	   1.4704	        1.4710	          0.0006	   1.5370	2.504e-04	   0.054	   286.583
 378	189	 3.4044	 0.9669	   1.4704	        1.4710	          0.0006	   1.4990	1.608e-04	   0.060	   287.231
 379	190	 3.4038	 0.9665	   1.4704	        1.4710	          0.0006	   1.4961	2.658e-04	   0.052	   287.891
 380	190	 3.4042	 0.9672	   1.4704	        1.4710	          0.0006	   1.5425	2.233e-04	   0.049	   288.523
 381	191	 3.4045	 0.9664	   1.4704	        1.4710	          0.0006	   1.4842	2.943e-04	   0.044	   289.109
 382	191	 3.4040	 0.9673	   1.4704	        1.4710	          0.0006	   1.5472	2.523e-04	   0.040	   289.691
 383	192	 3.4042	 0.9671	   1.4704	        1.4710	          0.0006	   1.5081	1.882e-04	   0.044	   290.288
 384	192	 3.4038	 0.9672	   1.4704	        1.4710	          0.0006	   1.5200	2.460e-04	   0.057	   290.900
 385	193	 3.4039	 0.9681	   1.4704	        1.4710	          0.0006	   1.5488	6.215e-04	   0.044	   291.492
 386	193	 3.4035	 0.9671	   1.4704	        1.4710	          0.0006	   1.4729	2.043e-04	   0.052	   292.086
 387	194	 3.4031	 0.9672	   1.4704	        1.4710	          0.0006	   1.5145	2.161e-04	   0.049	   292.676
 388	194	 3.4032	 0.9674	   1.4704	        1.4710	          0.0006	   1.5250	3.149e-04	   0.045	   293.262
 389	195	 3.4025	 0.9675	   1.4704	        1.4710	          0.0006	   1.5122	3.402e-04	   0.056	   293.854
 390	195	 3.4029	 0.9674	   1.4704	        1.4710	          0.0006	   1.5105	2.905e-04	   0.057	   294.481
 391	196	 3.4024	 0.9670	   1.4704	        1.4710	          0.0006	   1.4965	1.763e-04	   0.056	   295.154
 392	196	 3.4026	 0.9671	   1.4704	        1.4710	          0.0006	   1.5190	1.855e-04	   0.053	   295.783
 393	197	 3.4021	 0.9671	   1.4704	        1.4710	          0.0006	   1.5102	1.868e-04	   0.048	   296.381
 394	197	 3.4022	 0.9673	   1.4704	        1.4710	          0.0006	   1.5259	2.649e-04	   0.048	   296.971
 395	198	 3.4021	 0.9678	   1.4704	        1.4710	          0.0006	   1.5330	4.800e-04	   0.044	   297.551
 396	198	 3.4022	 0.9672	   1.4704	        1.4710	          0.0006	   1.4914	2.218e-04	   0.053	   298.172
 397	199	 3.4026	 0.9669	   1.4704	        1.4710	          0.0006	   1.5063	1.609e-04	   0.050	   298.792
 398	199	 3.4025	 0.9673	   1.4704	        1.4710	          0.0006	   1.5285	2.523e-04	   0.049	   299.394
 399	200	 3.4026	 0.9668	   1.4704	        1.4710	          0.0006	   1.4959	1.711e-04	   0.053	   299.999
 400	200	 3.4021	 0.9674	   1.4704	        1.4710	          0.0006	   1.5348	2.882e-04	   0.042	   300.545

[BSGD] Finished on device cuda -> σ_f² ≈ 3.4021, σ_ε² ≈ 0.9674
