[GPU 7][JOB 112] 'python cli.py bsgd --n 1024 --lengthscale 0.5 --sigma-f2-true 4.0 --sigma-eps2-true 1.0 --n-epochs 200 --device auto --kernel-mode finite --theta-min 1e-4 --theta-max 20.0 --print-every 1 --seed 1 --batch-size 1024 --sigma-f2-init 5.0 --sigma-eps2-init 3.0 --alpha1 9.0 '

=== BSGD (biased SGD on exact kernel) ===
iter	epoch	σ_f²	σ_ε²	real_nlml	real_nlml_true	real_nlml_abs_err	mini_nlml	||grad||	duration_s	wall_time_s
   1	 1	 4.1222	 2.0542	   1.5960	        1.5046	          0.0914	   1.5960	1.163e-01	   0.579	     0.651
   2	 2	 3.6904	 1.5310	   1.5365	        1.5046	          0.0319	   1.5365	1.020e-01	   0.094	     1.416
   3	 3	 3.4232	 1.2250	   1.5099	        1.5046	          0.0053	   1.5099	6.143e-02	   0.096	     2.308
   4	 4	 3.2421	 1.0868	   1.5037	        1.5046	          0.0009	   1.5037	2.191e-02	   0.114	     3.264
   5	 5	 3.1120	 1.0475	   1.5029	        1.5046	          0.0017	   1.5029	6.444e-03	   0.107	     4.232
   6	 6	 3.0136	 1.0380	   1.5028	        1.5046	          0.0018	   1.5028	2.497e-03	   0.111	     5.221
   7	 7	 2.9367	 1.0352	   1.5027	        1.5046	          0.0019	   1.5027	1.439e-03	   0.110	     6.199
   8	 8	 2.8751	 1.0342	   1.5026	        1.5046	          0.0020	   1.5026	1.111e-03	   0.106	     7.197
   9	 9	 2.8247	 1.0338	   1.5026	        1.5046	          0.0020	   1.5026	9.690e-04	   0.106	     8.232
  10	10	 2.7829	 1.0336	   1.5025	        1.5046	          0.0021	   1.5025	8.811e-04	   0.108	     9.239
  11	11	 2.7477	 1.0335	   1.5025	        1.5046	          0.0021	   1.5025	8.134e-04	   0.111	    10.235
  12	12	 2.7177	 1.0334	   1.5025	        1.5046	          0.0021	   1.5025	7.562e-04	   0.111	    11.238
  13	13	 2.6919	 1.0334	   1.5024	        1.5046	          0.0022	   1.5024	7.060e-04	   0.107	    12.237
  14	14	 2.6696	 1.0334	   1.5024	        1.5046	          0.0022	   1.5024	6.613e-04	   0.114	    13.256
  15	15	 2.6500	 1.0334	   1.5024	        1.5046	          0.0022	   1.5024	6.211e-04	   0.116	    14.286
  16	16	 2.6328	 1.0334	   1.5024	        1.5046	          0.0022	   1.5024	5.847e-04	   0.111	    15.318
  17	17	 2.6176	 1.0334	   1.5024	        1.5046	          0.0022	   1.5024	5.518e-04	   0.112	    16.339
  18	18	 2.6040	 1.0335	   1.5024	        1.5046	          0.0022	   1.5024	5.218e-04	   0.109	    17.367
  19	19	 2.5919	 1.0335	   1.5024	        1.5046	          0.0022	   1.5024	4.944e-04	   0.113	    18.439
  20	20	 2.5809	 1.0335	   1.5024	        1.5046	          0.0022	   1.5024	4.693e-04	   0.118	    19.501
  21	21	 2.5710	 1.0335	   1.5024	        1.5046	          0.0022	   1.5024	4.462e-04	   0.107	    20.508
  22	22	 2.5621	 1.0335	   1.5024	        1.5046	          0.0022	   1.5024	4.250e-04	   0.111	    21.514
  23	23	 2.5539	 1.0335	   1.5024	        1.5046	          0.0022	   1.5024	4.054e-04	   0.104	    22.511
  24	24	 2.5464	 1.0335	   1.5024	        1.5046	          0.0022	   1.5024	3.873e-04	   0.109	    23.516
  25	25	 2.5396	 1.0335	   1.5024	        1.5046	          0.0022	   1.5024	3.705e-04	   0.111	    24.523
  26	26	 2.5333	 1.0335	   1.5024	        1.5046	          0.0022	   1.5024	3.549e-04	   0.114	    25.538
  27	27	 2.5275	 1.0335	   1.5024	        1.5046	          0.0022	   1.5024	3.403e-04	   0.110	    26.547
  28	28	 2.5221	 1.0336	   1.5024	        1.5046	          0.0022	   1.5024	3.268e-04	   0.107	    27.533
  29	29	 2.5171	 1.0336	   1.5024	        1.5046	          0.0023	   1.5024	3.141e-04	   0.112	    28.560
  30	30	 2.5125	 1.0336	   1.5024	        1.5046	          0.0023	   1.5024	3.023e-04	   0.107	    29.608
  31	31	 2.5082	 1.0336	   1.5024	        1.5046	          0.0023	   1.5024	2.912e-04	   0.108	    30.605
  32	32	 2.5042	 1.0336	   1.5024	        1.5046	          0.0023	   1.5024	2.807e-04	   0.106	    31.609
  33	33	 2.5004	 1.0336	   1.5023	        1.5046	          0.0023	   1.5023	2.709e-04	   0.106	    32.607
  34	34	 2.4969	 1.0336	   1.5023	        1.5046	          0.0023	   1.5023	2.617e-04	   0.106	    33.654
  35	35	 2.4936	 1.0336	   1.5023	        1.5046	          0.0023	   1.5023	2.529e-04	   0.109	    34.690
  36	36	 2.4905	 1.0336	   1.5023	        1.5046	          0.0023	   1.5023	2.447e-04	   0.110	    35.725
  37	37	 2.4876	 1.0336	   1.5023	        1.5046	          0.0023	   1.5023	2.369e-04	   0.107	    36.744
  38	38	 2.4848	 1.0336	   1.5023	        1.5046	          0.0023	   1.5023	2.296e-04	   0.115	    37.805
  39	39	 2.4822	 1.0336	   1.5023	        1.5046	          0.0023	   1.5023	2.226e-04	   0.124	    38.917
  40	40	 2.4798	 1.0336	   1.5023	        1.5046	          0.0023	   1.5023	2.159e-04	   0.110	    40.041
  41	41	 2.4774	 1.0336	   1.5023	        1.5046	          0.0023	   1.5023	2.096e-04	   0.103	    41.056
  42	42	 2.4752	 1.0336	   1.5023	        1.5046	          0.0023	   1.5023	2.036e-04	   0.106	    42.063
  43	43	 2.4731	 1.0336	   1.5023	        1.5046	          0.0023	   1.5023	1.979e-04	   0.103	    43.064
  44	44	 2.4711	 1.0336	   1.5023	        1.5046	          0.0023	   1.5023	1.925e-04	   0.105	    44.070
  45	45	 2.4693	 1.0336	   1.5023	        1.5046	          0.0023	   1.5023	1.873e-04	   0.105	    45.074
  46	46	 2.4675	 1.0336	   1.5023	        1.5046	          0.0023	   1.5023	1.824e-04	   0.112	    46.085
  47	47	 2.4658	 1.0336	   1.5023	        1.5046	          0.0023	   1.5023	1.776e-04	   0.108	    47.099
  48	48	 2.4641	 1.0337	   1.5023	        1.5046	          0.0023	   1.5023	1.731e-04	   0.102	    48.100
  49	49	 2.4626	 1.0337	   1.5023	        1.5046	          0.0023	   1.5023	1.688e-04	   0.105	    49.129
  50	50	 2.4611	 1.0337	   1.5023	        1.5046	          0.0023	   1.5023	1.647e-04	   0.105	    50.174
  51	51	 2.4596	 1.0337	   1.5023	        1.5046	          0.0023	   1.5023	1.607e-04	   0.105	    51.171
  52	52	 2.4583	 1.0337	   1.5023	        1.5046	          0.0023	   1.5023	1.569e-04	   0.110	    52.179
  53	53	 2.4570	 1.0337	   1.5023	        1.5046	          0.0023	   1.5023	1.532e-04	   0.102	    53.179
  54	54	 2.4557	 1.0337	   1.5023	        1.5046	          0.0023	   1.5023	1.497e-04	   0.110	    54.225
  55	55	 2.4545	 1.0337	   1.5023	        1.5046	          0.0023	   1.5023	1.463e-04	   0.105	    55.229
  56	56	 2.4534	 1.0337	   1.5023	        1.5046	          0.0023	   1.5023	1.431e-04	   0.113	    56.255
  57	57	 2.4523	 1.0337	   1.5023	        1.5046	          0.0023	   1.5023	1.400e-04	   0.108	    57.286
  58	58	 2.4512	 1.0337	   1.5023	        1.5046	          0.0023	   1.5023	1.370e-04	   0.103	    58.305
  59	59	 2.4502	 1.0337	   1.5023	        1.5046	          0.0023	   1.5023	1.341e-04	   0.113	    59.369
  60	60	 2.4492	 1.0337	   1.5023	        1.5046	          0.0023	   1.5023	1.313e-04	   0.110	    60.439
  61	61	 2.4482	 1.0337	   1.5023	        1.5046	          0.0023	   1.5023	1.286e-04	   0.108	    61.457
  62	62	 2.4473	 1.0337	   1.5023	        1.5046	          0.0023	   1.5023	1.260e-04	   0.110	    62.463
  63	63	 2.4464	 1.0337	   1.5023	        1.5046	          0.0023	   1.5023	1.235e-04	   0.104	    63.460
  64	64	 2.4456	 1.0337	   1.5023	        1.5046	          0.0023	   1.5023	1.210e-04	   0.106	    64.464
  65	65	 2.4448	 1.0337	   1.5023	        1.5046	          0.0023	   1.5023	1.187e-04	   0.109	    65.469
  66	66	 2.4440	 1.0337	   1.5023	        1.5046	          0.0023	   1.5023	1.164e-04	   0.117	    66.481
  67	67	 2.4432	 1.0337	   1.5023	        1.5046	          0.0023	   1.5023	1.142e-04	   0.109	    67.498
  68	68	 2.4425	 1.0337	   1.5023	        1.5046	          0.0023	   1.5023	1.121e-04	   0.103	    68.495
  69	69	 2.4418	 1.0337	   1.5023	        1.5046	          0.0023	   1.5023	1.100e-04	   0.108	    69.522
  70	70	 2.4411	 1.0337	   1.5023	        1.5046	          0.0023	   1.5023	1.081e-04	   0.111	    70.571
  71	71	 2.4404	 1.0337	   1.5023	        1.5046	          0.0023	   1.5023	1.061e-04	   0.110	    71.572
  72	72	 2.4397	 1.0337	   1.5023	        1.5046	          0.0023	   1.5023	1.043e-04	   0.109	    72.578
  73	73	 2.4391	 1.0337	   1.5023	        1.5046	          0.0023	   1.5023	1.024e-04	   0.107	    73.613
  74	74	 2.4385	 1.0337	   1.5023	        1.5046	          0.0023	   1.5023	1.007e-04	   0.108	    74.650
  75	75	 2.4379	 1.0337	   1.5023	        1.5046	          0.0023	   1.5023	9.897e-05	   0.119	    75.708
  76	76	 2.4373	 1.0337	   1.5023	        1.5046	          0.0023	   1.5023	9.731e-05	   0.126	    76.813
  77	77	 2.4368	 1.0337	   1.5023	        1.5046	          0.0023	   1.5023	9.570e-05	   0.116	    77.919
  78	78	 2.4362	 1.0337	   1.5023	        1.5046	          0.0023	   1.5023	9.413e-05	   0.118	    79.014
  79	79	 2.4357	 1.0337	   1.5023	        1.5046	          0.0023	   1.5023	9.261e-05	   0.120	    80.112
  80	80	 2.4352	 1.0337	   1.5023	        1.5046	          0.0023	   1.5023	9.113e-05	   0.118	    81.212
  81	81	 2.4347	 1.0337	   1.5023	        1.5046	          0.0023	   1.5023	8.969e-05	   0.108	    82.228
  82	82	 2.4342	 1.0337	   1.5023	        1.5046	          0.0023	   1.5023	8.829e-05	   0.110	    83.234
  83	83	 2.4337	 1.0337	   1.5023	        1.5046	          0.0023	   1.5023	8.693e-05	   0.103	    84.226
  84	84	 2.4333	 1.0337	   1.5023	        1.5046	          0.0023	   1.5023	8.560e-05	   0.110	    85.237
  85	85	 2.4328	 1.0337	   1.5023	        1.5046	          0.0023	   1.5023	8.431e-05	   0.110	    86.244
  86	86	 2.4324	 1.0337	   1.5023	        1.5046	          0.0023	   1.5023	8.305e-05	   0.115	    87.247
  87	87	 2.4320	 1.0337	   1.5023	        1.5046	          0.0023	   1.5023	8.183e-05	   0.106	    88.265
  88	88	 2.4316	 1.0337	   1.5023	        1.5046	          0.0023	   1.5023	8.063e-05	   0.104	    89.264
  89	89	 2.4312	 1.0337	   1.5023	        1.5046	          0.0023	   1.5023	7.947e-05	   0.110	    90.295
  90	90	 2.4308	 1.0337	   1.5023	        1.5046	          0.0023	   1.5023	7.833e-05	   0.113	    91.345
  91	91	 2.4304	 1.0337	   1.5023	        1.5046	          0.0023	   1.5023	7.722e-05	   0.108	    92.342
  92	92	 2.4300	 1.0337	   1.5023	        1.5046	          0.0023	   1.5023	7.614e-05	   0.109	    93.346
  93	93	 2.4297	 1.0337	   1.5023	        1.5046	          0.0023	   1.5023	7.508e-05	   0.105	    94.383
  94	94	 2.4293	 1.0337	   1.5023	        1.5046	          0.0023	   1.5023	7.405e-05	   0.109	    95.392
  95	95	 2.4290	 1.0337	   1.5023	        1.5046	          0.0023	   1.5023	7.305e-05	   0.109	    96.397
  96	96	 2.4287	 1.0337	   1.5023	        1.5046	          0.0023	   1.5023	7.206e-05	   0.113	    97.420
  97	97	 2.4283	 1.0337	   1.5023	        1.5046	          0.0023	   1.5023	7.110e-05	   0.108	    98.451
  98	98	 2.4280	 1.0337	   1.5023	        1.5046	          0.0023	   1.5023	7.017e-05	   0.113	    99.470
  99	99	 2.4277	 1.0337	   1.5023	        1.5046	          0.0023	   1.5023	6.925e-05	   0.125	   100.529
 100	100	 2.4274	 1.0337	   1.5023	        1.5046	          0.0023	   1.5023	6.835e-05	   0.116	   101.604
 101	101	 2.4271	 1.0337	   1.5023	        1.5046	          0.0023	   1.5023	6.748e-05	   0.107	   102.624
 102	102	 2.4268	 1.0337	   1.5023	        1.5046	          0.0023	   1.5023	6.662e-05	   0.112	   103.629
 103	103	 2.4265	 1.0337	   1.5023	        1.5046	          0.0023	   1.5023	6.578e-05	   0.106	   104.629
 104	104	 2.4262	 1.0337	   1.5023	        1.5046	          0.0023	   1.5023	6.496e-05	   0.107	   105.635
 105	105	 2.4260	 1.0337	   1.5023	        1.5046	          0.0023	   1.5023	6.416e-05	   0.111	   106.643
 106	106	 2.4257	 1.0337	   1.5023	        1.5046	          0.0023	   1.5023	6.337e-05	   0.112	   107.639
 107	107	 2.4254	 1.0337	   1.5023	        1.5046	          0.0023	   1.5023	6.261e-05	   0.111	   108.666
 108	108	 2.4252	 1.0337	   1.5023	        1.5046	          0.0023	   1.5023	6.185e-05	   0.105	   109.665
 109	109	 2.4249	 1.0337	   1.5023	        1.5046	          0.0023	   1.5023	6.112e-05	   0.109	   110.695
 110	110	 2.4247	 1.0337	   1.5023	        1.5046	          0.0023	   1.5023	6.039e-05	   0.112	   111.737
 111	111	 2.4244	 1.0337	   1.5023	        1.5046	          0.0023	   1.5023	5.969e-05	   0.109	   112.738
 112	112	 2.4242	 1.0337	   1.5023	        1.5046	          0.0023	   1.5023	5.899e-05	   0.117	   113.789
 113	113	 2.4240	 1.0337	   1.5023	        1.5046	          0.0023	   1.5023	5.831e-05	   0.104	   114.815
 114	114	 2.4238	 1.0337	   1.5023	        1.5046	          0.0023	   1.5023	5.765e-05	   0.107	   115.821
 115	115	 2.4235	 1.0337	   1.5023	        1.5046	          0.0023	   1.5023	5.700e-05	   0.115	   116.839
 116	116	 2.4233	 1.0337	   1.5023	        1.5046	          0.0023	   1.5023	5.636e-05	   0.118	   117.917
 117	117	 2.4231	 1.0337	   1.5023	        1.5046	          0.0023	   1.5023	5.573e-05	   0.119	   119.011
 118	118	 2.4229	 1.0337	   1.5023	        1.5046	          0.0023	   1.5023	5.511e-05	   0.109	   120.038
 119	119	 2.4227	 1.0337	   1.5023	        1.5046	          0.0023	   1.5023	5.451e-05	   0.119	   121.085
 120	120	 2.4225	 1.0337	   1.5023	        1.5046	          0.0023	   1.5023	5.392e-05	   0.117	   122.167
 121	121	 2.4223	 1.0337	   1.5023	        1.5046	          0.0023	   1.5023	5.334e-05	   0.113	   123.196
 122	122	 2.4221	 1.0337	   1.5023	        1.5046	          0.0023	   1.5023	5.276e-05	   0.110	   124.203
 123	123	 2.4219	 1.0337	   1.5023	        1.5046	          0.0023	   1.5023	5.220e-05	   0.105	   125.199
 124	124	 2.4217	 1.0337	   1.5023	        1.5046	          0.0023	   1.5023	5.166e-05	   0.109	   126.208
 125	125	 2.4215	 1.0337	   1.5023	        1.5046	          0.0023	   1.5023	5.112e-05	   0.111	   127.207
 126	126	 2.4214	 1.0337	   1.5023	        1.5046	          0.0023	   1.5023	5.059e-05	   0.111	   128.211
 127	127	 2.4212	 1.0337	   1.5023	        1.5046	          0.0023	   1.5023	5.007e-05	   0.111	   129.239
 128	128	 2.4210	 1.0337	   1.5023	        1.5046	          0.0023	   1.5023	4.955e-05	   0.105	   130.236
 129	129	 2.4209	 1.0337	   1.5023	        1.5046	          0.0023	   1.5023	4.905e-05	   0.105	   131.259
 130	130	 2.4207	 1.0337	   1.5023	        1.5046	          0.0023	   1.5023	4.856e-05	   0.117	   132.305
 131	131	 2.4205	 1.0337	   1.5023	        1.5046	          0.0023	   1.5023	4.807e-05	   0.110	   133.311
 132	132	 2.4204	 1.0337	   1.5023	        1.5046	          0.0023	   1.5023	4.760e-05	   0.109	   134.354
 133	133	 2.4202	 1.0337	   1.5023	        1.5046	          0.0023	   1.5023	4.713e-05	   0.100	   135.348
 134	134	 2.4200	 1.0337	   1.5023	        1.5046	          0.0023	   1.5023	4.667e-05	   0.108	   136.356
 135	135	 2.4199	 1.0337	   1.5023	        1.5046	          0.0023	   1.5023	4.622e-05	   0.111	   137.363
 136	136	 2.4197	 1.0337	   1.5023	        1.5046	          0.0023	   1.5023	4.577e-05	   0.114	   138.384
 137	137	 2.4196	 1.0337	   1.5023	        1.5046	          0.0023	   1.5023	4.533e-05	   0.111	   139.421
 138	138	 2.4195	 1.0337	   1.5023	        1.5046	          0.0023	   1.5023	4.490e-05	   0.110	   140.427
 139	139	 2.4193	 1.0337	   1.5023	        1.5046	          0.0023	   1.5023	4.448e-05	   0.120	   141.475
 140	140	 2.4192	 1.0337	   1.5023	        1.5046	          0.0023	   1.5023	4.406e-05	   0.114	   142.559
 141	141	 2.4190	 1.0337	   1.5023	        1.5046	          0.0023	   1.5023	4.365e-05	   0.109	   143.594
 142	142	 2.4189	 1.0337	   1.5023	        1.5046	          0.0023	   1.5023	4.325e-05	   0.108	   144.597
 143	143	 2.4188	 1.0337	   1.5023	        1.5046	          0.0023	   1.5023	4.285e-05	   0.103	   145.593
 144	144	 2.4186	 1.0337	   1.5023	        1.5046	          0.0023	   1.5023	4.246e-05	   0.112	   146.603
 145	145	 2.4185	 1.0337	   1.5023	        1.5046	          0.0023	   1.5023	4.208e-05	   0.110	   147.609
 146	146	 2.4184	 1.0337	   1.5023	        1.5046	          0.0023	   1.5023	4.170e-05	   0.109	   148.606
 147	147	 2.4183	 1.0337	   1.5023	        1.5046	          0.0023	   1.5023	4.133e-05	   0.107	   149.632
 148	148	 2.4181	 1.0337	   1.5023	        1.5046	          0.0023	   1.5023	4.096e-05	   0.105	   150.628
 149	149	 2.4180	 1.0337	   1.5023	        1.5046	          0.0023	   1.5023	4.060e-05	   0.110	   151.661
 150	150	 2.4179	 1.0337	   1.5023	        1.5046	          0.0023	   1.5023	4.024e-05	   0.114	   152.699
 151	151	 2.4178	 1.0337	   1.5023	        1.5046	          0.0023	   1.5023	3.989e-05	   0.120	   153.806
 152	152	 2.4177	 1.0337	   1.5023	        1.5046	          0.0023	   1.5023	3.955e-05	   0.115	   154.888
 153	153	 2.4175	 1.0337	   1.5023	        1.5046	          0.0023	   1.5023	3.921e-05	   0.119	   155.960
 154	154	 2.4174	 1.0337	   1.5023	        1.5046	          0.0023	   1.5023	3.887e-05	   0.119	   157.038
 155	155	 2.4173	 1.0337	   1.5023	        1.5046	          0.0023	   1.5023	3.855e-05	   0.118	   158.129
 156	156	 2.4172	 1.0337	   1.5023	        1.5046	          0.0023	   1.5023	3.822e-05	   0.114	   159.170
 157	157	 2.4171	 1.0337	   1.5023	        1.5046	          0.0023	   1.5023	3.790e-05	   0.116	   160.219
 158	158	 2.4170	 1.0337	   1.5023	        1.5046	          0.0023	   1.5023	3.758e-05	   0.115	   161.231
 159	159	 2.4169	 1.0337	   1.5023	        1.5046	          0.0023	   1.5023	3.727e-05	   0.110	   162.270
 160	160	 2.4168	 1.0337	   1.5023	        1.5046	          0.0023	   1.5023	3.697e-05	   0.113	   163.358
 161	161	 2.4167	 1.0337	   1.5023	        1.5046	          0.0023	   1.5023	3.666e-05	   0.108	   164.393
 162	162	 2.4166	 1.0337	   1.5023	        1.5046	          0.0023	   1.5023	3.637e-05	   0.111	   165.398
 163	163	 2.4165	 1.0337	   1.5023	        1.5046	          0.0023	   1.5023	3.607e-05	   0.105	   166.399
 164	164	 2.4164	 1.0337	   1.5023	        1.5046	          0.0023	   1.5023	3.578e-05	   0.108	   167.406
 165	165	 2.4163	 1.0337	   1.5023	        1.5046	          0.0023	   1.5023	3.550e-05	   0.108	   168.408
 166	166	 2.4162	 1.0337	   1.5023	        1.5046	          0.0023	   1.5023	3.522e-05	   0.108	   169.406
 167	167	 2.4161	 1.0337	   1.5023	        1.5046	          0.0023	   1.5023	3.494e-05	   0.116	   170.438
 168	168	 2.4160	 1.0337	   1.5023	        1.5046	          0.0023	   1.5023	3.466e-05	   0.108	   171.438
 169	169	 2.4159	 1.0338	   1.5023	        1.5046	          0.0023	   1.5023	3.439e-05	   0.109	   172.462
 170	170	 2.4158	 1.0338	   1.5023	        1.5046	          0.0023	   1.5023	3.413e-05	   0.114	   173.495
 171	171	 2.4158	 1.0338	   1.5023	        1.5046	          0.0023	   1.5023	3.386e-05	   0.112	   174.546
 172	172	 2.4157	 1.0338	   1.5023	        1.5046	          0.0023	   1.5023	3.361e-05	   0.109	   175.553
 173	173	 2.4156	 1.0338	   1.5023	        1.5046	          0.0023	   1.5023	3.335e-05	   0.102	   176.550
 174	174	 2.4155	 1.0338	   1.5023	        1.5046	          0.0023	   1.5023	3.310e-05	   0.109	   177.558
 175	175	 2.4154	 1.0338	   1.5023	        1.5046	          0.0023	   1.5023	3.285e-05	   0.108	   178.558
 176	176	 2.4153	 1.0338	   1.5023	        1.5046	          0.0023	   1.5023	3.260e-05	   0.115	   179.575
 177	177	 2.4152	 1.0338	   1.5023	        1.5046	          0.0023	   1.5023	3.236e-05	   0.116	   180.615
 178	178	 2.4152	 1.0338	   1.5023	        1.5046	          0.0023	   1.5023	3.212e-05	   0.106	   181.621
 179	179	 2.4151	 1.0338	   1.5023	        1.5046	          0.0023	   1.5023	3.188e-05	   0.106	   182.663
 180	180	 2.4150	 1.0338	   1.5023	        1.5046	          0.0023	   1.5023	3.165e-05	   0.117	   183.753
 181	181	 2.4149	 1.0338	   1.5023	        1.5046	          0.0023	   1.5023	3.142e-05	   0.111	   184.792
 182	182	 2.4149	 1.0338	   1.5023	        1.5046	          0.0023	   1.5023	3.119e-05	   0.109	   185.798
 183	183	 2.4148	 1.0338	   1.5023	        1.5046	          0.0023	   1.5023	3.096e-05	   0.103	   186.796
 184	184	 2.4147	 1.0338	   1.5023	        1.5046	          0.0023	   1.5023	3.074e-05	   0.108	   187.800
 185	185	 2.4146	 1.0338	   1.5023	        1.5046	          0.0023	   1.5023	3.052e-05	   0.111	   188.805
 186	186	 2.4146	 1.0338	   1.5023	        1.5046	          0.0023	   1.5023	3.031e-05	   0.110	   189.807
 187	187	 2.4145	 1.0338	   1.5023	        1.5046	          0.0023	   1.5023	3.009e-05	   0.111	   190.836
 188	188	 2.4144	 1.0338	   1.5023	        1.5046	          0.0023	   1.5023	2.988e-05	   0.103	   191.829
 189	189	 2.4144	 1.0338	   1.5023	        1.5046	          0.0023	   1.5023	2.967e-05	   0.107	   192.859
 190	190	 2.4143	 1.0338	   1.5023	        1.5046	          0.0023	   1.5023	2.947e-05	   0.126	   193.939
 191	191	 2.4142	 1.0338	   1.5023	        1.5046	          0.0023	   1.5023	2.926e-05	   0.110	   194.979
 192	192	 2.4141	 1.0338	   1.5023	        1.5046	          0.0023	   1.5023	2.906e-05	   0.119	   196.021
 193	193	 2.4141	 1.0338	   1.5023	        1.5046	          0.0023	   1.5023	2.886e-05	   0.108	   197.061
 194	194	 2.4140	 1.0338	   1.5023	        1.5046	          0.0023	   1.5023	2.866e-05	   0.117	   198.124
 195	195	 2.4140	 1.0338	   1.5023	        1.5046	          0.0023	   1.5023	2.847e-05	   0.111	   199.132
 196	196	 2.4139	 1.0338	   1.5023	        1.5046	          0.0023	   1.5023	2.828e-05	   0.114	   200.140
 197	197	 2.4138	 1.0338	   1.5023	        1.5046	          0.0023	   1.5023	2.809e-05	   0.114	   201.180
 198	198	 2.4138	 1.0338	   1.5023	        1.5046	          0.0023	   1.5023	2.790e-05	   0.103	   202.183
 199	199	 2.4137	 1.0338	   1.5023	        1.5046	          0.0023	   1.5023	2.772e-05	   0.105	   203.193
 200	200	 2.4136	 1.0338	   1.5023	        1.5046	          0.0023	   1.5023	2.753e-05	   0.112	   204.246

[BSGD] Finished on device cuda -> σ_f² ≈ 2.4136, σ_ε² ≈ 1.0338
