[GPU 3][JOB 116] 'python cli.py bsgd --n 1024 --lengthscale 0.5 --sigma-f2-true 4.0 --sigma-eps2-true 1.0 --n-epochs 200 --device auto --kernel-mode finite --theta-min 1e-4 --theta-max 20.0 --print-every 1 --seed 5 --batch-size 1024 --sigma-f2-init 5.0 --sigma-eps2-init 3.0 --alpha1 9.0 '

=== BSGD (biased SGD on exact kernel) ===
iter	epoch	σ_f²	σ_ε²	real_nlml	real_nlml_true	real_nlml_abs_err	mini_nlml	||grad||	duration_s	wall_time_s
   1	 1	 5.1363	 2.0199	   1.5855	        1.4829	          0.1027	   1.5855	1.245e-01	   0.162	     0.244
   2	 2	 5.1973	 1.4598	   1.5175	        1.4829	          0.0346	   1.5175	1.117e-01	   0.038	     0.665
   3	 3	 5.2376	 1.1248	   1.4868	        1.4829	          0.0039	   1.4868	6.064e-02	   0.098	     1.494
   4	 4	 5.2677	 0.9883	   1.4815	        1.4829	          0.0013	   1.4815	1.132e-02	   0.117	     2.422
   5	 5	 5.2907	 0.9679	   1.4814	        1.4829	          0.0015	   1.4814	1.359e-03	   0.106	     3.390
   6	 6	 5.3088	 0.9659	   1.4814	        1.4829	          0.0015	   1.4814	3.866e-04	   0.112	     4.371
   7	 7	 5.3234	 0.9655	   1.4814	        1.4829	          0.0015	   1.4814	2.450e-04	   0.109	     5.373
   8	 8	 5.3357	 0.9654	   1.4814	        1.4829	          0.0015	   1.4814	2.171e-04	   0.161	     6.807
   9	 9	 5.3461	 0.9654	   1.4814	        1.4829	          0.0015	   1.4814	2.062e-04	   0.095	     7.871
  10	10	 5.3552	 0.9654	   1.4814	        1.4829	          0.0015	   1.4814	1.990e-04	   0.116	     8.901
  11	11	 5.3632	 0.9653	   1.4814	        1.4829	          0.0015	   1.4814	1.931e-04	   0.115	     9.969
  12	12	 5.3703	 0.9653	   1.4814	        1.4829	          0.0015	   1.4814	1.881e-04	   0.110	    11.046
  13	13	 5.3767	 0.9653	   1.4814	        1.4829	          0.0015	   1.4814	1.836e-04	   0.105	    12.085
  14	14	 5.3826	 0.9653	   1.4814	        1.4829	          0.0015	   1.4814	1.796e-04	   0.104	    13.119
  15	15	 5.3879	 0.9653	   1.4814	        1.4829	          0.0015	   1.4814	1.760e-04	   0.117	    14.166
  16	16	 5.3927	 0.9653	   1.4814	        1.4829	          0.0015	   1.4814	1.726e-04	   0.104	    15.205
  17	17	 5.3972	 0.9653	   1.4814	        1.4829	          0.0015	   1.4814	1.696e-04	   0.113	    16.252
  18	18	 5.4014	 0.9653	   1.4814	        1.4829	          0.0015	   1.4814	1.667e-04	   0.104	    17.307
  19	19	 5.4053	 0.9653	   1.4814	        1.4829	          0.0015	   1.4814	1.641e-04	   0.121	    18.351
  20	20	 5.4089	 0.9653	   1.4814	        1.4829	          0.0015	   1.4814	1.616e-04	   0.125	    19.397
  21	21	 5.4123	 0.9653	   1.4814	        1.4829	          0.0015	   1.4814	1.593e-04	   0.115	    20.480
  22	22	 5.4156	 0.9653	   1.4814	        1.4829	          0.0015	   1.4814	1.572e-04	   0.115	    21.599
  23	23	 5.4186	 0.9653	   1.4814	        1.4829	          0.0015	   1.4814	1.552e-04	   0.100	    22.683
  24	24	 5.4214	 0.9653	   1.4814	        1.4829	          0.0015	   1.4814	1.532e-04	   0.115	    23.732
  25	25	 5.4242	 0.9653	   1.4814	        1.4829	          0.0015	   1.4814	1.514e-04	   0.113	    24.778
  26	26	 5.4267	 0.9653	   1.4814	        1.4829	          0.0015	   1.4814	1.497e-04	   0.104	    25.808
  27	27	 5.4292	 0.9653	   1.4814	        1.4829	          0.0015	   1.4814	1.481e-04	   0.114	    26.841
  28	28	 5.4315	 0.9653	   1.4814	        1.4829	          0.0015	   1.4814	1.465e-04	   0.099	    27.898
  29	29	 5.4338	 0.9653	   1.4814	        1.4829	          0.0015	   1.4814	1.450e-04	   0.110	    28.968
  30	30	 5.4359	 0.9653	   1.4814	        1.4829	          0.0015	   1.4814	1.436e-04	   0.113	    30.015
  31	31	 5.4380	 0.9653	   1.4814	        1.4829	          0.0015	   1.4814	1.422e-04	   0.108	    31.050
  32	32	 5.4399	 0.9653	   1.4814	        1.4829	          0.0015	   1.4814	1.409e-04	   0.113	    32.142
  33	33	 5.4418	 0.9653	   1.4814	        1.4829	          0.0015	   1.4814	1.397e-04	   0.105	    33.194
  34	34	 5.4437	 0.9653	   1.4814	        1.4829	          0.0015	   1.4814	1.385e-04	   0.111	    34.246
  35	35	 5.4454	 0.9653	   1.4814	        1.4829	          0.0015	   1.4814	1.373e-04	   0.112	    35.288
  36	36	 5.4471	 0.9653	   1.4814	        1.4829	          0.0015	   1.4814	1.362e-04	   0.110	    36.329
  37	37	 5.4487	 0.9653	   1.4814	        1.4829	          0.0015	   1.4814	1.352e-04	   0.103	    37.360
  38	38	 5.4503	 0.9653	   1.4814	        1.4829	          0.0015	   1.4814	1.341e-04	   0.108	    38.407
  39	39	 5.4518	 0.9653	   1.4814	        1.4829	          0.0015	   1.4814	1.331e-04	   0.107	    39.532
  40	40	 5.4533	 0.9653	   1.4814	        1.4829	          0.0015	   1.4814	1.322e-04	   0.121	    40.633
  41	41	 5.4547	 0.9653	   1.4814	        1.4829	          0.0015	   1.4814	1.312e-04	   0.120	    41.706
  42	42	 5.4561	 0.9653	   1.4814	        1.4829	          0.0015	   1.4814	1.303e-04	   0.113	    42.842
  43	43	 5.4575	 0.9653	   1.4814	        1.4829	          0.0015	   1.4814	1.294e-04	   0.113	    43.952
  44	44	 5.4588	 0.9653	   1.4814	        1.4829	          0.0015	   1.4814	1.286e-04	   0.101	    44.990
  45	45	 5.4600	 0.9653	   1.4814	        1.4829	          0.0015	   1.4814	1.278e-04	   0.112	    46.036
  46	46	 5.4613	 0.9653	   1.4814	        1.4829	          0.0015	   1.4814	1.270e-04	   0.107	    47.073
  47	47	 5.4625	 0.9653	   1.4814	        1.4829	          0.0015	   1.4814	1.262e-04	   0.111	    48.110
  48	48	 5.4636	 0.9653	   1.4814	        1.4829	          0.0015	   1.4814	1.254e-04	   0.112	    49.181
  49	49	 5.4648	 0.9653	   1.4814	        1.4829	          0.0015	   1.4814	1.247e-04	   0.108	    50.256
  50	50	 5.4659	 0.9653	   1.4814	        1.4829	          0.0015	   1.4814	1.240e-04	   0.115	    51.302
  51	51	 5.4669	 0.9653	   1.4814	        1.4829	          0.0015	   1.4814	1.233e-04	   0.102	    52.330
  52	52	 5.4680	 0.9653	   1.4814	        1.4829	          0.0015	   1.4814	1.226e-04	   0.118	    53.423
  53	53	 5.4690	 0.9653	   1.4814	        1.4829	          0.0015	   1.4814	1.219e-04	   0.104	    54.490
  54	54	 5.4700	 0.9653	   1.4814	        1.4829	          0.0015	   1.4814	1.213e-04	   0.105	    55.531
  55	55	 5.4710	 0.9653	   1.4814	        1.4829	          0.0015	   1.4814	1.207e-04	   0.111	    56.576
  56	56	 5.4720	 0.9653	   1.4814	        1.4829	          0.0015	   1.4814	1.200e-04	   0.110	    57.610
  57	57	 5.4729	 0.9653	   1.4814	        1.4829	          0.0015	   1.4814	1.194e-04	   0.113	    58.657
  58	58	 5.4738	 0.9653	   1.4814	        1.4829	          0.0015	   1.4814	1.188e-04	   0.103	    59.698
  59	59	 5.4747	 0.9653	   1.4814	        1.4829	          0.0015	   1.4814	1.183e-04	   0.105	    60.766
  60	60	 5.4756	 0.9653	   1.4814	        1.4829	          0.0015	   1.4814	1.177e-04	   0.111	    61.840
  61	61	 5.4764	 0.9653	   1.4814	        1.4829	          0.0015	   1.4814	1.172e-04	   0.114	    62.886
  62	62	 5.4773	 0.9653	   1.4814	        1.4829	          0.0015	   1.4814	1.166e-04	   0.115	    64.028
  63	63	 5.4781	 0.9653	   1.4814	        1.4829	          0.0015	   1.4814	1.161e-04	   0.111	    65.133
  64	64	 5.4789	 0.9653	   1.4814	        1.4829	          0.0015	   1.4814	1.156e-04	   0.103	    66.175
  65	65	 5.4797	 0.9653	   1.4814	        1.4829	          0.0015	   1.4814	1.151e-04	   0.115	    67.219
  66	66	 5.4804	 0.9653	   1.4814	        1.4829	          0.0015	   1.4814	1.146e-04	   0.115	    68.261
  67	67	 5.4812	 0.9653	   1.4814	        1.4829	          0.0015	   1.4814	1.141e-04	   0.106	    69.300
  68	68	 5.4819	 0.9653	   1.4814	        1.4829	          0.0015	   1.4814	1.136e-04	   0.110	    70.358
  69	69	 5.4827	 0.9653	   1.4814	        1.4829	          0.0015	   1.4814	1.131e-04	   0.107	    71.430
  70	70	 5.4834	 0.9653	   1.4814	        1.4829	          0.0015	   1.4814	1.127e-04	   0.116	    72.481
  71	71	 5.4841	 0.9653	   1.4814	        1.4829	          0.0015	   1.4814	1.122e-04	   0.112	    73.526
  72	72	 5.4848	 0.9653	   1.4814	        1.4829	          0.0015	   1.4814	1.118e-04	   0.120	    74.615
  73	73	 5.4855	 0.9653	   1.4814	        1.4829	          0.0015	   1.4814	1.114e-04	   0.112	    75.740
  74	74	 5.4861	 0.9653	   1.4814	        1.4829	          0.0015	   1.4814	1.109e-04	   0.108	    76.836
  75	75	 5.4868	 0.9653	   1.4814	        1.4829	          0.0015	   1.4814	1.105e-04	   0.120	    77.897
  76	76	 5.4874	 0.9653	   1.4814	        1.4829	          0.0015	   1.4814	1.101e-04	   0.108	    78.936
  77	77	 5.4881	 0.9653	   1.4814	        1.4829	          0.0015	   1.4814	1.097e-04	   0.114	    80.014
  78	78	 5.4887	 0.9653	   1.4814	        1.4829	          0.0015	   1.4814	1.093e-04	   0.112	    81.102
  79	79	 5.4893	 0.9653	   1.4814	        1.4829	          0.0015	   1.4814	1.089e-04	   0.111	    82.219
  80	80	 5.4899	 0.9653	   1.4814	        1.4829	          0.0015	   1.4814	1.085e-04	   0.122	    83.305
  81	81	 5.4905	 0.9653	   1.4814	        1.4829	          0.0015	   1.4814	1.081e-04	   0.109	    84.342
  82	82	 5.4911	 0.9653	   1.4814	        1.4829	          0.0015	   1.4814	1.078e-04	   0.122	    85.478
  83	83	 5.4917	 0.9653	   1.4814	        1.4829	          0.0015	   1.4814	1.074e-04	   0.104	    86.575
  84	84	 5.4922	 0.9653	   1.4814	        1.4829	          0.0015	   1.4814	1.070e-04	   0.109	    87.630
  85	85	 5.4928	 0.9653	   1.4814	        1.4829	          0.0015	   1.4814	1.067e-04	   0.115	    88.681
  86	86	 5.4933	 0.9653	   1.4814	        1.4829	          0.0015	   1.4814	1.063e-04	   0.112	    89.717
  87	87	 5.4939	 0.9653	   1.4814	        1.4829	          0.0015	   1.4814	1.060e-04	   0.108	    90.754
  88	88	 5.4944	 0.9653	   1.4814	        1.4829	          0.0015	   1.4814	1.057e-04	   0.107	    91.799
  89	89	 5.4949	 0.9653	   1.4814	        1.4829	          0.0015	   1.4814	1.053e-04	   0.113	    92.884
  90	90	 5.4955	 0.9653	   1.4814	        1.4829	          0.0015	   1.4814	1.050e-04	   0.109	    93.940
  91	91	 5.4960	 0.9653	   1.4814	        1.4829	          0.0015	   1.4814	1.047e-04	   0.107	    94.978
  92	92	 5.4965	 0.9653	   1.4814	        1.4829	          0.0015	   1.4814	1.043e-04	   0.114	    96.055
  93	93	 5.4970	 0.9653	   1.4814	        1.4829	          0.0015	   1.4814	1.040e-04	   0.110	    97.127
  94	94	 5.4975	 0.9653	   1.4814	        1.4829	          0.0015	   1.4814	1.037e-04	   0.109	    98.176
  95	95	 5.4979	 0.9653	   1.4814	        1.4829	          0.0015	   1.4814	1.034e-04	   0.112	    99.218
  96	96	 5.4984	 0.9653	   1.4814	        1.4829	          0.0015	   1.4814	1.031e-04	   0.110	   100.256
  97	97	 5.4989	 0.9653	   1.4814	        1.4829	          0.0015	   1.4814	1.028e-04	   0.100	   101.289
  98	98	 5.4994	 0.9653	   1.4814	        1.4829	          0.0015	   1.4814	1.025e-04	   0.111	   102.339
  99	99	 5.4998	 0.9653	   1.4814	        1.4829	          0.0015	   1.4814	1.022e-04	   0.107	   103.444
 100	100	 5.5003	 0.9653	   1.4814	        1.4829	          0.0015	   1.4814	1.019e-04	   0.116	   104.490
 101	101	 5.5007	 0.9653	   1.4814	        1.4829	          0.0015	   1.4814	1.017e-04	   0.107	   105.524
 102	102	 5.5012	 0.9653	   1.4814	        1.4829	          0.0015	   1.4814	1.014e-04	   0.122	   106.641
 103	103	 5.5016	 0.9653	   1.4814	        1.4829	          0.0015	   1.4814	1.011e-04	   0.109	   107.760
 104	104	 5.5020	 0.9653	   1.4814	        1.4829	          0.0015	   1.4814	1.008e-04	   0.106	   108.818
 105	105	 5.5025	 0.9653	   1.4814	        1.4829	          0.0015	   1.4814	1.006e-04	   0.113	   109.862
 106	106	 5.5029	 0.9653	   1.4814	        1.4829	          0.0015	   1.4814	1.003e-04	   0.102	   110.893
 107	107	 5.5033	 0.9653	   1.4814	        1.4829	          0.0015	   1.4814	1.000e-04	   0.114	   111.939
 108	108	 5.5037	 0.9653	   1.4814	        1.4829	          0.0015	   1.4814	9.977e-05	   0.103	   112.984
 109	109	 5.5041	 0.9653	   1.4814	        1.4829	          0.0015	   1.4814	9.952e-05	   0.107	   114.069
 110	110	 5.5045	 0.9653	   1.4814	        1.4829	          0.0015	   1.4814	9.926e-05	   0.114	   115.127
 111	111	 5.5049	 0.9653	   1.4814	        1.4829	          0.0015	   1.4814	9.901e-05	   0.105	   116.157
 112	112	 5.5053	 0.9653	   1.4814	        1.4829	          0.0015	   1.4814	9.876e-05	   0.131	   117.245
 113	113	 5.5057	 0.9653	   1.4814	        1.4829	          0.0015	   1.4814	9.852e-05	   0.100	   118.313
 114	114	 5.5061	 0.9653	   1.4814	        1.4829	          0.0015	   1.4814	9.828e-05	   0.105	   119.357
 115	115	 5.5064	 0.9653	   1.4814	        1.4829	          0.0015	   1.4814	9.804e-05	   0.110	   120.401
 116	116	 5.5068	 0.9653	   1.4814	        1.4829	          0.0015	   1.4814	9.780e-05	   0.119	   121.478
 117	117	 5.5072	 0.9653	   1.4814	        1.4829	          0.0015	   1.4814	9.757e-05	   0.110	   122.555
 118	118	 5.5076	 0.9653	   1.4814	        1.4829	          0.0015	   1.4814	9.734e-05	   0.107	   123.635
 119	119	 5.5079	 0.9653	   1.4814	        1.4829	          0.0015	   1.4814	9.711e-05	   0.111	   124.732
 120	120	 5.5083	 0.9653	   1.4814	        1.4829	          0.0015	   1.4814	9.689e-05	   0.105	   125.769
 121	121	 5.5086	 0.9653	   1.4814	        1.4829	          0.0015	   1.4814	9.666e-05	   0.117	   126.816
 122	122	 5.5090	 0.9653	   1.4814	        1.4829	          0.0015	   1.4814	9.644e-05	   0.115	   127.921
 123	123	 5.5093	 0.9653	   1.4814	        1.4829	          0.0015	   1.4814	9.622e-05	   0.106	   129.044
 124	124	 5.5097	 0.9653	   1.4814	        1.4829	          0.0015	   1.4814	9.601e-05	   0.107	   130.103
 125	125	 5.5100	 0.9653	   1.4814	        1.4829	          0.0015	   1.4814	9.579e-05	   0.115	   131.142
 126	126	 5.5103	 0.9653	   1.4814	        1.4829	          0.0015	   1.4814	9.558e-05	   0.117	   132.190
 127	127	 5.5107	 0.9653	   1.4814	        1.4829	          0.0015	   1.4814	9.537e-05	   0.107	   133.224
 128	128	 5.5110	 0.9653	   1.4814	        1.4829	          0.0015	   1.4814	9.516e-05	   0.104	   134.265
 129	129	 5.5113	 0.9653	   1.4814	        1.4829	          0.0015	   1.4814	9.496e-05	   0.105	   135.339
 130	130	 5.5117	 0.9653	   1.4814	        1.4829	          0.0015	   1.4814	9.475e-05	   0.118	   136.405
 131	131	 5.5120	 0.9653	   1.4814	        1.4829	          0.0015	   1.4814	9.455e-05	   0.107	   137.446
 132	132	 5.5123	 0.9653	   1.4814	        1.4829	          0.0015	   1.4814	9.435e-05	   0.125	   138.513
 133	133	 5.5126	 0.9653	   1.4814	        1.4829	          0.0015	   1.4814	9.416e-05	   0.110	   139.594
 134	134	 5.5129	 0.9653	   1.4814	        1.4829	          0.0015	   1.4814	9.396e-05	   0.102	   140.632
 135	135	 5.5132	 0.9653	   1.4814	        1.4829	          0.0015	   1.4814	9.377e-05	   0.119	   141.687
 136	136	 5.5135	 0.9653	   1.4814	        1.4829	          0.0015	   1.4814	9.358e-05	   0.104	   142.721
 137	137	 5.5138	 0.9653	   1.4814	        1.4829	          0.0015	   1.4814	9.339e-05	   0.107	   143.762
 138	138	 5.5141	 0.9653	   1.4814	        1.4829	          0.0015	   1.4814	9.320e-05	   0.103	   144.843
 139	139	 5.5144	 0.9653	   1.4814	        1.4829	          0.0015	   1.4814	9.301e-05	   0.118	   145.902
 140	140	 5.5147	 0.9653	   1.4814	        1.4829	          0.0015	   1.4814	9.283e-05	   0.120	   146.960
 141	141	 5.5150	 0.9653	   1.4814	        1.4829	          0.0015	   1.4814	9.264e-05	   0.107	   147.992
 142	142	 5.5153	 0.9653	   1.4814	        1.4829	          0.0015	   1.4814	9.246e-05	   0.121	   149.096
 143	143	 5.5156	 0.9653	   1.4814	        1.4829	          0.0015	   1.4814	9.228e-05	   0.103	   150.215
 144	144	 5.5159	 0.9653	   1.4814	        1.4829	          0.0015	   1.4814	9.210e-05	   0.112	   151.282
 145	145	 5.5162	 0.9653	   1.4814	        1.4829	          0.0015	   1.4814	9.193e-05	   0.113	   152.330
 146	146	 5.5164	 0.9653	   1.4814	        1.4829	          0.0015	   1.4814	9.175e-05	   0.108	   153.365
 147	147	 5.5167	 0.9653	   1.4814	        1.4829	          0.0015	   1.4814	9.158e-05	   0.107	   154.405
 148	148	 5.5170	 0.9653	   1.4814	        1.4829	          0.0015	   1.4814	9.141e-05	   0.108	   155.453
 149	149	 5.5173	 0.9653	   1.4814	        1.4829	          0.0015	   1.4814	9.124e-05	   0.124	   156.597
 150	150	 5.5175	 0.9653	   1.4814	        1.4829	          0.0015	   1.4814	9.107e-05	   0.116	   157.717
 151	151	 5.5178	 0.9653	   1.4814	        1.4829	          0.0015	   1.4814	9.090e-05	   0.107	   158.782
 152	152	 5.5181	 0.9653	   1.4814	        1.4829	          0.0015	   1.4814	9.074e-05	   0.111	   159.846
 153	153	 5.5183	 0.9653	   1.4814	        1.4829	          0.0015	   1.4814	9.057e-05	   0.113	   160.939
 154	154	 5.5186	 0.9653	   1.4814	        1.4829	          0.0015	   1.4814	9.041e-05	   0.110	   162.043
 155	155	 5.5189	 0.9653	   1.4814	        1.4829	          0.0015	   1.4814	9.025e-05	   0.116	   163.124
 156	156	 5.5191	 0.9653	   1.4814	        1.4829	          0.0015	   1.4814	9.009e-05	   0.109	   164.175
 157	157	 5.5194	 0.9653	   1.4814	        1.4829	          0.0015	   1.4814	8.993e-05	   0.113	   165.255
 158	158	 5.5196	 0.9653	   1.4814	        1.4829	          0.0015	   1.4814	8.977e-05	   0.109	   166.332
 159	159	 5.5199	 0.9653	   1.4814	        1.4829	          0.0015	   1.4814	8.962e-05	   0.108	   167.380
 160	160	 5.5201	 0.9653	   1.4814	        1.4829	          0.0015	   1.4814	8.946e-05	   0.114	   168.441
 161	161	 5.5204	 0.9653	   1.4814	        1.4829	          0.0015	   1.4814	8.931e-05	   0.107	   169.477
 162	162	 5.5206	 0.9653	   1.4814	        1.4829	          0.0015	   1.4814	8.915e-05	   0.119	   170.570
 163	163	 5.5208	 0.9653	   1.4814	        1.4829	          0.0015	   1.4814	8.900e-05	   0.112	   171.707
 164	164	 5.5211	 0.9653	   1.4814	        1.4829	          0.0015	   1.4814	8.885e-05	   0.104	   172.769
 165	165	 5.5213	 0.9653	   1.4814	        1.4829	          0.0015	   1.4814	8.870e-05	   0.115	   173.815
 166	166	 5.5216	 0.9653	   1.4814	        1.4829	          0.0015	   1.4814	8.856e-05	   0.103	   174.845
 167	167	 5.5218	 0.9653	   1.4814	        1.4829	          0.0015	   1.4814	8.841e-05	   0.116	   175.893
 168	168	 5.5220	 0.9653	   1.4814	        1.4829	          0.0015	   1.4814	8.826e-05	   0.107	   176.939
 169	169	 5.5223	 0.9653	   1.4814	        1.4829	          0.0015	   1.4814	8.812e-05	   0.112	   178.006
 170	170	 5.5225	 0.9653	   1.4814	        1.4829	          0.0015	   1.4814	8.798e-05	   0.115	   179.079
 171	171	 5.5227	 0.9653	   1.4814	        1.4829	          0.0015	   1.4814	8.783e-05	   0.109	   180.109
 172	172	 5.5229	 0.9653	   1.4814	        1.4829	          0.0015	   1.4814	8.769e-05	   0.120	   181.166
 173	173	 5.5232	 0.9653	   1.4814	        1.4829	          0.0015	   1.4814	8.755e-05	   0.110	   182.253
 174	174	 5.5234	 0.9653	   1.4814	        1.4829	          0.0015	   1.4814	8.741e-05	   0.108	   183.313
 175	175	 5.5236	 0.9653	   1.4814	        1.4829	          0.0015	   1.4814	8.728e-05	   0.108	   184.348
 176	176	 5.5238	 0.9653	   1.4814	        1.4829	          0.0015	   1.4814	8.714e-05	   0.111	   185.389
 177	177	 5.5241	 0.9653	   1.4814	        1.4829	          0.0015	   1.4814	8.700e-05	   0.108	   186.472
 178	178	 5.5243	 0.9653	   1.4814	        1.4829	          0.0015	   1.4814	8.687e-05	   0.107	   187.514
 179	179	 5.5245	 0.9653	   1.4814	        1.4829	          0.0015	   1.4814	8.673e-05	   0.112	   188.562
 180	180	 5.5247	 0.9653	   1.4814	        1.4829	          0.0015	   1.4814	8.660e-05	   0.110	   189.617
 181	181	 5.5249	 0.9653	   1.4814	        1.4829	          0.0015	   1.4814	8.647e-05	   0.118	   190.666
 182	182	 5.5251	 0.9653	   1.4814	        1.4829	          0.0015	   1.4814	8.634e-05	   0.117	   191.755
 183	183	 5.5253	 0.9653	   1.4814	        1.4829	          0.0015	   1.4814	8.621e-05	   0.111	   192.880
 184	184	 5.5255	 0.9653	   1.4814	        1.4829	          0.0015	   1.4814	8.608e-05	   0.104	   193.952
 185	185	 5.5257	 0.9653	   1.4814	        1.4829	          0.0015	   1.4814	8.595e-05	   0.116	   194.993
 186	186	 5.5260	 0.9653	   1.4814	        1.4829	          0.0015	   1.4814	8.582e-05	   0.112	   196.038
 187	187	 5.5262	 0.9653	   1.4814	        1.4829	          0.0015	   1.4814	8.570e-05	   0.107	   197.076
 188	188	 5.5264	 0.9653	   1.4814	        1.4829	          0.0015	   1.4814	8.557e-05	   0.106	   198.119
 189	189	 5.5266	 0.9653	   1.4814	        1.4829	          0.0015	   1.4814	8.545e-05	   0.102	   199.175
 190	190	 5.5268	 0.9653	   1.4814	        1.4829	          0.0015	   1.4814	8.532e-05	   0.124	   200.261
 191	191	 5.5270	 0.9653	   1.4814	        1.4829	          0.0015	   1.4814	8.520e-05	   0.108	   201.301
 192	192	 5.5272	 0.9653	   1.4814	        1.4829	          0.0015	   1.4814	8.508e-05	   0.116	   202.348
 193	193	 5.5273	 0.9653	   1.4814	        1.4829	          0.0015	   1.4814	8.496e-05	   0.109	   203.488
 194	194	 5.5275	 0.9653	   1.4814	        1.4829	          0.0015	   1.4814	8.484e-05	   0.106	   204.556
 195	195	 5.5277	 0.9653	   1.4814	        1.4829	          0.0015	   1.4814	8.472e-05	   0.119	   205.610
 196	196	 5.5279	 0.9653	   1.4814	        1.4829	          0.0015	   1.4814	8.460e-05	   0.111	   206.690
 197	197	 5.5281	 0.9653	   1.4814	        1.4829	          0.0015	   1.4814	8.448e-05	   0.105	   207.757
 198	198	 5.5283	 0.9653	   1.4814	        1.4829	          0.0015	   1.4814	8.436e-05	   0.102	   208.796
 199	199	 5.5285	 0.9653	   1.4814	        1.4829	          0.0015	   1.4814	8.424e-05	   0.110	   209.840
 200	200	 5.5287	 0.9653	   1.4814	        1.4829	          0.0015	   1.4814	8.413e-05	   0.106	   210.906

[BSGD] Finished on device cuda -> σ_f² ≈ 5.5287, σ_ε² ≈ 0.9653
