[GPU 0][JOB 121] 'python cli.py bsgd --n 1024 --lengthscale 0.5 --sigma-f2-true 4.0 --sigma-eps2-true 1.0 --n-epochs 200 --device auto --kernel-mode finite --theta-min 1e-4 --theta-max 20.0 --print-every 1 --seed 0 --batch-size 256 --sigma-f2-init 5.0 --sigma-eps2-init 3.0 --alpha1 9.0 '

=== BSGD (biased SGD on exact kernel) ===
iter	epoch	σ_f²	σ_ε²	real_nlml	real_nlml_true	real_nlml_abs_err	mini_nlml	||grad||	duration_s	wall_time_s
   1	 1	 4.4214	 2.1617	   1.6118	        1.5052	          0.1066	   1.7276	1.171e-01	   0.339	     0.748
   2	 1	 4.2986	 1.7416	   1.5627	        1.5052	          0.0575	   1.7134	1.139e-01	   0.030	     1.551
   3	 1	 4.1070	 1.3914	   1.5257	        1.5052	          0.0205	   1.6039	9.147e-02	   0.035	     2.228
   4	 1	 4.1331	 1.1269	   1.5073	        1.5052	          0.0021	   1.5700	3.947e-02	   0.033	     2.932
   5	 2	 4.1834	 1.0147	   1.5052	        1.5052	          0.0000	   1.5989	3.610e-03	   0.033	     3.634
   6	 2	 4.1350	 0.9145	   1.5082	        1.5052	          0.0030	   1.5424	6.188e-02	   0.034	     4.317
   7	 2	 4.1241	 1.0624	   1.5055	        1.5052	          0.0003	   1.6707	1.700e-02	   0.030	     5.016
   8	 2	 4.0939	 1.0962	   1.5062	        1.5052	          0.0011	   1.6756	2.945e-02	   0.031	     5.710
   9	 3	 4.0955	 1.0871	   1.5060	        1.5052	          0.0008	   1.6493	2.626e-02	   0.037	     6.422
  10	 3	 4.0832	 1.0341	   1.5051	        1.5052	          0.0000	   1.5821	5.245e-03	   0.035	     7.151
  11	 3	 4.0347	 1.0447	   1.5052	        1.5052	          0.0000	   1.6315	9.785e-03	   0.032	     7.872
  12	 3	 4.0538	 1.0634	   1.5055	        1.5052	          0.0003	   1.6693	1.739e-02	   0.033	     8.588
  13	 4	 4.0374	 1.0342	   1.5051	        1.5052	          0.0001	   1.5954	5.280e-03	   0.037	     9.293
  14	 4	 4.0544	 1.0134	   1.5051	        1.5052	          0.0001	   1.6063	4.256e-03	   0.036	    10.031
  15	 4	 4.0354	 1.0268	   1.5051	        1.5052	          0.0001	   1.6378	2.054e-03	   0.035	    10.748
  16	 4	 4.0376	 1.0472	   1.5052	        1.5052	          0.0000	   1.6595	1.086e-02	   0.033	    11.459
  17	 5	 4.0378	 1.0335	   1.5051	        1.5052	          0.0001	   1.6137	4.970e-03	   0.031	    12.168
  18	 5	 4.0549	 1.0594	   1.5054	        1.5052	          0.0002	   1.6817	1.580e-02	   0.031	    12.880
  19	 5	 4.0418	 1.0249	   1.5051	        1.5052	          0.0001	   1.5533	1.226e-03	   0.031	    13.592
  20	 5	 4.0274	 1.0357	   1.5051	        1.5052	          0.0001	   1.6470	5.962e-03	   0.032	    14.297
  21	 6	 4.0257	 1.0332	   1.5051	        1.5052	          0.0001	   1.6204	4.870e-03	   0.027	    15.012
  22	 6	 4.0307	 1.0222	   1.5051	        1.5052	          0.0001	   1.5990	4.669e-04	   0.035	    15.730
  23	 6	 4.0128	 1.0421	   1.5052	        1.5052	          0.0000	   1.6725	8.711e-03	   0.037	    16.445
  24	 6	 4.0023	 1.0389	   1.5051	        1.5052	          0.0001	   1.6233	7.323e-03	   0.036	    17.214
  25	 7	 3.9965	 1.0220	   1.5051	        1.5052	          0.0001	   1.5756	4.664e-04	   0.037	    17.973
  26	 7	 3.9988	 1.0266	   1.5051	        1.5052	          0.0001	   1.6425	1.915e-03	   0.034	    18.711
  27	 7	 3.9999	 1.0208	   1.5051	        1.5052	          0.0001	   1.6102	8.651e-04	   0.038	    19.436
  28	 7	 3.9941	 1.0330	   1.5051	        1.5052	          0.0001	   1.6562	4.762e-03	   0.032	    20.192
  29	 8	 3.9843	 1.0278	   1.5051	        1.5052	          0.0001	   1.6058	2.471e-03	   0.031	    20.926
  30	 8	 3.9943	 1.0401	   1.5051	        1.5052	          0.0001	   1.6738	7.857e-03	   0.032	    21.652
  31	 8	 3.9799	 1.0350	   1.5051	        1.5052	          0.0001	   1.6093	5.651e-03	   0.030	    22.362
  32	 8	 3.9752	 1.0352	   1.5051	        1.5052	          0.0001	   1.6267	5.713e-03	   0.032	    23.077
  33	 9	 3.9687	 1.0420	   1.5051	        1.5052	          0.0000	   1.6447	8.638e-03	   0.036	    23.794
  34	 9	 3.9681	 1.0383	   1.5051	        1.5052	          0.0001	   1.6191	7.068e-03	   0.035	    24.492
  35	 9	 3.9661	 1.0417	   1.5051	        1.5052	          0.0000	   1.6479	8.517e-03	   0.033	    25.208
  36	 9	 3.9632	 1.0225	   1.5051	        1.5052	          0.0001	   1.5514	3.895e-04	   0.036	    25.927
  37	10	 3.9625	 1.0443	   1.5052	        1.5052	          0.0000	   1.7162	9.615e-03	   0.036	    26.639
  38	10	 3.9619	 1.0346	   1.5051	        1.5052	          0.0001	   1.5916	5.450e-03	   0.033	    27.372
  39	10	 3.9552	 1.0304	   1.5051	        1.5052	          0.0001	   1.6018	3.586e-03	   0.032	    28.136
  40	10	 3.9587	 1.0197	   1.5051	        1.5052	          0.0001	   1.5818	1.326e-03	   0.031	    28.877
  41	11	 3.9539	 1.0390	   1.5051	        1.5052	          0.0001	   1.7065	7.347e-03	   0.036	    29.579
  42	11	 3.9523	 1.0327	   1.5051	        1.5052	          0.0001	   1.6064	4.635e-03	   0.030	    30.291
  43	11	 3.9509	 1.0264	   1.5050	        1.5052	          0.0001	   1.5911	1.831e-03	   0.031	    31.028
  44	11	 3.9489	 1.0225	   1.5050	        1.5052	          0.0001	   1.6050	3.741e-04	   0.031	    31.740
  45	12	 3.9388	 1.0276	   1.5050	        1.5052	          0.0001	   1.6433	2.352e-03	   0.033	    32.455
  46	12	 3.9446	 1.0174	   1.5050	        1.5052	          0.0001	   1.5789	2.374e-03	   0.037	    33.213
  47	12	 3.9368	 1.0116	   1.5051	        1.5052	          0.0001	   1.5883	5.114e-03	   0.036	    33.955
  48	12	 3.9489	 1.0193	   1.5050	        1.5052	          0.0001	   1.6651	1.497e-03	   0.036	    34.659
  49	13	 3.9480	 1.0346	   1.5051	        1.5052	          0.0001	   1.7052	5.430e-03	   0.033	    35.372
  50	13	 3.9428	 1.0216	   1.5050	        1.5052	          0.0001	   1.5528	5.246e-04	   0.035	    36.086
  51	13	 3.9360	 1.0214	   1.5050	        1.5052	          0.0001	   1.6115	5.985e-04	   0.034	    36.799
  52	13	 3.9413	 1.0228	   1.5050	        1.5052	          0.0001	   1.6445	3.920e-04	   0.029	    37.530
  53	14	 3.9432	 1.0174	   1.5050	        1.5052	          0.0001	   1.5911	2.399e-03	   0.032	    38.314
  54	14	 3.9434	 1.0197	   1.5050	        1.5052	          0.0001	   1.6409	1.339e-03	   0.036	    39.082
  55	14	 3.9438	 1.0183	   1.5050	        1.5052	          0.0001	   1.6161	1.970e-03	   0.038	    39.820
  56	14	 3.9376	 1.0236	   1.5050	        1.5052	          0.0001	   1.6491	6.203e-04	   0.035	    40.567
  57	15	 3.9353	 1.0346	   1.5051	        1.5052	          0.0001	   1.6960	5.461e-03	   0.034	    41.312
  58	15	 3.9348	 1.0304	   1.5051	        1.5052	          0.0001	   1.6005	3.585e-03	   0.035	    42.039
  59	15	 3.9308	 1.0249	   1.5050	        1.5052	          0.0001	   1.5818	1.156e-03	   0.033	    42.750
  60	15	 3.9294	 1.0287	   1.5050	        1.5052	          0.0001	   1.6516	2.839e-03	   0.033	    43.467
  61	16	 3.9342	 1.0339	   1.5051	        1.5052	          0.0001	   1.6702	5.142e-03	   0.032	    44.182
  62	16	 3.9288	 1.0337	   1.5051	        1.5052	          0.0001	   1.6165	5.050e-03	   0.033	    44.887
  63	16	 3.9252	 1.0330	   1.5051	        1.5052	          0.0001	   1.6171	4.726e-03	   0.033	    45.602
  64	16	 3.9225	 1.0272	   1.5050	        1.5052	          0.0001	   1.5841	2.155e-03	   0.036	    46.314
  65	17	 3.9161	 1.0211	   1.5050	        1.5052	          0.0002	   1.5737	6.982e-04	   0.030	    47.022
  66	17	 3.9200	 1.0279	   1.5050	        1.5052	          0.0001	   1.6810	2.479e-03	   0.027	    47.748
  67	17	 3.9170	 1.0202	   1.5050	        1.5052	          0.0001	   1.5660	1.091e-03	   0.031	    48.512
  68	17	 3.9182	 1.0222	   1.5050	        1.5052	          0.0002	   1.6355	3.655e-04	   0.034	    49.265
  69	18	 3.9191	 1.0213	   1.5050	        1.5052	          0.0001	   1.6226	6.466e-04	   0.035	    49.970
  70	18	 3.9200	 1.0235	   1.5050	        1.5052	          0.0001	   1.6455	5.944e-04	   0.034	    50.687
  71	18	 3.9164	 1.0194	   1.5050	        1.5052	          0.0001	   1.5788	1.460e-03	   0.037	    51.421
  72	18	 3.9165	 1.0182	   1.5050	        1.5052	          0.0001	   1.6092	2.029e-03	   0.035	    52.129
  73	19	 3.9133	 1.0163	   1.5050	        1.5052	          0.0001	   1.6026	2.865e-03	   0.031	    52.838
  74	19	 3.9167	 1.0155	   1.5050	        1.5052	          0.0001	   1.6237	3.257e-03	   0.031	    53.553
  75	19	 3.9164	 1.0183	   1.5050	        1.5052	          0.0001	   1.6403	1.972e-03	   0.030	    54.273
  76	19	 3.9161	 1.0210	   1.5050	        1.5052	          0.0002	   1.6502	7.513e-04	   0.033	    54.974
  77	20	 3.9176	 1.0190	   1.5050	        1.5052	          0.0001	   1.6100	1.636e-03	   0.031	    55.691
  78	20	 3.9156	 1.0240	   1.5050	        1.5052	          0.0002	   1.6698	7.712e-04	   0.035	    56.407
  79	20	 3.9160	 1.0275	   1.5050	        1.5052	          0.0001	   1.6578	2.310e-03	   0.034	    57.115
  80	20	 3.9153	 1.0228	   1.5050	        1.5052	          0.0002	   1.5792	3.655e-04	   0.031	    57.838
  81	21	 3.9200	 1.0245	   1.5050	        1.5052	          0.0001	   1.6486	1.005e-03	   0.034	    58.620
  82	21	 3.9186	 1.0281	   1.5050	        1.5052	          0.0001	   1.6517	2.595e-03	   0.039	    59.382
  83	21	 3.9159	 1.0251	   1.5050	        1.5052	          0.0001	   1.5887	1.251e-03	   0.036	    60.132
  84	21	 3.9136	 1.0228	   1.5050	        1.5052	          0.0002	   1.6028	3.588e-04	   0.035	    60.855
  85	22	 3.9143	 1.0223	   1.5050	        1.5052	          0.0002	   1.6207	3.512e-04	   0.034	    61.598
  86	22	 3.9157	 1.0222	   1.5050	        1.5052	          0.0002	   1.6251	3.602e-04	   0.035	    62.326
  87	22	 3.9159	 1.0252	   1.5050	        1.5052	          0.0001	   1.6494	1.309e-03	   0.031	    63.034
  88	22	 3.9107	 1.0248	   1.5050	        1.5052	          0.0002	   1.6165	1.116e-03	   0.030	    63.744
  89	23	 3.9074	 1.0251	   1.5050	        1.5052	          0.0002	   1.6259	1.222e-03	   0.029	    64.460
  90	23	 3.9090	 1.0257	   1.5050	        1.5052	          0.0002	   1.6266	1.516e-03	   0.029	    65.165
  91	23	 3.9105	 1.0287	   1.5050	        1.5052	          0.0001	   1.6645	2.827e-03	   0.033	    65.885
  92	23	 3.9087	 1.0255	   1.5050	        1.5052	          0.0002	   1.5921	1.429e-03	   0.034	    66.600
  93	24	 3.9094	 1.0155	   1.5050	        1.5052	          0.0001	   1.5304	3.240e-03	   0.035	    67.313
  94	24	 3.9107	 1.0230	   1.5050	        1.5052	          0.0002	   1.6980	4.132e-04	   0.034	    68.028
  95	24	 3.9084	 1.0297	   1.5050	        1.5052	          0.0001	   1.6881	3.294e-03	   0.035	    68.791
  96	24	 3.9041	 1.0269	   1.5050	        1.5052	          0.0002	   1.5857	2.039e-03	   0.033	    69.546
  97	25	 3.9038	 1.0263	   1.5050	        1.5052	          0.0002	   1.6190	1.765e-03	   0.034	    70.252
  98	25	 3.9020	 1.0302	   1.5050	        1.5052	          0.0001	   1.6700	3.506e-03	   0.030	    70.968
  99	25	 3.9034	 1.0283	   1.5050	        1.5052	          0.0001	   1.6108	2.674e-03	   0.036	    71.715
 100	25	 3.9026	 1.0255	   1.5050	        1.5052	          0.0002	   1.5851	1.393e-03	   0.035	    72.475
 101	26	 3.9015	 1.0226	   1.5050	        1.5052	          0.0002	   1.5937	3.271e-04	   0.032	    73.211
 102	26	 3.8980	 1.0164	   1.5050	        1.5052	          0.0001	   1.5508	2.864e-03	   0.037	    73.962
 103	26	 3.8991	 1.0213	   1.5050	        1.5052	          0.0002	   1.6755	6.338e-04	   0.038	    74.718
 104	26	 3.8999	 1.0227	   1.5050	        1.5052	          0.0002	   1.6380	3.380e-04	   0.038	    75.461
 105	27	 3.8997	 1.0272	   1.5050	        1.5052	          0.0002	   1.6719	2.173e-03	   0.038	    76.249
 106	27	 3.8960	 1.0258	   1.5050	        1.5052	          0.0002	   1.6012	1.553e-03	   0.037	    77.011
 107	27	 3.8979	 1.0248	   1.5050	        1.5052	          0.0002	   1.6193	1.116e-03	   0.035	    77.764
 108	27	 3.8990	 1.0237	   1.5050	        1.5052	          0.0002	   1.6204	6.529e-04	   0.028	    78.499
 109	28	 3.8967	 1.0222	   1.5050	        1.5052	          0.0002	   1.5990	3.467e-04	   0.037	    79.300
 110	28	 3.8975	 1.0215	   1.5050	        1.5052	          0.0002	   1.6216	5.372e-04	   0.035	    80.091
 111	28	 3.8977	 1.0250	   1.5050	        1.5052	          0.0002	   1.6658	1.176e-03	   0.031	    80.822
 112	28	 3.8961	 1.0279	   1.5050	        1.5052	          0.0002	   1.6597	2.498e-03	   0.029	    81.538
 113	29	 3.8967	 1.0280	   1.5050	        1.5052	          0.0002	   1.6287	2.511e-03	   0.033	    82.284
 114	29	 3.8964	 1.0242	   1.5050	        1.5052	          0.0002	   1.5749	8.409e-04	   0.036	    83.023
 115	29	 3.8919	 1.0272	   1.5050	        1.5052	          0.0002	   1.6466	2.171e-03	   0.031	    83.733
 116	29	 3.8917	 1.0282	   1.5050	        1.5052	          0.0002	   1.6417	2.591e-03	   0.032	    84.449
 117	30	 3.8895	 1.0292	   1.5050	        1.5052	          0.0001	   1.6320	3.072e-03	   0.033	    85.162
 118	30	 3.8882	 1.0303	   1.5050	        1.5052	          0.0001	   1.6319	3.538e-03	   0.036	    85.864
 119	30	 3.8884	 1.0288	   1.5050	        1.5052	          0.0002	   1.6104	2.899e-03	   0.031	    86.580
 120	30	 3.8889	 1.0304	   1.5050	        1.5052	          0.0001	   1.6527	3.605e-03	   0.033	    87.295
 121	31	 3.8871	 1.0298	   1.5050	        1.5052	          0.0001	   1.6095	3.303e-03	   0.031	    88.007
 122	31	 3.8856	 1.0290	   1.5050	        1.5052	          0.0002	   1.6120	2.969e-03	   0.029	    88.716
 123	31	 3.8875	 1.0330	   1.5050	        1.5052	          0.0001	   1.6840	4.727e-03	   0.033	    89.480
 124	31	 3.8882	 1.0304	   1.5050	        1.5052	          0.0001	   1.5958	3.591e-03	   0.034	    90.248
 125	32	 3.8882	 1.0275	   1.5050	        1.5052	          0.0002	   1.5841	2.288e-03	   0.034	    90.949
 126	32	 3.8896	 1.0281	   1.5050	        1.5052	          0.0002	   1.6429	2.586e-03	   0.033	    91.662
 127	32	 3.8886	 1.0294	   1.5050	        1.5052	          0.0001	   1.6416	3.137e-03	   0.036	    92.385
 128	32	 3.8861	 1.0290	   1.5050	        1.5052	          0.0002	   1.6143	2.956e-03	   0.037	    93.116
 129	33	 3.8859	 1.0291	   1.5050	        1.5052	          0.0002	   1.6243	3.010e-03	   0.032	    93.825
 130	33	 3.8848	 1.0271	   1.5050	        1.5052	          0.0002	   1.5970	2.134e-03	   0.031	    94.538
 131	33	 3.8836	 1.0290	   1.5050	        1.5052	          0.0002	   1.6544	2.948e-03	   0.031	    95.254
 132	33	 3.8833	 1.0305	   1.5050	        1.5052	          0.0001	   1.6489	3.632e-03	   0.037	    95.962
 133	34	 3.8822	 1.0286	   1.5050	        1.5052	          0.0002	   1.5979	2.776e-03	   0.035	    96.673
 134	34	 3.8813	 1.0303	   1.5050	        1.5052	          0.0001	   1.6448	3.548e-03	   0.032	    97.383
 135	34	 3.8816	 1.0319	   1.5050	        1.5052	          0.0001	   1.6519	4.260e-03	   0.032	    98.095
 136	34	 3.8808	 1.0319	   1.5050	        1.5052	          0.0001	   1.6251	4.264e-03	   0.030	    98.809
 137	35	 3.8808	 1.0350	   1.5051	        1.5052	          0.0001	   1.6832	5.613e-03	   0.042	    99.604
 138	35	 3.8793	 1.0374	   1.5051	        1.5052	          0.0001	   1.6615	6.671e-03	   0.035	   100.395
 139	35	 3.8790	 1.0344	   1.5051	        1.5052	          0.0001	   1.5774	5.340e-03	   0.036	   101.116
 140	35	 3.8799	 1.0315	   1.5050	        1.5052	          0.0001	   1.5861	4.079e-03	   0.033	   101.828
 141	36	 3.8805	 1.0323	   1.5050	        1.5052	          0.0001	   1.6399	4.417e-03	   0.034	   102.566
 142	36	 3.8811	 1.0306	   1.5050	        1.5052	          0.0001	   1.6074	3.687e-03	   0.037	   103.299
 143	36	 3.8792	 1.0340	   1.5051	        1.5052	          0.0001	   1.6755	5.162e-03	   0.030	   104.017
 144	36	 3.8796	 1.0309	   1.5050	        1.5052	          0.0001	   1.5809	3.828e-03	   0.030	   104.734
 145	37	 3.8778	 1.0316	   1.5050	        1.5052	          0.0001	   1.6247	4.105e-03	   0.030	   105.449
 146	37	 3.8769	 1.0305	   1.5050	        1.5052	          0.0001	   1.6062	3.626e-03	   0.036	   106.156
 147	37	 3.8784	 1.0296	   1.5050	        1.5052	          0.0002	   1.6211	3.221e-03	   0.035	   106.872
 148	37	 3.8777	 1.0331	   1.5050	        1.5052	          0.0001	   1.6873	4.796e-03	   0.033	   107.581
 149	38	 3.8766	 1.0326	   1.5050	        1.5052	          0.0001	   1.6181	4.570e-03	   0.035	   108.290
 150	38	 3.8750	 1.0360	   1.5051	        1.5052	          0.0001	   1.6801	6.048e-03	   0.034	   109.003
 151	38	 3.8719	 1.0360	   1.5051	        1.5052	          0.0001	   1.6151	6.055e-03	   0.038	   109.752
 152	38	 3.8749	 1.0344	   1.5051	        1.5052	          0.0001	   1.6138	5.364e-03	   0.042	   110.529
 153	39	 3.8737	 1.0339	   1.5050	        1.5052	          0.0001	   1.6090	5.106e-03	   0.034	   111.238
 154	39	 3.8737	 1.0325	   1.5050	        1.5052	          0.0001	   1.6029	4.508e-03	   0.035	   111.989
 155	39	 3.8750	 1.0328	   1.5050	        1.5052	          0.0001	   1.6382	4.642e-03	   0.034	   112.739
 156	39	 3.8751	 1.0342	   1.5051	        1.5052	          0.0001	   1.6589	5.272e-03	   0.036	   113.471
 157	40	 3.8761	 1.0361	   1.5051	        1.5052	          0.0001	   1.6712	6.069e-03	   0.028	   114.177
 158	40	 3.8757	 1.0351	   1.5051	        1.5052	          0.0001	   1.6071	5.654e-03	   0.030	   114.892
 159	40	 3.8756	 1.0349	   1.5051	        1.5052	          0.0001	   1.6245	5.547e-03	   0.030	   115.608
 160	40	 3.8747	 1.0356	   1.5051	        1.5052	          0.0001	   1.6369	5.860e-03	   0.036	   116.316
 161	41	 3.8737	 1.0352	   1.5051	        1.5052	          0.0001	   1.6189	5.683e-03	   0.030	   117.032
 162	41	 3.8745	 1.0365	   1.5051	        1.5052	          0.0001	   1.6549	6.242e-03	   0.037	   117.750
 163	41	 3.8756	 1.0373	   1.5051	        1.5052	          0.0001	   1.6466	6.606e-03	   0.037	   118.462
 164	41	 3.8739	 1.0337	   1.5050	        1.5052	          0.0001	   1.5567	5.022e-03	   0.029	   119.202
 165	42	 3.8732	 1.0335	   1.5050	        1.5052	          0.0001	   1.6172	4.950e-03	   0.037	   119.970
 166	42	 3.8735	 1.0334	   1.5050	        1.5052	          0.0001	   1.6337	4.900e-03	   0.035	   120.771
 167	42	 3.8740	 1.0358	   1.5051	        1.5052	          0.0001	   1.6749	5.944e-03	   0.032	   121.502
 168	42	 3.8726	 1.0346	   1.5051	        1.5052	          0.0001	   1.6024	5.449e-03	   0.028	   122.218
 169	43	 3.8733	 1.0347	   1.5051	        1.5052	          0.0001	   1.6356	5.469e-03	   0.035	   122.954
 170	43	 3.8726	 1.0329	   1.5050	        1.5052	          0.0001	   1.5889	4.691e-03	   0.035	   123.687
 171	43	 3.8736	 1.0324	   1.5050	        1.5052	          0.0001	   1.6237	4.464e-03	   0.030	   124.408
 172	43	 3.8735	 1.0319	   1.5050	        1.5052	          0.0001	   1.6207	4.255e-03	   0.035	   125.121
 173	44	 3.8725	 1.0317	   1.5050	        1.5052	          0.0001	   1.6197	4.173e-03	   0.034	   125.836
 174	44	 3.8747	 1.0313	   1.5050	        1.5052	          0.0001	   1.6289	3.978e-03	   0.037	   126.542
 175	44	 3.8747	 1.0328	   1.5050	        1.5052	          0.0001	   1.6575	4.653e-03	   0.032	   127.259
 176	44	 3.8746	 1.0300	   1.5050	        1.5052	          0.0002	   1.5717	3.393e-03	   0.035	   127.974
 177	45	 3.8753	 1.0321	   1.5050	        1.5052	          0.0001	   1.6816	4.356e-03	   0.028	   128.684
 178	45	 3.8766	 1.0335	   1.5050	        1.5052	          0.0001	   1.6589	4.964e-03	   0.031	   129.393
 179	45	 3.8765	 1.0291	   1.5050	        1.5052	          0.0002	   1.5337	3.027e-03	   0.037	   130.129
 180	45	 3.8742	 1.0296	   1.5050	        1.5052	          0.0002	   1.6247	3.246e-03	   0.032	   130.894
 181	46	 3.8749	 1.0282	   1.5050	        1.5052	          0.0002	   1.6011	2.594e-03	   0.032	   131.623
 182	46	 3.8747	 1.0304	   1.5050	        1.5052	          0.0001	   1.6769	3.600e-03	   0.029	   132.340
 183	46	 3.8751	 1.0272	   1.5050	        1.5052	          0.0002	   1.5577	2.153e-03	   0.037	   133.057
 184	46	 3.8742	 1.0286	   1.5050	        1.5052	          0.0002	   1.6536	2.793e-03	   0.033	   133.790
 185	47	 3.8744	 1.0269	   1.5050	        1.5052	          0.0002	   1.5852	2.016e-03	   0.036	   134.505
 186	47	 3.8742	 1.0302	   1.5050	        1.5052	          0.0002	   1.6904	3.480e-03	   0.033	   135.211
 187	47	 3.8734	 1.0311	   1.5050	        1.5052	          0.0001	   1.6489	3.880e-03	   0.033	   135.925
 188	47	 3.8736	 1.0284	   1.5050	        1.5052	          0.0002	   1.5746	2.673e-03	   0.037	   136.631
 189	48	 3.8726	 1.0266	   1.5050	        1.5052	          0.0002	   1.5782	1.874e-03	   0.036	   137.349
 190	48	 3.8750	 1.0261	   1.5050	        1.5052	          0.0002	   1.6295	1.677e-03	   0.031	   138.061
 191	48	 3.8735	 1.0259	   1.5050	        1.5052	          0.0002	   1.6118	1.598e-03	   0.032	   138.776
 192	48	 3.8731	 1.0276	   1.5050	        1.5052	          0.0002	   1.6651	2.326e-03	   0.036	   139.527
 193	49	 3.8722	 1.0288	   1.5050	        1.5052	          0.0002	   1.6501	2.886e-03	   0.033	   140.257
 194	49	 3.8720	 1.0285	   1.5050	        1.5052	          0.0002	   1.6093	2.737e-03	   0.034	   141.041
 195	49	 3.8712	 1.0276	   1.5050	        1.5052	          0.0002	   1.6071	2.342e-03	   0.036	   141.779
 196	49	 3.8716	 1.0280	   1.5050	        1.5052	          0.0002	   1.6358	2.515e-03	   0.031	   142.498
 197	50	 3.8725	 1.0272	   1.5050	        1.5052	          0.0002	   1.6056	2.155e-03	   0.035	   143.230
 198	50	 3.8749	 1.0275	   1.5050	        1.5052	          0.0002	   1.6445	2.300e-03	   0.038	   143.970
 199	50	 3.8727	 1.0270	   1.5050	        1.5052	          0.0002	   1.6055	2.083e-03	   0.032	   144.693
 200	50	 3.8724	 1.0259	   1.5050	        1.5052	          0.0002	   1.6015	1.586e-03	   0.026	   145.405
 201	51	 3.8732	 1.0265	   1.5050	        1.5052	          0.0002	   1.6483	1.850e-03	   0.033	   146.121
 202	51	 3.8721	 1.0280	   1.5050	        1.5052	          0.0002	   1.6530	2.523e-03	   0.037	   146.824
 203	51	 3.8725	 1.0285	   1.5050	        1.5052	          0.0002	   1.6382	2.757e-03	   0.030	   147.537
 204	51	 3.8721	 1.0265	   1.5050	        1.5052	          0.0002	   1.5747	1.836e-03	   0.031	   148.251
 205	52	 3.8711	 1.0284	   1.5050	        1.5052	          0.0002	   1.6557	2.683e-03	   0.029	   148.961
 206	52	 3.8705	 1.0262	   1.5050	        1.5052	          0.0002	   1.5795	1.692e-03	   0.031	   149.674
 207	52	 3.8699	 1.0263	   1.5050	        1.5052	          0.0002	   1.6266	1.753e-03	   0.035	   150.440
 208	52	 3.8709	 1.0260	   1.5050	        1.5052	          0.0002	   1.6241	1.635e-03	   0.038	   151.245
 209	53	 3.8715	 1.0227	   1.5050	        1.5052	          0.0002	   1.5476	3.019e-04	   0.040	   152.041
 210	53	 3.8708	 1.0236	   1.5050	        1.5052	          0.0002	   1.6421	6.000e-04	   0.037	   152.808
 211	53	 3.8708	 1.0264	   1.5050	        1.5052	          0.0002	   1.6880	1.780e-03	   0.040	   153.580
 212	53	 3.8698	 1.0267	   1.5050	        1.5052	          0.0002	   1.6335	1.937e-03	   0.039	   154.380
 213	54	 3.8692	 1.0285	   1.5050	        1.5052	          0.0002	   1.6620	2.748e-03	   0.034	   155.155
 214	54	 3.8697	 1.0299	   1.5050	        1.5052	          0.0002	   1.6636	3.347e-03	   0.030	   155.898
 215	54	 3.8691	 1.0287	   1.5050	        1.5052	          0.0002	   1.5920	2.807e-03	   0.032	   156.638
 216	54	 3.8691	 1.0268	   1.5050	        1.5052	          0.0002	   1.5857	1.967e-03	   0.038	   157.358
 217	55	 3.8681	 1.0269	   1.5050	        1.5052	          0.0002	   1.6204	2.011e-03	   0.034	   158.072
 218	55	 3.8699	 1.0267	   1.5050	        1.5052	          0.0002	   1.6311	1.931e-03	   0.036	   158.804
 219	55	 3.8696	 1.0272	   1.5050	        1.5052	          0.0002	   1.6340	2.178e-03	   0.035	   159.546
 220	55	 3.8691	 1.0260	   1.5050	        1.5052	          0.0002	   1.5974	1.622e-03	   0.033	   160.274
 221	56	 3.8682	 1.0257	   1.5050	        1.5052	          0.0002	   1.6146	1.491e-03	   0.034	   161.008
 222	56	 3.8681	 1.0258	   1.5050	        1.5052	          0.0002	   1.6289	1.521e-03	   0.036	   161.792
 223	56	 3.8678	 1.0254	   1.5050	        1.5052	          0.0002	   1.6112	1.336e-03	   0.032	   162.532
 224	56	 3.8680	 1.0266	   1.5050	        1.5052	          0.0002	   1.6568	1.872e-03	   0.036	   163.260
 225	57	 3.8656	 1.0296	   1.5050	        1.5052	          0.0002	   1.6956	3.231e-03	   0.036	   163.978
 226	57	 3.8656	 1.0320	   1.5050	        1.5052	          0.0001	   1.6882	4.308e-03	   0.037	   164.719
 227	57	 3.8671	 1.0295	   1.5050	        1.5052	          0.0002	   1.5702	3.190e-03	   0.028	   165.443
 228	57	 3.8662	 1.0276	   1.5050	        1.5052	          0.0002	   1.5661	2.325e-03	   0.025	   166.155
 229	58	 3.8651	 1.0265	   1.5050	        1.5052	          0.0002	   1.6000	1.862e-03	   0.031	   166.875
 230	58	 3.8658	 1.0246	   1.5050	        1.5052	          0.0002	   1.5765	1.022e-03	   0.032	   167.581
 231	58	 3.8648	 1.0265	   1.5050	        1.5052	          0.0002	   1.6665	1.845e-03	   0.033	   168.299
 232	58	 3.8655	 1.0266	   1.5050	        1.5052	          0.0002	   1.6351	1.903e-03	   0.035	   169.012
 233	59	 3.8653	 1.0273	   1.5050	        1.5052	          0.0002	   1.6381	2.186e-03	   0.035	   169.717
 234	59	 3.8648	 1.0276	   1.5050	        1.5052	          0.0002	   1.6344	2.351e-03	   0.033	   170.428
 235	59	 3.8647	 1.0259	   1.5050	        1.5052	          0.0002	   1.5772	1.584e-03	   0.034	   171.150
 236	59	 3.8641	 1.0275	   1.5050	        1.5052	          0.0002	   1.6676	2.274e-03	   0.033	   171.920
 237	60	 3.8641	 1.0290	   1.5050	        1.5052	          0.0002	   1.6577	2.939e-03	   0.031	   172.662
 238	60	 3.8641	 1.0299	   1.5050	        1.5052	          0.0002	   1.6517	3.347e-03	   0.033	   173.380
 239	60	 3.8630	 1.0278	   1.5050	        1.5052	          0.0002	   1.5660	2.446e-03	   0.034	   174.094
 240	60	 3.8638	 1.0287	   1.5050	        1.5052	          0.0002	   1.6603	2.830e-03	   0.031	   174.820
 241	61	 3.8628	 1.0280	   1.5050	        1.5052	          0.0002	   1.5973	2.527e-03	   0.032	   175.535
 242	61	 3.8650	 1.0282	   1.5050	        1.5052	          0.0002	   1.6453	2.592e-03	   0.034	   176.249
 243	61	 3.8647	 1.0282	   1.5050	        1.5052	          0.0002	   1.6250	2.586e-03	   0.035	   176.965
 244	61	 3.8635	 1.0282	   1.5050	        1.5052	          0.0002	   1.6231	2.600e-03	   0.040	   177.676
 245	62	 3.8631	 1.0284	   1.5050	        1.5052	          0.0002	   1.6296	2.705e-03	   0.034	   178.389
 246	62	 3.8634	 1.0284	   1.5050	        1.5052	          0.0002	   1.6164	2.678e-03	   0.033	   179.126
 247	62	 3.8636	 1.0291	   1.5050	        1.5052	          0.0002	   1.6543	3.009e-03	   0.035	   179.851
 248	62	 3.8626	 1.0273	   1.5050	        1.5052	          0.0002	   1.5756	2.191e-03	   0.033	   180.559
 249	63	 3.8622	 1.0273	   1.5050	        1.5052	          0.0002	   1.6272	2.193e-03	   0.032	   181.281
 250	63	 3.8620	 1.0273	   1.5050	        1.5052	          0.0002	   1.6196	2.202e-03	   0.033	   182.058
 251	63	 3.8622	 1.0265	   1.5050	        1.5052	          0.0002	   1.6096	1.828e-03	   0.031	   182.807
 252	63	 3.8624	 1.0273	   1.5050	        1.5052	          0.0002	   1.6489	2.221e-03	   0.033	   183.540
 253	64	 3.8606	 1.0267	   1.5050	        1.5052	          0.0002	   1.5944	1.919e-03	   0.033	   184.255
 254	64	 3.8606	 1.0273	   1.5050	        1.5052	          0.0002	   1.6448	2.218e-03	   0.042	   185.005
 255	64	 3.8618	 1.0282	   1.5050	        1.5052	          0.0002	   1.6563	2.585e-03	   0.032	   185.729
 256	64	 3.8601	 1.0274	   1.5050	        1.5052	          0.0002	   1.5980	2.267e-03	   0.033	   186.440
 257	65	 3.8597	 1.0265	   1.5050	        1.5052	          0.0002	   1.5926	1.828e-03	   0.035	   187.159
 258	65	 3.8581	 1.0273	   1.5050	        1.5052	          0.0002	   1.6341	2.182e-03	   0.038	   187.866
 259	65	 3.8588	 1.0252	   1.5050	        1.5052	          0.0002	   1.5702	1.248e-03	   0.030	   188.580
 260	65	 3.8590	 1.0265	   1.5050	        1.5052	          0.0002	   1.6722	1.847e-03	   0.030	   189.293
 261	66	 3.8597	 1.0275	   1.5050	        1.5052	          0.0002	   1.6601	2.305e-03	   0.034	   190.027
 262	66	 3.8597	 1.0276	   1.5050	        1.5052	          0.0002	   1.6322	2.337e-03	   0.034	   190.777
 263	66	 3.8600	 1.0262	   1.5050	        1.5052	          0.0002	   1.5874	1.725e-03	   0.030	   191.499
 264	66	 3.8595	 1.0249	   1.5050	        1.5052	          0.0002	   1.5828	1.147e-03	   0.034	   192.261
 265	67	 3.8583	 1.0259	   1.5050	        1.5052	          0.0002	   1.6360	1.581e-03	   0.035	   193.017
 266	67	 3.8595	 1.0266	   1.5050	        1.5052	          0.0002	   1.6531	1.870e-03	   0.036	   193.735
 267	67	 3.8600	 1.0245	   1.5050	        1.5052	          0.0002	   1.5744	9.434e-04	   0.036	   194.453
 268	67	 3.8596	 1.0252	   1.5050	        1.5052	          0.0002	   1.6435	1.256e-03	   0.037	   195.173
 269	68	 3.8597	 1.0243	   1.5050	        1.5052	          0.0002	   1.5912	8.484e-04	   0.030	   195.897
 270	68	 3.8601	 1.0237	   1.5050	        1.5052	          0.0002	   1.6115	6.037e-04	   0.035	   196.611
 271	68	 3.8584	 1.0240	   1.5050	        1.5052	          0.0002	   1.6271	7.414e-04	   0.035	   197.323
 272	68	 3.8591	 1.0247	   1.5050	        1.5052	          0.0002	   1.6502	1.031e-03	   0.035	   198.027
 273	69	 3.8585	 1.0235	   1.5050	        1.5052	          0.0002	   1.5882	5.541e-04	   0.030	   198.779
 274	69	 3.8575	 1.0226	   1.5050	        1.5052	          0.0002	   1.5900	2.782e-04	   0.031	   199.514
 275	69	 3.8585	 1.0230	   1.5050	        1.5052	          0.0002	   1.6426	3.532e-04	   0.033	   200.227
 276	69	 3.8581	 1.0243	   1.5050	        1.5052	          0.0002	   1.6572	8.693e-04	   0.027	   200.903
 277	70	 3.8579	 1.0228	   1.5050	        1.5052	          0.0002	   1.5700	2.984e-04	   0.034	   201.586
 278	70	 3.8583	 1.0222	   1.5050	        1.5052	          0.0002	   1.6169	3.018e-04	   0.039	   202.315
 279	70	 3.8579	 1.0226	   1.5050	        1.5052	          0.0002	   1.6305	2.804e-04	   0.033	   203.063
 280	70	 3.8585	 1.0238	   1.5050	        1.5052	          0.0002	   1.6621	6.523e-04	   0.025	   203.734
 281	71	 3.8587	 1.0229	   1.5050	        1.5052	          0.0002	   1.5905	3.286e-04	   0.028	   204.379
 282	71	 3.8574	 1.0240	   1.5050	        1.5052	          0.0002	   1.6549	7.416e-04	   0.030	   204.952
 283	71	 3.8572	 1.0238	   1.5050	        1.5052	          0.0002	   1.6176	6.413e-04	   0.036	   205.553
 284	71	 3.8579	 1.0233	   1.5050	        1.5052	          0.0002	   1.6154	4.646e-04	   0.036	   206.140
 285	72	 3.8583	 1.0218	   1.5050	        1.5052	          0.0002	   1.5766	4.180e-04	   0.034	   206.714
 286	72	 3.8580	 1.0223	   1.5050	        1.5052	          0.0002	   1.6348	2.860e-04	   0.032	   207.291
 287	72	 3.8592	 1.0219	   1.5050	        1.5052	          0.0002	   1.6201	3.942e-04	   0.035	   207.862
 288	72	 3.8581	 1.0222	   1.5050	        1.5052	          0.0002	   1.6252	3.043e-04	   0.030	   208.444
 289	73	 3.8578	 1.0230	   1.5050	        1.5052	          0.0002	   1.6466	3.581e-04	   0.030	   209.010
 290	73	 3.8579	 1.0227	   1.5050	        1.5052	          0.0002	   1.6206	2.952e-04	   0.033	   209.590
 291	73	 3.8584	 1.0222	   1.5050	        1.5052	          0.0002	   1.6126	3.005e-04	   0.034	   210.161
 292	73	 3.8584	 1.0232	   1.5050	        1.5052	          0.0002	   1.6500	4.183e-04	   0.036	   210.784
 293	74	 3.8573	 1.0243	   1.5050	        1.5052	          0.0002	   1.6498	8.827e-04	   0.034	   211.400
 294	74	 3.8576	 1.0235	   1.5050	        1.5052	          0.0002	   1.6002	5.481e-04	   0.035	   211.985
 295	74	 3.8573	 1.0241	   1.5050	        1.5052	          0.0002	   1.6457	7.824e-04	   0.035	   212.565
 296	74	 3.8572	 1.0236	   1.5050	        1.5052	          0.0002	   1.6049	5.714e-04	   0.030	   213.134
 297	75	 3.8574	 1.0228	   1.5050	        1.5052	          0.0002	   1.5994	3.002e-04	   0.032	   213.737
 298	75	 3.8576	 1.0231	   1.5050	        1.5052	          0.0002	   1.6332	3.970e-04	   0.033	   214.308
 299	75	 3.8579	 1.0236	   1.5050	        1.5052	          0.0002	   1.6426	5.803e-04	   0.031	   214.882
 300	75	 3.8570	 1.0244	   1.5050	        1.5052	          0.0002	   1.6502	9.237e-04	   0.035	   215.463
 301	76	 3.8564	 1.0228	   1.5050	        1.5052	          0.0002	   1.5672	3.127e-04	   0.035	   216.069
 302	76	 3.8567	 1.0241	   1.5050	        1.5052	          0.0002	   1.6615	7.713e-04	   0.035	   216.650
 303	76	 3.8563	 1.0245	   1.5050	        1.5052	          0.0002	   1.6388	9.567e-04	   0.027	   217.214
 304	76	 3.8565	 1.0241	   1.5050	        1.5052	          0.0002	   1.6128	7.654e-04	   0.034	   217.800
 305	77	 3.8565	 1.0237	   1.5050	        1.5052	          0.0002	   1.6100	6.153e-04	   0.035	   218.377
 306	77	 3.8556	 1.0241	   1.5050	        1.5052	          0.0002	   1.6292	7.814e-04	   0.038	   219.008
 307	77	 3.8571	 1.0241	   1.5050	        1.5052	          0.0002	   1.6340	7.675e-04	   0.039	   219.651
 308	77	 3.8570	 1.0240	   1.5050	        1.5052	          0.0002	   1.6278	7.517e-04	   0.035	   220.228
 309	78	 3.8563	 1.0240	   1.5050	        1.5052	          0.0002	   1.6151	7.278e-04	   0.038	   220.811
 310	78	 3.8564	 1.0217	   1.5050	        1.5052	          0.0002	   1.5511	4.555e-04	   0.028	   221.387
 311	78	 3.8561	 1.0215	   1.5050	        1.5052	          0.0002	   1.6178	5.403e-04	   0.031	   221.995
 312	78	 3.8563	 1.0237	   1.5050	        1.5052	          0.0002	   1.6996	6.135e-04	   0.033	   222.583
 313	79	 3.8566	 1.0242	   1.5050	        1.5052	          0.0002	   1.6438	8.160e-04	   0.033	   223.158
 314	79	 3.8564	 1.0236	   1.5050	        1.5052	          0.0002	   1.6014	5.825e-04	   0.037	   223.764
 315	79	 3.8563	 1.0232	   1.5050	        1.5052	          0.0002	   1.6159	4.283e-04	   0.035	   224.406
 316	79	 3.8563	 1.0240	   1.5050	        1.5052	          0.0002	   1.6466	7.435e-04	   0.040	   225.052
 317	80	 3.8568	 1.0223	   1.5050	        1.5052	          0.0002	   1.5569	2.867e-04	   0.032	   225.669
 318	80	 3.8566	 1.0239	   1.5050	        1.5052	          0.0002	   1.6762	6.975e-04	   0.034	   226.272
 319	80	 3.8561	 1.0251	   1.5050	        1.5052	          0.0002	   1.6621	1.222e-03	   0.036	   226.880
 320	80	 3.8558	 1.0241	   1.5050	        1.5052	          0.0002	   1.5989	7.873e-04	   0.041	   227.523
 321	81	 3.8551	 1.0263	   1.5050	        1.5052	          0.0002	   1.6966	1.743e-03	   0.036	   228.199
 322	81	 3.8556	 1.0263	   1.5050	        1.5052	          0.0002	   1.6313	1.739e-03	   0.031	   228.805
 323	81	 3.8546	 1.0262	   1.5050	        1.5052	          0.0002	   1.6162	1.693e-03	   0.036	   229.389
 324	81	 3.8552	 1.0244	   1.5050	        1.5052	          0.0002	   1.5584	8.906e-04	   0.029	   229.950
 325	82	 3.8559	 1.0267	   1.5050	        1.5052	          0.0002	   1.7104	1.921e-03	   0.034	   230.553
 326	82	 3.8556	 1.0265	   1.5050	        1.5052	          0.0002	   1.6086	1.863e-03	   0.031	   231.125
 327	82	 3.8555	 1.0260	   1.5050	        1.5052	          0.0002	   1.6119	1.625e-03	   0.037	   231.719
 328	82	 3.8551	 1.0245	   1.5050	        1.5052	          0.0002	   1.5698	9.676e-04	   0.036	   232.330
 329	83	 3.8551	 1.0245	   1.5050	        1.5052	          0.0002	   1.6146	9.435e-04	   0.035	   232.924
 330	83	 3.8560	 1.0246	   1.5050	        1.5052	          0.0002	   1.6361	9.966e-04	   0.037	   233.506
 331	83	 3.8546	 1.0250	   1.5050	        1.5052	          0.0002	   1.6382	1.194e-03	   0.030	   234.070
 332	83	 3.8548	 1.0241	   1.5050	        1.5052	          0.0002	   1.5894	7.771e-04	   0.034	   234.650
 333	84	 3.8545	 1.0252	   1.5050	        1.5052	          0.0002	   1.6677	1.274e-03	   0.032	   235.220
 334	84	 3.8539	 1.0235	   1.5050	        1.5052	          0.0002	   1.5556	5.176e-04	   0.036	   235.850
 335	84	 3.8546	 1.0254	   1.5050	        1.5052	          0.0002	   1.7033	1.349e-03	   0.038	   236.491
 336	84	 3.8543	 1.0251	   1.5050	        1.5052	          0.0002	   1.6085	1.228e-03	   0.034	   237.081
 337	85	 3.8547	 1.0257	   1.5050	        1.5052	          0.0002	   1.6508	1.467e-03	   0.035	   237.661
 338	85	 3.8541	 1.0243	   1.5050	        1.5052	          0.0002	   1.5685	8.686e-04	   0.028	   238.234
 339	85	 3.8533	 1.0248	   1.5050	        1.5052	          0.0002	   1.6386	1.089e-03	   0.035	   238.846
 340	85	 3.8539	 1.0246	   1.5050	        1.5052	          0.0002	   1.6184	1.008e-03	   0.034	   239.433
 341	86	 3.8541	 1.0239	   1.5050	        1.5052	          0.0002	   1.6044	6.924e-04	   0.034	   240.009
 342	86	 3.8546	 1.0238	   1.5050	        1.5052	          0.0002	   1.6232	6.709e-04	   0.034	   240.591
 343	86	 3.8536	 1.0245	   1.5050	        1.5052	          0.0002	   1.6398	9.514e-04	   0.035	   241.162
 344	86	 3.8533	 1.0240	   1.5050	        1.5052	          0.0002	   1.5974	7.221e-04	   0.034	   241.741
 345	87	 3.8530	 1.0234	   1.5050	        1.5052	          0.0002	   1.6000	4.885e-04	   0.026	   242.305
 346	87	 3.8532	 1.0241	   1.5050	        1.5052	          0.0002	   1.6517	7.588e-04	   0.036	   242.890
 347	87	 3.8536	 1.0238	   1.5050	        1.5052	          0.0002	   1.6126	6.425e-04	   0.033	   243.458
 348	87	 3.8533	 1.0235	   1.5050	        1.5052	          0.0002	   1.6160	5.229e-04	   0.038	   244.043
 349	88	 3.8532	 1.0234	   1.5050	        1.5052	          0.0002	   1.6212	5.107e-04	   0.031	   244.689
 350	88	 3.8523	 1.0230	   1.5050	        1.5052	          0.0002	   1.6026	3.418e-04	   0.035	   245.286
 351	88	 3.8521	 1.0248	   1.5050	        1.5052	          0.0002	   1.6891	1.081e-03	   0.034	   245.865
 352	88	 3.8524	 1.0229	   1.5050	        1.5052	          0.0002	   1.5524	3.254e-04	   0.030	   246.430
 353	89	 3.8531	 1.0247	   1.5050	        1.5052	          0.0002	   1.7045	1.040e-03	   0.036	   247.029
 354	89	 3.8528	 1.0249	   1.5050	        1.5052	          0.0002	   1.6265	1.121e-03	   0.035	   247.606
 355	89	 3.8523	 1.0242	   1.5050	        1.5052	          0.0002	   1.5910	8.232e-04	   0.036	   248.196
 356	89	 3.8524	 1.0234	   1.5050	        1.5052	          0.0002	   1.5959	4.984e-04	   0.033	   248.795
 357	90	 3.8521	 1.0256	   1.5050	        1.5052	          0.0002	   1.7127	1.426e-03	   0.032	   249.369
 358	90	 3.8513	 1.0265	   1.5050	        1.5052	          0.0002	   1.6514	1.831e-03	   0.036	   249.953
 359	90	 3.8518	 1.0254	   1.5050	        1.5052	          0.0002	   1.5785	1.362e-03	   0.029	   250.514
 360	90	 3.8523	 1.0234	   1.5050	        1.5052	          0.0002	   1.5521	4.968e-04	   0.034	   251.094
 361	91	 3.8534	 1.0239	   1.5050	        1.5052	          0.0002	   1.6533	6.893e-04	   0.030	   251.666
 362	91	 3.8533	 1.0235	   1.5050	        1.5052	          0.0002	   1.5992	5.403e-04	   0.037	   252.283
 363	91	 3.8527	 1.0231	   1.5050	        1.5052	          0.0002	   1.6006	3.696e-04	   0.037	   252.918
 364	91	 3.8526	 1.0231	   1.5050	        1.5052	          0.0002	   1.6347	3.851e-04	   0.035	   253.523
 365	92	 3.8527	 1.0233	   1.5050	        1.5052	          0.0002	   1.6382	4.625e-04	   0.034	   254.107
 366	92	 3.8516	 1.0237	   1.5050	        1.5052	          0.0002	   1.6322	6.077e-04	   0.032	   254.673
 367	92	 3.8519	 1.0229	   1.5050	        1.5052	          0.0002	   1.5943	3.142e-04	   0.036	   255.288
 368	92	 3.8527	 1.0227	   1.5050	        1.5052	          0.0002	   1.6181	2.913e-04	   0.033	   255.892
 369	93	 3.8517	 1.0220	   1.5050	        1.5052	          0.0002	   1.5788	3.455e-04	   0.037	   256.512
 370	93	 3.8519	 1.0205	   1.5050	        1.5052	          0.0002	   1.5590	9.648e-04	   0.033	   257.102
 371	93	 3.8523	 1.0212	   1.5050	        1.5052	          0.0002	   1.6610	6.691e-04	   0.035	   257.673
 372	93	 3.8519	 1.0227	   1.5050	        1.5052	          0.0002	   1.6813	2.879e-04	   0.031	   258.253
 373	94	 3.8518	 1.0238	   1.5050	        1.5052	          0.0002	   1.6667	6.476e-04	   0.030	   258.823
 374	94	 3.8516	 1.0246	   1.5050	        1.5052	          0.0002	   1.6562	9.777e-04	   0.033	   259.403
 375	94	 3.8519	 1.0228	   1.5050	        1.5052	          0.0002	   1.5522	2.978e-04	   0.034	   259.975
 376	94	 3.8515	 1.0229	   1.5050	        1.5052	          0.0002	   1.6271	3.367e-04	   0.036	   260.552
 377	95	 3.8512	 1.0220	   1.5050	        1.5052	          0.0002	   1.5871	3.671e-04	   0.036	   261.202
 378	95	 3.8513	 1.0225	   1.5050	        1.5052	          0.0002	   1.6405	2.672e-04	   0.037	   261.797
 379	95	 3.8514	 1.0229	   1.5050	        1.5052	          0.0002	   1.6449	3.178e-04	   0.033	   262.378
 380	95	 3.8516	 1.0232	   1.5050	        1.5052	          0.0002	   1.6370	4.232e-04	   0.027	   262.946
 381	96	 3.8516	 1.0217	   1.5050	        1.5052	          0.0002	   1.5616	4.673e-04	   0.035	   263.537
 382	96	 3.8523	 1.0220	   1.5050	        1.5052	          0.0002	   1.6438	3.646e-04	   0.035	   264.155
 383	96	 3.8516	 1.0219	   1.5050	        1.5052	          0.0002	   1.6124	3.908e-04	   0.035	   264.753
 384	96	 3.8507	 1.0224	   1.5050	        1.5052	          0.0002	   1.6336	2.673e-04	   0.031	   265.346
 385	97	 3.8507	 1.0222	   1.5050	        1.5052	          0.0002	   1.6113	2.992e-04	   0.035	   265.918
 386	97	 3.8502	 1.0209	   1.5050	        1.5052	          0.0002	   1.5650	8.026e-04	   0.035	   266.498
 387	97	 3.8503	 1.0211	   1.5050	        1.5052	          0.0002	   1.6326	7.113e-04	   0.030	   267.062
 388	97	 3.8502	 1.0228	   1.5050	        1.5052	          0.0002	   1.6948	2.942e-04	   0.033	   267.647
 389	98	 3.8503	 1.0231	   1.5050	        1.5052	          0.0002	   1.6408	3.715e-04	   0.034	   268.218
 390	98	 3.8500	 1.0238	   1.5050	        1.5052	          0.0002	   1.6545	6.581e-04	   0.038	   268.820
 391	98	 3.8493	 1.0230	   1.5050	        1.5052	          0.0002	   1.5770	3.548e-04	   0.035	   269.452
 392	98	 3.8495	 1.0236	   1.5050	        1.5052	          0.0002	   1.6553	5.756e-04	   0.037	   270.078
 393	99	 3.8499	 1.0238	   1.5050	        1.5052	          0.0002	   1.6368	6.654e-04	   0.033	   270.653
 394	99	 3.8503	 1.0239	   1.5050	        1.5052	          0.0002	   1.6302	7.040e-04	   0.030	   271.217
 395	99	 3.8503	 1.0235	   1.5050	        1.5052	          0.0002	   1.6066	5.217e-04	   0.031	   271.826
 396	99	 3.8494	 1.0236	   1.5050	        1.5052	          0.0002	   1.6264	5.735e-04	   0.036	   272.424
 397	100	 3.8493	 1.0232	   1.5050	        1.5052	          0.0002	   1.6031	4.254e-04	   0.033	   273.003
 398	100	 3.8493	 1.0232	   1.5050	        1.5052	          0.0002	   1.6282	4.283e-04	   0.035	   273.582
 399	100	 3.8494	 1.0226	   1.5050	        1.5052	          0.0002	   1.5950	2.663e-04	   0.039	   274.156
 400	100	 3.8498	 1.0232	   1.5050	        1.5052	          0.0002	   1.6476	4.087e-04	   0.035	   274.734
 401	101	 3.8500	 1.0234	   1.5050	        1.5052	          0.0002	   1.6393	4.968e-04	   0.030	   275.297
 402	101	 3.8502	 1.0230	   1.5050	        1.5052	          0.0002	   1.6069	3.525e-04	   0.032	   275.876
 403	101	 3.8499	 1.0243	   1.5050	        1.5052	          0.0002	   1.6825	8.714e-04	   0.032	   276.452
 404	101	 3.8494	 1.0244	   1.5050	        1.5052	          0.0002	   1.6219	8.962e-04	   0.033	   277.028
 405	102	 3.8486	 1.0239	   1.5050	        1.5052	          0.0002	   1.5947	7.039e-04	   0.036	   277.667
 406	102	 3.8487	 1.0255	   1.5050	        1.5052	          0.0002	   1.7014	1.402e-03	   0.037	   278.265
 407	102	 3.8494	 1.0257	   1.5050	        1.5052	          0.0002	   1.6405	1.467e-03	   0.031	   278.856
 408	102	 3.8493	 1.0236	   1.5050	        1.5052	          0.0002	   1.5274	5.756e-04	   0.030	   279.421
 409	103	 3.8497	 1.0233	   1.5050	        1.5052	          0.0002	   1.6145	4.609e-04	   0.035	   280.003
 410	103	 3.8492	 1.0238	   1.5050	        1.5052	          0.0002	   1.6365	6.471e-04	   0.036	   280.630
 411	103	 3.8490	 1.0239	   1.5050	        1.5052	          0.0002	   1.6342	6.862e-04	   0.036	   281.215
 412	103	 3.8492	 1.0238	   1.5050	        1.5052	          0.0002	   1.6159	6.414e-04	   0.035	   281.790
 413	104	 3.8492	 1.0243	   1.5050	        1.5052	          0.0002	   1.6552	8.751e-04	   0.032	   282.361
 414	104	 3.8488	 1.0239	   1.5050	        1.5052	          0.0002	   1.5985	7.045e-04	   0.031	   282.939
 415	104	 3.8491	 1.0238	   1.5050	        1.5052	          0.0002	   1.6148	6.593e-04	   0.031	   283.508
 416	104	 3.8488	 1.0241	   1.5050	        1.5052	          0.0002	   1.6410	7.902e-04	   0.032	   284.085
 417	105	 3.8485	 1.0237	   1.5050	        1.5052	          0.0002	   1.5997	6.250e-04	   0.034	   284.657
 418	105	 3.8491	 1.0233	   1.5050	        1.5052	          0.0002	   1.6050	4.575e-04	   0.035	   285.248
 419	105	 3.8485	 1.0233	   1.5050	        1.5052	          0.0002	   1.6213	4.514e-04	   0.037	   285.887
 420	105	 3.8490	 1.0230	   1.5050	        1.5052	          0.0002	   1.6175	3.560e-04	   0.035	   286.517
 421	106	 3.8486	 1.0239	   1.5050	        1.5052	          0.0002	   1.6660	6.888e-04	   0.039	   287.152
 422	106	 3.8493	 1.0243	   1.5050	        1.5052	          0.0002	   1.6549	8.684e-04	   0.036	   287.800
 423	106	 3.8493	 1.0242	   1.5050	        1.5052	          0.0002	   1.6201	8.326e-04	   0.039	   288.473
 424	106	 3.8491	 1.0235	   1.5050	        1.5052	          0.0002	   1.5824	5.163e-04	   0.039	   289.112
 425	107	 3.8490	 1.0234	   1.5050	        1.5052	          0.0002	   1.6266	4.859e-04	   0.034	   289.756
 426	107	 3.8492	 1.0228	   1.5050	        1.5052	          0.0002	   1.5975	3.068e-04	   0.034	   290.379
 427	107	 3.8494	 1.0232	   1.5050	        1.5052	          0.0002	   1.6357	3.989e-04	   0.036	   290.995
 428	107	 3.8495	 1.0237	   1.5050	        1.5052	          0.0002	   1.6527	6.105e-04	   0.034	   291.600
 429	108	 3.8488	 1.0230	   1.5050	        1.5052	          0.0002	   1.5845	3.635e-04	   0.030	   292.179
 430	108	 3.8490	 1.0238	   1.5050	        1.5052	          0.0002	   1.6669	6.540e-04	   0.030	   292.759
 431	108	 3.8492	 1.0228	   1.5050	        1.5052	          0.0002	   1.5750	2.897e-04	   0.034	   293.332
 432	108	 3.8495	 1.0235	   1.5050	        1.5052	          0.0002	   1.6628	5.196e-04	   0.034	   293.907
 433	109	 3.8493	 1.0236	   1.5050	        1.5052	          0.0002	   1.6277	5.524e-04	   0.038	   294.533
 434	109	 3.8488	 1.0250	   1.5050	        1.5052	          0.0002	   1.6943	1.186e-03	   0.034	   295.145
 435	109	 3.8486	 1.0235	   1.5050	        1.5052	          0.0002	   1.5491	5.327e-04	   0.035	   295.739
 436	109	 3.8498	 1.0236	   1.5050	        1.5052	          0.0002	   1.6386	5.569e-04	   0.031	   296.315
 437	110	 3.8501	 1.0245	   1.5050	        1.5052	          0.0002	   1.6733	9.502e-04	   0.031	   296.927
 438	110	 3.8499	 1.0249	   1.5050	        1.5052	          0.0002	   1.6368	1.111e-03	   0.037	   297.549
 439	110	 3.8499	 1.0245	   1.5050	        1.5052	          0.0002	   1.6127	9.589e-04	   0.033	   298.124
 440	110	 3.8495	 1.0246	   1.5050	        1.5052	          0.0002	   1.6244	9.862e-04	   0.034	   298.702
 441	111	 3.8495	 1.0249	   1.5050	        1.5052	          0.0002	   1.6410	1.116e-03	   0.031	   299.273
 442	111	 3.8491	 1.0248	   1.5050	        1.5052	          0.0002	   1.6122	1.093e-03	   0.035	   299.857
 443	111	 3.8495	 1.0241	   1.5050	        1.5052	          0.0002	   1.5957	7.978e-04	   0.029	   300.420
 444	111	 3.8494	 1.0246	   1.5050	        1.5052	          0.0002	   1.6507	9.996e-04	   0.034	   301.001
 445	112	 3.8501	 1.0244	   1.5050	        1.5052	          0.0002	   1.6228	9.137e-04	   0.036	   301.575
 446	112	 3.8502	 1.0245	   1.5050	        1.5052	          0.0002	   1.6348	9.339e-04	   0.037	   302.156
 447	112	 3.8495	 1.0247	   1.5050	        1.5052	          0.0002	   1.6215	1.037e-03	   0.038	   302.789
 448	112	 3.8494	 1.0246	   1.5050	        1.5052	          0.0002	   1.6195	9.931e-04	   0.035	   303.421
 449	113	 3.8494	 1.0253	   1.5050	        1.5052	          0.0002	   1.6555	1.312e-03	   0.032	   304.011
 450	113	 3.8491	 1.0253	   1.5050	        1.5052	          0.0002	   1.6212	1.317e-03	   0.029	   304.577
 451	113	 3.8493	 1.0243	   1.5050	        1.5052	          0.0002	   1.5799	8.721e-04	   0.033	   305.174
 452	113	 3.8493	 1.0239	   1.5050	        1.5052	          0.0002	   1.6083	6.970e-04	   0.034	   305.769
 453	114	 3.8496	 1.0240	   1.5050	        1.5052	          0.0002	   1.6338	7.465e-04	   0.030	   306.359
 454	114	 3.8492	 1.0237	   1.5050	        1.5052	          0.0002	   1.6044	6.129e-04	   0.034	   306.938
 455	114	 3.8488	 1.0241	   1.5050	        1.5052	          0.0002	   1.6461	7.967e-04	   0.035	   307.509
 456	114	 3.8486	 1.0241	   1.5050	        1.5052	          0.0002	   1.6158	7.867e-04	   0.035	   308.088
 457	115	 3.8482	 1.0246	   1.5050	        1.5052	          0.0002	   1.6416	9.909e-04	   0.029	   308.657
 458	115	 3.8487	 1.0242	   1.5050	        1.5052	          0.0002	   1.6179	8.343e-04	   0.034	   309.237
 459	115	 3.8486	 1.0239	   1.5050	        1.5052	          0.0002	   1.5997	6.898e-04	   0.032	   309.797
 460	115	 3.8487	 1.0238	   1.5050	        1.5052	          0.0002	   1.6175	6.408e-04	   0.028	   310.342
 461	116	 3.8485	 1.0233	   1.5050	        1.5052	          0.0002	   1.6003	4.684e-04	   0.031	   310.866
 462	116	 3.8484	 1.0243	   1.5050	        1.5052	          0.0002	   1.6784	8.610e-04	   0.027	   311.362
 463	116	 3.8484	 1.0241	   1.5050	        1.5052	          0.0002	   1.6100	7.925e-04	   0.026	   311.852
 464	116	 3.8482	 1.0236	   1.5050	        1.5052	          0.0002	   1.5901	5.518e-04	   0.027	   312.308
 465	117	 3.8483	 1.0232	   1.5050	        1.5052	          0.0002	   1.6024	4.263e-04	   0.029	   312.786
 466	117	 3.8477	 1.0235	   1.5050	        1.5052	          0.0002	   1.6342	5.439e-04	   0.027	   313.256
 467	117	 3.8480	 1.0237	   1.5050	        1.5052	          0.0002	   1.6431	6.230e-04	   0.027	   313.704
 468	117	 3.8479	 1.0239	   1.5050	        1.5052	          0.0002	   1.6352	7.076e-04	   0.024	   314.154
 469	118	 3.8477	 1.0252	   1.5050	        1.5052	          0.0002	   1.6900	1.272e-03	   0.027	   314.599
 470	118	 3.8481	 1.0249	   1.5050	        1.5052	          0.0002	   1.6074	1.131e-03	   0.026	   315.054
 471	118	 3.8479	 1.0246	   1.5050	        1.5052	          0.0002	   1.6118	1.003e-03	   0.025	   315.500
 472	118	 3.8477	 1.0242	   1.5050	        1.5052	          0.0002	   1.6044	8.315e-04	   0.029	   315.949
 473	119	 3.8477	 1.0234	   1.5050	        1.5052	          0.0002	   1.5878	4.883e-04	   0.028	   316.408
 474	119	 3.8478	 1.0231	   1.5050	        1.5052	          0.0002	   1.6138	3.761e-04	   0.028	   316.885
 475	119	 3.8478	 1.0233	   1.5050	        1.5052	          0.0002	   1.6305	4.449e-04	   0.027	   317.369
 476	119	 3.8476	 1.0237	   1.5050	        1.5052	          0.0002	   1.6390	6.056e-04	   0.031	   317.893
 477	120	 3.8480	 1.0235	   1.5050	        1.5052	          0.0002	   1.6169	5.223e-04	   0.026	   318.399
 478	120	 3.8480	 1.0235	   1.5050	        1.5052	          0.0002	   1.6306	5.305e-04	   0.025	   318.845
 479	120	 3.8475	 1.0238	   1.5050	        1.5052	          0.0002	   1.6303	6.363e-04	   0.031	   319.302
 480	120	 3.8475	 1.0241	   1.5050	        1.5052	          0.0002	   1.6396	7.688e-04	   0.028	   319.780
 481	121	 3.8476	 1.0231	   1.5050	        1.5052	          0.0002	   1.5737	3.746e-04	   0.027	   320.245
 482	121	 3.8473	 1.0233	   1.5050	        1.5052	          0.0002	   1.6349	4.666e-04	   0.024	   320.695
 483	121	 3.8477	 1.0241	   1.5050	        1.5052	          0.0002	   1.6627	7.737e-04	   0.027	   321.139
 484	121	 3.8472	 1.0242	   1.5050	        1.5052	          0.0002	   1.6198	8.135e-04	   0.026	   321.594
 485	122	 3.8472	 1.0242	   1.5050	        1.5052	          0.0002	   1.6294	7.993e-04	   0.025	   322.040
 486	122	 3.8475	 1.0242	   1.5050	        1.5052	          0.0002	   1.6309	8.046e-04	   0.029	   322.490
 487	122	 3.8477	 1.0236	   1.5050	        1.5052	          0.0002	   1.5855	5.731e-04	   0.026	   322.938
 488	122	 3.8473	 1.0240	   1.5050	        1.5052	          0.0002	   1.6413	7.245e-04	   0.027	   323.403
 489	123	 3.8475	 1.0237	   1.5050	        1.5052	          0.0002	   1.6091	6.116e-04	   0.024	   323.858
 490	123	 3.8471	 1.0236	   1.5050	        1.5052	          0.0002	   1.6122	5.482e-04	   0.029	   324.358
 491	123	 3.8475	 1.0241	   1.5050	        1.5052	          0.0002	   1.6587	7.903e-04	   0.029	   324.864
 492	123	 3.8466	 1.0246	   1.5050	        1.5052	          0.0002	   1.6422	9.991e-04	   0.025	   325.338
 493	124	 3.8464	 1.0244	   1.5050	        1.5052	          0.0002	   1.5990	9.106e-04	   0.029	   325.802
 494	124	 3.8462	 1.0244	   1.5050	        1.5052	          0.0002	   1.6205	8.944e-04	   0.028	   326.267
 495	124	 3.8457	 1.0244	   1.5050	        1.5052	          0.0002	   1.6230	8.966e-04	   0.027	   326.721
 496	124	 3.8469	 1.0242	   1.5050	        1.5052	          0.0002	   1.6318	7.988e-04	   0.025	   327.171
 497	125	 3.8463	 1.0233	   1.5050	        1.5052	          0.0002	   1.5695	4.679e-04	   0.027	   327.616
 498	125	 3.8462	 1.0225	   1.5050	        1.5052	          0.0002	   1.5758	2.609e-04	   0.026	   328.071
 499	125	 3.8465	 1.0228	   1.5050	        1.5052	          0.0002	   1.6385	2.905e-04	   0.025	   328.517
 500	125	 3.8464	 1.0242	   1.5050	        1.5052	          0.0002	   1.7085	8.109e-04	   0.029	   328.966
 501	126	 3.8457	 1.0232	   1.5050	        1.5052	          0.0002	   1.5628	4.209e-04	   0.028	   329.416
 502	126	 3.8466	 1.0236	   1.5050	        1.5052	          0.0002	   1.6548	5.597e-04	   0.028	   329.896
 503	126	 3.8458	 1.0241	   1.5050	        1.5052	          0.0002	   1.6478	7.736e-04	   0.027	   330.382
 504	126	 3.8460	 1.0247	   1.5050	        1.5052	          0.0002	   1.6538	1.021e-03	   0.030	   330.860
 505	127	 3.8461	 1.0253	   1.5050	        1.5052	          0.0002	   1.6513	1.293e-03	   0.026	   331.345
 506	127	 3.8462	 1.0251	   1.5050	        1.5052	          0.0002	   1.6181	1.234e-03	   0.025	   331.791
 507	127	 3.8463	 1.0247	   1.5050	        1.5052	          0.0002	   1.6023	1.016e-03	   0.029	   332.240
 508	127	 3.8460	 1.0245	   1.5050	        1.5052	          0.0002	   1.6108	9.313e-04	   0.028	   332.721
 509	128	 3.8464	 1.0243	   1.5050	        1.5052	          0.0002	   1.6164	8.670e-04	   0.028	   333.191
 510	128	 3.8465	 1.0237	   1.5050	        1.5052	          0.0002	   1.5928	6.170e-04	   0.025	   333.641
 511	128	 3.8461	 1.0244	   1.5050	        1.5052	          0.0002	   1.6640	9.189e-04	   0.027	   334.086
 512	128	 3.8466	 1.0242	   1.5050	        1.5052	          0.0002	   1.6150	8.225e-04	   0.026	   334.541
 513	129	 3.8465	 1.0248	   1.5050	        1.5052	          0.0002	   1.6568	1.091e-03	   0.025	   334.987
 514	129	 3.8465	 1.0256	   1.5050	        1.5052	          0.0002	   1.6715	1.421e-03	   0.029	   335.436
 515	129	 3.8463	 1.0251	   1.5050	        1.5052	          0.0002	   1.5923	1.236e-03	   0.026	   335.885
 516	129	 3.8462	 1.0247	   1.5050	        1.5052	          0.0002	   1.5997	1.038e-03	   0.029	   336.343
 517	130	 3.8457	 1.0247	   1.5050	        1.5052	          0.0002	   1.6167	1.033e-03	   0.025	   336.805
 518	130	 3.8454	 1.0242	   1.5050	        1.5052	          0.0002	   1.5963	8.311e-04	   0.031	   337.297
 519	130	 3.8450	 1.0237	   1.5050	        1.5052	          0.0002	   1.5796	6.269e-04	   0.031	   337.805
 520	130	 3.8455	 1.0243	   1.5050	        1.5052	          0.0002	   1.6690	8.650e-04	   0.025	   338.266
 521	131	 3.8453	 1.0240	   1.5050	        1.5052	          0.0002	   1.6099	7.435e-04	   0.029	   338.715
 522	131	 3.8454	 1.0244	   1.5050	        1.5052	          0.0002	   1.6479	8.844e-04	   0.028	   339.171
 523	131	 3.8452	 1.0251	   1.5050	        1.5052	          0.0002	   1.6658	1.221e-03	   0.027	   339.633
 524	131	 3.8456	 1.0242	   1.5050	        1.5052	          0.0002	   1.5706	8.067e-04	   0.024	   340.083
 525	132	 3.8457	 1.0241	   1.5050	        1.5052	          0.0002	   1.6196	7.875e-04	   0.027	   340.528
 526	132	 3.8460	 1.0238	   1.5050	        1.5052	          0.0002	   1.6166	6.616e-04	   0.028	   340.993
 527	132	 3.8457	 1.0242	   1.5050	        1.5052	          0.0002	   1.6481	8.363e-04	   0.027	   341.480
 528	132	 3.8458	 1.0240	   1.5050	        1.5052	          0.0002	   1.6113	7.422e-04	   0.033	   341.973
 529	133	 3.8464	 1.0240	   1.5050	        1.5052	          0.0002	   1.6232	7.306e-04	   0.030	   342.501
 530	133	 3.8461	 1.0239	   1.5050	        1.5052	          0.0002	   1.6197	6.948e-04	   0.028	   343.014
 531	133	 3.8461	 1.0242	   1.5050	        1.5052	          0.0002	   1.6429	8.274e-04	   0.031	   343.516
 532	133	 3.8461	 1.0239	   1.5050	        1.5052	          0.0002	   1.6046	6.833e-04	   0.031	   344.031
 533	134	 3.8459	 1.0239	   1.5050	        1.5052	          0.0002	   1.6209	6.872e-04	   0.028	   344.569
 534	134	 3.8460	 1.0243	   1.5050	        1.5052	          0.0002	   1.6552	8.707e-04	   0.027	   345.056
 535	134	 3.8464	 1.0247	   1.5050	        1.5052	          0.0002	   1.6514	1.027e-03	   0.029	   345.526
 536	134	 3.8462	 1.0243	   1.5050	        1.5052	          0.0002	   1.5976	8.551e-04	   0.028	   346.000
 537	135	 3.8463	 1.0238	   1.5050	        1.5052	          0.0002	   1.5918	6.551e-04	   0.029	   346.470
 538	135	 3.8462	 1.0244	   1.5050	        1.5052	          0.0002	   1.6631	8.911e-04	   0.024	   346.927
 539	135	 3.8459	 1.0237	   1.5050	        1.5052	          0.0002	   1.5819	6.041e-04	   0.027	   347.372
 540	135	 3.8457	 1.0242	   1.5050	        1.5052	          0.0002	   1.6505	8.306e-04	   0.026	   347.827
 541	136	 3.8451	 1.0242	   1.5050	        1.5052	          0.0002	   1.6148	8.062e-04	   0.024	   348.273
 542	136	 3.8450	 1.0243	   1.5050	        1.5052	          0.0002	   1.6294	8.657e-04	   0.029	   348.722
 543	136	 3.8450	 1.0239	   1.5050	        1.5052	          0.0002	   1.6009	6.930e-04	   0.025	   349.171
 544	136	 3.8455	 1.0240	   1.5050	        1.5052	          0.0002	   1.6369	7.300e-04	   0.029	   349.621
 545	137	 3.8457	 1.0239	   1.5050	        1.5052	          0.0002	   1.6071	6.711e-04	   0.026	   350.099
 546	137	 3.8456	 1.0235	   1.5050	        1.5052	          0.0002	   1.6031	5.108e-04	   0.032	   350.614
 547	137	 3.8456	 1.0231	   1.5050	        1.5052	          0.0002	   1.6060	3.875e-04	   0.028	   351.119
 548	137	 3.8455	 1.0238	   1.5050	        1.5052	          0.0002	   1.6640	6.443e-04	   0.025	   351.584
 549	138	 3.8452	 1.0241	   1.5050	        1.5052	          0.0002	   1.6384	7.836e-04	   0.029	   352.034
 550	138	 3.8456	 1.0245	   1.5050	        1.5052	          0.0002	   1.6526	9.521e-04	   0.026	   352.482
 551	138	 3.8452	 1.0236	   1.5050	        1.5052	          0.0002	   1.5668	5.684e-04	   0.027	   352.952
 552	138	 3.8448	 1.0239	   1.5050	        1.5052	          0.0002	   1.6358	7.012e-04	   0.025	   353.402
 553	139	 3.8452	 1.0230	   1.5050	        1.5052	          0.0002	   1.5601	3.374e-04	   0.027	   353.847
 554	139	 3.8453	 1.0233	   1.5050	        1.5052	          0.0002	   1.6465	4.601e-04	   0.026	   354.302
 555	139	 3.8448	 1.0232	   1.5050	        1.5052	          0.0002	   1.6100	3.980e-04	   0.025	   354.748
 556	139	 3.8451	 1.0239	   1.5050	        1.5052	          0.0002	   1.6774	6.994e-04	   0.029	   355.197
 557	140	 3.8449	 1.0233	   1.5050	        1.5052	          0.0002	   1.5777	4.383e-04	   0.026	   355.645
 558	140	 3.8450	 1.0224	   1.5050	        1.5052	          0.0002	   1.5663	2.634e-04	   0.028	   356.115
 559	140	 3.8449	 1.0227	   1.5050	        1.5052	          0.0002	   1.6453	2.793e-04	   0.027	   356.586
 560	140	 3.8450	 1.0236	   1.5050	        1.5052	          0.0002	   1.6830	5.733e-04	   0.028	   357.065
 561	141	 3.8448	 1.0231	   1.5050	        1.5052	          0.0002	   1.5893	3.782e-04	   0.026	   357.546
 562	141	 3.8451	 1.0238	   1.5050	        1.5052	          0.0002	   1.6744	6.294e-04	   0.023	   357.964
 563	141	 3.8448	 1.0232	   1.5050	        1.5052	          0.0002	   1.5844	4.236e-04	   0.028	   358.384
 564	141	 3.8450	 1.0232	   1.5050	        1.5052	          0.0002	   1.6173	4.125e-04	   0.025	   358.822
 565	142	 3.8446	 1.0230	   1.5050	        1.5052	          0.0002	   1.6081	3.410e-04	   0.022	   359.255
 566	142	 3.8447	 1.0228	   1.5050	        1.5052	          0.0002	   1.6135	2.888e-04	   0.024	   359.691
 567	142	 3.8443	 1.0240	   1.5050	        1.5052	          0.0002	   1.6948	7.516e-04	   0.028	   360.105
 568	142	 3.8445	 1.0234	   1.5050	        1.5052	          0.0002	   1.5815	4.723e-04	   0.025	   360.529
 569	143	 3.8449	 1.0236	   1.5050	        1.5052	          0.0002	   1.6478	5.747e-04	   0.023	   360.945
 570	143	 3.8448	 1.0244	   1.5050	        1.5052	          0.0002	   1.6784	9.256e-04	   0.028	   361.365
 571	143	 3.8445	 1.0252	   1.5050	        1.5052	          0.0002	   1.6677	1.244e-03	   0.023	   361.783
 572	143	 3.8441	 1.0240	   1.5050	        1.5052	          0.0002	   1.5381	7.424e-04	   0.024	   362.204
 573	144	 3.8443	 1.0251	   1.5050	        1.5052	          0.0002	   1.6958	1.213e-03	   0.026	   362.651
 574	144	 3.8440	 1.0253	   1.5050	        1.5052	          0.0002	   1.6297	1.282e-03	   0.033	   363.114
 575	144	 3.8440	 1.0251	   1.5050	        1.5052	          0.0002	   1.6108	1.202e-03	   0.025	   363.579
 576	144	 3.8439	 1.0245	   1.5050	        1.5052	          0.0002	   1.5907	9.674e-04	   0.023	   364.011
 577	145	 3.8439	 1.0253	   1.5050	        1.5052	          0.0002	   1.6736	1.294e-03	   0.028	   364.431
 578	145	 3.8432	 1.0249	   1.5050	        1.5052	          0.0002	   1.6000	1.141e-03	   0.023	   364.849
 579	145	 3.8436	 1.0248	   1.5050	        1.5052	          0.0002	   1.6157	1.095e-03	   0.022	   365.284
 580	145	 3.8437	 1.0243	   1.5050	        1.5052	          0.0002	   1.5866	8.433e-04	   0.024	   365.706
 581	146	 3.8439	 1.0250	   1.5050	        1.5052	          0.0002	   1.6770	1.162e-03	   0.028	   366.120
 582	146	 3.8437	 1.0243	   1.5050	        1.5052	          0.0002	   1.5734	8.601e-04	   0.025	   366.544
 583	146	 3.8440	 1.0256	   1.5050	        1.5052	          0.0002	   1.7204	1.432e-03	   0.025	   366.990
 584	146	 3.8436	 1.0246	   1.5050	        1.5052	          0.0002	   1.5508	9.973e-04	   0.031	   367.451
 585	147	 3.8435	 1.0248	   1.5050	        1.5052	          0.0002	   1.6269	1.098e-03	   0.023	   367.871
 586	147	 3.8432	 1.0244	   1.5050	        1.5052	          0.0002	   1.5920	8.838e-04	   0.024	   368.310
 587	147	 3.8430	 1.0250	   1.5050	        1.5052	          0.0002	   1.6650	1.147e-03	   0.026	   368.753
 588	147	 3.8432	 1.0252	   1.5050	        1.5052	          0.0002	   1.6470	1.258e-03	   0.031	   369.199
 589	148	 3.8431	 1.0248	   1.5050	        1.5052	          0.0002	   1.5936	1.062e-03	   0.028	   369.664
 590	148	 3.8426	 1.0242	   1.5050	        1.5052	          0.0002	   1.5812	8.180e-04	   0.023	   370.092
 591	148	 3.8423	 1.0251	   1.5050	        1.5052	          0.0002	   1.6719	1.202e-03	   0.029	   370.512
 592	148	 3.8431	 1.0252	   1.5050	        1.5052	          0.0002	   1.6500	1.263e-03	   0.025	   370.947
 593	149	 3.8427	 1.0249	   1.5050	        1.5052	          0.0002	   1.5977	1.130e-03	   0.022	   371.384
 594	149	 3.8419	 1.0248	   1.5050	        1.5052	          0.0002	   1.5982	1.077e-03	   0.024	   371.820
 595	149	 3.8422	 1.0255	   1.5050	        1.5052	          0.0002	   1.6814	1.398e-03	   0.028	   372.234
 596	149	 3.8430	 1.0253	   1.5050	        1.5052	          0.0002	   1.6267	1.300e-03	   0.025	   372.659
 597	150	 3.8426	 1.0262	   1.5050	        1.5052	          0.0002	   1.6776	1.704e-03	   0.023	   373.075
 598	150	 3.8425	 1.0252	   1.5050	        1.5052	          0.0002	   1.5550	1.262e-03	   0.029	   373.495
 599	150	 3.8425	 1.0248	   1.5050	        1.5052	          0.0002	   1.6063	1.098e-03	   0.023	   373.914
 600	150	 3.8430	 1.0245	   1.5050	        1.5052	          0.0002	   1.6095	9.539e-04	   0.024	   374.355
 601	151	 3.8430	 1.0248	   1.5050	        1.5052	          0.0002	   1.6417	1.062e-03	   0.024	   374.827
 602	151	 3.8433	 1.0247	   1.5050	        1.5052	          0.0002	   1.6226	1.028e-03	   0.031	   375.262
 603	151	 3.8431	 1.0246	   1.5050	        1.5052	          0.0002	   1.6131	9.794e-04	   0.027	   375.738
 604	151	 3.8431	 1.0244	   1.5050	        1.5052	          0.0002	   1.6092	9.006e-04	   0.023	   376.174
 605	152	 3.8424	 1.0242	   1.5050	        1.5052	          0.0002	   1.5969	8.299e-04	   0.029	   376.594
 606	152	 3.8424	 1.0244	   1.5050	        1.5052	          0.0002	   1.6279	8.946e-04	   0.023	   377.012
 607	152	 3.8425	 1.0244	   1.5050	        1.5052	          0.0002	   1.6290	8.979e-04	   0.023	   377.447
 608	152	 3.8433	 1.0245	   1.5050	        1.5052	          0.0002	   1.6513	9.582e-04	   0.024	   377.869
 609	153	 3.8428	 1.0245	   1.5050	        1.5052	          0.0002	   1.6105	9.489e-04	   0.028	   378.284
 610	153	 3.8429	 1.0249	   1.5050	        1.5052	          0.0002	   1.6612	1.128e-03	   0.025	   378.708
 611	153	 3.8429	 1.0248	   1.5050	        1.5052	          0.0002	   1.6164	1.091e-03	   0.023	   379.124
 612	153	 3.8435	 1.0240	   1.5050	        1.5052	          0.0002	   1.5822	7.432e-04	   0.029	   379.544
 613	154	 3.8438	 1.0240	   1.5050	        1.5052	          0.0002	   1.6225	7.395e-04	   0.023	   379.962
 614	154	 3.8432	 1.0240	   1.5050	        1.5052	          0.0002	   1.6212	7.448e-04	   0.024	   380.396
 615	154	 3.8428	 1.0235	   1.5050	        1.5052	          0.0002	   1.5800	5.400e-04	   0.024	   380.837
 616	154	 3.8436	 1.0238	   1.5050	        1.5052	          0.0002	   1.6625	6.616e-04	   0.031	   381.284
 617	155	 3.8431	 1.0241	   1.5050	        1.5052	          0.0002	   1.6448	7.772e-04	   0.027	   381.744
 618	155	 3.8431	 1.0244	   1.5050	        1.5052	          0.0002	   1.6453	9.176e-04	   0.023	   382.183
 619	155	 3.8431	 1.0244	   1.5050	        1.5052	          0.0002	   1.6176	8.839e-04	   0.029	   382.604
 620	155	 3.8431	 1.0244	   1.5050	        1.5052	          0.0002	   1.6228	8.958e-04	   0.025	   383.030
 621	156	 3.8433	 1.0247	   1.5050	        1.5052	          0.0002	   1.6454	1.043e-03	   0.024	   383.472
 622	156	 3.8433	 1.0241	   1.5050	        1.5052	          0.0002	   1.5813	7.676e-04	   0.024	   383.911
 623	156	 3.8431	 1.0238	   1.5050	        1.5052	          0.0002	   1.6030	6.412e-04	   0.029	   384.325
 624	156	 3.8434	 1.0241	   1.5050	        1.5052	          0.0002	   1.6529	7.583e-04	   0.025	   384.749
 625	157	 3.8436	 1.0246	   1.5050	        1.5052	          0.0002	   1.6605	9.829e-04	   0.023	   385.166
 626	157	 3.8436	 1.0245	   1.5050	        1.5052	          0.0002	   1.6083	9.306e-04	   0.029	   385.586
 627	157	 3.8438	 1.0243	   1.5050	        1.5052	          0.0002	   1.6217	8.580e-04	   0.023	   386.004
 628	157	 3.8437	 1.0240	   1.5050	        1.5052	          0.0002	   1.6072	7.448e-04	   0.024	   386.448
 629	158	 3.8437	 1.0243	   1.5050	        1.5052	          0.0002	   1.6434	8.768e-04	   0.024	   386.900
 630	158	 3.8438	 1.0247	   1.5050	        1.5052	          0.0002	   1.6512	1.054e-03	   0.028	   387.313
 631	158	 3.8440	 1.0251	   1.5050	        1.5052	          0.0002	   1.6561	1.204e-03	   0.027	   387.790
 632	158	 3.8437	 1.0244	   1.5050	        1.5052	          0.0002	   1.5727	8.855e-04	   0.027	   388.264
 633	159	 3.8439	 1.0236	   1.5050	        1.5052	          0.0002	   1.5727	5.605e-04	   0.030	   388.727
 634	159	 3.8441	 1.0237	   1.5050	        1.5052	          0.0002	   1.6304	6.021e-04	   0.025	   389.186
 635	159	 3.8437	 1.0240	   1.5050	        1.5052	          0.0002	   1.6425	7.460e-04	   0.024	   389.646
 636	159	 3.8438	 1.0241	   1.5050	        1.5052	          0.0002	   1.6367	7.816e-04	   0.026	   390.125
 637	160	 3.8438	 1.0240	   1.5050	        1.5052	          0.0002	   1.6203	7.448e-04	   0.032	   390.580
 638	160	 3.8440	 1.0245	   1.5050	        1.5052	          0.0002	   1.6569	9.517e-04	   0.027	   391.064
 639	160	 3.8438	 1.0242	   1.5050	        1.5052	          0.0002	   1.6051	8.309e-04	   0.025	   391.536
 640	160	 3.8436	 1.0245	   1.5050	        1.5052	          0.0002	   1.6394	9.356e-04	   0.030	   391.998
 641	161	 3.8439	 1.0241	   1.5050	        1.5052	          0.0002	   1.6005	7.960e-04	   0.024	   392.444
 642	161	 3.8437	 1.0247	   1.5050	        1.5052	          0.0002	   1.6602	1.041e-03	   0.024	   392.889
 643	161	 3.8432	 1.0240	   1.5050	        1.5052	          0.0002	   1.5687	7.390e-04	   0.024	   393.334
 644	161	 3.8433	 1.0244	   1.5050	        1.5052	          0.0002	   1.6555	8.961e-04	   0.030	   393.777
 645	162	 3.8427	 1.0244	   1.5050	        1.5052	          0.0002	   1.6221	9.186e-04	   0.027	   394.233
 646	162	 3.8427	 1.0242	   1.5050	        1.5052	          0.0002	   1.6107	8.390e-04	   0.023	   394.680
 647	162	 3.8428	 1.0242	   1.5050	        1.5052	          0.0002	   1.6199	8.363e-04	   0.028	   395.101
 648	162	 3.8429	 1.0247	   1.5050	        1.5052	          0.0002	   1.6595	1.030e-03	   0.023	   395.519
 649	163	 3.8428	 1.0246	   1.5050	        1.5052	          0.0002	   1.6237	1.003e-03	   0.024	   395.964
 650	163	 3.8430	 1.0250	   1.5050	        1.5052	          0.0002	   1.6601	1.187e-03	   0.024	   396.408
 651	163	 3.8427	 1.0252	   1.5050	        1.5052	          0.0002	   1.6258	1.264e-03	   0.028	   396.823
 652	163	 3.8426	 1.0252	   1.5050	        1.5052	          0.0002	   1.6240	1.267e-03	   0.025	   397.246
 653	164	 3.8425	 1.0255	   1.5050	        1.5052	          0.0002	   1.6531	1.411e-03	   0.023	   397.663
 654	164	 3.8422	 1.0250	   1.5050	        1.5052	          0.0002	   1.5776	1.160e-03	   0.030	   398.091
 655	164	 3.8427	 1.0257	   1.5050	        1.5052	          0.0002	   1.6841	1.500e-03	   0.024	   398.545
 656	164	 3.8426	 1.0250	   1.5050	        1.5052	          0.0002	   1.5641	1.149e-03	   0.024	   398.980
 657	165	 3.8424	 1.0245	   1.5050	        1.5052	          0.0002	   1.5892	9.579e-04	   0.025	   399.429
 658	165	 3.8424	 1.0252	   1.5050	        1.5052	          0.0002	   1.6684	1.248e-03	   0.028	   399.844
 659	165	 3.8420	 1.0258	   1.5050	        1.5052	          0.0002	   1.6667	1.529e-03	   0.029	   400.313
 660	165	 3.8422	 1.0254	   1.5050	        1.5052	          0.0002	   1.5990	1.324e-03	   0.024	   400.752
 661	166	 3.8424	 1.0253	   1.5050	        1.5052	          0.0002	   1.6161	1.281e-03	   0.028	   401.182
 662	166	 3.8424	 1.0259	   1.5050	        1.5052	          0.0002	   1.6674	1.565e-03	   0.023	   401.600
 663	166	 3.8426	 1.0260	   1.5050	        1.5052	          0.0002	   1.6309	1.605e-03	   0.024	   402.021
 664	166	 3.8421	 1.0256	   1.5050	        1.5052	          0.0002	   1.5987	1.436e-03	   0.024	   402.457
 665	167	 3.8419	 1.0254	   1.5050	        1.5052	          0.0002	   1.6019	1.336e-03	   0.028	   402.871
 666	167	 3.8422	 1.0251	   1.5050	        1.5052	          0.0002	   1.6012	1.204e-03	   0.025	   403.295
 667	167	 3.8416	 1.0263	   1.5050	        1.5052	          0.0002	   1.7088	1.739e-03	   0.023	   403.712
 668	167	 3.8419	 1.0258	   1.5050	        1.5052	          0.0002	   1.5991	1.534e-03	   0.028	   404.132
 669	168	 3.8424	 1.0265	   1.5050	        1.5052	          0.0002	   1.6864	1.839e-03	   0.023	   404.550
 670	168	 3.8419	 1.0259	   1.5050	        1.5052	          0.0002	   1.5659	1.555e-03	   0.024	   404.971
 671	168	 3.8420	 1.0249	   1.5050	        1.5052	          0.0002	   1.5523	1.114e-03	   0.026	   405.423
 672	168	 3.8417	 1.0251	   1.5050	        1.5052	          0.0002	   1.6437	1.229e-03	   0.031	   405.860
 673	169	 3.8416	 1.0256	   1.5050	        1.5052	          0.0002	   1.6621	1.451e-03	   0.027	   406.314
 674	169	 3.8418	 1.0253	   1.5050	        1.5052	          0.0002	   1.5939	1.288e-03	   0.023	   406.771
 675	169	 3.8412	 1.0254	   1.5050	        1.5052	          0.0002	   1.6348	1.363e-03	   0.028	   407.192
 676	169	 3.8415	 1.0252	   1.5050	        1.5052	          0.0002	   1.6091	1.244e-03	   0.023	   407.610
 677	170	 3.8417	 1.0245	   1.5050	        1.5052	          0.0002	   1.5723	9.520e-04	   0.024	   408.049
 678	170	 3.8418	 1.0257	   1.5050	        1.5052	          0.0002	   1.7195	1.471e-03	   0.026	   408.492
 679	170	 3.8415	 1.0254	   1.5050	        1.5052	          0.0002	   1.5983	1.337e-03	   0.028	   408.914
 680	170	 3.8413	 1.0253	   1.5050	        1.5052	          0.0002	   1.6103	1.285e-03	   0.025	   409.338
 681	171	 3.8408	 1.0253	   1.5050	        1.5052	          0.0002	   1.6131	1.299e-03	   0.023	   409.754
 682	171	 3.8409	 1.0254	   1.5050	        1.5052	          0.0002	   1.6371	1.353e-03	   0.030	   410.185
 683	171	 3.8407	 1.0251	   1.5050	        1.5052	          0.0002	   1.5969	1.190e-03	   0.023	   410.631
 684	171	 3.8412	 1.0255	   1.5050	        1.5052	          0.0002	   1.6650	1.370e-03	   0.022	   411.044
 685	172	 3.8408	 1.0259	   1.5050	        1.5052	          0.0002	   1.6548	1.584e-03	   0.026	   411.483
 686	172	 3.8409	 1.0253	   1.5050	        1.5052	          0.0002	   1.5770	1.282e-03	   0.028	   411.903
 687	172	 3.8409	 1.0253	   1.5050	        1.5052	          0.0002	   1.6257	1.319e-03	   0.029	   412.359
 688	172	 3.8409	 1.0260	   1.5050	        1.5052	          0.0002	   1.6803	1.612e-03	   0.023	   412.806
 689	173	 3.8407	 1.0260	   1.5050	        1.5052	          0.0002	   1.6200	1.604e-03	   0.028	   413.241
 690	173	 3.8406	 1.0260	   1.5050	        1.5052	          0.0002	   1.6264	1.614e-03	   0.025	   413.676
 691	173	 3.8408	 1.0267	   1.5050	        1.5052	          0.0002	   1.6879	1.935e-03	   0.024	   414.129
 692	173	 3.8408	 1.0264	   1.5050	        1.5052	          0.0002	   1.5987	1.795e-03	   0.024	   414.587
 693	174	 3.8407	 1.0268	   1.5050	        1.5052	          0.0002	   1.6519	1.972e-03	   0.028	   415.001
 694	174	 3.8408	 1.0268	   1.5050	        1.5052	          0.0002	   1.6249	1.951e-03	   0.025	   415.425
 695	174	 3.8408	 1.0263	   1.5050	        1.5052	          0.0002	   1.5865	1.740e-03	   0.023	   415.842
 696	174	 3.8408	 1.0267	   1.5050	        1.5052	          0.0002	   1.6602	1.926e-03	   0.028	   416.262
 697	175	 3.8407	 1.0268	   1.5050	        1.5052	          0.0002	   1.6342	1.957e-03	   0.023	   416.680
 698	175	 3.8412	 1.0272	   1.5050	        1.5052	          0.0002	   1.6595	2.147e-03	   0.022	   417.093
 699	175	 3.8407	 1.0273	   1.5050	        1.5052	          0.0002	   1.6330	2.211e-03	   0.026	   417.547
 700	175	 3.8404	 1.0271	   1.5050	        1.5052	          0.0002	   1.6066	2.117e-03	   0.029	   417.984
 701	176	 3.8403	 1.0270	   1.5050	        1.5052	          0.0002	   1.6244	2.080e-03	   0.027	   418.438
 702	176	 3.8403	 1.0273	   1.5050	        1.5052	          0.0002	   1.6447	2.191e-03	   0.025	   418.901
 703	176	 3.8405	 1.0273	   1.5050	        1.5052	          0.0002	   1.6291	2.193e-03	   0.028	   419.322
 704	176	 3.8403	 1.0273	   1.5050	        1.5052	          0.0002	   1.6153	2.190e-03	   0.023	   419.741
 705	177	 3.8404	 1.0270	   1.5050	        1.5052	          0.0002	   1.6047	2.063e-03	   0.024	   420.174
 706	177	 3.8402	 1.0269	   1.5050	        1.5052	          0.0002	   1.6103	2.021e-03	   0.024	   420.616
 707	177	 3.8401	 1.0271	   1.5050	        1.5052	          0.0002	   1.6420	2.088e-03	   0.028	   421.044
 708	177	 3.8401	 1.0275	   1.5050	        1.5052	          0.0002	   1.6638	2.283e-03	   0.025	   421.468
 709	178	 3.8403	 1.0280	   1.5050	        1.5052	          0.0002	   1.6730	2.497e-03	   0.025	   421.914
 710	178	 3.8409	 1.0282	   1.5050	        1.5052	          0.0002	   1.6599	2.596e-03	   0.029	   422.361
 711	178	 3.8402	 1.0278	   1.5050	        1.5052	          0.0002	   1.5760	2.429e-03	   0.023	   422.794
 712	178	 3.8400	 1.0275	   1.5050	        1.5052	          0.0002	   1.5894	2.268e-03	   0.022	   423.207
 713	179	 3.8402	 1.0268	   1.5050	        1.5052	          0.0002	   1.5760	1.954e-03	   0.026	   423.637
 714	179	 3.8403	 1.0263	   1.5050	        1.5052	          0.0002	   1.5893	1.745e-03	   0.028	   424.066
 715	179	 3.8404	 1.0276	   1.5050	        1.5052	          0.0002	   1.7338	2.327e-03	   0.029	   424.510
 716	179	 3.8399	 1.0269	   1.5050	        1.5052	          0.0002	   1.5594	2.019e-03	   0.024	   424.968
 717	180	 3.8393	 1.0270	   1.5050	        1.5052	          0.0002	   1.6204	2.079e-03	   0.028	   425.404
 718	180	 3.8395	 1.0263	   1.5050	        1.5052	          0.0002	   1.5664	1.738e-03	   0.023	   425.822
 719	180	 3.8395	 1.0272	   1.5050	        1.5052	          0.0002	   1.7082	2.155e-03	   0.022	   426.235
 720	180	 3.8395	 1.0272	   1.5050	        1.5052	          0.0002	   1.6222	2.154e-03	   0.024	   426.679
 721	181	 3.8396	 1.0269	   1.5050	        1.5052	          0.0002	   1.6088	2.035e-03	   0.028	   427.093
 722	181	 3.8393	 1.0265	   1.5050	        1.5052	          0.0002	   1.5836	1.858e-03	   0.025	   427.517
 723	181	 3.8391	 1.0273	   1.5050	        1.5052	          0.0002	   1.6818	2.187e-03	   0.023	   427.933
 724	181	 3.8395	 1.0269	   1.5050	        1.5052	          0.0002	   1.6009	2.023e-03	   0.029	   428.354
 725	182	 3.8397	 1.0270	   1.5050	        1.5052	          0.0002	   1.6357	2.052e-03	   0.023	   428.772
 726	182	 3.8397	 1.0276	   1.5050	        1.5052	          0.0002	   1.6727	2.325e-03	   0.022	   429.185
 727	182	 3.8392	 1.0273	   1.5050	        1.5052	          0.0002	   1.5878	2.182e-03	   0.026	   429.633
 728	182	 3.8392	 1.0269	   1.5050	        1.5052	          0.0002	   1.5992	2.013e-03	   0.031	   430.068
 729	183	 3.8390	 1.0277	   1.5050	        1.5052	          0.0002	   1.6870	2.369e-03	   0.027	   430.524
 730	183	 3.8389	 1.0271	   1.5050	        1.5052	          0.0002	   1.5769	2.126e-03	   0.026	   430.983
 731	183	 3.8391	 1.0273	   1.5050	        1.5052	          0.0002	   1.6440	2.184e-03	   0.028	   431.414
 732	183	 3.8387	 1.0268	   1.5050	        1.5052	          0.0002	   1.5777	1.969e-03	   0.023	   431.832
 733	184	 3.8391	 1.0266	   1.5050	        1.5052	          0.0002	   1.6196	1.899e-03	   0.024	   432.261
 734	184	 3.8394	 1.0269	   1.5050	        1.5052	          0.0002	   1.6509	2.011e-03	   0.024	   432.707
 735	184	 3.8390	 1.0270	   1.5050	        1.5052	          0.0002	   1.6302	2.070e-03	   0.028	   433.136
 736	184	 3.8385	 1.0271	   1.5050	        1.5052	          0.0002	   1.6234	2.099e-03	   0.025	   433.560
 737	185	 3.8385	 1.0267	   1.5050	        1.5052	          0.0002	   1.5982	1.943e-03	   0.025	   434.007
 738	185	 3.8387	 1.0272	   1.5050	        1.5052	          0.0002	   1.6701	2.150e-03	   0.028	   434.435
 739	185	 3.8387	 1.0268	   1.5050	        1.5052	          0.0002	   1.5852	1.956e-03	   0.025	   434.881
 740	185	 3.8384	 1.0272	   1.5050	        1.5052	          0.0002	   1.6530	2.132e-03	   0.024	   435.335
 741	186	 3.8384	 1.0271	   1.5050	        1.5052	          0.0002	   1.6223	2.120e-03	   0.026	   435.798
 742	186	 3.8381	 1.0268	   1.5050	        1.5052	          0.0002	   1.5986	1.982e-03	   0.029	   436.260
 743	186	 3.8383	 1.0270	   1.5050	        1.5052	          0.0002	   1.6357	2.041e-03	   0.029	   436.709
 744	186	 3.8384	 1.0270	   1.5050	        1.5052	          0.0002	   1.6304	2.075e-03	   0.027	   437.218
 745	187	 3.8381	 1.0267	   1.5050	        1.5052	          0.0002	   1.5926	1.937e-03	   0.031	   437.721
 746	187	 3.8381	 1.0260	   1.5050	        1.5052	          0.0002	   1.5625	1.619e-03	   0.025	   438.196
 747	187	 3.8384	 1.0268	   1.5050	        1.5052	          0.0002	   1.7079	1.986e-03	   0.024	   438.650
 748	187	 3.8383	 1.0269	   1.5050	        1.5052	          0.0002	   1.6269	2.014e-03	   0.025	   439.112
 749	188	 3.8381	 1.0269	   1.5050	        1.5052	          0.0002	   1.6226	2.006e-03	   0.028	   439.526
 750	188	 3.8384	 1.0263	   1.5050	        1.5052	          0.0002	   1.5769	1.742e-03	   0.025	   439.950
 751	188	 3.8384	 1.0266	   1.5050	        1.5052	          0.0002	   1.6513	1.867e-03	   0.023	   440.366
 752	188	 3.8384	 1.0270	   1.5050	        1.5052	          0.0002	   1.6614	2.077e-03	   0.028	   440.787
 753	189	 3.8382	 1.0276	   1.5050	        1.5052	          0.0002	   1.6793	2.333e-03	   0.023	   441.205
 754	189	 3.8384	 1.0273	   1.5050	        1.5052	          0.0002	   1.6019	2.205e-03	   0.022	   441.618
 755	189	 3.8386	 1.0275	   1.5050	        1.5052	          0.0002	   1.6457	2.301e-03	   0.026	   442.060
 756	189	 3.8385	 1.0273	   1.5050	        1.5052	          0.0002	   1.5973	2.179e-03	   0.028	   442.494
 757	190	 3.8382	 1.0275	   1.5050	        1.5052	          0.0002	   1.6425	2.285e-03	   0.027	   442.951
 758	190	 3.8382	 1.0274	   1.5050	        1.5052	          0.0002	   1.6185	2.252e-03	   0.025	   443.403
 759	190	 3.8385	 1.0271	   1.5050	        1.5052	          0.0002	   1.6041	2.110e-03	   0.028	   443.846
 760	190	 3.8383	 1.0271	   1.5050	        1.5052	          0.0002	   1.6186	2.095e-03	   0.023	   444.264
 761	191	 3.8384	 1.0275	   1.5050	        1.5052	          0.0002	   1.6626	2.267e-03	   0.024	   444.685
 762	191	 3.8380	 1.0274	   1.5050	        1.5052	          0.0002	   1.6044	2.256e-03	   0.026	   445.137
 763	191	 3.8381	 1.0268	   1.5050	        1.5052	          0.0002	   1.5689	1.956e-03	   0.031	   445.576
 764	191	 3.8382	 1.0269	   1.5050	        1.5052	          0.0002	   1.6486	2.037e-03	   0.026	   446.036
 765	192	 3.8377	 1.0270	   1.5050	        1.5052	          0.0002	   1.6214	2.062e-03	   0.025	   446.474
 766	192	 3.8385	 1.0270	   1.5050	        1.5052	          0.0002	   1.6343	2.047e-03	   0.029	   446.900
 767	192	 3.8388	 1.0271	   1.5050	        1.5052	          0.0002	   1.6394	2.088e-03	   0.023	   447.318
 768	192	 3.8384	 1.0265	   1.5050	        1.5052	          0.0002	   1.5695	1.829e-03	   0.022	   447.731
 769	193	 3.8379	 1.0265	   1.5050	        1.5052	          0.0002	   1.6199	1.854e-03	   0.024	   448.153
 770	193	 3.8383	 1.0268	   1.5050	        1.5052	          0.0002	   1.6482	1.953e-03	   0.029	   448.590
 771	193	 3.8384	 1.0263	   1.5050	        1.5052	          0.0002	   1.5956	1.757e-03	   0.025	   449.014
 772	193	 3.8386	 1.0266	   1.5050	        1.5052	          0.0002	   1.6504	1.883e-03	   0.025	   449.483
 773	194	 3.8384	 1.0268	   1.5050	        1.5052	          0.0002	   1.6358	1.969e-03	   0.030	   449.927
 774	194	 3.8387	 1.0271	   1.5050	        1.5052	          0.0002	   1.6563	2.093e-03	   0.023	   450.346
 775	194	 3.8388	 1.0273	   1.5050	        1.5052	          0.0002	   1.6569	2.216e-03	   0.022	   450.759
 776	194	 3.8387	 1.0267	   1.5050	        1.5052	          0.0002	   1.5640	1.925e-03	   0.026	   451.198
 777	195	 3.8390	 1.0267	   1.5050	        1.5052	          0.0002	   1.6304	1.913e-03	   0.028	   451.618
 778	195	 3.8385	 1.0273	   1.5050	        1.5052	          0.0002	   1.6655	2.198e-03	   0.025	   452.042
 779	195	 3.8385	 1.0268	   1.5050	        1.5052	          0.0002	   1.5836	1.986e-03	   0.023	   452.458
 780	195	 3.8382	 1.0272	   1.5050	        1.5052	          0.0002	   1.6571	2.154e-03	   0.028	   452.878
 781	196	 3.8386	 1.0278	   1.5050	        1.5052	          0.0002	   1.6850	2.427e-03	   0.021	   453.286
 782	196	 3.8382	 1.0276	   1.5050	        1.5052	          0.0002	   1.5997	2.333e-03	   0.023	   453.683
 783	196	 3.8387	 1.0267	   1.5050	        1.5052	          0.0002	   1.5519	1.914e-03	   0.024	   454.094
 784	196	 3.8387	 1.0265	   1.5050	        1.5052	          0.0002	   1.6130	1.826e-03	   0.025	   454.498
 785	197	 3.8388	 1.0265	   1.5050	        1.5052	          0.0002	   1.6362	1.838e-03	   0.024	   454.914
 786	197	 3.8385	 1.0261	   1.5050	        1.5052	          0.0002	   1.5789	1.652e-03	   0.025	   455.326
 787	197	 3.8384	 1.0268	   1.5050	        1.5052	          0.0002	   1.6842	1.950e-03	   0.024	   455.751
 788	197	 3.8384	 1.0264	   1.5050	        1.5052	          0.0002	   1.5895	1.779e-03	   0.020	   456.133
 789	198	 3.8386	 1.0263	   1.5050	        1.5052	          0.0002	   1.6259	1.754e-03	   0.022	   456.521
 790	198	 3.8387	 1.0258	   1.5050	        1.5052	          0.0002	   1.5704	1.515e-03	   0.024	   456.939
 791	198	 3.8385	 1.0255	   1.5050	        1.5052	          0.0002	   1.6029	1.407e-03	   0.026	   457.354
 792	198	 3.8384	 1.0264	   1.5050	        1.5052	          0.0002	   1.7007	1.770e-03	   0.022	   457.775
 793	199	 3.8382	 1.0264	   1.5050	        1.5052	          0.0002	   1.6271	1.791e-03	   0.022	   458.158
 794	199	 3.8382	 1.0258	   1.5050	        1.5052	          0.0002	   1.5762	1.535e-03	   0.024	   458.549
 795	199	 3.8382	 1.0262	   1.5050	        1.5052	          0.0002	   1.6598	1.689e-03	   0.020	   458.932
 796	199	 3.8381	 1.0261	   1.5050	        1.5052	          0.0002	   1.6125	1.675e-03	   0.022	   459.320
 797	200	 3.8380	 1.0260	   1.5050	        1.5052	          0.0002	   1.6175	1.611e-03	   0.023	   459.710
 798	200	 3.8379	 1.0264	   1.5050	        1.5052	          0.0002	   1.6540	1.775e-03	   0.023	   460.149
 799	200	 3.8380	 1.0262	   1.5050	        1.5052	          0.0002	   1.6083	1.690e-03	   0.020	   460.535
 800	200	 3.8381	 1.0258	   1.5050	        1.5052	          0.0002	   1.5905	1.545e-03	   0.020	   460.946

[BSGD] Finished on device cuda -> σ_f² ≈ 3.8381, σ_ε² ≈ 1.0258
