[GPU 1][JOB 138] 'python cli.py bsgd --n 1024 --lengthscale 0.5 --sigma-f2-true 4.0 --sigma-eps2-true 1.0 --n-epochs 200 --device auto --kernel-mode finite --theta-min 1e-4 --theta-max 20.0 --print-every 1 --seed 7 --batch-size 512 --sigma-f2-init 5.0 --sigma-eps2-init 3.0 --alpha1 9.0 '

=== BSGD (biased SGD on exact kernel) ===
iter	epoch	σ_f²	σ_ε²	real_nlml	real_nlml_true	real_nlml_abs_err	mini_nlml	||grad||	duration_s	wall_time_s
   1	 1	 4.3287	 2.0520	   1.5942	        1.5011	          0.0931	   1.6208	1.174e-01	   0.077	     0.132
   2	 1	 4.1163	 1.5760	   1.5396	        1.5011	          0.0385	   1.6048	1.066e-01	   0.035	     0.469
   3	 2	 4.0088	 1.2508	   1.5097	        1.5011	          0.0086	   1.5446	6.898e-02	   0.044	     0.850
   4	 2	 3.8810	 1.1053	   1.5021	        1.5011	          0.0010	   1.5470	3.095e-02	   0.055	     1.404
   5	 3	 3.7949	 1.0579	   1.5009	        1.5011	          0.0002	   1.5471	1.340e-02	   0.053	     2.079
   6	 3	 3.7488	 1.0213	   1.5007	        1.5011	          0.0004	   1.5335	2.670e-03	   0.073	     2.796
   7	 4	 3.7046	 1.0211	   1.5007	        1.5011	          0.0004	   1.5410	2.746e-03	   0.064	     3.564
   8	 4	 3.6763	 1.0269	   1.5006	        1.5011	          0.0005	   1.5454	7.787e-04	   0.072	     4.326
   9	 5	 3.6473	 1.0178	   1.5006	        1.5011	          0.0005	   1.5327	4.267e-03	   0.075	     5.124
  10	 5	 3.6089	 1.0292	   1.5006	        1.5011	          0.0005	   1.5534	1.292e-03	   0.074	     5.922
  11	 6	 3.5850	 1.0451	   1.5006	        1.5011	          0.0005	   1.5636	8.105e-03	   0.070	     6.742
  12	 6	 3.5664	 1.0273	   1.5006	        1.5011	          0.0005	   1.5285	7.027e-04	   0.081	     7.559
  13	 7	 3.5502	 1.0267	   1.5005	        1.5011	          0.0006	   1.5432	6.591e-04	   0.077	     8.404
  14	 7	 3.5343	 1.0274	   1.5005	        1.5011	          0.0006	   1.5445	6.914e-04	   0.068	     9.218
  15	 8	 3.5248	 1.0432	   1.5006	        1.5011	          0.0005	   1.5726	7.248e-03	   0.075	    10.052
  16	 8	 3.5117	 1.0219	   1.5005	        1.5011	          0.0006	   1.5105	2.349e-03	   0.075	    10.882
  17	 9	 3.4908	 1.0305	   1.5005	        1.5011	          0.0006	   1.5569	1.776e-03	   0.077	    11.708
  18	 9	 3.4902	 1.0250	   1.5005	        1.5011	          0.0006	   1.5361	1.042e-03	   0.067	    12.515
  19	10	 3.4688	 1.0245	   1.5005	        1.5011	          0.0006	   1.5403	1.218e-03	   0.079	    13.337
  20	10	 3.4668	 1.0257	   1.5005	        1.5011	          0.0006	   1.5470	7.636e-04	   0.074	    14.164
  21	11	 3.4632	 1.0204	   1.5005	        1.5011	          0.0006	   1.5328	3.033e-03	   0.069	    14.987
  22	11	 3.4558	 1.0225	   1.5005	        1.5011	          0.0006	   1.5460	2.089e-03	   0.075	    15.807
  23	12	 3.4470	 1.0271	   1.5005	        1.5011	          0.0006	   1.5502	5.475e-04	   0.078	    16.624
  24	12	 3.4464	 1.0177	   1.5005	        1.5011	          0.0006	   1.5216	4.296e-03	   0.075	    17.440
  25	13	 3.4460	 1.0116	   1.5005	        1.5011	          0.0006	   1.5235	7.219e-03	   0.076	    18.274
  26	13	 3.4379	 1.0217	   1.5005	        1.5011	          0.0006	   1.5661	2.445e-03	   0.079	    19.172
  27	14	 3.4263	 1.0302	   1.5005	        1.5011	          0.0006	   1.5639	1.611e-03	   0.079	    20.040
  28	14	 3.4281	 1.0207	   1.5005	        1.5011	          0.0006	   1.5181	2.883e-03	   0.070	    20.888
  29	15	 3.4243	 1.0332	   1.5005	        1.5011	          0.0006	   1.5830	2.921e-03	   0.075	    21.729
  30	15	 3.4143	 1.0234	   1.5005	        1.5011	          0.0006	   1.5107	1.683e-03	   0.084	    22.556
  31	16	 3.4034	 1.0118	   1.5005	        1.5011	          0.0006	   1.5000	7.099e-03	   0.067	    23.365
  32	16	 3.4039	 1.0271	   1.5005	        1.5011	          0.0006	   1.5928	4.946e-04	   0.090	    24.201
  33	17	 3.4054	 1.0271	   1.5005	        1.5011	          0.0006	   1.5461	5.006e-04	   0.070	    25.042
  34	17	 3.3942	 1.0269	   1.5005	        1.5011	          0.0006	   1.5398	4.741e-04	   0.076	    25.882
  35	18	 3.3889	 1.0200	   1.5005	        1.5011	          0.0006	   1.5153	3.196e-03	   0.078	    26.696
  36	18	 3.3901	 1.0255	   1.5005	        1.5011	          0.0006	   1.5662	7.736e-04	   0.076	    27.514
  37	19	 3.3813	 1.0291	   1.5004	        1.5011	          0.0006	   1.5528	1.104e-03	   0.073	    28.340
  38	19	 3.3800	 1.0237	   1.5004	        1.5011	          0.0006	   1.5243	1.510e-03	   0.065	    29.162
  39	20	 3.3783	 1.0259	   1.5004	        1.5011	          0.0007	   1.5527	6.225e-04	   0.078	    30.011
  40	20	 3.3721	 1.0245	   1.5004	        1.5011	          0.0007	   1.5351	1.193e-03	   0.080	    30.828
  41	21	 3.3735	 1.0245	   1.5004	        1.5011	          0.0007	   1.5445	1.195e-03	   0.069	    31.658
  42	21	 3.3684	 1.0245	   1.5004	        1.5011	          0.0007	   1.5420	1.186e-03	   0.078	    32.475
  43	22	 3.3705	 1.0248	   1.5004	        1.5011	          0.0007	   1.5460	1.063e-03	   0.072	    33.302
  44	22	 3.3646	 1.0250	   1.5004	        1.5011	          0.0007	   1.5422	9.774e-04	   0.071	    34.123
  45	23	 3.3619	 1.0231	   1.5004	        1.5011	          0.0007	   1.5330	1.775e-03	   0.080	    34.949
  46	23	 3.3580	 1.0273	   1.5004	        1.5011	          0.0007	   1.5634	4.609e-04	   0.068	    35.781
  47	24	 3.3569	 1.0284	   1.5004	        1.5011	          0.0007	   1.5504	8.217e-04	   0.078	    36.599
  48	24	 3.3535	 1.0285	   1.5004	        1.5011	          0.0007	   1.5443	8.716e-04	   0.065	    37.408
  49	25	 3.3505	 1.0206	   1.5004	        1.5011	          0.0007	   1.4991	2.926e-03	   0.083	    38.243
  50	25	 3.3507	 1.0276	   1.5004	        1.5011	          0.0007	   1.5822	5.390e-04	   0.085	    39.182
  51	26	 3.3474	 1.0268	   1.5004	        1.5011	          0.0007	   1.5414	4.122e-04	   0.076	    40.099
  52	26	 3.3475	 1.0279	   1.5004	        1.5011	          0.0007	   1.5478	6.209e-04	   0.085	    40.973
  53	27	 3.3489	 1.0244	   1.5004	        1.5011	          0.0007	   1.5229	1.224e-03	   0.071	    41.804
  54	27	 3.3440	 1.0271	   1.5004	        1.5011	          0.0007	   1.5593	4.176e-04	   0.071	    42.640
  55	28	 3.3450	 1.0273	   1.5004	        1.5011	          0.0007	   1.5449	4.444e-04	   0.073	    43.456
  56	28	 3.3384	 1.0276	   1.5004	        1.5011	          0.0007	   1.5439	5.101e-04	   0.078	    44.286
  57	29	 3.3356	 1.0224	   1.5004	        1.5011	          0.0007	   1.5112	2.087e-03	   0.075	    45.122
  58	29	 3.3331	 1.0255	   1.5004	        1.5011	          0.0007	   1.5583	7.517e-04	   0.074	    45.958
  59	30	 3.3313	 1.0220	   1.5004	        1.5011	          0.0007	   1.5206	2.262e-03	   0.075	    46.792
  60	30	 3.3304	 1.0258	   1.5004	        1.5011	          0.0007	   1.5678	6.329e-04	   0.075	    47.612
  61	31	 3.3290	 1.0230	   1.5004	        1.5011	          0.0007	   1.5232	1.834e-03	   0.061	    48.425
  62	31	 3.3274	 1.0279	   1.5004	        1.5011	          0.0007	   1.5759	5.975e-04	   0.083	    49.256
  63	32	 3.3223	 1.0278	   1.5004	        1.5011	          0.0007	   1.5441	5.661e-04	   0.084	    50.109
  64	32	 3.3258	 1.0268	   1.5004	        1.5011	          0.0007	   1.5371	3.834e-04	   0.075	    50.931
  65	33	 3.3233	 1.0199	   1.5004	        1.5011	          0.0007	   1.4902	3.271e-03	   0.072	    51.771
  66	33	 3.3230	 1.0265	   1.5004	        1.5011	          0.0007	   1.5925	4.108e-04	   0.069	    52.592
  67	34	 3.3233	 1.0261	   1.5004	        1.5011	          0.0007	   1.5423	5.094e-04	   0.074	    53.418
  68	34	 3.3199	 1.0253	   1.5004	        1.5011	          0.0007	   1.5347	7.964e-04	   0.070	    54.225
  69	35	 3.3172	 1.0237	   1.5004	        1.5011	          0.0007	   1.5302	1.501e-03	   0.083	    55.053
  70	35	 3.3182	 1.0263	   1.5004	        1.5011	          0.0007	   1.5632	4.583e-04	   0.074	    55.889
  71	36	 3.3173	 1.0247	   1.5004	        1.5011	          0.0007	   1.5291	1.065e-03	   0.062	    56.709
  72	36	 3.3161	 1.0271	   1.5004	        1.5011	          0.0007	   1.5640	3.887e-04	   0.082	    57.536
  73	37	 3.3157	 1.0285	   1.5004	        1.5011	          0.0007	   1.5574	8.442e-04	   0.074	    58.354
  74	37	 3.3134	 1.0276	   1.5004	        1.5011	          0.0007	   1.5336	4.887e-04	   0.076	    59.192
  75	38	 3.3095	 1.0260	   1.5004	        1.5011	          0.0007	   1.5289	5.536e-04	   0.081	    60.080
  76	38	 3.3109	 1.0280	   1.5004	        1.5011	          0.0007	   1.5612	6.242e-04	   0.078	    60.946
  77	39	 3.3070	 1.0293	   1.5004	        1.5011	          0.0007	   1.5522	1.163e-03	   0.081	    61.815
  78	39	 3.3086	 1.0278	   1.5004	        1.5011	          0.0007	   1.5349	5.569e-04	   0.064	    62.648
  79	40	 3.3094	 1.0255	   1.5004	        1.5011	          0.0007	   1.5242	7.348e-04	   0.083	    63.473
  80	40	 3.3070	 1.0264	   1.5004	        1.5011	          0.0007	   1.5500	4.128e-04	   0.074	    64.286
  81	41	 3.3045	 1.0287	   1.5004	        1.5011	          0.0007	   1.5623	9.134e-04	   0.066	    65.094
  82	41	 3.3055	 1.0271	   1.5004	        1.5011	          0.0007	   1.5319	3.678e-04	   0.079	    65.955
  83	42	 3.3036	 1.0267	   1.5004	        1.5011	          0.0007	   1.5387	3.648e-04	   0.079	    66.804
  84	42	 3.3026	 1.0277	   1.5004	        1.5011	          0.0007	   1.5538	5.041e-04	   0.078	    67.626
  85	43	 3.3023	 1.0248	   1.5004	        1.5011	          0.0007	   1.5119	1.032e-03	   0.067	    68.433
  86	43	 3.3011	 1.0292	   1.5004	        1.5011	          0.0007	   1.5879	1.103e-03	   0.075	    69.256
  87	44	 3.2988	 1.0268	   1.5004	        1.5011	          0.0007	   1.5158	3.485e-04	   0.071	    70.092
  88	44	 3.3008	 1.0293	   1.5004	        1.5011	          0.0007	   1.5742	1.170e-03	   0.070	    70.930
  89	45	 3.3019	 1.0297	   1.5004	        1.5011	          0.0007	   1.5474	1.341e-03	   0.076	    71.759
  90	45	 3.2986	 1.0295	   1.5004	        1.5011	          0.0007	   1.5433	1.253e-03	   0.077	    72.603
  91	46	 3.2968	 1.0272	   1.5004	        1.5011	          0.0007	   1.5175	3.691e-04	   0.070	    73.418
  92	46	 3.2974	 1.0290	   1.5004	        1.5011	          0.0007	   1.5671	1.014e-03	   0.085	    74.238
  93	47	 3.2971	 1.0284	   1.5004	        1.5011	          0.0007	   1.5381	7.726e-04	   0.079	    75.096
  94	47	 3.2951	 1.0303	   1.5004	        1.5011	          0.0007	   1.5646	1.588e-03	   0.083	    76.011
  95	48	 3.2942	 1.0334	   1.5004	        1.5011	          0.0007	   1.5808	2.958e-03	   0.084	    76.946
  96	48	 3.2940	 1.0303	   1.5004	        1.5011	          0.0007	   1.5103	1.568e-03	   0.083	    77.832
  97	49	 3.2920	 1.0300	   1.5004	        1.5011	          0.0007	   1.5424	1.442e-03	   0.082	    78.705
  98	49	 3.2914	 1.0307	   1.5004	        1.5011	          0.0007	   1.5516	1.752e-03	   0.071	    79.577
  99	50	 3.2912	 1.0314	   1.5004	        1.5011	          0.0007	   1.5551	2.089e-03	   0.081	    80.478
 100	50	 3.2907	 1.0307	   1.5004	        1.5011	          0.0007	   1.5358	1.739e-03	   0.075	    81.354
 101	51	 3.2899	 1.0322	   1.5004	        1.5011	          0.0007	   1.5609	2.416e-03	   0.074	    82.207
 102	51	 3.2898	 1.0320	   1.5004	        1.5011	          0.0007	   1.5456	2.325e-03	   0.075	    83.047
 103	52	 3.2891	 1.0316	   1.5004	        1.5011	          0.0007	   1.5437	2.170e-03	   0.079	    83.883
 104	52	 3.2891	 1.0305	   1.5004	        1.5011	          0.0007	   1.5323	1.678e-03	   0.072	    84.702
 105	53	 3.2895	 1.0293	   1.5004	        1.5011	          0.0007	   1.5333	1.153e-03	   0.075	    85.522
 106	53	 3.2888	 1.0298	   1.5004	        1.5011	          0.0007	   1.5503	1.382e-03	   0.067	    86.359
 107	54	 3.2879	 1.0330	   1.5004	        1.5011	          0.0007	   1.5845	2.776e-03	   0.078	    87.204
 108	54	 3.2883	 1.0297	   1.5004	        1.5011	          0.0007	   1.5056	1.317e-03	   0.066	    88.027
 109	55	 3.2866	 1.0282	   1.5004	        1.5011	          0.0007	   1.5246	6.961e-04	   0.076	    88.846
 110	55	 3.2867	 1.0291	   1.5004	        1.5011	          0.0007	   1.5559	1.049e-03	   0.073	    89.673
 111	56	 3.2844	 1.0326	   1.5004	        1.5011	          0.0007	   1.5866	2.594e-03	   0.067	    90.489
 112	56	 3.2847	 1.0295	   1.5004	        1.5011	          0.0007	   1.5078	1.231e-03	   0.088	    91.350
 113	57	 3.2824	 1.0299	   1.5004	        1.5011	          0.0007	   1.5490	1.422e-03	   0.067	    92.173
 114	57	 3.2830	 1.0300	   1.5004	        1.5011	          0.0007	   1.5475	1.446e-03	   0.078	    93.013
 115	58	 3.2829	 1.0255	   1.5004	        1.5011	          0.0007	   1.4866	7.029e-04	   0.072	    93.826
 116	58	 3.2815	 1.0289	   1.5004	        1.5011	          0.0007	   1.5879	9.734e-04	   0.078	    94.655
 117	59	 3.2807	 1.0298	   1.5004	        1.5011	          0.0007	   1.5571	1.351e-03	   0.071	    95.477
 118	59	 3.2797	 1.0299	   1.5004	        1.5011	          0.0007	   1.5444	1.389e-03	   0.068	    96.290
 119	60	 3.2799	 1.0292	   1.5004	        1.5011	          0.0007	   1.5369	1.076e-03	   0.082	    97.140
 120	60	 3.2784	 1.0298	   1.5004	        1.5011	          0.0007	   1.5511	1.340e-03	   0.075	    97.949
 121	61	 3.2787	 1.0275	   1.5004	        1.5011	          0.0007	   1.5112	4.071e-04	   0.066	    98.764
 122	61	 3.2780	 1.0294	   1.5004	        1.5011	          0.0007	   1.5731	1.163e-03	   0.081	    99.625
 123	62	 3.2777	 1.0297	   1.5004	        1.5011	          0.0007	   1.5508	1.317e-03	   0.080	   100.471
 124	62	 3.2774	 1.0290	   1.5004	        1.5011	          0.0007	   1.5339	1.030e-03	   0.080	   101.331
 125	63	 3.2778	 1.0292	   1.5004	        1.5011	          0.0007	   1.5463	1.075e-03	   0.080	   102.186
 126	63	 3.2760	 1.0290	   1.5004	        1.5011	          0.0007	   1.5421	1.017e-03	   0.073	   103.041
 127	64	 3.2760	 1.0296	   1.5004	        1.5011	          0.0007	   1.5538	1.268e-03	   0.071	   103.887
 128	64	 3.2761	 1.0290	   1.5004	        1.5011	          0.0007	   1.5363	1.024e-03	   0.066	   104.699
 129	65	 3.2776	 1.0294	   1.5004	        1.5011	          0.0007	   1.5539	1.191e-03	   0.082	   105.531
 130	65	 3.2753	 1.0290	   1.5004	        1.5011	          0.0007	   1.5345	1.006e-03	   0.073	   106.347
 131	66	 3.2742	 1.0278	   1.5004	        1.5011	          0.0007	   1.5256	5.184e-04	   0.081	   107.200
 132	66	 3.2744	 1.0293	   1.5004	        1.5011	          0.0007	   1.5687	1.155e-03	   0.079	   108.039
 133	67	 3.2753	 1.0311	   1.5004	        1.5011	          0.0007	   1.5718	1.933e-03	   0.074	   108.859
 134	67	 3.2738	 1.0301	   1.5004	        1.5011	          0.0007	   1.5291	1.508e-03	   0.069	   109.677
 135	68	 3.2736	 1.0289	   1.5004	        1.5011	          0.0007	   1.5261	9.692e-04	   0.078	   110.492
 136	68	 3.2738	 1.0293	   1.5004	        1.5011	          0.0007	   1.5527	1.139e-03	   0.079	   111.336
 137	69	 3.2739	 1.0282	   1.5004	        1.5011	          0.0007	   1.5282	6.921e-04	   0.073	   112.175
 138	69	 3.2726	 1.0291	   1.5004	        1.5011	          0.0007	   1.5576	1.048e-03	   0.064	   112.991
 139	70	 3.2713	 1.0287	   1.5004	        1.5011	          0.0007	   1.5383	8.989e-04	   0.075	   113.840
 140	70	 3.2711	 1.0293	   1.5004	        1.5011	          0.0007	   1.5538	1.142e-03	   0.078	   114.665
 141	71	 3.2717	 1.0299	   1.5004	        1.5011	          0.0007	   1.5578	1.413e-03	   0.065	   115.471
 142	71	 3.2708	 1.0293	   1.5004	        1.5011	          0.0007	   1.5314	1.119e-03	   0.082	   116.293
 143	72	 3.2723	 1.0281	   1.5004	        1.5011	          0.0007	   1.5282	6.454e-04	   0.074	   117.114
 144	72	 3.2700	 1.0288	   1.5004	        1.5011	          0.0007	   1.5536	9.353e-04	   0.080	   118.005
 145	73	 3.2703	 1.0312	   1.5004	        1.5011	          0.0007	   1.5850	1.970e-03	   0.072	   118.880
 146	73	 3.2686	 1.0289	   1.5004	        1.5011	          0.0007	   1.5056	9.633e-04	   0.073	   119.727
 147	74	 3.2677	 1.0297	   1.5004	        1.5011	          0.0007	   1.5588	1.324e-03	   0.075	   120.558
 148	74	 3.2667	 1.0292	   1.5004	        1.5011	          0.0007	   1.5322	1.084e-03	   0.073	   121.394
 149	75	 3.2657	 1.0307	   1.5004	        1.5011	          0.0007	   1.5680	1.730e-03	   0.081	   122.283
 150	75	 3.2651	 1.0290	   1.5004	        1.5011	          0.0007	   1.5177	1.016e-03	   0.078	   123.139
 151	76	 3.2646	 1.0297	   1.5004	        1.5011	          0.0007	   1.5574	1.306e-03	   0.069	   123.983
 152	76	 3.2643	 1.0292	   1.5004	        1.5011	          0.0007	   1.5361	1.099e-03	   0.078	   124.809
 153	77	 3.2646	 1.0325	   1.5004	        1.5011	          0.0007	   1.6008	2.528e-03	   0.076	   125.625
 154	77	 3.2647	 1.0285	   1.5004	        1.5011	          0.0007	   1.4795	7.878e-04	   0.074	   126.437
 155	78	 3.2635	 1.0280	   1.5004	        1.5011	          0.0007	   1.5322	5.713e-04	   0.078	   127.274
 156	78	 3.2635	 1.0288	   1.5004	        1.5011	          0.0007	   1.5607	9.233e-04	   0.077	   128.119
 157	79	 3.2627	 1.0275	   1.5004	        1.5011	          0.0007	   1.5198	3.922e-04	   0.078	   128.963
 158	79	 3.2627	 1.0291	   1.5004	        1.5011	          0.0007	   1.5736	1.044e-03	   0.069	   129.770
 159	80	 3.2638	 1.0310	   1.5004	        1.5011	          0.0007	   1.5826	1.869e-03	   0.080	   130.589
 160	80	 3.2629	 1.0292	   1.5004	        1.5011	          0.0007	   1.5111	1.085e-03	   0.072	   131.407
 161	81	 3.2628	 1.0279	   1.5004	        1.5011	          0.0007	   1.5216	5.400e-04	   0.073	   132.251
 162	81	 3.2625	 1.0290	   1.5004	        1.5011	          0.0007	   1.5642	9.977e-04	   0.073	   133.090
 163	82	 3.2621	 1.0286	   1.5004	        1.5011	          0.0007	   1.5389	8.171e-04	   0.080	   133.936
 164	82	 3.2628	 1.0287	   1.5004	        1.5011	          0.0007	   1.5459	8.596e-04	   0.076	   134.756
 165	83	 3.2647	 1.0275	   1.5004	        1.5011	          0.0007	   1.5253	4.039e-04	   0.074	   135.566
 166	83	 3.2625	 1.0286	   1.5004	        1.5011	          0.0007	   1.5633	8.489e-04	   0.068	   136.390
 167	84	 3.2615	 1.0291	   1.5004	        1.5011	          0.0007	   1.5534	1.032e-03	   0.074	   137.209
 168	84	 3.2617	 1.0287	   1.5004	        1.5011	          0.0007	   1.5360	8.775e-04	   0.073	   138.048
 169	85	 3.2633	 1.0277	   1.5004	        1.5011	          0.0007	   1.5257	4.790e-04	   0.081	   138.892
 170	85	 3.2620	 1.0286	   1.5004	        1.5011	          0.0007	   1.5633	8.483e-04	   0.075	   139.729
 171	86	 3.2608	 1.0304	   1.5004	        1.5011	          0.0007	   1.5747	1.638e-03	   0.064	   140.541
 172	86	 3.2610	 1.0287	   1.5004	        1.5011	          0.0007	   1.5151	8.737e-04	   0.090	   141.383
 173	87	 3.2613	 1.0271	   1.5004	        1.5011	          0.0007	   1.5115	3.007e-04	   0.068	   142.242
 174	87	 3.2605	 1.0287	   1.5004	        1.5011	          0.0007	   1.5764	8.559e-04	   0.077	   143.105
 175	88	 3.2598	 1.0294	   1.5004	        1.5011	          0.0007	   1.5601	1.192e-03	   0.080	   143.960
 176	88	 3.2605	 1.0282	   1.5004	        1.5011	          0.0007	   1.5215	6.653e-04	   0.080	   144.804
 177	89	 3.2618	 1.0270	   1.5004	        1.5011	          0.0007	   1.5218	2.928e-04	   0.075	   145.629
 178	89	 3.2604	 1.0282	   1.5004	        1.5011	          0.0007	   1.5645	6.414e-04	   0.064	   146.437
 179	90	 3.2599	 1.0292	   1.5004	        1.5011	          0.0007	   1.5644	1.073e-03	   0.075	   147.269
 180	90	 3.2599	 1.0287	   1.5004	        1.5011	          0.0007	   1.5353	8.760e-04	   0.079	   148.118
 181	91	 3.2600	 1.0273	   1.5004	        1.5011	          0.0007	   1.5167	3.450e-04	   0.073	   148.953
 182	91	 3.2594	 1.0291	   1.5004	        1.5011	          0.0007	   1.5810	1.063e-03	   0.076	   149.767
 183	92	 3.2586	 1.0292	   1.5004	        1.5011	          0.0007	   1.5467	1.100e-03	   0.074	   150.596
 184	92	 3.2586	 1.0292	   1.5004	        1.5011	          0.0007	   1.5423	1.087e-03	   0.072	   151.415
 185	93	 3.2584	 1.0290	   1.5004	        1.5011	          0.0007	   1.5443	1.021e-03	   0.082	   152.261
 186	93	 3.2580	 1.0292	   1.5004	        1.5011	          0.0007	   1.5446	1.086e-03	   0.079	   153.184
 187	94	 3.2575	 1.0275	   1.5004	        1.5011	          0.0007	   1.5087	3.880e-04	   0.085	   154.093
 188	94	 3.2567	 1.0291	   1.5004	        1.5011	          0.0007	   1.5745	1.029e-03	   0.071	   155.009
 189	95	 3.2555	 1.0288	   1.5004	        1.5011	          0.0007	   1.5382	9.280e-04	   0.088	   155.895
 190	95	 3.2560	 1.0293	   1.5004	        1.5011	          0.0007	   1.5573	1.138e-03	   0.074	   156.779
 191	96	 3.2562	 1.0293	   1.5004	        1.5011	          0.0007	   1.5434	1.120e-03	   0.073	   157.636
 192	96	 3.2560	 1.0296	   1.5004	        1.5011	          0.0007	   1.5528	1.261e-03	   0.094	   158.502
 193	97	 3.2557	 1.0277	   1.5004	        1.5011	          0.0007	   1.5016	4.586e-04	   0.076	   159.367
 194	97	 3.2557	 1.0297	   1.5004	        1.5011	          0.0007	   1.5901	1.307e-03	   0.070	   160.204
 195	98	 3.2558	 1.0296	   1.5004	        1.5011	          0.0007	   1.5393	1.246e-03	   0.075	   161.019
 196	98	 3.2563	 1.0293	   1.5004	        1.5011	          0.0007	   1.5439	1.147e-03	   0.079	   161.852
 197	99	 3.2562	 1.0290	   1.5004	        1.5011	          0.0007	   1.5324	9.894e-04	   0.077	   162.696
 198	99	 3.2560	 1.0293	   1.5004	        1.5011	          0.0007	   1.5550	1.124e-03	   0.075	   163.568
 199	100	 3.2556	 1.0296	   1.5004	        1.5011	          0.0007	   1.5499	1.279e-03	   0.074	   164.423
 200	100	 3.2554	 1.0291	   1.5004	        1.5011	          0.0007	   1.5354	1.057e-03	   0.078	   165.272
 201	101	 3.2557	 1.0293	   1.5004	        1.5011	          0.0007	   1.5500	1.132e-03	   0.061	   166.096
 202	101	 3.2553	 1.0289	   1.5004	        1.5011	          0.0007	   1.5346	9.586e-04	   0.079	   166.925
 203	102	 3.2554	 1.0284	   1.5004	        1.5011	          0.0007	   1.5311	7.203e-04	   0.076	   167.747
 204	102	 3.2547	 1.0289	   1.5004	        1.5011	          0.0007	   1.5555	9.453e-04	   0.083	   168.580
 205	103	 3.2538	 1.0301	   1.5004	        1.5011	          0.0007	   1.5734	1.468e-03	   0.072	   169.422
 206	103	 3.2542	 1.0291	   1.5004	        1.5011	          0.0007	   1.5206	1.035e-03	   0.071	   170.254
 207	104	 3.2549	 1.0287	   1.5004	        1.5011	          0.0007	   1.5403	8.882e-04	   0.071	   171.080
 208	104	 3.2532	 1.0292	   1.5004	        1.5011	          0.0007	   1.5504	1.089e-03	   0.069	   171.889
 209	105	 3.2529	 1.0284	   1.5004	        1.5011	          0.0007	   1.5250	7.303e-04	   0.084	   172.715
 210	105	 3.2525	 1.0297	   1.5004	        1.5011	          0.0007	   1.5754	1.315e-03	   0.077	   173.554
 211	106	 3.2529	 1.0305	   1.5004	        1.5011	          0.0007	   1.5622	1.655e-03	   0.066	   174.393
 212	106	 3.2525	 1.0298	   1.5004	        1.5011	          0.0007	   1.5310	1.362e-03	   0.082	   175.235
 213	107	 3.2517	 1.0290	   1.5004	        1.5011	          0.0007	   1.5210	9.951e-04	   0.074	   176.061
 214	107	 3.2522	 1.0306	   1.5004	        1.5011	          0.0007	   1.5865	1.686e-03	   0.072	   176.874
 215	108	 3.2513	 1.0298	   1.5004	        1.5011	          0.0007	   1.5217	1.360e-03	   0.078	   177.685
 216	108	 3.2514	 1.0309	   1.5004	        1.5011	          0.0007	   1.5765	1.852e-03	   0.075	   178.511
 217	109	 3.2502	 1.0300	   1.5004	        1.5011	          0.0007	   1.5216	1.441e-03	   0.080	   179.396
 218	109	 3.2508	 1.0309	   1.5004	        1.5011	          0.0007	   1.5660	1.820e-03	   0.061	   180.207
 219	110	 3.2503	 1.0317	   1.5004	        1.5011	          0.0007	   1.5635	2.190e-03	   0.078	   181.035
 220	110	 3.2502	 1.0310	   1.5004	        1.5011	          0.0007	   1.5308	1.894e-03	   0.076	   181.851
 221	111	 3.2507	 1.0291	   1.5004	        1.5011	          0.0007	   1.4959	1.028e-03	   0.070	   182.667
 222	111	 3.2501	 1.0307	   1.5004	        1.5011	          0.0007	   1.5871	1.749e-03	   0.075	   183.542
 223	112	 3.2503	 1.0300	   1.5004	        1.5011	          0.0007	   1.5304	1.452e-03	   0.078	   184.405
 224	112	 3.2498	 1.0308	   1.5004	        1.5011	          0.0007	   1.5643	1.800e-03	   0.076	   185.271
 225	113	 3.2504	 1.0323	   1.5004	        1.5011	          0.0007	   1.5859	2.469e-03	   0.074	   186.111
 226	113	 3.2494	 1.0309	   1.5004	        1.5011	          0.0007	   1.5081	1.850e-03	   0.072	   186.927
 227	114	 3.2502	 1.0299	   1.5004	        1.5011	          0.0007	   1.5159	1.391e-03	   0.068	   187.743
 228	114	 3.2494	 1.0307	   1.5004	        1.5011	          0.0007	   1.5686	1.753e-03	   0.073	   188.561
 229	115	 3.2490	 1.0301	   1.5004	        1.5011	          0.0007	   1.5312	1.488e-03	   0.076	   189.414
 230	115	 3.2487	 1.0305	   1.5004	        1.5011	          0.0007	   1.5530	1.665e-03	   0.076	   190.265
 231	116	 3.2488	 1.0302	   1.5004	        1.5011	          0.0007	   1.5390	1.525e-03	   0.071	   191.080
 232	116	 3.2480	 1.0305	   1.5004	        1.5011	          0.0007	   1.5519	1.663e-03	   0.085	   191.898
 233	117	 3.2480	 1.0307	   1.5004	        1.5011	          0.0007	   1.5508	1.757e-03	   0.073	   192.718
 234	117	 3.2480	 1.0306	   1.5004	        1.5011	          0.0007	   1.5449	1.722e-03	   0.074	   193.546
 235	118	 3.2482	 1.0310	   1.5004	        1.5011	          0.0007	   1.5528	1.858e-03	   0.075	   194.397
 236	118	 3.2478	 1.0300	   1.5004	        1.5011	          0.0007	   1.5218	1.450e-03	   0.079	   195.223
 237	119	 3.2481	 1.0288	   1.5004	        1.5011	          0.0007	   1.5133	9.138e-04	   0.083	   196.094
 238	119	 3.2474	 1.0300	   1.5004	        1.5011	          0.0007	   1.5755	1.450e-03	   0.064	   196.938
 239	120	 3.2472	 1.0293	   1.5004	        1.5011	          0.0007	   1.5249	1.126e-03	   0.076	   197.770
 240	120	 3.2468	 1.0303	   1.5004	        1.5011	          0.0007	   1.5720	1.572e-03	   0.077	   198.629
 241	121	 3.2472	 1.0302	   1.5004	        1.5011	          0.0007	   1.5433	1.531e-03	   0.073	   199.474
 242	121	 3.2466	 1.0302	   1.5004	        1.5011	          0.0007	   1.5449	1.526e-03	   0.079	   200.320
 243	122	 3.2469	 1.0306	   1.5004	        1.5011	          0.0007	   1.5568	1.694e-03	   0.078	   201.136
 244	122	 3.2464	 1.0302	   1.5004	        1.5011	          0.0007	   1.5328	1.508e-03	   0.072	   201.955
 245	123	 3.2460	 1.0284	   1.5004	        1.5011	          0.0007	   1.4939	7.241e-04	   0.073	   202.773
 246	123	 3.2460	 1.0303	   1.5004	        1.5011	          0.0007	   1.5990	1.561e-03	   0.066	   203.606
 247	124	 3.2466	 1.0307	   1.5004	        1.5011	          0.0007	   1.5588	1.754e-03	   0.080	   204.490
 248	124	 3.2464	 1.0302	   1.5004	        1.5011	          0.0007	   1.5310	1.517e-03	   0.064	   205.284
 249	125	 3.2466	 1.0299	   1.5004	        1.5011	          0.0007	   1.5395	1.399e-03	   0.070	   206.034
 250	125	 3.2460	 1.0302	   1.5004	        1.5011	          0.0007	   1.5534	1.539e-03	   0.062	   206.766
 251	126	 3.2464	 1.0302	   1.5004	        1.5011	          0.0007	   1.5471	1.536e-03	   0.062	   207.466
 252	126	 3.2459	 1.0300	   1.5004	        1.5011	          0.0007	   1.5356	1.420e-03	   0.070	   208.172
 253	127	 3.2460	 1.0293	   1.5004	        1.5011	          0.0007	   1.5254	1.144e-03	   0.071	   208.884
 254	127	 3.2458	 1.0301	   1.5004	        1.5011	          0.0007	   1.5682	1.469e-03	   0.063	   209.587
 255	128	 3.2453	 1.0308	   1.5004	        1.5011	          0.0007	   1.5682	1.803e-03	   0.072	   210.269
 256	128	 3.2448	 1.0301	   1.5004	        1.5011	          0.0007	   1.5219	1.494e-03	   0.068	   210.927
 257	129	 3.2455	 1.0292	   1.5004	        1.5011	          0.0007	   1.5192	1.068e-03	   0.061	   211.588
 258	129	 3.2445	 1.0298	   1.5004	        1.5011	          0.0007	   1.5605	1.358e-03	   0.068	   212.250
 259	130	 3.2442	 1.0292	   1.5004	        1.5011	          0.0007	   1.5273	1.101e-03	   0.058	   212.928
 260	130	 3.2445	 1.0300	   1.5004	        1.5011	          0.0007	   1.5667	1.420e-03	   0.061	   213.612
 261	131	 3.2437	 1.0296	   1.5004	        1.5011	          0.0007	   1.5340	1.277e-03	   0.061	   214.289
 262	131	 3.2440	 1.0301	   1.5004	        1.5011	          0.0007	   1.5587	1.475e-03	   0.057	   214.956
 263	132	 3.2428	 1.0298	   1.5004	        1.5011	          0.0007	   1.5294	1.330e-03	   0.063	   215.623
 264	132	 3.2432	 1.0298	   1.5004	        1.5011	          0.0007	   1.5508	1.354e-03	   0.062	   216.313
 265	133	 3.2423	 1.0298	   1.5004	        1.5011	          0.0007	   1.5417	1.364e-03	   0.063	   216.983
 266	133	 3.2427	 1.0300	   1.5004	        1.5011	          0.0007	   1.5518	1.415e-03	   0.063	   217.657
 267	134	 3.2428	 1.0300	   1.5004	        1.5011	          0.0007	   1.5432	1.428e-03	   0.061	   218.325
 268	134	 3.2424	 1.0297	   1.5004	        1.5011	          0.0007	   1.5384	1.302e-03	   0.068	   218.990
 269	135	 3.2417	 1.0295	   1.5004	        1.5011	          0.0007	   1.5365	1.214e-03	   0.060	   219.650
 270	135	 3.2417	 1.0300	   1.5004	        1.5011	          0.0007	   1.5611	1.433e-03	   0.071	   220.322
 271	136	 3.2408	 1.0291	   1.5004	        1.5011	          0.0007	   1.5131	1.034e-03	   0.067	   221.027
 272	136	 3.2412	 1.0299	   1.5004	        1.5011	          0.0007	   1.5720	1.375e-03	   0.062	   221.726
 273	137	 3.2410	 1.0317	   1.5004	        1.5011	          0.0007	   1.6026	2.169e-03	   0.065	   222.430
 274	137	 3.2408	 1.0299	   1.5004	        1.5011	          0.0007	   1.4894	1.397e-03	   0.060	   223.115
 275	138	 3.2399	 1.0298	   1.5004	        1.5011	          0.0007	   1.5362	1.345e-03	   0.062	   223.781
 276	138	 3.2403	 1.0299	   1.5004	        1.5011	          0.0007	   1.5519	1.387e-03	   0.058	   224.437
 277	139	 3.2404	 1.0308	   1.5004	        1.5011	          0.0007	   1.5750	1.796e-03	   0.055	   225.098
 278	139	 3.2398	 1.0297	   1.5004	        1.5011	          0.0007	   1.5100	1.312e-03	   0.066	   225.813
 279	140	 3.2393	 1.0298	   1.5004	        1.5011	          0.0007	   1.5441	1.349e-03	   0.068	   226.595
 280	140	 3.2398	 1.0299	   1.5004	        1.5011	          0.0007	   1.5509	1.384e-03	   0.073	   227.357
 281	141	 3.2400	 1.0311	   1.5004	        1.5011	          0.0007	   1.5878	1.935e-03	   0.062	   228.070
 282	141	 3.2393	 1.0301	   1.5004	        1.5011	          0.0007	   1.5082	1.486e-03	   0.064	   228.735
 283	142	 3.2390	 1.0303	   1.5004	        1.5011	          0.0007	   1.5511	1.561e-03	   0.077	   229.443
 284	142	 3.2391	 1.0300	   1.5004	        1.5011	          0.0007	   1.5359	1.445e-03	   0.065	   230.173
 285	143	 3.2384	 1.0304	   1.5004	        1.5011	          0.0007	   1.5530	1.587e-03	   0.069	   230.864
 286	143	 3.2391	 1.0299	   1.5004	        1.5011	          0.0007	   1.5327	1.367e-03	   0.060	   231.547
 287	144	 3.2387	 1.0298	   1.5004	        1.5011	          0.0007	   1.5443	1.354e-03	   0.063	   232.234
 288	144	 3.2386	 1.0300	   1.5004	        1.5011	          0.0007	   1.5487	1.423e-03	   0.062	   232.926
 289	145	 3.2390	 1.0308	   1.5004	        1.5011	          0.0007	   1.5746	1.800e-03	   0.053	   233.598
 290	145	 3.2383	 1.0300	   1.5004	        1.5011	          0.0007	   1.5149	1.414e-03	   0.062	   234.266
 291	146	 3.2378	 1.0289	   1.5004	        1.5011	          0.0007	   1.5055	9.305e-04	   0.056	   234.945
 292	146	 3.2384	 1.0301	   1.5004	        1.5011	          0.0007	   1.5898	1.462e-03	   0.059	   235.608
 293	147	 3.2382	 1.0308	   1.5004	        1.5011	          0.0007	   1.5673	1.801e-03	   0.061	   236.269
 294	147	 3.2380	 1.0302	   1.5004	        1.5011	          0.0007	   1.5273	1.538e-03	   0.059	   236.927
 295	148	 3.2378	 1.0292	   1.5004	        1.5011	          0.0007	   1.5089	1.084e-03	   0.068	   237.618
 296	148	 3.2378	 1.0299	   1.5004	        1.5011	          0.0007	   1.5704	1.395e-03	   0.072	   238.337
 297	149	 3.2380	 1.0301	   1.5004	        1.5011	          0.0007	   1.5529	1.466e-03	   0.064	   239.037
 298	149	 3.2377	 1.0297	   1.5004	        1.5011	          0.0007	   1.5313	1.318e-03	   0.067	   239.727
 299	150	 3.2373	 1.0312	   1.5004	        1.5011	          0.0007	   1.5960	1.951e-03	   0.061	   240.400
 300	150	 3.2374	 1.0299	   1.5004	        1.5011	          0.0007	   1.5014	1.404e-03	   0.064	   241.060
 301	151	 3.2375	 1.0300	   1.5004	        1.5011	          0.0007	   1.5479	1.414e-03	   0.059	   241.720
 302	151	 3.2373	 1.0297	   1.5004	        1.5011	          0.0007	   1.5342	1.285e-03	   0.060	   242.392
 303	152	 3.2364	 1.0293	   1.5004	        1.5011	          0.0007	   1.5280	1.109e-03	   0.064	   243.089
 304	152	 3.2367	 1.0297	   1.5004	        1.5011	          0.0007	   1.5632	1.308e-03	   0.050	   243.757
 305	153	 3.2361	 1.0287	   1.5004	        1.5011	          0.0007	   1.5056	8.400e-04	   0.060	   244.421
 306	153	 3.2368	 1.0296	   1.5004	        1.5011	          0.0007	   1.5807	1.254e-03	   0.053	   245.079
 307	154	 3.2376	 1.0290	   1.5004	        1.5011	          0.0007	   1.5271	9.805e-04	   0.059	   245.744
 308	154	 3.2368	 1.0294	   1.5004	        1.5011	          0.0007	   1.5571	1.171e-03	   0.065	   246.431
 309	155	 3.2363	 1.0294	   1.5004	        1.5011	          0.0007	   1.5425	1.153e-03	   0.061	   247.112
 310	155	 3.2366	 1.0296	   1.5004	        1.5011	          0.0007	   1.5521	1.241e-03	   0.073	   247.796
 311	156	 3.2363	 1.0301	   1.5004	        1.5011	          0.0007	   1.5647	1.488e-03	   0.066	   248.468
 312	156	 3.2361	 1.0297	   1.5004	        1.5011	          0.0007	   1.5293	1.304e-03	   0.064	   249.159
 313	157	 3.2361	 1.0296	   1.5004	        1.5011	          0.0007	   1.5424	1.258e-03	   0.063	   249.817
 314	157	 3.2360	 1.0295	   1.5004	        1.5011	          0.0007	   1.5380	1.201e-03	   0.059	   250.476
 315	158	 3.2353	 1.0297	   1.5004	        1.5011	          0.0007	   1.5459	1.288e-03	   0.068	   251.156
 316	158	 3.2352	 1.0293	   1.5004	        1.5011	          0.0007	   1.5368	1.138e-03	   0.060	   251.821
 317	159	 3.2355	 1.0294	   1.5004	        1.5011	          0.0007	   1.5493	1.179e-03	   0.055	   252.482
 318	159	 3.2352	 1.0292	   1.5004	        1.5011	          0.0007	   1.5386	1.096e-03	   0.063	   253.145
 319	160	 3.2359	 1.0295	   1.5004	        1.5011	          0.0007	   1.5576	1.200e-03	   0.059	   253.810
 320	160	 3.2356	 1.0290	   1.5004	        1.5011	          0.0007	   1.5266	1.009e-03	   0.067	   254.523
 321	161	 3.2351	 1.0279	   1.5004	        1.5011	          0.0007	   1.4988	5.284e-04	   0.057	   255.221
 322	161	 3.2354	 1.0291	   1.5004	        1.5011	          0.0007	   1.5901	1.029e-03	   0.064	   255.925
 323	162	 3.2352	 1.0298	   1.5004	        1.5011	          0.0007	   1.5715	1.359e-03	   0.069	   256.619
 324	162	 3.2352	 1.0292	   1.5004	        1.5011	          0.0007	   1.5241	1.096e-03	   0.055	   257.275
 325	163	 3.2356	 1.0286	   1.5004	        1.5011	          0.0007	   1.5200	7.944e-04	   0.064	   257.942
 326	163	 3.2358	 1.0290	   1.5004	        1.5011	          0.0007	   1.5616	9.846e-04	   0.061	   258.599
 327	164	 3.2358	 1.0291	   1.5004	        1.5011	          0.0007	   1.5493	1.029e-03	   0.068	   259.288
 328	164	 3.2354	 1.0290	   1.5004	        1.5011	          0.0007	   1.5399	9.854e-04	   0.071	   259.977
 329	165	 3.2358	 1.0292	   1.5004	        1.5011	          0.0007	   1.5543	1.078e-03	   0.058	   260.638
 330	165	 3.2351	 1.0290	   1.5004	        1.5011	          0.0007	   1.5369	1.008e-03	   0.066	   261.321
 331	166	 3.2347	 1.0293	   1.5004	        1.5011	          0.0007	   1.5524	1.112e-03	   0.062	   262.026
 332	166	 3.2352	 1.0290	   1.5004	        1.5011	          0.0007	   1.5353	9.767e-04	   0.059	   262.704
 333	167	 3.2353	 1.0291	   1.5004	        1.5011	          0.0007	   1.5495	1.018e-03	   0.063	   263.395
 334	167	 3.2349	 1.0292	   1.5004	        1.5011	          0.0007	   1.5465	1.059e-03	   0.057	   264.062
 335	168	 3.2353	 1.0285	   1.5004	        1.5011	          0.0007	   1.5203	7.818e-04	   0.068	   264.792
 336	168	 3.2351	 1.0294	   1.5004	        1.5011	          0.0007	   1.5782	1.156e-03	   0.063	   265.478
 337	169	 3.2342	 1.0297	   1.5004	        1.5011	          0.0007	   1.5536	1.306e-03	   0.061	   266.140
 338	169	 3.2349	 1.0293	   1.5004	        1.5011	          0.0007	   1.5329	1.123e-03	   0.069	   266.803
 339	170	 3.2347	 1.0296	   1.5004	        1.5011	          0.0007	   1.5536	1.239e-03	   0.061	   267.459
 340	170	 3.2345	 1.0292	   1.5004	        1.5011	          0.0007	   1.5325	1.093e-03	   0.066	   268.145
 341	171	 3.2341	 1.0297	   1.5004	        1.5011	          0.0007	   1.5622	1.285e-03	   0.060	   268.802
 342	171	 3.2344	 1.0292	   1.5004	        1.5011	          0.0007	   1.5258	1.072e-03	   0.060	   269.466
 343	172	 3.2338	 1.0292	   1.5004	        1.5011	          0.0007	   1.5413	1.071e-03	   0.062	   270.129
 344	172	 3.2339	 1.0296	   1.5004	        1.5011	          0.0007	   1.5611	1.239e-03	   0.054	   270.806
 345	173	 3.2334	 1.0300	   1.5004	        1.5011	          0.0007	   1.5629	1.444e-03	   0.066	   271.528
 346	173	 3.2337	 1.0296	   1.5004	        1.5011	          0.0007	   1.5306	1.272e-03	   0.061	   272.225
 347	174	 3.2345	 1.0293	   1.5004	        1.5011	          0.0007	   1.5335	1.101e-03	   0.058	   272.920
 348	174	 3.2337	 1.0296	   1.5004	        1.5011	          0.0007	   1.5529	1.237e-03	   0.064	   273.599
 349	175	 3.2337	 1.0292	   1.5004	        1.5011	          0.0007	   1.5315	1.071e-03	   0.056	   274.259
 350	175	 3.2336	 1.0298	   1.5004	        1.5011	          0.0007	   1.5676	1.333e-03	   0.065	   274.924
 351	176	 3.2335	 1.0297	   1.5004	        1.5011	          0.0007	   1.5405	1.297e-03	   0.063	   275.589
 352	176	 3.2335	 1.0298	   1.5004	        1.5011	          0.0007	   1.5519	1.353e-03	   0.061	   276.283
 353	177	 3.2331	 1.0303	   1.5004	        1.5011	          0.0007	   1.5634	1.565e-03	   0.064	   276.961
 354	177	 3.2333	 1.0298	   1.5004	        1.5011	          0.0007	   1.5275	1.352e-03	   0.060	   277.617
 355	178	 3.2333	 1.0301	   1.5004	        1.5011	          0.0007	   1.5554	1.453e-03	   0.070	   278.285
 356	178	 3.2334	 1.0297	   1.5004	        1.5011	          0.0007	   1.5321	1.313e-03	   0.064	   278.942
 357	179	 3.2333	 1.0292	   1.5004	        1.5011	          0.0007	   1.5242	1.094e-03	   0.058	   279.627
 358	179	 3.2332	 1.0296	   1.5004	        1.5011	          0.0007	   1.5608	1.258e-03	   0.062	   280.310
 359	180	 3.2332	 1.0296	   1.5004	        1.5011	          0.0007	   1.5438	1.257e-03	   0.065	   281.021
 360	180	 3.2329	 1.0297	   1.5004	        1.5011	          0.0007	   1.5462	1.275e-03	   0.057	   281.690
 361	181	 3.2325	 1.0297	   1.5004	        1.5011	          0.0007	   1.5472	1.303e-03	   0.055	   282.348
 362	181	 3.2325	 1.0294	   1.5004	        1.5011	          0.0007	   1.5307	1.166e-03	   0.053	   283.011
 363	182	 3.2325	 1.0289	   1.5004	        1.5011	          0.0007	   1.5204	9.411e-04	   0.064	   283.679
 364	182	 3.2326	 1.0294	   1.5004	        1.5011	          0.0007	   1.5687	1.154e-03	   0.059	   284.351
 365	183	 3.2323	 1.0292	   1.5004	        1.5011	          0.0007	   1.5374	1.084e-03	   0.066	   285.024
 366	183	 3.2321	 1.0294	   1.5004	        1.5011	          0.0007	   1.5512	1.177e-03	   0.063	   285.683
 367	184	 3.2318	 1.0286	   1.5004	        1.5011	          0.0007	   1.5108	8.249e-04	   0.063	   286.343
 368	184	 3.2319	 1.0297	   1.5004	        1.5011	          0.0007	   1.5877	1.277e-03	   0.073	   287.013
 369	185	 3.2321	 1.0304	   1.5004	        1.5011	          0.0007	   1.5750	1.589e-03	   0.066	   287.719
 370	185	 3.2316	 1.0296	   1.5004	        1.5011	          0.0007	   1.5143	1.272e-03	   0.071	   288.455
 371	186	 3.2318	 1.0291	   1.5004	        1.5011	          0.0007	   1.5234	1.042e-03	   0.067	   289.242
 372	186	 3.2313	 1.0296	   1.5004	        1.5011	          0.0007	   1.5638	1.252e-03	   0.070	   290.027
 373	187	 3.2315	 1.0281	   1.5004	        1.5011	          0.0007	   1.4820	6.096e-04	   0.061	   290.762
 374	187	 3.2306	 1.0297	   1.5004	        1.5011	          0.0007	   1.6089	1.305e-03	   0.061	   291.464
 375	188	 3.2308	 1.0295	   1.5004	        1.5011	          0.0007	   1.5392	1.208e-03	   0.063	   292.136
 376	188	 3.2301	 1.0298	   1.5004	        1.5011	          0.0007	   1.5518	1.336e-03	   0.070	   292.838
 377	189	 3.2294	 1.0301	   1.5004	        1.5011	          0.0007	   1.5502	1.455e-03	   0.065	   293.573
 378	189	 3.2296	 1.0300	   1.5004	        1.5011	          0.0007	   1.5437	1.406e-03	   0.066	   294.264
 379	190	 3.2296	 1.0299	   1.5004	        1.5011	          0.0007	   1.5449	1.401e-03	   0.057	   294.936
 380	190	 3.2294	 1.0301	   1.5004	        1.5011	          0.0007	   1.5525	1.479e-03	   0.063	   295.599
 381	191	 3.2290	 1.0304	   1.5004	        1.5011	          0.0007	   1.5560	1.622e-03	   0.064	   296.270
 382	191	 3.2289	 1.0299	   1.5004	        1.5011	          0.0007	   1.5245	1.398e-03	   0.067	   296.995
 383	192	 3.2294	 1.0290	   1.5004	        1.5011	          0.0007	   1.5061	9.831e-04	   0.069	   297.688
 384	192	 3.2290	 1.0300	   1.5004	        1.5011	          0.0007	   1.5848	1.405e-03	   0.056	   298.379
 385	193	 3.2293	 1.0299	   1.5004	        1.5011	          0.0007	   1.5475	1.394e-03	   0.063	   299.045
 386	193	 3.2291	 1.0300	   1.5004	        1.5011	          0.0007	   1.5441	1.407e-03	   0.056	   299.702
 387	194	 3.2297	 1.0297	   1.5004	        1.5011	          0.0007	   1.5402	1.303e-03	   0.059	   300.365
 388	194	 3.2292	 1.0297	   1.5004	        1.5011	          0.0007	   1.5405	1.296e-03	   0.060	   301.026
 389	195	 3.2287	 1.0293	   1.5004	        1.5011	          0.0007	   1.5272	1.119e-03	   0.055	   301.707
 390	195	 3.2292	 1.0297	   1.5004	        1.5011	          0.0007	   1.5639	1.306e-03	   0.058	   302.372
 391	196	 3.2294	 1.0295	   1.5004	        1.5011	          0.0007	   1.5369	1.218e-03	   0.058	   303.031
 392	196	 3.2292	 1.0295	   1.5004	        1.5011	          0.0007	   1.5443	1.212e-03	   0.060	   303.696
 393	197	 3.2287	 1.0290	   1.5004	        1.5011	          0.0007	   1.5200	9.765e-04	   0.069	   304.378
 394	197	 3.2294	 1.0295	   1.5004	        1.5011	          0.0007	   1.5720	1.224e-03	   0.068	   305.092
 395	198	 3.2292	 1.0292	   1.5004	        1.5011	          0.0007	   1.5291	1.057e-03	   0.075	   305.796
 396	198	 3.2290	 1.0299	   1.5004	        1.5011	          0.0007	   1.5777	1.398e-03	   0.068	   306.491
 397	199	 3.2294	 1.0297	   1.5004	        1.5011	          0.0007	   1.5378	1.308e-03	   0.059	   307.165
 398	199	 3.2288	 1.0298	   1.5004	        1.5011	          0.0007	   1.5485	1.356e-03	   0.066	   307.829
 399	200	 3.2283	 1.0302	   1.5004	        1.5011	          0.0007	   1.5618	1.525e-03	   0.055	   308.483
 400	200	 3.2289	 1.0297	   1.5004	        1.5011	          0.0007	   1.5214	1.282e-03	   0.064	   309.152

[BSGD] Finished on device cuda -> σ_f² ≈ 3.2289, σ_ε² ≈ 1.0297
