[GPU 5][JOB 150] 'python cli.py bsgd --n 1024 --lengthscale 0.5 --sigma-f2-true 4.0 --sigma-eps2-true 1.0 --n-epochs 200 --device auto --kernel-mode finite --theta-min 1e-4 --theta-max 20.0 --print-every 1 --seed 9 --batch-size 1024 --sigma-f2-init 5.0 --sigma-eps2-init 3.0 --alpha1 9.0 '

=== BSGD (biased SGD on exact kernel) ===
iter	epoch	σ_f²	σ_ε²	real_nlml	real_nlml_true	real_nlml_abs_err	mini_nlml	||grad||	duration_s	wall_time_s
   1	 1	 4.8037	 2.0595	   1.6069	        1.5186	          0.0883	   1.6069	1.149e-01	   0.499	     0.738
   2	 2	 4.7423	 1.5426	   1.5498	        1.5186	          0.0312	   1.5498	1.002e-01	   0.122	     1.753
   3	 3	 4.7154	 1.2419	   1.5246	        1.5186	          0.0060	   1.5246	6.089e-02	   0.125	     2.759
   4	 4	 4.7027	 1.1049	   1.5186	        1.5186	          0.0000	   1.5186	2.300e-02	   0.110	     3.764
   5	 5	 4.6958	 1.0635	   1.5180	        1.5186	          0.0006	   1.5180	7.237e-03	   0.128	     4.795
   6	 6	 4.6911	 1.0526	   1.5179	        1.5186	          0.0007	   1.5179	2.680e-03	   0.130	     5.835
   7	 7	 4.6876	 1.0492	   1.5179	        1.5186	          0.0007	   1.5179	1.194e-03	   0.120	     6.907
   8	 8	 4.6846	 1.0478	   1.5179	        1.5186	          0.0007	   1.5179	6.102e-04	   0.119	     7.947
   9	 9	 4.6821	 1.0472	   1.5179	        1.5186	          0.0007	   1.5179	3.453e-04	   0.113	     8.980
  10	10	 4.6800	 1.0469	   1.5179	        1.5186	          0.0007	   1.5179	2.119e-04	   0.129	    10.052
  11	11	 4.6781	 1.0468	   1.5179	        1.5186	          0.0007	   1.5179	1.397e-04	   0.123	    11.105
  12	12	 4.6764	 1.0467	   1.5179	        1.5186	          0.0007	   1.5179	9.866e-05	   0.112	    12.166
  13	13	 4.6749	 1.0466	   1.5179	        1.5186	          0.0007	   1.5179	7.464e-05	   0.121	    13.229
  14	14	 4.6736	 1.0466	   1.5179	        1.5186	          0.0007	   1.5179	6.036e-05	   0.105	    14.259
  15	15	 4.6723	 1.0465	   1.5179	        1.5186	          0.0007	   1.5179	5.174e-05	   0.125	    15.310
  16	16	 4.6712	 1.0465	   1.5179	        1.5186	          0.0007	   1.5179	4.643e-05	   0.135	    16.376
  17	17	 4.6702	 1.0465	   1.5179	        1.5186	          0.0007	   1.5179	4.304e-05	   0.119	    17.492
  18	18	 4.6692	 1.0465	   1.5179	        1.5186	          0.0007	   1.5179	4.077e-05	   0.120	    18.579
  19	19	 4.6683	 1.0465	   1.5179	        1.5186	          0.0007	   1.5179	3.917e-05	   0.100	    19.608
  20	20	 4.6675	 1.0465	   1.5179	        1.5186	          0.0007	   1.5179	3.797e-05	   0.124	    20.659
  21	21	 4.6667	 1.0465	   1.5179	        1.5186	          0.0007	   1.5179	3.702e-05	   0.116	    21.700
  22	22	 4.6659	 1.0465	   1.5179	        1.5186	          0.0007	   1.5179	3.624e-05	   0.119	    22.751
  23	23	 4.6653	 1.0465	   1.5179	        1.5186	          0.0007	   1.5179	3.557e-05	   0.117	    23.800
  24	24	 4.6646	 1.0465	   1.5179	        1.5186	          0.0007	   1.5179	3.498e-05	   0.102	    24.828
  25	25	 4.6640	 1.0465	   1.5179	        1.5186	          0.0007	   1.5179	3.444e-05	   0.127	    25.884
  26	26	 4.6634	 1.0465	   1.5179	        1.5186	          0.0007	   1.5179	3.395e-05	   0.113	    26.916
  27	27	 4.6628	 1.0465	   1.5179	        1.5186	          0.0007	   1.5179	3.349e-05	   0.123	    27.983
  28	28	 4.6623	 1.0465	   1.5179	        1.5186	          0.0007	   1.5179	3.306e-05	   0.113	    29.044
  29	29	 4.6618	 1.0465	   1.5179	        1.5186	          0.0007	   1.5179	3.266e-05	   0.111	    30.077
  30	30	 4.6613	 1.0465	   1.5179	        1.5186	          0.0007	   1.5179	3.228e-05	   0.124	    31.174
  31	31	 4.6609	 1.0465	   1.5179	        1.5186	          0.0007	   1.5179	3.192e-05	   0.114	    32.234
  32	32	 4.6604	 1.0465	   1.5179	        1.5186	          0.0007	   1.5179	3.157e-05	   0.121	    33.314
  33	33	 4.6600	 1.0465	   1.5179	        1.5186	          0.0007	   1.5179	3.124e-05	   0.117	    34.387
  34	34	 4.6596	 1.0465	   1.5179	        1.5186	          0.0007	   1.5179	3.092e-05	   0.108	    35.471
  35	35	 4.6592	 1.0465	   1.5179	        1.5186	          0.0007	   1.5179	3.061e-05	   0.116	    36.523
  36	36	 4.6588	 1.0465	   1.5179	        1.5186	          0.0007	   1.5179	3.032e-05	   0.123	    37.606
  37	37	 4.6585	 1.0465	   1.5179	        1.5186	          0.0007	   1.5179	3.004e-05	   0.124	    38.737
  38	38	 4.6581	 1.0465	   1.5179	        1.5186	          0.0007	   1.5179	2.976e-05	   0.115	    39.824
  39	39	 4.6578	 1.0465	   1.5179	        1.5186	          0.0007	   1.5179	2.950e-05	   0.110	    40.860
  40	40	 4.6574	 1.0465	   1.5179	        1.5186	          0.0007	   1.5179	2.925e-05	   0.118	    41.906
  41	41	 4.6571	 1.0465	   1.5179	        1.5186	          0.0007	   1.5179	2.900e-05	   0.118	    42.949
  42	42	 4.6568	 1.0465	   1.5179	        1.5186	          0.0007	   1.5179	2.876e-05	   0.117	    44.002
  43	43	 4.6565	 1.0465	   1.5179	        1.5186	          0.0007	   1.5179	2.853e-05	   0.116	    45.048
  44	44	 4.6562	 1.0465	   1.5179	        1.5186	          0.0007	   1.5179	2.831e-05	   0.105	    46.084
  45	45	 4.6560	 1.0465	   1.5179	        1.5186	          0.0007	   1.5179	2.809e-05	   0.124	    47.133
  46	46	 4.6557	 1.0465	   1.5179	        1.5186	          0.0007	   1.5179	2.788e-05	   0.119	    48.174
  47	47	 4.6554	 1.0465	   1.5179	        1.5186	          0.0007	   1.5179	2.767e-05	   0.120	    49.228
  48	48	 4.6552	 1.0465	   1.5179	        1.5186	          0.0007	   1.5179	2.747e-05	   0.121	    50.299
  49	49	 4.6549	 1.0465	   1.5179	        1.5186	          0.0007	   1.5179	2.728e-05	   0.102	    51.326
  50	50	 4.6547	 1.0465	   1.5179	        1.5186	          0.0007	   1.5179	2.709e-05	   0.124	    52.418
  51	51	 4.6544	 1.0465	   1.5179	        1.5186	          0.0007	   1.5179	2.691e-05	   0.113	    53.457
  52	52	 4.6542	 1.0465	   1.5179	        1.5186	          0.0007	   1.5179	2.673e-05	   0.123	    54.527
  53	53	 4.6540	 1.0465	   1.5179	        1.5186	          0.0007	   1.5179	2.655e-05	   0.115	    55.592
  54	54	 4.6538	 1.0465	   1.5179	        1.5186	          0.0007	   1.5179	2.638e-05	   0.105	    56.622
  55	55	 4.6536	 1.0465	   1.5179	        1.5186	          0.0007	   1.5179	2.622e-05	   0.125	    57.678
  56	56	 4.6534	 1.0465	   1.5179	        1.5186	          0.0007	   1.5179	2.605e-05	   0.113	    58.746
  57	57	 4.6532	 1.0465	   1.5179	        1.5186	          0.0007	   1.5179	2.590e-05	   0.129	    59.851
  58	58	 4.6530	 1.0465	   1.5179	        1.5186	          0.0007	   1.5179	2.574e-05	   0.112	    60.939
  59	59	 4.6528	 1.0465	   1.5179	        1.5186	          0.0007	   1.5179	2.559e-05	   0.109	    61.973
  60	60	 4.6526	 1.0465	   1.5179	        1.5186	          0.0007	   1.5179	2.544e-05	   0.120	    63.024
  61	61	 4.6524	 1.0465	   1.5179	        1.5186	          0.0007	   1.5179	2.530e-05	   0.117	    64.062
  62	62	 4.6522	 1.0465	   1.5179	        1.5186	          0.0007	   1.5179	2.515e-05	   0.126	    65.118
  63	63	 4.6520	 1.0465	   1.5179	        1.5186	          0.0007	   1.5179	2.502e-05	   0.111	    66.161
  64	64	 4.6519	 1.0465	   1.5179	        1.5186	          0.0007	   1.5179	2.488e-05	   0.108	    67.200
  65	65	 4.6517	 1.0465	   1.5179	        1.5186	          0.0007	   1.5179	2.475e-05	   0.118	    68.247
  66	66	 4.6515	 1.0465	   1.5179	        1.5186	          0.0007	   1.5179	2.462e-05	   0.116	    69.285
  67	67	 4.6514	 1.0465	   1.5179	        1.5186	          0.0007	   1.5179	2.449e-05	   0.120	    70.341
  68	68	 4.6512	 1.0465	   1.5179	        1.5186	          0.0007	   1.5179	2.436e-05	   0.118	    71.411
  69	69	 4.6510	 1.0465	   1.5179	        1.5186	          0.0007	   1.5179	2.424e-05	   0.113	    72.494
  70	70	 4.6509	 1.0465	   1.5179	        1.5186	          0.0007	   1.5179	2.412e-05	   0.125	    73.592
  71	71	 4.6507	 1.0465	   1.5179	        1.5186	          0.0007	   1.5179	2.400e-05	   0.127	    74.695
  72	72	 4.6506	 1.0465	   1.5179	        1.5186	          0.0007	   1.5179	2.389e-05	   0.124	    75.862
  73	73	 4.6504	 1.0465	   1.5179	        1.5186	          0.0007	   1.5179	2.377e-05	   0.117	    76.962
  74	74	 4.6503	 1.0465	   1.5179	        1.5186	          0.0007	   1.5179	2.366e-05	   0.103	    78.011
  75	75	 4.6502	 1.0465	   1.5179	        1.5186	          0.0007	   1.5179	2.355e-05	   0.128	    79.097
  76	76	 4.6500	 1.0465	   1.5179	        1.5186	          0.0007	   1.5179	2.344e-05	   0.116	    80.171
  77	77	 4.6499	 1.0465	   1.5179	        1.5186	          0.0007	   1.5179	2.334e-05	   0.122	    81.257
  78	78	 4.6498	 1.0465	   1.5179	        1.5186	          0.0007	   1.5179	2.323e-05	   0.125	    82.362
  79	79	 4.6496	 1.0465	   1.5179	        1.5186	          0.0007	   1.5179	2.313e-05	   0.102	    83.389
  80	80	 4.6495	 1.0465	   1.5179	        1.5186	          0.0007	   1.5179	2.303e-05	   0.125	    84.446
  81	81	 4.6494	 1.0465	   1.5179	        1.5186	          0.0007	   1.5179	2.293e-05	   0.110	    85.479
  82	82	 4.6493	 1.0465	   1.5179	        1.5186	          0.0007	   1.5179	2.283e-05	   0.126	    86.532
  83	83	 4.6491	 1.0465	   1.5179	        1.5186	          0.0007	   1.5179	2.274e-05	   0.113	    87.585
  84	84	 4.6490	 1.0465	   1.5179	        1.5186	          0.0007	   1.5179	2.264e-05	   0.110	    88.620
  85	85	 4.6489	 1.0465	   1.5179	        1.5186	          0.0007	   1.5179	2.255e-05	   0.126	    89.671
  86	86	 4.6488	 1.0465	   1.5179	        1.5186	          0.0007	   1.5179	2.246e-05	   0.111	    90.703
  87	87	 4.6487	 1.0465	   1.5179	        1.5186	          0.0007	   1.5179	2.237e-05	   0.124	    91.758
  88	88	 4.6485	 1.0465	   1.5179	        1.5186	          0.0007	   1.5179	2.228e-05	   0.111	    92.830
  89	89	 4.6484	 1.0465	   1.5179	        1.5186	          0.0007	   1.5179	2.219e-05	   0.106	    93.900
  90	90	 4.6483	 1.0465	   1.5179	        1.5186	          0.0007	   1.5179	2.211e-05	   0.121	    94.954
  91	91	 4.6482	 1.0465	   1.5179	        1.5186	          0.0007	   1.5179	2.202e-05	   0.115	    95.991
  92	92	 4.6481	 1.0465	   1.5179	        1.5186	          0.0007	   1.5179	2.194e-05	   0.124	    97.062
  93	93	 4.6480	 1.0465	   1.5179	        1.5186	          0.0007	   1.5179	2.186e-05	   0.112	    98.125
  94	94	 4.6479	 1.0465	   1.5179	        1.5186	          0.0007	   1.5179	2.178e-05	   0.110	    99.162
  95	95	 4.6478	 1.0465	   1.5179	        1.5186	          0.0007	   1.5179	2.170e-05	   0.119	   100.247
  96	96	 4.6477	 1.0465	   1.5179	        1.5186	          0.0007	   1.5179	2.162e-05	   0.117	   101.287
  97	97	 4.6476	 1.0465	   1.5179	        1.5186	          0.0007	   1.5179	2.154e-05	   0.125	   102.372
  98	98	 4.6475	 1.0465	   1.5179	        1.5186	          0.0007	   1.5179	2.146e-05	   0.123	   103.469
  99	99	 4.6474	 1.0465	   1.5179	        1.5186	          0.0007	   1.5179	2.139e-05	   0.105	   104.510
 100	100	 4.6473	 1.0465	   1.5179	        1.5186	          0.0007	   1.5179	2.131e-05	   0.123	   105.559
 101	101	 4.6472	 1.0465	   1.5179	        1.5186	          0.0007	   1.5179	2.124e-05	   0.119	   106.602
 102	102	 4.6471	 1.0465	   1.5179	        1.5186	          0.0007	   1.5179	2.117e-05	   0.117	   107.639
 103	103	 4.6470	 1.0465	   1.5179	        1.5186	          0.0007	   1.5179	2.109e-05	   0.117	   108.703
 104	104	 4.6470	 1.0465	   1.5179	        1.5186	          0.0007	   1.5179	2.102e-05	   0.100	   109.731
 105	105	 4.6469	 1.0465	   1.5179	        1.5186	          0.0007	   1.5179	2.095e-05	   0.126	   110.786
 106	106	 4.6468	 1.0465	   1.5179	        1.5186	          0.0007	   1.5179	2.089e-05	   0.114	   111.823
 107	107	 4.6467	 1.0465	   1.5179	        1.5186	          0.0007	   1.5179	2.082e-05	   0.123	   112.868
 108	108	 4.6466	 1.0465	   1.5179	        1.5186	          0.0007	   1.5179	2.075e-05	   0.125	   114.000
 109	109	 4.6465	 1.0465	   1.5179	        1.5186	          0.0007	   1.5179	2.068e-05	   0.101	   115.048
 110	110	 4.6464	 1.0465	   1.5179	        1.5186	          0.0007	   1.5179	2.062e-05	   0.128	   116.109
 111	111	 4.6464	 1.0465	   1.5179	        1.5186	          0.0007	   1.5179	2.055e-05	   0.118	   117.200
 112	112	 4.6463	 1.0465	   1.5179	        1.5186	          0.0007	   1.5179	2.049e-05	   0.120	   118.273
 113	113	 4.6462	 1.0465	   1.5179	        1.5186	          0.0007	   1.5179	2.043e-05	   0.114	   119.347
 114	114	 4.6461	 1.0465	   1.5179	        1.5186	          0.0007	   1.5179	2.036e-05	   0.110	   120.420
 115	115	 4.6460	 1.0465	   1.5179	        1.5186	          0.0007	   1.5179	2.030e-05	   0.122	   121.501
 116	116	 4.6460	 1.0465	   1.5179	        1.5186	          0.0007	   1.5179	2.024e-05	   0.110	   122.535
 117	117	 4.6459	 1.0465	   1.5179	        1.5186	          0.0007	   1.5179	2.018e-05	   0.130	   123.613
 118	118	 4.6458	 1.0465	   1.5179	        1.5186	          0.0007	   1.5179	2.012e-05	   0.114	   124.712
 119	119	 4.6457	 1.0465	   1.5179	        1.5186	          0.0007	   1.5179	2.006e-05	   0.105	   125.759
 120	120	 4.6457	 1.0465	   1.5179	        1.5186	          0.0007	   1.5179	2.000e-05	   0.120	   126.813
 121	121	 4.6456	 1.0465	   1.5179	        1.5186	          0.0007	   1.5179	1.994e-05	   0.118	   127.842
 122	122	 4.6455	 1.0465	   1.5179	        1.5186	          0.0007	   1.5179	1.989e-05	   0.120	   128.887
 123	123	 4.6454	 1.0465	   1.5179	        1.5186	          0.0007	   1.5179	1.983e-05	   0.116	   129.947
 124	124	 4.6454	 1.0465	   1.5179	        1.5186	          0.0007	   1.5179	1.977e-05	   0.112	   130.988
 125	125	 4.6453	 1.0465	   1.5179	        1.5186	          0.0007	   1.5179	1.972e-05	   0.115	   132.027
 126	126	 4.6452	 1.0465	   1.5179	        1.5186	          0.0007	   1.5179	1.966e-05	   0.117	   133.070
 127	127	 4.6452	 1.0465	   1.5179	        1.5186	          0.0007	   1.5179	1.961e-05	   0.109	   134.093
 128	128	 4.6451	 1.0465	   1.5179	        1.5186	          0.0007	   1.5179	1.956e-05	   0.117	   135.218
 129	129	 4.6450	 1.0465	   1.5179	        1.5186	          0.0007	   1.5179	1.950e-05	   0.104	   136.250
 130	130	 4.6450	 1.0465	   1.5179	        1.5186	          0.0007	   1.5179	1.945e-05	   0.120	   137.291
 131	131	 4.6449	 1.0465	   1.5179	        1.5186	          0.0007	   1.5179	1.940e-05	   0.114	   138.326
 132	132	 4.6448	 1.0465	   1.5179	        1.5186	          0.0007	   1.5179	1.935e-05	   0.112	   139.376
 133	133	 4.6448	 1.0465	   1.5179	        1.5186	          0.0007	   1.5179	1.930e-05	   0.120	   140.460
 134	134	 4.6447	 1.0465	   1.5179	        1.5186	          0.0007	   1.5179	1.925e-05	   0.100	   141.524
 135	135	 4.6446	 1.0465	   1.5179	        1.5186	          0.0007	   1.5179	1.920e-05	   0.121	   142.573
 136	136	 4.6446	 1.0465	   1.5179	        1.5186	          0.0007	   1.5179	1.915e-05	   0.111	   143.615
 137	137	 4.6445	 1.0465	   1.5179	        1.5186	          0.0007	   1.5179	1.910e-05	   0.124	   144.677
 138	138	 4.6445	 1.0465	   1.5179	        1.5186	          0.0007	   1.5179	1.905e-05	   0.120	   145.793
 139	139	 4.6444	 1.0465	   1.5179	        1.5186	          0.0007	   1.5179	1.900e-05	   0.101	   146.833
 140	140	 4.6443	 1.0465	   1.5179	        1.5186	          0.0007	   1.5179	1.895e-05	   0.125	   147.888
 141	141	 4.6443	 1.0465	   1.5179	        1.5186	          0.0007	   1.5179	1.891e-05	   0.109	   148.922
 142	142	 4.6442	 1.0465	   1.5179	        1.5186	          0.0007	   1.5179	1.886e-05	   0.114	   149.959
 143	143	 4.6442	 1.0465	   1.5179	        1.5186	          0.0007	   1.5179	1.882e-05	   0.115	   151.031
 144	144	 4.6441	 1.0465	   1.5179	        1.5186	          0.0007	   1.5179	1.877e-05	   0.106	   152.057
 145	145	 4.6440	 1.0465	   1.5179	        1.5186	          0.0007	   1.5179	1.872e-05	   0.119	   153.111
 146	146	 4.6440	 1.0465	   1.5179	        1.5186	          0.0007	   1.5179	1.868e-05	   0.124	   154.181
 147	147	 4.6439	 1.0465	   1.5179	        1.5186	          0.0007	   1.5179	1.863e-05	   0.126	   155.325
 148	148	 4.6439	 1.0465	   1.5179	        1.5186	          0.0007	   1.5179	1.859e-05	   0.122	   156.492
 149	149	 4.6438	 1.0465	   1.5179	        1.5186	          0.0007	   1.5179	1.855e-05	   0.116	   157.613
 150	150	 4.6438	 1.0465	   1.5179	        1.5186	          0.0007	   1.5179	1.850e-05	   0.119	   158.695
 151	151	 4.6437	 1.0465	   1.5179	        1.5186	          0.0007	   1.5179	1.846e-05	   0.116	   159.738
 152	152	 4.6437	 1.0465	   1.5179	        1.5186	          0.0007	   1.5179	1.842e-05	   0.120	   160.799
 153	153	 4.6436	 1.0465	   1.5179	        1.5186	          0.0007	   1.5179	1.838e-05	   0.123	   161.918
 154	154	 4.6435	 1.0465	   1.5179	        1.5186	          0.0007	   1.5179	1.833e-05	   0.106	   162.978
 155	155	 4.6435	 1.0465	   1.5179	        1.5186	          0.0007	   1.5179	1.829e-05	   0.117	   164.024
 156	156	 4.6434	 1.0465	   1.5179	        1.5186	          0.0007	   1.5179	1.825e-05	   0.115	   165.067
 157	157	 4.6434	 1.0465	   1.5179	        1.5186	          0.0007	   1.5179	1.821e-05	   0.112	   166.119
 158	158	 4.6433	 1.0465	   1.5179	        1.5186	          0.0007	   1.5179	1.817e-05	   0.120	   167.240
 159	159	 4.6433	 1.0465	   1.5179	        1.5186	          0.0007	   1.5179	1.813e-05	   0.105	   168.290
 160	160	 4.6432	 1.0465	   1.5179	        1.5186	          0.0007	   1.5179	1.809e-05	   0.122	   169.337
 161	161	 4.6432	 1.0465	   1.5179	        1.5186	          0.0007	   1.5179	1.805e-05	   0.115	   170.379
 162	162	 4.6431	 1.0465	   1.5179	        1.5186	          0.0007	   1.5179	1.801e-05	   0.110	   171.408
 163	163	 4.6431	 1.0465	   1.5179	        1.5186	          0.0007	   1.5179	1.797e-05	   0.126	   172.487
 164	164	 4.6430	 1.0465	   1.5179	        1.5186	          0.0007	   1.5179	1.794e-05	   0.101	   173.509
 165	165	 4.6430	 1.0465	   1.5179	        1.5186	          0.0007	   1.5179	1.790e-05	   0.121	   174.561
 166	166	 4.6429	 1.0465	   1.5179	        1.5186	          0.0007	   1.5179	1.786e-05	   0.116	   175.608
 167	167	 4.6429	 1.0465	   1.5179	        1.5186	          0.0007	   1.5179	1.782e-05	   0.115	   176.670
 168	168	 4.6429	 1.0465	   1.5179	        1.5186	          0.0007	   1.5179	1.779e-05	   0.120	   177.767
 169	169	 4.6428	 1.0465	   1.5179	        1.5186	          0.0007	   1.5179	1.775e-05	   0.105	   178.794
 170	170	 4.6428	 1.0465	   1.5179	        1.5186	          0.0007	   1.5179	1.771e-05	   0.123	   179.850
 171	171	 4.6427	 1.0465	   1.5179	        1.5186	          0.0007	   1.5179	1.768e-05	   0.109	   180.884
 172	172	 4.6427	 1.0465	   1.5179	        1.5186	          0.0007	   1.5179	1.764e-05	   0.117	   181.942
 173	173	 4.6426	 1.0465	   1.5179	        1.5186	          0.0007	   1.5179	1.760e-05	   0.117	   183.059
 174	174	 4.6426	 1.0465	   1.5179	        1.5186	          0.0007	   1.5179	1.757e-05	   0.108	   184.092
 175	175	 4.6425	 1.0465	   1.5179	        1.5186	          0.0007	   1.5179	1.753e-05	   0.120	   185.144
 176	176	 4.6425	 1.0465	   1.5179	        1.5186	          0.0007	   1.5179	1.750e-05	   0.111	   186.180
 177	177	 4.6424	 1.0465	   1.5179	        1.5186	          0.0007	   1.5179	1.746e-05	   0.117	   187.237
 178	178	 4.6424	 1.0465	   1.5179	        1.5186	          0.0007	   1.5179	1.743e-05	   0.122	   188.356
 179	179	 4.6424	 1.0465	   1.5179	        1.5186	          0.0007	   1.5179	1.740e-05	   0.106	   189.405
 180	180	 4.6423	 1.0465	   1.5179	        1.5186	          0.0007	   1.5179	1.736e-05	   0.115	   190.451
 181	181	 4.6423	 1.0465	   1.5179	        1.5186	          0.0007	   1.5179	1.733e-05	   0.112	   191.490
 182	182	 4.6422	 1.0465	   1.5179	        1.5186	          0.0007	   1.5179	1.729e-05	   0.111	   192.528
 183	183	 4.6422	 1.0465	   1.5179	        1.5186	          0.0007	   1.5179	1.726e-05	   0.119	   193.597
 184	184	 4.6421	 1.0465	   1.5179	        1.5186	          0.0007	   1.5179	1.723e-05	   0.110	   194.633
 185	185	 4.6421	 1.0465	   1.5179	        1.5186	          0.0007	   1.5179	1.720e-05	   0.123	   195.683
 186	186	 4.6421	 1.0465	   1.5179	        1.5186	          0.0007	   1.5179	1.716e-05	   0.122	   196.774
 187	187	 4.6420	 1.0465	   1.5179	        1.5186	          0.0007	   1.5179	1.713e-05	   0.115	   197.843
 188	188	 4.6420	 1.0465	   1.5179	        1.5186	          0.0007	   1.5179	1.710e-05	   0.122	   198.980
 189	189	 4.6419	 1.0465	   1.5179	        1.5186	          0.0007	   1.5179	1.707e-05	   0.104	   200.018
 190	190	 4.6419	 1.0465	   1.5179	        1.5186	          0.0007	   1.5179	1.704e-05	   0.121	   201.062
 191	191	 4.6419	 1.0465	   1.5179	        1.5186	          0.0007	   1.5179	1.700e-05	   0.111	   202.105
 192	192	 4.6418	 1.0465	   1.5179	        1.5186	          0.0007	   1.5179	1.697e-05	   0.122	   203.201
 193	193	 4.6418	 1.0465	   1.5179	        1.5186	          0.0007	   1.5179	1.694e-05	   0.126	   204.313
 194	194	 4.6417	 1.0465	   1.5179	        1.5186	          0.0007	   1.5179	1.691e-05	   0.098	   205.338
 195	195	 4.6417	 1.0465	   1.5179	        1.5186	          0.0007	   1.5179	1.688e-05	   0.120	   206.389
 196	196	 4.6417	 1.0465	   1.5179	        1.5186	          0.0007	   1.5179	1.685e-05	   0.107	   207.346
 197	197	 4.6416	 1.0465	   1.5179	        1.5186	          0.0007	   1.5179	1.682e-05	   0.113	   208.334
 198	198	 4.6416	 1.0465	   1.5179	        1.5186	          0.0007	   1.5179	1.679e-05	   0.108	   209.326
 199	199	 4.6416	 1.0465	   1.5179	        1.5186	          0.0007	   1.5179	1.676e-05	   0.099	   210.248
 200	200	 4.6415	 1.0465	   1.5179	        1.5186	          0.0007	   1.5179	1.673e-05	   0.102	   211.101

[BSGD] Finished on device cuda -> σ_f² ≈ 4.6415, σ_ε² ≈ 1.0465
