[GPU 3][JOB 164] 'python cli.py bsgd --n 1024 --lengthscale 0.5 --sigma-f2-true 4.0 --sigma-eps2-true 1.0 --n-epochs 200 --device auto --kernel-mode finite --theta-min 1e-4 --theta-max 20.0 --print-every 1 --seed 3 --batch-size 512 --sigma-f2-init 5.0 --sigma-eps2-init 3.0 --alpha1 6.0 '

=== BSGD (biased SGD on exact kernel) ===
iter	epoch	σ_f²	σ_ε²	real_nlml	real_nlml_true	real_nlml_abs_err	mini_nlml	||grad||	duration_s	wall_time_s
   1	 1	 4.6944	 2.4068	   1.6501	        1.5214	          0.1287	   1.7018	1.127e-01	   0.372	     0.465
   2	 1	 4.5655	 2.0793	   1.6126	        1.5214	          0.0913	   1.6565	1.147e-01	   0.078	     1.010
   3	 2	 4.4826	 1.8638	   1.5880	        1.5214	          0.0666	   1.6409	1.130e-01	   0.075	     1.758
   4	 2	 4.4401	 1.6997	   1.5697	        1.5214	          0.0484	   1.6162	1.087e-01	   0.062	     2.503
   5	 3	 4.4173	 1.5611	   1.5551	        1.5214	          0.0337	   1.5864	1.016e-01	   0.070	     3.304
   6	 3	 4.3779	 1.4773	   1.5468	        1.5214	          0.0255	   1.6151	9.506e-02	   0.070	     4.109
   7	 4	 4.3570	 1.4062	   1.5403	        1.5214	          0.0189	   1.6013	8.771e-02	   0.076	     4.932
   8	 4	 4.3429	 1.3376	   1.5346	        1.5214	          0.0132	   1.5763	7.860e-02	   0.064	     5.762
   9	 5	 4.3261	 1.3108	   1.5325	        1.5214	          0.0112	   1.6319	7.438e-02	   0.071	     6.599
  10	 5	 4.3130	 1.2450	   1.5280	        1.5214	          0.0066	   1.5224	6.216e-02	   0.083	     7.444
  11	 6	 4.3096	 1.2300	   1.5271	        1.5214	          0.0057	   1.6226	5.895e-02	   0.077	     8.295
  12	 6	 4.2974	 1.1851	   1.5247	        1.5214	          0.0033	   1.5283	4.820e-02	   0.077	     9.148
  13	 7	 4.2838	 1.1652	   1.5238	        1.5214	          0.0024	   1.5762	4.286e-02	   0.085	    10.039
  14	 7	 4.2817	 1.1478	   1.5231	        1.5214	          0.0017	   1.5752	3.785e-02	   0.063	    10.926
  15	 8	 4.2763	 1.1320	   1.5225	        1.5214	          0.0011	   1.5716	3.301e-02	   0.080	    11.775
  16	 8	 4.2683	 1.1247	   1.5223	        1.5214	          0.0009	   1.5850	3.069e-02	   0.069	    12.619
  17	 9	 4.2561	 1.1197	   1.5221	        1.5214	          0.0008	   1.5876	2.906e-02	   0.074	    13.482
  18	 9	 4.2570	 1.1059	   1.5218	        1.5214	          0.0004	   1.5590	2.438e-02	   0.071	    14.332
  19	10	 4.2481	 1.0978	   1.5216	        1.5214	          0.0002	   1.5699	2.156e-02	   0.070	    15.192
  20	10	 4.2507	 1.0929	   1.5215	        1.5214	          0.0001	   1.5774	1.976e-02	   0.084	    16.057
  21	11	 4.2542	 1.0880	   1.5214	        1.5214	          0.0000	   1.5777	1.797e-02	   0.063	    16.915
  22	11	 4.2450	 1.0806	   1.5212	        1.5214	          0.0001	   1.5571	1.520e-02	   0.076	    17.773
  23	12	 4.2422	 1.0797	   1.5212	        1.5214	          0.0001	   1.5855	1.486e-02	   0.084	    18.623
  24	12	 4.2375	 1.0732	   1.5211	        1.5214	          0.0002	   1.5563	1.234e-02	   0.076	    19.494
  25	13	 4.2349	 1.0664	   1.5211	        1.5214	          0.0003	   1.5535	9.651e-03	   0.080	    20.386
  26	13	 4.2307	 1.0687	   1.5211	        1.5214	          0.0003	   1.5910	1.056e-02	   0.083	    21.309
  27	14	 4.2243	 1.0632	   1.5210	        1.5214	          0.0003	   1.5552	8.360e-03	   0.082	    22.228
  28	14	 4.2249	 1.0674	   1.5211	        1.5214	          0.0003	   1.6007	1.002e-02	   0.073	    23.082
  29	15	 4.2234	 1.0606	   1.5210	        1.5214	          0.0003	   1.5452	7.285e-03	   0.069	    23.934
  30	15	 4.2220	 1.0605	   1.5210	        1.5214	          0.0004	   1.5804	7.220e-03	   0.081	    24.800
  31	16	 4.2200	 1.0585	   1.5210	        1.5214	          0.0004	   1.5694	6.405e-03	   0.073	    25.650
  32	16	 4.2166	 1.0593	   1.5210	        1.5214	          0.0004	   1.5796	6.727e-03	   0.077	    26.483
  33	17	 4.2104	 1.0574	   1.5210	        1.5214	          0.0004	   1.5646	5.932e-03	   0.069	    27.352
  34	17	 4.2114	 1.0569	   1.5210	        1.5214	          0.0004	   1.5755	5.750e-03	   0.067	    28.230
  35	18	 4.2107	 1.0574	   1.5210	        1.5214	          0.0004	   1.5806	5.968e-03	   0.081	    29.105
  36	18	 4.2099	 1.0551	   1.5210	        1.5214	          0.0004	   1.5642	4.995e-03	   0.068	    29.956
  37	19	 4.2095	 1.0601	   1.5210	        1.5214	          0.0004	   1.6112	7.087e-03	   0.077	    30.817
  38	19	 4.2057	 1.0527	   1.5210	        1.5214	          0.0004	   1.5257	3.996e-03	   0.081	    31.687
  39	20	 4.2055	 1.0461	   1.5210	        1.5214	          0.0004	   1.5284	1.149e-03	   0.084	    32.596
  40	20	 4.2041	 1.0532	   1.5210	        1.5214	          0.0004	   1.6247	4.204e-03	   0.081	    33.454
  41	21	 4.2006	 1.0506	   1.5210	        1.5214	          0.0004	   1.5524	3.098e-03	   0.068	    34.302
  42	21	 4.2014	 1.0523	   1.5210	        1.5214	          0.0004	   1.5908	3.809e-03	   0.084	    35.165
  43	22	 4.1974	 1.0539	   1.5210	        1.5214	          0.0004	   1.5832	4.493e-03	   0.082	    36.018
  44	22	 4.1993	 1.0515	   1.5210	        1.5214	          0.0004	   1.5621	3.462e-03	   0.067	    36.869
  45	23	 4.1961	 1.0534	   1.5210	        1.5214	          0.0004	   1.5865	4.261e-03	   0.072	    37.722
  46	23	 4.1988	 1.0493	   1.5210	        1.5214	          0.0004	   1.5484	2.538e-03	   0.085	    38.598
  47	24	 4.1966	 1.0531	   1.5210	        1.5214	          0.0004	   1.6003	4.145e-03	   0.080	    39.521
  48	24	 4.1956	 1.0501	   1.5210	        1.5214	          0.0004	   1.5529	2.872e-03	   0.078	    40.418
  49	25	 4.1941	 1.0517	   1.5210	        1.5214	          0.0004	   1.5911	3.550e-03	   0.073	    41.296
  50	25	 4.1942	 1.0488	   1.5210	        1.5214	          0.0004	   1.5465	2.310e-03	   0.094	    42.226
  51	26	 4.1960	 1.0486	   1.5210	        1.5214	          0.0004	   1.5789	2.246e-03	   0.086	    43.161
  52	26	 4.1955	 1.0462	   1.5210	        1.5214	          0.0004	   1.5502	1.218e-03	   0.079	    44.046
  53	27	 4.1936	 1.0451	   1.5209	        1.5214	          0.0004	   1.5576	7.340e-04	   0.078	    44.908
  54	27	 4.1932	 1.0461	   1.5209	        1.5214	          0.0004	   1.5857	1.151e-03	   0.072	    45.759
  55	28	 4.1915	 1.0453	   1.5209	        1.5214	          0.0004	   1.5655	8.037e-04	   0.082	    46.613
  56	28	 4.1918	 1.0457	   1.5209	        1.5214	          0.0004	   1.5761	1.008e-03	   0.075	    47.468
  57	29	 4.1898	 1.0517	   1.5210	        1.5214	          0.0004	   1.6284	3.536e-03	   0.070	    48.323
  58	29	 4.1885	 1.0469	   1.5209	        1.5214	          0.0004	   1.5264	1.491e-03	   0.076	    49.199
  59	30	 4.1862	 1.0480	   1.5210	        1.5214	          0.0004	   1.5797	1.968e-03	   0.081	    50.086
  60	30	 4.1881	 1.0466	   1.5209	        1.5214	          0.0004	   1.5660	1.365e-03	   0.081	    50.953
  61	31	 4.1877	 1.0474	   1.5210	        1.5214	          0.0004	   1.5837	1.698e-03	   0.058	    51.796
  62	31	 4.1873	 1.0460	   1.5209	        1.5214	          0.0004	   1.5584	1.109e-03	   0.078	    52.658
  63	32	 4.1869	 1.0458	   1.5209	        1.5214	          0.0004	   1.5711	1.045e-03	   0.084	    53.571
  64	32	 4.1857	 1.0455	   1.5209	        1.5214	          0.0004	   1.5669	8.825e-04	   0.066	    54.439
  65	33	 4.1860	 1.0448	   1.5209	        1.5214	          0.0004	   1.5683	6.257e-04	   0.079	    55.295
  66	33	 4.1840	 1.0458	   1.5209	        1.5214	          0.0004	   1.5799	1.015e-03	   0.077	    56.149
  67	34	 4.1856	 1.0467	   1.5209	        1.5214	          0.0004	   1.5872	1.398e-03	   0.086	    57.015
  68	34	 4.1829	 1.0461	   1.5209	        1.5214	          0.0004	   1.5611	1.152e-03	   0.068	    57.857
  69	35	 4.1799	 1.0492	   1.5210	        1.5214	          0.0004	   1.6068	2.472e-03	   0.073	    58.716
  70	35	 4.1815	 1.0466	   1.5209	        1.5214	          0.0004	   1.5450	1.375e-03	   0.087	    59.584
  71	36	 4.1824	 1.0450	   1.5209	        1.5214	          0.0004	   1.5557	6.960e-04	   0.074	    60.449
  72	36	 4.1808	 1.0465	   1.5209	        1.5214	          0.0004	   1.5899	1.340e-03	   0.080	    61.316
  73	37	 4.1831	 1.0487	   1.5210	        1.5214	          0.0004	   1.6062	2.252e-03	   0.075	    62.201
  74	37	 4.1803	 1.0452	   1.5209	        1.5214	          0.0004	   1.5250	7.857e-04	   0.075	    63.072
  75	38	 4.1788	 1.0437	   1.5209	        1.5214	          0.0004	   1.5519	2.291e-04	   0.083	    64.014
  76	38	 4.1780	 1.0450	   1.5209	        1.5214	          0.0004	   1.5872	6.762e-04	   0.079	    64.925
  77	39	 4.1787	 1.0417	   1.5209	        1.5214	          0.0004	   1.5292	8.271e-04	   0.074	    65.788
  78	39	 4.1768	 1.0454	   1.5209	        1.5214	          0.0004	   1.6190	8.366e-04	   0.072	    66.643
  79	40	 4.1766	 1.0424	   1.5209	        1.5214	          0.0004	   1.5292	5.347e-04	   0.079	    67.501
  80	40	 4.1757	 1.0449	   1.5209	        1.5214	          0.0004	   1.6075	6.392e-04	   0.081	    68.364
  81	41	 4.1743	 1.0491	   1.5210	        1.5214	          0.0004	   1.6293	2.451e-03	   0.065	    69.211
  82	41	 4.1756	 1.0452	   1.5209	        1.5214	          0.0004	   1.5219	7.865e-04	   0.086	    70.072
  83	42	 4.1745	 1.0458	   1.5209	        1.5214	          0.0004	   1.5796	1.007e-03	   0.084	    70.960
  84	42	 4.1743	 1.0456	   1.5209	        1.5214	          0.0004	   1.5704	9.304e-04	   0.074	    71.836
  85	43	 4.1739	 1.0437	   1.5209	        1.5214	          0.0004	   1.5437	2.159e-04	   0.071	    72.686
  86	43	 4.1737	 1.0459	   1.5209	        1.5214	          0.0004	   1.6046	1.076e-03	   0.073	    73.548
  87	44	 4.1719	 1.0431	   1.5209	        1.5214	          0.0004	   1.5267	2.545e-04	   0.086	    74.440
  88	44	 4.1733	 1.0457	   1.5209	        1.5214	          0.0004	   1.6150	9.815e-04	   0.074	    75.364
  89	45	 4.1737	 1.0471	   1.5209	        1.5214	          0.0004	   1.5965	1.588e-03	   0.069	    76.268
  90	45	 4.1729	 1.0458	   1.5209	        1.5214	          0.0004	   1.5517	1.024e-03	   0.084	    77.171
  91	46	 4.1736	 1.0463	   1.5209	        1.5214	          0.0004	   1.5825	1.235e-03	   0.071	    78.028
  92	46	 4.1722	 1.0449	   1.5209	        1.5214	          0.0004	   1.5493	6.365e-04	   0.075	    78.885
  93	47	 4.1715	 1.0430	   1.5209	        1.5214	          0.0004	   1.5425	2.816e-04	   0.083	    79.770
  94	47	 4.1711	 1.0436	   1.5209	        1.5214	          0.0004	   1.5806	2.039e-04	   0.072	    80.663
  95	48	 4.1701	 1.0426	   1.5209	        1.5214	          0.0004	   1.5535	4.412e-04	   0.096	    81.557
  96	48	 4.1694	 1.0441	   1.5209	        1.5214	          0.0004	   1.5949	3.352e-04	   0.073	    82.475
  97	49	 4.1676	 1.0439	   1.5209	        1.5214	          0.0004	   1.5674	2.709e-04	   0.075	    83.362
  98	49	 4.1682	 1.0438	   1.5209	        1.5214	          0.0004	   1.5700	2.387e-04	   0.075	    84.217
  99	50	 4.1684	 1.0414	   1.5209	        1.5214	          0.0004	   1.5311	9.411e-04	   0.083	    85.125
 100	50	 4.1671	 1.0446	   1.5209	        1.5214	          0.0004	   1.6238	5.254e-04	   0.086	    86.074
 101	51	 4.1665	 1.0440	   1.5209	        1.5214	          0.0004	   1.5578	2.771e-04	   0.063	    86.940
 102	51	 4.1664	 1.0440	   1.5209	        1.5214	          0.0004	   1.5754	2.853e-04	   0.080	    87.804
 103	52	 4.1657	 1.0435	   1.5209	        1.5214	          0.0004	   1.5600	1.897e-04	   0.077	    88.661
 104	52	 4.1656	 1.0447	   1.5209	        1.5214	          0.0004	   1.5953	5.471e-04	   0.071	    89.516
 105	53	 4.1652	 1.0469	   1.5209	        1.5214	          0.0004	   1.6117	1.483e-03	   0.076	    90.368
 106	53	 4.1647	 1.0451	   1.5209	        1.5214	          0.0004	   1.5405	7.310e-04	   0.075	    91.228
 107	54	 4.1630	 1.0465	   1.5209	        1.5214	          0.0004	   1.5969	1.326e-03	   0.083	    92.106
 108	54	 4.1630	 1.0451	   1.5209	        1.5214	          0.0004	   1.5453	7.312e-04	   0.073	    92.979
 109	55	 4.1619	 1.0453	   1.5209	        1.5214	          0.0004	   1.5713	8.195e-04	   0.072	    93.850
 110	55	 4.1619	 1.0452	   1.5209	        1.5214	          0.0004	   1.5713	7.477e-04	   0.085	    94.711
 111	56	 4.1638	 1.0446	   1.5209	        1.5214	          0.0004	   1.5691	5.131e-04	   0.074	    95.557
 112	56	 4.1617	 1.0452	   1.5209	        1.5214	          0.0004	   1.5787	7.735e-04	   0.087	    96.468
 113	57	 4.1608	 1.0456	   1.5209	        1.5214	          0.0004	   1.5789	9.226e-04	   0.073	    97.339
 114	57	 4.1607	 1.0448	   1.5209	        1.5214	          0.0004	   1.5550	5.856e-04	   0.067	    98.196
 115	58	 4.1604	 1.0438	   1.5209	        1.5214	          0.0004	   1.5496	2.188e-04	   0.079	    99.055
 116	58	 4.1603	 1.0448	   1.5209	        1.5214	          0.0004	   1.5940	5.956e-04	   0.072	    99.903
 117	59	 4.1588	 1.0445	   1.5209	        1.5214	          0.0004	   1.5620	4.704e-04	   0.067	   100.760
 118	59	 4.1591	 1.0449	   1.5209	        1.5214	          0.0004	   1.5828	6.415e-04	   0.067	   101.613
 119	60	 4.1589	 1.0438	   1.5209	        1.5214	          0.0004	   1.5508	2.267e-04	   0.077	   102.476
 120	60	 4.1590	 1.0444	   1.5209	        1.5214	          0.0004	   1.5826	4.112e-04	   0.082	   103.399
 121	61	 4.1597	 1.0452	   1.5209	        1.5214	          0.0004	   1.5919	7.634e-04	   0.069	   104.245
 122	61	 4.1581	 1.0440	   1.5209	        1.5214	          0.0004	   1.5439	2.900e-04	   0.081	   105.102
 123	62	 4.1564	 1.0455	   1.5209	        1.5214	          0.0004	   1.5973	8.874e-04	   0.095	   105.989
 124	62	 4.1565	 1.0441	   1.5209	        1.5214	          0.0004	   1.5441	3.080e-04	   0.072	   106.912
 125	63	 4.1563	 1.0444	   1.5209	        1.5214	          0.0004	   1.5780	4.124e-04	   0.082	   107.824
 126	63	 4.1561	 1.0441	   1.5209	        1.5214	          0.0004	   1.5676	3.168e-04	   0.079	   108.696
 127	64	 4.1564	 1.0459	   1.5209	        1.5214	          0.0004	   1.6167	1.064e-03	   0.080	   109.552
 128	64	 4.1555	 1.0439	   1.5209	        1.5214	          0.0004	   1.5223	2.508e-04	   0.068	   110.396
 129	65	 4.1555	 1.0443	   1.5209	        1.5214	          0.0004	   1.5836	4.048e-04	   0.070	   111.253
 130	65	 4.1555	 1.0440	   1.5209	        1.5214	          0.0004	   1.5640	2.718e-04	   0.087	   112.122
 131	66	 4.1557	 1.0450	   1.5209	        1.5214	          0.0004	   1.5977	6.705e-04	   0.070	   112.969
 132	66	 4.1550	 1.0442	   1.5209	        1.5214	          0.0004	   1.5501	3.586e-04	   0.082	   113.862
 133	67	 4.1557	 1.0445	   1.5209	        1.5214	          0.0004	   1.5816	4.536e-04	   0.081	   114.741
 134	67	 4.1544	 1.0443	   1.5209	        1.5214	          0.0004	   1.5617	3.709e-04	   0.069	   115.594
 135	68	 4.1544	 1.0438	   1.5209	        1.5214	          0.0004	   1.5653	2.267e-04	   0.081	   116.449
 136	68	 4.1544	 1.0431	   1.5209	        1.5214	          0.0004	   1.5523	2.514e-04	   0.077	   117.340
 137	69	 4.1536	 1.0435	   1.5209	        1.5214	          0.0004	   1.5763	1.773e-04	   0.074	   118.231
 138	69	 4.1537	 1.0435	   1.5209	        1.5214	          0.0004	   1.5759	1.766e-04	   0.075	   119.080
 139	70	 4.1532	 1.0437	   1.5209	        1.5214	          0.0004	   1.5779	2.003e-04	   0.082	   119.940
 140	70	 4.1533	 1.0439	   1.5209	        1.5214	          0.0004	   1.5737	2.443e-04	   0.089	   120.806
 141	71	 4.1533	 1.0426	   1.5209	        1.5214	          0.0004	   1.5399	4.536e-04	   0.065	   121.694
 142	71	 4.1522	 1.0437	   1.5209	        1.5214	          0.0004	   1.5970	1.950e-04	   0.080	   122.577
 143	72	 4.1517	 1.0438	   1.5209	        1.5214	          0.0004	   1.5716	2.044e-04	   0.082	   123.470
 144	72	 4.1514	 1.0438	   1.5209	        1.5214	          0.0004	   1.5725	2.166e-04	   0.075	   124.348
 145	73	 4.1521	 1.0452	   1.5209	        1.5214	          0.0004	   1.6075	7.425e-04	   0.069	   125.232
 146	73	 4.1509	 1.0441	   1.5209	        1.5214	          0.0004	   1.5422	2.955e-04	   0.074	   126.091
 147	74	 4.1507	 1.0448	   1.5209	        1.5214	          0.0004	   1.5915	5.986e-04	   0.082	   126.958
 148	74	 4.1500	 1.0444	   1.5209	        1.5214	          0.0004	   1.5592	4.151e-04	   0.071	   127.859
 149	75	 4.1495	 1.0441	   1.5209	        1.5214	          0.0004	   1.5624	3.180e-04	   0.077	   128.799
 150	75	 4.1495	 1.0441	   1.5209	        1.5214	          0.0004	   1.5730	2.941e-04	   0.084	   129.682
 151	76	 4.1489	 1.0431	   1.5209	        1.5214	          0.0004	   1.5454	2.485e-04	   0.079	   130.534
 152	76	 4.1487	 1.0443	   1.5209	        1.5214	          0.0004	   1.6032	3.951e-04	   0.077	   131.389
 153	77	 4.1486	 1.0447	   1.5209	        1.5214	          0.0004	   1.5825	5.527e-04	   0.076	   132.247
 154	77	 4.1482	 1.0448	   1.5209	        1.5214	          0.0004	   1.5724	5.665e-04	   0.074	   133.105
 155	78	 4.1481	 1.0453	   1.5209	        1.5214	          0.0004	   1.5875	7.916e-04	   0.081	   133.954
 156	78	 4.1478	 1.0448	   1.5209	        1.5214	          0.0004	   1.5566	5.664e-04	   0.071	   134.821
 157	79	 4.1462	 1.0441	   1.5209	        1.5214	          0.0004	   1.5507	3.008e-04	   0.071	   135.703
 158	79	 4.1474	 1.0444	   1.5209	        1.5214	          0.0004	   1.5859	4.378e-04	   0.074	   136.574
 159	80	 4.1473	 1.0450	   1.5209	        1.5214	          0.0004	   1.5872	6.778e-04	   0.075	   137.433
 160	80	 4.1469	 1.0447	   1.5209	        1.5214	          0.0004	   1.5638	5.538e-04	   0.088	   138.301
 161	81	 4.1469	 1.0447	   1.5209	        1.5214	          0.0004	   1.5712	5.613e-04	   0.069	   139.187
 162	81	 4.1462	 1.0447	   1.5209	        1.5214	          0.0004	   1.5689	5.275e-04	   0.079	   140.065
 163	82	 4.1457	 1.0433	   1.5209	        1.5214	          0.0004	   1.5316	1.855e-04	   0.081	   140.926
 164	82	 4.1458	 1.0447	   1.5209	        1.5214	          0.0004	   1.6132	5.348e-04	   0.070	   141.778
 165	83	 4.1454	 1.0450	   1.5209	        1.5214	          0.0004	   1.5804	6.737e-04	   0.077	   142.637
 166	83	 4.1461	 1.0444	   1.5209	        1.5214	          0.0004	   1.5592	4.287e-04	   0.079	   143.491
 167	84	 4.1460	 1.0440	   1.5209	        1.5214	          0.0004	   1.5641	2.689e-04	   0.090	   144.375
 168	84	 4.1454	 1.0449	   1.5209	        1.5214	          0.0004	   1.5924	6.377e-04	   0.073	   145.234
 169	85	 4.1456	 1.0460	   1.5209	        1.5214	          0.0004	   1.6050	1.111e-03	   0.073	   146.115
 170	85	 4.1448	 1.0453	   1.5209	        1.5214	          0.0004	   1.5495	8.054e-04	   0.080	   146.979
 171	86	 4.1450	 1.0450	   1.5209	        1.5214	          0.0004	   1.5633	6.580e-04	   0.073	   147.830
 172	86	 4.1446	 1.0453	   1.5209	        1.5214	          0.0004	   1.5827	8.029e-04	   0.084	   148.715
 173	87	 4.1437	 1.0463	   1.5209	        1.5214	          0.0004	   1.5996	1.215e-03	   0.075	   149.641
 174	87	 4.1439	 1.0452	   1.5209	        1.5214	          0.0004	   1.5393	7.400e-04	   0.067	   150.546
 175	88	 4.1439	 1.0442	   1.5209	        1.5214	          0.0004	   1.5447	3.556e-04	   0.081	   151.419
 176	88	 4.1435	 1.0448	   1.5209	        1.5214	          0.0004	   1.5898	5.962e-04	   0.068	   152.271
 177	89	 4.1438	 1.0455	   1.5209	        1.5214	          0.0004	   1.5969	8.982e-04	   0.077	   153.132
 178	89	 4.1433	 1.0447	   1.5209	        1.5214	          0.0004	   1.5441	5.488e-04	   0.075	   153.982
 179	90	 4.1428	 1.0450	   1.5209	        1.5214	          0.0004	   1.5770	6.506e-04	   0.084	   154.843
 180	90	 4.1427	 1.0451	   1.5209	        1.5214	          0.0004	   1.5774	7.080e-04	   0.089	   155.730
 181	91	 4.1430	 1.0437	   1.5209	        1.5214	          0.0004	   1.5317	1.855e-04	   0.074	   156.652
 182	91	 4.1424	 1.0451	   1.5209	        1.5214	          0.0004	   1.6135	7.186e-04	   0.085	   157.585
 183	92	 4.1427	 1.0452	   1.5209	        1.5214	          0.0004	   1.5765	7.424e-04	   0.084	   158.469
 184	92	 4.1418	 1.0452	   1.5209	        1.5214	          0.0004	   1.5693	7.699e-04	   0.070	   159.340
 185	93	 4.1421	 1.0454	   1.5209	        1.5214	          0.0004	   1.5791	8.146e-04	   0.075	   160.234
 186	93	 4.1413	 1.0453	   1.5209	        1.5214	          0.0004	   1.5680	7.931e-04	   0.082	   161.124
 187	94	 4.1414	 1.0441	   1.5209	        1.5214	          0.0004	   1.5352	3.123e-04	   0.081	   162.032
 188	94	 4.1410	 1.0452	   1.5209	        1.5214	          0.0004	   1.6064	7.522e-04	   0.077	   162.915
 189	95	 4.1405	 1.0449	   1.5209	        1.5214	          0.0004	   1.5611	6.385e-04	   0.071	   163.786
 190	95	 4.1406	 1.0449	   1.5209	        1.5214	          0.0004	   1.5747	6.381e-04	   0.090	   164.669
 191	96	 4.1404	 1.0451	   1.5209	        1.5214	          0.0004	   1.5750	6.871e-04	   0.077	   165.554
 192	96	 4.1402	 1.0449	   1.5209	        1.5214	          0.0004	   1.5675	6.171e-04	   0.079	   166.428
 193	97	 4.1404	 1.0456	   1.5209	        1.5214	          0.0004	   1.5937	9.139e-04	   0.080	   167.291
 194	97	 4.1398	 1.0448	   1.5209	        1.5214	          0.0004	   1.5462	5.740e-04	   0.072	   168.163
 195	98	 4.1404	 1.0441	   1.5209	        1.5214	          0.0004	   1.5502	2.962e-04	   0.085	   169.018
 196	98	 4.1395	 1.0450	   1.5209	        1.5214	          0.0004	   1.5987	6.468e-04	   0.075	   169.871
 197	99	 4.1390	 1.0449	   1.5209	        1.5214	          0.0004	   1.5713	6.300e-04	   0.081	   170.801
 198	99	 4.1391	 1.0448	   1.5209	        1.5214	          0.0004	   1.5671	5.744e-04	   0.075	   171.724
 199	100	 4.1390	 1.0449	   1.5209	        1.5214	          0.0004	   1.5753	6.277e-04	   0.078	   172.608
 200	100	 4.1389	 1.0441	   1.5209	        1.5214	          0.0004	   1.5451	2.938e-04	   0.079	   173.465
 201	101	 4.1391	 1.0448	   1.5209	        1.5214	          0.0004	   1.5984	5.646e-04	   0.059	   174.308
 202	101	 4.1385	 1.0442	   1.5209	        1.5214	          0.0004	   1.5479	3.285e-04	   0.078	   175.172
 203	102	 4.1384	 1.0439	   1.5209	        1.5214	          0.0004	   1.5607	2.190e-04	   0.080	   176.032
 204	102	 4.1384	 1.0439	   1.5209	        1.5214	          0.0004	   1.5758	2.429e-04	   0.066	   176.885
 205	103	 4.1388	 1.0429	   1.5209	        1.5214	          0.0004	   1.5361	3.095e-04	   0.081	   177.757
 206	103	 4.1380	 1.0437	   1.5209	        1.5214	          0.0004	   1.5983	1.849e-04	   0.079	   178.637
 207	104	 4.1389	 1.0429	   1.5209	        1.5214	          0.0004	   1.5470	3.044e-04	   0.086	   179.514
 208	104	 4.1380	 1.0435	   1.5209	        1.5214	          0.0004	   1.5869	1.623e-04	   0.071	   180.360
 209	105	 4.1380	 1.0435	   1.5209	        1.5214	          0.0004	   1.5754	1.595e-04	   0.077	   181.227
 210	105	 4.1377	 1.0434	   1.5209	        1.5214	          0.0004	   1.5664	1.684e-04	   0.089	   182.131
 211	106	 4.1372	 1.0441	   1.5209	        1.5214	          0.0004	   1.5968	3.013e-04	   0.073	   182.994
 212	106	 4.1374	 1.0436	   1.5209	        1.5214	          0.0004	   1.5542	1.611e-04	   0.081	   183.853
 213	107	 4.1369	 1.0426	   1.5209	        1.5214	          0.0004	   1.5352	4.358e-04	   0.072	   184.706
 214	107	 4.1375	 1.0431	   1.5209	        1.5214	          0.0004	   1.5922	2.332e-04	   0.073	   185.568
 215	108	 4.1374	 1.0427	   1.5209	        1.5214	          0.0004	   1.5558	3.994e-04	   0.075	   186.459
 216	108	 4.1371	 1.0434	   1.5209	        1.5214	          0.0004	   1.5936	1.726e-04	   0.073	   187.312
 217	109	 4.1367	 1.0435	   1.5209	        1.5214	          0.0004	   1.5778	1.581e-04	   0.075	   188.171
 218	109	 4.1372	 1.0433	   1.5209	        1.5214	          0.0004	   1.5657	1.886e-04	   0.074	   189.042
 219	110	 4.1374	 1.0438	   1.5209	        1.5214	          0.0004	   1.5942	2.061e-04	   0.077	   189.904
 220	110	 4.1367	 1.0432	   1.5209	        1.5214	          0.0004	   1.5440	2.137e-04	   0.082	   190.766
 221	111	 4.1365	 1.0430	   1.5209	        1.5214	          0.0004	   1.5623	2.785e-04	   0.070	   191.655
 222	111	 4.1362	 1.0436	   1.5209	        1.5214	          0.0004	   1.5945	1.598e-04	   0.092	   192.582
 223	112	 4.1359	 1.0433	   1.5209	        1.5214	          0.0004	   1.5637	1.780e-04	   0.084	   193.478
 224	112	 4.1361	 1.0434	   1.5209	        1.5214	          0.0004	   1.5702	1.691e-04	   0.072	   194.346
 225	113	 4.1361	 1.0439	   1.5209	        1.5214	          0.0004	   1.5961	2.401e-04	   0.075	   195.202
 226	113	 4.1359	 1.0432	   1.5209	        1.5214	          0.0004	   1.5395	2.195e-04	   0.078	   196.062
 227	114	 4.1349	 1.0437	   1.5209	        1.5214	          0.0004	   1.5860	1.705e-04	   0.079	   196.923
 228	114	 4.1357	 1.0432	   1.5209	        1.5214	          0.0004	   1.5565	2.149e-04	   0.068	   197.764
 229	115	 4.1360	 1.0431	   1.5209	        1.5214	          0.0004	   1.5663	2.625e-04	   0.066	   198.619
 230	115	 4.1357	 1.0430	   1.5209	        1.5214	          0.0004	   1.5704	2.867e-04	   0.083	   199.517
 231	116	 4.1355	 1.0434	   1.5209	        1.5214	          0.0004	   1.5846	1.699e-04	   0.073	   200.392
 232	116	 4.1351	 1.0429	   1.5209	        1.5214	          0.0004	   1.5535	3.188e-04	   0.075	   201.250
 233	117	 4.1350	 1.0429	   1.5209	        1.5214	          0.0004	   1.5687	3.327e-04	   0.082	   202.110
 234	117	 4.1347	 1.0427	   1.5209	        1.5214	          0.0004	   1.5637	4.035e-04	   0.076	   203.043
 235	118	 4.1341	 1.0429	   1.5209	        1.5214	          0.0004	   1.5787	3.130e-04	   0.091	   203.955
 236	118	 4.1345	 1.0428	   1.5209	        1.5214	          0.0004	   1.5695	3.425e-04	   0.072	   204.807
 237	119	 4.1346	 1.0428	   1.5209	        1.5214	          0.0004	   1.5720	3.466e-04	   0.074	   205.667
 238	119	 4.1343	 1.0426	   1.5209	        1.5214	          0.0004	   1.5608	4.403e-04	   0.078	   206.562
 239	120	 4.1339	 1.0428	   1.5209	        1.5214	          0.0004	   1.5734	3.660e-04	   0.082	   207.443
 240	120	 4.1339	 1.0423	   1.5209	        1.5214	          0.0004	   1.5541	5.627e-04	   0.082	   208.308
 241	121	 4.1331	 1.0425	   1.5209	        1.5214	          0.0004	   1.5750	4.793e-04	   0.061	   209.150
 242	121	 4.1335	 1.0423	   1.5209	        1.5214	          0.0004	   1.5679	5.554e-04	   0.082	   210.016
 243	122	 4.1335	 1.0417	   1.5209	        1.5214	          0.0004	   1.5471	8.221e-04	   0.075	   210.892
 244	122	 4.1336	 1.0424	   1.5209	        1.5214	          0.0004	   1.6001	5.251e-04	   0.069	   211.742
 245	123	 4.1330	 1.0427	   1.5209	        1.5214	          0.0004	   1.5828	3.813e-04	   0.093	   212.535
 246	123	 4.1331	 1.0425	   1.5209	        1.5214	          0.0004	   1.5623	4.964e-04	   0.072	   213.299
 247	124	 4.1329	 1.0433	   1.5209	        1.5214	          0.0004	   1.6075	1.830e-04	   0.060	   214.124
 248	124	 4.1326	 1.0426	   1.5209	        1.5214	          0.0004	   1.5405	4.223e-04	   0.062	   214.806
 249	125	 4.1325	 1.0421	   1.5209	        1.5214	          0.0004	   1.5500	6.523e-04	   0.060	   215.464
 250	125	 4.1326	 1.0423	   1.5209	        1.5214	          0.0004	   1.5801	5.499e-04	   0.057	   216.119
 251	126	 4.1318	 1.0418	   1.5209	        1.5214	          0.0004	   1.5432	7.711e-04	   0.062	   216.779
 252	126	 4.1320	 1.0421	   1.5209	        1.5214	          0.0004	   1.5853	6.623e-04	   0.062	   217.439
 253	127	 4.1324	 1.0425	   1.5209	        1.5214	          0.0004	   1.5928	4.937e-04	   0.054	   218.091
 254	127	 4.1318	 1.0420	   1.5209	        1.5214	          0.0004	   1.5475	6.796e-04	   0.061	   218.761
 255	128	 4.1315	 1.0418	   1.5209	        1.5214	          0.0004	   1.5569	7.978e-04	   0.062	   219.450
 256	128	 4.1319	 1.0421	   1.5209	        1.5214	          0.0004	   1.5889	6.609e-04	   0.056	   220.122
 257	129	 4.1316	 1.0417	   1.5209	        1.5214	          0.0004	   1.5531	8.094e-04	   0.059	   220.777
 258	129	 4.1319	 1.0422	   1.5209	        1.5214	          0.0004	   1.5973	5.848e-04	   0.068	   221.471
 259	130	 4.1317	 1.0425	   1.5209	        1.5214	          0.0004	   1.5840	4.610e-04	   0.061	   222.147
 260	130	 4.1317	 1.0421	   1.5209	        1.5214	          0.0004	   1.5535	6.345e-04	   0.055	   222.818
 261	131	 4.1314	 1.0420	   1.5209	        1.5214	          0.0004	   1.5603	7.087e-04	   0.063	   223.501
 262	131	 4.1317	 1.0419	   1.5209	        1.5214	          0.0004	   1.5721	7.273e-04	   0.063	   224.175
 263	132	 4.1315	 1.0429	   1.5209	        1.5214	          0.0004	   1.6133	3.358e-04	   0.060	   224.828
 264	132	 4.1315	 1.0421	   1.5209	        1.5214	          0.0004	   1.5373	6.413e-04	   0.059	   225.483
 265	133	 4.1313	 1.0420	   1.5209	        1.5214	          0.0004	   1.5612	6.975e-04	   0.064	   226.150
 266	133	 4.1312	 1.0423	   1.5209	        1.5214	          0.0004	   1.5869	5.716e-04	   0.061	   226.807
 267	134	 4.1312	 1.0417	   1.5209	        1.5214	          0.0004	   1.5468	8.202e-04	   0.058	   227.474
 268	134	 4.1309	 1.0425	   1.5209	        1.5214	          0.0004	   1.6053	4.836e-04	   0.062	   228.139
 269	135	 4.1308	 1.0424	   1.5209	        1.5214	          0.0004	   1.5664	5.223e-04	   0.063	   228.797
 270	135	 4.1306	 1.0425	   1.5209	        1.5214	          0.0004	   1.5747	4.959e-04	   0.066	   229.516
 271	136	 4.1305	 1.0424	   1.5209	        1.5214	          0.0004	   1.5667	5.260e-04	   0.068	   230.239
 272	136	 4.1306	 1.0426	   1.5209	        1.5214	          0.0004	   1.5803	4.538e-04	   0.070	   230.930
 273	137	 4.1307	 1.0422	   1.5209	        1.5214	          0.0004	   1.5603	5.882e-04	   0.062	   231.644
 274	137	 4.1306	 1.0423	   1.5209	        1.5214	          0.0004	   1.5732	5.440e-04	   0.063	   232.344
 275	138	 4.1302	 1.0419	   1.5209	        1.5214	          0.0004	   1.5515	7.279e-04	   0.060	   233.036
 276	138	 4.1302	 1.0426	   1.5209	        1.5214	          0.0004	   1.6011	4.402e-04	   0.055	   233.695
 277	139	 4.1302	 1.0429	   1.5209	        1.5214	          0.0004	   1.5868	3.056e-04	   0.058	   234.353
 278	139	 4.1301	 1.0427	   1.5209	        1.5214	          0.0004	   1.5638	3.796e-04	   0.061	   235.014
 279	140	 4.1301	 1.0431	   1.5209	        1.5214	          0.0004	   1.5912	2.485e-04	   0.064	   235.731
 280	140	 4.1298	 1.0425	   1.5209	        1.5214	          0.0004	   1.5383	4.768e-04	   0.062	   236.451
 281	141	 4.1295	 1.0428	   1.5209	        1.5214	          0.0004	   1.5867	3.378e-04	   0.063	   237.135
 282	141	 4.1294	 1.0426	   1.5209	        1.5214	          0.0004	   1.5568	4.459e-04	   0.066	   237.812
 283	142	 4.1295	 1.0429	   1.5209	        1.5214	          0.0004	   1.5864	3.320e-04	   0.061	   238.500
 284	142	 4.1291	 1.0426	   1.5209	        1.5214	          0.0004	   1.5577	4.170e-04	   0.064	   239.203
 285	143	 4.1290	 1.0425	   1.5209	        1.5214	          0.0004	   1.5668	4.584e-04	   0.066	   239.899
 286	143	 4.1288	 1.0427	   1.5209	        1.5214	          0.0004	   1.5756	4.084e-04	   0.059	   240.566
 287	144	 4.1290	 1.0436	   1.5209	        1.5214	          0.0004	   1.6171	1.521e-04	   0.055	   241.217
 288	144	 4.1288	 1.0428	   1.5209	        1.5214	          0.0004	   1.5300	3.722e-04	   0.060	   241.878
 289	145	 4.1287	 1.0426	   1.5209	        1.5214	          0.0004	   1.5629	4.491e-04	   0.058	   242.533
 290	145	 4.1289	 1.0426	   1.5209	        1.5214	          0.0004	   1.5753	4.227e-04	   0.065	   243.195
 291	146	 4.1290	 1.0423	   1.5209	        1.5214	          0.0004	   1.5556	5.765e-04	   0.063	   243.849
 292	146	 4.1288	 1.0428	   1.5209	        1.5214	          0.0004	   1.5961	3.587e-04	   0.062	   244.533
 293	147	 4.1286	 1.0428	   1.5209	        1.5214	          0.0004	   1.5714	3.547e-04	   0.059	   245.189
 294	147	 4.1288	 1.0427	   1.5209	        1.5214	          0.0004	   1.5675	3.967e-04	   0.066	   245.879
 295	148	 4.1288	 1.0423	   1.5209	        1.5214	          0.0004	   1.5520	5.495e-04	   0.062	   246.594
 296	148	 4.1284	 1.0426	   1.5209	        1.5214	          0.0004	   1.5839	4.261e-04	   0.056	   247.300
 297	149	 4.1278	 1.0422	   1.5209	        1.5214	          0.0004	   1.5453	5.999e-04	   0.059	   247.977
 298	149	 4.1280	 1.0426	   1.5209	        1.5214	          0.0004	   1.5944	4.277e-04	   0.063	   248.640
 299	150	 4.1280	 1.0428	   1.5209	        1.5214	          0.0004	   1.5820	3.524e-04	   0.055	   249.298
 300	150	 4.1280	 1.0427	   1.5209	        1.5214	          0.0004	   1.5651	3.981e-04	   0.058	   249.954
 301	151	 4.1276	 1.0426	   1.5209	        1.5214	          0.0004	   1.5631	4.260e-04	   0.062	   250.613
 302	151	 4.1279	 1.0428	   1.5209	        1.5214	          0.0004	   1.5840	3.682e-04	   0.063	   251.271
 303	152	 4.1279	 1.0414	   1.5209	        1.5214	          0.0004	   1.5039	9.347e-04	   0.063	   251.933
 304	152	 4.1278	 1.0424	   1.5209	        1.5214	          0.0004	   1.6204	5.136e-04	   0.057	   252.621
 305	153	 4.1281	 1.0427	   1.5209	        1.5214	          0.0004	   1.5903	4.049e-04	   0.067	   253.304
 306	153	 4.1276	 1.0426	   1.5209	        1.5214	          0.0004	   1.5633	4.199e-04	   0.056	   253.956
 307	154	 4.1275	 1.0425	   1.5209	        1.5214	          0.0004	   1.5666	4.665e-04	   0.062	   254.651
 308	154	 4.1273	 1.0427	   1.5209	        1.5214	          0.0004	   1.5769	4.041e-04	   0.072	   255.324
 309	155	 4.1270	 1.0424	   1.5209	        1.5214	          0.0004	   1.5590	4.991e-04	   0.057	   256.028
 310	155	 4.1269	 1.0428	   1.5209	        1.5214	          0.0004	   1.5908	3.465e-04	   0.062	   256.689
 311	156	 4.1268	 1.0429	   1.5209	        1.5214	          0.0004	   1.5760	3.182e-04	   0.062	   257.345
 312	156	 4.1271	 1.0427	   1.5209	        1.5214	          0.0004	   1.5615	4.059e-04	   0.061	   258.009
 313	157	 4.1268	 1.0430	   1.5209	        1.5214	          0.0004	   1.5877	2.935e-04	   0.058	   258.662
 314	157	 4.1266	 1.0425	   1.5209	        1.5214	          0.0004	   1.5439	4.588e-04	   0.055	   259.313
 315	158	 4.1263	 1.0420	   1.5209	        1.5214	          0.0004	   1.5378	6.958e-04	   0.058	   259.975
 316	158	 4.1265	 1.0427	   1.5209	        1.5214	          0.0004	   1.6114	4.041e-04	   0.058	   260.648
 317	159	 4.1259	 1.0430	   1.5209	        1.5214	          0.0004	   1.5820	2.918e-04	   0.058	   261.310
 318	159	 4.1260	 1.0429	   1.5209	        1.5214	          0.0004	   1.5712	3.179e-04	   0.071	   261.984
 319	160	 4.1260	 1.0427	   1.5209	        1.5214	          0.0004	   1.5650	3.765e-04	   0.061	   262.700
 320	160	 4.1257	 1.0429	   1.5209	        1.5214	          0.0004	   1.5761	3.222e-04	   0.058	   263.411
 321	161	 4.1258	 1.0429	   1.5209	        1.5214	          0.0004	   1.5739	3.179e-04	   0.064	   264.095
 322	161	 4.1257	 1.0428	   1.5209	        1.5214	          0.0004	   1.5643	3.645e-04	   0.064	   264.769
 323	162	 4.1252	 1.0422	   1.5209	        1.5214	          0.0004	   1.5363	6.135e-04	   0.056	   265.421
 324	162	 4.1255	 1.0429	   1.5209	        1.5214	          0.0004	   1.6125	3.255e-04	   0.057	   266.078
 325	163	 4.1253	 1.0427	   1.5209	        1.5214	          0.0004	   1.5614	3.954e-04	   0.065	   266.741
 326	163	 4.1252	 1.0429	   1.5209	        1.5214	          0.0004	   1.5846	3.020e-04	   0.061	   267.415
 327	164	 4.1254	 1.0430	   1.5209	        1.5214	          0.0004	   1.5778	2.873e-04	   0.057	   268.115
 328	164	 4.1252	 1.0431	   1.5209	        1.5214	          0.0004	   1.5730	2.547e-04	   0.066	   268.806
 329	165	 4.1254	 1.0427	   1.5209	        1.5214	          0.0004	   1.5498	4.114e-04	   0.064	   269.494
 330	165	 4.1252	 1.0430	   1.5209	        1.5214	          0.0004	   1.5895	2.854e-04	   0.063	   270.151
 331	166	 4.1251	 1.0436	   1.5209	        1.5214	          0.0004	   1.6020	1.460e-04	   0.070	   270.826
 332	166	 4.1252	 1.0431	   1.5209	        1.5214	          0.0004	   1.5489	2.362e-04	   0.061	   271.557
 333	167	 4.1248	 1.0437	   1.5209	        1.5214	          0.0004	   1.5993	1.636e-04	   0.062	   272.262
 334	167	 4.1250	 1.0431	   1.5209	        1.5214	          0.0004	   1.5399	2.573e-04	   0.055	   272.914
 335	168	 4.1247	 1.0430	   1.5209	        1.5214	          0.0004	   1.5689	2.662e-04	   0.061	   273.576
 336	168	 4.1248	 1.0429	   1.5209	        1.5214	          0.0004	   1.5673	3.030e-04	   0.058	   274.230
 337	169	 4.1250	 1.0427	   1.5209	        1.5214	          0.0004	   1.5560	3.936e-04	   0.058	   274.886
 338	169	 4.1247	 1.0428	   1.5209	        1.5214	          0.0004	   1.5806	3.418e-04	   0.064	   275.552
 339	170	 4.1246	 1.0428	   1.5209	        1.5214	          0.0004	   1.5685	3.568e-04	   0.057	   276.208
 340	170	 4.1245	 1.0427	   1.5209	        1.5214	          0.0004	   1.5682	3.787e-04	   0.056	   276.865
 341	171	 4.1246	 1.0423	   1.5209	        1.5214	          0.0004	   1.5434	5.801e-04	   0.062	   277.542
 342	171	 4.1243	 1.0426	   1.5209	        1.5214	          0.0004	   1.5932	4.160e-04	   0.059	   278.199
 343	172	 4.1246	 1.0430	   1.5209	        1.5214	          0.0004	   1.5944	2.629e-04	   0.062	   278.899
 344	172	 4.1242	 1.0427	   1.5209	        1.5214	          0.0004	   1.5516	3.891e-04	   0.058	   279.609
 345	173	 4.1241	 1.0428	   1.5209	        1.5214	          0.0004	   1.5762	3.574e-04	   0.068	   280.320
 346	173	 4.1243	 1.0425	   1.5209	        1.5214	          0.0004	   1.5553	4.751e-04	   0.061	   281.000
 347	174	 4.1243	 1.0426	   1.5209	        1.5214	          0.0004	   1.5796	4.381e-04	   0.059	   281.649
 348	174	 4.1238	 1.0425	   1.5209	        1.5214	          0.0004	   1.5620	4.619e-04	   0.062	   282.308
 349	175	 4.1238	 1.0434	   1.5209	        1.5214	          0.0004	   1.6246	1.628e-04	   0.060	   282.968
 350	175	 4.1235	 1.0426	   1.5209	        1.5214	          0.0004	   1.5195	4.415e-04	   0.064	   283.626
 351	176	 4.1236	 1.0424	   1.5209	        1.5214	          0.0004	   1.5622	5.187e-04	   0.059	   284.282
 352	176	 4.1233	 1.0424	   1.5209	        1.5214	          0.0004	   1.5701	5.062e-04	   0.064	   284.952
 353	177	 4.1230	 1.0428	   1.5209	        1.5214	          0.0004	   1.5919	3.601e-04	   0.058	   285.635
 354	177	 4.1230	 1.0424	   1.5209	        1.5214	          0.0004	   1.5474	5.134e-04	   0.056	   286.306
 355	178	 4.1231	 1.0422	   1.5209	        1.5214	          0.0004	   1.5607	5.877e-04	   0.058	   286.967
 356	178	 4.1230	 1.0423	   1.5209	        1.5214	          0.0004	   1.5740	5.705e-04	   0.062	   287.703
 357	179	 4.1228	 1.0424	   1.5209	        1.5214	          0.0004	   1.5821	5.074e-04	   0.063	   288.367
 358	179	 4.1230	 1.0423	   1.5209	        1.5214	          0.0004	   1.5607	5.707e-04	   0.065	   289.048
 359	180	 4.1228	 1.0426	   1.5209	        1.5214	          0.0004	   1.5922	4.243e-04	   0.057	   289.703
 360	180	 4.1228	 1.0424	   1.5209	        1.5214	          0.0004	   1.5608	5.056e-04	   0.055	   290.359
 361	181	 4.1223	 1.0430	   1.5209	        1.5214	          0.0004	   1.6014	2.867e-04	   0.062	   291.018
 362	181	 4.1227	 1.0424	   1.5209	        1.5214	          0.0004	   1.5381	5.301e-04	   0.059	   291.675
 363	182	 4.1230	 1.0422	   1.5209	        1.5214	          0.0004	   1.5655	6.038e-04	   0.059	   292.332
 364	182	 4.1225	 1.0425	   1.5209	        1.5214	          0.0004	   1.5833	4.835e-04	   0.065	   292.996
 365	183	 4.1227	 1.0428	   1.5209	        1.5214	          0.0004	   1.5925	3.703e-04	   0.073	   293.721
 366	183	 4.1224	 1.0425	   1.5209	        1.5214	          0.0004	   1.5538	4.594e-04	   0.063	   294.434
 367	184	 4.1226	 1.0421	   1.5209	        1.5214	          0.0004	   1.5487	6.362e-04	   0.065	   295.138
 368	184	 4.1225	 1.0426	   1.5209	        1.5214	          0.0004	   1.5971	4.487e-04	   0.062	   295.882
 369	185	 4.1224	 1.0420	   1.5209	        1.5214	          0.0004	   1.5361	6.870e-04	   0.062	   296.591
 370	185	 4.1222	 1.0425	   1.5209	        1.5214	          0.0004	   1.6004	4.733e-04	   0.059	   297.269
 371	186	 4.1217	 1.0422	   1.5209	        1.5214	          0.0004	   1.5470	6.076e-04	   0.059	   297.943
 372	186	 4.1220	 1.0424	   1.5209	        1.5214	          0.0004	   1.5884	5.091e-04	   0.065	   298.624
 373	187	 4.1220	 1.0428	   1.5209	        1.5214	          0.0004	   1.5945	3.510e-04	   0.061	   299.323
 374	187	 4.1217	 1.0425	   1.5209	        1.5214	          0.0004	   1.5516	4.699e-04	   0.060	   300.006
 375	188	 4.1221	 1.0424	   1.5209	        1.5214	          0.0004	   1.5674	5.151e-04	   0.062	   300.677
 376	188	 4.1218	 1.0423	   1.5209	        1.5214	          0.0004	   1.5634	5.503e-04	   0.057	   301.332
 377	189	 4.1214	 1.0427	   1.5209	        1.5214	          0.0004	   1.5948	4.021e-04	   0.063	   302.016
 378	189	 4.1218	 1.0423	   1.5209	        1.5214	          0.0004	   1.5491	5.431e-04	   0.070	   302.706
 379	190	 4.1219	 1.0424	   1.5209	        1.5214	          0.0004	   1.5760	5.100e-04	   0.057	   303.397
 380	190	 4.1218	 1.0423	   1.5209	        1.5214	          0.0004	   1.5633	5.592e-04	   0.063	   304.101
 381	191	 4.1219	 1.0422	   1.5209	        1.5214	          0.0004	   1.5662	5.954e-04	   0.061	   304.789
 382	191	 4.1218	 1.0421	   1.5209	        1.5214	          0.0004	   1.5665	6.307e-04	   0.064	   305.471
 383	192	 4.1214	 1.0419	   1.5209	        1.5214	          0.0004	   1.5495	7.520e-04	   0.057	   306.127
 384	192	 4.1216	 1.0422	   1.5209	        1.5214	          0.0004	   1.5933	6.129e-04	   0.059	   306.784
 385	193	 4.1209	 1.0424	   1.5209	        1.5214	          0.0004	   1.5789	5.353e-04	   0.067	   307.452
 386	193	 4.1214	 1.0420	   1.5209	        1.5214	          0.0004	   1.5525	6.796e-04	   0.059	   308.105
 387	194	 4.1212	 1.0420	   1.5209	        1.5214	          0.0004	   1.5691	6.721e-04	   0.058	   308.756
 388	194	 4.1211	 1.0421	   1.5209	        1.5214	          0.0004	   1.5757	6.439e-04	   0.059	   309.415
 389	195	 4.1205	 1.0420	   1.5209	        1.5214	          0.0004	   1.5569	7.058e-04	   0.060	   310.075
 390	195	 4.1210	 1.0420	   1.5209	        1.5214	          0.0004	   1.5766	7.072e-04	   0.059	   310.753
 391	196	 4.1209	 1.0417	   1.5209	        1.5214	          0.0004	   1.5532	8.177e-04	   0.062	   311.413
 392	196	 4.1208	 1.0421	   1.5209	        1.5214	          0.0004	   1.5994	6.298e-04	   0.072	   312.127
 393	197	 4.1210	 1.0419	   1.5209	        1.5214	          0.0004	   1.5578	7.368e-04	   0.060	   312.825
 394	197	 4.1210	 1.0420	   1.5209	        1.5214	          0.0004	   1.5776	6.906e-04	   0.062	   313.525
 395	198	 4.1210	 1.0417	   1.5209	        1.5214	          0.0004	   1.5527	8.050e-04	   0.062	   314.206
 396	198	 4.1207	 1.0420	   1.5209	        1.5214	          0.0004	   1.5854	7.066e-04	   0.052	   314.849
 397	199	 4.1203	 1.0422	   1.5209	        1.5214	          0.0004	   1.5830	6.202e-04	   0.057	   315.492
 398	199	 4.1204	 1.0418	   1.5209	        1.5214	          0.0004	   1.5475	7.652e-04	   0.053	   316.111
 399	200	 4.1198	 1.0416	   1.5209	        1.5214	          0.0004	   1.5519	8.525e-04	   0.059	   316.739
 400	200	 4.1203	 1.0418	   1.5209	        1.5214	          0.0004	   1.5859	7.883e-04	   0.051	   317.356

[BSGD] Finished on device cuda -> σ_f² ≈ 4.1203, σ_ε² ≈ 1.0418
