[GPU 2][JOB 179] 'python cli.py bsgd --n 1024 --lengthscale 0.5 --sigma-f2-true 4.0 --sigma-eps2-true 1.0 --n-epochs 200 --device auto --kernel-mode finite --theta-min 1e-4 --theta-max 20.0 --print-every 1 --seed 8 --batch-size 1024 --sigma-f2-init 5.0 --sigma-eps2-init 3.0 --alpha1 6.0 '

=== BSGD (biased SGD on exact kernel) ===
iter	epoch	σ_f²	σ_ε²	real_nlml	real_nlml_true	real_nlml_abs_err	mini_nlml	||grad||	duration_s	wall_time_s
   1	 1	 4.5772	 2.3675	   1.6363	        1.5064	          0.1299	   1.6363	1.150e-01	   0.587	     0.792
   2	 2	 4.3833	 2.0226	   1.5959	        1.5064	          0.0895	   1.5959	1.170e-01	   0.108	     1.646
   3	 3	 4.2632	 1.7887	   1.5686	        1.5064	          0.0622	   1.5686	1.144e-01	   0.117	     2.615
   4	 4	 4.1789	 1.6170	   1.5493	        1.5064	          0.0429	   1.5493	1.085e-01	   0.103	     3.606
   5	 5	 4.1155	 1.4869	   1.5356	        1.5064	          0.0292	   1.5356	1.000e-01	   0.114	     4.607
   6	 6	 4.0655	 1.3868	   1.5260	        1.5064	          0.0197	   1.5260	9.002e-02	   0.118	     5.643
   7	 7	 4.0248	 1.3097	   1.5194	        1.5064	          0.0131	   1.5194	7.935e-02	   0.113	     6.675
   8	 8	 3.9908	 1.2502	   1.5150	        1.5064	          0.0086	   1.5150	6.881e-02	   0.115	     7.714
   9	 9	 3.9618	 1.2043	   1.5120	        1.5064	          0.0057	   1.5120	5.897e-02	   0.111	     8.760
  10	10	 3.9367	 1.1689	   1.5101	        1.5064	          0.0037	   1.5101	5.017e-02	   0.128	     9.825
  11	11	 3.9147	 1.1416	   1.5088	        1.5064	          0.0024	   1.5088	4.253e-02	   0.120	    10.914
  12	12	 3.8951	 1.1203	   1.5079	        1.5064	          0.0016	   1.5079	3.604e-02	   0.112	    11.953
  13	13	 3.8775	 1.1037	   1.5074	        1.5064	          0.0010	   1.5074	3.058e-02	   0.120	    12.995
  14	14	 3.8616	 1.0906	   1.5070	        1.5064	          0.0006	   1.5070	2.603e-02	   0.108	    14.034
  15	15	 3.8471	 1.0802	   1.5067	        1.5064	          0.0003	   1.5067	2.226e-02	   0.121	    15.082
  16	16	 3.8337	 1.0718	   1.5065	        1.5064	          0.0002	   1.5065	1.912e-02	   0.120	    16.164
  17	17	 3.8214	 1.0651	   1.5064	        1.5064	          0.0000	   1.5064	1.651e-02	   0.111	    17.215
  18	18	 3.8100	 1.0596	   1.5063	        1.5064	          0.0001	   1.5063	1.433e-02	   0.112	    18.256
  19	19	 3.7994	 1.0551	   1.5063	        1.5064	          0.0001	   1.5063	1.251e-02	   0.107	    19.289
  20	20	 3.7895	 1.0513	   1.5062	        1.5064	          0.0002	   1.5062	1.097e-02	   0.128	    20.376
  21	21	 3.7802	 1.0482	   1.5062	        1.5064	          0.0002	   1.5062	9.668e-03	   0.116	    21.525
  22	22	 3.7714	 1.0455	   1.5061	        1.5064	          0.0002	   1.5061	8.562e-03	   0.111	    22.595
  23	23	 3.7631	 1.0433	   1.5061	        1.5064	          0.0003	   1.5061	7.617e-03	   0.120	    23.637
  24	24	 3.7553	 1.0414	   1.5061	        1.5064	          0.0003	   1.5061	6.805e-03	   0.113	    24.676
  25	25	 3.7479	 1.0398	   1.5061	        1.5064	          0.0003	   1.5061	6.105e-03	   0.116	    25.718
  26	26	 3.7409	 1.0384	   1.5061	        1.5064	          0.0003	   1.5061	5.498e-03	   0.115	    26.787
  27	27	 3.7341	 1.0372	   1.5061	        1.5064	          0.0003	   1.5061	4.970e-03	   0.112	    27.826
  28	28	 3.7277	 1.0361	   1.5060	        1.5064	          0.0003	   1.5060	4.509e-03	   0.119	    28.868
  29	29	 3.7216	 1.0352	   1.5060	        1.5064	          0.0003	   1.5060	4.104e-03	   0.121	    29.914
  30	30	 3.7158	 1.0344	   1.5060	        1.5064	          0.0003	   1.5060	3.747e-03	   0.113	    30.950
  31	31	 3.7102	 1.0337	   1.5060	        1.5064	          0.0003	   1.5060	3.432e-03	   0.124	    32.063
  32	32	 3.7048	 1.0330	   1.5060	        1.5064	          0.0004	   1.5060	3.153e-03	   0.109	    33.104
  33	33	 3.6996	 1.0325	   1.5060	        1.5064	          0.0004	   1.5060	2.904e-03	   0.121	    34.144
  34	34	 3.6947	 1.0320	   1.5060	        1.5064	          0.0004	   1.5060	2.682e-03	   0.118	    35.189
  35	35	 3.6899	 1.0315	   1.5060	        1.5064	          0.0004	   1.5060	2.484e-03	   0.122	    36.268
  36	36	 3.6853	 1.0311	   1.5060	        1.5064	          0.0004	   1.5060	2.306e-03	   0.120	    37.383
  37	37	 3.6808	 1.0308	   1.5060	        1.5064	          0.0004	   1.5060	2.146e-03	   0.108	    38.433
  38	38	 3.6765	 1.0304	   1.5060	        1.5064	          0.0004	   1.5060	2.002e-03	   0.123	    39.481
  39	39	 3.6724	 1.0301	   1.5060	        1.5064	          0.0004	   1.5060	1.872e-03	   0.123	    40.550
  40	40	 3.6684	 1.0299	   1.5060	        1.5064	          0.0004	   1.5060	1.754e-03	   0.117	    41.635
  41	41	 3.6645	 1.0296	   1.5060	        1.5064	          0.0004	   1.5060	1.647e-03	   0.124	    42.807
  42	42	 3.6607	 1.0294	   1.5060	        1.5064	          0.0004	   1.5060	1.550e-03	   0.110	    43.878
  43	43	 3.6571	 1.0292	   1.5060	        1.5064	          0.0004	   1.5060	1.461e-03	   0.127	    44.930
  44	44	 3.6535	 1.0290	   1.5060	        1.5064	          0.0004	   1.5060	1.381e-03	   0.112	    45.970
  45	45	 3.6501	 1.0288	   1.5060	        1.5064	          0.0004	   1.5060	1.307e-03	   0.114	    47.007
  46	46	 3.6467	 1.0287	   1.5060	        1.5064	          0.0004	   1.5060	1.240e-03	   0.121	    48.073
  47	47	 3.6435	 1.0285	   1.5060	        1.5064	          0.0004	   1.5060	1.179e-03	   0.107	    49.110
  48	48	 3.6403	 1.0284	   1.5060	        1.5064	          0.0004	   1.5060	1.123e-03	   0.124	    50.162
  49	49	 3.6373	 1.0283	   1.5060	        1.5064	          0.0004	   1.5060	1.071e-03	   0.117	    51.206
  50	50	 3.6343	 1.0282	   1.5060	        1.5064	          0.0004	   1.5060	1.023e-03	   0.117	    52.240
  51	51	 3.6313	 1.0281	   1.5060	        1.5064	          0.0004	   1.5060	9.797e-04	   0.123	    53.338
  52	52	 3.6285	 1.0280	   1.5060	        1.5064	          0.0004	   1.5060	9.396e-04	   0.116	    54.391
  53	53	 3.6257	 1.0279	   1.5060	        1.5064	          0.0004	   1.5060	9.026e-04	   0.123	    55.439
  54	54	 3.6230	 1.0278	   1.5060	        1.5064	          0.0004	   1.5060	8.684e-04	   0.112	    56.478
  55	55	 3.6204	 1.0277	   1.5060	        1.5064	          0.0004	   1.5060	8.369e-04	   0.111	    57.514
  56	56	 3.6178	 1.0276	   1.5060	        1.5064	          0.0004	   1.5060	8.078e-04	   0.117	    58.594
  57	57	 3.6153	 1.0276	   1.5060	        1.5064	          0.0004	   1.5060	7.809e-04	   0.114	    59.657
  58	58	 3.6128	 1.0275	   1.5060	        1.5064	          0.0004	   1.5060	7.560e-04	   0.122	    60.704
  59	59	 3.6104	 1.0274	   1.5060	        1.5064	          0.0004	   1.5060	7.330e-04	   0.123	    61.763
  60	60	 3.6080	 1.0274	   1.5060	        1.5064	          0.0004	   1.5060	7.116e-04	   0.117	    62.828
  61	61	 3.6057	 1.0273	   1.5060	        1.5064	          0.0004	   1.5060	6.917e-04	   0.128	    63.977
  62	62	 3.6035	 1.0273	   1.5060	        1.5064	          0.0004	   1.5060	6.733e-04	   0.114	    65.071
  63	63	 3.6013	 1.0272	   1.5060	        1.5064	          0.0004	   1.5060	6.562e-04	   0.121	    66.115
  64	64	 3.5991	 1.0272	   1.5060	        1.5064	          0.0004	   1.5060	6.402e-04	   0.111	    67.155
  65	65	 3.5970	 1.0272	   1.5060	        1.5064	          0.0004	   1.5060	6.254e-04	   0.113	    68.189
  66	66	 3.5949	 1.0271	   1.5060	        1.5064	          0.0004	   1.5060	6.116e-04	   0.124	    69.255
  67	67	 3.5929	 1.0271	   1.5060	        1.5064	          0.0004	   1.5060	5.987e-04	   0.111	    70.302
  68	68	 3.5909	 1.0271	   1.5059	        1.5064	          0.0004	   1.5059	5.867e-04	   0.122	    71.349
  69	69	 3.5889	 1.0270	   1.5059	        1.5064	          0.0004	   1.5059	5.754e-04	   0.112	    72.386
  70	70	 3.5870	 1.0270	   1.5059	        1.5064	          0.0004	   1.5059	5.649e-04	   0.112	    73.420
  71	71	 3.5851	 1.0270	   1.5059	        1.5064	          0.0004	   1.5059	5.550e-04	   0.131	    74.523
  72	72	 3.5833	 1.0269	   1.5059	        1.5064	          0.0004	   1.5059	5.458e-04	   0.112	    75.580
  73	73	 3.5815	 1.0269	   1.5059	        1.5064	          0.0004	   1.5059	5.371e-04	   0.129	    76.645
  74	74	 3.5797	 1.0269	   1.5059	        1.5064	          0.0004	   1.5059	5.290e-04	   0.115	    77.732
  75	75	 3.5779	 1.0269	   1.5059	        1.5064	          0.0004	   1.5059	5.213e-04	   0.132	    78.842
  76	76	 3.5762	 1.0268	   1.5059	        1.5064	          0.0004	   1.5059	5.141e-04	   0.125	    79.984
  77	77	 3.5745	 1.0268	   1.5059	        1.5064	          0.0004	   1.5059	5.073e-04	   0.108	    81.079
  78	78	 3.5729	 1.0268	   1.5059	        1.5064	          0.0004	   1.5059	5.009e-04	   0.126	    82.146
  79	79	 3.5712	 1.0268	   1.5059	        1.5064	          0.0004	   1.5059	4.948e-04	   0.113	    83.219
  80	80	 3.5696	 1.0268	   1.5059	        1.5064	          0.0004	   1.5059	4.891e-04	   0.125	    84.289
  81	81	 3.5680	 1.0268	   1.5059	        1.5064	          0.0004	   1.5059	4.837e-04	   0.127	    85.432
  82	82	 3.5665	 1.0267	   1.5059	        1.5064	          0.0004	   1.5059	4.785e-04	   0.113	    86.529
  83	83	 3.5649	 1.0267	   1.5059	        1.5064	          0.0004	   1.5059	4.737e-04	   0.119	    87.568
  84	84	 3.5634	 1.0267	   1.5059	        1.5064	          0.0004	   1.5059	4.690e-04	   0.116	    88.611
  85	85	 3.5620	 1.0267	   1.5059	        1.5064	          0.0004	   1.5059	4.646e-04	   0.117	    89.652
  86	86	 3.5605	 1.0267	   1.5059	        1.5064	          0.0004	   1.5059	4.604e-04	   0.119	    90.709
  87	87	 3.5591	 1.0267	   1.5059	        1.5064	          0.0004	   1.5059	4.564e-04	   0.108	    91.758
  88	88	 3.5577	 1.0267	   1.5059	        1.5064	          0.0004	   1.5059	4.526e-04	   0.121	    92.801
  89	89	 3.5563	 1.0266	   1.5059	        1.5064	          0.0004	   1.5059	4.490e-04	   0.119	    93.845
  90	90	 3.5549	 1.0266	   1.5059	        1.5064	          0.0004	   1.5059	4.455e-04	   0.113	    94.883
  91	91	 3.5535	 1.0266	   1.5059	        1.5064	          0.0004	   1.5059	4.422e-04	   0.126	    95.969
  92	92	 3.5522	 1.0266	   1.5059	        1.5064	          0.0004	   1.5059	4.390e-04	   0.109	    97.033
  93	93	 3.5509	 1.0266	   1.5059	        1.5064	          0.0004	   1.5059	4.359e-04	   0.121	    98.076
  94	94	 3.5496	 1.0266	   1.5059	        1.5064	          0.0004	   1.5059	4.330e-04	   0.117	    99.130
  95	95	 3.5483	 1.0266	   1.5059	        1.5064	          0.0004	   1.5059	4.302e-04	   0.113	   100.161
  96	96	 3.5471	 1.0266	   1.5059	        1.5064	          0.0004	   1.5059	4.274e-04	   0.119	   101.238
  97	97	 3.5458	 1.0266	   1.5059	        1.5064	          0.0004	   1.5059	4.248e-04	   0.108	   102.299
  98	98	 3.5446	 1.0266	   1.5059	        1.5064	          0.0004	   1.5059	4.223e-04	   0.134	   103.367
  99	99	 3.5434	 1.0266	   1.5059	        1.5064	          0.0004	   1.5059	4.199e-04	   0.114	   104.428
 100	100	 3.5422	 1.0265	   1.5059	        1.5064	          0.0004	   1.5059	4.175e-04	   0.115	   105.467
 101	101	 3.5410	 1.0265	   1.5059	        1.5064	          0.0004	   1.5059	4.152e-04	   0.118	   106.606
 102	102	 3.5399	 1.0265	   1.5059	        1.5064	          0.0004	   1.5059	4.130e-04	   0.111	   107.708
 103	103	 3.5387	 1.0265	   1.5059	        1.5064	          0.0004	   1.5059	4.109e-04	   0.125	   108.759
 104	104	 3.5376	 1.0265	   1.5059	        1.5064	          0.0004	   1.5059	4.088e-04	   0.113	   109.801
 105	105	 3.5365	 1.0265	   1.5059	        1.5064	          0.0004	   1.5059	4.068e-04	   0.115	   110.838
 106	106	 3.5354	 1.0265	   1.5059	        1.5064	          0.0004	   1.5059	4.049e-04	   0.117	   111.886
 107	107	 3.5343	 1.0265	   1.5059	        1.5064	          0.0004	   1.5059	4.030e-04	   0.112	   112.942
 108	108	 3.5332	 1.0265	   1.5059	        1.5064	          0.0004	   1.5059	4.011e-04	   0.125	   113.996
 109	109	 3.5321	 1.0265	   1.5059	        1.5064	          0.0004	   1.5059	3.993e-04	   0.111	   115.031
 110	110	 3.5311	 1.0265	   1.5059	        1.5064	          0.0004	   1.5059	3.976e-04	   0.111	   116.067
 111	111	 3.5301	 1.0265	   1.5059	        1.5064	          0.0004	   1.5059	3.959e-04	   0.118	   117.141
 112	112	 3.5290	 1.0265	   1.5059	        1.5064	          0.0005	   1.5059	3.942e-04	   0.122	   118.243
 113	113	 3.5280	 1.0265	   1.5059	        1.5064	          0.0005	   1.5059	3.926e-04	   0.122	   119.338
 114	114	 3.5270	 1.0265	   1.5059	        1.5064	          0.0005	   1.5059	3.910e-04	   0.114	   120.380
 115	115	 3.5260	 1.0265	   1.5059	        1.5064	          0.0005	   1.5059	3.895e-04	   0.112	   121.412
 116	116	 3.5251	 1.0265	   1.5059	        1.5064	          0.0005	   1.5059	3.880e-04	   0.116	   122.484
 117	117	 3.5241	 1.0265	   1.5059	        1.5064	          0.0005	   1.5059	3.865e-04	   0.120	   123.579
 118	118	 3.5231	 1.0265	   1.5059	        1.5064	          0.0005	   1.5059	3.850e-04	   0.125	   124.662
 119	119	 3.5222	 1.0265	   1.5059	        1.5064	          0.0005	   1.5059	3.836e-04	   0.115	   125.713
 120	120	 3.5213	 1.0265	   1.5059	        1.5064	          0.0005	   1.5059	3.822e-04	   0.115	   126.750
 121	121	 3.5203	 1.0264	   1.5059	        1.5064	          0.0005	   1.5059	3.809e-04	   0.127	   127.886
 122	122	 3.5194	 1.0264	   1.5059	        1.5064	          0.0005	   1.5059	3.796e-04	   0.112	   129.001
 123	123	 3.5185	 1.0264	   1.5059	        1.5064	          0.0005	   1.5059	3.782e-04	   0.119	   130.045
 124	124	 3.5176	 1.0264	   1.5059	        1.5064	          0.0005	   1.5059	3.770e-04	   0.112	   131.086
 125	125	 3.5168	 1.0264	   1.5059	        1.5064	          0.0005	   1.5059	3.757e-04	   0.111	   132.112
 126	126	 3.5159	 1.0264	   1.5059	        1.5064	          0.0005	   1.5059	3.745e-04	   0.121	   133.171
 127	127	 3.5150	 1.0264	   1.5059	        1.5064	          0.0005	   1.5059	3.732e-04	   0.111	   134.230
 128	128	 3.5142	 1.0264	   1.5059	        1.5064	          0.0005	   1.5059	3.720e-04	   0.120	   135.273
 129	129	 3.5133	 1.0264	   1.5059	        1.5064	          0.0005	   1.5059	3.709e-04	   0.103	   136.310
 130	130	 3.5125	 1.0264	   1.5059	        1.5064	          0.0005	   1.5059	3.697e-04	   0.114	   137.346
 131	131	 3.5117	 1.0264	   1.5059	        1.5064	          0.0005	   1.5059	3.686e-04	   0.116	   138.422
 132	132	 3.5108	 1.0264	   1.5059	        1.5064	          0.0005	   1.5059	3.674e-04	   0.108	   139.503
 133	133	 3.5100	 1.0264	   1.5059	        1.5064	          0.0005	   1.5059	3.663e-04	   0.120	   140.547
 134	134	 3.5092	 1.0264	   1.5059	        1.5064	          0.0005	   1.5059	3.652e-04	   0.110	   141.585
 135	135	 3.5084	 1.0264	   1.5059	        1.5064	          0.0005	   1.5059	3.642e-04	   0.117	   142.624
 136	136	 3.5076	 1.0264	   1.5059	        1.5064	          0.0005	   1.5059	3.631e-04	   0.119	   143.700
 137	137	 3.5069	 1.0264	   1.5059	        1.5064	          0.0005	   1.5059	3.621e-04	   0.118	   144.792
 138	138	 3.5061	 1.0264	   1.5059	        1.5064	          0.0005	   1.5059	3.610e-04	   0.120	   145.849
 139	139	 3.5053	 1.0264	   1.5059	        1.5064	          0.0005	   1.5059	3.600e-04	   0.109	   146.885
 140	140	 3.5046	 1.0264	   1.5059	        1.5064	          0.0005	   1.5059	3.590e-04	   0.115	   147.928
 141	141	 3.5038	 1.0264	   1.5059	        1.5064	          0.0005	   1.5059	3.580e-04	   0.123	   149.058
 142	142	 3.5031	 1.0264	   1.5059	        1.5064	          0.0005	   1.5059	3.570e-04	   0.114	   150.178
 143	143	 3.5023	 1.0264	   1.5059	        1.5064	          0.0005	   1.5059	3.561e-04	   0.118	   151.219
 144	144	 3.5016	 1.0264	   1.5059	        1.5064	          0.0005	   1.5059	3.551e-04	   0.117	   152.264
 145	145	 3.5009	 1.0264	   1.5059	        1.5064	          0.0005	   1.5059	3.542e-04	   0.113	   153.302
 146	146	 3.5002	 1.0264	   1.5059	        1.5064	          0.0005	   1.5059	3.533e-04	   0.112	   154.348
 147	147	 3.4995	 1.0264	   1.5059	        1.5064	          0.0005	   1.5059	3.523e-04	   0.107	   155.409
 148	148	 3.4988	 1.0264	   1.5059	        1.5064	          0.0005	   1.5059	3.514e-04	   0.119	   156.450
 149	149	 3.4981	 1.0264	   1.5059	        1.5064	          0.0005	   1.5059	3.505e-04	   0.118	   157.498
 150	150	 3.4974	 1.0264	   1.5059	        1.5064	          0.0005	   1.5059	3.496e-04	   0.114	   158.567
 151	151	 3.4967	 1.0264	   1.5059	        1.5064	          0.0005	   1.5059	3.488e-04	   0.129	   159.725
 152	152	 3.4960	 1.0264	   1.5059	        1.5064	          0.0005	   1.5059	3.479e-04	   0.113	   160.883
 153	153	 3.4954	 1.0264	   1.5059	        1.5064	          0.0005	   1.5059	3.470e-04	   0.126	   161.972
 154	154	 3.4947	 1.0264	   1.5059	        1.5064	          0.0005	   1.5059	3.462e-04	   0.118	   163.047
 155	155	 3.4940	 1.0264	   1.5059	        1.5064	          0.0005	   1.5059	3.453e-04	   0.111	   164.079
 156	156	 3.4934	 1.0264	   1.5059	        1.5064	          0.0005	   1.5059	3.445e-04	   0.120	   165.172
 157	157	 3.4927	 1.0264	   1.5059	        1.5064	          0.0005	   1.5059	3.437e-04	   0.110	   166.274
 158	158	 3.4921	 1.0264	   1.5059	        1.5064	          0.0005	   1.5059	3.429e-04	   0.126	   167.335
 159	159	 3.4915	 1.0264	   1.5059	        1.5064	          0.0005	   1.5059	3.420e-04	   0.115	   168.380
 160	160	 3.4908	 1.0264	   1.5059	        1.5064	          0.0005	   1.5059	3.412e-04	   0.112	   169.415
 161	161	 3.4902	 1.0264	   1.5059	        1.5064	          0.0005	   1.5059	3.405e-04	   0.123	   170.537
 162	162	 3.4896	 1.0264	   1.5059	        1.5064	          0.0005	   1.5059	3.397e-04	   0.120	   171.658
 163	163	 3.4890	 1.0264	   1.5059	        1.5064	          0.0005	   1.5059	3.389e-04	   0.125	   172.713
 164	164	 3.4884	 1.0264	   1.5059	        1.5064	          0.0005	   1.5059	3.381e-04	   0.117	   173.756
 165	165	 3.4877	 1.0264	   1.5059	        1.5064	          0.0005	   1.5059	3.373e-04	   0.113	   174.788
 166	166	 3.4871	 1.0264	   1.5059	        1.5064	          0.0005	   1.5059	3.366e-04	   0.112	   175.833
 167	167	 3.4866	 1.0264	   1.5059	        1.5064	          0.0005	   1.5059	3.358e-04	   0.112	   176.896
 168	168	 3.4860	 1.0264	   1.5059	        1.5064	          0.0005	   1.5059	3.351e-04	   0.124	   177.946
 169	169	 3.4854	 1.0264	   1.5059	        1.5064	          0.0005	   1.5059	3.344e-04	   0.113	   178.984
 170	170	 3.4848	 1.0264	   1.5059	        1.5064	          0.0005	   1.5059	3.336e-04	   0.111	   180.021
 171	171	 3.4842	 1.0264	   1.5059	        1.5064	          0.0005	   1.5059	3.329e-04	   0.115	   181.080
 172	172	 3.4836	 1.0264	   1.5059	        1.5064	          0.0005	   1.5059	3.322e-04	   0.115	   182.174
 173	173	 3.4831	 1.0264	   1.5059	        1.5064	          0.0005	   1.5059	3.315e-04	   0.118	   183.220
 174	174	 3.4825	 1.0264	   1.5059	        1.5064	          0.0005	   1.5059	3.308e-04	   0.115	   184.262
 175	175	 3.4820	 1.0264	   1.5059	        1.5064	          0.0005	   1.5059	3.301e-04	   0.110	   185.293
 176	176	 3.4814	 1.0264	   1.5059	        1.5064	          0.0005	   1.5059	3.294e-04	   0.125	   186.388
 177	177	 3.4809	 1.0264	   1.5059	        1.5064	          0.0005	   1.5059	3.287e-04	   0.120	   187.479
 178	178	 3.4803	 1.0264	   1.5059	        1.5064	          0.0005	   1.5059	3.280e-04	   0.119	   188.521
 179	179	 3.4798	 1.0264	   1.5059	        1.5064	          0.0005	   1.5059	3.273e-04	   0.115	   189.565
 180	180	 3.4792	 1.0264	   1.5059	        1.5064	          0.0005	   1.5059	3.266e-04	   0.110	   190.594
 181	181	 3.4787	 1.0264	   1.5059	        1.5064	          0.0005	   1.5059	3.260e-04	   0.131	   191.712
 182	182	 3.4782	 1.0264	   1.5059	        1.5064	          0.0005	   1.5059	3.253e-04	   0.123	   192.843
 183	183	 3.4776	 1.0264	   1.5059	        1.5064	          0.0005	   1.5059	3.246e-04	   0.121	   193.895
 184	184	 3.4771	 1.0264	   1.5059	        1.5064	          0.0005	   1.5059	3.240e-04	   0.112	   194.934
 185	185	 3.4766	 1.0264	   1.5059	        1.5064	          0.0005	   1.5059	3.233e-04	   0.112	   195.966
 186	186	 3.4761	 1.0264	   1.5059	        1.5064	          0.0005	   1.5059	3.227e-04	   0.115	   197.019
 187	187	 3.4756	 1.0264	   1.5059	        1.5064	          0.0005	   1.5059	3.221e-04	   0.109	   198.082
 188	188	 3.4751	 1.0264	   1.5059	        1.5064	          0.0005	   1.5059	3.214e-04	   0.121	   199.126
 189	189	 3.4746	 1.0264	   1.5059	        1.5064	          0.0005	   1.5059	3.208e-04	   0.117	   200.206
 190	190	 3.4741	 1.0264	   1.5059	        1.5064	          0.0005	   1.5059	3.202e-04	   0.120	   201.276
 191	191	 3.4736	 1.0264	   1.5059	        1.5064	          0.0005	   1.5059	3.195e-04	   0.119	   202.336
 192	192	 3.4731	 1.0264	   1.5059	        1.5064	          0.0005	   1.5059	3.189e-04	   0.109	   203.427
 193	193	 3.4726	 1.0264	   1.5059	        1.5064	          0.0005	   1.5059	3.183e-04	   0.118	   204.472
 194	194	 3.4721	 1.0264	   1.5059	        1.5064	          0.0005	   1.5059	3.177e-04	   0.111	   205.509
 195	195	 3.4716	 1.0264	   1.5059	        1.5064	          0.0005	   1.5059	3.171e-04	   0.124	   206.581
 196	196	 3.4712	 1.0264	   1.5059	        1.5064	          0.0005	   1.5059	3.165e-04	   0.120	   207.677
 197	197	 3.4707	 1.0264	   1.5059	        1.5064	          0.0005	   1.5059	3.159e-04	   0.118	   208.762
 198	198	 3.4702	 1.0264	   1.5059	        1.5064	          0.0005	   1.5059	3.153e-04	   0.118	   209.806
 199	199	 3.4697	 1.0264	   1.5059	        1.5064	          0.0005	   1.5059	3.147e-04	   0.115	   210.847
 200	200	 3.4693	 1.0264	   1.5059	        1.5064	          0.0005	   1.5059	3.142e-04	   0.118	   211.890

[BSGD] Finished on device cuda -> σ_f² ≈ 3.4693, σ_ε² ≈ 1.0264
