[GPU 0][JOB 233] 'python cli.py scgd --n 1024 --lengthscale 0.5 --sigma-f2-true 4.0 --sigma-eps2-true 1.0 --n-epochs 200 --device auto --kernel-mode finite --a0 2e-3 --a-decay 0.75 --w-init-scale 0.1 --num-features 128 --print-every 1 --seed 2 --batch-size 1024 --b0 0.9 --b-decay 0.25 --decay-start-epoch 25 --sigma-f2-init 5.0 --sigma-eps2-init 3.0 '

=== SCGD + ORF (TMLR Algorithm 2) ===
iter	epoch	σ_f²	σ_ε²	real_nlml	real_nlml_true	real_nlml_abs_err	orf_nlml	orf_nlml_true	approx_nlml	|F~ - F|/|F|	||grad||	duration_s	wall_time_s
   1	 1	 0.1819	 3.0707	   1.7901	        1.4710	          0.3191	   1.7901	        1.4710	     2.1842	1.850e+01	4.189e-01	   1.776	     1.821
   2	 2	 0.1975	 3.1192	   1.7885	        1.4710	          0.3174	   1.7885	        1.4710	     2.1688	1.771e+00	3.723e-01	   0.943	     2.765
   3	 3	 0.2151	 3.1407	   1.7845	        1.4710	          0.3135	   1.7845	        1.4710	     2.1530	1.947e-01	3.318e-01	   0.973	     3.738
   4	 4	 0.2343	 3.1433	   1.7790	        1.4710	          0.3080	   1.7790	        1.4710	     2.1362	6.094e-02	2.969e-01	   0.966	     4.704
   5	 5	 0.2584	 3.1332	   1.7717	        1.4710	          0.3007	   1.7717	        1.4710	     2.1173	4.745e-02	2.623e-01	   0.972	     5.677
   6	 6	 0.2898	 3.1119	   1.7626	        1.4710	          0.2916	   1.7626	        1.4710	     2.0954	4.229e-02	2.279e-01	   0.991	     6.668
   7	 7	 0.3317	 3.0793	   1.7516	        1.4710	          0.2806	   1.7516	        1.4710	     2.0692	4.379e-02	1.950e-01	   1.025	     7.693
   8	 8	 0.3885	 3.0343	   1.7387	        1.4710	          0.2676	   1.7387	        1.4710	     2.0373	5.526e-02	1.656e-01	   0.999	     8.693
   9	 9	 0.4676	 2.9750	   1.7237	        1.4710	          0.2527	   1.7237	        1.4710	     1.9974	7.637e-02	1.419e-01	   0.991	     9.684
  10	10	 0.5810	 2.8980	   1.7064	        1.4710	          0.2354	   1.7064	        1.4710	     1.9465	1.053e-01	1.257e-01	   1.020	    10.705
  11	11	 0.7494	 2.7981	   1.6867	        1.4710	          0.2157	   1.6867	        1.4710	     1.8806	1.404e-01	1.174e-01	   1.011	    11.716
  12	12	 1.0073	 2.6676	   1.6641	        1.4710	          0.1931	   1.6641	        1.4710	     1.7952	1.793e-01	1.157e-01	   0.987	    12.703
  13	13	 1.4081	 2.4959	   1.6378	        1.4710	          0.1668	   1.6378	        1.4710	     1.6878	2.159e-01	1.178e-01	   0.989	    13.692
  14	14	 2.0063	 2.2710	   1.6069	        1.4710	          0.1359	   1.6069	        1.4710	     1.5651	2.360e-01	1.216e-01	   1.000	    14.693
  15	15	 2.7463	 1.9884	   1.5705	        1.4710	          0.0995	   1.5705	        1.4710	     1.4492	2.089e-01	1.244e-01	   0.998	    15.691
  16	16	 3.2997	 1.6719	   1.5311	        1.4710	          0.0601	   1.5311	        1.4710	     1.3566	9.919e-02	1.216e-01	   1.006	    16.697
  17	17	 3.5241	 1.3842	   1.4981	        1.4710	          0.0271	   1.4981	        1.4710	     1.2870	2.321e-02	1.050e-01	   1.067	    17.764
  18	18	 3.7746	 1.2030	   1.4813	        1.4710	          0.0103	   1.4813	        1.4710	     1.2442	3.049e-02	7.866e-02	   1.039	    18.804
  19	19	 3.8733	 1.1430	   1.4770	        1.4710	          0.0060	   1.4770	        1.4710	     1.2177	7.534e-02	6.501e-02	   1.029	    19.833
  20	20	 4.1249	 1.1072	   1.4751	        1.4710	          0.0041	   1.4751	        1.4710	     1.1987	4.042e-02	5.522e-02	   1.052	    20.886
  21	21	 4.0322	 1.0831	   1.4738	        1.4710	          0.0027	   1.4738	        1.4710	     1.1848	1.294e-01	4.781e-02	   1.022	    21.908
  22	22	 4.5481	 1.0720	   1.4737	        1.4710	          0.0027	   1.4737	        1.4710	     1.1766	1.287e-02	4.418e-02	   0.988	    22.896
  23	23	 3.8028	 1.0529	   1.4723	        1.4710	          0.0013	   1.4723	        1.4710	     1.1802	3.132e-01	3.742e-02	   0.991	    23.888
  24	24	 5.6000	 1.0891	   1.4758	        1.4710	          0.0048	   1.4758	        1.4710	     1.2211	2.308e-01	4.975e-02	   1.002	    24.890
  25	25	 2.3302	 1.1023	   1.4755	        1.4710	          0.0045	   1.4755	        1.4710	     1.4269	1.577e+00	5.338e-02	   0.999	    25.889
  26	26	 4.2635	 1.3639	   1.4965	        1.4710	          0.0255	   1.4965	        1.4710	     1.1848	1.088e-01	1.029e-01	   1.002	    26.892
  27	27	 4.3741	 1.2050	   1.4819	        1.4710	          0.0109	   1.4819	        1.4710	     1.1585	2.502e-01	7.911e-02	   1.033	    27.925
  28	28	 4.4385	 1.1323	   1.4768	        1.4710	          0.0058	   1.4768	        1.4710	     1.1493	4.339e-01	6.226e-02	   1.045	    28.971
  29	29	 4.4762	 1.0970	   1.4749	        1.4710	          0.0039	   1.4749	        1.4710	     1.1453	5.579e-01	5.220e-02	   1.004	    29.975
  30	30	 4.5051	 1.0791	   1.4740	        1.4710	          0.0030	   1.4740	        1.4710	     1.1431	6.515e-01	4.652e-02	   1.008	    30.984
  31	31	 4.5293	 1.0694	   1.4736	        1.4710	          0.0026	   1.4736	        1.4710	     1.1417	7.285e-01	4.329e-02	   1.012	    31.999
  32	32	 4.5504	 1.0639	   1.4734	        1.4710	          0.0024	   1.4734	        1.4710	     1.1406	7.952e-01	4.141e-02	   0.999	    32.998
  33	33	 4.5694	 1.0607	   1.4733	        1.4710	          0.0023	   1.4733	        1.4710	     1.1396	8.547e-01	4.028e-02	   1.047	    34.045
  34	34	 4.5867	 1.0588	   1.4732	        1.4710	          0.0022	   1.4732	        1.4710	     1.1389	9.088e-01	3.960e-02	   1.010	    35.055
  35	35	 4.6026	 1.0576	   1.4732	        1.4710	          0.0022	   1.4732	        1.4710	     1.1382	9.587e-01	3.918e-02	   0.995	    36.051
  36	36	 4.6175	 1.0569	   1.4732	        1.4710	          0.0022	   1.4732	        1.4710	     1.1376	1.005e+00	3.892e-02	   0.999	    37.050
  37	37	 4.6314	 1.0564	   1.4732	        1.4710	          0.0022	   1.4732	        1.4710	     1.1370	1.049e+00	3.877e-02	   1.034	    38.084
  38	38	 4.6444	 1.0562	   1.4732	        1.4710	          0.0022	   1.4732	        1.4710	     1.1365	1.090e+00	3.868e-02	   1.074	    39.158
  39	39	 4.6568	 1.0561	   1.4732	        1.4710	          0.0022	   1.4732	        1.4710	     1.1360	1.128e+00	3.863e-02	   1.057	    40.215
  40	40	 4.6686	 1.0560	   1.4732	        1.4710	          0.0022	   1.4732	        1.4710	     1.1356	1.165e+00	3.862e-02	   1.051	    41.267
  41	41	 4.6797	 1.0560	   1.4732	        1.4710	          0.0022	   1.4732	        1.4710	     1.1352	1.200e+00	3.862e-02	   1.028	    42.295
  42	42	 4.6904	 1.0560	   1.4732	        1.4710	          0.0022	   1.4732	        1.4710	     1.1348	1.234e+00	3.863e-02	   0.985	    43.283
  43	43	 4.7007	 1.0561	   1.4732	        1.4710	          0.0022	   1.4732	        1.4710	     1.1345	1.266e+00	3.865e-02	   0.995	    44.281
  44	44	 4.7105	 1.0561	   1.4732	        1.4710	          0.0022	   1.4732	        1.4710	     1.1341	1.297e+00	3.867e-02	   1.000	    45.281
  45	45	 4.7200	 1.0562	   1.4733	        1.4710	          0.0023	   1.4733	        1.4710	     1.1338	1.327e+00	3.869e-02	   0.993	    46.275
  46	46	 4.7291	 1.0563	   1.4733	        1.4710	          0.0023	   1.4733	        1.4710	     1.1335	1.355e+00	3.872e-02	   1.002	    47.278
  47	47	 4.7379	 1.0564	   1.4733	        1.4710	          0.0023	   1.4733	        1.4710	     1.1332	1.383e+00	3.875e-02	   1.020	    48.298
  48	48	 4.7464	 1.0564	   1.4733	        1.4710	          0.0023	   1.4733	        1.4710	     1.1330	1.410e+00	3.877e-02	   1.070	    49.369
  49	49	 4.7547	 1.0565	   1.4733	        1.4710	          0.0023	   1.4733	        1.4710	     1.1327	1.436e+00	3.880e-02	   0.993	    50.362
  50	50	 4.7627	 1.0566	   1.4733	        1.4710	          0.0023	   1.4733	        1.4710	     1.1324	1.461e+00	3.882e-02	   0.999	    51.362
  51	51	 4.7704	 1.0566	   1.4733	        1.4710	          0.0023	   1.4733	        1.4710	     1.1322	1.485e+00	3.885e-02	   1.020	    52.383
  52	52	 4.7780	 1.0567	   1.4733	        1.4710	          0.0023	   1.4733	        1.4710	     1.1320	1.509e+00	3.887e-02	   0.993	    53.376
  53	53	 4.7853	 1.0568	   1.4734	        1.4710	          0.0024	   1.4734	        1.4710	     1.1318	1.532e+00	3.889e-02	   0.994	    54.371
  54	54	 4.7924	 1.0568	   1.4734	        1.4710	          0.0024	   1.4734	        1.4710	     1.1315	1.554e+00	3.891e-02	   1.000	    55.371
  55	55	 4.7994	 1.0569	   1.4734	        1.4710	          0.0024	   1.4734	        1.4710	     1.1313	1.576e+00	3.893e-02	   0.990	    56.361
  56	56	 4.8062	 1.0569	   1.4734	        1.4710	          0.0024	   1.4734	        1.4710	     1.1311	1.598e+00	3.895e-02	   1.007	    57.369
  57	57	 4.8128	 1.0570	   1.4734	        1.4710	          0.0024	   1.4734	        1.4710	     1.1309	1.619e+00	3.896e-02	   1.017	    58.386
  58	58	 4.8193	 1.0570	   1.4734	        1.4710	          0.0024	   1.4734	        1.4710	     1.1308	1.639e+00	3.898e-02	   1.086	    59.472
  59	59	 4.8256	 1.0570	   1.4734	        1.4710	          0.0024	   1.4734	        1.4710	     1.1306	1.659e+00	3.899e-02	   1.048	    60.521
  60	60	 4.8318	 1.0571	   1.4734	        1.4710	          0.0024	   1.4734	        1.4710	     1.1304	1.679e+00	3.901e-02	   1.022	    61.543
  61	61	 4.8378	 1.0571	   1.4734	        1.4710	          0.0024	   1.4734	        1.4710	     1.1302	1.698e+00	3.902e-02	   1.035	    62.578
  62	62	 4.8437	 1.0571	   1.4734	        1.4710	          0.0024	   1.4734	        1.4710	     1.1301	1.717e+00	3.903e-02	   0.992	    63.571
  63	63	 4.8495	 1.0572	   1.4734	        1.4710	          0.0024	   1.4734	        1.4710	     1.1299	1.735e+00	3.904e-02	   0.993	    64.564
  64	64	 4.8552	 1.0572	   1.4735	        1.4710	          0.0025	   1.4735	        1.4710	     1.1297	1.753e+00	3.905e-02	   0.998	    65.562
  65	65	 4.8608	 1.0572	   1.4735	        1.4710	          0.0025	   1.4735	        1.4710	     1.1296	1.771e+00	3.906e-02	   0.993	    66.556
  66	66	 4.8663	 1.0573	   1.4735	        1.4710	          0.0025	   1.4735	        1.4710	     1.1294	1.788e+00	3.907e-02	   1.009	    67.565
  67	67	 4.8717	 1.0573	   1.4735	        1.4710	          0.0025	   1.4735	        1.4710	     1.1293	1.805e+00	3.908e-02	   1.007	    68.572
  68	68	 4.8769	 1.0573	   1.4735	        1.4710	          0.0025	   1.4735	        1.4710	     1.1292	1.822e+00	3.908e-02	   1.071	    69.644
  69	69	 4.8821	 1.0573	   1.4735	        1.4710	          0.0025	   1.4735	        1.4710	     1.1290	1.838e+00	3.909e-02	   1.000	    70.644
  70	70	 4.8872	 1.0573	   1.4735	        1.4710	          0.0025	   1.4735	        1.4710	     1.1289	1.854e+00	3.910e-02	   0.998	    71.643
  71	71	 4.8922	 1.0574	   1.4735	        1.4710	          0.0025	   1.4735	        1.4710	     1.1288	1.870e+00	3.910e-02	   1.084	    72.727
  72	72	 4.8971	 1.0574	   1.4735	        1.4710	          0.0025	   1.4735	        1.4710	     1.1286	1.886e+00	3.911e-02	   1.022	    73.750
  73	73	 4.9020	 1.0574	   1.4735	        1.4710	          0.0025	   1.4735	        1.4710	     1.1285	1.901e+00	3.911e-02	   1.054	    74.804
  74	74	 4.9067	 1.0574	   1.4735	        1.4710	          0.0025	   1.4735	        1.4710	     1.1284	1.917e+00	3.912e-02	   1.054	    75.858
  75	75	 4.9114	 1.0574	   1.4735	        1.4710	          0.0025	   1.4735	        1.4710	     1.1283	1.932e+00	3.912e-02	   1.090	    76.949
  76	76	 4.9160	 1.0574	   1.4735	        1.4710	          0.0025	   1.4735	        1.4710	     1.1282	1.946e+00	3.912e-02	   1.063	    78.013
  77	77	 4.9206	 1.0574	   1.4735	        1.4710	          0.0025	   1.4735	        1.4710	     1.1281	1.961e+00	3.913e-02	   1.032	    79.044
  78	78	 4.9251	 1.0574	   1.4735	        1.4710	          0.0025	   1.4735	        1.4710	     1.1279	1.975e+00	3.913e-02	   1.127	    80.174
  79	79	 4.9295	 1.0574	   1.4735	        1.4710	          0.0025	   1.4735	        1.4710	     1.1278	1.989e+00	3.913e-02	   1.044	    81.218
  80	80	 4.9339	 1.0574	   1.4736	        1.4710	          0.0026	   1.4736	        1.4710	     1.1277	2.003e+00	3.914e-02	   1.017	    82.236
  81	81	 4.9381	 1.0575	   1.4736	        1.4710	          0.0026	   1.4736	        1.4710	     1.1276	2.017e+00	3.914e-02	   1.039	    83.275
  82	82	 4.9424	 1.0575	   1.4736	        1.4710	          0.0026	   1.4736	        1.4710	     1.1275	2.030e+00	3.914e-02	   0.988	    84.263
  83	83	 4.9466	 1.0575	   1.4736	        1.4710	          0.0026	   1.4736	        1.4710	     1.1274	2.044e+00	3.914e-02	   0.995	    85.259
  84	84	 4.9507	 1.0575	   1.4736	        1.4710	          0.0026	   1.4736	        1.4710	     1.1273	2.057e+00	3.914e-02	   1.002	    86.261
  85	85	 4.9547	 1.0575	   1.4736	        1.4710	          0.0026	   1.4736	        1.4710	     1.1272	2.070e+00	3.914e-02	   0.997	    87.258
  86	86	 4.9588	 1.0575	   1.4736	        1.4710	          0.0026	   1.4736	        1.4710	     1.1271	2.083e+00	3.915e-02	   1.003	    88.261
  87	87	 4.9627	 1.0575	   1.4736	        1.4710	          0.0026	   1.4736	        1.4710	     1.1270	2.096e+00	3.915e-02	   1.001	    89.263
  88	88	 4.9666	 1.0575	   1.4736	        1.4710	          0.0026	   1.4736	        1.4710	     1.1270	2.108e+00	3.915e-02	   1.062	    90.326
  89	89	 4.9705	 1.0575	   1.4736	        1.4710	          0.0026	   1.4736	        1.4710	     1.1269	2.121e+00	3.915e-02	   1.020	    91.346
  90	90	 4.9743	 1.0575	   1.4736	        1.4710	          0.0026	   1.4736	        1.4710	     1.1268	2.133e+00	3.915e-02	   0.996	    92.342
  91	91	 4.9781	 1.0575	   1.4736	        1.4710	          0.0026	   1.4736	        1.4710	     1.1267	2.145e+00	3.915e-02	   1.024	    93.367
  92	92	 4.9818	 1.0575	   1.4736	        1.4710	          0.0026	   1.4736	        1.4710	     1.1266	2.157e+00	3.915e-02	   0.985	    94.355
  93	93	 4.9855	 1.0575	   1.4736	        1.4710	          0.0026	   1.4736	        1.4710	     1.1265	2.169e+00	3.915e-02	   0.996	    95.351
  94	94	 4.9892	 1.0575	   1.4736	        1.4710	          0.0026	   1.4736	        1.4710	     1.1264	2.180e+00	3.915e-02	   1.003	    96.355
  95	95	 4.9928	 1.0575	   1.4736	        1.4710	          0.0026	   1.4736	        1.4710	     1.1264	2.192e+00	3.915e-02	   0.992	    97.347
  96	96	 4.9963	 1.0575	   1.4736	        1.4710	          0.0026	   1.4736	        1.4710	     1.1263	2.204e+00	3.915e-02	   1.004	    98.351
  97	97	 4.9998	 1.0575	   1.4736	        1.4710	          0.0026	   1.4736	        1.4710	     1.1262	2.215e+00	3.915e-02	   1.001	    99.353
  98	98	 5.0033	 1.0575	   1.4736	        1.4710	          0.0026	   1.4736	        1.4710	     1.1261	2.226e+00	3.915e-02	   1.122	   100.476
  99	99	 5.0068	 1.0575	   1.4736	        1.4710	          0.0026	   1.4736	        1.4710	     1.1261	2.237e+00	3.915e-02	   1.032	   101.507
 100	100	 5.0102	 1.0575	   1.4736	        1.4710	          0.0026	   1.4736	        1.4710	     1.1260	2.248e+00	3.915e-02	   1.009	   102.517
 101	101	 5.0136	 1.0575	   1.4737	        1.4710	          0.0026	   1.4737	        1.4710	     1.1259	2.259e+00	3.914e-02	   1.030	   103.548
 102	102	 5.0169	 1.0575	   1.4737	        1.4710	          0.0027	   1.4737	        1.4710	     1.1258	2.270e+00	3.914e-02	   1.002	   104.551
 103	103	 5.0202	 1.0575	   1.4737	        1.4710	          0.0027	   1.4737	        1.4710	     1.1258	2.281e+00	3.914e-02	   0.998	   105.549
 104	104	 5.0235	 1.0575	   1.4737	        1.4710	          0.0027	   1.4737	        1.4710	     1.1257	2.291e+00	3.914e-02	   0.999	   106.548
 105	105	 5.0267	 1.0575	   1.4737	        1.4710	          0.0027	   1.4737	        1.4710	     1.1256	2.302e+00	3.914e-02	   0.991	   107.540
 106	106	 5.0299	 1.0575	   1.4737	        1.4710	          0.0027	   1.4737	        1.4710	     1.1256	2.312e+00	3.914e-02	   1.005	   108.545
 107	107	 5.0331	 1.0574	   1.4737	        1.4710	          0.0027	   1.4737	        1.4710	     1.1255	2.322e+00	3.914e-02	   0.996	   109.541
 108	108	 5.0363	 1.0574	   1.4737	        1.4710	          0.0027	   1.4737	        1.4710	     1.1254	2.333e+00	3.914e-02	   1.063	   110.604
 109	109	 5.0394	 1.0574	   1.4737	        1.4710	          0.0027	   1.4737	        1.4710	     1.1254	2.343e+00	3.914e-02	   1.027	   111.632
 110	110	 5.0425	 1.0574	   1.4737	        1.4710	          0.0027	   1.4737	        1.4710	     1.1253	2.353e+00	3.913e-02	   1.048	   112.680
 111	111	 5.0455	 1.0574	   1.4737	        1.4710	          0.0027	   1.4737	        1.4710	     1.1252	2.363e+00	3.913e-02	   1.042	   113.722
 112	112	 5.0486	 1.0574	   1.4737	        1.4710	          0.0027	   1.4737	        1.4710	     1.1252	2.373e+00	3.913e-02	   0.995	   114.717
 113	113	 5.0516	 1.0574	   1.4737	        1.4710	          0.0027	   1.4737	        1.4710	     1.1251	2.382e+00	3.913e-02	   0.994	   115.712
 114	114	 5.0545	 1.0574	   1.4737	        1.4710	          0.0027	   1.4737	        1.4710	     1.1251	2.392e+00	3.913e-02	   0.997	   116.709
 115	115	 5.0575	 1.0574	   1.4737	        1.4710	          0.0027	   1.4737	        1.4710	     1.1250	2.402e+00	3.913e-02	   0.994	   117.703
 116	116	 5.0604	 1.0574	   1.4737	        1.4710	          0.0027	   1.4737	        1.4710	     1.1249	2.411e+00	3.912e-02	   1.007	   118.711
 117	117	 5.0633	 1.0574	   1.4737	        1.4710	          0.0027	   1.4737	        1.4710	     1.1249	2.421e+00	3.912e-02	   1.048	   119.759
 118	118	 5.0662	 1.0574	   1.4737	        1.4710	          0.0027	   1.4737	        1.4710	     1.1248	2.430e+00	3.912e-02	   1.096	   120.855
 119	119	 5.0690	 1.0574	   1.4737	        1.4710	          0.0027	   1.4737	        1.4710	     1.1248	2.439e+00	3.912e-02	   1.042	   121.897
 120	120	 5.0719	 1.0574	   1.4737	        1.4710	          0.0027	   1.4737	        1.4710	     1.1247	2.448e+00	3.912e-02	   0.997	   122.894
 121	121	 5.0747	 1.0574	   1.4737	        1.4710	          0.0027	   1.4737	        1.4710	     1.1247	2.458e+00	3.912e-02	   1.045	   123.939
 122	122	 5.0774	 1.0574	   1.4737	        1.4710	          0.0027	   1.4737	        1.4710	     1.1246	2.467e+00	3.911e-02	   1.005	   124.944
 123	123	 5.0802	 1.0574	   1.4737	        1.4710	          0.0027	   1.4737	        1.4710	     1.1245	2.476e+00	3.911e-02	   0.997	   125.942
 124	124	 5.0829	 1.0574	   1.4737	        1.4710	          0.0027	   1.4737	        1.4710	     1.1245	2.485e+00	3.911e-02	   0.991	   126.933
 125	125	 5.0856	 1.0574	   1.4737	        1.4710	          0.0027	   1.4737	        1.4710	     1.1244	2.493e+00	3.911e-02	   0.996	   127.929
 126	126	 5.0883	 1.0574	   1.4737	        1.4710	          0.0027	   1.4737	        1.4710	     1.1244	2.502e+00	3.911e-02	   1.008	   128.938
 127	127	 5.0910	 1.0574	   1.4737	        1.4710	          0.0027	   1.4737	        1.4710	     1.1243	2.511e+00	3.910e-02	   0.992	   129.930
 128	128	 5.0936	 1.0573	   1.4737	        1.4710	          0.0027	   1.4737	        1.4710	     1.1243	2.520e+00	3.910e-02	   1.049	   130.979
 129	129	 5.0963	 1.0573	   1.4737	        1.4710	          0.0027	   1.4737	        1.4710	     1.1242	2.528e+00	3.910e-02	   1.040	   132.019
 130	130	 5.0989	 1.0573	   1.4737	        1.4710	          0.0027	   1.4737	        1.4710	     1.1242	2.537e+00	3.910e-02	   0.996	   133.015
 131	131	 5.1015	 1.0573	   1.4738	        1.4710	          0.0028	   1.4738	        1.4710	     1.1241	2.545e+00	3.910e-02	   1.028	   134.044
 132	132	 5.1040	 1.0573	   1.4738	        1.4710	          0.0028	   1.4738	        1.4710	     1.1241	2.554e+00	3.909e-02	   0.989	   135.033
 133	133	 5.1066	 1.0573	   1.4738	        1.4710	          0.0028	   1.4738	        1.4710	     1.1240	2.562e+00	3.909e-02	   0.993	   136.026
 134	134	 5.1091	 1.0573	   1.4738	        1.4710	          0.0028	   1.4738	        1.4710	     1.1240	2.570e+00	3.909e-02	   0.995	   137.022
 135	135	 5.1116	 1.0573	   1.4738	        1.4710	          0.0028	   1.4738	        1.4710	     1.1240	2.579e+00	3.909e-02	   1.002	   138.025
 136	136	 5.1141	 1.0573	   1.4738	        1.4710	          0.0028	   1.4738	        1.4710	     1.1239	2.587e+00	3.909e-02	   1.005	   139.030
 137	137	 5.1166	 1.0573	   1.4738	        1.4710	          0.0028	   1.4738	        1.4710	     1.1239	2.595e+00	3.908e-02	   1.026	   140.056
 138	138	 5.1190	 1.0573	   1.4738	        1.4710	          0.0028	   1.4738	        1.4710	     1.1238	2.603e+00	3.908e-02	   1.069	   141.125
 139	139	 5.1215	 1.0573	   1.4738	        1.4710	          0.0028	   1.4738	        1.4710	     1.1238	2.611e+00	3.908e-02	   1.055	   142.180
 140	140	 5.1239	 1.0573	   1.4738	        1.4710	          0.0028	   1.4738	        1.4710	     1.1237	2.619e+00	3.908e-02	   1.002	   143.182
 141	141	 5.1263	 1.0573	   1.4738	        1.4710	          0.0028	   1.4738	        1.4710	     1.1237	2.627e+00	3.908e-02	   1.037	   144.219
 142	142	 5.1287	 1.0573	   1.4738	        1.4710	          0.0028	   1.4738	        1.4710	     1.1236	2.635e+00	3.907e-02	   1.006	   145.225
 143	143	 5.1311	 1.0573	   1.4738	        1.4710	          0.0028	   1.4738	        1.4710	     1.1236	2.643e+00	3.907e-02	   0.992	   146.217
 144	144	 5.1334	 1.0573	   1.4738	        1.4710	          0.0028	   1.4738	        1.4710	     1.1236	2.651e+00	3.907e-02	   1.002	   147.219
 145	145	 5.1358	 1.0572	   1.4738	        1.4710	          0.0028	   1.4738	        1.4710	     1.1235	2.658e+00	3.907e-02	   0.999	   148.218
 146	146	 5.1381	 1.0572	   1.4738	        1.4710	          0.0028	   1.4738	        1.4710	     1.1235	2.666e+00	3.906e-02	   1.006	   149.224
 147	147	 5.1404	 1.0572	   1.4738	        1.4710	          0.0028	   1.4738	        1.4710	     1.1234	2.674e+00	3.906e-02	   0.990	   150.214
 148	148	 5.1427	 1.0572	   1.4738	        1.4710	          0.0028	   1.4738	        1.4710	     1.1234	2.681e+00	3.906e-02	   1.106	   151.320
 149	149	 5.1450	 1.0572	   1.4738	        1.4710	          0.0028	   1.4738	        1.4710	     1.1234	2.689e+00	3.906e-02	   1.125	   152.445
 150	150	 5.1472	 1.0572	   1.4738	        1.4710	          0.0028	   1.4738	        1.4710	     1.1233	2.696e+00	3.906e-02	   1.061	   153.506
 151	151	 5.1495	 1.0572	   1.4738	        1.4710	          0.0028	   1.4738	        1.4710	     1.1233	2.704e+00	3.905e-02	   1.114	   154.621
 152	152	 5.1517	 1.0572	   1.4738	        1.4710	          0.0028	   1.4738	        1.4710	     1.1232	2.711e+00	3.905e-02	   1.078	   155.700
 153	153	 5.1540	 1.0572	   1.4738	        1.4710	          0.0028	   1.4738	        1.4710	     1.1232	2.718e+00	3.905e-02	   1.028	   156.728
 154	154	 5.1562	 1.0572	   1.4738	        1.4710	          0.0028	   1.4738	        1.4710	     1.1232	2.726e+00	3.905e-02	   1.023	   157.751
 155	155	 5.1584	 1.0572	   1.4738	        1.4710	          0.0028	   1.4738	        1.4710	     1.1231	2.733e+00	3.905e-02	   0.996	   158.747
 156	156	 5.1605	 1.0572	   1.4738	        1.4710	          0.0028	   1.4738	        1.4710	     1.1231	2.740e+00	3.904e-02	   1.052	   159.800
 157	157	 5.1627	 1.0572	   1.4738	        1.4710	          0.0028	   1.4738	        1.4710	     1.1230	2.747e+00	3.904e-02	   1.006	   160.806
 158	158	 5.1649	 1.0572	   1.4738	        1.4710	          0.0028	   1.4738	        1.4710	     1.1230	2.755e+00	3.904e-02	   1.060	   161.870
 159	159	 5.1670	 1.0572	   1.4738	        1.4710	          0.0028	   1.4738	        1.4710	     1.1230	2.762e+00	3.904e-02	   1.059	   162.929
 160	160	 5.1691	 1.0572	   1.4738	        1.4710	          0.0028	   1.4738	        1.4710	     1.1229	2.769e+00	3.904e-02	   1.005	   163.935
 161	161	 5.1712	 1.0572	   1.4738	        1.4710	          0.0028	   1.4738	        1.4710	     1.1229	2.776e+00	3.903e-02	   1.032	   164.967
 162	162	 5.1733	 1.0571	   1.4738	        1.4710	          0.0028	   1.4738	        1.4710	     1.1229	2.783e+00	3.903e-02	   1.015	   165.982
 163	163	 5.1754	 1.0571	   1.4738	        1.4710	          0.0028	   1.4738	        1.4710	     1.1228	2.790e+00	3.903e-02	   1.000	   166.982
 164	164	 5.1775	 1.0571	   1.4738	        1.4710	          0.0028	   1.4738	        1.4710	     1.1228	2.797e+00	3.903e-02	   0.991	   167.973
 165	165	 5.1796	 1.0571	   1.4738	        1.4710	          0.0028	   1.4738	        1.4710	     1.1228	2.804e+00	3.902e-02	   0.995	   168.968
 166	166	 5.1816	 1.0571	   1.4738	        1.4710	          0.0028	   1.4738	        1.4710	     1.1227	2.810e+00	3.902e-02	   1.002	   169.971
 167	167	 5.1837	 1.0571	   1.4738	        1.4710	          0.0028	   1.4738	        1.4710	     1.1227	2.817e+00	3.902e-02	   0.993	   170.964
 168	168	 5.1857	 1.0571	   1.4738	        1.4710	          0.0028	   1.4738	        1.4710	     1.1227	2.824e+00	3.902e-02	   1.038	   172.003
 169	169	 5.1877	 1.0571	   1.4739	        1.4710	          0.0028	   1.4739	        1.4710	     1.1226	2.831e+00	3.902e-02	   1.057	   173.060
 170	170	 5.1897	 1.0571	   1.4739	        1.4710	          0.0029	   1.4739	        1.4710	     1.1226	2.837e+00	3.901e-02	   0.991	   174.051
 171	171	 5.1917	 1.0571	   1.4739	        1.4710	          0.0029	   1.4739	        1.4710	     1.1226	2.844e+00	3.901e-02	   1.016	   175.068
 172	172	 5.1937	 1.0571	   1.4739	        1.4710	          0.0029	   1.4739	        1.4710	     1.1225	2.851e+00	3.901e-02	   1.005	   176.073
 173	173	 5.1957	 1.0571	   1.4739	        1.4710	          0.0029	   1.4739	        1.4710	     1.1225	2.857e+00	3.901e-02	   0.999	   177.072
 174	174	 5.1976	 1.0571	   1.4739	        1.4710	          0.0029	   1.4739	        1.4710	     1.1225	2.864e+00	3.901e-02	   0.989	   178.061
 175	175	 5.1996	 1.0571	   1.4739	        1.4710	          0.0029	   1.4739	        1.4710	     1.1224	2.870e+00	3.900e-02	   1.003	   179.064
 176	176	 5.2015	 1.0571	   1.4739	        1.4710	          0.0029	   1.4739	        1.4710	     1.1224	2.877e+00	3.900e-02	   1.038	   180.103
 177	177	 5.2035	 1.0571	   1.4739	        1.4710	          0.0029	   1.4739	        1.4710	     1.1224	2.883e+00	3.900e-02	   0.992	   181.096
 178	178	 5.2054	 1.0571	   1.4739	        1.4710	          0.0029	   1.4739	        1.4710	     1.1224	2.890e+00	3.900e-02	   1.035	   182.131
 179	179	 5.2073	 1.0570	   1.4739	        1.4710	          0.0029	   1.4739	        1.4710	     1.1223	2.896e+00	3.900e-02	   1.073	   183.204
 180	180	 5.2092	 1.0570	   1.4739	        1.4710	          0.0029	   1.4739	        1.4710	     1.1223	2.903e+00	3.899e-02	   1.007	   184.211
 181	181	 5.2111	 1.0570	   1.4739	        1.4710	          0.0029	   1.4739	        1.4710	     1.1223	2.909e+00	3.899e-02	   1.036	   185.248
 182	182	 5.2130	 1.0570	   1.4739	        1.4710	          0.0029	   1.4739	        1.4710	     1.1222	2.915e+00	3.899e-02	   1.018	   186.266
 183	183	 5.2148	 1.0570	   1.4739	        1.4710	          0.0029	   1.4739	        1.4710	     1.1222	2.922e+00	3.899e-02	   0.996	   187.262
 184	184	 5.2167	 1.0570	   1.4739	        1.4710	          0.0029	   1.4739	        1.4710	     1.1222	2.928e+00	3.899e-02	   0.995	   188.257
 185	185	 5.2186	 1.0570	   1.4739	        1.4710	          0.0029	   1.4739	        1.4710	     1.1221	2.934e+00	3.898e-02	   0.997	   189.254
 186	186	 5.2204	 1.0570	   1.4739	        1.4710	          0.0029	   1.4739	        1.4710	     1.1221	2.940e+00	3.898e-02	   1.024	   190.279
 187	187	 5.2222	 1.0570	   1.4739	        1.4710	          0.0029	   1.4739	        1.4710	     1.1221	2.946e+00	3.898e-02	   1.041	   191.320
 188	188	 5.2241	 1.0570	   1.4739	        1.4710	          0.0029	   1.4739	        1.4710	     1.1221	2.952e+00	3.898e-02	   1.022	   192.343
 189	189	 5.2259	 1.0570	   1.4739	        1.4710	          0.0029	   1.4739	        1.4710	     1.1220	2.959e+00	3.898e-02	   1.069	   193.412
 190	190	 5.2277	 1.0570	   1.4739	        1.4710	          0.0029	   1.4739	        1.4710	     1.1220	2.965e+00	3.897e-02	   0.999	   194.411
 191	191	 5.2295	 1.0570	   1.4739	        1.4710	          0.0029	   1.4739	        1.4710	     1.1220	2.971e+00	3.897e-02	   1.012	   195.424
 192	192	 5.2313	 1.0570	   1.4739	        1.4710	          0.0029	   1.4739	        1.4710	     1.1220	2.977e+00	3.897e-02	   1.008	   196.432
 193	193	 5.2330	 1.0570	   1.4739	        1.4710	          0.0029	   1.4739	        1.4710	     1.1219	2.983e+00	3.897e-02	   0.991	   197.423
 194	194	 5.2348	 1.0570	   1.4739	        1.4710	          0.0029	   1.4739	        1.4710	     1.1219	2.989e+00	3.897e-02	   1.005	   198.428
 195	195	 5.2366	 1.0570	   1.4739	        1.4710	          0.0029	   1.4739	        1.4710	     1.1219	2.995e+00	3.896e-02	   1.046	   199.474
 196	196	 5.2383	 1.0570	   1.4739	        1.4710	          0.0029	   1.4739	        1.4710	     1.1218	3.001e+00	3.896e-02	   1.014	   200.488
 197	197	 5.2401	 1.0569	   1.4739	        1.4710	          0.0029	   1.4739	        1.4710	     1.1218	3.006e+00	3.896e-02	   0.934	   201.422
 198	198	 5.2418	 1.0569	   1.4739	        1.4710	          0.0029	   1.4739	        1.4710	     1.1218	3.012e+00	3.896e-02	   0.974	   202.397
 199	199	 5.2435	 1.0569	   1.4739	        1.4710	          0.0029	   1.4739	        1.4710	     1.1218	3.018e+00	3.896e-02	   1.022	   203.419
 200	200	 5.2453	 1.0569	   1.4739	        1.4710	          0.0029	   1.4739	        1.4710	     1.1217	3.024e+00	3.896e-02	   0.932	   204.352

[SCGD] Finished on device cuda -> σ_f² ≈ 5.2453, σ_ε² ≈ 1.0569
