[GPU 0][JOB 153] 'python cli.py bsgd --n 1024 --lengthscale 0.5 --sigma-f2-true 4.0 --sigma-eps2-true 1.0 --n-epochs 200 --device auto --kernel-mode finite --theta-min 1e-4 --theta-max 20.0 --print-every 1 --seed 2 --batch-size 256 --sigma-f2-init 5.0 --sigma-eps2-init 3.0 --alpha1 6.0 '

=== BSGD (biased SGD on exact kernel) ===
iter	epoch	σ_f²	σ_ε²	real_nlml	real_nlml_true	real_nlml_abs_err	mini_nlml	||grad||	duration_s	wall_time_s
   1	 1	 4.6439	 2.3658	   1.6178	        1.4710	          0.1468	   1.6919	1.206e-01	   0.113	     0.186
   2	 1	 4.4349	 2.0454	   1.5782	        1.4710	          0.1072	   1.6839	1.244e-01	   0.020	     0.668
   3	 1	 4.3271	 1.8343	   1.5518	        1.4710	          0.0808	   1.6670	1.244e-01	   0.025	     1.194
   4	 1	 4.2745	 1.6588	   1.5301	        1.4710	          0.0591	   1.6378	1.213e-01	   0.025	     1.769
   5	 2	 4.2207	 1.5166	   1.5132	        1.4710	          0.0422	   1.6031	1.153e-01	   0.029	     2.364
   6	 2	 4.1714	 1.4357	   1.5040	        1.4710	          0.0330	   1.6546	1.097e-01	   0.028	     3.001
   7	 2	 4.1228	 1.3498	   1.4949	        1.4710	          0.0239	   1.5956	1.014e-01	   0.029	     3.665
   8	 2	 4.0977	 1.2635	   1.4866	        1.4710	          0.0156	   1.5603	8.960e-02	   0.030	     4.314
   9	 3	 4.0817	 1.2145	   1.4824	        1.4710	          0.0114	   1.5985	8.096e-02	   0.031	     4.962
  10	 3	 4.0582	 1.1486	   1.4775	        1.4710	          0.0065	   1.5389	6.645e-02	   0.030	     5.607
  11	 3	 4.0232	 1.1163	   1.4755	        1.4710	          0.0045	   1.5810	5.784e-02	   0.029	     6.257
  12	 3	 4.0054	 1.1101	   1.4751	        1.4710	          0.0041	   1.6318	5.608e-02	   0.029	     6.899
  13	 4	 3.9948	 1.0722	   1.4732	        1.4710	          0.0022	   1.5579	4.422e-02	   0.035	     7.582
  14	 4	 3.9745	 1.0551	   1.4725	        1.4710	          0.0015	   1.5770	3.825e-02	   0.026	     8.264
  15	 4	 3.9541	 1.0227	   1.4714	        1.4710	          0.0004	   1.5111	2.579e-02	   0.031	     8.952
  16	 4	 3.9475	 1.0384	   1.4719	        1.4710	          0.0009	   1.6529	3.202e-02	   0.033	     9.692
  17	 5	 3.9354	 1.0349	   1.4718	        1.4710	          0.0008	   1.6024	3.065e-02	   0.030	    10.405
  18	 5	 3.9348	 1.0242	   1.4715	        1.4710	          0.0005	   1.5783	2.638e-02	   0.035	    11.110
  19	 5	 3.9288	 1.0150	   1.4712	        1.4710	          0.0002	   1.5754	2.257e-02	   0.030	    11.818
  20	 5	 3.9106	 1.0109	   1.4711	        1.4710	          0.0001	   1.5810	2.083e-02	   0.035	    12.518
  21	 6	 3.8971	 0.9947	   1.4708	        1.4710	          0.0002	   1.5294	1.363e-02	   0.031	    13.226
  22	 6	 3.8894	 0.9922	   1.4708	        1.4710	          0.0002	   1.5830	1.247e-02	   0.031	    13.930
  23	 6	 3.8900	 0.9884	   1.4708	        1.4710	          0.0002	   1.5783	1.070e-02	   0.034	    14.635
  24	 6	 3.8718	 0.9950	   1.4708	        1.4710	          0.0002	   1.6099	1.375e-02	   0.032	    15.339
  25	 7	 3.8571	 1.0049	   1.4710	        1.4710	          0.0000	   1.6221	1.822e-02	   0.032	    16.040
  26	 7	 3.8498	 0.9888	   1.4707	        1.4710	          0.0003	   1.5289	1.087e-02	   0.035	    16.752
  27	 7	 3.8449	 0.9918	   1.4708	        1.4710	          0.0002	   1.6069	1.227e-02	   0.034	    17.456
  28	 7	 3.8376	 0.9851	   1.4707	        1.4710	          0.0003	   1.5499	9.135e-03	   0.030	    18.166
  29	 8	 3.8248	 0.9790	   1.4706	        1.4710	          0.0004	   1.5467	6.167e-03	   0.026	    18.899
  30	 8	 3.8220	 0.9866	   1.4707	        1.4710	          0.0003	   1.6173	9.810e-03	   0.032	    19.645
  31	 8	 3.8156	 0.9901	   1.4707	        1.4710	          0.0003	   1.6056	1.148e-02	   0.038	    20.416
  32	 8	 3.8176	 0.9791	   1.4706	        1.4710	          0.0004	   1.5451	6.211e-03	   0.039	    21.205
  33	 9	 3.8145	 0.9746	   1.4706	        1.4710	          0.0004	   1.5634	3.993e-03	   0.033	    21.922
  34	 9	 3.8039	 0.9748	   1.4706	        1.4710	          0.0004	   1.5737	4.093e-03	   0.033	    22.643
  35	 9	 3.7974	 0.9721	   1.4706	        1.4710	          0.0004	   1.5615	2.780e-03	   0.030	    23.345
  36	 9	 3.7977	 0.9674	   1.4706	        1.4710	          0.0004	   1.5573	6.825e-04	   0.033	    24.050
  37	10	 3.7907	 0.9707	   1.4706	        1.4710	          0.0004	   1.5989	2.079e-03	   0.030	    24.761
  38	10	 3.7876	 0.9677	   1.4706	        1.4710	          0.0004	   1.5580	7.686e-04	   0.030	    25.458
  39	10	 3.7842	 0.9673	   1.4706	        1.4710	          0.0004	   1.5755	6.430e-04	   0.037	    26.167
  40	10	 3.7807	 0.9715	   1.4706	        1.4710	          0.0004	   1.6068	2.471e-03	   0.030	    26.872
  41	11	 3.7753	 0.9762	   1.4706	        1.4710	          0.0004	   1.6089	4.800e-03	   0.031	    27.573
  42	11	 3.7697	 0.9763	   1.4706	        1.4710	          0.0004	   1.5761	4.830e-03	   0.033	    28.285
  43	11	 3.7679	 0.9776	   1.4706	        1.4710	          0.0004	   1.6014	5.465e-03	   0.030	    28.986
  44	11	 3.7652	 0.9730	   1.4706	        1.4710	          0.0004	   1.5480	3.213e-03	   0.034	    29.686
  45	12	 3.7640	 0.9678	   1.4706	        1.4710	          0.0004	   1.5427	7.706e-04	   0.037	    30.435
  46	12	 3.7666	 0.9685	   1.4706	        1.4710	          0.0004	   1.5873	1.070e-03	   0.030	    31.161
  47	12	 3.7637	 0.9647	   1.4706	        1.4710	          0.0004	   1.5528	1.206e-03	   0.033	    31.891
  48	12	 3.7589	 0.9721	   1.4706	        1.4710	          0.0004	   1.6384	2.767e-03	   0.029	    32.595
  49	13	 3.7564	 0.9699	   1.4706	        1.4710	          0.0004	   1.5668	1.677e-03	   0.032	    33.298
  50	13	 3.7535	 0.9767	   1.4706	        1.4710	          0.0004	   1.6331	5.023e-03	   0.035	    34.010
  51	13	 3.7503	 0.9737	   1.4706	        1.4710	          0.0004	   1.5523	3.559e-03	   0.030	    34.707
  52	13	 3.7479	 0.9713	   1.4706	        1.4710	          0.0004	   1.5616	2.389e-03	   0.031	    35.408
  53	14	 3.7448	 0.9751	   1.4706	        1.4710	          0.0004	   1.6149	4.260e-03	   0.030	    36.121
  54	14	 3.7460	 0.9816	   1.4706	        1.4710	          0.0004	   1.6469	7.439e-03	   0.032	    36.822
  55	14	 3.7421	 0.9762	   1.4706	        1.4710	          0.0004	   1.5282	4.782e-03	   0.042	    37.558
  56	14	 3.7353	 0.9691	   1.4706	        1.4710	          0.0004	   1.5114	1.313e-03	   0.032	    38.334
  57	15	 3.7351	 0.9611	   1.4706	        1.4710	          0.0004	   1.5070	3.002e-03	   0.031	    39.062
  58	15	 3.7312	 0.9605	   1.4706	        1.4710	          0.0004	   1.5719	3.319e-03	   0.030	    39.801
  59	15	 3.7298	 0.9653	   1.4706	        1.4710	          0.0004	   1.6226	9.609e-04	   0.035	    40.579
  60	15	 3.7273	 0.9634	   1.4706	        1.4710	          0.0004	   1.5573	1.852e-03	   0.037	    41.367
  61	16	 3.7260	 0.9584	   1.4706	        1.4710	          0.0004	   1.5213	4.453e-03	   0.030	    42.105
  62	16	 3.7184	 0.9621	   1.4706	        1.4710	          0.0004	   1.5944	2.486e-03	   0.037	    42.816
  63	16	 3.7176	 0.9599	   1.4706	        1.4710	          0.0004	   1.5636	3.648e-03	   0.031	    43.523
  64	16	 3.7174	 0.9631	   1.4705	        1.4710	          0.0005	   1.6172	2.003e-03	   0.032	    44.232
  65	17	 3.7176	 0.9575	   1.4706	        1.4710	          0.0004	   1.5265	4.912e-03	   0.031	    44.933
  66	17	 3.7165	 0.9663	   1.4705	        1.4710	          0.0005	   1.6668	5.771e-04	   0.032	    45.641
  67	17	 3.7150	 0.9691	   1.4705	        1.4710	          0.0005	   1.5949	1.306e-03	   0.034	    46.342
  68	17	 3.7094	 0.9675	   1.4705	        1.4710	          0.0005	   1.5617	6.170e-04	   0.033	    47.048
  69	18	 3.7057	 0.9649	   1.4705	        1.4710	          0.0005	   1.5419	1.130e-03	   0.034	    47.758
  70	18	 3.7039	 0.9633	   1.4705	        1.4710	          0.0005	   1.5620	1.908e-03	   0.030	    48.449
  71	18	 3.7022	 0.9664	   1.4705	        1.4710	          0.0005	   1.6092	5.554e-04	   0.034	    49.163
  72	18	 3.7013	 0.9701	   1.4705	        1.4710	          0.0005	   1.6293	1.778e-03	   0.028	    49.863
  73	19	 3.7008	 0.9702	   1.4705	        1.4710	          0.0005	   1.5851	1.801e-03	   0.037	    50.595
  74	19	 3.6978	 0.9678	   1.4705	        1.4710	          0.0005	   1.5515	7.354e-04	   0.031	    51.341
  75	19	 3.6967	 0.9678	   1.4705	        1.4710	          0.0005	   1.5744	7.165e-04	   0.026	    52.059
  76	19	 3.6962	 0.9669	   1.4705	        1.4710	          0.0005	   1.5745	5.072e-04	   0.033	    52.770
  77	20	 3.6947	 0.9679	   1.4705	        1.4710	          0.0005	   1.5927	7.387e-04	   0.030	    53.476
  78	20	 3.6940	 0.9670	   1.4705	        1.4710	          0.0005	   1.5766	5.116e-04	   0.036	    54.177
  79	20	 3.6930	 0.9686	   1.4705	        1.4710	          0.0005	   1.5930	1.036e-03	   0.031	    54.888
  80	20	 3.6912	 0.9693	   1.4705	        1.4710	          0.0005	   1.5898	1.393e-03	   0.034	    55.592
  81	21	 3.6870	 0.9710	   1.4705	        1.4710	          0.0005	   1.5962	2.220e-03	   0.030	    56.293
  82	21	 3.6872	 0.9690	   1.4705	        1.4710	          0.0005	   1.5607	1.228e-03	   0.033	    57.004
  83	21	 3.6843	 0.9708	   1.4705	        1.4710	          0.0005	   1.5980	2.100e-03	   0.029	    57.701
  84	21	 3.6849	 0.9694	   1.4705	        1.4710	          0.0005	   1.5650	1.439e-03	   0.033	    58.450
  85	22	 3.6861	 0.9704	   1.4705	        1.4710	          0.0005	   1.6043	1.912e-03	   0.032	    59.155
  86	22	 3.6819	 0.9685	   1.4705	        1.4710	          0.0005	   1.5465	1.008e-03	   0.033	    59.863
  87	22	 3.6838	 0.9679	   1.4705	        1.4710	          0.0005	   1.5806	7.305e-04	   0.034	    60.650
  88	22	 3.6812	 0.9670	   1.4705	        1.4710	          0.0005	   1.5592	5.001e-04	   0.035	    61.427
  89	23	 3.6830	 0.9670	   1.4705	        1.4710	          0.0005	   1.5919	5.004e-04	   0.033	    62.173
  90	23	 3.6829	 0.9630	   1.4705	        1.4710	          0.0005	   1.5254	2.025e-03	   0.033	    62.894
  91	23	 3.6799	 0.9623	   1.4705	        1.4710	          0.0005	   1.5584	2.403e-03	   0.033	    63.592
  92	23	 3.6761	 0.9627	   1.4705	        1.4710	          0.0005	   1.5727	2.175e-03	   0.034	    64.306
  93	24	 3.6764	 0.9609	   1.4705	        1.4710	          0.0005	   1.5528	3.134e-03	   0.032	    65.006
  94	24	 3.6753	 0.9622	   1.4705	        1.4710	          0.0005	   1.6016	2.432e-03	   0.033	    65.706
  95	24	 3.6740	 0.9599	   1.4705	        1.4710	          0.0005	   1.5446	3.650e-03	   0.031	    66.420
  96	24	 3.6727	 0.9635	   1.4705	        1.4710	          0.0005	   1.6218	1.802e-03	   0.034	    67.123
  97	25	 3.6738	 0.9650	   1.4705	        1.4710	          0.0005	   1.6088	1.032e-03	   0.032	    67.825
  98	25	 3.6735	 0.9627	   1.4705	        1.4710	          0.0005	   1.5475	2.204e-03	   0.030	    68.532
  99	25	 3.6700	 0.9657	   1.4705	        1.4710	          0.0005	   1.6128	7.541e-04	   0.031	    69.232
 100	25	 3.6669	 0.9633	   1.4705	        1.4710	          0.0005	   1.5290	1.906e-03	   0.036	    69.946
 101	26	 3.6682	 0.9622	   1.4705	        1.4710	          0.0005	   1.5713	2.439e-03	   0.035	    70.666
 102	26	 3.6679	 0.9583	   1.4705	        1.4710	          0.0005	   1.5102	4.513e-03	   0.030	    71.410
 103	26	 3.6669	 0.9624	   1.4705	        1.4710	          0.0005	   1.6426	2.353e-03	   0.030	    72.144
 104	26	 3.6627	 0.9614	   1.4705	        1.4710	          0.0005	   1.5527	2.859e-03	   0.025	    72.839
 105	27	 3.6607	 0.9599	   1.4705	        1.4710	          0.0005	   1.5500	3.652e-03	   0.035	    73.553
 106	27	 3.6591	 0.9581	   1.4705	        1.4710	          0.0005	   1.5447	4.581e-03	   0.030	    74.258
 107	27	 3.6594	 0.9605	   1.4705	        1.4710	          0.0005	   1.6165	3.313e-03	   0.034	    74.961
 108	27	 3.6590	 0.9633	   1.4705	        1.4710	          0.0005	   1.6290	1.904e-03	   0.041	    75.714
 109	28	 3.6569	 0.9641	   1.4705	        1.4710	          0.0005	   1.5860	1.465e-03	   0.034	    76.530
 110	28	 3.6571	 0.9620	   1.4705	        1.4710	          0.0005	   1.5407	2.532e-03	   0.042	    77.377
 111	28	 3.6542	 0.9624	   1.4705	        1.4710	          0.0005	   1.5779	2.361e-03	   0.032	    78.182
 112	28	 3.6531	 0.9630	   1.4705	        1.4710	          0.0005	   1.5885	2.010e-03	   0.029	    78.923
 113	29	 3.6525	 0.9646	   1.4705	        1.4710	          0.0005	   1.6019	1.258e-03	   0.038	    79.636
 114	29	 3.6512	 0.9656	   1.4705	        1.4710	          0.0005	   1.5895	7.586e-04	   0.031	    80.348
 115	29	 3.6491	 0.9657	   1.4705	        1.4710	          0.0005	   1.5819	7.182e-04	   0.042	    81.120
 116	29	 3.6479	 0.9643	   1.4705	        1.4710	          0.0005	   1.5518	1.385e-03	   0.036	    81.905
 117	30	 3.6466	 0.9664	   1.4705	        1.4710	          0.0005	   1.6182	4.964e-04	   0.030	    82.652
 118	30	 3.6462	 0.9649	   1.4705	        1.4710	          0.0005	   1.5518	1.089e-03	   0.033	    83.372
 119	30	 3.6448	 0.9650	   1.4705	        1.4710	          0.0005	   1.5712	1.028e-03	   0.032	    84.080
 120	30	 3.6446	 0.9646	   1.4705	        1.4710	          0.0005	   1.5688	1.221e-03	   0.036	    84.781
 121	31	 3.6455	 0.9654	   1.4705	        1.4710	          0.0005	   1.5980	8.633e-04	   0.029	    85.486
 122	31	 3.6441	 0.9628	   1.4705	        1.4710	          0.0005	   1.5227	2.137e-03	   0.032	    86.192
 123	31	 3.6423	 0.9650	   1.4705	        1.4710	          0.0005	   1.6088	1.038e-03	   0.034	    86.896
 124	31	 3.6417	 0.9657	   1.4705	        1.4710	          0.0005	   1.5961	7.114e-04	   0.036	    87.607
 125	32	 3.6383	 0.9665	   1.4705	        1.4710	          0.0005	   1.5766	4.759e-04	   0.031	    88.306
 126	32	 3.6379	 0.9694	   1.4705	        1.4710	          0.0005	   1.6422	1.406e-03	   0.033	    89.011
 127	32	 3.6369	 0.9669	   1.4705	        1.4710	          0.0005	   1.5279	4.450e-04	   0.032	    89.722
 128	32	 3.6370	 0.9657	   1.4705	        1.4710	          0.0005	   1.5543	7.266e-04	   0.030	    90.418
 129	33	 3.6368	 0.9651	   1.4705	        1.4710	          0.0005	   1.5679	1.011e-03	   0.039	    91.150
 130	33	 3.6341	 0.9667	   1.4705	        1.4710	          0.0005	   1.6048	4.452e-04	   0.031	    91.897
 131	33	 3.6345	 0.9660	   1.4705	        1.4710	          0.0005	   1.5655	6.207e-04	   0.034	    92.621
 132	33	 3.6342	 0.9653	   1.4705	        1.4710	          0.0005	   1.5652	8.959e-04	   0.028	    93.326
 133	34	 3.6322	 0.9636	   1.4705	        1.4710	          0.0005	   1.5337	1.704e-03	   0.026	    94.026
 134	34	 3.6302	 0.9651	   1.4705	        1.4710	          0.0005	   1.6041	9.939e-04	   0.033	    94.739
 135	34	 3.6292	 0.9651	   1.4705	        1.4710	          0.0005	   1.5730	9.785e-04	   0.034	    95.447
 136	34	 3.6288	 0.9654	   1.4705	        1.4710	          0.0005	   1.5854	8.331e-04	   0.036	    96.145
 137	35	 3.6281	 0.9645	   1.4705	        1.4710	          0.0005	   1.5514	1.294e-03	   0.035	    96.857
 138	35	 3.6266	 0.9645	   1.4705	        1.4710	          0.0005	   1.5641	1.267e-03	   0.034	    97.580
 139	35	 3.6269	 0.9657	   1.4705	        1.4710	          0.0005	   1.6183	7.169e-04	   0.034	    98.297
 140	35	 3.6257	 0.9657	   1.4705	        1.4710	          0.0005	   1.5762	7.293e-04	   0.031	    99.007
 141	36	 3.6240	 0.9665	   1.4705	        1.4710	          0.0005	   1.5903	4.581e-04	   0.029	    99.709
 142	36	 3.6240	 0.9661	   1.4705	        1.4710	          0.0005	   1.5745	5.786e-04	   0.038	   100.422
 143	36	 3.6230	 0.9642	   1.4705	        1.4710	          0.0005	   1.5393	1.401e-03	   0.035	   101.183
 144	36	 3.6237	 0.9663	   1.4705	        1.4710	          0.0005	   1.6285	5.116e-04	   0.035	   101.962
 145	37	 3.6237	 0.9676	   1.4705	        1.4710	          0.0005	   1.6218	5.920e-04	   0.032	   102.738
 146	37	 3.6222	 0.9669	   1.4705	        1.4710	          0.0005	   1.5566	4.304e-04	   0.030	   103.450
 147	37	 3.6210	 0.9667	   1.4705	        1.4710	          0.0005	   1.5752	4.285e-04	   0.034	   104.152
 148	37	 3.6220	 0.9663	   1.4705	        1.4710	          0.0005	   1.5664	5.181e-04	   0.032	   104.864
 149	38	 3.6234	 0.9681	   1.4705	        1.4710	          0.0005	   1.6309	7.982e-04	   0.034	   105.562
 150	38	 3.6222	 0.9689	   1.4705	        1.4710	          0.0005	   1.5941	1.167e-03	   0.034	   106.270
 151	38	 3.6201	 0.9666	   1.4705	        1.4710	          0.0005	   1.5101	4.366e-04	   0.032	   106.977
 152	38	 3.6189	 0.9670	   1.4705	        1.4710	          0.0005	   1.5911	4.330e-04	   0.034	   107.680
 153	39	 3.6191	 0.9655	   1.4705	        1.4710	          0.0005	   1.5444	8.078e-04	   0.029	   108.388
 154	39	 3.6177	 0.9672	   1.4705	        1.4710	          0.0005	   1.6180	4.567e-04	   0.032	   109.088
 155	39	 3.6198	 0.9663	   1.4705	        1.4710	          0.0005	   1.5710	5.023e-04	   0.029	   109.791
 156	39	 3.6179	 0.9654	   1.4705	        1.4710	          0.0005	   1.5509	8.470e-04	   0.031	   110.503
 157	40	 3.6170	 0.9652	   1.4705	        1.4710	          0.0005	   1.5735	9.353e-04	   0.034	   111.213
 158	40	 3.6165	 0.9650	   1.4705	        1.4710	          0.0005	   1.5733	1.020e-03	   0.038	   111.974
 159	40	 3.6154	 0.9634	   1.4705	        1.4710	          0.0005	   1.5343	1.838e-03	   0.033	   112.699
 160	40	 3.6158	 0.9664	   1.4705	        1.4710	          0.0005	   1.6502	4.724e-04	   0.032	   113.404
 161	41	 3.6161	 0.9671	   1.4705	        1.4710	          0.0005	   1.5980	4.390e-04	   0.031	   114.114
 162	41	 3.6149	 0.9651	   1.4705	        1.4710	          0.0005	   1.5240	1.002e-03	   0.029	   114.810
 163	41	 3.6143	 0.9664	   1.4705	        1.4710	          0.0005	   1.6167	4.617e-04	   0.035	   115.532
 164	41	 3.6141	 0.9673	   1.4705	        1.4710	          0.0005	   1.5987	4.865e-04	   0.033	   116.279
 165	42	 3.6124	 0.9673	   1.4705	        1.4710	          0.0005	   1.5685	4.934e-04	   0.036	   117.034
 166	42	 3.6122	 0.9688	   1.4705	        1.4710	          0.0005	   1.6247	1.107e-03	   0.036	   117.767
 167	42	 3.6118	 0.9685	   1.4705	        1.4710	          0.0005	   1.5807	9.613e-04	   0.027	   118.477
 168	42	 3.6107	 0.9668	   1.4705	        1.4710	          0.0005	   1.5190	4.164e-04	   0.033	   119.184
 169	43	 3.6095	 0.9681	   1.4705	        1.4710	          0.0005	   1.6069	7.622e-04	   0.032	   119.895
 170	43	 3.6088	 0.9681	   1.4705	        1.4710	          0.0005	   1.5775	7.774e-04	   0.033	   120.593
 171	43	 3.6091	 0.9682	   1.4705	        1.4710	          0.0005	   1.5907	8.362e-04	   0.039	   121.354
 172	43	 3.6093	 0.9677	   1.4705	        1.4710	          0.0005	   1.5663	6.136e-04	   0.040	   122.150
 173	44	 3.6089	 0.9675	   1.4705	        1.4710	          0.0005	   1.5800	5.422e-04	   0.036	   122.906
 174	44	 3.6071	 0.9664	   1.4705	        1.4710	          0.0005	   1.5375	4.632e-04	   0.030	   123.637
 175	44	 3.6060	 0.9674	   1.4705	        1.4710	          0.0005	   1.5945	4.988e-04	   0.031	   124.335
 176	44	 3.6062	 0.9680	   1.4705	        1.4710	          0.0005	   1.6037	7.116e-04	   0.030	   125.041
 177	45	 3.6063	 0.9693	   1.4705	        1.4710	          0.0005	   1.6206	1.334e-03	   0.033	   125.749
 178	45	 3.6057	 0.9694	   1.4705	        1.4710	          0.0005	   1.5785	1.403e-03	   0.032	   126.442
 179	45	 3.6050	 0.9681	   1.4705	        1.4710	          0.0005	   1.5400	7.569e-04	   0.033	   127.157
 180	45	 3.6032	 0.9682	   1.4705	        1.4710	          0.0005	   1.5797	8.238e-04	   0.030	   127.864
 181	46	 3.6035	 0.9706	   1.4705	        1.4710	          0.0005	   1.6575	1.981e-03	   0.031	   128.563
 182	46	 3.6018	 0.9715	   1.4705	        1.4710	          0.0005	   1.5906	2.443e-03	   0.036	   129.277
 183	46	 3.6014	 0.9695	   1.4705	        1.4710	          0.0005	   1.5122	1.440e-03	   0.031	   129.976
 184	46	 3.6013	 0.9667	   1.4705	        1.4710	          0.0005	   1.5116	4.066e-04	   0.034	   130.681
 185	47	 3.6010	 0.9677	   1.4705	        1.4710	          0.0005	   1.6084	5.955e-04	   0.036	   131.396
 186	47	 3.5996	 0.9683	   1.4705	        1.4710	          0.0005	   1.5885	8.622e-04	   0.034	   132.136
 187	47	 3.5991	 0.9669	   1.4705	        1.4710	          0.0005	   1.5373	4.026e-04	   0.039	   132.885
 188	47	 3.6002	 0.9665	   1.4705	        1.4710	          0.0005	   1.5734	4.290e-04	   0.029	   133.587
 189	48	 3.5992	 0.9660	   1.4705	        1.4710	          0.0005	   1.5554	5.803e-04	   0.031	   134.288
 190	48	 3.5976	 0.9648	   1.4705	        1.4710	          0.0005	   1.5348	1.134e-03	   0.027	   134.998
 191	48	 3.5966	 0.9633	   1.4705	        1.4710	          0.0005	   1.5284	1.854e-03	   0.029	   135.697
 192	48	 3.5971	 0.9674	   1.4705	        1.4710	          0.0005	   1.7084	4.870e-04	   0.035	   136.406
 193	49	 3.5962	 0.9661	   1.4705	        1.4710	          0.0005	   1.5275	5.529e-04	   0.033	   137.149
 194	49	 3.5960	 0.9660	   1.4705	        1.4710	          0.0005	   1.5760	5.767e-04	   0.033	   137.851
 195	49	 3.5956	 0.9661	   1.4705	        1.4710	          0.0005	   1.5907	5.306e-04	   0.036	   138.564
 196	49	 3.5951	 0.9671	   1.4705	        1.4710	          0.0005	   1.6028	4.163e-04	   0.030	   139.263
 197	50	 3.5938	 0.9681	   1.4705	        1.4710	          0.0005	   1.6043	7.491e-04	   0.032	   139.968
 198	50	 3.5930	 0.9682	   1.4705	        1.4710	          0.0005	   1.5741	7.906e-04	   0.034	   140.678
 199	50	 3.5937	 0.9676	   1.4705	        1.4710	          0.0005	   1.5796	5.570e-04	   0.028	   141.417
 200	50	 3.5923	 0.9670	   1.4705	        1.4710	          0.0005	   1.5447	4.017e-04	   0.041	   142.201
 201	51	 3.5931	 0.9665	   1.4705	        1.4710	          0.0005	   1.5737	4.351e-04	   0.029	   142.974
 202	51	 3.5930	 0.9669	   1.4705	        1.4710	          0.0005	   1.5822	3.960e-04	   0.032	   143.707
 203	51	 3.5917	 0.9671	   1.4705	        1.4710	          0.0005	   1.5802	4.195e-04	   0.028	   144.418
 204	51	 3.5911	 0.9670	   1.4705	        1.4710	          0.0005	   1.5764	4.059e-04	   0.031	   145.119
 205	52	 3.5898	 0.9686	   1.4705	        1.4710	          0.0005	   1.6099	9.762e-04	   0.036	   145.825
 206	52	 3.5900	 0.9695	   1.4705	        1.4710	          0.0005	   1.6155	1.409e-03	   0.033	   146.530
 207	52	 3.5896	 0.9681	   1.4705	        1.4710	          0.0005	   1.5434	7.454e-04	   0.035	   147.231
 208	52	 3.5889	 0.9676	   1.4705	        1.4710	          0.0005	   1.5584	5.463e-04	   0.034	   147.939
 209	53	 3.5888	 0.9665	   1.4705	        1.4710	          0.0005	   1.5492	4.208e-04	   0.032	   148.644
 210	53	 3.5893	 0.9685	   1.4705	        1.4710	          0.0005	   1.6483	9.598e-04	   0.032	   149.347
 211	53	 3.5883	 0.9666	   1.4705	        1.4710	          0.0005	   1.5100	4.093e-04	   0.031	   150.058
 212	53	 3.5866	 0.9665	   1.4705	        1.4710	          0.0005	   1.5629	4.315e-04	   0.032	   150.758
 213	54	 3.5854	 0.9663	   1.4705	        1.4710	          0.0005	   1.5702	4.724e-04	   0.031	   151.463
 214	54	 3.5845	 0.9667	   1.4705	        1.4710	          0.0005	   1.5872	3.946e-04	   0.036	   152.231
 215	54	 3.5841	 0.9645	   1.4705	        1.4710	          0.0005	   1.5031	1.248e-03	   0.039	   153.040
 216	54	 3.5845	 0.9668	   1.4705	        1.4710	          0.0005	   1.6612	3.856e-04	   0.043	   153.860
 217	55	 3.5842	 0.9662	   1.4705	        1.4710	          0.0005	   1.5557	5.025e-04	   0.032	   154.672
 218	55	 3.5829	 0.9656	   1.4705	        1.4710	          0.0005	   1.5485	7.568e-04	   0.038	   155.441
 219	55	 3.5827	 0.9659	   1.4705	        1.4710	          0.0005	   1.5926	6.246e-04	   0.036	   156.226
 220	55	 3.5829	 0.9661	   1.4705	        1.4710	          0.0005	   1.5893	5.414e-04	   0.028	   156.961
 221	56	 3.5820	 0.9674	   1.4705	        1.4710	          0.0005	   1.6196	4.956e-04	   0.036	   157.697
 222	56	 3.5827	 0.9673	   1.4705	        1.4710	          0.0005	   1.5850	4.555e-04	   0.028	   158.401
 223	56	 3.5827	 0.9669	   1.4705	        1.4710	          0.0005	   1.5603	3.859e-04	   0.035	   159.101
 224	56	 3.5821	 0.9654	   1.4705	        1.4710	          0.0005	   1.5248	8.540e-04	   0.030	   159.809
 225	57	 3.5825	 0.9643	   1.4705	        1.4710	          0.0005	   1.5490	1.375e-03	   0.029	   160.515
 226	57	 3.5821	 0.9646	   1.4705	        1.4710	          0.0005	   1.5797	1.205e-03	   0.033	   161.218
 227	57	 3.5816	 0.9659	   1.4705	        1.4710	          0.0005	   1.6228	6.010e-04	   0.038	   161.966
 228	57	 3.5805	 0.9661	   1.4705	        1.4710	          0.0005	   1.5792	5.377e-04	   0.037	   162.732
 229	58	 3.5808	 0.9667	   1.4705	        1.4710	          0.0005	   1.6110	3.859e-04	   0.037	   163.516
 230	58	 3.5807	 0.9662	   1.4705	        1.4710	          0.0005	   1.5617	5.001e-04	   0.034	   164.259
 231	58	 3.5803	 0.9669	   1.4705	        1.4710	          0.0005	   1.6036	3.822e-04	   0.032	   164.956
 232	58	 3.5795	 0.9656	   1.4705	        1.4710	          0.0005	   1.5217	7.569e-04	   0.029	   165.669
 233	59	 3.5781	 0.9656	   1.4705	        1.4710	          0.0005	   1.5676	7.360e-04	   0.029	   166.369
 234	59	 3.5772	 0.9663	   1.4705	        1.4710	          0.0005	   1.5999	4.593e-04	   0.033	   167.072
 235	59	 3.5773	 0.9657	   1.4705	        1.4710	          0.0005	   1.5546	6.867e-04	   0.033	   167.782
 236	59	 3.5776	 0.9661	   1.4705	        1.4710	          0.0005	   1.6069	5.194e-04	   0.029	   168.478
 237	60	 3.5762	 0.9677	   1.4705	        1.4710	          0.0005	   1.6203	5.905e-04	   0.033	   169.190
 238	60	 3.5771	 0.9685	   1.4705	        1.4710	          0.0005	   1.6168	9.155e-04	   0.032	   169.895
 239	60	 3.5760	 0.9672	   1.4705	        1.4710	          0.0005	   1.5267	4.106e-04	   0.034	   170.595
 240	60	 3.5758	 0.9666	   1.4705	        1.4710	          0.0005	   1.5593	3.903e-04	   0.030	   171.306
 241	61	 3.5755	 0.9659	   1.4705	        1.4710	          0.0005	   1.5489	6.159e-04	   0.034	   172.007
 242	61	 3.5759	 0.9665	   1.4705	        1.4710	          0.0005	   1.6114	4.088e-04	   0.034	   172.759
 243	61	 3.5757	 0.9675	   1.4705	        1.4710	          0.0005	   1.6230	4.998e-04	   0.034	   173.495
 244	61	 3.5747	 0.9670	   1.4705	        1.4710	          0.0005	   1.5470	3.822e-04	   0.034	   174.210
 245	62	 3.5743	 0.9677	   1.4705	        1.4710	          0.0005	   1.6126	5.886e-04	   0.031	   174.921
 246	62	 3.5734	 0.9672	   1.4705	        1.4710	          0.0005	   1.5516	4.289e-04	   0.030	   175.621
 247	62	 3.5727	 0.9673	   1.4705	        1.4710	          0.0005	   1.5770	4.529e-04	   0.031	   176.340
 248	62	 3.5736	 0.9677	   1.4705	        1.4710	          0.0005	   1.6001	5.672e-04	   0.030	   177.068
 249	63	 3.5741	 0.9661	   1.4705	        1.4710	          0.0005	   1.5215	5.490e-04	   0.030	   177.768
 250	63	 3.5749	 0.9659	   1.4705	        1.4710	          0.0005	   1.5798	5.947e-04	   0.034	   178.478
 251	63	 3.5734	 0.9661	   1.4705	        1.4710	          0.0005	   1.5779	5.332e-04	   0.033	   179.183
 252	63	 3.5732	 0.9670	   1.4705	        1.4710	          0.0005	   1.6139	3.859e-04	   0.033	   179.883
 253	64	 3.5724	 0.9670	   1.4705	        1.4710	          0.0005	   1.5749	3.847e-04	   0.037	   180.599
 254	64	 3.5720	 0.9666	   1.4705	        1.4710	          0.0005	   1.5565	3.951e-04	   0.031	   181.295
 255	64	 3.5723	 0.9660	   1.4705	        1.4710	          0.0005	   1.5666	5.742e-04	   0.036	   182.030
 256	64	 3.5713	 0.9672	   1.4705	        1.4710	          0.0005	   1.6155	4.068e-04	   0.037	   182.809
 257	65	 3.5699	 0.9680	   1.4705	        1.4710	          0.0005	   1.6068	7.237e-04	   0.031	   183.586
 258	65	 3.5703	 0.9685	   1.4705	        1.4710	          0.0005	   1.5995	9.182e-04	   0.038	   184.331
 259	65	 3.5695	 0.9673	   1.4705	        1.4710	          0.0005	   1.5253	4.377e-04	   0.026	   185.038
 260	65	 3.5694	 0.9669	   1.4705	        1.4710	          0.0005	   1.5590	3.709e-04	   0.033	   185.743
 261	66	 3.5694	 0.9664	   1.4705	        1.4710	          0.0005	   1.5511	4.444e-04	   0.030	   186.452
 262	66	 3.5689	 0.9663	   1.4705	        1.4710	          0.0005	   1.5803	4.479e-04	   0.032	   187.147
 263	66	 3.5685	 0.9670	   1.4705	        1.4710	          0.0005	   1.6004	3.746e-04	   0.032	   187.856
 264	66	 3.5676	 0.9675	   1.4705	        1.4710	          0.0005	   1.5953	4.944e-04	   0.034	   188.567
 265	67	 3.5679	 0.9684	   1.4705	        1.4710	          0.0005	   1.6195	8.617e-04	   0.036	   189.266
 266	67	 3.5673	 0.9676	   1.4705	        1.4710	          0.0005	   1.5467	5.219e-04	   0.031	   189.972
 267	67	 3.5676	 0.9685	   1.4705	        1.4710	          0.0005	   1.6197	9.127e-04	   0.034	   190.681
 268	67	 3.5658	 0.9679	   1.4705	        1.4710	          0.0005	   1.5393	6.758e-04	   0.030	   191.380
 269	68	 3.5662	 0.9677	   1.4705	        1.4710	          0.0005	   1.5800	5.788e-04	   0.033	   192.089
 270	68	 3.5654	 0.9678	   1.4705	        1.4710	          0.0005	   1.5832	6.200e-04	   0.032	   192.832
 271	68	 3.5652	 0.9682	   1.4705	        1.4710	          0.0005	   1.5903	8.069e-04	   0.039	   193.600
 272	68	 3.5646	 0.9691	   1.4705	        1.4710	          0.0005	   1.6102	1.234e-03	   0.032	   194.363
 273	69	 3.5643	 0.9688	   1.4705	        1.4710	          0.0005	   1.5583	1.050e-03	   0.029	   195.059
 274	69	 3.5636	 0.9703	   1.4705	        1.4710	          0.0005	   1.6424	1.791e-03	   0.039	   195.811
 275	69	 3.5633	 0.9705	   1.4705	        1.4710	          0.0005	   1.6007	1.925e-03	   0.027	   196.528
 276	69	 3.5629	 0.9698	   1.4705	        1.4710	          0.0005	   1.5408	1.558e-03	   0.035	   197.246
 277	70	 3.5626	 0.9688	   1.4705	        1.4710	          0.0005	   1.5399	1.094e-03	   0.032	   197.954
 278	70	 3.5613	 0.9705	   1.4705	        1.4710	          0.0005	   1.6392	1.894e-03	   0.026	   198.637
 279	70	 3.5614	 0.9709	   1.4705	        1.4710	          0.0005	   1.6010	2.121e-03	   0.033	   199.334
 280	70	 3.5616	 0.9705	   1.4705	        1.4710	          0.0005	   1.5686	1.917e-03	   0.031	   199.979
 281	71	 3.5614	 0.9711	   1.4705	        1.4710	          0.0005	   1.6089	2.217e-03	   0.032	   200.652
 282	71	 3.5607	 0.9710	   1.4705	        1.4710	          0.0005	   1.5693	2.166e-03	   0.026	   201.261
 283	71	 3.5612	 0.9711	   1.4705	        1.4710	          0.0005	   1.5940	2.220e-03	   0.034	   201.951
 284	71	 3.5603	 0.9705	   1.4705	        1.4710	          0.0005	   1.5497	1.931e-03	   0.036	   202.613
 285	72	 3.5600	 0.9698	   1.4705	        1.4710	          0.0005	   1.5414	1.568e-03	   0.030	   203.294
 286	72	 3.5598	 0.9709	   1.4705	        1.4710	          0.0005	   1.6216	2.098e-03	   0.030	   203.932
 287	72	 3.5591	 0.9710	   1.4705	        1.4710	          0.0005	   1.5835	2.181e-03	   0.028	   204.532
 288	72	 3.5591	 0.9704	   1.4705	        1.4710	          0.0005	   1.5649	1.876e-03	   0.028	   205.127
 289	73	 3.5592	 0.9695	   1.4705	        1.4710	          0.0005	   1.5412	1.414e-03	   0.033	   205.727
 290	73	 3.5590	 0.9699	   1.4705	        1.4710	          0.0005	   1.5997	1.597e-03	   0.027	   206.322
 291	73	 3.5582	 0.9716	   1.4705	        1.4710	          0.0005	   1.6558	2.450e-03	   0.031	   206.930
 292	73	 3.5579	 0.9711	   1.4705	        1.4710	          0.0005	   1.5478	2.216e-03	   0.031	   207.524
 293	74	 3.5580	 0.9705	   1.4705	        1.4710	          0.0005	   1.5486	1.929e-03	   0.036	   208.125
 294	74	 3.5577	 0.9700	   1.4705	        1.4710	          0.0005	   1.5664	1.670e-03	   0.031	   208.720
 295	74	 3.5578	 0.9696	   1.4705	        1.4710	          0.0005	   1.5643	1.456e-03	   0.032	   209.322
 296	74	 3.5571	 0.9710	   1.4705	        1.4710	          0.0005	   1.6364	2.172e-03	   0.030	   209.921
 297	75	 3.5563	 0.9707	   1.4705	        1.4710	          0.0005	   1.5560	2.028e-03	   0.031	   210.517
 298	75	 3.5563	 0.9706	   1.4705	        1.4710	          0.0005	   1.5788	1.951e-03	   0.031	   211.157
 299	75	 3.5570	 0.9702	   1.4705	        1.4710	          0.0005	   1.5714	1.736e-03	   0.037	   211.784
 300	75	 3.5559	 0.9705	   1.4705	        1.4710	          0.0005	   1.5888	1.931e-03	   0.027	   212.398
 301	76	 3.5547	 0.9707	   1.4705	        1.4710	          0.0005	   1.5766	2.012e-03	   0.025	   213.011
 302	76	 3.5545	 0.9710	   1.4705	        1.4710	          0.0005	   1.5922	2.173e-03	   0.026	   213.632
 303	76	 3.5549	 0.9710	   1.4705	        1.4710	          0.0005	   1.5901	2.168e-03	   0.034	   214.234
 304	76	 3.5545	 0.9703	   1.4705	        1.4710	          0.0005	   1.5427	1.797e-03	   0.034	   214.830
 305	77	 3.5541	 0.9697	   1.4705	        1.4710	          0.0005	   1.5456	1.510e-03	   0.031	   215.426
 306	77	 3.5550	 0.9702	   1.4705	        1.4710	          0.0005	   1.6247	1.764e-03	   0.031	   216.025
 307	77	 3.5540	 0.9708	   1.4705	        1.4710	          0.0005	   1.5982	2.056e-03	   0.030	   216.599
 308	77	 3.5535	 0.9703	   1.4705	        1.4710	          0.0005	   1.5533	1.802e-03	   0.028	   217.201
 309	78	 3.5528	 0.9699	   1.4705	        1.4710	          0.0005	   1.5512	1.612e-03	   0.024	   217.766
 310	78	 3.5526	 0.9703	   1.4705	        1.4710	          0.0005	   1.5953	1.786e-03	   0.029	   218.344
 311	78	 3.5527	 0.9700	   1.4705	        1.4710	          0.0005	   1.5749	1.673e-03	   0.029	   218.933
 312	78	 3.5523	 0.9703	   1.4705	        1.4710	          0.0005	   1.5899	1.786e-03	   0.032	   219.558
 313	79	 3.5523	 0.9708	   1.4705	        1.4710	          0.0005	   1.6151	2.054e-03	   0.026	   220.217
 314	79	 3.5515	 0.9710	   1.4705	        1.4710	          0.0005	   1.5716	2.146e-03	   0.022	   220.825
 315	79	 3.5510	 0.9718	   1.4705	        1.4710	          0.0005	   1.6226	2.562e-03	   0.027	   221.401
 316	79	 3.5510	 0.9712	   1.4705	        1.4710	          0.0005	   1.5526	2.236e-03	   0.026	   221.968
 317	80	 3.5510	 0.9712	   1.4705	        1.4710	          0.0005	   1.5894	2.276e-03	   0.027	   222.534
 318	80	 3.5498	 0.9703	   1.4705	        1.4710	          0.0005	   1.5126	1.787e-03	   0.025	   223.109
 319	80	 3.5491	 0.9705	   1.4705	        1.4710	          0.0005	   1.5886	1.901e-03	   0.027	   223.673
 320	80	 3.5495	 0.9710	   1.4705	        1.4710	          0.0005	   1.6132	2.140e-03	   0.029	   224.241
 321	81	 3.5492	 0.9709	   1.4705	        1.4710	          0.0005	   1.5698	2.091e-03	   0.024	   224.811
 322	81	 3.5493	 0.9701	   1.4705	        1.4710	          0.0005	   1.5524	1.726e-03	   0.034	   225.422
 323	81	 3.5485	 0.9713	   1.4705	        1.4710	          0.0005	   1.6279	2.287e-03	   0.034	   226.070
 324	81	 3.5485	 0.9714	   1.4705	        1.4710	          0.0005	   1.5898	2.363e-03	   0.036	   226.761
 325	82	 3.5480	 0.9722	   1.4705	        1.4710	          0.0005	   1.6147	2.774e-03	   0.032	   227.429
 326	82	 3.5473	 0.9716	   1.4705	        1.4710	          0.0005	   1.5457	2.474e-03	   0.035	   228.068
 327	82	 3.5473	 0.9718	   1.4705	        1.4710	          0.0005	   1.5999	2.566e-03	   0.030	   228.658
 328	82	 3.5468	 0.9720	   1.4705	        1.4710	          0.0005	   1.5821	2.656e-03	   0.026	   229.288
 329	83	 3.5457	 0.9726	   1.4705	        1.4710	          0.0005	   1.5991	2.970e-03	   0.025	   229.880
 330	83	 3.5459	 0.9727	   1.4705	        1.4710	          0.0005	   1.5910	3.003e-03	   0.023	   230.458
 331	83	 3.5460	 0.9724	   1.4705	        1.4710	          0.0005	   1.5759	2.858e-03	   0.026	   231.028
 332	83	 3.5457	 0.9724	   1.4705	        1.4710	          0.0005	   1.5798	2.875e-03	   0.019	   231.591
 333	84	 3.5450	 0.9722	   1.4705	        1.4710	          0.0005	   1.5631	2.741e-03	   0.027	   232.166
 334	84	 3.5447	 0.9716	   1.4705	        1.4710	          0.0005	   1.5534	2.448e-03	   0.028	   232.738
 335	84	 3.5453	 0.9712	   1.4705	        1.4710	          0.0005	   1.5613	2.240e-03	   0.031	   233.305
 336	84	 3.5452	 0.9721	   1.4705	        1.4710	          0.0005	   1.6225	2.695e-03	   0.029	   233.872
 337	85	 3.5447	 0.9719	   1.4705	        1.4710	          0.0005	   1.5627	2.586e-03	   0.025	   234.445
 338	85	 3.5442	 0.9726	   1.4705	        1.4710	          0.0005	   1.6061	2.932e-03	   0.028	   235.013
 339	85	 3.5439	 0.9730	   1.4705	        1.4710	          0.0005	   1.6114	3.145e-03	   0.033	   235.598
 340	85	 3.5444	 0.9717	   1.4705	        1.4710	          0.0005	   1.5227	2.523e-03	   0.026	   236.224
 341	86	 3.5446	 0.9725	   1.4705	        1.4710	          0.0005	   1.6251	2.890e-03	   0.027	   236.883
 342	86	 3.5437	 0.9723	   1.4705	        1.4710	          0.0005	   1.5629	2.786e-03	   0.026	   237.497
 343	86	 3.5441	 0.9717	   1.4705	        1.4710	          0.0005	   1.5611	2.505e-03	   0.026	   238.072
 344	86	 3.5436	 0.9721	   1.4705	        1.4710	          0.0005	   1.5949	2.716e-03	   0.022	   238.639
 345	87	 3.5429	 0.9719	   1.4705	        1.4710	          0.0005	   1.5669	2.603e-03	   0.027	   239.214
 346	87	 3.5428	 0.9710	   1.4705	        1.4710	          0.0005	   1.5253	2.174e-03	   0.029	   239.775
 347	87	 3.5436	 0.9715	   1.4705	        1.4710	          0.0005	   1.6198	2.411e-03	   0.029	   240.346
 348	87	 3.5435	 0.9720	   1.4705	        1.4710	          0.0005	   1.6044	2.631e-03	   0.026	   240.913
 349	88	 3.5440	 0.9714	   1.4705	        1.4710	          0.0005	   1.5563	2.373e-03	   0.029	   241.487
 350	88	 3.5434	 0.9723	   1.4705	        1.4710	          0.0005	   1.6291	2.825e-03	   0.027	   242.056
 351	88	 3.5430	 0.9715	   1.4705	        1.4710	          0.0005	   1.5352	2.383e-03	   0.026	   242.620
 352	88	 3.5426	 0.9721	   1.4705	        1.4710	          0.0005	   1.6072	2.679e-03	   0.029	   243.193
 353	89	 3.5422	 0.9723	   1.4705	        1.4710	          0.0005	   1.5821	2.788e-03	   0.029	   243.766
 354	89	 3.5429	 0.9720	   1.4705	        1.4710	          0.0005	   1.5730	2.629e-03	   0.031	   244.362
 355	89	 3.5426	 0.9722	   1.4705	        1.4710	          0.0005	   1.5977	2.767e-03	   0.027	   244.949
 356	89	 3.5424	 0.9716	   1.4705	        1.4710	          0.0005	   1.5446	2.452e-03	   0.025	   245.596
 357	90	 3.5420	 0.9705	   1.4705	        1.4710	          0.0005	   1.5188	1.921e-03	   0.027	   246.165
 358	90	 3.5416	 0.9713	   1.4705	        1.4710	          0.0005	   1.6235	2.304e-03	   0.026	   246.733
 359	90	 3.5417	 0.9715	   1.4705	        1.4710	          0.0005	   1.5976	2.408e-03	   0.023	   247.292
 360	90	 3.5419	 0.9715	   1.4705	        1.4710	          0.0005	   1.5792	2.395e-03	   0.023	   247.867
 361	91	 3.5418	 0.9720	   1.4705	        1.4710	          0.0005	   1.6157	2.648e-03	   0.024	   248.433
 362	91	 3.5416	 0.9714	   1.4705	        1.4710	          0.0005	   1.5451	2.352e-03	   0.029	   249.001
 363	91	 3.5412	 0.9716	   1.4705	        1.4710	          0.0005	   1.5872	2.450e-03	   0.026	   249.573
 364	91	 3.5411	 0.9716	   1.4705	        1.4710	          0.0005	   1.5810	2.440e-03	   0.026	   250.143
 365	92	 3.5405	 0.9722	   1.4705	        1.4710	          0.0005	   1.6130	2.736e-03	   0.028	   250.711
 366	92	 3.5403	 0.9726	   1.4705	        1.4710	          0.0005	   1.6005	2.947e-03	   0.031	   251.282
 367	92	 3.5404	 0.9718	   1.4705	        1.4710	          0.0005	   1.5403	2.576e-03	   0.026	   251.858
 368	92	 3.5403	 0.9711	   1.4705	        1.4710	          0.0005	   1.5396	2.194e-03	   0.034	   252.495
 369	93	 3.5405	 0.9715	   1.4705	        1.4710	          0.0005	   1.6088	2.406e-03	   0.030	   253.141
 370	93	 3.5405	 0.9716	   1.4705	        1.4710	          0.0005	   1.5956	2.445e-03	   0.032	   253.751
 371	93	 3.5399	 0.9720	   1.4705	        1.4710	          0.0005	   1.5932	2.670e-03	   0.023	   254.347
 372	93	 3.5397	 0.9713	   1.4705	        1.4710	          0.0005	   1.5316	2.276e-03	   0.026	   254.915
 373	94	 3.5386	 0.9705	   1.4705	        1.4710	          0.0005	   1.5252	1.917e-03	   0.025	   255.481
 374	94	 3.5388	 0.9707	   1.4705	        1.4710	          0.0005	   1.5948	2.003e-03	   0.023	   256.046
 375	94	 3.5384	 0.9710	   1.4705	        1.4710	          0.0005	   1.6019	2.174e-03	   0.029	   256.614
 376	94	 3.5385	 0.9713	   1.4705	        1.4710	          0.0005	   1.5951	2.290e-03	   0.028	   257.188
 377	95	 3.5381	 0.9721	   1.4705	        1.4710	          0.0005	   1.6284	2.680e-03	   0.027	   257.750
 378	95	 3.5379	 0.9721	   1.4705	        1.4710	          0.0005	   1.5801	2.698e-03	   0.026	   258.342
 379	95	 3.5373	 0.9718	   1.4705	        1.4710	          0.0005	   1.5539	2.571e-03	   0.026	   258.958
 380	95	 3.5374	 0.9718	   1.4705	        1.4710	          0.0005	   1.5818	2.540e-03	   0.029	   259.533
 381	96	 3.5368	 0.9716	   1.4705	        1.4710	          0.0005	   1.5602	2.447e-03	   0.030	   260.102
 382	96	 3.5370	 0.9722	   1.4705	        1.4710	          0.0005	   1.6214	2.733e-03	   0.035	   260.716
 383	96	 3.5365	 0.9728	   1.4705	        1.4710	          0.0005	   1.6208	3.066e-03	   0.025	   261.333
 384	96	 3.5363	 0.9725	   1.4705	        1.4710	          0.0005	   1.5568	2.884e-03	   0.030	   261.973
 385	97	 3.5355	 0.9724	   1.4705	        1.4710	          0.0005	   1.5687	2.853e-03	   0.026	   262.535
 386	97	 3.5352	 0.9725	   1.4705	        1.4710	          0.0005	   1.5890	2.911e-03	   0.025	   263.104
 387	97	 3.5357	 0.9715	   1.4705	        1.4710	          0.0005	   1.5260	2.418e-03	   0.022	   263.676
 388	97	 3.5361	 0.9720	   1.4705	        1.4710	          0.0005	   1.6148	2.626e-03	   0.021	   264.236
 389	98	 3.5360	 0.9719	   1.4705	        1.4710	          0.0005	   1.5845	2.621e-03	   0.029	   264.808
 390	98	 3.5351	 0.9722	   1.4705	        1.4710	          0.0005	   1.5878	2.751e-03	   0.020	   265.372
 391	98	 3.5352	 0.9715	   1.4705	        1.4710	          0.0005	   1.5456	2.407e-03	   0.030	   265.948
 392	98	 3.5354	 0.9718	   1.4705	        1.4710	          0.0005	   1.5965	2.547e-03	   0.028	   266.515
 393	99	 3.5356	 0.9717	   1.4705	        1.4710	          0.0005	   1.5835	2.512e-03	   0.030	   267.081
 394	99	 3.5347	 0.9715	   1.4705	        1.4710	          0.0005	   1.5506	2.376e-03	   0.027	   267.653
 395	99	 3.5348	 0.9717	   1.4705	        1.4710	          0.0005	   1.5926	2.480e-03	   0.033	   268.235
 396	99	 3.5348	 0.9718	   1.4705	        1.4710	          0.0005	   1.5912	2.555e-03	   0.031	   268.858
 397	100	 3.5340	 0.9715	   1.4705	        1.4710	          0.0005	   1.5433	2.399e-03	   0.032	   269.500
 398	100	 3.5342	 0.9712	   1.4705	        1.4710	          0.0005	   1.5631	2.272e-03	   0.027	   270.121
 399	100	 3.5340	 0.9709	   1.4705	        1.4710	          0.0005	   1.5621	2.115e-03	   0.027	   270.720
 400	100	 3.5343	 0.9710	   1.4705	        1.4710	          0.0005	   1.5931	2.130e-03	   0.024	   271.287
 401	101	 3.5337	 0.9718	   1.4705	        1.4710	          0.0005	   1.6270	2.566e-03	   0.021	   271.849
 402	101	 3.5334	 0.9718	   1.4705	        1.4710	          0.0005	   1.5782	2.555e-03	   0.024	   272.422
 403	101	 3.5329	 0.9712	   1.4705	        1.4710	          0.0005	   1.5359	2.243e-03	   0.026	   272.993
 404	101	 3.5332	 0.9708	   1.4705	        1.4710	          0.0005	   1.5633	2.054e-03	   0.029	   273.556
 405	102	 3.5330	 0.9705	   1.4705	        1.4710	          0.0005	   1.5657	1.913e-03	   0.028	   274.126
 406	102	 3.5331	 0.9705	   1.4705	        1.4710	          0.0005	   1.5830	1.913e-03	   0.023	   274.693
 407	102	 3.5331	 0.9706	   1.4705	        1.4710	          0.0005	   1.5897	1.968e-03	   0.028	   275.264
 408	102	 3.5331	 0.9705	   1.4705	        1.4710	          0.0005	   1.5704	1.889e-03	   0.028	   275.833
 409	103	 3.5327	 0.9712	   1.4705	        1.4710	          0.0005	   1.6265	2.253e-03	   0.027	   276.403
 410	103	 3.5331	 0.9705	   1.4705	        1.4710	          0.0005	   1.5338	1.895e-03	   0.032	   277.012
 411	103	 3.5328	 0.9714	   1.4705	        1.4710	          0.0005	   1.6397	2.332e-03	   0.028	   277.628
 412	103	 3.5323	 0.9710	   1.4705	        1.4710	          0.0005	   1.5468	2.128e-03	   0.031	   278.237
 413	104	 3.5333	 0.9710	   1.4705	        1.4710	          0.0005	   1.5965	2.129e-03	   0.026	   278.809
 414	104	 3.5322	 0.9708	   1.4705	        1.4710	          0.0005	   1.5516	2.034e-03	   0.027	   279.379
 415	104	 3.5320	 0.9708	   1.4705	        1.4710	          0.0005	   1.5886	2.071e-03	   0.027	   279.943
 416	104	 3.5313	 0.9703	   1.4705	        1.4710	          0.0005	   1.5340	1.785e-03	   0.026	   280.510
 417	105	 3.5315	 0.9703	   1.4705	        1.4710	          0.0005	   1.5941	1.782e-03	   0.021	   281.075
 418	105	 3.5309	 0.9709	   1.4705	        1.4710	          0.0005	   1.6127	2.103e-03	   0.029	   281.652
 419	105	 3.5304	 0.9704	   1.4705	        1.4710	          0.0005	   1.5304	1.859e-03	   0.023	   282.214
 420	105	 3.5307	 0.9702	   1.4705	        1.4710	          0.0005	   1.5729	1.724e-03	   0.026	   282.780
 421	106	 3.5304	 0.9694	   1.4705	        1.4710	          0.0005	   1.5212	1.350e-03	   0.027	   283.355
 422	106	 3.5299	 0.9695	   1.4705	        1.4710	          0.0005	   1.5814	1.407e-03	   0.030	   283.924
 423	106	 3.5297	 0.9695	   1.4705	        1.4710	          0.0005	   1.5712	1.374e-03	   0.028	   284.490
 424	106	 3.5296	 0.9704	   1.4705	        1.4710	          0.0005	   1.6525	1.844e-03	   0.029	   285.116
 425	107	 3.5290	 0.9708	   1.4705	        1.4710	          0.0005	   1.6027	2.024e-03	   0.031	   285.760
 426	107	 3.5285	 0.9717	   1.4705	        1.4710	          0.0005	   1.6354	2.511e-03	   0.032	   286.394
 427	107	 3.5282	 0.9703	   1.4705	        1.4710	          0.0005	   1.4840	1.788e-03	   0.028	   286.990
 428	107	 3.5287	 0.9707	   1.4705	        1.4710	          0.0005	   1.6146	2.008e-03	   0.031	   287.616
 429	108	 3.5281	 0.9709	   1.4705	        1.4710	          0.0005	   1.5861	2.111e-03	   0.024	   288.270
 430	108	 3.5277	 0.9709	   1.4705	        1.4710	          0.0005	   1.5677	2.077e-03	   0.030	   288.918
 431	108	 3.5278	 0.9702	   1.4705	        1.4710	          0.0005	   1.5399	1.724e-03	   0.030	   289.574
 432	108	 3.5278	 0.9711	   1.4705	        1.4710	          0.0005	   1.6448	2.187e-03	   0.027	   290.219
 433	109	 3.5275	 0.9706	   1.4705	        1.4710	          0.0005	   1.5513	1.967e-03	   0.025	   290.817
 434	109	 3.5272	 0.9710	   1.4705	        1.4710	          0.0005	   1.6000	2.129e-03	   0.026	   291.403
 435	109	 3.5272	 0.9708	   1.4705	        1.4710	          0.0005	   1.5696	2.043e-03	   0.030	   291.967
 436	109	 3.5270	 0.9708	   1.4705	        1.4710	          0.0005	   1.5785	2.040e-03	   0.024	   292.535
 437	110	 3.5266	 0.9709	   1.4705	        1.4710	          0.0005	   1.5806	2.076e-03	   0.030	   293.149
 438	110	 3.5266	 0.9710	   1.4705	        1.4710	          0.0005	   1.5923	2.128e-03	   0.031	   293.743
 439	110	 3.5265	 0.9706	   1.4705	        1.4710	          0.0005	   1.5578	1.961e-03	   0.030	   294.360
 440	110	 3.5264	 0.9706	   1.4705	        1.4710	          0.0005	   1.5727	1.925e-03	   0.030	   294.974
 441	111	 3.5263	 0.9704	   1.4705	        1.4710	          0.0005	   1.5699	1.843e-03	   0.031	   295.549
 442	111	 3.5260	 0.9701	   1.4705	        1.4710	          0.0005	   1.5519	1.672e-03	   0.029	   296.119
 443	111	 3.5258	 0.9700	   1.4705	        1.4710	          0.0005	   1.5736	1.652e-03	   0.023	   296.678
 444	111	 3.5258	 0.9705	   1.4705	        1.4710	          0.0005	   1.6169	1.889e-03	   0.026	   297.250
 445	112	 3.5257	 0.9711	   1.4705	        1.4710	          0.0005	   1.6212	2.178e-03	   0.025	   297.821
 446	112	 3.5258	 0.9710	   1.4705	        1.4710	          0.0005	   1.5809	2.126e-03	   0.022	   298.379
 447	112	 3.5257	 0.9711	   1.4705	        1.4710	          0.0005	   1.5912	2.195e-03	   0.023	   298.950
 448	112	 3.5253	 0.9708	   1.4705	        1.4710	          0.0005	   1.5508	2.025e-03	   0.021	   299.520
 449	113	 3.5250	 0.9716	   1.4705	        1.4710	          0.0005	   1.6357	2.428e-03	   0.029	   300.091
 450	113	 3.5251	 0.9715	   1.4705	        1.4710	          0.0005	   1.5776	2.420e-03	   0.029	   300.662
 451	113	 3.5252	 0.9712	   1.4705	        1.4710	          0.0005	   1.5606	2.233e-03	   0.029	   301.227
 452	113	 3.5247	 0.9706	   1.4705	        1.4710	          0.0005	   1.5317	1.951e-03	   0.028	   301.849
 453	114	 3.5247	 0.9703	   1.4705	        1.4710	          0.0005	   1.5538	1.786e-03	   0.038	   302.483
 454	114	 3.5245	 0.9698	   1.4705	        1.4710	          0.0005	   1.5455	1.565e-03	   0.029	   303.118
 455	114	 3.5245	 0.9699	   1.4705	        1.4710	          0.0005	   1.5866	1.571e-03	   0.029	   303.728
 456	114	 3.5242	 0.9705	   1.4705	        1.4710	          0.0005	   1.6285	1.917e-03	   0.024	   304.298
 457	115	 3.5239	 0.9707	   1.4705	        1.4710	          0.0005	   1.5866	1.997e-03	   0.025	   304.864
 458	115	 3.5239	 0.9705	   1.4705	        1.4710	          0.0005	   1.5734	1.903e-03	   0.027	   305.434
 459	115	 3.5234	 0.9703	   1.4705	        1.4710	          0.0005	   1.5501	1.770e-03	   0.021	   305.996
 460	115	 3.5234	 0.9704	   1.4705	        1.4710	          0.0005	   1.5897	1.851e-03	   0.026	   306.571
 461	116	 3.5232	 0.9696	   1.4705	        1.4710	          0.0005	   1.5249	1.445e-03	   0.025	   307.125
 462	116	 3.5232	 0.9695	   1.4705	        1.4710	          0.0005	   1.5769	1.408e-03	   0.026	   307.646
 463	116	 3.5230	 0.9697	   1.4705	        1.4710	          0.0005	   1.5885	1.517e-03	   0.022	   308.173
 464	116	 3.5229	 0.9698	   1.4705	        1.4710	          0.0005	   1.5810	1.546e-03	   0.023	   308.665
 465	117	 3.5225	 0.9693	   1.4705	        1.4710	          0.0005	   1.5370	1.281e-03	   0.028	   309.213
 466	117	 3.5225	 0.9692	   1.4705	        1.4710	          0.0005	   1.5738	1.263e-03	   0.029	   309.695
 467	117	 3.5225	 0.9698	   1.4705	        1.4710	          0.0005	   1.6269	1.538e-03	   0.023	   310.201
 468	117	 3.5223	 0.9699	   1.4705	        1.4710	          0.0005	   1.5848	1.606e-03	   0.027	   310.718
 469	118	 3.5226	 0.9705	   1.4705	        1.4710	          0.0005	   1.6288	1.885e-03	   0.020	   311.194
 470	118	 3.5222	 0.9700	   1.4705	        1.4710	          0.0005	   1.5416	1.652e-03	   0.026	   311.672
 471	118	 3.5219	 0.9698	   1.4705	        1.4710	          0.0005	   1.5646	1.540e-03	   0.022	   312.147
 472	118	 3.5213	 0.9698	   1.4705	        1.4710	          0.0005	   1.5713	1.554e-03	   0.022	   312.614
 473	119	 3.5215	 0.9697	   1.4705	        1.4710	          0.0005	   1.5758	1.493e-03	   0.022	   313.065
 474	119	 3.5211	 0.9699	   1.4705	        1.4710	          0.0005	   1.5889	1.586e-03	   0.018	   313.567
 475	119	 3.5212	 0.9697	   1.4705	        1.4710	          0.0005	   1.5618	1.470e-03	   0.021	   314.014
 476	119	 3.5206	 0.9696	   1.4705	        1.4710	          0.0005	   1.5654	1.438e-03	   0.015	   314.454
 477	120	 3.5201	 0.9688	   1.4705	        1.4710	          0.0005	   1.5135	1.034e-03	   0.018	   314.898
 478	120	 3.5203	 0.9680	   1.4705	        1.4710	          0.0005	   1.5258	6.666e-04	   0.016	   315.342
 479	120	 3.5200	 0.9689	   1.4705	        1.4710	          0.0005	   1.6367	1.100e-03	   0.018	   315.782
 480	120	 3.5199	 0.9691	   1.4705	        1.4710	          0.0005	   1.5984	1.198e-03	   0.020	   316.273
 481	121	 3.5195	 0.9689	   1.4705	        1.4710	          0.0005	   1.5587	1.080e-03	   0.025	   316.778
 482	121	 3.5195	 0.9683	   1.4705	        1.4710	          0.0005	   1.5345	8.102e-04	   0.019	   317.290
 483	121	 3.5196	 0.9682	   1.4705	        1.4710	          0.0005	   1.5712	7.757e-04	   0.019	   317.773
 484	121	 3.5196	 0.9683	   1.4705	        1.4710	          0.0005	   1.5918	8.288e-04	   0.017	   318.213
 485	122	 3.5194	 0.9684	   1.4705	        1.4710	          0.0005	   1.5842	8.552e-04	   0.019	   318.665
 486	122	 3.5190	 0.9682	   1.4705	        1.4710	          0.0005	   1.5629	7.711e-04	   0.020	   319.152
 487	122	 3.5190	 0.9688	   1.4705	        1.4710	          0.0005	   1.6211	1.027e-03	   0.017	   319.611
 488	122	 3.5188	 0.9684	   1.4705	        1.4710	          0.0005	   1.5510	8.686e-04	   0.019	   320.054
 489	123	 3.5186	 0.9685	   1.4705	        1.4710	          0.0005	   1.5868	8.853e-04	   0.019	   320.501
 490	123	 3.5184	 0.9679	   1.4705	        1.4710	          0.0005	   1.5265	6.020e-04	   0.021	   320.941
 491	123	 3.5179	 0.9683	   1.4705	        1.4710	          0.0005	   1.6097	8.259e-04	   0.021	   321.419
 492	123	 3.5180	 0.9683	   1.4705	        1.4710	          0.0005	   1.5781	8.200e-04	   0.019	   321.882
 493	124	 3.5182	 0.9674	   1.4705	        1.4710	          0.0005	   1.5131	4.212e-04	   0.015	   322.337
 494	124	 3.5179	 0.9675	   1.4705	        1.4710	          0.0005	   1.5780	4.485e-04	   0.017	   322.783
 495	124	 3.5178	 0.9681	   1.4705	        1.4710	          0.0005	   1.6202	6.963e-04	   0.015	   323.265
 496	124	 3.5173	 0.9684	   1.4705	        1.4710	          0.0005	   1.6027	8.690e-04	   0.021	   323.742
 497	125	 3.5172	 0.9692	   1.4705	        1.4710	          0.0005	   1.6406	1.250e-03	   0.016	   324.196
 498	125	 3.5175	 0.9693	   1.4705	        1.4710	          0.0005	   1.5981	1.296e-03	   0.020	   324.639
 499	125	 3.5169	 0.9692	   1.4705	        1.4710	          0.0005	   1.5614	1.240e-03	   0.018	   325.083
 500	125	 3.5169	 0.9690	   1.4705	        1.4710	          0.0005	   1.5601	1.132e-03	   0.019	   325.525
 501	126	 3.5165	 0.9692	   1.4705	        1.4710	          0.0005	   1.5924	1.244e-03	   0.019	   325.967
 502	126	 3.5164	 0.9688	   1.4705	        1.4710	          0.0005	   1.5441	1.057e-03	   0.019	   326.413
 503	126	 3.5161	 0.9688	   1.4705	        1.4710	          0.0005	   1.5818	1.068e-03	   0.018	   326.851
 504	126	 3.5161	 0.9693	   1.4705	        1.4710	          0.0005	   1.6213	1.298e-03	   0.020	   327.298
 505	127	 3.5163	 0.9686	   1.4705	        1.4710	          0.0005	   1.5259	9.499e-04	   0.014	   327.739
 506	127	 3.5160	 0.9687	   1.4705	        1.4710	          0.0005	   1.5829	1.023e-03	   0.018	   328.183
 507	127	 3.5156	 0.9690	   1.4705	        1.4710	          0.0005	   1.5924	1.164e-03	   0.016	   328.626
 508	127	 3.5157	 0.9693	   1.4705	        1.4710	          0.0005	   1.6087	1.278e-03	   0.022	   329.109
 509	128	 3.5156	 0.9697	   1.4705	        1.4710	          0.0005	   1.6192	1.509e-03	   0.021	   329.607
 510	128	 3.5155	 0.9697	   1.4705	        1.4710	          0.0005	   1.5764	1.476e-03	   0.021	   330.129
 511	128	 3.5155	 0.9691	   1.4705	        1.4710	          0.0005	   1.5372	1.218e-03	   0.019	   330.605
 512	128	 3.5155	 0.9692	   1.4705	        1.4710	          0.0005	   1.5914	1.268e-03	   0.019	   331.057
 513	129	 3.5153	 0.9694	   1.4705	        1.4710	          0.0005	   1.5902	1.355e-03	   0.017	   331.497
 514	129	 3.5151	 0.9689	   1.4705	        1.4710	          0.0005	   1.5345	1.072e-03	   0.017	   331.939
 515	129	 3.5154	 0.9685	   1.4705	        1.4710	          0.0005	   1.5511	8.886e-04	   0.018	   332.385
 516	129	 3.5150	 0.9691	   1.4705	        1.4710	          0.0005	   1.6249	1.181e-03	   0.017	   332.825
 517	130	 3.5146	 0.9695	   1.4705	        1.4710	          0.0005	   1.6070	1.371e-03	   0.019	   333.269
 518	130	 3.5141	 0.9690	   1.4705	        1.4710	          0.0005	   1.5328	1.136e-03	   0.019	   333.716
 519	130	 3.5143	 0.9686	   1.4705	        1.4710	          0.0005	   1.5479	9.318e-04	   0.023	   334.190
 520	130	 3.5140	 0.9687	   1.4705	        1.4710	          0.0005	   1.5927	1.020e-03	   0.020	   334.639
 521	131	 3.5138	 0.9697	   1.4705	        1.4710	          0.0005	   1.6532	1.469e-03	   0.018	   335.078
 522	131	 3.5138	 0.9696	   1.4705	        1.4710	          0.0005	   1.5799	1.440e-03	   0.015	   335.519
 523	131	 3.5138	 0.9689	   1.4705	        1.4710	          0.0005	   1.5201	1.113e-03	   0.015	   336.006
 524	131	 3.5136	 0.9685	   1.4705	        1.4710	          0.0005	   1.5466	8.936e-04	   0.018	   336.471
 525	132	 3.5136	 0.9685	   1.4705	        1.4710	          0.0005	   1.5859	8.994e-04	   0.019	   336.936
 526	132	 3.5137	 0.9683	   1.4705	        1.4710	          0.0005	   1.5632	8.280e-04	   0.016	   337.378
 527	132	 3.5138	 0.9678	   1.4705	        1.4710	          0.0005	   1.5384	5.750e-04	   0.020	   337.821
 528	132	 3.5135	 0.9677	   1.4705	        1.4710	          0.0005	   1.5664	5.302e-04	   0.018	   338.265
 529	133	 3.5136	 0.9673	   1.4705	        1.4710	          0.0005	   1.5520	3.853e-04	   0.019	   338.707
 530	133	 3.5137	 0.9673	   1.4705	        1.4710	          0.0005	   1.5823	3.916e-04	   0.019	   339.148
 531	133	 3.5131	 0.9674	   1.4705	        1.4710	          0.0005	   1.5738	4.032e-04	   0.019	   339.595
 532	133	 3.5131	 0.9675	   1.4705	        1.4710	          0.0005	   1.5859	4.342e-04	   0.017	   340.033
 533	134	 3.5133	 0.9678	   1.4705	        1.4710	          0.0005	   1.6188	5.829e-04	   0.020	   340.480
 534	134	 3.5129	 0.9676	   1.4705	        1.4710	          0.0005	   1.5537	4.857e-04	   0.014	   340.920
 535	134	 3.5126	 0.9674	   1.4705	        1.4710	          0.0005	   1.5543	4.139e-04	   0.022	   341.416
 536	134	 3.5122	 0.9679	   1.4705	        1.4710	          0.0005	   1.6077	5.985e-04	   0.023	   341.980
 537	135	 3.5121	 0.9679	   1.4705	        1.4710	          0.0005	   1.5826	6.266e-04	   0.026	   342.557
 538	135	 3.5115	 0.9688	   1.4705	        1.4710	          0.0005	   1.6463	1.041e-03	   0.022	   343.139
 539	135	 3.5118	 0.9694	   1.4705	        1.4710	          0.0005	   1.6458	1.365e-03	   0.023	   343.661
 540	135	 3.5112	 0.9685	   1.4705	        1.4710	          0.0005	   1.4905	9.184e-04	   0.019	   344.142
 541	136	 3.5108	 0.9689	   1.4705	        1.4710	          0.0005	   1.6008	1.086e-03	   0.019	   344.608
 542	136	 3.5110	 0.9691	   1.4705	        1.4710	          0.0005	   1.6041	1.180e-03	   0.017	   345.048
 543	136	 3.5109	 0.9689	   1.4705	        1.4710	          0.0005	   1.5629	1.080e-03	   0.017	   345.490
 544	136	 3.5106	 0.9694	   1.4705	        1.4710	          0.0005	   1.6225	1.338e-03	   0.018	   345.936
 545	137	 3.5101	 0.9693	   1.4705	        1.4710	          0.0005	   1.5703	1.288e-03	   0.019	   346.388
 546	137	 3.5103	 0.9697	   1.4705	        1.4710	          0.0005	   1.6197	1.483e-03	   0.021	   346.865
 547	137	 3.5100	 0.9697	   1.4705	        1.4710	          0.0005	   1.5695	1.469e-03	   0.021	   347.335
 548	137	 3.5101	 0.9696	   1.4705	        1.4710	          0.0005	   1.5720	1.429e-03	   0.021	   347.777
 549	138	 3.5097	 0.9691	   1.4705	        1.4710	          0.0005	   1.5338	1.211e-03	   0.020	   348.223
 550	138	 3.5096	 0.9697	   1.4705	        1.4710	          0.0005	   1.6281	1.477e-03	   0.018	   348.661
 551	138	 3.5092	 0.9696	   1.4705	        1.4710	          0.0005	   1.5663	1.462e-03	   0.015	   349.146
 552	138	 3.5097	 0.9700	   1.4705	        1.4710	          0.0005	   1.6274	1.652e-03	   0.017	   349.610
 553	139	 3.5095	 0.9708	   1.4705	        1.4710	          0.0005	   1.6491	2.032e-03	   0.015	   350.075
 554	139	 3.5095	 0.9702	   1.4705	        1.4710	          0.0005	   1.5376	1.757e-03	   0.019	   350.520
 555	139	 3.5092	 0.9701	   1.4705	        1.4710	          0.0005	   1.5578	1.692e-03	   0.016	   350.962
 556	139	 3.5090	 0.9702	   1.4705	        1.4710	          0.0005	   1.5924	1.760e-03	   0.020	   351.405
 557	140	 3.5088	 0.9702	   1.4705	        1.4710	          0.0005	   1.5749	1.747e-03	   0.018	   351.849
 558	140	 3.5085	 0.9710	   1.4705	        1.4710	          0.0005	   1.6352	2.141e-03	   0.019	   352.291
 559	140	 3.5085	 0.9710	   1.4705	        1.4710	          0.0005	   1.5822	2.147e-03	   0.019	   352.732
 560	140	 3.5084	 0.9702	   1.4705	        1.4710	          0.0005	   1.5171	1.754e-03	   0.019	   353.179
 561	141	 3.5084	 0.9698	   1.4705	        1.4710	          0.0005	   1.5412	1.536e-03	   0.018	   353.617
 562	141	 3.5085	 0.9695	   1.4705	        1.4710	          0.0005	   1.5513	1.370e-03	   0.021	   354.064
 563	141	 3.5082	 0.9698	   1.4705	        1.4710	          0.0005	   1.6059	1.541e-03	   0.015	   354.504
 564	141	 3.5079	 0.9703	   1.4705	        1.4710	          0.0005	   1.6259	1.787e-03	   0.020	   354.977
 565	142	 3.5076	 0.9705	   1.4705	        1.4710	          0.0005	   1.5914	1.871e-03	   0.018	   355.477
 566	142	 3.5078	 0.9703	   1.4705	        1.4710	          0.0005	   1.5690	1.770e-03	   0.020	   355.995
 567	142	 3.5075	 0.9700	   1.4705	        1.4710	          0.0005	   1.5486	1.625e-03	   0.018	   356.477
 568	142	 3.5074	 0.9702	   1.4705	        1.4710	          0.0005	   1.5980	1.762e-03	   0.019	   356.937
 569	143	 3.5072	 0.9709	   1.4705	        1.4710	          0.0005	   1.6433	2.110e-03	   0.017	   357.375
 570	143	 3.5074	 0.9702	   1.4705	        1.4710	          0.0005	   1.5232	1.752e-03	   0.019	   357.822
 571	143	 3.5072	 0.9705	   1.4705	        1.4710	          0.0005	   1.6042	1.879e-03	   0.017	   358.262
 572	143	 3.5069	 0.9702	   1.4705	        1.4710	          0.0005	   1.5407	1.737e-03	   0.017	   358.704
 573	144	 3.5070	 0.9709	   1.4705	        1.4710	          0.0005	   1.6501	2.076e-03	   0.020	   359.164
 574	144	 3.5068	 0.9708	   1.4705	        1.4710	          0.0005	   1.5740	2.056e-03	   0.017	   359.628
 575	144	 3.5068	 0.9705	   1.4705	        1.4710	          0.0005	   1.5437	1.883e-03	   0.019	   360.071
 576	144	 3.5065	 0.9702	   1.4705	        1.4710	          0.0005	   1.5490	1.727e-03	   0.019	   360.518
 577	145	 3.5067	 0.9701	   1.4705	        1.4710	          0.0005	   1.5786	1.684e-03	   0.021	   360.958
 578	145	 3.5068	 0.9704	   1.4705	        1.4710	          0.0005	   1.6159	1.860e-03	   0.020	   361.403
 579	145	 3.5065	 0.9706	   1.4705	        1.4710	          0.0005	   1.5850	1.916e-03	   0.019	   361.886
 580	145	 3.5062	 0.9707	   1.4705	        1.4710	          0.0005	   1.5912	1.995e-03	   0.017	   362.344
 581	146	 3.5062	 0.9719	   1.4705	        1.4710	          0.0005	   1.6934	2.604e-03	   0.016	   362.815
 582	146	 3.5058	 0.9712	   1.4705	        1.4710	          0.0005	   1.5017	2.225e-03	   0.015	   363.256
 583	146	 3.5054	 0.9706	   1.4705	        1.4710	          0.0005	   1.5170	1.937e-03	   0.019	   363.701
 584	146	 3.5059	 0.9708	   1.4705	        1.4710	          0.0005	   1.6173	2.039e-03	   0.014	   364.118
 585	147	 3.5053	 0.9710	   1.4705	        1.4710	          0.0005	   1.5848	2.152e-03	   0.017	   364.541
 586	147	 3.5055	 0.9712	   1.4705	        1.4710	          0.0005	   1.6076	2.240e-03	   0.016	   364.956
 587	147	 3.5054	 0.9713	   1.4705	        1.4710	          0.0005	   1.5989	2.314e-03	   0.017	   365.369
 588	147	 3.5055	 0.9706	   1.4705	        1.4710	          0.0005	   1.5052	1.933e-03	   0.018	   365.780
 589	148	 3.5052	 0.9706	   1.4705	        1.4710	          0.0005	   1.5757	1.944e-03	   0.020	   366.200
 590	148	 3.5052	 0.9710	   1.4705	        1.4710	          0.0005	   1.6292	2.143e-03	   0.018	   366.608
 591	148	 3.5050	 0.9707	   1.4705	        1.4710	          0.0005	   1.5388	1.980e-03	   0.020	   367.023
 592	148	 3.5052	 0.9707	   1.4705	        1.4710	          0.0005	   1.5866	1.989e-03	   0.019	   367.459
 593	149	 3.5048	 0.9704	   1.4705	        1.4710	          0.0005	   1.5363	1.817e-03	   0.022	   367.968
 594	149	 3.5050	 0.9700	   1.4705	        1.4710	          0.0005	   1.5531	1.640e-03	   0.019	   368.488
 595	149	 3.5049	 0.9705	   1.4705	        1.4710	          0.0005	   1.6230	1.886e-03	   0.017	   368.948
 596	149	 3.5047	 0.9707	   1.4705	        1.4710	          0.0005	   1.6007	1.971e-03	   0.017	   369.375
 597	150	 3.5046	 0.9700	   1.4705	        1.4710	          0.0005	   1.5152	1.617e-03	   0.016	   369.792
 598	150	 3.5047	 0.9700	   1.4705	        1.4710	          0.0005	   1.5906	1.627e-03	   0.015	   370.198
 599	150	 3.5046	 0.9700	   1.4705	        1.4710	          0.0005	   1.5779	1.631e-03	   0.016	   370.614
 600	150	 3.5043	 0.9706	   1.4705	        1.4710	          0.0005	   1.6261	1.926e-03	   0.017	   371.058
 601	151	 3.5039	 0.9710	   1.4705	        1.4710	          0.0005	   1.6174	2.149e-03	   0.017	   371.493
 602	151	 3.5037	 0.9709	   1.4705	        1.4710	          0.0005	   1.5649	2.081e-03	   0.019	   371.925
 603	151	 3.5038	 0.9711	   1.4705	        1.4710	          0.0005	   1.6109	2.214e-03	   0.017	   372.335
 604	151	 3.5039	 0.9708	   1.4705	        1.4710	          0.0005	   1.5443	2.015e-03	   0.018	   372.749
 605	152	 3.5038	 0.9709	   1.4705	        1.4710	          0.0005	   1.5883	2.093e-03	   0.017	   373.167
 606	152	 3.5035	 0.9710	   1.4705	        1.4710	          0.0005	   1.5833	2.121e-03	   0.018	   373.577
 607	152	 3.5039	 0.9711	   1.4705	        1.4710	          0.0005	   1.6021	2.175e-03	   0.023	   374.033
 608	152	 3.5036	 0.9705	   1.4705	        1.4710	          0.0005	   1.5194	1.883e-03	   0.019	   374.460
 609	153	 3.5036	 0.9699	   1.4705	        1.4710	          0.0005	   1.5363	1.591e-03	   0.016	   374.897
 610	153	 3.5034	 0.9695	   1.4705	        1.4710	          0.0005	   1.5281	1.375e-03	   0.017	   375.321
 611	153	 3.5035	 0.9701	   1.4705	        1.4710	          0.0005	   1.6432	1.698e-03	   0.013	   375.727
 612	153	 3.5035	 0.9701	   1.4705	        1.4710	          0.0005	   1.5758	1.682e-03	   0.018	   376.144
 613	154	 3.5037	 0.9700	   1.4705	        1.4710	          0.0005	   1.5670	1.613e-03	   0.012	   376.555
 614	154	 3.5033	 0.9701	   1.4705	        1.4710	          0.0005	   1.5884	1.693e-03	   0.017	   376.965
 615	154	 3.5028	 0.9697	   1.4705	        1.4710	          0.0005	   1.5347	1.509e-03	   0.016	   377.380
 616	154	 3.5031	 0.9700	   1.4705	        1.4710	          0.0005	   1.6146	1.613e-03	   0.017	   377.793
 617	155	 3.5033	 0.9702	   1.4705	        1.4710	          0.0005	   1.6176	1.758e-03	   0.018	   378.205
 618	155	 3.5036	 0.9700	   1.4705	        1.4710	          0.0005	   1.5670	1.628e-03	   0.019	   378.624
 619	155	 3.5030	 0.9695	   1.4705	        1.4710	          0.0005	   1.5213	1.393e-03	   0.018	   379.033
 620	155	 3.5024	 0.9699	   1.4705	        1.4710	          0.0005	   1.6010	1.594e-03	   0.024	   379.460
 621	156	 3.5023	 0.9706	   1.4705	        1.4710	          0.0005	   1.6402	1.920e-03	   0.018	   379.935
 622	156	 3.5024	 0.9704	   1.4705	        1.4710	          0.0005	   1.5783	1.839e-03	   0.020	   380.415
 623	156	 3.5021	 0.9703	   1.4705	        1.4710	          0.0005	   1.5601	1.769e-03	   0.018	   380.885
 624	156	 3.5019	 0.9700	   1.4705	        1.4710	          0.0005	   1.5452	1.622e-03	   0.017	   381.318
 625	157	 3.5018	 0.9697	   1.4705	        1.4710	          0.0005	   1.5439	1.485e-03	   0.017	   381.729
 626	157	 3.5018	 0.9703	   1.4705	        1.4710	          0.0005	   1.6483	1.782e-03	   0.016	   382.147
 627	157	 3.5020	 0.9702	   1.4705	        1.4710	          0.0005	   1.5742	1.736e-03	   0.016	   382.552
 628	157	 3.5016	 0.9706	   1.4705	        1.4710	          0.0005	   1.6120	1.918e-03	   0.018	   383.002
 629	158	 3.5016	 0.9706	   1.4705	        1.4710	          0.0005	   1.5832	1.938e-03	   0.016	   383.418
 630	158	 3.5014	 0.9708	   1.4705	        1.4710	          0.0005	   1.5972	2.019e-03	   0.017	   383.829
 631	158	 3.5011	 0.9705	   1.4705	        1.4710	          0.0005	   1.5560	1.909e-03	   0.019	   384.246
 632	158	 3.5012	 0.9705	   1.4705	        1.4710	          0.0005	   1.5723	1.878e-03	   0.017	   384.656
 633	159	 3.5014	 0.9702	   1.4705	        1.4710	          0.0005	   1.5622	1.753e-03	   0.018	   385.070
 634	159	 3.5015	 0.9707	   1.4705	        1.4710	          0.0005	   1.6304	1.982e-03	   0.017	   385.487
 635	159	 3.5011	 0.9704	   1.4705	        1.4710	          0.0005	   1.5400	1.837e-03	   0.022	   385.930
 636	159	 3.5010	 0.9704	   1.4705	        1.4710	          0.0005	   1.5800	1.821e-03	   0.022	   386.366
 637	160	 3.5008	 0.9703	   1.4705	        1.4710	          0.0005	   1.5740	1.792e-03	   0.019	   386.801
 638	160	 3.5008	 0.9707	   1.4705	        1.4710	          0.0005	   1.6186	1.965e-03	   0.016	   387.223
 639	160	 3.5010	 0.9704	   1.4705	        1.4710	          0.0005	   1.5613	1.857e-03	   0.017	   387.641
 640	160	 3.5007	 0.9705	   1.4705	        1.4710	          0.0005	   1.5761	1.892e-03	   0.015	   388.056
 641	161	 3.5008	 0.9707	   1.4705	        1.4710	          0.0005	   1.6054	2.003e-03	   0.022	   388.539
 642	161	 3.5005	 0.9711	   1.4705	        1.4710	          0.0005	   1.6085	2.170e-03	   0.016	   389.033
 643	161	 3.5005	 0.9705	   1.4705	        1.4710	          0.0005	   1.5243	1.876e-03	   0.019	   389.521
 644	161	 3.5003	 0.9704	   1.4705	        1.4710	          0.0005	   1.5745	1.851e-03	   0.018	   389.993
 645	162	 3.5002	 0.9704	   1.4705	        1.4710	          0.0005	   1.5681	1.847e-03	   0.019	   390.445
 646	162	 3.4997	 0.9705	   1.4705	        1.4710	          0.0005	   1.5836	1.888e-03	   0.020	   390.899
 647	162	 3.4996	 0.9709	   1.4705	        1.4710	          0.0005	   1.6267	2.081e-03	   0.021	   391.352
 648	162	 3.4997	 0.9704	   1.4705	        1.4710	          0.0005	   1.5253	1.830e-03	   0.022	   391.787
 649	163	 3.4999	 0.9706	   1.4705	        1.4710	          0.0005	   1.6047	1.928e-03	   0.023	   392.271
 650	163	 3.4996	 0.9708	   1.4705	        1.4710	          0.0005	   1.5985	2.047e-03	   0.016	   392.753
 651	163	 3.4998	 0.9704	   1.4705	        1.4710	          0.0005	   1.5490	1.856e-03	   0.020	   393.216
 652	163	 3.4994	 0.9702	   1.4705	        1.4710	          0.0005	   1.5512	1.749e-03	   0.019	   393.658
 653	164	 3.4989	 0.9698	   1.4705	        1.4710	          0.0005	   1.5265	1.545e-03	   0.016	   394.074
 654	164	 3.4991	 0.9698	   1.4705	        1.4710	          0.0005	   1.5856	1.527e-03	   0.020	   394.497
 655	164	 3.4990	 0.9701	   1.4705	        1.4710	          0.0005	   1.6066	1.692e-03	   0.018	   394.947
 656	164	 3.4991	 0.9700	   1.4705	        1.4710	          0.0005	   1.5784	1.634e-03	   0.018	   395.377
 657	165	 3.4992	 0.9700	   1.4705	        1.4710	          0.0005	   1.5886	1.659e-03	   0.016	   395.794
 658	165	 3.4987	 0.9702	   1.4705	        1.4710	          0.0005	   1.5864	1.748e-03	   0.016	   396.205
 659	165	 3.4990	 0.9700	   1.4705	        1.4710	          0.0005	   1.5722	1.649e-03	   0.017	   396.616
 660	165	 3.4987	 0.9700	   1.4705	        1.4710	          0.0005	   1.5669	1.611e-03	   0.019	   397.034
 661	166	 3.4985	 0.9697	   1.4705	        1.4710	          0.0005	   1.5507	1.497e-03	   0.017	   397.444
 662	166	 3.4985	 0.9695	   1.4705	        1.4710	          0.0005	   1.5608	1.406e-03	   0.018	   397.858
 663	166	 3.4984	 0.9695	   1.4705	        1.4710	          0.0005	   1.5810	1.385e-03	   0.021	   398.300
 664	166	 3.4986	 0.9697	   1.4705	        1.4710	          0.0005	   1.6085	1.498e-03	   0.020	   398.734
 665	167	 3.4984	 0.9698	   1.4705	        1.4710	          0.0005	   1.5858	1.529e-03	   0.021	   399.170
 666	167	 3.4985	 0.9697	   1.4705	        1.4710	          0.0005	   1.5759	1.508e-03	   0.017	   399.602
 667	167	 3.4983	 0.9698	   1.4705	        1.4710	          0.0005	   1.5803	1.536e-03	   0.016	   400.012
 668	167	 3.4983	 0.9697	   1.4705	        1.4710	          0.0005	   1.5674	1.475e-03	   0.017	   400.430
 669	168	 3.4985	 0.9698	   1.4705	        1.4710	          0.0005	   1.6039	1.519e-03	   0.013	   400.836
 670	168	 3.4980	 0.9696	   1.4705	        1.4710	          0.0005	   1.5408	1.432e-03	   0.018	   401.253
 671	168	 3.4977	 0.9698	   1.4705	        1.4710	          0.0005	   1.5951	1.533e-03	   0.012	   401.663
 672	168	 3.4979	 0.9696	   1.4705	        1.4710	          0.0005	   1.5665	1.430e-03	   0.017	   402.074
 673	169	 3.4982	 0.9700	   1.4705	        1.4710	          0.0005	   1.6319	1.640e-03	   0.016	   402.489
 674	169	 3.4980	 0.9698	   1.4705	        1.4710	          0.0005	   1.5566	1.545e-03	   0.017	   402.902
 675	169	 3.4976	 0.9694	   1.4705	        1.4710	          0.0005	   1.5317	1.349e-03	   0.018	   403.314
 676	169	 3.4975	 0.9693	   1.4705	        1.4710	          0.0005	   1.5674	1.297e-03	   0.020	   403.733
 677	170	 3.4974	 0.9697	   1.4705	        1.4710	          0.0005	   1.6186	1.497e-03	   0.021	   404.205
 678	170	 3.4974	 0.9691	   1.4705	        1.4710	          0.0005	   1.5126	1.169e-03	   0.024	   404.692
 679	170	 3.4970	 0.9692	   1.4705	        1.4710	          0.0005	   1.5875	1.258e-03	   0.018	   405.149
 680	170	 3.4972	 0.9692	   1.4705	        1.4710	          0.0005	   1.5800	1.213e-03	   0.018	   405.588
 681	171	 3.4974	 0.9693	   1.4705	        1.4710	          0.0005	   1.5984	1.289e-03	   0.016	   406.017
 682	171	 3.4973	 0.9693	   1.4705	        1.4710	          0.0005	   1.5750	1.292e-03	   0.019	   406.442
 683	171	 3.4969	 0.9696	   1.4705	        1.4710	          0.0005	   1.6039	1.438e-03	   0.017	   406.876
 684	171	 3.4968	 0.9695	   1.4705	        1.4710	          0.0005	   1.5657	1.366e-03	   0.016	   407.294
 685	172	 3.4965	 0.9694	   1.4705	        1.4710	          0.0005	   1.5698	1.354e-03	   0.016	   407.699
 686	172	 3.4962	 0.9694	   1.4705	        1.4710	          0.0005	   1.5719	1.318e-03	   0.016	   408.116
 687	172	 3.4961	 0.9696	   1.4705	        1.4710	          0.0005	   1.6039	1.448e-03	   0.016	   408.527
 688	172	 3.4964	 0.9695	   1.4705	        1.4710	          0.0005	   1.5747	1.385e-03	   0.017	   408.938
 689	173	 3.4965	 0.9697	   1.4705	        1.4710	          0.0005	   1.6139	1.509e-03	   0.019	   409.356
 690	173	 3.4962	 0.9696	   1.4705	        1.4710	          0.0005	   1.5518	1.421e-03	   0.017	   409.766
 691	173	 3.4957	 0.9699	   1.4705	        1.4710	          0.0005	   1.6013	1.560e-03	   0.022	   410.196
 692	173	 3.4960	 0.9694	   1.4705	        1.4710	          0.0005	   1.5404	1.347e-03	   0.017	   410.642
 693	174	 3.4960	 0.9693	   1.4705	        1.4710	          0.0005	   1.5707	1.302e-03	   0.018	   411.074
 694	174	 3.4957	 0.9696	   1.4705	        1.4710	          0.0005	   1.6119	1.443e-03	   0.020	   411.513
 695	174	 3.4953	 0.9695	   1.4705	        1.4710	          0.0005	   1.5505	1.372e-03	   0.017	   411.924
 696	174	 3.4956	 0.9695	   1.4705	        1.4710	          0.0005	   1.5885	1.376e-03	   0.016	   412.334
 697	175	 3.4954	 0.9696	   1.4705	        1.4710	          0.0005	   1.5929	1.437e-03	   0.017	   412.752
 698	175	 3.4953	 0.9696	   1.4705	        1.4710	          0.0005	   1.5769	1.434e-03	   0.013	   413.158
 699	175	 3.4952	 0.9700	   1.4705	        1.4710	          0.0005	   1.6203	1.643e-03	   0.018	   413.575
 700	175	 3.4951	 0.9699	   1.4705	        1.4710	          0.0005	   1.5725	1.582e-03	   0.014	   414.013
 701	176	 3.4950	 0.9698	   1.4705	        1.4710	          0.0005	   1.5675	1.546e-03	   0.019	   414.463
 702	176	 3.4947	 0.9704	   1.4705	        1.4710	          0.0005	   1.6396	1.844e-03	   0.016	   414.882
 703	176	 3.4948	 0.9702	   1.4705	        1.4710	          0.0005	   1.5587	1.737e-03	   0.017	   415.294
 704	176	 3.4947	 0.9700	   1.4705	        1.4710	          0.0005	   1.5556	1.623e-03	   0.018	   415.707
 705	177	 3.4949	 0.9700	   1.4705	        1.4710	          0.0005	   1.5915	1.641e-03	   0.023	   416.182
 706	177	 3.4946	 0.9698	   1.4705	        1.4710	          0.0005	   1.5485	1.544e-03	   0.022	   416.659
 707	177	 3.4947	 0.9698	   1.4705	        1.4710	          0.0005	   1.5791	1.543e-03	   0.022	   417.119
 708	177	 3.4945	 0.9699	   1.4705	        1.4710	          0.0005	   1.5904	1.598e-03	   0.015	   417.566
 709	178	 3.4941	 0.9692	   1.4705	        1.4710	          0.0005	   1.4884	1.231e-03	   0.017	   418.025
 710	178	 3.4940	 0.9693	   1.4705	        1.4710	          0.0005	   1.5944	1.296e-03	   0.017	   418.465
 711	178	 3.4942	 0.9696	   1.4705	        1.4710	          0.0005	   1.6181	1.439e-03	   0.017	   418.891
 712	178	 3.4943	 0.9698	   1.4705	        1.4710	          0.0005	   1.6066	1.536e-03	   0.017	   419.302
 713	179	 3.4941	 0.9697	   1.4705	        1.4710	          0.0005	   1.5589	1.483e-03	   0.016	   419.719
 714	179	 3.4940	 0.9694	   1.4705	        1.4710	          0.0005	   1.5482	1.346e-03	   0.016	   420.124
 715	179	 3.4941	 0.9694	   1.4705	        1.4710	          0.0005	   1.5812	1.313e-03	   0.015	   420.541
 716	179	 3.4941	 0.9698	   1.4705	        1.4710	          0.0005	   1.6319	1.534e-03	   0.016	   420.952
 717	180	 3.4943	 0.9700	   1.4705	        1.4710	          0.0005	   1.6172	1.629e-03	   0.016	   421.363
 718	180	 3.4942	 0.9699	   1.4705	        1.4710	          0.0005	   1.5661	1.603e-03	   0.019	   421.780
 719	180	 3.4941	 0.9701	   1.4705	        1.4710	          0.0005	   1.5953	1.684e-03	   0.021	   422.199
 720	180	 3.4939	 0.9700	   1.4705	        1.4710	          0.0005	   1.5602	1.630e-03	   0.018	   422.648
 721	181	 3.4938	 0.9703	   1.4705	        1.4710	          0.0005	   1.6237	1.807e-03	   0.017	   423.088
 722	181	 3.4933	 0.9704	   1.4705	        1.4710	          0.0005	   1.5659	1.810e-03	   0.018	   423.521
 723	181	 3.4932	 0.9697	   1.4705	        1.4710	          0.0005	   1.5012	1.477e-03	   0.020	   423.938
 724	181	 3.4931	 0.9702	   1.4705	        1.4710	          0.0005	   1.6366	1.712e-03	   0.017	   424.348
 725	182	 3.4933	 0.9701	   1.4705	        1.4710	          0.0005	   1.5781	1.695e-03	   0.016	   424.758
 726	182	 3.4931	 0.9705	   1.4705	        1.4710	          0.0005	   1.6191	1.867e-03	   0.017	   425.176
 727	182	 3.4931	 0.9703	   1.4705	        1.4710	          0.0005	   1.5579	1.769e-03	   0.013	   425.583
 728	182	 3.4930	 0.9702	   1.4705	        1.4710	          0.0005	   1.5733	1.737e-03	   0.018	   425.999
 729	183	 3.4932	 0.9700	   1.4705	        1.4710	          0.0005	   1.5634	1.629e-03	   0.012	   426.410
 730	183	 3.4930	 0.9702	   1.4705	        1.4710	          0.0005	   1.6017	1.731e-03	   0.017	   426.821
 731	183	 3.4929	 0.9697	   1.4705	        1.4710	          0.0005	   1.5186	1.502e-03	   0.016	   427.236
 732	183	 3.4927	 0.9699	   1.4705	        1.4710	          0.0005	   1.5969	1.575e-03	   0.017	   427.648
 733	184	 3.4930	 0.9699	   1.4705	        1.4710	          0.0005	   1.5892	1.562e-03	   0.021	   428.112
 734	184	 3.4926	 0.9697	   1.4705	        1.4710	          0.0005	   1.5442	1.463e-03	   0.025	   428.595
 735	184	 3.4925	 0.9701	   1.4705	        1.4710	          0.0005	   1.6400	1.708e-03	   0.020	   429.048
 736	184	 3.4924	 0.9699	   1.4705	        1.4710	          0.0005	   1.5470	1.598e-03	   0.021	   429.506
 737	185	 3.4922	 0.9699	   1.4705	        1.4710	          0.0005	   1.5694	1.574e-03	   0.017	   429.969
 738	185	 3.4921	 0.9697	   1.4705	        1.4710	          0.0005	   1.5549	1.490e-03	   0.016	   430.384
 739	185	 3.4920	 0.9699	   1.4705	        1.4710	          0.0005	   1.6002	1.561e-03	   0.016	   430.800
 740	185	 3.4920	 0.9698	   1.4705	        1.4710	          0.0005	   1.5809	1.557e-03	   0.016	   431.211
 741	186	 3.4921	 0.9699	   1.4705	        1.4710	          0.0005	   1.5775	1.570e-03	   0.017	   431.622
 742	186	 3.4922	 0.9705	   1.4705	        1.4710	          0.0005	   1.6559	1.873e-03	   0.016	   432.039
 743	186	 3.4921	 0.9698	   1.4705	        1.4710	          0.0005	   1.4910	1.520e-03	   0.016	   432.445
 744	186	 3.4919	 0.9697	   1.4705	        1.4710	          0.0005	   1.5832	1.506e-03	   0.015	   432.861
 745	187	 3.4921	 0.9698	   1.4705	        1.4710	          0.0005	   1.5967	1.552e-03	   0.016	   433.273
 746	187	 3.4920	 0.9698	   1.4705	        1.4710	          0.0005	   1.5766	1.519e-03	   0.017	   433.684
 747	187	 3.4916	 0.9693	   1.4705	        1.4710	          0.0005	   1.5092	1.273e-03	   0.023	   434.105
 748	187	 3.4916	 0.9697	   1.4705	        1.4710	          0.0005	   1.6319	1.486e-03	   0.020	   434.619
 749	188	 3.4915	 0.9699	   1.4705	        1.4710	          0.0005	   1.6030	1.598e-03	   0.022	   435.137
 750	188	 3.4917	 0.9698	   1.4705	        1.4710	          0.0005	   1.5659	1.524e-03	   0.021	   435.654
 751	188	 3.4915	 0.9700	   1.4705	        1.4710	          0.0005	   1.5929	1.611e-03	   0.018	   436.109
 752	188	 3.4911	 0.9697	   1.4705	        1.4710	          0.0005	   1.5469	1.491e-03	   0.019	   436.526
 753	189	 3.4909	 0.9700	   1.4705	        1.4710	          0.0005	   1.6118	1.628e-03	   0.019	   436.966
 754	189	 3.4912	 0.9701	   1.4705	        1.4710	          0.0005	   1.5953	1.665e-03	   0.018	   437.413
 755	189	 3.4911	 0.9702	   1.4705	        1.4710	          0.0005	   1.5889	1.722e-03	   0.017	   437.853
 756	189	 3.4910	 0.9698	   1.4705	        1.4710	          0.0005	   1.5368	1.539e-03	   0.013	   438.274
 757	190	 3.4907	 0.9695	   1.4705	        1.4710	          0.0005	   1.5446	1.407e-03	   0.018	   438.690
 758	190	 3.4905	 0.9695	   1.4705	        1.4710	          0.0005	   1.5714	1.382e-03	   0.012	   439.101
 759	190	 3.4907	 0.9696	   1.4705	        1.4710	          0.0005	   1.5976	1.431e-03	   0.017	   439.512
 760	190	 3.4905	 0.9697	   1.4705	        1.4710	          0.0005	   1.5875	1.502e-03	   0.016	   439.927
 761	191	 3.4902	 0.9693	   1.4705	        1.4710	          0.0005	   1.5233	1.297e-03	   0.020	   440.385
 762	191	 3.4906	 0.9689	   1.4705	        1.4710	          0.0005	   1.5387	1.081e-03	   0.021	   440.855
 763	191	 3.4900	 0.9688	   1.4705	        1.4710	          0.0005	   1.5472	1.014e-03	   0.024	   441.334
 764	191	 3.4899	 0.9695	   1.4705	        1.4710	          0.0005	   1.6734	1.385e-03	   0.021	   441.822
 765	192	 3.4898	 0.9692	   1.4705	        1.4710	          0.0005	   1.5355	1.215e-03	   0.022	   442.283
 766	192	 3.4900	 0.9694	   1.4705	        1.4710	          0.0005	   1.6165	1.341e-03	   0.015	   442.697
 767	192	 3.4900	 0.9694	   1.4705	        1.4710	          0.0005	   1.5876	1.342e-03	   0.016	   443.108
 768	192	 3.4897	 0.9695	   1.4705	        1.4710	          0.0005	   1.5809	1.386e-03	   0.016	   443.525
 769	193	 3.4898	 0.9697	   1.4705	        1.4710	          0.0005	   1.6042	1.468e-03	   0.016	   443.936
 770	193	 3.4898	 0.9696	   1.4705	        1.4710	          0.0005	   1.5739	1.434e-03	   0.017	   444.347
 771	193	 3.4897	 0.9694	   1.4705	        1.4710	          0.0005	   1.5585	1.343e-03	   0.016	   444.764
 772	193	 3.4894	 0.9690	   1.4705	        1.4710	          0.0005	   1.5094	1.115e-03	   0.016	   445.170
 773	194	 3.4892	 0.9692	   1.4705	        1.4710	          0.0005	   1.5942	1.209e-03	   0.015	   445.586
 774	194	 3.4890	 0.9688	   1.4705	        1.4710	          0.0005	   1.5440	1.057e-03	   0.016	   445.998
 775	194	 3.4890	 0.9686	   1.4705	        1.4710	          0.0005	   1.5539	9.452e-04	   0.017	   446.409
 776	194	 3.4890	 0.9690	   1.4705	        1.4710	          0.0005	   1.6279	1.150e-03	   0.019	   446.870
 777	195	 3.4888	 0.9690	   1.4705	        1.4710	          0.0005	   1.5699	1.139e-03	   0.016	   447.303
 778	195	 3.4884	 0.9691	   1.4705	        1.4710	          0.0005	   1.5768	1.168e-03	   0.020	   447.726
 779	195	 3.4883	 0.9688	   1.4705	        1.4710	          0.0005	   1.5332	1.011e-03	   0.017	   448.156
 780	195	 3.4884	 0.9690	   1.4705	        1.4710	          0.0005	   1.6162	1.139e-03	   0.018	   448.566
 781	196	 3.4883	 0.9688	   1.4705	        1.4710	          0.0005	   1.5518	1.040e-03	   0.020	   448.983
 782	196	 3.4880	 0.9688	   1.4705	        1.4710	          0.0005	   1.5598	1.019e-03	   0.018	   449.394
 783	196	 3.4881	 0.9685	   1.4705	        1.4710	          0.0005	   1.5583	8.981e-04	   0.016	   449.804
 784	196	 3.4880	 0.9688	   1.4705	        1.4710	          0.0005	   1.6167	1.042e-03	   0.017	   450.222
 785	197	 3.4879	 0.9688	   1.4705	        1.4710	          0.0005	   1.5783	1.033e-03	   0.013	   450.628
 786	197	 3.4876	 0.9688	   1.4705	        1.4710	          0.0005	   1.5702	1.045e-03	   0.018	   451.044
 787	197	 3.4876	 0.9691	   1.4705	        1.4710	          0.0005	   1.6173	1.169e-03	   0.012	   451.456
 788	197	 3.4876	 0.9691	   1.4705	        1.4710	          0.0005	   1.5845	1.183e-03	   0.017	   451.866
 789	198	 3.4875	 0.9697	   1.4705	        1.4710	          0.0005	   1.6483	1.462e-03	   0.019	   452.321
 790	198	 3.4874	 0.9693	   1.4705	        1.4710	          0.0005	   1.5329	1.294e-03	   0.021	   452.790
 791	198	 3.4873	 0.9693	   1.4705	        1.4710	          0.0005	   1.5748	1.277e-03	   0.020	   453.268
 792	198	 3.4874	 0.9690	   1.4705	        1.4710	          0.0005	   1.5456	1.126e-03	   0.021	   453.753
 793	199	 3.4878	 0.9691	   1.4705	        1.4710	          0.0005	   1.6157	1.196e-03	   0.019	   454.183
 794	199	 3.4877	 0.9689	   1.4705	        1.4710	          0.0005	   1.5405	1.074e-03	   0.018	   454.571
 795	199	 3.4872	 0.9693	   1.4705	        1.4710	          0.0005	   1.6149	1.268e-03	   0.014	   454.953
 796	199	 3.4872	 0.9692	   1.4705	        1.4710	          0.0005	   1.5722	1.211e-03	   0.018	   455.349
 797	200	 3.4871	 0.9691	   1.4705	        1.4710	          0.0005	   1.5648	1.158e-03	   0.016	   455.731
 798	200	 3.4872	 0.9689	   1.4705	        1.4710	          0.0005	   1.5782	1.106e-03	   0.016	   456.110
 799	200	 3.4869	 0.9693	   1.4705	        1.4710	          0.0005	   1.6044	1.260e-03	   0.016	   456.491
 800	200	 3.4868	 0.9694	   1.4705	        1.4710	          0.0005	   1.5942	1.320e-03	   0.016	   456.875

[BSGD] Finished on device cuda -> σ_f² ≈ 3.4868, σ_ε² ≈ 0.9694
