[GPU 5][JOB 166] 'python cli.py bsgd --n 1024 --lengthscale 0.5 --sigma-f2-true 4.0 --sigma-eps2-true 1.0 --n-epochs 200 --device auto --kernel-mode finite --theta-min 1e-4 --theta-max 20.0 --print-every 1 --seed 5 --batch-size 512 --sigma-f2-init 5.0 --sigma-eps2-init 3.0 --alpha1 6.0 '

=== BSGD (biased SGD on exact kernel) ===
iter	epoch	σ_f²	σ_ε²	real_nlml	real_nlml_true	real_nlml_abs_err	mini_nlml	||grad||	duration_s	wall_time_s
   1	 1	 5.0631	 2.3734	   1.6289	        1.4829	          0.1461	   1.6805	1.204e-01	   0.137	     0.227
   2	 1	 5.1009	 2.0248	   1.5862	        1.4829	          0.1033	   1.6361	1.244e-01	   0.061	     0.800
   3	 2	 5.1486	 1.7872	   1.5566	        1.4829	          0.0737	   1.6132	1.239e-01	   0.063	     1.523
   4	 2	 5.1534	 1.5973	   1.5334	        1.4829	          0.0505	   1.5685	1.192e-01	   0.073	     2.294
   5	 3	 5.1782	 1.4583	   1.5173	        1.4829	          0.0344	   1.5685	1.116e-01	   0.069	     3.096
   6	 3	 5.1916	 1.3558	   1.5063	        1.4829	          0.0234	   1.5667	1.022e-01	   0.070	     3.925
   7	 4	 5.1920	 1.2687	   1.4979	        1.4829	          0.0150	   1.5447	9.070e-02	   0.075	     4.782
   8	 4	 5.2171	 1.2021	   1.4922	        1.4829	          0.0093	   1.5439	7.886e-02	   0.070	     5.611
   9	 5	 5.2345	 1.1582	   1.4889	        1.4829	          0.0061	   1.5565	6.920e-02	   0.070	     6.416
  10	 5	 5.2401	 1.1164	   1.4863	        1.4829	          0.0034	   1.5357	5.834e-02	   0.076	     7.239
  11	 6	 5.2471	 1.0849	   1.4846	        1.4829	          0.0017	   1.5374	4.888e-02	   0.078	     8.091
  12	 6	 5.2554	 1.0644	   1.4836	        1.4829	          0.0008	   1.5412	4.208e-02	   0.063	     8.903
  13	 7	 5.2635	 1.0427	   1.4828	        1.4829	          0.0001	   1.5314	3.425e-02	   0.090	     9.757
  14	 7	 5.2703	 1.0367	   1.4826	        1.4829	          0.0003	   1.5542	3.197e-02	   0.078	    10.574
  15	 8	 5.2799	 1.0113	   1.4819	        1.4829	          0.0010	   1.4986	2.162e-02	   0.072	    11.424
  16	 8	 5.2863	 1.0131	   1.4820	        1.4829	          0.0009	   1.5637	2.238e-02	   0.067	    12.265
  17	 9	 5.2994	 1.0008	   1.4817	        1.4829	          0.0012	   1.5270	1.703e-02	   0.071	    13.111
  18	 9	 5.3012	 0.9938	   1.4816	        1.4829	          0.0013	   1.5280	1.389e-02	   0.073	    13.962
  19	10	 5.3063	 0.9931	   1.4816	        1.4829	          0.0013	   1.5468	1.356e-02	   0.072	    14.820
  20	10	 5.3127	 0.9886	   1.4815	        1.4829	          0.0013	   1.5349	1.144e-02	   0.072	    15.687
  21	11	 5.3169	 0.9858	   1.4815	        1.4829	          0.0014	   1.5374	1.016e-02	   0.071	    16.553
  22	11	 5.3213	 0.9845	   1.4815	        1.4829	          0.0014	   1.5396	9.525e-03	   0.076	    17.397
  23	12	 5.3263	 0.9825	   1.4815	        1.4829	          0.0014	   1.5369	8.573e-03	   0.080	    18.272
  24	12	 5.3307	 0.9799	   1.4814	        1.4829	          0.0014	   1.5339	7.322e-03	   0.075	    19.152
  25	13	 5.3316	 0.9718	   1.4814	        1.4829	          0.0015	   1.5060	3.324e-03	   0.076	    20.035
  26	13	 5.3368	 0.9784	   1.4814	        1.4829	          0.0014	   1.5675	6.554e-03	   0.076	    20.910
  27	14	 5.3397	 0.9826	   1.4815	        1.4829	          0.0014	   1.5594	8.604e-03	   0.073	    21.769
  28	14	 5.3427	 0.9777	   1.4814	        1.4829	          0.0014	   1.5210	6.207e-03	   0.075	    22.623
  29	15	 5.3442	 0.9721	   1.4814	        1.4829	          0.0015	   1.5169	3.448e-03	   0.062	    23.461
  30	15	 5.3497	 0.9780	   1.4814	        1.4829	          0.0014	   1.5647	6.362e-03	   0.072	    24.309
  31	16	 5.3523	 0.9735	   1.4814	        1.4829	          0.0015	   1.5181	4.170e-03	   0.079	    25.162
  32	16	 5.3519	 0.9774	   1.4814	        1.4829	          0.0014	   1.5550	6.084e-03	   0.068	    26.018
  33	17	 5.3536	 0.9781	   1.4814	        1.4829	          0.0014	   1.5433	6.441e-03	   0.068	    26.901
  34	17	 5.3553	 0.9752	   1.4814	        1.4829	          0.0015	   1.5238	5.007e-03	   0.078	    27.761
  35	18	 5.3572	 0.9705	   1.4814	        1.4829	          0.0015	   1.5129	2.654e-03	   0.067	    28.599
  36	18	 5.3614	 0.9743	   1.4814	        1.4829	          0.0015	   1.5602	4.534e-03	   0.073	    29.471
  37	19	 5.3624	 0.9741	   1.4814	        1.4829	          0.0015	   1.5353	4.468e-03	   0.069	    30.314
  38	19	 5.3660	 0.9737	   1.4814	        1.4829	          0.0015	   1.5399	4.272e-03	   0.071	    31.170
  39	20	 5.3668	 0.9726	   1.4814	        1.4829	          0.0015	   1.5306	3.727e-03	   0.070	    32.031
  40	20	 5.3693	 0.9714	   1.4814	        1.4829	          0.0015	   1.5312	3.128e-03	   0.067	    32.870
  41	21	 5.3720	 0.9696	   1.4814	        1.4829	          0.0015	   1.5279	2.189e-03	   0.070	    33.722
  42	21	 5.3736	 0.9727	   1.4814	        1.4829	          0.0015	   1.5571	3.746e-03	   0.068	    34.567
  43	22	 5.3750	 0.9735	   1.4814	        1.4829	          0.0015	   1.5414	4.168e-03	   0.072	    35.414
  44	22	 5.3772	 0.9706	   1.4814	        1.4829	          0.0015	   1.5200	2.717e-03	   0.078	    36.289
  45	23	 5.3787	 0.9712	   1.4814	        1.4829	          0.0015	   1.5400	3.021e-03	   0.065	    37.158
  46	23	 5.3800	 0.9703	   1.4814	        1.4829	          0.0015	   1.5325	2.570e-03	   0.071	    38.001
  47	24	 5.3832	 0.9714	   1.4814	        1.4829	          0.0015	   1.5490	3.098e-03	   0.077	    38.862
  48	24	 5.3829	 0.9695	   1.4814	        1.4829	          0.0015	   1.5201	2.167e-03	   0.083	    39.790
  49	25	 5.3837	 0.9712	   1.4814	        1.4829	          0.0015	   1.5507	3.020e-03	   0.072	    40.716
  50	25	 5.3856	 0.9697	   1.4814	        1.4829	          0.0015	   1.5236	2.267e-03	   0.072	    41.605
  51	26	 5.3883	 0.9670	   1.4814	        1.4829	          0.0015	   1.5164	8.781e-04	   0.086	    42.485
  52	26	 5.3884	 0.9701	   1.4814	        1.4829	          0.0015	   1.5591	2.446e-03	   0.067	    43.331
  53	27	 5.3905	 0.9714	   1.4814	        1.4829	          0.0015	   1.5496	3.098e-03	   0.066	    44.172
  54	27	 5.3915	 0.9703	   1.4814	        1.4829	          0.0015	   1.5265	2.560e-03	   0.081	    45.024
  55	28	 5.3930	 0.9680	   1.4814	        1.4829	          0.0015	   1.5180	1.394e-03	   0.071	    45.872
  56	28	 5.3956	 0.9686	   1.4814	        1.4829	          0.0015	   1.5433	1.672e-03	   0.071	    46.739
  57	29	 5.3961	 0.9694	   1.4814	        1.4829	          0.0015	   1.5388	2.099e-03	   0.072	    47.638
  58	29	 5.3970	 0.9680	   1.4814	        1.4829	          0.0015	   1.5243	1.362e-03	   0.068	    48.501
  59	30	 5.4001	 0.9710	   1.4814	        1.4829	          0.0015	   1.5708	2.923e-03	   0.069	    49.339
  60	30	 5.4002	 0.9672	   1.4814	        1.4829	          0.0015	   1.4964	9.599e-04	   0.076	    50.205
  61	31	 5.4008	 0.9668	   1.4814	        1.4829	          0.0015	   1.5311	8.008e-04	   0.065	    51.052
  62	31	 5.4027	 0.9680	   1.4814	        1.4829	          0.0015	   1.5483	1.372e-03	   0.068	    51.905
  63	32	 5.4047	 0.9656	   1.4814	        1.4829	          0.0015	   1.5146	2.243e-04	   0.074	    52.777
  64	32	 5.4051	 0.9687	   1.4814	        1.4829	          0.0015	   1.5654	1.756e-03	   0.072	    53.618
  65	33	 5.4078	 0.9683	   1.4814	        1.4829	          0.0015	   1.5317	1.555e-03	   0.070	    54.466
  66	33	 5.4081	 0.9683	   1.4814	        1.4829	          0.0015	   1.5393	1.552e-03	   0.066	    55.306
  67	34	 5.4082	 0.9679	   1.4814	        1.4829	          0.0015	   1.5294	1.334e-03	   0.069	    56.154
  68	34	 5.4102	 0.9683	   1.4814	        1.4829	          0.0015	   1.5430	1.543e-03	   0.081	    57.022
  69	35	 5.4108	 0.9687	   1.4814	        1.4829	          0.0015	   1.5402	1.731e-03	   0.066	    57.886
  70	35	 5.4121	 0.9685	   1.4814	        1.4829	          0.0015	   1.5351	1.659e-03	   0.068	    58.748
  71	36	 5.4146	 0.9700	   1.4814	        1.4829	          0.0015	   1.5526	2.396e-03	   0.073	    59.600
  72	36	 5.4146	 0.9686	   1.4814	        1.4829	          0.0015	   1.5222	1.699e-03	   0.073	    60.472
  73	37	 5.4142	 0.9678	   1.4814	        1.4829	          0.0015	   1.5271	1.283e-03	   0.076	    61.384
  74	37	 5.4170	 0.9687	   1.4814	        1.4829	          0.0015	   1.5478	1.723e-03	   0.074	    62.230
  75	38	 5.4166	 0.9703	   1.4814	        1.4829	          0.0015	   1.5547	2.535e-03	   0.072	    63.112
  76	38	 5.4192	 0.9675	   1.4814	        1.4829	          0.0015	   1.5051	1.131e-03	   0.072	    63.976
  77	39	 5.4195	 0.9702	   1.4814	        1.4829	          0.0015	   1.5719	2.525e-03	   0.072	    64.818
  78	39	 5.4209	 0.9675	   1.4814	        1.4829	          0.0015	   1.4996	1.135e-03	   0.075	    65.669
  79	40	 5.4221	 0.9691	   1.4814	        1.4829	          0.0015	   1.5603	1.968e-03	   0.066	    66.511
  80	40	 5.4228	 0.9674	   1.4814	        1.4829	          0.0015	   1.5106	1.065e-03	   0.075	    67.357
  81	41	 5.4239	 0.9669	   1.4814	        1.4829	          0.0015	   1.5314	8.371e-04	   0.085	    68.243
  82	41	 5.4244	 0.9664	   1.4814	        1.4829	          0.0015	   1.5271	5.959e-04	   0.062	    69.107
  83	42	 5.4253	 0.9671	   1.4814	        1.4829	          0.0015	   1.5457	9.163e-04	   0.078	    69.956
  84	42	 5.4261	 0.9662	   1.4814	        1.4829	          0.0015	   1.5224	4.832e-04	   0.072	    70.805
  85	43	 5.4263	 0.9691	   1.4814	        1.4829	          0.0015	   1.5744	1.951e-03	   0.067	    71.671
  86	43	 5.4277	 0.9665	   1.4814	        1.4829	          0.0015	   1.5018	6.471e-04	   0.072	    72.514
  87	44	 5.4279	 0.9657	   1.4814	        1.4829	          0.0015	   1.5219	2.355e-04	   0.067	    73.370
  88	44	 5.4299	 0.9668	   1.4814	        1.4829	          0.0015	   1.5539	7.590e-04	   0.073	    74.230
  89	45	 5.4305	 0.9679	   1.4814	        1.4829	          0.0015	   1.5505	1.354e-03	   0.068	    75.074
  90	45	 5.4310	 0.9667	   1.4814	        1.4829	          0.0015	   1.5191	7.041e-04	   0.066	    75.918
  91	46	 5.4321	 0.9638	   1.4814	        1.4829	          0.0015	   1.4962	7.742e-04	   0.074	    76.772
  92	46	 5.4324	 0.9657	   1.4814	        1.4829	          0.0015	   1.5583	2.284e-04	   0.068	    77.617
  93	47	 5.4331	 0.9665	   1.4814	        1.4829	          0.0015	   1.5453	6.073e-04	   0.077	    78.489
  94	47	 5.4334	 0.9662	   1.4814	        1.4829	          0.0015	   1.5319	5.012e-04	   0.079	    79.364
  95	48	 5.4332	 0.9649	   1.4814	        1.4829	          0.0015	   1.5105	2.573e-04	   0.073	    80.249
  96	48	 5.4340	 0.9670	   1.4814	        1.4829	          0.0015	   1.5680	9.031e-04	   0.080	    81.184
  97	49	 5.4344	 0.9674	   1.4814	        1.4829	          0.0015	   1.5409	1.098e-03	   0.084	    82.113
  98	49	 5.4349	 0.9673	   1.4814	        1.4829	          0.0015	   1.5340	1.027e-03	   0.070	    82.973
  99	50	 5.4354	 0.9659	   1.4814	        1.4829	          0.0015	   1.5145	3.412e-04	   0.067	    83.838
 100	50	 5.4366	 0.9674	   1.4814	        1.4829	          0.0015	   1.5594	1.058e-03	   0.073	    84.714
 101	51	 5.4370	 0.9672	   1.4814	        1.4829	          0.0015	   1.5351	1.004e-03	   0.072	    85.566
 102	51	 5.4380	 0.9677	   1.4814	        1.4829	          0.0015	   1.5427	1.232e-03	   0.067	    86.414
 103	52	 5.4387	 0.9689	   1.4814	        1.4829	          0.0015	   1.5569	1.836e-03	   0.067	    87.256
 104	52	 5.4391	 0.9682	   1.4814	        1.4829	          0.0015	   1.5241	1.506e-03	   0.080	    88.121
 105	53	 5.4393	 0.9676	   1.4814	        1.4829	          0.0015	   1.5223	1.164e-03	   0.074	    89.054
 106	53	 5.4404	 0.9680	   1.4814	        1.4829	          0.0015	   1.5458	1.391e-03	   0.077	    89.986
 107	54	 5.4405	 0.9681	   1.4814	        1.4829	          0.0015	   1.5407	1.458e-03	   0.078	    90.869
 108	54	 5.4416	 0.9683	   1.4814	        1.4829	          0.0015	   1.5360	1.517e-03	   0.071	    91.722
 109	55	 5.4419	 0.9704	   1.4814	        1.4829	          0.0015	   1.5713	2.625e-03	   0.076	    92.587
 110	55	 5.4427	 0.9681	   1.4814	        1.4829	          0.0015	   1.4979	1.453e-03	   0.075	    93.433
 111	56	 5.4432	 0.9667	   1.4814	        1.4829	          0.0015	   1.5106	7.395e-04	   0.068	    94.278
 112	56	 5.4439	 0.9674	   1.4814	        1.4829	          0.0015	   1.5484	1.079e-03	   0.069	    95.145
 113	57	 5.4446	 0.9668	   1.4814	        1.4829	          0.0015	   1.5291	7.818e-04	   0.073	    95.995
 114	57	 5.4447	 0.9677	   1.4814	        1.4829	          0.0015	   1.5473	1.239e-03	   0.078	    96.840
 115	58	 5.4444	 0.9675	   1.4814	        1.4829	          0.0015	   1.5269	1.145e-03	   0.071	    97.686
 116	58	 5.4456	 0.9678	   1.4814	        1.4829	          0.0015	   1.5461	1.278e-03	   0.062	    98.526
 117	59	 5.4464	 0.9688	   1.4814	        1.4829	          0.0015	   1.5555	1.771e-03	   0.075	    99.388
 118	59	 5.4465	 0.9684	   1.4814	        1.4829	          0.0015	   1.5271	1.578e-03	   0.079	   100.269
 119	60	 5.4472	 0.9691	   1.4814	        1.4829	          0.0015	   1.5504	1.956e-03	   0.061	   101.115
 120	60	 5.4472	 0.9685	   1.4814	        1.4829	          0.0015	   1.5219	1.634e-03	   0.074	   101.992
 121	61	 5.4481	 0.9689	   1.4814	        1.4829	          0.0015	   1.5462	1.847e-03	   0.078	   102.891
 122	61	 5.4483	 0.9686	   1.4814	        1.4829	          0.0015	   1.5275	1.673e-03	   0.067	   103.750
 123	62	 5.4489	 0.9684	   1.4814	        1.4829	          0.0015	   1.5328	1.595e-03	   0.074	   104.610
 124	62	 5.4494	 0.9683	   1.4814	        1.4829	          0.0015	   1.5359	1.559e-03	   0.070	   105.485
 125	63	 5.4497	 0.9664	   1.4814	        1.4829	          0.0015	   1.4928	5.544e-04	   0.068	   106.346
 126	63	 5.4503	 0.9682	   1.4814	        1.4829	          0.0015	   1.5764	1.504e-03	   0.072	   107.193
 127	64	 5.4506	 0.9679	   1.4814	        1.4829	          0.0015	   1.5293	1.352e-03	   0.067	   108.032
 128	64	 5.4510	 0.9682	   1.4814	        1.4829	          0.0015	   1.5406	1.483e-03	   0.068	   108.884
 129	65	 5.4517	 0.9695	   1.4814	        1.4829	          0.0015	   1.5624	2.162e-03	   0.067	   109.769
 130	65	 5.4520	 0.9683	   1.4814	        1.4829	          0.0015	   1.5117	1.520e-03	   0.077	   110.636
 131	66	 5.4526	 0.9685	   1.4814	        1.4829	          0.0015	   1.5409	1.648e-03	   0.073	   111.490
 132	66	 5.4530	 0.9686	   1.4814	        1.4829	          0.0015	   1.5396	1.676e-03	   0.062	   112.326
 133	67	 5.4527	 0.9693	   1.4814	        1.4829	          0.0015	   1.5471	2.069e-03	   0.073	   113.174
 134	67	 5.4534	 0.9682	   1.4814	        1.4829	          0.0015	   1.5147	1.487e-03	   0.078	   114.046
 135	68	 5.4532	 0.9672	   1.4814	        1.4829	          0.0015	   1.5158	9.907e-04	   0.075	   114.891
 136	68	 5.4543	 0.9677	   1.4814	        1.4829	          0.0015	   1.5454	1.225e-03	   0.073	   115.756
 137	69	 5.4546	 0.9677	   1.4814	        1.4829	          0.0015	   1.5369	1.251e-03	   0.071	   116.605
 138	69	 5.4552	 0.9678	   1.4814	        1.4829	          0.0015	   1.5368	1.291e-03	   0.081	   117.455
 139	70	 5.4557	 0.9672	   1.4814	        1.4829	          0.0015	   1.5234	1.003e-03	   0.075	   118.298
 140	70	 5.4565	 0.9676	   1.4814	        1.4829	          0.0015	   1.5432	1.158e-03	   0.061	   119.136
 141	71	 5.4567	 0.9660	   1.4814	        1.4829	          0.0015	   1.5006	4.006e-04	   0.077	   119.990
 142	71	 5.4576	 0.9668	   1.4814	        1.4829	          0.0015	   1.5525	7.616e-04	   0.079	   120.877
 143	72	 5.4580	 0.9652	   1.4814	        1.4829	          0.0015	   1.4978	1.365e-04	   0.079	   121.811
 144	72	 5.4584	 0.9670	   1.4814	        1.4829	          0.0015	   1.5777	8.843e-04	   0.072	   122.706
 145	73	 5.4589	 0.9660	   1.4814	        1.4829	          0.0015	   1.5149	3.724e-04	   0.060	   123.584
 146	73	 5.4592	 0.9675	   1.4814	        1.4829	          0.0015	   1.5680	1.148e-03	   0.072	   124.457
 147	74	 5.4597	 0.9694	   1.4814	        1.4829	          0.0015	   1.5811	2.095e-03	   0.072	   125.316
 148	74	 5.4602	 0.9681	   1.4814	        1.4829	          0.0015	   1.5046	1.422e-03	   0.073	   126.191
 149	75	 5.4610	 0.9680	   1.4814	        1.4829	          0.0015	   1.5374	1.389e-03	   0.067	   127.060
 150	75	 5.4610	 0.9678	   1.4814	        1.4829	          0.0015	   1.5274	1.290e-03	   0.073	   127.911
 151	76	 5.4614	 0.9666	   1.4814	        1.4829	          0.0015	   1.5070	6.944e-04	   0.070	   128.754
 152	76	 5.4616	 0.9681	   1.4814	        1.4829	          0.0015	   1.5698	1.425e-03	   0.072	   129.640
 153	77	 5.4623	 0.9684	   1.4814	        1.4829	          0.0015	   1.5455	1.596e-03	   0.072	   130.509
 154	77	 5.4626	 0.9676	   1.4814	        1.4829	          0.0015	   1.5168	1.186e-03	   0.077	   131.366
 155	78	 5.4625	 0.9684	   1.4814	        1.4829	          0.0015	   1.5486	1.593e-03	   0.074	   132.237
 156	78	 5.4630	 0.9675	   1.4814	        1.4829	          0.0015	   1.5180	1.130e-03	   0.064	   133.074
 157	79	 5.4631	 0.9675	   1.4814	        1.4829	          0.0015	   1.5345	1.118e-03	   0.069	   133.924
 158	79	 5.4636	 0.9677	   1.4814	        1.4829	          0.0015	   1.5415	1.224e-03	   0.070	   134.797
 159	80	 5.4640	 0.9678	   1.4814	        1.4829	          0.0015	   1.5401	1.283e-03	   0.066	   135.636
 160	80	 5.4645	 0.9677	   1.4814	        1.4829	          0.0015	   1.5351	1.254e-03	   0.070	   136.481
 161	81	 5.4646	 0.9664	   1.4814	        1.4829	          0.0015	   1.5019	5.640e-04	   0.067	   137.351
 162	81	 5.4655	 0.9680	   1.4814	        1.4829	          0.0015	   1.5787	1.395e-03	   0.070	   138.198
 163	82	 5.4656	 0.9678	   1.4814	        1.4829	          0.0015	   1.5288	1.273e-03	   0.072	   139.047
 164	82	 5.4663	 0.9683	   1.4814	        1.4829	          0.0015	   1.5538	1.562e-03	   0.071	   139.891
 165	83	 5.4664	 0.9689	   1.4814	        1.4829	          0.0015	   1.5485	1.821e-03	   0.072	   140.743
 166	83	 5.4668	 0.9684	   1.4814	        1.4829	          0.0015	   1.5247	1.602e-03	   0.071	   141.601
 167	84	 5.4669	 0.9692	   1.4814	        1.4829	          0.0015	   1.5551	1.983e-03	   0.089	   142.489
 168	84	 5.4674	 0.9682	   1.4814	        1.4829	          0.0015	   1.5106	1.484e-03	   0.075	   143.372
 169	85	 5.4676	 0.9687	   1.4814	        1.4829	          0.0015	   1.5530	1.745e-03	   0.063	   144.213
 170	85	 5.4681	 0.9685	   1.4814	        1.4829	          0.0015	   1.5281	1.665e-03	   0.081	   145.101
 171	86	 5.4683	 0.9684	   1.4814	        1.4829	          0.0015	   1.5302	1.598e-03	   0.075	   145.967
 172	86	 5.4685	 0.9687	   1.4814	        1.4829	          0.0015	   1.5443	1.742e-03	   0.069	   146.820
 173	87	 5.4686	 0.9683	   1.4814	        1.4829	          0.0015	   1.5230	1.520e-03	   0.069	   147.687
 174	87	 5.4693	 0.9691	   1.4814	        1.4829	          0.0015	   1.5615	1.928e-03	   0.067	   148.553
 175	88	 5.4695	 0.9701	   1.4814	        1.4829	          0.0015	   1.5665	2.445e-03	   0.074	   149.402
 176	88	 5.4700	 0.9693	   1.4814	        1.4829	          0.0015	   1.5112	2.032e-03	   0.076	   150.276
 177	89	 5.4703	 0.9691	   1.4814	        1.4829	          0.0015	   1.5283	1.949e-03	   0.066	   151.125
 178	89	 5.4706	 0.9692	   1.4814	        1.4829	          0.0015	   1.5430	2.017e-03	   0.072	   151.978
 179	90	 5.4710	 0.9688	   1.4814	        1.4829	          0.0015	   1.5233	1.772e-03	   0.071	   152.849
 180	90	 5.4712	 0.9689	   1.4814	        1.4829	          0.0015	   1.5407	1.838e-03	   0.068	   153.684
 181	91	 5.4716	 0.9672	   1.4814	        1.4829	          0.0015	   1.4886	1.002e-03	   0.079	   154.542
 182	91	 5.4717	 0.9692	   1.4814	        1.4829	          0.0015	   1.5904	1.980e-03	   0.073	   155.395
 183	92	 5.4724	 0.9696	   1.4814	        1.4829	          0.0015	   1.5508	2.193e-03	   0.070	   156.250
 184	92	 5.4727	 0.9692	   1.4814	        1.4829	          0.0015	   1.5256	1.996e-03	   0.075	   157.102
 185	93	 5.4724	 0.9697	   1.4814	        1.4829	          0.0015	   1.5489	2.243e-03	   0.067	   157.965
 186	93	 5.4733	 0.9689	   1.4814	        1.4829	          0.0015	   1.5144	1.821e-03	   0.065	   158.807
 187	94	 5.4738	 0.9678	   1.4814	        1.4829	          0.0015	   1.5018	1.297e-03	   0.069	   159.657
 188	94	 5.4739	 0.9691	   1.4814	        1.4829	          0.0015	   1.5767	1.933e-03	   0.076	   160.507
 189	95	 5.4741	 0.9686	   1.4814	        1.4829	          0.0015	   1.5227	1.690e-03	   0.071	   161.401
 190	95	 5.4745	 0.9692	   1.4814	        1.4829	          0.0015	   1.5516	1.975e-03	   0.078	   162.290
 191	96	 5.4748	 0.9692	   1.4814	        1.4829	          0.0015	   1.5386	1.978e-03	   0.079	   163.235
 192	96	 5.4752	 0.9693	   1.4814	        1.4829	          0.0015	   1.5395	2.057e-03	   0.066	   164.118
 193	97	 5.4755	 0.9703	   1.4814	        1.4829	          0.0015	   1.5697	2.566e-03	   0.073	   164.961
 194	97	 5.4756	 0.9694	   1.4814	        1.4829	          0.0015	   1.5080	2.116e-03	   0.081	   165.834
 195	98	 5.4760	 0.9693	   1.4814	        1.4829	          0.0015	   1.5356	2.064e-03	   0.077	   166.709
 196	98	 5.4761	 0.9696	   1.4814	        1.4829	          0.0015	   1.5412	2.183e-03	   0.072	   167.556
 197	99	 5.4765	 0.9705	   1.4814	        1.4829	          0.0015	   1.5668	2.654e-03	   0.081	   168.462
 198	99	 5.4765	 0.9695	   1.4814	        1.4829	          0.0015	   1.5041	2.130e-03	   0.073	   169.376
 199	100	 5.4768	 0.9684	   1.4814	        1.4829	          0.0015	   1.5067	1.613e-03	   0.081	   170.290
 200	100	 5.4770	 0.9698	   1.4814	        1.4829	          0.0015	   1.5766	2.304e-03	   0.073	   171.189
 201	101	 5.4774	 0.9702	   1.4814	        1.4829	          0.0015	   1.5548	2.526e-03	   0.071	   172.076
 202	101	 5.4775	 0.9697	   1.4814	        1.4829	          0.0015	   1.5143	2.245e-03	   0.072	   172.929
 203	102	 5.4775	 0.9703	   1.4814	        1.4829	          0.0015	   1.5565	2.542e-03	   0.067	   173.779
 204	102	 5.4780	 0.9698	   1.4814	        1.4829	          0.0015	   1.5229	2.325e-03	   0.074	   174.640
 205	103	 5.4782	 0.9707	   1.4814	        1.4829	          0.0015	   1.5648	2.749e-03	   0.071	   175.488
 206	103	 5.4784	 0.9698	   1.4814	        1.4829	          0.0015	   1.5072	2.310e-03	   0.061	   176.323
 207	104	 5.4785	 0.9696	   1.4814	        1.4829	          0.0015	   1.5325	2.224e-03	   0.070	   177.197
 208	104	 5.4792	 0.9694	   1.4814	        1.4829	          0.0015	   1.5292	2.123e-03	   0.073	   178.053
 209	105	 5.4791	 0.9698	   1.4814	        1.4829	          0.0015	   1.5481	2.324e-03	   0.071	   178.894
 210	105	 5.4796	 0.9692	   1.4814	        1.4829	          0.0015	   1.5170	2.006e-03	   0.076	   179.762
 211	106	 5.4797	 0.9693	   1.4814	        1.4829	          0.0015	   1.5375	2.048e-03	   0.070	   180.609
 212	106	 5.4801	 0.9691	   1.4814	        1.4829	          0.0015	   1.5315	1.931e-03	   0.066	   181.452
 213	107	 5.4804	 0.9696	   1.4814	        1.4829	          0.0015	   1.5579	2.222e-03	   0.073	   182.302
 214	107	 5.4803	 0.9688	   1.4814	        1.4829	          0.0015	   1.5036	1.818e-03	   0.072	   183.143
 215	108	 5.4805	 0.9677	   1.4814	        1.4829	          0.0015	   1.4963	1.238e-03	   0.073	   184.055
 216	108	 5.4809	 0.9689	   1.4814	        1.4829	          0.0015	   1.5792	1.844e-03	   0.069	   184.926
 217	109	 5.4813	 0.9685	   1.4814	        1.4829	          0.0015	   1.5201	1.632e-03	   0.074	   185.777
 218	109	 5.4813	 0.9689	   1.4814	        1.4829	          0.0015	   1.5535	1.856e-03	   0.075	   186.627
 219	110	 5.4814	 0.9694	   1.4814	        1.4829	          0.0015	   1.5543	2.104e-03	   0.068	   187.501
 220	110	 5.4818	 0.9690	   1.4814	        1.4829	          0.0015	   1.5236	1.918e-03	   0.069	   188.362
 221	111	 5.4820	 0.9689	   1.4814	        1.4829	          0.0015	   1.5261	1.824e-03	   0.080	   189.238
 222	111	 5.4822	 0.9688	   1.4814	        1.4829	          0.0015	   1.5356	1.796e-03	   0.076	   190.106
 223	112	 5.4828	 0.9691	   1.4814	        1.4829	          0.0015	   1.5479	1.939e-03	   0.080	   190.973
 224	112	 5.4828	 0.9687	   1.4814	        1.4829	          0.0015	   1.5233	1.751e-03	   0.073	   191.850
 225	113	 5.4832	 0.9678	   1.4814	        1.4829	          0.0015	   1.5058	1.285e-03	   0.075	   192.697
 226	113	 5.4833	 0.9684	   1.4814	        1.4829	          0.0015	   1.5560	1.582e-03	   0.071	   193.537
 227	114	 5.4837	 0.9683	   1.4814	        1.4829	          0.0015	   1.5346	1.530e-03	   0.068	   194.380
 228	114	 5.4835	 0.9687	   1.4814	        1.4829	          0.0015	   1.5453	1.721e-03	   0.075	   195.253
 229	115	 5.4840	 0.9688	   1.4814	        1.4829	          0.0015	   1.5433	1.807e-03	   0.067	   196.097
 230	115	 5.4840	 0.9686	   1.4814	        1.4829	          0.0015	   1.5277	1.699e-03	   0.068	   196.942
 231	116	 5.4844	 0.9689	   1.4814	        1.4829	          0.0015	   1.5447	1.822e-03	   0.079	   197.801
 232	116	 5.4846	 0.9684	   1.4814	        1.4829	          0.0015	   1.5214	1.577e-03	   0.060	   198.658
 233	117	 5.4848	 0.9684	   1.4814	        1.4829	          0.0015	   1.5339	1.575e-03	   0.069	   199.499
 234	117	 5.4851	 0.9687	   1.4814	        1.4829	          0.0015	   1.5495	1.727e-03	   0.077	   200.373
 235	118	 5.4854	 0.9691	   1.4814	        1.4829	          0.0015	   1.5517	1.929e-03	   0.067	   201.218
 236	118	 5.4855	 0.9690	   1.4814	        1.4829	          0.0015	   1.5322	1.886e-03	   0.073	   202.101
 237	119	 5.4860	 0.9690	   1.4814	        1.4829	          0.0015	   1.5353	1.882e-03	   0.073	   202.986
 238	119	 5.4859	 0.9691	   1.4814	        1.4829	          0.0015	   1.5430	1.970e-03	   0.075	   203.863
 239	120	 5.4859	 0.9687	   1.4814	        1.4829	          0.0015	   1.5188	1.732e-03	   0.077	   204.740
 240	120	 5.4862	 0.9694	   1.4814	        1.4829	          0.0015	   1.5609	2.089e-03	   0.073	   205.629
 241	121	 5.4860	 0.9682	   1.4814	        1.4829	          0.0015	   1.4913	1.496e-03	   0.073	   206.493
 242	121	 5.4869	 0.9693	   1.4814	        1.4829	          0.0015	   1.5795	2.043e-03	   0.074	   207.344
 243	122	 5.4872	 0.9694	   1.4814	        1.4829	          0.0015	   1.5441	2.106e-03	   0.068	   208.202
 244	122	 5.4873	 0.9689	   1.4814	        1.4829	          0.0015	   1.5164	1.864e-03	   0.069	   209.052
 245	123	 5.4877	 0.9694	   1.4814	        1.4829	          0.0015	   1.5525	2.078e-03	   0.064	   209.882
 246	123	 5.4878	 0.9686	   1.4814	        1.4829	          0.0015	   1.5063	1.703e-03	   0.067	   210.632
 247	124	 5.4881	 0.9689	   1.4814	        1.4829	          0.0015	   1.5525	1.866e-03	   0.059	   211.446
 248	124	 5.4884	 0.9689	   1.4814	        1.4829	          0.0015	   1.5314	1.827e-03	   0.082	   212.224
 249	125	 5.4887	 0.9690	   1.4814	        1.4829	          0.0015	   1.5423	1.901e-03	   0.056	   212.940
 250	125	 5.4887	 0.9689	   1.4814	        1.4829	          0.0015	   1.5299	1.840e-03	   0.061	   213.623
 251	126	 5.4891	 0.9686	   1.4814	        1.4829	          0.0015	   1.5257	1.685e-03	   0.064	   214.308
 252	126	 5.4891	 0.9689	   1.4814	        1.4829	          0.0015	   1.5446	1.821e-03	   0.057	   215.005
 253	127	 5.4892	 0.9684	   1.4814	        1.4829	          0.0015	   1.5163	1.593e-03	   0.069	   215.692
 254	127	 5.4894	 0.9689	   1.4814	        1.4829	          0.0015	   1.5560	1.836e-03	   0.058	   216.375
 255	128	 5.4899	 0.9689	   1.4814	        1.4829	          0.0015	   1.5360	1.840e-03	   0.066	   217.060
 256	128	 5.4900	 0.9688	   1.4814	        1.4829	          0.0015	   1.5358	1.807e-03	   0.066	   217.767
 257	129	 5.4898	 0.9685	   1.4814	        1.4829	          0.0015	   1.5252	1.651e-03	   0.057	   218.445
 258	129	 5.4903	 0.9687	   1.4814	        1.4829	          0.0015	   1.5397	1.747e-03	   0.067	   219.141
 259	130	 5.4906	 0.9687	   1.4814	        1.4829	          0.0015	   1.5364	1.735e-03	   0.060	   219.833
 260	130	 5.4907	 0.9688	   1.4814	        1.4829	          0.0015	   1.5397	1.812e-03	   0.069	   220.516
 261	131	 5.4909	 0.9683	   1.4814	        1.4829	          0.0015	   1.5168	1.555e-03	   0.065	   221.202
 262	131	 5.4910	 0.9689	   1.4814	        1.4829	          0.0015	   1.5564	1.831e-03	   0.061	   221.911
 263	132	 5.4913	 0.9694	   1.4814	        1.4829	          0.0015	   1.5567	2.102e-03	   0.063	   222.600
 264	132	 5.4914	 0.9689	   1.4814	        1.4829	          0.0015	   1.5165	1.844e-03	   0.069	   223.324
 265	133	 5.4918	 0.9685	   1.4814	        1.4829	          0.0015	   1.5217	1.619e-03	   0.058	   224.016
 266	133	 5.4919	 0.9692	   1.4814	        1.4829	          0.0015	   1.5625	1.976e-03	   0.062	   224.687
 267	134	 5.4922	 0.9693	   1.4814	        1.4829	          0.0015	   1.5462	2.051e-03	   0.064	   225.357
 268	134	 5.4924	 0.9692	   1.4814	        1.4829	          0.0015	   1.5291	1.992e-03	   0.061	   226.036
 269	135	 5.4928	 0.9685	   1.4814	        1.4829	          0.0015	   1.5088	1.635e-03	   0.061	   226.702
 270	135	 5.4927	 0.9690	   1.4814	        1.4829	          0.0015	   1.5555	1.903e-03	   0.057	   227.373
 271	136	 5.4930	 0.9688	   1.4814	        1.4829	          0.0015	   1.5274	1.818e-03	   0.064	   228.080
 272	136	 5.4931	 0.9690	   1.4814	        1.4829	          0.0015	   1.5471	1.919e-03	   0.058	   228.736
 273	137	 5.4934	 0.9689	   1.4814	        1.4829	          0.0015	   1.5276	1.824e-03	   0.059	   229.381
 274	137	 5.4935	 0.9692	   1.4814	        1.4829	          0.0015	   1.5513	1.979e-03	   0.062	   230.035
 275	138	 5.4936	 0.9685	   1.4814	        1.4829	          0.0015	   1.5051	1.627e-03	   0.058	   230.687
 276	138	 5.4938	 0.9691	   1.4814	        1.4829	          0.0015	   1.5658	1.955e-03	   0.065	   231.339
 277	139	 5.4938	 0.9693	   1.4814	        1.4829	          0.0015	   1.5419	2.029e-03	   0.069	   232.011
 278	139	 5.4940	 0.9694	   1.4814	        1.4829	          0.0015	   1.5452	2.115e-03	   0.056	   232.649
 279	140	 5.4943	 0.9691	   1.4814	        1.4829	          0.0015	   1.5282	1.959e-03	   0.061	   233.298
 280	140	 5.4943	 0.9693	   1.4814	        1.4829	          0.0015	   1.5372	2.041e-03	   0.072	   233.976
 281	141	 5.4946	 0.9698	   1.4814	        1.4829	          0.0015	   1.5636	2.325e-03	   0.060	   234.620
 282	141	 5.4948	 0.9694	   1.4814	        1.4829	          0.0015	   1.5155	2.086e-03	   0.065	   235.299
 283	142	 5.4951	 0.9688	   1.4814	        1.4829	          0.0015	   1.5123	1.790e-03	   0.057	   236.012
 284	142	 5.4951	 0.9694	   1.4814	        1.4829	          0.0015	   1.5616	2.097e-03	   0.063	   236.685
 285	143	 5.4953	 0.9695	   1.4814	        1.4829	          0.0015	   1.5461	2.168e-03	   0.062	   237.365
 286	143	 5.4956	 0.9694	   1.4814	        1.4829	          0.0015	   1.5298	2.110e-03	   0.061	   238.043
 287	144	 5.4958	 0.9691	   1.4814	        1.4829	          0.0015	   1.5203	1.926e-03	   0.063	   238.706
 288	144	 5.4961	 0.9691	   1.4814	        1.4829	          0.0015	   1.5417	1.962e-03	   0.064	   239.383
 289	145	 5.4962	 0.9685	   1.4814	        1.4829	          0.0015	   1.5065	1.629e-03	   0.061	   240.049
 290	145	 5.4966	 0.9689	   1.4814	        1.4829	          0.0015	   1.5582	1.846e-03	   0.060	   240.709
 291	146	 5.4969	 0.9687	   1.4814	        1.4829	          0.0015	   1.5279	1.764e-03	   0.060	   241.395
 292	146	 5.4970	 0.9689	   1.4814	        1.4829	          0.0015	   1.5433	1.832e-03	   0.061	   242.114
 293	147	 5.4969	 0.9690	   1.4814	        1.4829	          0.0015	   1.5430	1.902e-03	   0.071	   242.844
 294	147	 5.4973	 0.9689	   1.4814	        1.4829	          0.0015	   1.5311	1.836e-03	   0.062	   243.527
 295	148	 5.4975	 0.9690	   1.4814	        1.4829	          0.0015	   1.5412	1.872e-03	   0.063	   244.240
 296	148	 5.4976	 0.9687	   1.4814	        1.4829	          0.0015	   1.5237	1.759e-03	   0.060	   244.919
 297	149	 5.4976	 0.9687	   1.4814	        1.4829	          0.0015	   1.5311	1.734e-03	   0.058	   245.561
 298	149	 5.4980	 0.9687	   1.4814	        1.4829	          0.0015	   1.5433	1.765e-03	   0.066	   246.215
 299	150	 5.4983	 0.9687	   1.4814	        1.4829	          0.0015	   1.5357	1.764e-03	   0.049	   246.853
 300	150	 5.4983	 0.9688	   1.4814	        1.4829	          0.0015	   1.5410	1.804e-03	   0.063	   247.508
 301	151	 5.4984	 0.9688	   1.4814	        1.4829	          0.0015	   1.5339	1.792e-03	   0.062	   248.184
 302	151	 5.4986	 0.9686	   1.4814	        1.4829	          0.0015	   1.5301	1.716e-03	   0.054	   248.826
 303	152	 5.4985	 0.9685	   1.4814	        1.4829	          0.0015	   1.5271	1.660e-03	   0.062	   249.478
 304	152	 5.4988	 0.9687	   1.4814	        1.4829	          0.0015	   1.5451	1.721e-03	   0.056	   250.127
 305	153	 5.4990	 0.9692	   1.4814	        1.4829	          0.0015	   1.5639	1.988e-03	   0.054	   250.792
 306	153	 5.4992	 0.9686	   1.4814	        1.4829	          0.0015	   1.5080	1.709e-03	   0.068	   251.445
 307	154	 5.4995	 0.9681	   1.4814	        1.4829	          0.0015	   1.5102	1.435e-03	   0.063	   252.114
 308	154	 5.4996	 0.9686	   1.4814	        1.4829	          0.0015	   1.5634	1.715e-03	   0.064	   252.767
 309	155	 5.4996	 0.9680	   1.4814	        1.4829	          0.0015	   1.5012	1.383e-03	   0.063	   253.425
 310	155	 5.5001	 0.9682	   1.4814	        1.4829	          0.0015	   1.5536	1.505e-03	   0.059	   254.101
 311	156	 5.5003	 0.9686	   1.4814	        1.4829	          0.0015	   1.5519	1.690e-03	   0.061	   254.746
 312	156	 5.5003	 0.9681	   1.4814	        1.4829	          0.0015	   1.5136	1.456e-03	   0.054	   255.395
 313	157	 5.5006	 0.9684	   1.4814	        1.4829	          0.0015	   1.5508	1.579e-03	   0.067	   256.081
 314	157	 5.5006	 0.9681	   1.4814	        1.4829	          0.0015	   1.5212	1.448e-03	   0.062	   256.751
 315	158	 5.5006	 0.9684	   1.4814	        1.4829	          0.0015	   1.5455	1.574e-03	   0.054	   257.400
 316	158	 5.5009	 0.9680	   1.4814	        1.4829	          0.0015	   1.5206	1.393e-03	   0.060	   258.062
 317	159	 5.5013	 0.9676	   1.4814	        1.4829	          0.0015	   1.5153	1.185e-03	   0.062	   258.742
 318	159	 5.5012	 0.9679	   1.4814	        1.4829	          0.0015	   1.5516	1.329e-03	   0.066	   259.408
 319	160	 5.5014	 0.9678	   1.4814	        1.4829	          0.0015	   1.5326	1.306e-03	   0.063	   260.113
 320	160	 5.5016	 0.9680	   1.4814	        1.4829	          0.0015	   1.5474	1.404e-03	   0.059	   260.786
 321	161	 5.5016	 0.9682	   1.4814	        1.4829	          0.0015	   1.5413	1.481e-03	   0.059	   261.431
 322	161	 5.5018	 0.9679	   1.4814	        1.4829	          0.0015	   1.5232	1.355e-03	   0.063	   262.090
 323	162	 5.5016	 0.9689	   1.4814	        1.4829	          0.0015	   1.5796	1.822e-03	   0.056	   262.728
 324	162	 5.5018	 0.9682	   1.4814	        1.4829	          0.0015	   1.5058	1.507e-03	   0.056	   263.379
 325	163	 5.5021	 0.9681	   1.4814	        1.4829	          0.0015	   1.5285	1.417e-03	   0.061	   264.041
 326	163	 5.5022	 0.9680	   1.4814	        1.4829	          0.0015	   1.5351	1.409e-03	   0.058	   264.692
 327	164	 5.5024	 0.9678	   1.4814	        1.4829	          0.0015	   1.5248	1.297e-03	   0.065	   265.352
 328	164	 5.5026	 0.9682	   1.4814	        1.4829	          0.0015	   1.5544	1.478e-03	   0.055	   265.996
 329	165	 5.5027	 0.9688	   1.4814	        1.4829	          0.0015	   1.5684	1.779e-03	   0.060	   266.685
 330	165	 5.5030	 0.9682	   1.4814	        1.4829	          0.0015	   1.5060	1.484e-03	   0.066	   267.386
 331	166	 5.5033	 0.9674	   1.4814	        1.4829	          0.0015	   1.4974	1.074e-03	   0.053	   268.029
 332	166	 5.5033	 0.9678	   1.4814	        1.4829	          0.0015	   1.5546	1.277e-03	   0.059	   268.706
 333	167	 5.5036	 0.9679	   1.4814	        1.4829	          0.0015	   1.5403	1.317e-03	   0.062	   269.398
 334	167	 5.5037	 0.9677	   1.4814	        1.4829	          0.0015	   1.5297	1.247e-03	   0.062	   270.075
 335	168	 5.5038	 0.9677	   1.4814	        1.4829	          0.0015	   1.5345	1.224e-03	   0.067	   270.729
 336	168	 5.5040	 0.9677	   1.4814	        1.4829	          0.0015	   1.5357	1.220e-03	   0.055	   271.370
 337	169	 5.5042	 0.9680	   1.4814	        1.4829	          0.0015	   1.5528	1.388e-03	   0.063	   272.045
 338	169	 5.5043	 0.9675	   1.4814	        1.4829	          0.0015	   1.5116	1.151e-03	   0.067	   272.724
 339	170	 5.5045	 0.9683	   1.4814	        1.4829	          0.0015	   1.5785	1.540e-03	   0.056	   273.366
 340	170	 5.5047	 0.9677	   1.4814	        1.4829	          0.0015	   1.5026	1.222e-03	   0.066	   274.020
 341	171	 5.5048	 0.9679	   1.4814	        1.4829	          0.0015	   1.5476	1.326e-03	   0.062	   274.715
 342	171	 5.5050	 0.9672	   1.4814	        1.4829	          0.0015	   1.5006	9.904e-04	   0.062	   275.418
 343	172	 5.5051	 0.9676	   1.4814	        1.4829	          0.0015	   1.5570	1.207e-03	   0.065	   276.112
 344	172	 5.5053	 0.9672	   1.4814	        1.4829	          0.0015	   1.5111	9.726e-04	   0.053	   276.780
 345	173	 5.5053	 0.9675	   1.4814	        1.4829	          0.0015	   1.5511	1.108e-03	   0.057	   277.437
 346	173	 5.5056	 0.9672	   1.4814	        1.4829	          0.0015	   1.5212	9.728e-04	   0.058	   278.091
 347	174	 5.5058	 0.9670	   1.4814	        1.4829	          0.0015	   1.5273	8.695e-04	   0.062	   278.738
 348	174	 5.5058	 0.9673	   1.4814	        1.4829	          0.0015	   1.5496	1.036e-03	   0.062	   279.394
 349	175	 5.5059	 0.9678	   1.4814	        1.4829	          0.0015	   1.5591	1.261e-03	   0.051	   280.037
 350	175	 5.5061	 0.9675	   1.4814	        1.4829	          0.0015	   1.5207	1.115e-03	   0.060	   280.708
 351	176	 5.5061	 0.9676	   1.4814	        1.4829	          0.0015	   1.5389	1.167e-03	   0.061	   281.361
 352	176	 5.5062	 0.9674	   1.4814	        1.4829	          0.0015	   1.5254	1.064e-03	   0.053	   282.000
 353	177	 5.5065	 0.9668	   1.4814	        1.4829	          0.0015	   1.5085	7.926e-04	   0.067	   282.662
 354	177	 5.5065	 0.9672	   1.4814	        1.4829	          0.0015	   1.5534	9.786e-04	   0.059	   283.329
 355	178	 5.5064	 0.9668	   1.4814	        1.4829	          0.0015	   1.5114	7.695e-04	   0.059	   283.974
 356	178	 5.5069	 0.9670	   1.4814	        1.4829	          0.0015	   1.5507	8.875e-04	   0.065	   284.650
 357	179	 5.5070	 0.9667	   1.4814	        1.4829	          0.0015	   1.5197	7.438e-04	   0.055	   285.328
 358	179	 5.5071	 0.9671	   1.4814	        1.4829	          0.0015	   1.5559	9.326e-04	   0.060	   285.980
 359	180	 5.5073	 0.9667	   1.4814	        1.4829	          0.0015	   1.5159	7.439e-04	   0.059	   286.628
 360	180	 5.5074	 0.9671	   1.4814	        1.4829	          0.0015	   1.5554	9.154e-04	   0.058	   287.273
 361	181	 5.5076	 0.9678	   1.4814	        1.4829	          0.0015	   1.5738	1.263e-03	   0.065	   287.937
 362	181	 5.5078	 0.9671	   1.4814	        1.4829	          0.0015	   1.4986	9.179e-04	   0.054	   288.615
 363	182	 5.5082	 0.9665	   1.4814	        1.4829	          0.0015	   1.5017	6.137e-04	   0.060	   289.279
 364	182	 5.5083	 0.9669	   1.4814	        1.4829	          0.0015	   1.5620	8.462e-04	   0.062	   289.929
 365	183	 5.5085	 0.9670	   1.4814	        1.4829	          0.0015	   1.5371	8.655e-04	   0.054	   290.593
 366	183	 5.5087	 0.9669	   1.4814	        1.4829	          0.0015	   1.5316	8.244e-04	   0.066	   291.307
 367	184	 5.5089	 0.9671	   1.4814	        1.4829	          0.0015	   1.5512	9.466e-04	   0.064	   291.968
 368	184	 5.5089	 0.9670	   1.4814	        1.4829	          0.0015	   1.5255	8.648e-04	   0.063	   292.653
 369	185	 5.5092	 0.9679	   1.4814	        1.4829	          0.0015	   1.5953	1.361e-03	   0.059	   293.318
 370	185	 5.5091	 0.9671	   1.4814	        1.4829	          0.0015	   1.4807	9.066e-04	   0.054	   293.968
 371	186	 5.5094	 0.9669	   1.4814	        1.4829	          0.0015	   1.5260	8.201e-04	   0.058	   294.612
 372	186	 5.5094	 0.9667	   1.4814	        1.4829	          0.0015	   1.5235	7.074e-04	   0.055	   295.261
 373	187	 5.5095	 0.9667	   1.4814	        1.4829	          0.0015	   1.5410	7.264e-04	   0.057	   295.910
 374	187	 5.5097	 0.9668	   1.4814	        1.4829	          0.0015	   1.5347	7.535e-04	   0.064	   296.577
 375	188	 5.5098	 0.9670	   1.4814	        1.4829	          0.0015	   1.5484	8.600e-04	   0.063	   297.254
 376	188	 5.5100	 0.9666	   1.4814	        1.4829	          0.0015	   1.5169	6.892e-04	   0.066	   297.944
 377	189	 5.5102	 0.9666	   1.4814	        1.4829	          0.0015	   1.5411	6.962e-04	   0.057	   298.618
 378	189	 5.5103	 0.9666	   1.4814	        1.4829	          0.0015	   1.5279	6.847e-04	   0.056	   299.303
 379	190	 5.5105	 0.9666	   1.4814	        1.4829	          0.0015	   1.5357	6.884e-04	   0.056	   299.943
 380	190	 5.5105	 0.9666	   1.4814	        1.4829	          0.0015	   1.5348	6.920e-04	   0.073	   300.643
 381	191	 5.5105	 0.9669	   1.4814	        1.4829	          0.0015	   1.5509	8.041e-04	   0.058	   301.326
 382	191	 5.5107	 0.9667	   1.4814	        1.4829	          0.0015	   1.5265	7.474e-04	   0.057	   301.991
 383	192	 5.5110	 0.9664	   1.4814	        1.4829	          0.0015	   1.5199	5.896e-04	   0.064	   302.682
 384	192	 5.5111	 0.9666	   1.4814	        1.4829	          0.0015	   1.5430	6.564e-04	   0.058	   303.369
 385	193	 5.5114	 0.9667	   1.4814	        1.4829	          0.0015	   1.5444	7.484e-04	   0.065	   304.069
 386	193	 5.5114	 0.9665	   1.4814	        1.4829	          0.0015	   1.5234	6.386e-04	   0.059	   304.764
 387	194	 5.5116	 0.9664	   1.4814	        1.4829	          0.0015	   1.5298	5.813e-04	   0.061	   305.456
 388	194	 5.5116	 0.9666	   1.4814	        1.4829	          0.0015	   1.5449	6.882e-04	   0.064	   306.111
 389	195	 5.5119	 0.9666	   1.4814	        1.4829	          0.0015	   1.5307	6.604e-04	   0.058	   306.790
 390	195	 5.5119	 0.9667	   1.4814	        1.4829	          0.0015	   1.5444	7.085e-04	   0.066	   307.504
 391	196	 5.5119	 0.9669	   1.4814	        1.4829	          0.0015	   1.5456	8.153e-04	   0.054	   308.175
 392	196	 5.5121	 0.9665	   1.4814	        1.4829	          0.0015	   1.5141	6.349e-04	   0.057	   308.841
 393	197	 5.5121	 0.9663	   1.4814	        1.4829	          0.0015	   1.5237	5.442e-04	   0.071	   309.523
 394	197	 5.5123	 0.9664	   1.4814	        1.4829	          0.0015	   1.5386	5.730e-04	   0.055	   310.175
 395	198	 5.5124	 0.9665	   1.4814	        1.4829	          0.0015	   1.5412	6.310e-04	   0.061	   310.828
 396	198	 5.5125	 0.9664	   1.4814	        1.4829	          0.0015	   1.5277	5.677e-04	   0.063	   311.478
 397	199	 5.5127	 0.9664	   1.4814	        1.4829	          0.0015	   1.5364	5.516e-04	   0.054	   312.097
 398	199	 5.5128	 0.9666	   1.4814	        1.4829	          0.0015	   1.5473	6.656e-04	   0.062	   312.726
 399	200	 5.5130	 0.9663	   1.4814	        1.4829	          0.0015	   1.5196	5.214e-04	   0.050	   313.360
 400	200	 5.5131	 0.9666	   1.4814	        1.4829	          0.0015	   1.5548	6.959e-04	   0.059	   313.969

[BSGD] Finished on device cuda -> σ_f² ≈ 5.5131, σ_ε² ≈ 0.9666
