[GPU 0][JOB 193] 'python cli.py minimax --n 1024 --lengthscale 0.5 --sigma-f2-true 4.0 --sigma-eps2-true 1.0 --n-epochs 200 --device auto --kernel-mode finite --a 1e-4 --b 1e-3 --w-init-scale 0.1 --num-features 128 --print-every 1 --mu-increase-factor 1.0 --mu-increase-epochs 0 --seed 2 --batch-size 512 --mu 2.0 --lr-decay 1.0 --lr-decay-start-epoch 0 --sigma-f2-init 5.0 --sigma-eps2-init 3.0 '

=== MINIMAX + ORF (TMLR) ===
iter	epoch	σ_f²	σ_ε²	real_nlml	real_nlml_true	real_nlml_abs_err	orf_nlml	orf_nlml_true	ℓ_μ	|A-F|/|A|	|B|	cosBΔ	pen/pen*	lr_scale	||grad||	duration_s	wall_time_s
   1	 1	 5.0078	 3.0056	   1.6917	        1.4710	          0.2207	   1.6917	        1.4710	 2.2581	 2.0000	3.806e+01	 0.0786	 0.9891	 0.0778	 1.00000	1.090e-01	  78.582	    78.668
   2	 1	 5.0193	 3.0148	   1.6927	        1.4710	          0.2217	   1.6927	        1.4710	 2.2357	 2.0000	3.804e+01	 0.1541	 0.9963	 0.1536	 1.00000	1.088e-01	  77.495	   156.163
   3	 2	 5.0302	 3.0186	   1.6932	        1.4710	          0.2222	   1.6932	        1.4710	 2.2179	 2.0000	3.807e+01	 0.2296	 0.9980	 0.2291	 1.00000	1.087e-01	  72.136	   228.299
   4	 2	 5.0471	 3.0265	   1.6940	        1.4710	          0.2230	   1.6940	        1.4710	 2.1971	 2.0000	3.810e+01	 0.3072	 0.9975	 0.3064	 1.00000	1.086e-01	  62.930	   291.229
   5	 3	 5.0651	 3.0314	   1.6946	        1.4710	          0.2236	   1.6946	        1.4710	 2.1775	 2.0000	3.817e+01	 0.3839	 0.9979	 0.3831	 1.00000	1.085e-01	  53.435	   344.665
   6	 3	 5.0813	 3.0352	   1.6950	        1.4710	          0.2240	   1.6950	        1.4710	 2.1613	 2.0000	3.825e+01	 0.4584	 0.9983	 0.4577	 1.00000	1.084e-01	  47.323	   391.988
   7	 4	 5.1028	 3.0382	   1.6954	        1.4710	          0.2244	   1.6954	        1.4710	 2.1443	 2.0000	3.837e+01	 0.5348	 0.9988	 0.5341	 1.00000	1.083e-01	  46.190	   438.179
   8	 4	 5.1202	 3.0414	   1.6957	        1.4710	          0.2247	   1.6957	        1.4710	 2.1279	 2.0000	3.846e+01	 0.6113	 0.9989	 0.6106	 1.00000	1.083e-01	  38.297	   476.476
   9	 5	 5.1438	 3.0435	   1.6960	        1.4710	          0.2250	   1.6960	        1.4710	 2.1118	 2.0000	3.861e+01	 0.6890	 0.9989	 0.6882	 1.00000	1.082e-01	  32.612	   509.088
  10	 5	 5.1620	 3.0451	   1.6962	        1.4710	          0.2252	   1.6962	        1.4710	 2.0965	 2.0000	3.873e+01	 0.7669	 0.9992	 0.7663	 1.00000	1.082e-01	  32.684	   541.772
  11	 6	 5.1827	 3.0467	   1.6964	        1.4710	          0.2254	   1.6964	        1.4710	 2.0818	 2.0000	3.886e+01	 0.8437	 0.9993	 0.8431	 1.00000	1.082e-01	  31.932	   573.705
  12	 6	 5.2050	 3.0467	   1.6964	        1.4710	          0.2254	   1.6964	        1.4710	 2.0670	 2.0000	3.903e+01	 0.9228	 0.9994	 0.9222	 1.00000	1.082e-01	  29.351	   603.056
  13	 7	 5.2255	 3.0457	   1.6963	        1.4710	          0.2253	   1.6963	        1.4710	 2.0530	 2.0000	3.919e+01	 1.0000	 0.9993	 0.9993	 1.00000	1.082e-01	  29.459	   632.515
  14	 7	 5.2475	 3.0462	   1.6964	        1.4710	          0.2254	   1.6964	        1.4710	 2.0391	 2.0000	3.935e+01	 1.0000	 0.9995	 0.9995	 1.00000	1.082e-01	  29.477	   661.992
  15	 8	 5.2730	 3.0451	   1.6963	        1.4710	          0.2253	   1.6963	        1.4710	 2.0257	 2.0000	3.954e+01	 1.0000	 0.9996	 0.9996	 1.00000	1.082e-01	  27.869	   689.862
  16	 8	 5.2976	 3.0438	   1.6962	        1.4710	          0.2252	   1.6962	        1.4710	 2.0126	 2.0000	3.973e+01	 1.0000	 0.9996	 0.9996	 1.00000	1.082e-01	  16.789	   706.651
  17	 9	 5.3294	 3.0410	   1.6960	        1.4710	          0.2249	   1.6960	        1.4710	 1.9993	 2.0000	3.996e+01	 1.0000	 0.9996	 0.9996	 1.00000	1.083e-01	  16.636	   723.287
  18	 9	 5.3577	 3.0397	   1.6958	        1.4710	          0.2248	   1.6958	        1.4710	 1.9874	 2.0000	4.018e+01	 1.0000	 0.9996	 0.9996	 1.00000	1.083e-01	  16.703	   739.991
  19	10	 5.3943	 3.0386	   1.6958	        1.4710	          0.2248	   1.6958	        1.4710	 1.9747	 2.0000	4.045e+01	 1.0000	 0.9997	 0.9997	 1.00000	1.083e-01	  16.656	   756.647
  20	10	 5.4268	 3.0338	   1.6953	        1.4710	          0.2243	   1.6953	        1.4710	 1.9632	 2.0000	4.069e+01	 1.0000	 0.9997	 0.9997	 1.00000	1.084e-01	  16.784	   773.431
  21	11	 5.4619	 3.0294	   1.6949	        1.4710	          0.2239	   1.6949	        1.4710	 1.9521	 2.0000	4.096e+01	 1.0000	 0.9996	 0.9996	 1.00000	1.085e-01	  16.780	   790.212
  22	11	 5.5046	 3.0264	   1.6946	        1.4710	          0.2236	   1.6946	        1.4710	 1.9400	 2.0000	4.128e+01	 1.0000	 0.9997	 0.9997	 1.00000	1.086e-01	  10.727	   800.938
  23	12	 5.5417	 3.0211	   1.6941	        1.4710	          0.2231	   1.6941	        1.4710	 1.9292	 2.0000	4.155e+01	 1.0000	 0.9997	 0.9997	 1.00000	1.087e-01	   4.181	   805.119
  24	12	 5.5901	 3.0175	   1.6937	        1.4710	          0.2227	   1.6937	        1.4710	 1.9176	 2.0000	4.192e+01	 1.0000	 0.9997	 0.9997	 1.00000	1.087e-01	   4.224	   809.344
  25	13	 5.6410	 3.0134	   1.6934	        1.4710	          0.2223	   1.6934	        1.4710	 1.9060	 2.0000	4.230e+01	 1.0000	 0.9998	 0.9998	 1.00000	1.088e-01	   4.177	   813.521
  26	13	 5.6825	 3.0072	   1.6927	        1.4710	          0.2217	   1.6927	        1.4710	 1.8960	 2.0000	4.261e+01	 1.0000	 0.9997	 0.9997	 1.00000	1.089e-01	   4.242	   817.764
  27	14	 5.7249	 3.0024	   1.6923	        1.4710	          0.2213	   1.6923	        1.4710	 1.8862	 2.0000	4.293e+01	 1.0000	 0.9998	 0.9998	 1.00000	1.090e-01	   4.189	   821.954
  28	14	 5.7815	 2.9954	   1.6916	        1.4710	          0.2206	   1.6916	        1.4710	 1.8751	 2.0000	4.335e+01	 1.0000	 0.9998	 0.9998	 1.00000	1.091e-01	   4.227	   826.181
  29	15	 5.8496	 2.9920	   1.6913	        1.4710	          0.2203	   1.6913	        1.4710	 1.8633	 2.0000	4.386e+01	 1.0000	 0.9998	 0.9998	 1.00000	1.092e-01	   4.173	   830.354
  30	15	 5.8859	 2.9823	   1.6903	        1.4710	          0.2193	   1.6903	        1.4710	 1.8549	 2.0000	4.413e+01	 1.0000	 0.9999	 0.9999	 1.00000	1.094e-01	   4.227	   834.581
  31	16	 5.9403	 2.9762	   1.6897	        1.4710	          0.2187	   1.6897	        1.4710	 1.8452	 2.0000	4.454e+01	 1.0000	 0.9998	 0.9998	 1.00000	1.095e-01	   4.164	   838.746
  32	16	 5.9961	 2.9680	   1.6888	        1.4710	          0.2178	   1.6888	        1.4710	 1.8354	 2.0000	4.496e+01	 1.0000	 0.9997	 0.9997	 1.00000	1.097e-01	   4.105	   842.851
  33	17	 6.0601	 2.9610	   1.6882	        1.4710	          0.2172	   1.6882	        1.4710	 1.8253	 2.0000	4.544e+01	 1.0000	 0.9997	 0.9997	 1.00000	1.098e-01	   4.220	   847.072
  34	17	 6.1105	 2.9524	   1.6873	        1.4710	          0.2163	   1.6873	        1.4710	 1.8164	 2.0000	4.581e+01	 1.0000	 0.9998	 0.9998	 1.00000	1.100e-01	   4.148	   851.221
  35	18	 6.1720	 2.9450	   1.6866	        1.4710	          0.2156	   1.6866	        1.4710	 1.8071	 2.0000	4.628e+01	 1.0000	 0.9999	 0.9999	 1.00000	1.101e-01	   4.231	   855.451
  36	18	 6.2285	 2.9356	   1.6856	        1.4710	          0.2146	   1.6856	        1.4710	 1.7981	 2.0000	4.670e+01	 1.0000	 0.9998	 0.9998	 1.00000	1.103e-01	   4.181	   859.633
  37	19	 6.2860	 2.9272	   1.6847	        1.4710	          0.2137	   1.6847	        1.4710	 1.7896	 2.0000	4.713e+01	 1.0000	 0.9998	 0.9998	 1.00000	1.104e-01	   4.240	   863.873
  38	19	 6.3497	 2.9176	   1.6838	        1.4710	          0.2128	   1.6838	        1.4710	 1.7804	 2.0000	4.760e+01	 1.0000	 0.9997	 0.9997	 1.00000	1.106e-01	   4.189	   868.062
  39	20	 6.4052	 2.9072	   1.6827	        1.4710	          0.2117	   1.6827	        1.4710	 1.7721	 2.0000	4.802e+01	 1.0000	 0.9997	 0.9997	 1.00000	1.108e-01	   4.229	   872.291
  40	20	 6.4729	 2.8986	   1.6818	        1.4710	          0.2108	   1.6818	        1.4710	 1.7633	 2.0000	4.853e+01	 1.0000	 0.9997	 0.9997	 1.00000	1.110e-01	   4.186	   876.477
  41	21	 6.5377	 2.8888	   1.6808	        1.4710	          0.2098	   1.6808	        1.4710	 1.7548	 2.0000	4.901e+01	 1.0000	 0.9997	 0.9997	 1.00000	1.112e-01	   4.230	   880.708
  42	21	 6.5972	 2.8786	   1.6798	        1.4710	          0.2088	   1.6798	        1.4710	 1.7468	 2.0000	4.946e+01	 1.0000	 0.9997	 0.9997	 1.00000	1.114e-01	   4.186	   884.894
  43	22	 6.6629	 2.8682	   1.6787	        1.4710	          0.2077	   1.6787	        1.4710	 1.7386	 2.0000	4.995e+01	 1.0000	 0.9997	 0.9997	 1.00000	1.116e-01	   4.214	   889.108
  44	22	 6.7221	 2.8575	   1.6776	        1.4710	          0.2066	   1.6776	        1.4710	 1.7308	 2.0000	5.039e+01	 1.0000	 0.9997	 0.9997	 1.00000	1.118e-01	   4.079	   893.188
  45	23	 6.7816	 2.8470	   1.6765	        1.4710	          0.2055	   1.6765	        1.4710	 1.7233	 2.0000	5.084e+01	 1.0000	 0.9997	 0.9997	 1.00000	1.120e-01	   4.213	   897.401
  46	23	 6.8468	 2.8354	   1.6753	        1.4710	          0.2043	   1.6753	        1.4710	 1.7155	 2.0000	5.132e+01	 1.0000	 0.9998	 0.9998	 1.00000	1.122e-01	   4.149	   901.551
  47	24	 6.9054	 2.8244	   1.6741	        1.4710	          0.2031	   1.6741	        1.4710	 1.7080	 2.0000	5.176e+01	 1.0000	 0.9998	 0.9998	 1.00000	1.124e-01	   4.199	   905.750
  48	24	 6.9702	 2.8125	   1.6729	        1.4710	          0.2019	   1.6729	        1.4710	 1.7007	 2.0000	5.225e+01	 1.0000	 0.9998	 0.9998	 1.00000	1.126e-01	   4.160	   909.909
  49	25	 7.0266	 2.7997	   1.6715	        1.4710	          0.2005	   1.6715	        1.4710	 1.6937	 2.0000	5.267e+01	 1.0000	 0.9998	 0.9998	 1.00000	1.128e-01	   4.170	   914.080
  50	25	 7.0919	 2.7886	   1.6703	        1.4710	          0.1993	   1.6703	        1.4710	 1.6864	 2.0000	5.316e+01	 1.0000	 0.9997	 0.9997	 1.00000	1.131e-01	   4.155	   918.235
  51	26	 7.1491	 2.7760	   1.6690	        1.4710	          0.1980	   1.6690	        1.4710	 1.6795	 2.0000	5.359e+01	 1.0000	 0.9998	 0.9998	 1.00000	1.133e-01	   4.219	   922.454
  52	26	 7.2104	 2.7640	   1.6677	        1.4710	          0.1967	   1.6677	        1.4710	 1.6727	 2.0000	5.404e+01	 1.0000	 0.9997	 0.9997	 1.00000	1.135e-01	   4.148	   926.602
  53	27	 7.2747	 2.7511	   1.6663	        1.4710	          0.1953	   1.6663	        1.4710	 1.6657	 2.0000	5.452e+01	 1.0000	 0.9998	 0.9998	 1.00000	1.138e-01	   4.222	   930.824
  54	27	 7.3247	 2.7385	   1.6649	        1.4710	          0.1939	   1.6649	        1.4710	 1.6595	 2.0000	5.490e+01	 1.0000	 0.9998	 0.9998	 1.00000	1.140e-01	   4.171	   934.995
  55	28	 7.3524	 2.7240	   1.6633	        1.4710	          0.1923	   1.6633	        1.4710	 1.6540	 2.0000	5.510e+01	 1.0000	 0.9997	 0.9997	 1.00000	1.143e-01	   4.217	   939.212
  56	28	 7.4363	 2.7123	   1.6621	        1.4710	          0.1911	   1.6621	        1.4710	 1.6468	 2.0000	5.573e+01	 1.0000	 0.9998	 0.9998	 1.00000	1.145e-01	   4.142	   943.354
  57	29	 7.5171	 2.6996	   1.6607	        1.4710	          0.1897	   1.6607	        1.4710	 1.6399	 2.0000	5.634e+01	 1.0000	 0.9998	 0.9998	 1.00000	1.147e-01	   4.191	   947.545
  58	29	 7.5399	 2.6854	   1.6591	        1.4710	          0.1881	   1.6591	        1.4710	 1.6346	 2.0000	5.651e+01	 1.0000	 0.9998	 0.9998	 1.00000	1.150e-01	   4.150	   951.695
  59	30	 7.5940	 2.6717	   1.6576	        1.4710	          0.1866	   1.6576	        1.4710	 1.6285	 2.0000	5.691e+01	 1.0000	 0.9999	 0.9999	 1.00000	1.152e-01	   4.218	   955.913
  60	30	 7.6393	 2.6579	   1.6561	        1.4710	          0.1851	   1.6561	        1.4710	 1.6228	 2.0000	5.725e+01	 1.0000	 0.9998	 0.9998	 1.00000	1.155e-01	   4.134	   960.048
  61	31	 7.7030	 2.6437	   1.6545	        1.4710	          0.1835	   1.6545	        1.4710	 1.6166	 2.0000	5.773e+01	 1.0000	 0.9998	 0.9998	 1.00000	1.158e-01	   4.159	   964.207
  62	31	 7.7320	 2.6297	   1.6530	        1.4710	          0.1820	   1.6530	        1.4710	 1.6114	 2.0000	5.794e+01	 1.0000	 0.9998	 0.9998	 1.00000	1.160e-01	   4.182	   968.389
  63	32	 7.7813	 2.6158	   1.6514	        1.4710	          0.1804	   1.6514	        1.4710	 1.6058	 2.0000	5.831e+01	 1.0000	 0.9998	 0.9998	 1.00000	1.163e-01	   4.178	   972.568
  64	32	 7.8188	 2.6010	   1.6497	        1.4710	          0.1787	   1.6497	        1.4710	 1.6004	 2.0000	5.859e+01	 1.0000	 0.9997	 0.9997	 1.00000	1.165e-01	   4.101	   976.669
  65	33	 7.8380	 2.5852	   1.6479	        1.4710	          0.1769	   1.6479	        1.4710	 1.5954	 2.0000	5.873e+01	 1.0000	 0.9997	 0.9997	 1.00000	1.168e-01	   4.167	   980.837
  66	33	 7.9005	 2.5718	   1.6464	        1.4710	          0.1754	   1.6464	        1.4710	 1.5898	 2.0000	5.920e+01	 1.0000	 0.9996	 0.9996	 1.00000	1.171e-01	   4.188	   985.025
  67	34	 7.9125	 2.5561	   1.6446	        1.4710	          0.1736	   1.6446	        1.4710	 1.5851	 2.0000	5.929e+01	 1.0000	 0.9997	 0.9997	 1.00000	1.173e-01	   4.180	   989.205
  68	34	 7.9754	 2.5421	   1.6430	        1.4710	          0.1720	   1.6430	        1.4710	 1.5794	 2.0000	5.976e+01	 1.0000	 0.9997	 0.9997	 1.00000	1.176e-01	   4.206	   993.411
  69	35	 8.0326	 2.5266	   1.6413	        1.4710	          0.1703	   1.6413	        1.4710	 1.5738	 2.0000	6.018e+01	 1.0000	 0.9996	 0.9996	 1.00000	1.179e-01	   4.100	   997.512
  70	35	 8.0405	 2.5119	   1.6396	        1.4710	          0.1686	   1.6396	        1.4710	 1.5693	 2.0000	6.024e+01	 1.0000	 0.9996	 0.9996	 1.00000	1.181e-01	   4.220	  1001.733
  71	36	 8.0586	 2.4965	   1.6378	        1.4710	          0.1668	   1.6378	        1.4710	 1.5645	 2.0000	6.038e+01	 1.0000	 0.9996	 0.9996	 1.00000	1.184e-01	   4.165	  1005.898
  72	36	 8.1013	 2.4813	   1.6360	        1.4710	          0.1650	   1.6360	        1.4710	 1.5595	 2.0000	6.070e+01	 1.0000	 0.9997	 0.9997	 1.00000	1.187e-01	   4.220	  1010.118
  73	37	 8.1229	 2.4653	   1.6341	        1.4710	          0.1631	   1.6341	        1.4710	 1.5548	 2.0000	6.086e+01	 1.0000	 0.9997	 0.9997	 1.00000	1.189e-01	   4.150	  1014.269
  74	37	 8.1548	 2.4504	   1.6324	        1.4710	          0.1614	   1.6324	        1.4710	 1.5499	 2.0000	6.109e+01	 1.0000	 0.9997	 0.9997	 1.00000	1.192e-01	   4.211	  1018.480
  75	38	 8.1794	 2.4341	   1.6305	        1.4710	          0.1595	   1.6305	        1.4710	 1.5451	 2.0000	6.128e+01	 1.0000	 0.9996	 0.9996	 1.00000	1.195e-01	   4.152	  1022.633
  76	38	 8.2015	 2.4191	   1.6287	        1.4710	          0.1577	   1.6287	        1.4710	 1.5405	 2.0000	6.144e+01	 1.0000	 0.9996	 0.9996	 1.00000	1.197e-01	   4.215	  1026.847
  77	39	 8.2328	 2.4039	   1.6270	        1.4710	          0.1560	   1.6270	        1.4710	 1.5359	 2.0000	6.167e+01	 1.0000	 0.9997	 0.9997	 1.00000	1.200e-01	   4.157	  1031.005
  78	39	 8.2413	 2.3874	   1.6250	        1.4710	          0.1540	   1.6250	        1.4710	 1.5313	 2.0000	6.174e+01	 1.0000	 0.9997	 0.9997	 1.00000	1.202e-01	   4.218	  1035.224
  79	40	 8.2739	 2.3718	   1.6231	        1.4710	          0.1521	   1.6231	        1.4710	 1.5267	 2.0000	6.198e+01	 1.0000	 0.9995	 0.9995	 1.00000	1.205e-01	   4.178	  1039.402
  80	40	 8.2745	 2.3555	   1.6212	        1.4710	          0.1502	   1.6212	        1.4710	 1.5223	 2.0000	6.198e+01	 1.0000	 0.9995	 0.9995	 1.00000	1.207e-01	   4.195	  1043.598
  81	41	 8.2978	 2.3400	   1.6193	        1.4710	          0.1483	   1.6193	        1.4710	 1.5177	 2.0000	6.215e+01	 1.0000	 0.9994	 0.9994	 1.00000	1.210e-01	   4.201	  1047.799
  82	41	 8.3033	 2.3234	   1.6173	        1.4710	          0.1463	   1.6173	        1.4710	 1.5133	 2.0000	6.219e+01	 1.0000	 0.9995	 0.9995	 1.00000	1.212e-01	   4.198	  1051.997
  83	42	 8.3071	 2.3062	   1.6153	        1.4710	          0.1443	   1.6153	        1.4710	 1.5090	 2.0000	6.222e+01	 1.0000	 0.9996	 0.9996	 1.00000	1.215e-01	   4.247	  1056.244
  84	42	 8.3278	 2.2911	   1.6135	        1.4710	          0.1424	   1.6135	        1.4710	 1.5045	 2.0000	6.237e+01	 1.0000	 0.9995	 0.9995	 1.00000	1.217e-01	   4.153	  1060.397
  85	43	 8.3437	 2.2761	   1.6116	        1.4710	          0.1406	   1.6116	        1.4710	 1.5003	 2.0000	6.249e+01	 1.0000	 0.9995	 0.9995	 1.00000	1.219e-01	   4.253	  1064.651
  86	43	 8.3465	 2.2586	   1.6095	        1.4710	          0.1385	   1.6095	        1.4710	 1.4959	 2.0000	6.251e+01	 1.0000	 0.9994	 0.9994	 1.00000	1.221e-01	   4.198	  1068.849
  87	44	 8.3480	 2.2440	   1.6077	        1.4710	          0.1367	   1.6077	        1.4710	 1.4918	 2.0000	6.252e+01	 1.0000	 0.9994	 0.9994	 1.00000	1.223e-01	   4.258	  1073.107
  88	44	 8.3613	 2.2259	   1.6055	        1.4710	          0.1345	   1.6055	        1.4710	 1.4873	 2.0000	6.262e+01	 1.0000	 0.9992	 0.9992	 1.00000	1.226e-01	   4.138	  1077.244
  89	45	 8.3630	 2.2094	   1.6035	        1.4710	          0.1325	   1.6035	        1.4710	 1.4831	 2.0000	6.263e+01	 1.0000	 0.9994	 0.9994	 1.00000	1.228e-01	   4.247	  1081.492
  90	45	 8.3715	 2.1932	   1.6015	        1.4710	          0.1305	   1.6015	        1.4710	 1.4788	 2.0000	6.269e+01	 1.0000	 0.9993	 0.9993	 1.00000	1.230e-01	   4.179	  1085.671
  91	46	 8.3798	 2.1756	   1.5994	        1.4710	          0.1284	   1.5994	        1.4710	 1.4745	 2.0000	6.275e+01	 1.0000	 0.9993	 0.9993	 1.00000	1.232e-01	   4.246	  1089.917
  92	46	 8.3777	 2.1604	   1.5975	        1.4710	          0.1265	   1.5975	        1.4710	 1.4704	 2.0000	6.273e+01	 1.0000	 0.9993	 0.9993	 1.00000	1.233e-01	   4.205	  1094.123
  93	47	 8.3629	 2.1430	   1.5953	        1.4710	          0.1243	   1.5953	        1.4710	 1.4664	 2.0000	6.262e+01	 1.0000	 0.9995	 0.9995	 1.00000	1.235e-01	   4.220	  1098.343
  94	47	 8.3822	 2.1276	   1.5934	        1.4710	          0.1224	   1.5934	        1.4710	 1.4621	 2.0000	6.276e+01	 1.0000	 0.9995	 0.9995	 1.00000	1.237e-01	   4.190	  1102.534
  95	48	 8.3740	 2.1109	   1.5914	        1.4710	          0.1204	   1.5914	        1.4710	 1.4581	 2.0000	6.270e+01	 1.0000	 0.9995	 0.9995	 1.00000	1.238e-01	   4.212	  1106.746
  96	48	 8.3833	 2.0947	   1.5894	        1.4710	          0.1184	   1.5894	        1.4710	 1.4539	 2.0000	6.277e+01	 1.0000	 0.9996	 0.9996	 1.00000	1.240e-01	   4.201	  1110.947
  97	49	 8.3780	 2.0767	   1.5871	        1.4710	          0.1161	   1.5871	        1.4710	 1.4498	 2.0000	6.273e+01	 1.0000	 0.9997	 0.9997	 1.00000	1.241e-01	   4.198	  1115.145
  98	49	 8.3807	 2.0618	   1.5853	        1.4710	          0.1143	   1.5853	        1.4710	 1.4458	 2.0000	6.274e+01	 1.0000	 0.9995	 0.9995	 1.00000	1.242e-01	   4.213	  1119.358
  99	50	 8.3962	 2.0466	   1.5834	        1.4710	          0.1124	   1.5834	        1.4710	 1.4420	 2.0000	6.286e+01	 1.0000	 0.9995	 0.9995	 1.00000	1.243e-01	   4.208	  1123.567
 100	50	 8.3738	 2.0289	   1.5812	        1.4710	          0.1102	   1.5812	        1.4710	 1.4378	 2.0000	6.269e+01	 1.0000	 0.9995	 0.9995	 1.00000	1.244e-01	   3.965	  1127.532
 101	51	 8.3562	 2.0141	   1.5793	        1.4710	          0.1083	   1.5793	        1.4710	 1.4342	 2.0000	6.256e+01	 1.0000	 0.9996	 0.9996	 1.00000	1.245e-01	   4.279	  1131.811
 102	51	 8.3689	 1.9962	   1.5771	        1.4710	          0.1061	   1.5771	        1.4710	 1.4299	 2.0000	6.265e+01	 1.0000	 0.9996	 0.9996	 1.00000	1.246e-01	   4.468	  1136.279
 103	52	 8.3537	 1.9794	   1.5750	        1.4710	          0.1040	   1.5750	        1.4710	 1.4260	 2.0000	6.253e+01	 1.0000	 0.9997	 0.9997	 1.00000	1.246e-01	   4.177	  1140.457
 104	52	 8.3610	 1.9636	   1.5730	        1.4710	          0.1020	   1.5730	        1.4710	 1.4221	 2.0000	6.259e+01	 1.0000	 0.9997	 0.9997	 1.00000	1.247e-01	   4.216	  1144.673
 105	53	 8.3483	 1.9484	   1.5711	        1.4710	          0.1001	   1.5711	        1.4710	 1.4184	 2.0000	6.249e+01	 1.0000	 0.9996	 0.9996	 1.00000	1.247e-01	   4.200	  1148.874
 106	53	 8.3515	 1.9311	   1.5690	        1.4710	          0.0980	   1.5690	        1.4710	 1.4144	 2.0000	6.251e+01	 1.0000	 0.9995	 0.9995	 1.00000	1.247e-01	   4.210	  1153.084
 107	54	 8.3663	 1.9177	   1.5673	        1.4710	          0.0963	   1.5673	        1.4710	 1.4109	 2.0000	6.262e+01	 1.0000	 0.9994	 0.9994	 1.00000	1.247e-01	   4.183	  1157.268
 108	54	 8.3371	 1.8988	   1.5649	        1.4710	          0.0939	   1.5649	        1.4710	 1.4068	 2.0000	6.240e+01	 1.0000	 0.9994	 0.9994	 1.00000	1.246e-01	   4.200	  1161.468
 109	55	 8.3614	 1.8821	   1.5629	        1.4710	          0.0919	   1.5629	        1.4710	 1.4030	 2.0000	6.258e+01	 1.0000	 0.9994	 0.9994	 1.00000	1.246e-01	   4.251	  1165.720
 110	55	 8.3214	 1.8668	   1.5609	        1.4710	          0.0899	   1.5609	        1.4710	 1.3994	 2.0000	6.228e+01	 1.0000	 0.9993	 0.9993	 1.00000	1.245e-01	   4.196	  1169.917
 111	56	 8.2744	 1.8505	   1.5588	        1.4710	          0.0878	   1.5588	        1.4710	 1.3959	 2.0000	6.192e+01	 1.0000	 0.9993	 0.9993	 1.00000	1.244e-01	   4.236	  1174.153
 112	56	 8.3131	 1.8351	   1.5570	        1.4710	          0.0860	   1.5570	        1.4710	 1.3921	 2.0000	6.221e+01	 1.0000	 0.9995	 0.9995	 1.00000	1.243e-01	   4.155	  1178.308
 113	57	 8.3142	 1.8187	   1.5549	        1.4710	          0.0839	   1.5549	        1.4710	 1.3884	 2.0000	6.222e+01	 1.0000	 0.9995	 0.9995	 1.00000	1.242e-01	   4.226	  1182.534
 114	57	 8.2976	 1.8037	   1.5531	        1.4710	          0.0821	   1.5531	        1.4710	 1.3849	 2.0000	6.209e+01	 1.0000	 0.9996	 0.9996	 1.00000	1.240e-01	   4.152	  1186.686
 115	58	 8.2573	 1.7865	   1.5509	        1.4710	          0.0799	   1.5509	        1.4710	 1.3814	 2.0000	6.179e+01	 1.0000	 0.9996	 0.9996	 1.00000	1.238e-01	   4.270	  1190.956
 116	58	 8.2857	 1.7728	   1.5492	        1.4710	          0.0782	   1.5492	        1.4710	 1.3779	 2.0000	6.200e+01	 1.0000	 0.9996	 0.9996	 1.00000	1.236e-01	   4.155	  1195.111
 117	59	 8.2928	 1.7598	   1.5476	        1.4710	          0.0766	   1.5476	        1.4710	 1.3749	 2.0000	6.205e+01	 1.0000	 0.9996	 0.9996	 1.00000	1.234e-01	   4.226	  1199.337
 118	59	 8.2663	 1.7422	   1.5454	        1.4710	          0.0744	   1.5454	        1.4710	 1.3711	 2.0000	6.185e+01	 1.0000	 0.9995	 0.9995	 1.00000	1.232e-01	   4.162	  1203.499
 119	60	 8.2509	 1.7264	   1.5434	        1.4710	          0.0724	   1.5434	        1.4710	 1.3677	 2.0000	6.173e+01	 1.0000	 0.9996	 0.9996	 1.00000	1.229e-01	   4.182	  1207.681
 120	60	 8.2514	 1.7121	   1.5417	        1.4710	          0.0707	   1.5417	        1.4710	 1.3644	 2.0000	6.174e+01	 1.0000	 0.9997	 0.9997	 1.00000	1.226e-01	   4.195	  1211.876
 121	61	 8.2476	 1.6969	   1.5398	        1.4710	          0.0688	   1.5398	        1.4710	 1.3612	 2.0000	6.171e+01	 1.0000	 0.9997	 0.9997	 1.00000	1.222e-01	   4.213	  1216.090
 122	61	 8.2338	 1.6826	   1.5381	        1.4710	          0.0671	   1.5381	        1.4710	 1.3580	 2.0000	6.160e+01	 1.0000	 0.9996	 0.9996	 1.00000	1.219e-01	   4.173	  1220.263
 123	62	 8.2188	 1.6704	   1.5366	        1.4710	          0.0656	   1.5366	        1.4710	 1.3550	 2.0000	6.149e+01	 1.0000	 0.9997	 0.9997	 1.00000	1.216e-01	   4.258	  1224.521
 124	62	 8.2183	 1.6535	   1.5345	        1.4710	          0.0635	   1.5345	        1.4710	 1.3517	 2.0000	6.148e+01	 1.0000	 0.9997	 0.9997	 1.00000	1.211e-01	   4.215	  1228.736
 125	63	 8.1997	 1.6403	   1.5329	        1.4710	          0.0619	   1.5329	        1.4710	 1.3488	 2.0000	6.134e+01	 1.0000	 0.9996	 0.9996	 1.00000	1.207e-01	   4.241	  1232.977
 126	63	 8.2023	 1.6252	   1.5311	        1.4710	          0.0601	   1.5311	        1.4710	 1.3456	 2.0000	6.136e+01	 1.0000	 0.9997	 0.9997	 1.00000	1.202e-01	   4.211	  1237.188
 127	64	 8.2106	 1.6120	   1.5295	        1.4710	          0.0585	   1.5295	        1.4710	 1.3428	 2.0000	6.142e+01	 1.0000	 0.9997	 0.9997	 1.00000	1.197e-01	   4.160	  1241.349
 128	64	 8.1818	 1.5975	   1.5277	        1.4710	          0.0567	   1.5277	        1.4710	 1.3398	 2.0000	6.120e+01	 1.0000	 0.9997	 0.9997	 1.00000	1.191e-01	   4.204	  1245.553
 129	65	 8.1358	 1.5813	   1.5258	        1.4710	          0.0547	   1.5258	        1.4710	 1.3370	 2.0000	6.085e+01	 1.0000	 0.9997	 0.9997	 1.00000	1.185e-01	   4.223	  1249.776
 130	65	 8.1680	 1.5707	   1.5245	        1.4710	          0.0535	   1.5245	        1.4710	 1.3342	 2.0000	6.109e+01	 1.0000	 0.9997	 0.9997	 1.00000	1.180e-01	   4.154	  1253.931
 131	66	 8.1674	 1.5552	   1.5227	        1.4710	          0.0517	   1.5227	        1.4710	 1.3311	 2.0000	6.109e+01	 1.0000	 0.9996	 0.9996	 1.00000	1.173e-01	   4.174	  1258.105
 132	66	 8.1494	 1.5446	   1.5215	        1.4710	          0.0505	   1.5215	        1.4710	 1.3288	 2.0000	6.095e+01	 1.0000	 0.9996	 0.9996	 1.00000	1.167e-01	   4.228	  1262.333
 133	67	 8.0807	 1.5311	   1.5198	        1.4710	          0.0488	   1.5198	        1.4710	 1.3265	 2.0000	6.044e+01	 1.0000	 0.9997	 0.9997	 1.00000	1.160e-01	   4.237	  1266.571
 134	67	 8.1383	 1.5195	   1.5185	        1.4710	          0.0475	   1.5185	        1.4710	 1.3237	 2.0000	6.087e+01	 1.0000	 0.9997	 0.9997	 1.00000	1.154e-01	   4.209	  1270.779
 135	68	 8.1008	 1.5066	   1.5170	        1.4710	          0.0460	   1.5170	        1.4710	 1.3212	 2.0000	6.058e+01	 1.0000	 0.9997	 0.9997	 1.00000	1.146e-01	   4.214	  1274.993
 136	68	 8.1220	 1.4950	   1.5157	        1.4710	          0.0447	   1.5157	        1.4710	 1.3187	 2.0000	6.074e+01	 1.0000	 0.9997	 0.9997	 1.00000	1.139e-01	   4.188	  1279.181
 137	69	 8.0785	 1.4847	   1.5145	        1.4710	          0.0435	   1.5145	        1.4710	 1.3167	 2.0000	6.041e+01	 1.0000	 0.9998	 0.9998	 1.00000	1.132e-01	   4.221	  1283.403
 138	69	 8.1057	 1.4714	   1.5130	        1.4710	          0.0420	   1.5130	        1.4710	 1.3140	 2.0000	6.062e+01	 1.0000	 0.9997	 0.9997	 1.00000	1.123e-01	   4.182	  1287.585
 139	70	 8.0819	 1.4566	   1.5113	        1.4710	          0.0403	   1.5113	        1.4710	 1.3117	 2.0000	6.044e+01	 1.0000	 0.9995	 0.9995	 1.00000	1.113e-01	   4.218	  1291.804
 140	70	 8.0855	 1.4490	   1.5105	        1.4710	          0.0395	   1.5105	        1.4710	 1.3096	 2.0000	6.046e+01	 1.0000	 0.9995	 0.9995	 1.00000	1.107e-01	   4.208	  1296.011
 141	71	 8.1281	 1.4413	   1.5097	        1.4710	          0.0387	   1.5097	        1.4710	 1.3076	 2.0000	6.078e+01	 1.0000	 0.9995	 0.9995	 1.00000	1.101e-01	   4.206	  1300.218
 142	71	 8.0568	 1.4271	   1.5080	        1.4710	          0.0370	   1.5080	        1.4710	 1.3054	 2.0000	6.025e+01	 1.0000	 0.9995	 0.9995	 1.00000	1.089e-01	   4.201	  1304.419
 143	72	 8.0334	 1.4206	   1.5073	        1.4710	          0.0363	   1.5073	        1.4710	 1.3038	 2.0000	6.007e+01	 1.0000	 0.9995	 0.9995	 1.00000	1.084e-01	   4.166	  1308.585
 144	72	 8.0391	 1.4064	   1.5058	        1.4710	          0.0348	   1.5058	        1.4710	 1.3014	 2.0000	6.011e+01	 1.0000	 0.9995	 0.9995	 1.00000	1.071e-01	   4.213	  1312.798
 145	73	 8.0158	 1.3992	   1.5050	        1.4710	          0.0340	   1.5050	        1.4710	 1.2998	 2.0000	5.994e+01	 1.0000	 0.9995	 0.9995	 1.00000	1.064e-01	   4.220	  1317.018
 146	73	 8.0217	 1.3867	   1.5037	        1.4710	          0.0327	   1.5037	        1.4710	 1.2977	 2.0000	5.998e+01	 1.0000	 0.9995	 0.9995	 1.00000	1.052e-01	   4.179	  1321.197
 147	74	 8.0053	 1.3768	   1.5026	        1.4710	          0.0316	   1.5026	        1.4710	 1.2957	 2.0000	5.985e+01	 1.0000	 0.9994	 0.9994	 1.00000	1.042e-01	   4.216	  1325.413
 148	74	 8.0035	 1.3680	   1.5017	        1.4710	          0.0307	   1.5017	        1.4710	 1.2941	 2.0000	5.984e+01	 1.0000	 0.9995	 0.9995	 1.00000	1.033e-01	   4.219	  1329.632
 149	75	 8.0149	 1.3567	   1.5005	        1.4710	          0.0295	   1.5005	        1.4710	 1.2923	 2.0000	5.992e+01	 1.0000	 0.9993	 0.9993	 1.00000	1.021e-01	   4.188	  1333.820
 150	75	 7.9801	 1.3505	   1.4999	        1.4710	          0.0289	   1.4999	        1.4710	 1.2908	 2.0000	5.966e+01	 1.0000	 0.9993	 0.9993	 1.00000	1.014e-01	   4.206	  1338.026
 151	76	 7.9935	 1.3419	   1.4990	        1.4710	          0.0280	   1.4990	        1.4710	 1.2892	 2.0000	5.976e+01	 1.0000	 0.9994	 0.9994	 1.00000	1.004e-01	   4.195	  1342.221
 152	76	 7.9572	 1.3338	   1.4982	        1.4710	          0.0272	   1.4982	        1.4710	 1.2877	 2.0000	5.949e+01	 1.0000	 0.9994	 0.9994	 1.00000	9.943e-02	   4.196	  1346.417
 153	77	 7.9659	 1.3255	   1.4974	        1.4710	          0.0263	   1.4974	        1.4710	 1.2861	 2.0000	5.955e+01	 1.0000	 0.9995	 0.9995	 1.00000	9.839e-02	   4.206	  1350.623
 154	77	 7.9363	 1.3182	   1.4966	        1.4710	          0.0256	   1.4966	        1.4710	 1.2847	 2.0000	5.933e+01	 1.0000	 0.9995	 0.9995	 1.00000	9.747e-02	   4.189	  1354.813
 155	78	 7.8829	 1.3083	   1.4956	        1.4710	          0.0246	   1.4956	        1.4710	 1.2836	 2.0000	5.893e+01	 1.0000	 0.9995	 0.9995	 1.00000	9.616e-02	   4.196	  1359.009
 156	78	 7.9233	 1.3039	   1.4952	        1.4710	          0.0242	   1.4952	        1.4710	 1.2819	 2.0000	5.923e+01	 1.0000	 0.9997	 0.9997	 1.00000	9.556e-02	   4.203	  1363.212
 157	79	 7.9096	 1.2944	   1.4943	        1.4710	          0.0233	   1.4943	        1.4710	 1.2808	 2.0000	5.913e+01	 1.0000	 0.9997	 0.9997	 1.00000	9.423e-02	   4.197	  1367.410
 158	79	 7.9025	 1.2905	   1.4939	        1.4710	          0.0229	   1.4939	        1.4710	 1.2793	 2.0000	5.907e+01	 1.0000	 0.9997	 0.9997	 1.00000	9.367e-02	   4.217	  1371.627
 159	80	 7.9217	 1.2816	   1.4931	        1.4710	          0.0221	   1.4931	        1.4710	 1.2781	 2.0000	5.922e+01	 1.0000	 0.9998	 0.9998	 1.00000	9.236e-02	   4.199	  1375.827
 160	80	 7.8775	 1.2778	   1.4927	        1.4710	          0.0217	   1.4927	        1.4710	 1.2768	 2.0000	5.889e+01	 1.0000	 0.9998	 0.9998	 1.00000	9.179e-02	   4.186	  1380.013
 161	81	 7.8719	 1.2694	   1.4919	        1.4710	          0.0209	   1.4919	        1.4710	 1.2756	 2.0000	5.884e+01	 1.0000	 0.9997	 0.9997	 1.00000	9.051e-02	   4.206	  1384.219
 162	81	 7.8581	 1.2660	   1.4916	        1.4710	          0.0206	   1.4916	        1.4710	 1.2745	 2.0000	5.874e+01	 1.0000	 0.9997	 0.9997	 1.00000	8.997e-02	   4.199	  1388.418
 163	82	 7.7873	 1.2636	   1.4913	        1.4710	          0.0203	   1.4913	        1.4710	 1.2737	 2.0000	5.821e+01	 1.0000	 0.9998	 0.9998	 1.00000	8.958e-02	   4.209	  1392.627
 164	82	 7.8467	 1.2550	   1.4906	        1.4710	          0.0196	   1.4906	        1.4710	 1.2723	 2.0000	5.865e+01	 1.0000	 0.9997	 0.9997	 1.00000	8.818e-02	   4.195	  1396.822
 165	83	 7.8317	 1.2536	   1.4905	        1.4710	          0.0195	   1.4905	        1.4710	 1.2713	 2.0000	5.854e+01	 1.0000	 0.9998	 0.9998	 1.00000	8.795e-02	   4.213	  1401.036
 166	83	 7.8249	 1.2445	   1.4897	        1.4710	          0.0187	   1.4897	        1.4710	 1.2702	 2.0000	5.849e+01	 1.0000	 0.9997	 0.9997	 1.00000	8.641e-02	   4.185	  1405.221
 167	84	 7.8065	 1.2403	   1.4893	        1.4710	          0.0183	   1.4893	        1.4710	 1.2692	 2.0000	5.835e+01	 1.0000	 0.9997	 0.9997	 1.00000	8.568e-02	   4.199	  1409.420
 168	84	 7.8033	 1.2350	   1.4888	        1.4710	          0.0178	   1.4888	        1.4710	 1.2682	 2.0000	5.832e+01	 1.0000	 0.9997	 0.9997	 1.00000	8.474e-02	   4.180	  1413.600
 169	85	 7.7632	 1.2315	   1.4885	        1.4710	          0.0175	   1.4885	        1.4710	 1.2673	 2.0000	5.802e+01	 1.0000	 0.9997	 0.9997	 1.00000	8.411e-02	   4.241	  1417.842
 170	85	 7.7846	 1.2263	   1.4881	        1.4710	          0.0171	   1.4881	        1.4710	 1.2663	 2.0000	5.818e+01	 1.0000	 0.9997	 0.9997	 1.00000	8.317e-02	   4.194	  1422.036
 171	86	 7.7410	 1.2203	   1.4875	        1.4710	          0.0165	   1.4875	        1.4710	 1.2653	 2.0000	5.786e+01	 1.0000	 0.9996	 0.9996	 1.00000	8.204e-02	   4.253	  1426.289
 172	86	 7.7663	 1.2185	   1.4874	        1.4710	          0.0164	   1.4874	        1.4710	 1.2645	 2.0000	5.805e+01	 1.0000	 0.9997	 0.9997	 1.00000	8.171e-02	   4.191	  1430.480
 173	87	 7.7362	 1.2175	   1.4873	        1.4710	          0.0163	   1.4873	        1.4710	 1.2637	 2.0000	5.782e+01	 1.0000	 0.9997	 0.9997	 1.00000	8.150e-02	   4.215	  1434.696
 174	87	 7.7433	 1.2110	   1.4868	        1.4710	          0.0158	   1.4868	        1.4710	 1.2627	 2.0000	5.787e+01	 1.0000	 0.9997	 0.9997	 1.00000	8.025e-02	   4.202	  1438.898
 175	88	 7.8292	 1.2080	   1.4866	        1.4710	          0.0156	   1.4866	        1.4710	 1.2619	 2.0000	5.852e+01	 1.0000	 0.9997	 0.9997	 1.00000	7.966e-02	   4.208	  1443.106
 176	88	 7.7030	 1.2042	   1.4862	        1.4710	          0.0152	   1.4862	        1.4710	 1.2610	 2.0000	5.757e+01	 1.0000	 0.9998	 0.9998	 1.00000	7.891e-02	   4.213	  1447.319
 177	89	 7.6469	 1.2022	   1.4859	        1.4710	          0.0149	   1.4859	        1.4710	 1.2604	 2.0000	5.715e+01	 1.0000	 0.9998	 0.9998	 1.00000	7.851e-02	   4.187	  1451.507
 178	89	 7.6900	 1.1980	   1.4857	        1.4710	          0.0147	   1.4857	        1.4710	 1.2594	 2.0000	5.747e+01	 1.0000	 0.9997	 0.9997	 1.00000	7.763e-02	   4.210	  1455.717
 179	90	 7.7516	 1.1952	   1.4855	        1.4710	          0.0145	   1.4855	        1.4710	 1.2585	 2.0000	5.793e+01	 1.0000	 0.9997	 0.9997	 1.00000	7.705e-02	   4.169	  1459.886
 180	90	 7.6571	 1.1922	   1.4852	        1.4710	          0.0142	   1.4852	        1.4710	 1.2579	 2.0000	5.722e+01	 1.0000	 0.9998	 0.9998	 1.00000	7.643e-02	   4.201	  1464.088
 181	91	 7.6387	 1.1947	   1.4853	        1.4710	          0.0143	   1.4853	        1.4710	 1.2573	 2.0000	5.709e+01	 1.0000	 0.9997	 0.9997	 1.00000	7.695e-02	   4.057	  1468.146
 182	91	 7.6400	 1.1867	   1.4847	        1.4710	          0.0137	   1.4847	        1.4710	 1.2564	 2.0000	5.710e+01	 1.0000	 0.9998	 0.9998	 1.00000	7.526e-02	   4.209	  1472.355
 183	92	 7.6074	 1.1876	   1.4848	        1.4710	          0.0138	   1.4848	        1.4710	 1.2557	 2.0000	5.685e+01	 1.0000	 0.9996	 0.9996	 1.00000	7.546e-02	   4.383	  1476.738
 184	92	 7.6216	 1.1817	   1.4843	        1.4710	          0.0133	   1.4843	        1.4710	 1.2549	 2.0000	5.696e+01	 1.0000	 0.9996	 0.9996	 1.00000	7.416e-02	   4.117	  1480.855
 185	93	 7.6730	 1.1773	   1.4841	        1.4710	          0.0131	   1.4841	        1.4710	 1.2542	 2.0000	5.734e+01	 1.0000	 0.9997	 0.9997	 1.00000	7.320e-02	   4.163	  1485.019
 186	93	 7.5896	 1.1774	   1.4840	        1.4710	          0.0130	   1.4840	        1.4710	 1.2535	 2.0000	5.672e+01	 1.0000	 0.9997	 0.9997	 1.00000	7.321e-02	   4.168	  1489.187
 187	94	 7.5810	 1.1700	   1.4834	        1.4710	          0.0124	   1.4834	        1.4710	 1.2529	 2.0000	5.665e+01	 1.0000	 0.9998	 0.9998	 1.00000	7.155e-02	   4.169	  1493.356
 188	94	 7.5691	 1.1738	   1.4837	        1.4710	          0.0127	   1.4837	        1.4710	 1.2522	 2.0000	5.656e+01	 1.0000	 0.9998	 0.9998	 1.00000	7.241e-02	   4.173	  1497.530
 189	95	 7.5287	 1.1724	   1.4835	        1.4710	          0.0125	   1.4835	        1.4710	 1.2516	 2.0000	5.626e+01	 1.0000	 0.9998	 0.9998	 1.00000	7.210e-02	   4.177	  1501.706
 190	95	 7.5549	 1.1700	   1.4834	        1.4710	          0.0124	   1.4834	        1.4710	 1.2509	 2.0000	5.646e+01	 1.0000	 0.9997	 0.9997	 1.00000	7.155e-02	   4.176	  1505.882
 191	96	 7.5565	 1.1639	   1.4830	        1.4710	          0.0120	   1.4830	        1.4710	 1.2503	 2.0000	5.647e+01	 1.0000	 0.9995	 0.9995	 1.00000	7.012e-02	   4.177	  1510.059
 192	96	 7.5296	 1.1668	   1.4831	        1.4710	          0.0121	   1.4831	        1.4710	 1.2496	 2.0000	5.627e+01	 1.0000	 0.9994	 0.9994	 1.00000	7.080e-02	   4.192	  1514.251
 193	97	 7.5129	 1.1603	   1.4826	        1.4710	          0.0116	   1.4826	        1.4710	 1.2490	 2.0000	5.614e+01	 1.0000	 0.9996	 0.9996	 1.00000	6.928e-02	   4.222	  1518.473
 194	97	 7.5100	 1.1638	   1.4829	        1.4710	          0.0119	   1.4829	        1.4710	 1.2483	 2.0000	5.612e+01	 1.0000	 0.9997	 0.9997	 1.00000	7.011e-02	   4.184	  1522.658
 195	98	 7.4999	 1.1607	   1.4827	        1.4710	          0.0117	   1.4827	        1.4710	 1.2476	 2.0000	5.604e+01	 1.0000	 0.9996	 0.9996	 1.00000	6.938e-02	   4.228	  1526.886
 196	98	 7.4882	 1.1607	   1.4826	        1.4710	          0.0116	   1.4826	        1.4710	 1.2471	 2.0000	5.595e+01	 1.0000	 0.9997	 0.9997	 1.00000	6.938e-02	   4.164	  1531.050
 197	99	 7.4287	 1.1498	   1.4818	        1.4710	          0.0108	   1.4818	        1.4710	 1.2467	 2.0000	5.551e+01	 1.0000	 0.9996	 0.9996	 1.00000	6.672e-02	   4.186	  1535.236
 198	99	 7.4741	 1.1587	   1.4825	        1.4710	          0.0115	   1.4825	        1.4710	 1.2459	 2.0000	5.585e+01	 1.0000	 0.9996	 0.9996	 1.00000	6.890e-02	   4.185	  1539.422
 199	100	 7.4684	 1.1555	   1.4823	        1.4710	          0.0113	   1.4823	        1.4710	 1.2452	 2.0000	5.581e+01	 1.0000	 0.9995	 0.9995	 1.00000	6.812e-02	   4.189	  1543.611
 200	100	 7.4489	 1.1560	   1.4823	        1.4710	          0.0113	   1.4823	        1.4710	 1.2447	 2.0000	5.566e+01	 1.0000	 0.9994	 0.9994	 1.00000	6.824e-02	   4.172	  1547.784
 201	101	 7.4513	 1.1545	   1.4822	        1.4710	          0.0112	   1.4822	        1.4710	 1.2442	 2.0000	5.568e+01	 1.0000	 0.9996	 0.9996	 1.00000	6.787e-02	   4.185	  1551.969
 202	101	 7.4225	 1.1533	   1.4820	        1.4710	          0.0110	   1.4820	        1.4710	 1.2436	 2.0000	5.546e+01	 1.0000	 0.9997	 0.9997	 1.00000	6.759e-02	   4.149	  1556.118
 203	102	 7.4045	 1.1444	   1.4814	        1.4710	          0.0104	   1.4814	        1.4710	 1.2431	 2.0000	5.533e+01	 1.0000	 0.9996	 0.9996	 1.00000	6.537e-02	   4.161	  1560.279
 204	102	 7.4008	 1.1517	   1.4819	        1.4710	          0.0109	   1.4819	        1.4710	 1.2425	 2.0000	5.530e+01	 1.0000	 0.9996	 0.9996	 1.00000	6.719e-02	   4.178	  1564.458
 205	103	 7.3856	 1.1535	   1.4820	        1.4710	          0.0110	   1.4820	        1.4710	 1.2420	 2.0000	5.519e+01	 1.0000	 0.9997	 0.9997	 1.00000	6.763e-02	   4.164	  1568.622
 206	103	 7.3785	 1.1491	   1.4817	        1.4710	          0.0107	   1.4817	        1.4710	 1.2414	 2.0000	5.513e+01	 1.0000	 0.9997	 0.9997	 1.00000	6.656e-02	   4.107	  1572.729
 207	104	 7.4002	 1.1520	   1.4819	        1.4710	          0.0109	   1.4819	        1.4710	 1.2408	 2.0000	5.530e+01	 1.0000	 0.9997	 0.9997	 1.00000	6.727e-02	   4.169	  1576.898
 208	104	 7.3515	 1.1468	   1.4815	        1.4710	          0.0105	   1.4815	        1.4710	 1.2403	 2.0000	5.493e+01	 1.0000	 0.9997	 0.9997	 1.00000	6.597e-02	   4.167	  1581.065
 209	105	 7.3479	 1.1442	   1.4813	        1.4710	          0.0103	   1.4813	        1.4710	 1.2398	 2.0000	5.490e+01	 1.0000	 0.9998	 0.9998	 1.00000	6.532e-02	   4.178	  1585.243
 210	105	 7.3303	 1.1448	   1.4814	        1.4710	          0.0104	   1.4814	        1.4710	 1.2393	 2.0000	5.477e+01	 1.0000	 0.9997	 0.9997	 1.00000	6.547e-02	   4.169	  1589.412
 211	106	 7.2974	 1.1408	   1.4810	        1.4710	          0.0100	   1.4810	        1.4710	 1.2388	 2.0000	5.452e+01	 1.0000	 0.9997	 0.9997	 1.00000	6.445e-02	   4.143	  1593.556
 212	106	 7.3121	 1.1432	   1.4812	        1.4710	          0.0102	   1.4812	        1.4710	 1.2383	 2.0000	5.463e+01	 1.0000	 0.9997	 0.9997	 1.00000	6.507e-02	   4.165	  1597.721
 213	107	 7.2634	 1.1379	   1.4808	        1.4710	          0.0098	   1.4808	        1.4710	 1.2379	 2.0000	5.427e+01	 1.0000	 0.9997	 0.9997	 1.00000	6.369e-02	   4.125	  1601.846
 214	107	 7.2963	 1.1418	   1.4811	        1.4710	          0.0101	   1.4811	        1.4710	 1.2373	 2.0000	5.451e+01	 1.0000	 0.9997	 0.9997	 1.00000	6.471e-02	   4.137	  1605.983
 215	108	 7.2807	 1.1463	   1.4814	        1.4710	          0.0104	   1.4814	        1.4710	 1.2370	 2.0000	5.440e+01	 1.0000	 0.9997	 0.9997	 1.00000	6.586e-02	   4.156	  1610.139
 216	108	 7.2705	 1.1398	   1.4809	        1.4710	          0.0099	   1.4809	        1.4710	 1.2363	 2.0000	5.432e+01	 1.0000	 0.9997	 0.9997	 1.00000	6.419e-02	   4.167	  1614.307
 217	109	 7.3469	 1.1354	   1.4808	        1.4710	          0.0098	   1.4808	        1.4710	 1.2361	 2.0000	5.489e+01	 1.0000	 0.9996	 0.9996	 1.00000	6.306e-02	   4.177	  1618.484
 218	109	 7.2334	 1.1386	   1.4808	        1.4710	          0.0098	   1.4808	        1.4710	 1.2354	 2.0000	5.404e+01	 1.0000	 0.9997	 0.9997	 1.00000	6.388e-02	   4.164	  1622.648
 219	110	 7.2875	 1.1294	   1.4803	        1.4710	          0.0093	   1.4803	        1.4710	 1.2350	 2.0000	5.445e+01	 1.0000	 0.9998	 0.9998	 1.00000	6.146e-02	   4.137	  1626.785
 220	110	 7.2056	 1.1378	   1.4807	        1.4710	          0.0097	   1.4807	        1.4710	 1.2345	 2.0000	5.383e+01	 1.0000	 0.9997	 0.9997	 1.00000	6.369e-02	   4.195	  1630.981
 221	111	 7.2236	 1.1415	   1.4810	        1.4710	          0.0100	   1.4810	        1.4710	 1.2341	 2.0000	5.397e+01	 1.0000	 0.9997	 0.9997	 1.00000	6.463e-02	   4.135	  1635.116
 222	111	 7.1862	 1.1360	   1.4806	        1.4710	          0.0096	   1.4806	        1.4710	 1.2335	 2.0000	5.369e+01	 1.0000	 0.9997	 0.9997	 1.00000	6.320e-02	   4.196	  1639.313
 223	112	 7.1820	 1.1384	   1.4807	        1.4710	          0.0097	   1.4807	        1.4710	 1.2332	 2.0000	5.366e+01	 1.0000	 0.9997	 0.9997	 1.00000	6.384e-02	   4.076	  1643.389
 224	112	 7.1704	 1.1345	   1.4805	        1.4710	          0.0095	   1.4805	        1.4710	 1.2326	 2.0000	5.357e+01	 1.0000	 0.9996	 0.9996	 1.00000	6.281e-02	   4.192	  1647.581
 225	113	 7.1215	 1.1361	   1.4805	        1.4710	          0.0095	   1.4805	        1.4710	 1.2324	 2.0000	5.320e+01	 1.0000	 0.9997	 0.9997	 1.00000	6.323e-02	   4.135	  1651.716
 226	113	 7.1580	 1.1332	   1.4804	        1.4710	          0.0094	   1.4804	        1.4710	 1.2317	 2.0000	5.348e+01	 1.0000	 0.9997	 0.9997	 1.00000	6.247e-02	   4.204	  1655.920
 227	114	 7.1566	 1.1256	   1.4799	        1.4710	          0.0089	   1.4799	        1.4710	 1.2314	 2.0000	5.347e+01	 1.0000	 0.9997	 0.9997	 1.00000	6.043e-02	   4.119	  1660.040
 228	114	 7.1354	 1.1326	   1.4803	        1.4710	          0.0093	   1.4803	        1.4710	 1.2309	 2.0000	5.331e+01	 1.0000	 0.9997	 0.9997	 1.00000	6.230e-02	   4.195	  1664.234
 229	115	 7.1781	 1.1375	   1.4807	        1.4710	          0.0097	   1.4807	        1.4710	 1.2305	 2.0000	5.363e+01	 1.0000	 0.9997	 0.9997	 1.00000	6.361e-02	   4.123	  1668.358
 230	115	 7.1065	 1.1310	   1.4802	        1.4710	          0.0092	   1.4802	        1.4710	 1.2300	 2.0000	5.309e+01	 1.0000	 0.9997	 0.9997	 1.00000	6.188e-02	   4.195	  1672.554
 231	116	 7.1318	 1.1352	   1.4805	        1.4710	          0.0095	   1.4805	        1.4710	 1.2297	 2.0000	5.328e+01	 1.0000	 0.9996	 0.9996	 1.00000	6.301e-02	   4.142	  1676.696
 232	116	 7.0824	 1.1295	   1.4800	        1.4710	          0.0090	   1.4800	        1.4710	 1.2292	 2.0000	5.291e+01	 1.0000	 0.9996	 0.9996	 1.00000	6.147e-02	   4.170	  1680.866
 233	117	 7.0378	 1.1287	   1.4799	        1.4710	          0.0089	   1.4799	        1.4710	 1.2290	 2.0000	5.258e+01	 1.0000	 0.9996	 0.9996	 1.00000	6.127e-02	   4.166	  1685.032
 234	117	 7.0712	 1.1286	   1.4800	        1.4710	          0.0090	   1.4800	        1.4710	 1.2284	 2.0000	5.283e+01	 1.0000	 0.9997	 0.9997	 1.00000	6.125e-02	   4.186	  1689.218
 235	118	 7.1169	 1.1337	   1.4804	        1.4710	          0.0094	   1.4804	        1.4710	 1.2281	 2.0000	5.317e+01	 1.0000	 0.9997	 0.9997	 1.00000	6.259e-02	   4.157	  1693.375
 236	118	 7.0438	 1.1271	   1.4799	        1.4710	          0.0088	   1.4799	        1.4710	 1.2276	 2.0000	5.262e+01	 1.0000	 0.9998	 0.9998	 1.00000	6.085e-02	   4.163	  1697.538
 237	119	 7.0093	 1.1272	   1.4798	        1.4710	          0.0088	   1.4798	        1.4710	 1.2274	 2.0000	5.236e+01	 1.0000	 0.9998	 0.9998	 1.00000	6.088e-02	   4.116	  1701.654
 238	119	 7.0297	 1.1261	   1.4798	        1.4710	          0.0088	   1.4798	        1.4710	 1.2268	 2.0000	5.252e+01	 1.0000	 0.9996	 0.9996	 1.00000	6.058e-02	   4.106	  1705.760
 239	120	 7.0150	 1.1288	   1.4799	        1.4710	          0.0089	   1.4799	        1.4710	 1.2265	 2.0000	5.241e+01	 1.0000	 0.9996	 0.9996	 1.00000	6.131e-02	   4.183	  1709.944
 240	120	 7.0119	 1.1251	   1.4797	        1.4710	          0.0087	   1.4797	        1.4710	 1.2260	 2.0000	5.238e+01	 1.0000	 0.9995	 0.9995	 1.00000	6.029e-02	   4.119	  1714.063
 241	121	 7.0399	 1.1272	   1.4798	        1.4710	          0.0088	   1.4798	        1.4710	 1.2258	 2.0000	5.259e+01	 1.0000	 0.9996	 0.9996	 1.00000	6.086e-02	   4.110	  1718.173
 242	121	 6.9861	 1.1241	   1.4796	        1.4710	          0.0086	   1.4796	        1.4710	 1.2253	 2.0000	5.219e+01	 1.0000	 0.9995	 0.9995	 1.00000	6.001e-02	   4.115	  1722.288
 243	122	 6.9835	 1.1291	   1.4799	        1.4710	          0.0089	   1.4799	        1.4710	 1.2250	 2.0000	5.217e+01	 1.0000	 0.9996	 0.9996	 1.00000	6.139e-02	   4.198	  1726.486
 244	122	 6.9689	 1.1229	   1.4795	        1.4710	          0.0085	   1.4795	        1.4710	 1.2245	 2.0000	5.206e+01	 1.0000	 0.9996	 0.9996	 1.00000	5.970e-02	   4.147	  1730.633
 245	123	 6.9869	 1.1237	   1.4796	        1.4710	          0.0086	   1.4796	        1.4710	 1.2244	 2.0000	5.220e+01	 1.0000	 0.9996	 0.9996	 1.00000	5.990e-02	   4.205	  1734.839
 246	123	 6.9465	 1.1223	   1.4794	        1.4710	          0.0084	   1.4794	        1.4710	 1.2238	 2.0000	5.189e+01	 1.0000	 0.9997	 0.9997	 1.00000	5.953e-02	   4.142	  1738.982
 247	124	 6.9402	 1.1247	   1.4796	        1.4710	          0.0086	   1.4796	        1.4710	 1.2235	 2.0000	5.185e+01	 1.0000	 0.9998	 0.9998	 1.00000	6.019e-02	   4.216	  1743.198
 248	124	 6.9286	 1.1214	   1.4793	        1.4710	          0.0083	   1.4793	        1.4710	 1.2231	 2.0000	5.176e+01	 1.0000	 0.9998	 0.9998	 1.00000	5.927e-02	   4.145	  1747.343
 249	125	 6.8850	 1.1205	   1.4792	        1.4710	          0.0082	   1.4792	        1.4710	 1.2228	 2.0000	5.143e+01	 1.0000	 0.9998	 0.9998	 1.00000	5.902e-02	   4.218	  1751.561
 250	125	 6.9152	 1.1208	   1.4793	        1.4710	          0.0083	   1.4793	        1.4710	 1.2224	 2.0000	5.166e+01	 1.0000	 0.9997	 0.9997	 1.00000	5.912e-02	   4.111	  1755.672
 251	126	 6.8919	 1.1194	   1.4792	        1.4710	          0.0082	   1.4792	        1.4710	 1.2221	 2.0000	5.148e+01	 1.0000	 0.9997	 0.9997	 1.00000	5.872e-02	   4.196	  1759.869
 252	126	 6.8985	 1.1202	   1.4792	        1.4710	          0.0082	   1.4792	        1.4710	 1.2217	 2.0000	5.153e+01	 1.0000	 0.9997	 0.9997	 1.00000	5.894e-02	   4.134	  1764.002
 253	127	 6.8690	 1.1193	   1.4791	        1.4710	          0.0081	   1.4791	        1.4710	 1.2213	 2.0000	5.131e+01	 1.0000	 0.9996	 0.9996	 1.00000	5.868e-02	   4.204	  1768.206
 254	127	 6.8829	 1.1195	   1.4792	        1.4710	          0.0082	   1.4792	        1.4710	 1.2210	 2.0000	5.142e+01	 1.0000	 0.9996	 0.9996	 1.00000	5.875e-02	   4.139	  1772.345
 255	128	 6.9195	 1.1215	   1.4793	        1.4710	          0.0083	   1.4793	        1.4710	 1.2210	 2.0000	5.169e+01	 1.0000	 0.9995	 0.9995	 1.00000	5.930e-02	   4.201	  1776.546
 256	128	 6.8539	 1.1191	   1.4791	        1.4710	          0.0081	   1.4791	        1.4710	 1.2203	 2.0000	5.120e+01	 1.0000	 0.9996	 0.9996	 1.00000	5.863e-02	   4.130	  1780.676
 257	129	 6.8313	 1.1181	   1.4790	        1.4710	          0.0080	   1.4790	        1.4710	 1.2200	 2.0000	5.103e+01	 1.0000	 0.9997	 0.9997	 1.00000	5.835e-02	   4.155	  1784.832
 258	129	 6.8382	 1.1183	   1.4790	        1.4710	          0.0080	   1.4790	        1.4710	 1.2197	 2.0000	5.108e+01	 1.0000	 0.9997	 0.9997	 1.00000	5.843e-02	   4.145	  1788.976
 259	130	 6.8196	 1.1133	   1.4787	        1.4710	          0.0077	   1.4787	        1.4710	 1.2193	 2.0000	5.094e+01	 1.0000	 0.9997	 0.9997	 1.00000	5.700e-02	   4.099	  1793.076
 260	130	 6.8221	 1.1179	   1.4790	        1.4710	          0.0080	   1.4790	        1.4710	 1.2190	 2.0000	5.096e+01	 1.0000	 0.9998	 0.9998	 1.00000	5.831e-02	   4.154	  1797.229
 261	131	 6.7966	 1.1142	   1.4787	        1.4710	          0.0077	   1.4787	        1.4710	 1.2187	 2.0000	5.077e+01	 1.0000	 0.9998	 0.9998	 1.00000	5.724e-02	   4.136	  1801.366
 262	131	 6.8057	 1.1174	   1.4789	        1.4710	          0.0079	   1.4789	        1.4710	 1.2184	 2.0000	5.084e+01	 1.0000	 0.9998	 0.9998	 1.00000	5.816e-02	   4.195	  1805.562
 263	132	 6.7925	 1.1148	   1.4788	        1.4710	          0.0078	   1.4788	        1.4710	 1.2182	 2.0000	5.074e+01	 1.0000	 0.9997	 0.9997	 1.00000	5.743e-02	   4.242	  1809.803
 264	132	 6.7853	 1.1169	   1.4789	        1.4710	          0.0079	   1.4789	        1.4710	 1.2177	 2.0000	5.068e+01	 1.0000	 0.9996	 0.9996	 1.00000	5.804e-02	   4.194	  1813.997
 265	133	 6.7861	 1.1215	   1.4792	        1.4710	          0.0082	   1.4792	        1.4710	 1.2175	 2.0000	5.069e+01	 1.0000	 0.9995	 0.9995	 1.00000	5.932e-02	   4.091	  1818.089
 266	133	 6.7640	 1.1159	   1.4788	        1.4710	          0.0078	   1.4788	        1.4710	 1.2171	 2.0000	5.052e+01	 1.0000	 0.9997	 0.9997	 1.00000	5.774e-02	   4.186	  1822.275
 267	134	 6.7520	 1.1149	   1.4787	        1.4710	          0.0077	   1.4787	        1.4710	 1.2169	 2.0000	5.043e+01	 1.0000	 0.9997	 0.9997	 1.00000	5.747e-02	   4.102	  1826.377
 268	134	 6.7461	 1.1152	   1.4787	        1.4710	          0.0077	   1.4787	        1.4710	 1.2165	 2.0000	5.039e+01	 1.0000	 0.9997	 0.9997	 1.00000	5.753e-02	   4.124	  1830.501
 269	135	 6.7440	 1.1108	   1.4785	        1.4710	          0.0075	   1.4785	        1.4710	 1.2163	 2.0000	5.037e+01	 1.0000	 0.9997	 0.9997	 1.00000	5.629e-02	   4.136	  1834.638
 270	135	 6.7263	 1.1148	   1.4787	        1.4710	          0.0077	   1.4787	        1.4710	 1.2159	 2.0000	5.024e+01	 1.0000	 0.9997	 0.9997	 1.00000	5.743e-02	   4.194	  1838.832
 271	136	 6.7553	 1.1142	   1.4787	        1.4710	          0.0077	   1.4787	        1.4710	 1.2156	 2.0000	5.046e+01	 1.0000	 0.9997	 0.9997	 1.00000	5.727e-02	   4.135	  1842.968
 272	136	 6.7031	 1.1141	   1.4786	        1.4710	          0.0076	   1.4786	        1.4710	 1.2153	 2.0000	5.007e+01	 1.0000	 0.9997	 0.9997	 1.00000	5.724e-02	   4.188	  1847.155
 273	137	 6.6941	 1.1152	   1.4787	        1.4710	          0.0077	   1.4787	        1.4710	 1.2152	 2.0000	5.000e+01	 1.0000	 0.9997	 0.9997	 1.00000	5.754e-02	   4.117	  1851.273
 274	137	 6.6857	 1.1135	   1.4786	        1.4710	          0.0076	   1.4786	        1.4710	 1.2147	 2.0000	4.994e+01	 1.0000	 0.9997	 0.9997	 1.00000	5.705e-02	   4.188	  1855.461
 275	138	 6.6427	 1.1120	   1.4784	        1.4710	          0.0074	   1.4784	        1.4710	 1.2146	 2.0000	4.962e+01	 1.0000	 0.9997	 0.9997	 1.00000	5.663e-02	   4.154	  1859.615
 276	138	 6.6740	 1.1131	   1.4785	        1.4710	          0.0075	   1.4785	        1.4710	 1.2142	 2.0000	4.985e+01	 1.0000	 0.9997	 0.9997	 1.00000	5.694e-02	   4.170	  1863.786
 277	139	 6.6499	 1.1175	   1.4787	        1.4710	          0.0077	   1.4787	        1.4710	 1.2139	 2.0000	4.967e+01	 1.0000	 0.9997	 0.9997	 1.00000	5.820e-02	   4.161	  1867.947
 278	139	 6.6584	 1.1122	   1.4784	        1.4710	          0.0074	   1.4784	        1.4710	 1.2136	 2.0000	4.973e+01	 1.0000	 0.9998	 0.9998	 1.00000	5.668e-02	   4.150	  1872.098
 279	140	 6.5972	 1.1133	   1.4784	        1.4710	          0.0074	   1.4784	        1.4710	 1.2135	 2.0000	4.928e+01	 1.0000	 0.9997	 0.9997	 1.00000	5.702e-02	   4.095	  1876.193
 280	140	 6.6483	 1.1116	   1.4784	        1.4710	          0.0074	   1.4784	        1.4710	 1.2130	 2.0000	4.966e+01	 1.0000	 0.9997	 0.9997	 1.00000	5.652e-02	   4.156	  1880.349
 281	141	 6.6575	 1.1131	   1.4785	        1.4710	          0.0075	   1.4785	        1.4710	 1.2128	 2.0000	4.973e+01	 1.0000	 0.9998	 0.9998	 1.00000	5.694e-02	   4.172	  1884.521
 282	141	 6.6244	 1.1109	   1.4783	        1.4710	          0.0073	   1.4783	        1.4710	 1.2125	 2.0000	4.948e+01	 1.0000	 0.9997	 0.9997	 1.00000	5.631e-02	   4.156	  1888.677
 283	142	 6.6088	 1.1133	   1.4784	        1.4710	          0.0074	   1.4784	        1.4710	 1.2123	 2.0000	4.936e+01	 1.0000	 0.9997	 0.9997	 1.00000	5.699e-02	   4.148	  1892.826
 284	142	 6.6066	 1.1102	   1.4783	        1.4710	          0.0073	   1.4783	        1.4710	 1.2119	 2.0000	4.935e+01	 1.0000	 0.9997	 0.9997	 1.00000	5.612e-02	   4.163	  1896.988
 285	143	 6.5489	 1.1147	   1.4784	        1.4710	          0.0074	   1.4784	        1.4710	 1.2119	 2.0000	4.891e+01	 1.0000	 0.9997	 0.9997	 1.00000	5.741e-02	   4.191	  1901.179
 286	143	 6.5961	 1.1096	   1.4782	        1.4710	          0.0072	   1.4782	        1.4710	 1.2114	 2.0000	4.927e+01	 1.0000	 0.9997	 0.9997	 1.00000	5.592e-02	   4.149	  1905.328
 287	144	 6.6151	 1.1017	   1.4778	        1.4710	          0.0068	   1.4778	        1.4710	 1.2112	 2.0000	4.941e+01	 1.0000	 0.9998	 0.9998	 1.00000	5.360e-02	   4.207	  1909.536
 288	144	 6.5717	 1.1097	   1.4782	        1.4710	          0.0072	   1.4782	        1.4710	 1.2109	 2.0000	4.908e+01	 1.0000	 0.9997	 0.9997	 1.00000	5.596e-02	   4.136	  1913.672
 289	145	 6.5595	 1.1114	   1.4783	        1.4710	          0.0073	   1.4783	        1.4710	 1.2107	 2.0000	4.899e+01	 1.0000	 0.9996	 0.9996	 1.00000	5.647e-02	   4.209	  1917.881
 290	145	 6.5548	 1.1090	   1.4781	        1.4710	          0.0071	   1.4781	        1.4710	 1.2104	 2.0000	4.896e+01	 1.0000	 0.9997	 0.9997	 1.00000	5.575e-02	   4.128	  1922.009
 291	146	 6.5200	 1.1118	   1.4782	        1.4710	          0.0072	   1.4782	        1.4710	 1.2103	 2.0000	4.870e+01	 1.0000	 0.9996	 0.9996	 1.00000	5.658e-02	   4.192	  1926.201
 292	146	 6.5394	 1.1083	   1.4781	        1.4710	          0.0071	   1.4781	        1.4710	 1.2099	 2.0000	4.884e+01	 1.0000	 0.9996	 0.9996	 1.00000	5.556e-02	   4.146	  1930.347
 293	147	 6.5500	 1.1076	   1.4780	        1.4710	          0.0070	   1.4780	        1.4710	 1.2097	 2.0000	4.892e+01	 1.0000	 0.9996	 0.9996	 1.00000	5.535e-02	   4.160	  1934.507
 294	147	 6.5174	 1.1079	   1.4780	        1.4710	          0.0070	   1.4780	        1.4710	 1.2094	 2.0000	4.868e+01	 1.0000	 0.9996	 0.9996	 1.00000	5.544e-02	   4.188	  1938.695
 295	148	 6.5356	 1.1084	   1.4781	        1.4710	          0.0071	   1.4781	        1.4710	 1.2092	 2.0000	4.881e+01	 1.0000	 0.9996	 0.9996	 1.00000	5.560e-02	   4.191	  1942.886
 296	148	 6.4974	 1.1073	   1.4780	        1.4710	          0.0070	   1.4780	        1.4710	 1.2089	 2.0000	4.853e+01	 1.0000	 0.9995	 0.9995	 1.00000	5.526e-02	   4.178	  1947.064
 297	149	 6.4895	 1.1044	   1.4778	        1.4710	          0.0068	   1.4778	        1.4710	 1.2087	 2.0000	4.847e+01	 1.0000	 0.9996	 0.9996	 1.00000	5.441e-02	   4.185	  1951.249
 298	149	 6.4822	 1.1071	   1.4779	        1.4710	          0.0069	   1.4779	        1.4710	 1.2084	 2.0000	4.841e+01	 1.0000	 0.9996	 0.9996	 1.00000	5.520e-02	   4.180	  1955.429
 299	150	 6.4390	 1.1105	   1.4781	        1.4710	          0.0071	   1.4781	        1.4710	 1.2082	 2.0000	4.809e+01	 1.0000	 0.9996	 0.9996	 1.00000	5.619e-02	   4.191	  1959.621
 300	150	 6.4719	 1.1065	   1.4779	        1.4710	          0.0069	   1.4779	        1.4710	 1.2079	 2.0000	4.834e+01	 1.0000	 0.9996	 0.9996	 1.00000	5.502e-02	   4.175	  1963.796
 301	151	 6.4418	 1.1035	   1.4777	        1.4710	          0.0067	   1.4777	        1.4710	 1.2077	 2.0000	4.811e+01	 1.0000	 0.9997	 0.9997	 1.00000	5.414e-02	   4.187	  1967.983
 302	151	 6.4583	 1.1062	   1.4778	        1.4710	          0.0068	   1.4778	        1.4710	 1.2074	 2.0000	4.823e+01	 1.0000	 0.9997	 0.9997	 1.00000	5.496e-02	   4.159	  1972.142
 303	152	 6.4743	 1.1048	   1.4778	        1.4710	          0.0068	   1.4778	        1.4710	 1.2073	 2.0000	4.836e+01	 1.0000	 0.9996	 0.9996	 1.00000	5.454e-02	   4.209	  1976.351
 304	152	 6.4370	 1.1059	   1.4778	        1.4710	          0.0068	   1.4778	        1.4710	 1.2070	 2.0000	4.808e+01	 1.0000	 0.9996	 0.9996	 1.00000	5.485e-02	   4.184	  1980.536
 305	153	 6.4539	 1.1122	   1.4782	        1.4710	          0.0072	   1.4782	        1.4710	 1.2069	 2.0000	4.820e+01	 1.0000	 0.9995	 0.9995	 1.00000	5.670e-02	   4.168	  1984.704
 306	153	 6.4175	 1.1051	   1.4777	        1.4710	          0.0067	   1.4777	        1.4710	 1.2065	 2.0000	4.793e+01	 1.0000	 0.9995	 0.9995	 1.00000	5.463e-02	   4.201	  1988.905
 307	154	 6.4567	 1.0987	   1.4774	        1.4710	          0.0064	   1.4774	        1.4710	 1.2064	 2.0000	4.822e+01	 1.0000	 0.9996	 0.9996	 1.00000	5.270e-02	   4.180	  1993.085
 308	154	 6.3949	 1.1053	   1.4777	        1.4710	          0.0067	   1.4777	        1.4710	 1.2061	 2.0000	4.776e+01	 1.0000	 0.9996	 0.9996	 1.00000	5.469e-02	   4.174	  1997.260
 309	155	 6.3589	 1.1069	   1.4777	        1.4710	          0.0067	   1.4777	        1.4710	 1.2059	 2.0000	4.749e+01	 1.0000	 0.9996	 0.9996	 1.00000	5.517e-02	   4.157	  2001.416
 310	155	 6.3855	 1.1048	   1.4777	        1.4710	          0.0067	   1.4777	        1.4710	 1.2056	 2.0000	4.769e+01	 1.0000	 0.9997	 0.9997	 1.00000	5.453e-02	   4.170	  2005.587
 311	156	 6.3589	 1.1101	   1.4779	        1.4710	          0.0069	   1.4779	        1.4710	 1.2055	 2.0000	4.749e+01	 1.0000	 0.9996	 0.9996	 1.00000	5.607e-02	   4.151	  2009.738
 312	156	 6.3731	 1.1041	   1.4776	        1.4710	          0.0066	   1.4776	        1.4710	 1.2052	 2.0000	4.760e+01	 1.0000	 0.9997	 0.9997	 1.00000	5.433e-02	   4.228	  2013.966
 313	157	 6.4047	 1.1052	   1.4777	        1.4710	          0.0067	   1.4777	        1.4710	 1.2050	 2.0000	4.783e+01	 1.0000	 0.9997	 0.9997	 1.00000	5.465e-02	   4.175	  2018.142
 314	157	 6.3509	 1.1036	   1.4776	        1.4710	          0.0066	   1.4776	        1.4710	 1.2047	 2.0000	4.743e+01	 1.0000	 0.9997	 0.9997	 1.00000	5.419e-02	   4.180	  2022.322
 315	158	 6.2999	 1.1009	   1.4773	        1.4710	          0.0063	   1.4773	        1.4710	 1.2047	 2.0000	4.705e+01	 1.0000	 0.9997	 0.9997	 1.00000	5.338e-02	   4.190	  2026.512
 316	158	 6.3442	 1.1037	   1.4775	        1.4710	          0.0065	   1.4775	        1.4710	 1.2043	 2.0000	4.738e+01	 1.0000	 0.9996	 0.9996	 1.00000	5.420e-02	   4.189	  2030.701
 317	159	 6.3413	 1.1049	   1.4776	        1.4710	          0.0066	   1.4776	        1.4710	 1.2042	 2.0000	4.736e+01	 1.0000	 0.9997	 0.9997	 1.00000	5.456e-02	   4.187	  2034.889
 318	159	 6.3262	 1.1031	   1.4775	        1.4710	          0.0065	   1.4775	        1.4710	 1.2039	 2.0000	4.725e+01	 1.0000	 0.9997	 0.9997	 1.00000	5.404e-02	   4.183	  2039.072
 319	160	 6.3095	 1.1005	   1.4773	        1.4710	          0.0063	   1.4773	        1.4710	 1.2038	 2.0000	4.712e+01	 1.0000	 0.9996	 0.9996	 1.00000	5.324e-02	   4.190	  2043.262
 320	160	 6.3124	 1.1031	   1.4775	        1.4710	          0.0065	   1.4775	        1.4710	 1.2035	 2.0000	4.714e+01	 1.0000	 0.9997	 0.9997	 1.00000	5.402e-02	   4.184	  2047.446
 321	161	 6.2977	 1.1065	   1.4776	        1.4710	          0.0066	   1.4776	        1.4710	 1.2033	 2.0000	4.703e+01	 1.0000	 0.9997	 0.9997	 1.00000	5.503e-02	   4.182	  2051.629
 322	161	 6.2989	 1.1024	   1.4774	        1.4710	          0.0064	   1.4774	        1.4710	 1.2031	 2.0000	4.704e+01	 1.0000	 0.9997	 0.9997	 1.00000	5.382e-02	   4.189	  2055.818
 323	162	 6.2573	 1.0974	   1.4771	        1.4710	          0.0061	   1.4771	        1.4710	 1.2030	 2.0000	4.673e+01	 1.0000	 0.9997	 0.9997	 1.00000	5.233e-02	   4.177	  2059.995
 324	162	 6.2898	 1.1026	   1.4774	        1.4710	          0.0064	   1.4774	        1.4710	 1.2026	 2.0000	4.697e+01	 1.0000	 0.9997	 0.9997	 1.00000	5.388e-02	   4.190	  2064.185
 325	163	 6.2666	 1.1056	   1.4776	        1.4710	          0.0066	   1.4776	        1.4710	 1.2026	 2.0000	4.680e+01	 1.0000	 0.9998	 0.9998	 1.00000	5.479e-02	   4.175	  2068.360
 326	163	 6.2746	 1.1021	   1.4774	        1.4710	          0.0064	   1.4774	        1.4710	 1.2022	 2.0000	4.686e+01	 1.0000	 0.9998	 0.9998	 1.00000	5.372e-02	   4.174	  2072.535
 327	164	 6.2698	 1.1019	   1.4774	        1.4710	          0.0063	   1.4774	        1.4710	 1.2022	 2.0000	4.682e+01	 1.0000	 0.9997	 0.9997	 1.00000	5.366e-02	   4.197	  2076.732
 328	164	 6.2563	 1.1016	   1.4773	        1.4710	          0.0063	   1.4773	        1.4710	 1.2018	 2.0000	4.672e+01	 1.0000	 0.9997	 0.9997	 1.00000	5.359e-02	   4.185	  2080.917
 329	165	 6.2121	 1.0972	   1.4770	        1.4710	          0.0060	   1.4770	        1.4710	 1.2017	 2.0000	4.639e+01	 1.0000	 0.9996	 0.9996	 1.00000	5.226e-02	   4.171	  2085.088
 330	165	 6.2458	 1.1016	   1.4773	        1.4710	          0.0063	   1.4773	        1.4710	 1.2015	 2.0000	4.664e+01	 1.0000	 0.9997	 0.9997	 1.00000	5.359e-02	   4.181	  2089.269
 331	166	 6.1921	 1.1014	   1.4772	        1.4710	          0.0062	   1.4772	        1.4710	 1.2013	 2.0000	4.624e+01	 1.0000	 0.9997	 0.9997	 1.00000	5.351e-02	   4.180	  2093.449
 332	166	 6.2356	 1.1013	   1.4773	        1.4710	          0.0063	   1.4773	        1.4710	 1.2011	 2.0000	4.657e+01	 1.0000	 0.9997	 0.9997	 1.00000	5.348e-02	   4.183	  2097.632
 333	167	 6.1800	 1.0998	   1.4771	        1.4710	          0.0061	   1.4771	        1.4710	 1.2010	 2.0000	4.615e+01	 1.0000	 0.9997	 0.9997	 1.00000	5.306e-02	   4.185	  2101.818
 334	167	 6.2224	 1.1011	   1.4772	        1.4710	          0.0062	   1.4772	        1.4710	 1.2007	 2.0000	4.647e+01	 1.0000	 0.9997	 0.9997	 1.00000	5.345e-02	   4.187	  2106.005
 335	168	 6.1843	 1.1003	   1.4772	        1.4710	          0.0062	   1.4772	        1.4710	 1.2006	 2.0000	4.618e+01	 1.0000	 0.9998	 0.9998	 1.00000	5.319e-02	   4.184	  2110.188
 336	168	 6.2081	 1.1008	   1.4772	        1.4710	          0.0062	   1.4772	        1.4710	 1.2003	 2.0000	4.636e+01	 1.0000	 0.9997	 0.9997	 1.00000	5.335e-02	   4.193	  2114.381
 337	169	 6.2030	 1.1030	   1.4773	        1.4710	          0.0063	   1.4773	        1.4710	 1.2003	 2.0000	4.632e+01	 1.0000	 0.9998	 0.9998	 1.00000	5.400e-02	   4.178	  2118.559
 338	169	 6.1879	 1.1002	   1.4772	        1.4710	          0.0062	   1.4772	        1.4710	 1.1999	 2.0000	4.621e+01	 1.0000	 0.9998	 0.9998	 1.00000	5.318e-02	   4.169	  2122.728
 339	170	 6.1732	 1.0961	   1.4769	        1.4710	          0.0059	   1.4769	        1.4710	 1.1998	 2.0000	4.610e+01	 1.0000	 0.9998	 0.9998	 1.00000	5.192e-02	   4.202	  2126.930
 340	170	 6.1722	 1.1002	   1.4771	        1.4710	          0.0061	   1.4771	        1.4710	 1.1996	 2.0000	4.609e+01	 1.0000	 0.9998	 0.9998	 1.00000	5.315e-02	   4.187	  2131.117
 341	171	 6.1766	 1.0957	   1.4769	        1.4710	          0.0059	   1.4769	        1.4710	 1.1994	 2.0000	4.613e+01	 1.0000	 0.9998	 0.9998	 1.00000	5.179e-02	   4.162	  2135.280
 342	171	 6.1542	 1.1002	   1.4771	        1.4710	          0.0061	   1.4771	        1.4710	 1.1992	 2.0000	4.596e+01	 1.0000	 0.9997	 0.9997	 1.00000	5.316e-02	   4.196	  2139.476
 343	172	 6.1967	 1.0976	   1.4770	        1.4710	          0.0060	   1.4770	        1.4710	 1.1992	 2.0000	4.628e+01	 1.0000	 0.9997	 0.9997	 1.00000	5.237e-02	   4.191	  2143.668
 344	172	 6.1311	 1.0999	   1.4771	        1.4710	          0.0061	   1.4771	        1.4710	 1.1989	 2.0000	4.579e+01	 1.0000	 0.9996	 0.9996	 1.00000	5.307e-02	   4.183	  2147.851
 345	173	 6.1708	 1.0967	   1.4769	        1.4710	          0.0059	   1.4769	        1.4710	 1.1987	 2.0000	4.608e+01	 1.0000	 0.9997	 0.9997	 1.00000	5.210e-02	   4.270	  2152.121
 346	173	 6.1128	 1.0997	   1.4770	        1.4710	          0.0060	   1.4770	        1.4710	 1.1985	 2.0000	4.565e+01	 1.0000	 0.9997	 0.9997	 1.00000	5.301e-02	   4.200	  2156.321
 347	174	 6.0972	 1.0959	   1.4768	        1.4710	          0.0058	   1.4768	        1.4710	 1.1984	 2.0000	4.553e+01	 1.0000	 0.9997	 0.9997	 1.00000	5.185e-02	   4.208	  2160.529
 348	174	 6.1017	 1.0996	   1.4770	        1.4710	          0.0060	   1.4770	        1.4710	 1.1981	 2.0000	4.557e+01	 1.0000	 0.9997	 0.9997	 1.00000	5.298e-02	   4.198	  2164.727
 349	175	 6.0714	 1.0963	   1.4768	        1.4710	          0.0058	   1.4768	        1.4710	 1.1980	 2.0000	4.534e+01	 1.0000	 0.9997	 0.9997	 1.00000	5.199e-02	   4.199	  2168.926
 350	175	 6.0956	 1.0994	   1.4770	        1.4710	          0.0060	   1.4770	        1.4710	 1.1978	 2.0000	4.552e+01	 1.0000	 0.9997	 0.9997	 1.00000	5.293e-02	   4.145	  2173.071
 351	176	 6.1097	 1.0989	   1.4770	        1.4710	          0.0060	   1.4770	        1.4710	 1.1977	 2.0000	4.563e+01	 1.0000	 0.9996	 0.9996	 1.00000	5.277e-02	   4.260	  2177.331
 352	176	 6.0781	 1.0989	   1.4769	        1.4710	          0.0059	   1.4769	        1.4710	 1.1975	 2.0000	4.539e+01	 1.0000	 0.9997	 0.9997	 1.00000	5.278e-02	   4.176	  2181.508
 353	177	 6.0461	 1.1023	   1.4771	        1.4710	          0.0061	   1.4771	        1.4710	 1.1974	 2.0000	4.515e+01	 1.0000	 0.9997	 0.9997	 1.00000	5.379e-02	   4.174	  2185.682
 354	177	 6.0696	 1.0983	   1.4769	        1.4710	          0.0059	   1.4769	        1.4710	 1.1971	 2.0000	4.532e+01	 1.0000	 0.9997	 0.9997	 1.00000	5.258e-02	   4.207	  2189.889
 355	178	 6.0489	 1.0911	   1.4765	        1.4710	          0.0055	   1.4765	        1.4710	 1.1970	 2.0000	4.517e+01	 1.0000	 0.9997	 0.9997	 1.00000	5.036e-02	   4.207	  2194.096
 356	178	 6.0585	 1.0984	   1.4769	        1.4710	          0.0059	   1.4769	        1.4710	 1.1968	 2.0000	4.524e+01	 1.0000	 0.9996	 0.9996	 1.00000	5.264e-02	   4.215	  2198.311
 357	179	 6.0247	 1.0980	   1.4768	        1.4710	          0.0058	   1.4768	        1.4710	 1.1967	 2.0000	4.499e+01	 1.0000	 0.9995	 0.9995	 1.00000	5.249e-02	   4.215	  2202.526
 358	179	 6.0485	 1.0980	   1.4768	        1.4710	          0.0058	   1.4768	        1.4710	 1.1965	 2.0000	4.517e+01	 1.0000	 0.9995	 0.9995	 1.00000	5.251e-02	   4.214	  2206.740
 359	180	 6.0664	 1.0973	   1.4768	        1.4710	          0.0058	   1.4768	        1.4710	 1.1964	 2.0000	4.530e+01	 1.0000	 0.9997	 0.9997	 1.00000	5.229e-02	   4.172	  2210.912
 360	180	 6.0296	 1.0975	   1.4768	        1.4710	          0.0058	   1.4768	        1.4710	 1.1961	 2.0000	4.503e+01	 1.0000	 0.9998	 0.9998	 1.00000	5.236e-02	   4.237	  2215.150
 361	181	 6.0580	 1.0993	   1.4769	        1.4710	          0.0059	   1.4769	        1.4710	 1.1961	 2.0000	4.524e+01	 1.0000	 0.9997	 0.9997	 1.00000	5.289e-02	   4.198	  2219.348
 362	181	 6.0103	 1.0970	   1.4767	        1.4710	          0.0057	   1.4767	        1.4710	 1.1958	 2.0000	4.488e+01	 1.0000	 0.9996	 0.9996	 1.00000	5.221e-02	   4.187	  2223.535
 363	182	 5.9939	 1.0979	   1.4768	        1.4710	          0.0058	   1.4768	        1.4710	 1.1958	 2.0000	4.476e+01	 1.0000	 0.9996	 0.9996	 1.00000	5.246e-02	   4.173	  2227.708
 364	182	 6.0003	 1.0967	   1.4767	        1.4710	          0.0057	   1.4767	        1.4710	 1.1955	 2.0000	4.481e+01	 1.0000	 0.9996	 0.9996	 1.00000	5.210e-02	   4.222	  2231.930
 365	183	 5.9938	 1.0942	   1.4766	        1.4710	          0.0056	   1.4766	        1.4710	 1.1953	 2.0000	4.476e+01	 1.0000	 0.9996	 0.9996	 1.00000	5.133e-02	   4.199	  2236.130
 366	183	 5.9889	 1.0965	   1.4767	        1.4710	          0.0057	   1.4767	        1.4710	 1.1952	 2.0000	4.472e+01	 1.0000	 0.9996	 0.9996	 1.00000	5.205e-02	   4.188	  2240.318
 367	184	 6.0229	 1.1011	   1.4770	        1.4710	          0.0060	   1.4770	        1.4710	 1.1952	 2.0000	4.498e+01	 1.0000	 0.9997	 0.9997	 1.00000	5.344e-02	   4.188	  2244.506
 368	184	 5.9700	 1.0960	   1.4766	        1.4710	          0.0056	   1.4766	        1.4710	 1.1949	 2.0000	4.458e+01	 1.0000	 0.9997	 0.9997	 1.00000	5.188e-02	   4.242	  2248.748
 369	185	 5.9827	 1.0923	   1.4765	        1.4710	          0.0055	   1.4765	        1.4710	 1.1948	 2.0000	4.467e+01	 1.0000	 0.9998	 0.9998	 1.00000	5.076e-02	   4.159	  2252.907
 370	185	 5.9552	 1.0959	   1.4766	        1.4710	          0.0056	   1.4766	        1.4710	 1.1946	 2.0000	4.447e+01	 1.0000	 0.9997	 0.9997	 1.00000	5.186e-02	   4.267	  2257.175
 371	186	 5.9289	 1.0949	   1.4765	        1.4710	          0.0055	   1.4765	        1.4710	 1.1945	 2.0000	4.427e+01	 1.0000	 0.9998	 0.9998	 1.00000	5.154e-02	   4.175	  2261.350
 372	186	 5.9481	 1.0957	   1.4766	        1.4710	          0.0056	   1.4766	        1.4710	 1.1942	 2.0000	4.442e+01	 1.0000	 0.9998	 0.9998	 1.00000	5.181e-02	   4.251	  2265.602
 373	187	 5.9366	 1.0897	   1.4763	        1.4710	          0.0053	   1.4763	        1.4710	 1.1942	 2.0000	4.433e+01	 1.0000	 0.9998	 0.9998	 1.00000	4.994e-02	   4.173	  2269.775
 374	187	 5.9371	 1.0959	   1.4766	        1.4710	          0.0056	   1.4766	        1.4710	 1.1939	 2.0000	4.433e+01	 1.0000	 0.9998	 0.9998	 1.00000	5.186e-02	   4.250	  2274.025
 375	188	 5.9197	 1.1001	   1.4768	        1.4710	          0.0058	   1.4768	        1.4710	 1.1939	 2.0000	4.420e+01	 1.0000	 0.9998	 0.9998	 1.00000	5.314e-02	   4.145	  2278.170
 376	188	 5.9271	 1.0953	   1.4765	        1.4710	          0.0055	   1.4765	        1.4710	 1.1937	 2.0000	4.426e+01	 1.0000	 0.9998	 0.9998	 1.00000	5.169e-02	   4.257	  2282.427
 377	189	 5.9276	 1.0904	   1.4763	        1.4710	          0.0053	   1.4763	        1.4710	 1.1936	 2.0000	4.426e+01	 1.0000	 0.9998	 0.9998	 1.00000	5.017e-02	   4.173	  2286.600
 378	189	 5.9130	 1.0954	   1.4765	        1.4710	          0.0055	   1.4765	        1.4710	 1.1934	 2.0000	4.415e+01	 1.0000	 0.9998	 0.9998	 1.00000	5.171e-02	   4.249	  2290.850
 379	190	 5.9345	 1.0980	   1.4767	        1.4710	          0.0057	   1.4767	        1.4710	 1.1933	 2.0000	4.432e+01	 1.0000	 0.9998	 0.9998	 1.00000	5.251e-02	   4.168	  2295.018
 380	190	 5.8971	 1.0948	   1.4765	        1.4710	          0.0055	   1.4765	        1.4710	 1.1931	 2.0000	4.403e+01	 1.0000	 0.9998	 0.9998	 1.00000	5.154e-02	   4.257	  2299.275
 381	191	 5.8959	 1.0961	   1.4765	        1.4710	          0.0055	   1.4765	        1.4710	 1.1930	 2.0000	4.403e+01	 1.0000	 0.9998	 0.9998	 1.00000	5.194e-02	   4.188	  2303.463
 382	191	 5.8858	 1.0945	   1.4764	        1.4710	          0.0054	   1.4764	        1.4710	 1.1928	 2.0000	4.395e+01	 1.0000	 0.9998	 0.9998	 1.00000	5.143e-02	   4.242	  2307.706
 383	192	 5.9093	 1.0967	   1.4766	        1.4710	          0.0056	   1.4766	        1.4710	 1.1927	 2.0000	4.413e+01	 1.0000	 0.9997	 0.9997	 1.00000	5.209e-02	   4.184	  2311.890
 384	192	 5.8705	 1.0940	   1.4764	        1.4710	          0.0054	   1.4764	        1.4710	 1.1925	 2.0000	4.383e+01	 1.0000	 0.9998	 0.9998	 1.00000	5.128e-02	   4.231	  2316.120
 385	193	 5.8521	 1.0918	   1.4763	        1.4710	          0.0053	   1.4763	        1.4710	 1.1924	 2.0000	4.370e+01	 1.0000	 0.9998	 0.9998	 1.00000	5.060e-02	   4.173	  2320.293
 386	193	 5.8620	 1.0939	   1.4764	        1.4710	          0.0054	   1.4764	        1.4710	 1.1922	 2.0000	4.377e+01	 1.0000	 0.9998	 0.9998	 1.00000	5.126e-02	   4.239	  2324.533
 387	194	 5.9096	 1.0903	   1.4763	        1.4710	          0.0053	   1.4763	        1.4710	 1.1923	 2.0000	4.413e+01	 1.0000	 0.9998	 0.9998	 1.00000	5.014e-02	   4.165	  2328.698
 388	194	 5.8427	 1.0942	   1.4764	        1.4710	          0.0054	   1.4764	        1.4710	 1.1919	 2.0000	4.363e+01	 1.0000	 0.9998	 0.9998	 1.00000	5.135e-02	   4.246	  2332.944
 389	195	 5.8845	 1.0966	   1.4766	        1.4710	          0.0056	   1.4766	        1.4710	 1.1919	 2.0000	4.394e+01	 1.0000	 0.9998	 0.9998	 1.00000	5.208e-02	   4.170	  2337.114
 390	195	 5.8255	 1.0938	   1.4763	        1.4710	          0.0053	   1.4763	        1.4710	 1.1917	 2.0000	4.350e+01	 1.0000	 0.9997	 0.9997	 1.00000	5.122e-02	   4.223	  2341.337
 391	196	 5.8573	 1.0930	   1.4763	        1.4710	          0.0053	   1.4763	        1.4710	 1.1916	 2.0000	4.374e+01	 1.0000	 0.9997	 0.9997	 1.00000	5.098e-02	   4.173	  2345.510
 392	196	 5.8131	 1.0935	   1.4763	        1.4710	          0.0053	   1.4763	        1.4710	 1.1914	 2.0000	4.341e+01	 1.0000	 0.9996	 0.9996	 1.00000	5.113e-02	   4.259	  2349.769
 393	197	 5.8145	 1.0925	   1.4763	        1.4710	          0.0053	   1.4763	        1.4710	 1.1912	 2.0000	4.342e+01	 1.0000	 0.9997	 0.9997	 1.00000	5.082e-02	   4.183	  2353.952
 394	197	 5.8060	 1.0933	   1.4763	        1.4710	          0.0053	   1.4763	        1.4710	 1.1911	 2.0000	4.335e+01	 1.0000	 0.9997	 0.9997	 1.00000	5.105e-02	   4.238	  2358.190
 395	198	 5.8639	 1.0859	   1.4760	        1.4710	          0.0050	   1.4760	        1.4710	 1.1911	 2.0000	4.379e+01	 1.0000	 0.9998	 0.9998	 1.00000	4.875e-02	   4.176	  2362.366
 396	198	 5.7872	 1.0938	   1.4763	        1.4710	          0.0053	   1.4763	        1.4710	 1.1909	 2.0000	4.321e+01	 1.0000	 0.9997	 0.9997	 1.00000	5.120e-02	   4.223	  2366.589
 397	199	 5.7546	 1.0954	   1.4763	        1.4710	          0.0053	   1.4763	        1.4710	 1.1908	 2.0000	4.297e+01	 1.0000	 0.9996	 0.9996	 1.00000	5.170e-02	   4.166	  2370.756
 398	199	 5.7846	 1.0934	   1.4763	        1.4710	          0.0053	   1.4763	        1.4710	 1.1906	 2.0000	4.319e+01	 1.0000	 0.9996	 0.9996	 1.00000	5.108e-02	   4.250	  2375.007
 399	200	 5.7879	 1.0921	   1.4762	        1.4710	          0.0052	   1.4762	        1.4710	 1.1905	 2.0000	4.322e+01	 1.0000	 0.9997	 0.9997	 1.00000	5.068e-02	   4.148	  2379.155
 400	200	 5.7733	 1.0931	   1.4762	        1.4710	          0.0052	   1.4762	        1.4710	 1.1903	 2.0000	4.311e+01	 1.0000	 0.9997	 0.9997	 1.00000	5.102e-02	   4.262	  2383.417

[MINIMAX] Finished on device cuda -> σ_f² ≈ 5.7733, σ_ε² ≈ 1.0931
